# total modes from dos = 5.9999937819e+00
# ZPE = 5.3050384716e-03 Ry/cell
# Multiply by 13.6058 to have energies in eV/cell etc..
# Multiply by 13.6058 x 23060.35 = 313 754.5 to have energies in cal/(N mol).
# Multiply by 13.6058 x 96526.0 = 1 313 313 to have energies in J/(N mol).
# N is the number of formula units per cell.
#
# T (K) 	Evib (Ry/cell)	Fvib (Ry/cell)	Svib (Ry/cell/K)	Cvib (Ry/cell/K)
1.0000000000e+00	5.3050384824e-03	5.3050384070e-03	7.5465323660e-11	3.1118789516e-11
2.0000000000e+00	5.3050385767e-03	5.3050383071e-03	1.3478948224e-10	1.8904948179e-10
3.0000000000e+00	5.3050389447e-03	5.3050381093e-03	2.7848625826e-10	5.9958782521e-10
4.0000000000e+00	5.3050399021e-03	5.3050377081e-03	5.4852346451e-10	1.3889108101e-09
5.0000000000e+00	5.3050418911e-03	5.3050369561e-03	9.8700297827e-10	2.6839011306e-09
6.0000000000e+00	5.3050454812e-03	5.3050356638e-03	1.6362324137e-09	4.6127051425e-09
7.0000000000e+00	5.3050513712e-03	5.3050335992e-03	2.5388666170e-09	7.3057770974e-09
8.0000000000e+00	5.3050603922e-03	5.3050304872e-03	3.7381251376e-09	1.0897408955e-08
9.0000000000e+00	5.3050735123e-03	5.3050260094e-03	5.2781002702e-09	1.5527984529e-08
1.0000000000e+01	5.3050918443e-03	5.3050198023e-03	7.2042027985e-09	2.1347578983e-08
1.1000000000e+01	5.3051166587e-03	5.3050114565e-03	9.5638428297e-09	2.8521975242e-08
1.2000000000e+01	5.3051494031e-03	5.3050005133e-03	1.2407481620e-08	3.7242132752e-08
1.3000000000e+01	5.3051917340e-03	5.3049864619e-03	1.5790165029e-08	4.7737176416e-08
1.4000000000e+01	5.3052455625e-03	5.3049687329e-03	1.9773540881e-08	6.0289421955e-08
1.5000000000e+01	5.3053131144e-03	5.3049466912e-03	2.4428212130e-08	7.5248715719e-08
1.6000000000e+01	5.3053970040e-03	5.3049196255e-03	2.9836154049e-08	9.3043093559e-08
1.7000000000e+01	5.3055003150e-03	5.3048867361e-03	3.6092874207e-08	1.1418346627e-07
1.8000000000e+01	5.3056266826e-03	5.3048471201e-03	4.3309025373e-08	1.3926128028e-07
1.9000000000e+01	5.3057803703e-03	5.3047997562e-03	5.1611269269e-08	1.6893937188e-07
2.0000000000e+01	5.3059663342e-03	5.3047434882e-03	6.1142299145e-08	2.0393719151e-07
2.1000000000e+01	5.3061902702e-03	5.3046770095e-03	7.2060032629e-08	2.4501210130e-07
2.2000000000e+01	5.3064586423e-03	5.3045988488e-03	8.4536066317e-08	2.9293858177e-07
2.3000000000e+01	5.3067786883e-03	5.3045073570e-03	9.8753534341e-08	3.4848703508e-07
2.4000000000e+01	5.3071584062e-03	5.3044006973e-03	1.1490453649e-07	4.1240356454e-07
2.5000000000e+01	5.3076065200e-03	5.3042768374e-03	1.3318730311e-07	4.8539174391e-07
2.6000000000e+01	5.3081324295e-03	5.3041335450e-03	1.5380325078e-07	5.6809703266e-07
2.7000000000e+01	5.3087461456e-03	5.3039683859e-03	1.7695406084e-07	6.6109418225e-07
2.8000000000e+01	5.3094582143e-03	5.3037787255e-03	2.0283888699e-07	7.6487773004e-07
2.9000000000e+01	5.3102796334e-03	5.3035617320e-03	2.3165177215e-07	8.7985549204e-07
3.0000000000e+01	5.3112217635e-03	5.3033143836e-03	2.6357933033e-07	1.0063448381e-06
3.1000000000e+01	5.3122962365e-03	5.3030334760e-03	2.9879872798e-07	1.1445714534e-06
3.2000000000e+01	5.3135148648e-03	5.3027156334e-03	3.3747598138e-07	1.2946702467e-06
3.3000000000e+01	5.3148895510e-03	5.3023573201e-03	3.7976457252e-07	1.4566880549e-06
3.4000000000e+01	5.3164322024e-03	5.3019548537e-03	4.2580437475e-07	1.6305877938e-06
3.5000000000e+01	5.3181546494e-03	5.3015044189e-03	4.7572087146e-07	1.8162537324e-06
3.6000000000e+01	5.3200685699e-03	5.3010020826e-03	5.2962464581e-07	2.0134975886e-06
3.7000000000e+01	5.3221854198e-03	5.3004438086e-03	5.8761111546e-07	2.2220651829e-06
3.8000000000e+01	5.3245163711e-03	5.2998254726e-03	6.4976048517e-07	2.4416434197e-06
3.9000000000e+01	5.3270722558e-03	5.2991428781e-03	7.1613788892e-07	2.6718673984e-06
4.0000000000e+01	5.3298635183e-03	5.2983917705e-03	7.8679369409e-07	2.9123274954e-06
4.1000000000e+01	5.3329001740e-03	5.2975678524e-03	8.6176394121e-07	3.1625762815e-06
4.2000000000e+01	5.3361917745e-03	5.2966667969e-03	9.4107089449e-07	3.4221351756e-06
4.3000000000e+01	5.3397473801e-03	5.2956842619e-03	1.0247236802e-06	3.6905007529e-06
4.4000000000e+01	5.3435755376e-03	5.2946159019e-03	1.1127189923e-06	3.9671506532e-06
4.5000000000e+01	5.3476842643e-03	5.2934573812e-03	1.2050418467e-06	4.2515490509e-06
4.6000000000e+01	5.3520810372e-03	5.2922043843e-03	1.3016663676e-06	4.5431516644e-06
4.7000000000e+01	5.3567727863e-03	5.2908526265e-03	1.4025565923e-06	4.8414102954e-06
4.8000000000e+01	5.3617658937e-03	5.2893978642e-03	1.5076672822e-06	5.1457769007e-06
4.9000000000e+01	5.3670661946e-03	5.2878359029e-03	1.6169447285e-06	5.4557072050e-06
5.0000000000e+01	5.3726789835e-03	5.2861626062e-03	1.7303275459e-06	5.7706638719e-06
5.1000000000e+01	5.3786090218e-03	5.2843739021e-03	1.8477474458e-06	6.0901192539e-06
5.2000000000e+01	5.3848605495e-03	5.2824657903e-03	1.9691299843e-06	6.4135577458e-06
5.3000000000e+01	5.3914372976e-03	5.2804343478e-03	2.0943952799e-06	6.7404777687e-06
5.4000000000e+01	5.3983425034e-03	5.2782757337e-03	2.2234586984e-06	7.0703934124e-06
5.5000000000e+01	5.4055789265e-03	5.2759861939e-03	2.3562315017e-06	7.4028357652e-06
5.6000000000e+01	5.4131488667e-03	5.2735620649e-03	2.4926214596e-06	7.7373539586e-06
5.7000000000e+01	5.4210541821e-03	5.2709997770e-03	2.6325334242e-06	8.0735159569e-06
5.8000000000e+01	5.4292963088e-03	5.2682958566e-03	2.7758698652e-06	8.4109091156e-06
5.9000000000e+01	5.4378762796e-03	5.2654469289e-03	2.9225313679e-06	8.7491405373e-06
6.0000000000e+01	5.4467947447e-03	5.2624497191e-03	3.0724170936e-06	9.0878372473e-06
6.1000000000e+01	5.4560519913e-03	5.2593010539e-03	3.2254252031e-06	9.4266462115e-06
6.2000000000e+01	5.4656479633e-03	5.2559978620e-03	3.3814532455e-06	9.7652342198e-06
6.3000000000e+01	5.4755822813e-03	5.2525371750e-03	3.5403985130e-06	1.0103287651e-05
6.4000000000e+01	5.4858542620e-03	5.2489161268e-03	3.7021583628e-06	1.0440512138e-05
6.5000000000e+01	5.4964629372e-03	5.2451319542e-03	3.8666305085e-06	1.0776632156e-05
6.6000000000e+01	5.5074070723e-03	5.2411819956e-03	4.0337132828e-06	1.1111390529e-05
6.7000000000e+01	5.5186851844e-03	5.2370636910e-03	4.2033058718e-06	1.1444547896e-05
6.8000000000e+01	5.5302955602e-03	5.2327745805e-03	4.3753085242e-06	1.1775882123e-05
6.9000000000e+01	5.5422362723e-03	5.2283123034e-03	4.5496227363e-06	1.2105187683e-05
7.0000000000e+01	5.5545051959e-03	5.2236745969e-03	4.7261514149e-06	1.2432275017e-05
7.1000000000e+01	5.5671000246e-03	5.2188592943e-03	4.9047990184e-06	1.2756969867e-05
7.2000000000e+01	5.5800182848e-03	5.2138643239e-03	5.0854716799e-06	1.3079112613e-05
7.3000000000e+01	5.5932573505e-03	5.2086877067e-03	5.2680773122e-06	1.3398557593e-05
7.4000000000e+01	5.6068144565e-03	5.2033275550e-03	5.4525256956e-06	1.3715172435e-05
7.5000000000e+01	5.6206867119e-03	5.1977820705e-03	5.6387285523e-06	1.4028837390e-05
7.6000000000e+01	5.6348711119e-03	5.1920495419e-03	5.8265996060e-06	1.4339444672e-05
7.7000000000e+01	5.6493645497e-03	5.1861283433e-03	6.0160546292e-06	1.4646897815e-05
7.8000000000e+01	5.6641638275e-03	5.1800169320e-03	6.2070114800e-06	1.4951111045e-05
7.9000000000e+01	5.6792656665e-03	5.1737138464e-03	6.3993901278e-06	1.5252008664e-05
8.0000000000e+01	5.6946667174e-03	5.1672177038e-03	6.5931126699e-06	1.5549524461e-05
8.1000000000e+01	5.7103635690e-03	5.1605271984e-03	6.7881033405e-06	1.5843601132e-05
8.2000000000e+01	5.7263527569e-03	5.1536410990e-03	6.9842885111e-06	1.6134189734e-05
8.3000000000e+01	5.7426307720e-03	5.1465582471e-03	7.1815966856e-06	1.6421249147e-05
8.4000000000e+01	5.7591940675e-03	5.1392775544e-03	7.3799584883e-06	1.6704745569e-05
8.5000000000e+01	5.7760390664e-03	5.1317980013e-03	7.5793066477e-06	1.6984652028e-05
8.6000000000e+01	5.7931621679e-03	5.1241186341e-03	7.7795759746e-06	1.7260947915e-05
8.7000000000e+01	5.8105597537e-03	5.1162385634e-03	7.9807033372e-06	1.7533618541e-05
8.8000000000e+01	5.8282281935e-03	5.1081569618e-03	8.1826276324e-06	1.7802654717e-05
8.9000000000e+01	5.8461638503e-03	5.0998730622e-03	8.3852897535e-06	1.8068052352e-05
9.0000000000e+01	5.8643630855e-03	5.0913861554e-03	8.5886325561e-06	1.8329812072e-05
9.1000000000e+01	5.8828222634e-03	5.0826955886e-03	8.7926008215e-06	1.8587938863e-05
9.2000000000e+01	5.9015377552e-03	5.0738007631e-03	8.9971412184e-06	1.8842441729e-05
9.3000000000e+01	5.9205059431e-03	5.0647011327e-03	9.2022022624e-06	1.9093333373e-05
9.4000000000e+01	5.9397232235e-03	5.0553962016e-03	9.4077342758e-06	1.9340629892e-05
9.5000000000e+01	5.9591860108e-03	5.0458855231e-03	9.6136893446e-06	1.9584350494e-05
9.6000000000e+01	5.9788907399e-03	5.0361686973e-03	9.8200212765e-06	1.9824517226e-05
9.7000000000e+01	5.9988338689e-03	5.0262453698e-03	1.0026685557e-05	2.0061154729e-05
9.8000000000e+01	6.0190118819e-03	5.0161152297e-03	1.0233639308e-05	2.0294289993e-05
9.9000000000e+01	6.0394212911e-03	5.0057780085e-03	1.0440841239e-05	2.0523952141e-05
1.0000000000e+02	6.0600586388e-03	4.9952334778e-03	1.0648251610e-05	2.0750172219e-05
1.0100000000e+02	6.0809204991e-03	4.9844814485e-03	1.0855832184e-05	2.0972983002e-05
1.0200000000e+02	6.1020034798e-03	4.9735217690e-03	1.1063546185e-05	2.1192418813e-05
1.0300000000e+02	6.1233042236e-03	4.9623543235e-03	1.1271358254e-05	2.1408515350e-05
1.0400000000e+02	6.1448194097e-03	4.9509790311e-03	1.1479234409e-05	2.1621309531e-05
1.0500000000e+02	6.1665457546e-03	4.9393958442e-03	1.1687142003e-05	2.1830839348e-05
1.0600000000e+02	6.1884800132e-03	4.9276047471e-03	1.1895049681e-05	2.2037143722e-05
1.0700000000e+02	6.2106189801e-03	4.9156057549e-03	1.2102927339e-05	2.2240262385e-05
1.0800000000e+02	6.2329594896e-03	4.9033989121e-03	1.2310746088e-05	2.2440235754e-05
1.0900000000e+02	6.2554984168e-03	4.8909842916e-03	1.2518478213e-05	2.2637104825e-05
1.1000000000e+02	6.2782326783e-03	4.8783619934e-03	1.2726097135e-05	2.2830911068e-05
1.1100000000e+02	6.3011592320e-03	4.8655321435e-03	1.2933577373e-05	2.3021696336e-05
1.1200000000e+02	6.3242750780e-03	4.8524948930e-03	1.3140894509e-05	2.3209502773e-05
1.1300000000e+02	6.3475772587e-03	4.8392504167e-03	1.3348025150e-05	2.3394372740e-05
1.1400000000e+02	6.3710628588e-03	4.8257989124e-03	1.3554946899e-05	2.3576348731e-05
1.1500000000e+02	6.3947290057e-03	4.8121405997e-03	1.3761638313e-05	2.3755473316e-05
1.1600000000e+02	6.4185728692e-03	4.7982757194e-03	1.3968078878e-05	2.3931789069e-05
1.1700000000e+02	6.4425916617e-03	4.7842045321e-03	1.4174248971e-05	2.4105338512e-05
1.1800000000e+02	6.4667826382e-03	4.7699273178e-03	1.4380129834e-05	2.4276164066e-05
1.1900000000e+02	6.4911430960e-03	4.7554443748e-03	1.4585703539e-05	2.4444307999e-05
1.2000000000e+02	6.5156703744e-03	4.7407560189e-03	1.4790952963e-05	2.4609812382e-05
1.2100000000e+02	6.5403618548e-03	4.7258625824e-03	1.4995861755e-05	2.4772719050e-05
1.2200000000e+02	6.5652149604e-03	4.7107644141e-03	1.5200414314e-05	2.4933069563e-05
1.2300000000e+02	6.5902271557e-03	4.6954618775e-03	1.5404595757e-05	2.5090905177e-05
1.2400000000e+02	6.6153959461e-03	4.6799553510e-03	1.5608391896e-05	2.5246266810e-05
1.2500000000e+02	6.6407188782e-03	4.6642452267e-03	1.5811789212e-05	2.5399195016e-05
1.2600000000e+02	6.6661935384e-03	4.6483319098e-03	1.6014774830e-05	2.5549729962e-05
1.2700000000e+02	6.6918175536e-03	4.6322158184e-03	1.6217336498e-05	2.5697911406e-05
1.2800000000e+02	6.7175885898e-03	4.6158973821e-03	1.6419462561e-05	2.5843778676e-05
1.2900000000e+02	6.7435043525e-03	4.5993770421e-03	1.6621141941e-05	2.5987370655e-05
1.3000000000e+02	6.7695625855e-03	4.5826552506e-03	1.6822364115e-05	2.6128725766e-05
1.3100000000e+02	6.7957610711e-03	4.5657324696e-03	1.7023119095e-05	2.6267881956e-05
1.3200000000e+02	6.8220976290e-03	4.5486091713e-03	1.7223397407e-05	2.6404876690e-05
1.3300000000e+02	6.8485701163e-03	4.5312858367e-03	1.7423190072e-05	2.6539746937e-05
1.3400000000e+02	6.8751764268e-03	4.5137629559e-03	1.7622488589e-05	2.6672529161e-05
1.3500000000e+02	6.9019144906e-03	4.4960410269e-03	1.7821284916e-05	2.6803259321e-05
1.3600000000e+02	6.9287822733e-03	4.4781205560e-03	1.8019571451e-05	2.6931972857e-05
1.3700000000e+02	6.9557777758e-03	4.4600020564e-03	1.8217341017e-05	2.7058704692e-05
1.3800000000e+02	6.9828990336e-03	4.4416860485e-03	1.8414586848e-05	2.7183489226e-05
1.3900000000e+02	7.0101441164e-03	4.4231730594e-03	1.8611302569e-05	2.7306360335e-05
1.4000000000e+02	7.0375111276e-03	4.4044636221e-03	1.8807482182e-05	2.7427351370e-05
1.4100000000e+02	7.0649982034e-03	4.3855582756e-03	1.9003120055e-05	2.7546495155e-05
1.4200000000e+02	7.0926035129e-03	4.3664575643e-03	1.9198210905e-05	2.7663823988e-05
1.4300000000e+02	7.1203252570e-03	4.3471620378e-03	1.9392749785e-05	2.7779369644e-05
1.4400000000e+02	7.1481616682e-03	4.3276722503e-03	1.9586732069e-05	2.7893163376e-05
1.4500000000e+02	7.1761110100e-03	4.3079887606e-03	1.9780153444e-05	2.8005235915e-05
1.4600000000e+02	7.2041715764e-03	4.2881121317e-03	1.9973009895e-05	2.8115617476e-05
1.4700000000e+02	7.2323416912e-03	4.2680429304e-03	2.0165297693e-05	2.8224337761e-05
1.4800000000e+02	7.2606197079e-03	4.2477817270e-03	2.0357013384e-05	2.8331425960e-05
1.4900000000e+02	7.2890040087e-03	4.2273290954e-03	2.0548153781e-05	2.8436910760e-05
1.5000000000e+02	7.3174930043e-03	4.2066856122e-03	2.0738715948e-05	2.8540820344e-05
1.5100000000e+02	7.3460851335e-03	4.1858518571e-03	2.0928697195e-05	2.8643182403e-05
1.5200000000e+02	7.3747788624e-03	4.1648284123e-03	2.1118095066e-05	2.8744024133e-05
1.5300000000e+02	7.4035726839e-03	4.1436158622e-03	2.1306907332e-05	2.8843372247e-05
1.5400000000e+02	7.4324651177e-03	4.1222147935e-03	2.1495131976e-05	2.8941252979e-05
1.5500000000e+02	7.4614547093e-03	4.1006257947e-03	2.1682767191e-05	2.9037692088e-05
1.5600000000e+02	7.4905400298e-03	4.0788494561e-03	2.1869811370e-05	2.9132714865e-05
1.5700000000e+02	7.5197196752e-03	4.0568863695e-03	2.2056263094e-05	2.9226346141e-05
1.5800000000e+02	7.5489922664e-03	4.0347371278e-03	2.2242121130e-05	2.9318610292e-05
1.5900000000e+02	7.5783564481e-03	4.0124023255e-03	2.2427384419e-05	2.9409531244e-05
1.6000000000e+02	7.6078108890e-03	3.9898825575e-03	2.2612052071e-05	2.9499132482e-05
1.6100000000e+02	7.6373542809e-03	3.9671784201e-03	2.2796123359e-05	2.9587437055e-05
1.6200000000e+02	7.6669853384e-03	3.9442905098e-03	2.2979597707e-05	2.9674467585e-05
1.6300000000e+02	7.6967027987e-03	3.9212194238e-03	2.3162474693e-05	2.9760246270e-05
1.6400000000e+02	7.7265054209e-03	3.8979657596e-03	2.3344754032e-05	2.9844794893e-05
1.6500000000e+02	7.7563919856e-03	3.8745301150e-03	2.3526435580e-05	2.9928134829e-05
1.6600000000e+02	7.7863612947e-03	3.8509130877e-03	2.3707519319e-05	3.0010287051e-05
1.6700000000e+02	7.8164121707e-03	3.8271152756e-03	2.3888005360e-05	3.0091272136e-05
1.6800000000e+02	7.8465434567e-03	3.8031372762e-03	2.4067893931e-05	3.0171110275e-05
1.6900000000e+02	7.8767540155e-03	3.7789796868e-03	2.4247185377e-05	3.0249821275e-05
1.7000000000e+02	7.9070427300e-03	3.7546431043e-03	2.4425880151e-05	3.0327424569e-05
1.7100000000e+02	7.9374085018e-03	3.7301281252e-03	2.4603978811e-05	3.0403939220e-05
1.7200000000e+02	7.9678502518e-03	3.7054353452e-03	2.4781482015e-05	3.0479383933e-05
1.7300000000e+02	7.9983669191e-03	3.6805653594e-03	2.4958390519e-05	3.0553777053e-05
1.7400000000e+02	8.0289574613e-03	3.6555187621e-03	2.5134705168e-05	3.0627136579e-05
1.7500000000e+02	8.0596208537e-03	3.6302961467e-03	2.5310426897e-05	3.0699480168e-05
1.7600000000e+02	8.0903560888e-03	3.6048981056e-03	2.5485556723e-05	3.0770825139e-05
1.7700000000e+02	8.1211621767e-03	3.5793252302e-03	2.5660095743e-05	3.0841188483e-05
1.7800000000e+02	8.1520381441e-03	3.5535781107e-03	2.5834045132e-05	3.0910586864e-05
1.7900000000e+02	8.1829830343e-03	3.5276573361e-03	2.6007406135e-05	3.0979036633e-05
1.8000000000e+02	8.2139959065e-03	3.5015634941e-03	2.6180180069e-05	3.1046553827e-05
1.8100000000e+02	8.2450758363e-03	3.4752971712e-03	2.6352368316e-05	3.1113154177e-05
1.8200000000e+02	8.2762219144e-03	3.4488589522e-03	2.6523972320e-05	3.1178853115e-05
1.8300000000e+02	8.3074332471e-03	3.4222494208e-03	2.6694993587e-05	3.1243665779e-05
1.8400000000e+02	8.3387089555e-03	3.3954691588e-03	2.6865433678e-05	3.1307607020e-05
1.8500000000e+02	8.3700481755e-03	3.3685187466e-03	2.7035294211e-05	3.1370691405e-05
1.8600000000e+02	8.4014500575e-03	3.3413987630e-03	2.7204576852e-05	3.1432933224e-05
1.8700000000e+02	8.4329137658e-03	3.3141097849e-03	2.7373283320e-05	3.1494346495e-05
1.8800000000e+02	8.4644384789e-03	3.2866523878e-03	2.7541415378e-05	3.1554944971e-05
1.8900000000e+02	8.4960233886e-03	3.2590271451e-03	2.7708974834e-05	3.1614742144e-05
1.9000000000e+02	8.5276677005e-03	3.2312346284e-03	2.7875963537e-05	3.1673751249e-05
1.9100000000e+02	8.5593706328e-03	3.2032754076e-03	2.8042383378e-05	3.1731985270e-05
1.9200000000e+02	8.5911314169e-03	3.1751500506e-03	2.8208236283e-05	3.1789456947e-05
1.9300000000e+02	8.6229492967e-03	3.1468591234e-03	2.8373524214e-05	3.1846178778e-05
1.9400000000e+02	8.6548235286e-03	3.1184031898e-03	2.8538249169e-05	3.1902163024e-05
1.9500000000e+02	8.6867533809e-03	3.0897828120e-03	2.8702413174e-05	3.1957421718e-05
1.9600000000e+02	8.7187381341e-03	3.0609985498e-03	2.8866018287e-05	3.2011966662e-05
1.9700000000e+02	8.7507770802e-03	3.0320509610e-03	2.9029066595e-05	3.2065809439e-05
1.9800000000e+02	8.7828695227e-03	3.0029406015e-03	2.9191560208e-05	3.2118961413e-05
1.9900000000e+02	8.8150147765e-03	2.9736680248e-03	2.9353501265e-05	3.2171433736e-05
2.0000000000e+02	8.8472121673e-03	2.9442337824e-03	2.9514891924e-05	3.2223237349e-05
2.0100000000e+02	8.8794610319e-03	2.9146384237e-03	2.9675734369e-05	3.2274382990e-05
2.0200000000e+02	8.9117607175e-03	2.8848824957e-03	2.9836030801e-05	3.2324881195e-05
2.0300000000e+02	8.9441105819e-03	2.8549665434e-03	2.9995783441e-05	3.2374742306e-05
2.0400000000e+02	8.9765099931e-03	2.8248911093e-03	3.0154994528e-05	3.2423976469e-05
2.0500000000e+02	9.0089583292e-03	2.7946567341e-03	3.0313666318e-05	3.2472593644e-05
2.0600000000e+02	9.0414549780e-03	2.7642639557e-03	3.0471801079e-05	3.2520603605e-05
2.0700000000e+02	9.0739993372e-03	2.7337133102e-03	3.0629401097e-05	3.2568015945e-05
2.0800000000e+02	9.1065908138e-03	2.7030053310e-03	3.0786468667e-05	3.2614840080e-05
2.0900000000e+02	9.1392288243e-03	2.6721405495e-03	3.0943006100e-05	3.2661085251e-05
2.1000000000e+02	9.1719127943e-03	2.6411194947e-03	3.1099015712e-05	3.2706760531e-05
2.1100000000e+02	9.2046421584e-03	2.6099426933e-03	3.1254499835e-05	3.2751874824e-05
2.1200000000e+02	9.2374163599e-03	2.5786106695e-03	3.1409460804e-05	3.2796436871e-05
2.1300000000e+02	9.2702348509e-03	2.5471239453e-03	3.1563900966e-05	3.2840455253e-05
2.1400000000e+02	9.3030970920e-03	2.5154830403e-03	3.1717822671e-05	3.2883938395e-05
2.1500000000e+02	9.3360025521e-03	2.4836884720e-03	3.1871228280e-05	3.2926894566e-05
2.1600000000e+02	9.3689507082e-03	2.4517407550e-03	3.2024120154e-05	3.2969331887e-05
2.1700000000e+02	9.4019410455e-03	2.4196404021e-03	3.2176500661e-05	3.3011258330e-05
2.1800000000e+02	9.4349730572e-03	2.3873879234e-03	3.2328372173e-05	3.3052681721e-05
2.1900000000e+02	9.4680462439e-03	2.3549838266e-03	3.2479737065e-05	3.3093609748e-05
2.2000000000e+02	9.5011601141e-03	2.3224286173e-03	3.2630597712e-05	3.3134049956e-05
2.2100000000e+02	9.5343141836e-03	2.2897227985e-03	3.2780956494e-05	3.3174009757e-05
2.2200000000e+02	9.5675079759e-03	2.2568668708e-03	3.2930815788e-05	3.3213496428e-05
2.2300000000e+02	9.6007410212e-03	2.2238613326e-03	3.3080177976e-05	3.3252517117e-05
2.2400000000e+02	9.6340128571e-03	2.1907066798e-03	3.3229045435e-05	3.3291078841e-05
2.2500000000e+02	9.6673230282e-03	2.1574034059e-03	3.3377420544e-05	3.3329188496e-05
2.2600000000e+02	9.7006710857e-03	2.1239520020e-03	3.3525305680e-05	3.3366852850e-05
2.2700000000e+02	9.7340565877e-03	2.0903529570e-03	3.3672703219e-05	3.3404078555e-05
2.2800000000e+02	9.7674790987e-03	2.0566067573e-03	3.3819615533e-05	3.3440872142e-05
2.2900000000e+02	9.8009381900e-03	2.0227138869e-03	3.3966044992e-05	3.3477240028e-05
2.3000000000e+02	9.8344334390e-03	1.9886748275e-03	3.4111993963e-05	3.3513188516e-05
2.3100000000e+02	9.8679644293e-03	1.9544900584e-03	3.4257464809e-05	3.3548723797e-05
2.3200000000e+02	9.9015307509e-03	1.9201600565e-03	3.4402459890e-05	3.3583851955e-05
2.3300000000e+02	9.9351319995e-03	1.8856852964e-03	3.4546981559e-05	3.3618578965e-05
2.3400000000e+02	9.9687677771e-03	1.8510662504e-03	3.4691032165e-05	3.3652910700e-05
2.3500000000e+02	1.0002437691e-02	1.8163033883e-03	3.4834614054e-05	3.3686852927e-05
2.3600000000e+02	1.0036141355e-02	1.7813971777e-03	3.4977729565e-05	3.3720411316e-05
2.3700000000e+02	1.0069878388e-02	1.7463480839e-03	3.5120381029e-05	3.3753591436e-05
2.3800000000e+02	1.0103648414e-02	1.7111565696e-03	3.5262570773e-05	3.3786398760e-05
2.3900000000e+02	1.0137451063e-02	1.6758230954e-03	3.5404301118e-05	3.3818838668e-05
2.4000000000e+02	1.0171285970e-02	1.6403481197e-03	3.5545574377e-05	3.3850916444e-05
2.4100000000e+02	1.0205152777e-02	1.6047320983e-03	3.5686392856e-05	3.3882637283e-05
2.4200000000e+02	1.0239051128e-02	1.5689754848e-03	3.5826758854e-05	3.3914006292e-05
2.4300000000e+02	1.0272980674e-02	1.5330787306e-03	3.5966674662e-05	3.3945028486e-05
2.4400000000e+02	1.0306941071e-02	1.4970422848e-03	3.6106142564e-05	3.3975708800e-05
2.4500000000e+02	1.0340931979e-02	1.4608665941e-03	3.6245164836e-05	3.4006052081e-05
2.4600000000e+02	1.0374953064e-02	1.4245521029e-03	3.6383743744e-05	3.4036063093e-05
2.4700000000e+02	1.0409003996e-02	1.3880992536e-03	3.6521881547e-05	3.4065746523e-05
2.4800000000e+02	1.0443084449e-02	1.3515084861e-03	3.6659580497e-05	3.4095106975e-05
2.4900000000e+02	1.0477194104e-02	1.3147802381e-03	3.6796842833e-05	3.4124148976e-05
2.5000000000e+02	1.0511332643e-02	1.2779149452e-03	3.6933670789e-05	3.4152876979e-05
2.5100000000e+02	1.0545499754e-02	1.2409130406e-03	3.7070066589e-05	3.4181295359e-05
2.5200000000e+02	1.0579695132e-02	1.2037749554e-03	3.7206032445e-05	3.4209408419e-05
2.5300000000e+02	1.0613918471e-02	1.1665011183e-03	3.7341570563e-05	3.4237220391e-05
2.5400000000e+02	1.0648169473e-02	1.1290919561e-03	3.7476683139e-05	3.4264735436e-05
2.5500000000e+02	1.0682447844e-02	1.0915478932e-03	3.7611372357e-05	3.4291957644e-05
2.5600000000e+02	1.0716753292e-02	1.0538693518e-03	3.7745640393e-05	3.4318891039e-05
2.5700000000e+02	1.0751085531e-02	1.0160567520e-03	3.7879489413e-05	3.4345539578e-05
2.5800000000e+02	1.0785444278e-02	9.7811051190e-04	3.8012921574e-05	3.4371907152e-05
2.5900000000e+02	1.0819829253e-02	9.4003104713e-04	3.8145939019e-05	3.4397997588e-05
2.6000000000e+02	1.0854240182e-02	9.0181877138e-04	3.8278543887e-05	3.4423814652e-05
2.6100000000e+02	1.0888676793e-02	8.6347409617e-04	3.8410738300e-05	3.4449362045e-05
2.6200000000e+02	1.0923138817e-02	8.2499743090e-04	3.8542524376e-05	3.4474643410e-05
2.6300000000e+02	1.0957625992e-02	7.8638918283e-04	3.8673904217e-05	3.4499662331e-05
2.6400000000e+02	1.0992138056e-02	7.4764975717e-04	3.8804879919e-05	3.4524422330e-05
2.6500000000e+02	1.1026674751e-02	7.0877955701e-04	3.8935453564e-05	3.4548926876e-05
2.6600000000e+02	1.1061235825e-02	6.6977898337e-04	3.9065627226e-05	3.4573179380e-05
2.6700000000e+02	1.1095821027e-02	6.3064843520e-04	3.9195402967e-05	3.4597183198e-05
2.6800000000e+02	1.1130430110e-02	5.9138830940e-04	3.9324782838e-05	3.4620941631e-05
2.6900000000e+02	1.1165062830e-02	5.5199900080e-04	3.9453768881e-05	3.4644457930e-05
2.7000000000e+02	1.1199718946e-02	5.1248090223e-04	3.9582363126e-05	3.4667735292e-05
2.7100000000e+02	1.1234398222e-02	4.7283440448e-04	3.9710567592e-05	3.4690776861e-05
2.7200000000e+02	1.1269100422e-02	4.3305989631e-04	3.9838384287e-05	3.4713585733e-05
2.7300000000e+02	1.1303825317e-02	3.9315776449e-04	3.9965815210e-05	3.4736164956e-05
2.7400000000e+02	1.1338572677e-02	3.5312839382e-04	4.0092862347e-05	3.4758517528e-05
2.7500000000e+02	1.1373342277e-02	3.1297216707e-04	4.0219527673e-05	3.4780646398e-05
2.7600000000e+02	1.1408133896e-02	2.7268946508e-04	4.0345813155e-05	3.4802554472e-05
2.7700000000e+02	1.1442947314e-02	2.3228066672e-04	4.0471720747e-05	3.4824244608e-05
2.7800000000e+02	1.1477782313e-02	1.9174614891e-04	4.0597252391e-05	3.4845719619e-05
2.7900000000e+02	1.1512638682e-02	1.5108628661e-04	4.0722410019e-05	3.4866982276e-05
2.8000000000e+02	1.1547516208e-02	1.1030145290e-04	4.0847195554e-05	3.4888035303e-05
2.8100000000e+02	1.1582414684e-02	6.9392018899e-05	4.0971610906e-05	3.4908881385e-05
2.8200000000e+02	1.1617333903e-02	2.8358353847e-05	4.1095657975e-05	3.4929523165e-05
2.8300000000e+02	1.1652273663e-02	-1.2799174919e-05	4.1219338649e-05	3.4949963242e-05
2.8400000000e+02	1.1687233763e-02	-5.4080201945e-05	4.1342654806e-05	3.4970204179e-05
2.8500000000e+02	1.1722214006e-02	-9.5484363648e-05	4.1465608313e-05	3.4990248496e-05
2.8600000000e+02	1.1757214195e-02	-1.3701129831e-04	4.1588201026e-05	3.5010098676e-05
2.8700000000e+02	1.1792234139e-02	-1.7866064605e-04	4.1710434791e-05	3.5029757164e-05
2.8800000000e+02	1.1827273646e-02	-2.2043204885e-04	4.1832311442e-05	3.5049226366e-05
2.8900000000e+02	1.1862332529e-02	-2.6232515050e-04	4.1953832803e-05	3.5068508653e-05
2.9000000000e+02	1.1897410602e-02	-3.0433959663e-04	4.2075000686e-05	3.5087606359e-05
2.9100000000e+02	1.1932507681e-02	-3.4647503465e-04	4.2195816894e-05	3.5106521783e-05
2.9200000000e+02	1.1967623586e-02	-3.8873111379e-04	4.2316283218e-05	3.5125257188e-05
2.9300000000e+02	1.2002758136e-02	-4.3110748505e-04	4.2436401439e-05	3.5143814805e-05
2.9400000000e+02	1.2037911157e-02	-4.7360380122e-04	4.2556173327e-05	3.5162196830e-05
2.9500000000e+02	1.2073082472e-02	-5.1621971685e-04	4.2675600641e-05	3.5180405425e-05
2.9600000000e+02	1.2108271911e-02	-5.5895488823e-04	4.2794685131e-05	3.5198442721e-05
2.9700000000e+02	1.2143479301e-02	-6.0180897342e-04	4.2913428535e-05	3.5216310817e-05
2.9800000000e+02	1.2178704477e-02	-6.4478163218e-04	4.3031832580e-05	3.5234011780e-05
2.9900000000e+02	1.2213947270e-02	-6.8787252603e-04	4.3149898983e-05	3.5251547647e-05
3.0000000000e+02	1.2249207517e-02	-7.3108131817e-04	4.3267629452e-05	3.5268920424e-05
3.0100000000e+02	1.2284485057e-02	-7.7440767352e-04	4.3385025683e-05	3.5286132088e-05
3.0200000000e+02	1.2319779729e-02	-8.1785125868e-04	4.3502089362e-05	3.5303184587e-05
3.0300000000e+02	1.2355091374e-02	-8.6141174195e-04	4.3618822164e-05	3.5320079838e-05
3.0400000000e+02	1.2390419836e-02	-9.0508879328e-04	4.3735225756e-05	3.5336819732e-05
3.0500000000e+02	1.2425764962e-02	-9.4888208428e-04	4.3851301791e-05	3.5353406133e-05
3.0600000000e+02	1.2461126598e-02	-9.9279128822e-04	4.3967051916e-05	3.5369840876e-05
3.0700000000e+02	1.2496504594e-02	-1.0368160800e-03	4.4082477765e-05	3.5386125769e-05
3.0800000000e+02	1.2531898800e-02	-1.0809561362e-03	4.4197580963e-05	3.5402262595e-05
3.0900000000e+02	1.2567309070e-02	-1.1252111349e-03	4.4312363124e-05	3.5418253110e-05
3.1000000000e+02	1.2602735258e-02	-1.1695807560e-03	4.4426825853e-05	3.5434099046e-05
3.1100000000e+02	1.2638177221e-02	-1.2140646807e-03	4.4540970744e-05	3.5449802108e-05
3.1200000000e+02	1.2673634816e-02	-1.2586625920e-03	4.4654799383e-05	3.5465363978e-05
3.1300000000e+02	1.2709107902e-02	-1.3033741746e-03	4.4768313344e-05	3.5480786314e-05
3.1400000000e+02	1.2744596342e-02	-1.3481991144e-03	4.4881514193e-05	3.5496070748e-05
3.1500000000e+02	1.2780099998e-02	-1.3931370991e-03	4.4994403484e-05	3.5511218892e-05
3.1600000000e+02	1.2815618735e-02	-1.4381878180e-03	4.5106982763e-05	3.5526232331e-05
3.1700000000e+02	1.2851152419e-02	-1.4833509618e-03	4.5219253566e-05	3.5541112632e-05
3.1800000000e+02	1.2886700916e-02	-1.5286262228e-03	4.5331217419e-05	3.5555861335e-05
3.1900000000e+02	1.2922264098e-02	-1.5740132948e-03	4.5442875839e-05	3.5570479962e-05
3.2000000000e+02	1.2957841834e-02	-1.6195118732e-03	4.5554230334e-05	3.5584970012e-05
3.2100000000e+02	1.2993433996e-02	-1.6651216547e-03	4.5665282400e-05	3.5599332963e-05
3.2200000000e+02	1.3029040458e-02	-1.7108423377e-03	4.5776033526e-05	3.5613570271e-05
3.2300000000e+02	1.3064661095e-02	-1.7566736219e-03	4.5886485191e-05	3.5627683374e-05
3.2400000000e+02	1.3100295783e-02	-1.8026152087e-03	4.5996638865e-05	3.5641673688e-05
3.2500000000e+02	1.3135944402e-02	-1.8486668008e-03	4.6106496007e-05	3.5655542609e-05
3.2600000000e+02	1.3171606829e-02	-1.8948281024e-03	4.6216058071e-05	3.5669291516e-05
3.2700000000e+02	1.3207282945e-02	-1.9410988191e-03	4.6325326496e-05	3.5682921766e-05
3.2800000000e+02	1.3242972633e-02	-1.9874786580e-03	4.6434302717e-05	3.5696434699e-05
3.2900000000e+02	1.3278675776e-02	-2.0339673276e-03	4.6542988156e-05	3.5709831636e-05
3.3000000000e+02	1.3314392258e-02	-2.0805645378e-03	4.6651384230e-05	3.5723113879e-05
3.3100000000e+02	1.3350121966e-02	-2.1272700000e-03	4.6759492344e-05	3.5736282713e-05
3.3200000000e+02	1.3385864786e-02	-2.1740834270e-03	4.6867313895e-05	3.5749339405e-05
3.3300000000e+02	1.3421620608e-02	-2.2210045328e-03	4.6974850271e-05	3.5762285205e-05
3.3400000000e+02	1.3457389320e-02	-2.2680330329e-03	4.7082102853e-05	3.5775121346e-05
3.3500000000e+02	1.3493170814e-02	-2.3151686443e-03	4.7189073011e-05	3.5787849044e-05
3.3600000000e+02	1.3528964982e-02	-2.3624110853e-03	4.7295762106e-05	3.5800469498e-05
3.3700000000e+02	1.3564771718e-02	-2.4097600753e-03	4.7402171493e-05	3.5812983891e-05
3.3800000000e+02	1.3600590915e-02	-2.4572153355e-03	4.7508302517e-05	3.5825393390e-05
3.3900000000e+02	1.3636422470e-02	-2.5047765880e-03	4.7614156513e-05	3.5837699147e-05
3.4000000000e+02	1.3672266279e-02	-2.5524435566e-03	4.7719734811e-05	3.5849902298e-05
3.4100000000e+02	1.3708122241e-02	-2.6002159662e-03	4.7825038730e-05	3.5862003962e-05
3.4200000000e+02	1.3743990254e-02	-2.6480935430e-03	4.7930069581e-05	3.5874005247e-05
3.4300000000e+02	1.3779870218e-02	-2.6960760147e-03	4.8034828667e-05	3.5885907242e-05
3.4400000000e+02	1.3815762035e-02	-2.7441631102e-03	4.8139317284e-05	3.5897711024e-05
3.4500000000e+02	1.3851665608e-02	-2.7923545596e-03	4.8243536717e-05	3.5909417656e-05
3.4600000000e+02	1.3887580839e-02	-2.8406500943e-03	4.8347488246e-05	3.5921028183e-05
3.4700000000e+02	1.3923507633e-02	-2.8890494472e-03	4.8451173140e-05	3.5932543642e-05
3.4800000000e+02	1.3959445895e-02	-2.9375523522e-03	4.8554592663e-05	3.5943965052e-05
3.4900000000e+02	1.3995395532e-02	-2.9861585445e-03	4.8657748069e-05	3.5955293420e-05
3.5000000000e+02	1.4031356451e-02	-3.0348677607e-03	4.8760640604e-05	3.5966529740e-05
3.5100000000e+02	1.4067328561e-02	-3.0836797385e-03	4.8863271508e-05	3.5977674992e-05
3.5200000000e+02	1.4103311771e-02	-3.1325942169e-03	4.8965642010e-05	3.5988730145e-05
3.5300000000e+02	1.4139305991e-02	-3.1816109361e-03	4.9067753335e-05	3.5999696153e-05
3.5400000000e+02	1.4175311134e-02	-3.2307296376e-03	4.9169606698e-05	3.6010573959e-05
3.5500000000e+02	1.4211327110e-02	-3.2799500639e-03	4.9271203307e-05	3.6021364494e-05
3.5600000000e+02	1.4247353834e-02	-3.3292719590e-03	4.9372544362e-05	3.6032068676e-05
3.5700000000e+02	1.4283391219e-02	-3.3786950679e-03	4.9473631056e-05	3.6042687412e-05
3.5800000000e+02	1.4319439181e-02	-3.4282191367e-03	4.9574464573e-05	3.6053221597e-05
3.5900000000e+02	1.4355497634e-02	-3.4778439130e-03	4.9675046093e-05	3.6063672113e-05
3.6000000000e+02	1.4391566497e-02	-3.5275691453e-03	4.9775376785e-05	3.6074039834e-05
3.6100000000e+02	1.4427645687e-02	-3.5773945834e-03	4.9875457812e-05	3.6084325619e-05
3.6200000000e+02	1.4463735121e-02	-3.6273199781e-03	4.9975290330e-05	3.6094530319e-05
3.6300000000e+02	1.4499834721e-02	-3.6773450816e-03	5.0074875488e-05	3.6104654772e-05
3.6400000000e+02	1.4535944404e-02	-3.7274696470e-03	5.0174214427e-05	3.6114699808e-05
3.6500000000e+02	1.4572064094e-02	-3.7776934287e-03	5.0273308281e-05	3.6124666243e-05
3.6600000000e+02	1.4608193711e-02	-3.8280161822e-03	5.0372158178e-05	3.6134554886e-05
3.6700000000e+02	1.4644333178e-02	-3.8784376641e-03	5.0470765238e-05	3.6144366533e-05
3.6800000000e+02	1.4680482419e-02	-3.9289576321e-03	5.0569130573e-05	3.6154101972e-05
3.6900000000e+02	1.4716641357e-02	-3.9795758451e-03	5.0667255290e-05	3.6163761980e-05
3.7000000000e+02	1.4752809918e-02	-4.0302920629e-03	5.0765140488e-05	3.6173347325e-05
3.7100000000e+02	1.4788988027e-02	-4.0811060466e-03	5.0862787260e-05	3.6182858764e-05
3.7200000000e+02	1.4825175611e-02	-4.1320175583e-03	5.0960196691e-05	3.6192297046e-05
3.7300000000e+02	1.4861372597e-02	-4.1830263612e-03	5.1057369861e-05	3.6201662911e-05
3.7400000000e+02	1.4897578913e-02	-4.2341322196e-03	5.1154307841e-05	3.6210957087e-05
3.7500000000e+02	1.4933794487e-02	-4.2853348988e-03	5.1251011697e-05	3.6220180297e-05
3.7600000000e+02	1.4970019250e-02	-4.3366341653e-03	5.1347482487e-05	3.6229333252e-05
3.7700000000e+02	1.5006253131e-02	-4.3880297865e-03	5.1443721266e-05	3.6238416655e-05
3.7800000000e+02	1.5042496060e-02	-4.4395215309e-03	5.1539729077e-05	3.6247431201e-05
3.7900000000e+02	1.5078747970e-02	-4.4911091680e-03	5.1635506961e-05	3.6256377576e-05
3.8000000000e+02	1.5115008793e-02	-4.5427924685e-03	5.1731055951e-05	3.6265256457e-05
3.8100000000e+02	1.5151278461e-02	-4.5945712039e-03	5.1826377073e-05	3.6274068513e-05
3.8200000000e+02	1.5187556908e-02	-4.6464451470e-03	5.1921471348e-05	3.6282814407e-05
3.8300000000e+02	1.5223844068e-02	-4.6984140714e-03	5.2016339789e-05	3.6291494790e-05
3.8400000000e+02	1.5260139876e-02	-4.7504777516e-03	5.2110983405e-05	3.6300110308e-05
3.8500000000e+02	1.5296444267e-02	-4.8026359636e-03	5.2205403197e-05	3.6308661598e-05
3.8600000000e+02	1.5332757178e-02	-4.8548884838e-03	5.2299600160e-05	3.6317149291e-05
3.8700000000e+02	1.5369078545e-02	-4.9072350899e-03	5.2393575284e-05	3.6325574006e-05
3.8800000000e+02	1.5405408305e-02	-4.9596755607e-03	5.2487329551e-05	3.6333936361e-05
3.8900000000e+02	1.5441746397e-02	-5.0122096757e-03	5.2580863940e-05	3.6342236960e-05
3.9000000000e+02	1.5478092759e-02	-5.0648372156e-03	5.2674179421e-05	3.6350476405e-05
3.9100000000e+02	1.5514447330e-02	-5.1175579619e-03	5.2767276960e-05	3.6358655287e-05
3.9200000000e+02	1.5550810049e-02	-5.1703716972e-03	5.2860157517e-05	3.6366774193e-05
3.9300000000e+02	1.5587180858e-02	-5.2232782050e-03	5.2952822043e-05	3.6374833701e-05
3.9400000000e+02	1.5623559697e-02	-5.2762772696e-03	5.3045271489e-05	3.6382834382e-05
3.9500000000e+02	1.5659946507e-02	-5.3293686766e-03	5.3137506795e-05	3.6390776802e-05
3.9600000000e+02	1.5696341231e-02	-5.3825522121e-03	5.3229528898e-05	3.6398661519e-05
3.9700000000e+02	1.5732743811e-02	-5.4358276636e-03	5.3321338728e-05	3.6406489084e-05
3.9800000000e+02	1.5769154191e-02	-5.4891948191e-03	5.3412937211e-05	3.6414260043e-05
3.9900000000e+02	1.5805572313e-02	-5.5426534679e-03	5.3504325265e-05	3.6421974934e-05
4.0000000000e+02	1.5841998122e-02	-5.5962033998e-03	5.3595503805e-05	3.6429634289e-05
4.0100000000e+02	1.5878431563e-02	-5.6498444059e-03	5.3686473738e-05	3.6437238636e-05
4.0200000000e+02	1.5914872581e-02	-5.7035762781e-03	5.3777235968e-05	3.6444788493e-05
4.0300000000e+02	1.5951321122e-02	-5.7573988090e-03	5.3867791392e-05	3.6452284375e-05
4.0400000000e+02	1.5987777132e-02	-5.8113117922e-03	5.3958140902e-05	3.6459726790e-05
4.0500000000e+02	1.6024240558e-02	-5.8653150224e-03	5.4048285384e-05	3.6467116240e-05
4.0600000000e+02	1.6060711347e-02	-5.9194082949e-03	5.4138225719e-05	3.6474453221e-05
4.0700000000e+02	1.6097189447e-02	-5.9735914061e-03	5.4227962784e-05	3.6481738223e-05
4.0800000000e+02	1.6133674806e-02	-6.0278641530e-03	5.4317497450e-05	3.6488971732e-05
4.0900000000e+02	1.6170167374e-02	-6.0822263338e-03	5.4406830580e-05	3.6496154227e-05
4.1000000000e+02	1.6206667098e-02	-6.1366777473e-03	5.4495963037e-05	3.6503286182e-05
4.1100000000e+02	1.6243173929e-02	-6.1912181933e-03	5.4584895675e-05	3.6510368064e-05
4.1200000000e+02	1.6279687818e-02	-6.2458474723e-03	5.4673629344e-05	3.6517400337e-05
4.1300000000e+02	1.6316208714e-02	-6.3005653859e-03	5.4762164890e-05	3.6524383459e-05
4.1400000000e+02	1.6352736568e-02	-6.3553717364e-03	5.4850503151e-05	3.6531317882e-05
4.1500000000e+02	1.6389271333e-02	-6.4102663268e-03	5.4938644964e-05	3.6538204054e-05
4.1600000000e+02	1.6425812960e-02	-6.4652489611e-03	5.5026591158e-05	3.6545042417e-05
4.1700000000e+02	1.6462361402e-02	-6.5203194441e-03	5.5114342557e-05	3.6551833407e-05
4.1800000000e+02	1.6498916612e-02	-6.5754775815e-03	5.5201899984e-05	3.6558577458e-05
4.1900000000e+02	1.6535478542e-02	-6.6307231797e-03	5.5289264252e-05	3.6565274997e-05
4.2000000000e+02	1.6572047146e-02	-6.6860560459e-03	5.5376436172e-05	3.6571926447e-05
4.2100000000e+02	1.6608622379e-02	-6.7414759882e-03	5.5463416550e-05	3.6578532225e-05
4.2200000000e+02	1.6645204196e-02	-6.7969828154e-03	5.5550206187e-05	3.6585092744e-05
4.2300000000e+02	1.6681792550e-02	-6.8525763373e-03	5.5636805880e-05	3.6591608414e-05
4.2400000000e+02	1.6718387398e-02	-6.9082563642e-03	5.5723216419e-05	3.6598079639e-05
4.2500000000e+02	1.6754988695e-02	-6.9640227073e-03	5.5809438593e-05	3.6604506818e-05
4.2600000000e+02	1.6791596397e-02	-7.0198751788e-03	5.5895473182e-05	3.6610890345e-05
4.2700000000e+02	1.6828210461e-02	-7.0758135914e-03	5.5981320965e-05	3.6617230613e-05
4.2800000000e+02	1.6864830844e-02	-7.1318377587e-03	5.6066982716e-05	3.6623528007e-05
4.2900000000e+02	1.6901457503e-02	-7.1879474951e-03	5.6152459202e-05	3.6629782910e-05
4.3000000000e+02	1.6938090395e-02	-7.2441426156e-03	5.6237751188e-05	3.6635995699e-05
4.3100000000e+02	1.6974729480e-02	-7.3004229362e-03	5.6322859435e-05	3.6642166748e-05
4.3200000000e+02	1.7011374715e-02	-7.3567882735e-03	5.6407784696e-05	3.6648296428e-05
4.3300000000e+02	1.7048026059e-02	-7.4132384449e-03	5.6492527723e-05	3.6654385103e-05
4.3400000000e+02	1.7084683472e-02	-7.4697732685e-03	5.6577089263e-05	3.6660433136e-05
4.3500000000e+02	1.7121346912e-02	-7.5263925631e-03	5.6661470058e-05	3.6666440884e-05
4.3600000000e+02	1.7158016340e-02	-7.5830961486e-03	5.6745670846e-05	3.6672408700e-05
4.3700000000e+02	1.7194691716e-02	-7.6398838451e-03	5.6829692360e-05	3.6678336936e-05
4.3800000000e+02	1.7231373001e-02	-7.6967554738e-03	5.6913535331e-05	3.6684225937e-05
4.3900000000e+02	1.7268060155e-02	-7.7537108565e-03	5.6997200482e-05	3.6690076045e-05
4.4000000000e+02	1.7304753140e-02	-7.8107498157e-03	5.7080688536e-05	3.6695887600e-05
4.4100000000e+02	1.7341451918e-02	-7.8678721748e-03	5.7164000210e-05	3.6701660936e-05
4.4200000000e+02	1.7378156450e-02	-7.9250777576e-03	5.7247136215e-05	3.6707396386e-05
4.4300000000e+02	1.7414866698e-02	-7.9823663889e-03	5.7330097261e-05	3.6713094276e-05
4.4400000000e+02	1.7451582626e-02	-8.0397378940e-03	5.7412884053e-05	3.6718754932e-05
4.4500000000e+02	1.7488304196e-02	-8.0971920991e-03	5.7495497291e-05	3.6724378675e-05
4.4600000000e+02	1.7525031371e-02	-8.1547288310e-03	5.7577937672e-05	3.6729965821e-05
4.4700000000e+02	1.7561764115e-02	-8.2123479171e-03	5.7660205888e-05	3.6735516686e-05
4.4800000000e+02	1.7598502392e-02	-8.2700491856e-03	5.7742302629e-05	3.6741031580e-05
4.4900000000e+02	1.7635246166e-02	-8.3278324654e-03	5.7824228579e-05	3.6746510810e-05
4.5000000000e+02	1.7671995402e-02	-8.3856975860e-03	5.7905984418e-05	3.6751954682e-05
4.5100000000e+02	1.7708750064e-02	-8.4436443778e-03	5.7987570824e-05	3.6757363495e-05
4.5200000000e+02	1.7745510117e-02	-8.5016726714e-03	5.8068988471e-05	3.6762737549e-05
4.5300000000e+02	1.7782275528e-02	-8.5597822987e-03	5.8150238027e-05	3.6768077137e-05
4.5400000000e+02	1.7819046260e-02	-8.6179730917e-03	5.8231320159e-05	3.6773382552e-05
4.5500000000e+02	1.7855822281e-02	-8.6762448834e-03	5.8312235527e-05	3.6778654083e-05
4.5600000000e+02	1.7892603557e-02	-8.7345975074e-03	5.8392984791e-05	3.6783892013e-05
4.5700000000e+02	1.7929390054e-02	-8.7930307978e-03	5.8473568604e-05	3.6789096628e-05
4.5800000000e+02	1.7966181740e-02	-8.8515445897e-03	5.8553987618e-05	3.6794268206e-05
4.5900000000e+02	1.8002978580e-02	-8.9101387184e-03	5.8634242480e-05	3.6799407023e-05
4.6000000000e+02	1.8039780543e-02	-8.9688130201e-03	5.8714333832e-05	3.6804513355e-05
4.6100000000e+02	1.8076587596e-02	-9.0275673317e-03	5.8794262316e-05	3.6809587472e-05
4.6200000000e+02	1.8113399707e-02	-9.0864014907e-03	5.8874028566e-05	3.6814629642e-05
4.6300000000e+02	1.8150216845e-02	-9.1453153350e-03	5.8953633217e-05	3.6819640131e-05
4.6400000000e+02	1.8187038977e-02	-9.2043087034e-03	5.9033076897e-05	3.6824619201e-05
4.6500000000e+02	1.8223866073e-02	-9.2633814353e-03	5.9112360232e-05	3.6829567114e-05
4.6600000000e+02	1.8260698101e-02	-9.3225333707e-03	5.9191483844e-05	3.6834484126e-05
4.6700000000e+02	1.8297535031e-02	-9.3817643500e-03	5.9270448352e-05	3.6839370492e-05
4.6800000000e+02	1.8334376832e-02	-9.4410742145e-03	5.9349254372e-05	3.6844226464e-05
4.6900000000e+02	1.8371223473e-02	-9.5004628061e-03	5.9427902515e-05	3.6849052292e-05
4.7000000000e+02	1.8408074926e-02	-9.5599299671e-03	5.9506393390e-05	3.6853848224e-05
4.7100000000e+02	1.8444931160e-02	-9.6194755407e-03	5.9584727602e-05	3.6858614503e-05
4.7200000000e+02	1.8481792145e-02	-9.6790993703e-03	5.9662905754e-05	3.6863351372e-05
4.7300000000e+02	1.8518657853e-02	-9.7388013004e-03	5.9740928443e-05	3.6868059070e-05
4.7400000000e+02	1.8555528254e-02	-9.7985811756e-03	5.9818796265e-05	3.6872737835e-05
4.7500000000e+02	1.8592403319e-02	-9.8584388415e-03	5.9896509812e-05	3.6877387902e-05
4.7600000000e+02	1.8629283020e-02	-9.9183741440e-03	5.9974069673e-05	3.6882009503e-05
4.7700000000e+02	1.8666167329e-02	-9.9783869298e-03	6.0051476433e-05	3.6886602869e-05
4.7800000000e+02	1.8703056217e-02	-1.0038477046e-02	6.0128730675e-05	3.6891168226e-05
4.7900000000e+02	1.8739949656e-02	-1.0098644340e-02	6.0205832978e-05	3.6895705801e-05
4.8000000000e+02	1.8776847619e-02	-1.0158888662e-02	6.0282783918e-05	3.6900215818e-05
4.8100000000e+02	1.8813750078e-02	-1.0219209858e-02	6.0359584068e-05	3.6904698497e-05
4.8200000000e+02	1.8850657007e-02	-1.0279607780e-02	6.0436233997e-05	3.6909154057e-05
4.8300000000e+02	1.8887568378e-02	-1.0340082276e-02	6.0512734273e-05	3.6913582715e-05
4.8400000000e+02	1.8924484164e-02	-1.0400633198e-02	6.0589085459e-05	3.6917984685e-05
4.8500000000e+02	1.8961404338e-02	-1.0461260398e-02	6.0665288115e-05	3.6922360181e-05
4.8600000000e+02	1.8998328875e-02	-1.0521963725e-02	6.0741342799e-05	3.6926709412e-05
4.8700000000e+02	1.9035257748e-02	-1.0582743034e-02	6.0817250066e-05	3.6931032587e-05
4.8800000000e+02	1.9072190932e-02	-1.0643598177e-02	6.0893010468e-05	3.6935329912e-05
4.8900000000e+02	1.9109128400e-02	-1.0704529006e-02	6.0968624552e-05	3.6939601591e-05
4.9000000000e+02	1.9146070126e-02	-1.0765535377e-02	6.1044092864e-05	3.6943847827e-05
4.9100000000e+02	1.9183016087e-02	-1.0826617144e-02	6.1119415948e-05	3.6948068820e-05
4.9200000000e+02	1.9219966256e-02	-1.0887774161e-02	6.1194594342e-05	3.6952264768e-05
4.9300000000e+02	1.9256920608e-02	-1.0949006284e-02	6.1269628585e-05	3.6956435868e-05
4.9400000000e+02	1.9293879119e-02	-1.1010313370e-02	6.1344519209e-05	3.6960582313e-05
4.9500000000e+02	1.9330841765e-02	-1.1071695275e-02	6.1419266746e-05	3.6964704298e-05
4.9600000000e+02	1.9367808520e-02	-1.1133151856e-02	6.1493871725e-05	3.6968802011e-05
4.9700000000e+02	1.9404779361e-02	-1.1194682971e-02	6.1568334671e-05	3.6972875643e-05
4.9800000000e+02	1.9441754263e-02	-1.1256288478e-02	6.1642656107e-05	3.6976925381e-05
4.9900000000e+02	1.9478733203e-02	-1.1317968236e-02	6.1716836552e-05	3.6980951409e-05
5.0000000000e+02	1.9515716158e-02	-1.1379722104e-02	6.1790876525e-05	3.6984953912e-05
5.0100000000e+02	1.9552703103e-02	-1.1441549943e-02	6.1864776539e-05	3.6988933070e-05
5.0200000000e+02	1.9589694016e-02	-1.1503451611e-02	6.1938537106e-05	3.6992889064e-05
5.0300000000e+02	1.9626688874e-02	-1.1565426970e-02	6.2012158736e-05	3.6996822073e-05
5.0400000000e+02	1.9663687653e-02	-1.1627475882e-02	6.2085641935e-05	3.7000732272e-05
5.0500000000e+02	1.9700690331e-02	-1.1689598208e-02	6.2158987207e-05	3.7004619837e-05
5.0600000000e+02	1.9737696885e-02	-1.1751793811e-02	6.2232195052e-05	3.7008484940e-05
5.0700000000e+02	1.9774707293e-02	-1.1814062553e-02	6.2305265969e-05	3.7012327755e-05
5.0800000000e+02	1.9811721533e-02	-1.1876404297e-02	6.2378200454e-05	3.7016148449e-05
5.0900000000e+02	1.9848739583e-02	-1.1938818908e-02	6.2450999001e-05	3.7019947193e-05
5.1000000000e+02	1.9885761420e-02	-1.2001306250e-02	6.2523662099e-05	3.7023724152e-05
5.1100000000e+02	1.9922787024e-02	-1.2063866188e-02	6.2596190238e-05	3.7027479492e-05
5.1200000000e+02	1.9959816372e-02	-1.2126498586e-02	6.2668583903e-05	3.7031213376e-05
5.1300000000e+02	1.9996849444e-02	-1.2189203311e-02	6.2740843576e-05	3.7034925967e-05
5.1400000000e+02	2.0033886217e-02	-1.2251980229e-02	6.2812969739e-05	3.7038617425e-05
5.1500000000e+02	2.0070926672e-02	-1.2314829206e-02	6.2884962869e-05	3.7042287909e-05
5.1600000000e+02	2.0107970786e-02	-1.2377750110e-02	6.2956823442e-05	3.7045937577e-05
5.1700000000e+02	2.0145018540e-02	-1.2440742809e-02	6.3028551932e-05	3.7049566585e-05
5.1800000000e+02	2.0182069912e-02	-1.2503807170e-02	6.3100148808e-05	3.7053175088e-05
5.1900000000e+02	2.0219124883e-02	-1.2566943063e-02	6.3171614539e-05	3.7056763239e-05
5.2000000000e+02	2.0256183432e-02	-1.2630150356e-02	6.3242949592e-05	3.7060331189e-05
5.2100000000e+02	2.0293245539e-02	-1.2693428918e-02	6.3314154429e-05	3.7063879090e-05
5.2200000000e+02	2.0330311184e-02	-1.2756778621e-02	6.3385229511e-05	3.7067407089e-05
5.2300000000e+02	2.0367380347e-02	-1.2820199334e-02	6.3456175298e-05	3.7070915336e-05
5.2400000000e+02	2.0404453008e-02	-1.2883690929e-02	6.3526992246e-05	3.7074403976e-05
5.2500000000e+02	2.0441529148e-02	-1.2947253276e-02	6.3597680808e-05	3.7077873154e-05
5.2600000000e+02	2.0478608748e-02	-1.3010886248e-02	6.3668241436e-05	3.7081323014e-05
5.2700000000e+02	2.0515691788e-02	-1.3074589716e-02	6.3738674581e-05	3.7084753698e-05
5.2800000000e+02	2.0552778249e-02	-1.3138363555e-02	6.3808980688e-05	3.7088165347e-05
5.2900000000e+02	2.0589868112e-02	-1.3202207636e-02	6.3879160203e-05	3.7091558100e-05
5.3000000000e+02	2.0626961359e-02	-1.3266121833e-02	6.3949213569e-05	3.7094932098e-05
5.3100000000e+02	2.0664057970e-02	-1.3330106021e-02	6.4019141226e-05	3.7098287475e-05
5.3200000000e+02	2.0701157927e-02	-1.3394160074e-02	6.4088943611e-05	3.7101624370e-05
5.3300000000e+02	2.0738261213e-02	-1.3458283866e-02	6.4158621162e-05	3.7104942915e-05
5.3400000000e+02	2.0775367807e-02	-1.3522477275e-02	6.4228174310e-05	3.7108243245e-05
5.3500000000e+02	2.0812477693e-02	-1.3586740174e-02	6.4297603489e-05	3.7111525492e-05
5.3600000000e+02	2.0849590852e-02	-1.3651072440e-02	6.4366909128e-05	3.7114789787e-05
5.3700000000e+02	2.0886707267e-02	-1.3715473951e-02	6.4436091653e-05	3.7118036261e-05
5.3800000000e+02	2.0923826919e-02	-1.3779944583e-02	6.4505151490e-05	3.7121265041e-05
5.3900000000e+02	2.0960949791e-02	-1.3844484213e-02	6.4574089062e-05	3.7124476255e-05
5.4000000000e+02	2.0998075866e-02	-1.3909092720e-02	6.4642904789e-05	3.7127670031e-05
5.4100000000e+02	2.1035205125e-02	-1.3973769982e-02	6.4711599090e-05	3.7130846492e-05
5.4200000000e+02	2.1072337553e-02	-1.4038515878e-02	6.4780172382e-05	3.7134005765e-05
5.4300000000e+02	2.1109473131e-02	-1.4103330287e-02	6.4848625079e-05	3.7137147970e-05
5.4400000000e+02	2.1146611843e-02	-1.4168213088e-02	6.4916957594e-05	3.7140273232e-05
5.4500000000e+02	2.1183753672e-02	-1.4233164162e-02	6.4985170338e-05	3.7143381669e-05
5.4600000000e+02	2.1220898601e-02	-1.4298183389e-02	6.5053263718e-05	3.7146473404e-05
5.4700000000e+02	2.1258046613e-02	-1.4363270650e-02	6.5121238141e-05	3.7149548553e-05
5.4800000000e+02	2.1295197692e-02	-1.4428425826e-02	6.5189094012e-05	3.7152607236e-05
5.4900000000e+02	2.1332351822e-02	-1.4493648799e-02	6.5256831732e-05	3.7155649568e-05
5.5000000000e+02	2.1369508986e-02	-1.4558939450e-02	6.5324451702e-05	3.7158675666e-05
5.5100000000e+02	2.1406669168e-02	-1.4624297663e-02	6.5391954321e-05	3.7161685643e-05
5.5200000000e+02	2.1443832352e-02	-1.4689723320e-02	6.5459339985e-05	3.7164679615e-05
5.5300000000e+02	2.1480998522e-02	-1.4755216304e-02	6.5526609089e-05	3.7167657693e-05
5.5400000000e+02	2.1518167662e-02	-1.4820776499e-02	6.5593762024e-05	3.7170619989e-05
5.5500000000e+02	2.1555339757e-02	-1.4886403789e-02	6.5660799183e-05	3.7173566614e-05
5.5600000000e+02	2.1592514790e-02	-1.4952098059e-02	6.5727720952e-05	3.7176497677e-05
5.5700000000e+02	2.1629692747e-02	-1.5017859193e-02	6.5794527720e-05	3.7179413288e-05
5.5800000000e+02	2.1666873612e-02	-1.5083687076e-02	6.5861219871e-05	3.7182313555e-05
5.5900000000e+02	2.1704057369e-02	-1.5149581595e-02	6.5927797789e-05	3.7185198583e-05
5.6000000000e+02	2.1741244004e-02	-1.5215542634e-02	6.5994261853e-05	3.7188068480e-05
5.6100000000e+02	2.1778433501e-02	-1.5281570081e-02	6.6060612445e-05	3.7190923350e-05
5.6200000000e+02	2.1815625846e-02	-1.5347663821e-02	6.6126849941e-05	3.7193763297e-05
5.6300000000e+02	2.1852821023e-02	-1.5413823743e-02	6.6192974717e-05	3.7196588426e-05
5.6400000000e+02	2.1890019018e-02	-1.5480049733e-02	6.6258987147e-05	3.7199398837e-05
5.6500000000e+02	2.1927219816e-02	-1.5546341680e-02	6.6324887602e-05	3.7202194633e-05
5.6600000000e+02	2.1964423402e-02	-1.5612699471e-02	6.6390676454e-05	3.7204975915e-05
5.6700000000e+02	2.2001629763e-02	-1.5679122996e-02	6.6456354071e-05	3.7207742781e-05
5.6800000000e+02	2.2038838883e-02	-1.5745612142e-02	6.6521920819e-05	3.7210495332e-05
5.6900000000e+02	2.2076050748e-02	-1.5812166800e-02	6.6587377063e-05	3.7213233665e-05
5.7000000000e+02	2.2113265345e-02	-1.5878786860e-02	6.6652723167e-05	3.7215957877e-05
5.7100000000e+02	2.2150482660e-02	-1.5945472210e-02	6.6717959492e-05	3.7218668065e-05
5.7200000000e+02	2.2187702677e-02	-1.6012222742e-02	6.6783086397e-05	3.7221364325e-05
5.7300000000e+02	2.2224925384e-02	-1.6079038347e-02	6.6848104241e-05	3.7224046750e-05
5.7400000000e+02	2.2262150766e-02	-1.6145918915e-02	6.6913013380e-05	3.7226715436e-05
5.7500000000e+02	2.2299378810e-02	-1.6212864337e-02	6.6977814169e-05	3.7229370476e-05
5.7600000000e+02	2.2336609502e-02	-1.6279874507e-02	6.7042506960e-05	3.7232011961e-05
5.7700000000e+02	2.2373842829e-02	-1.6346949315e-02	6.7107092105e-05	3.7234639984e-05
5.7800000000e+02	2.2411078778e-02	-1.6414088655e-02	6.7171569953e-05	3.7237254636e-05
5.7900000000e+02	2.2448317334e-02	-1.6481292420e-02	6.7235940853e-05	3.7239856006e-05
5.8000000000e+02	2.2485558485e-02	-1.6548560501e-02	6.7300205150e-05	3.7242444184e-05
5.8100000000e+02	2.2522802218e-02	-1.6615892794e-02	6.7364363189e-05	3.7245019258e-05
5.8200000000e+02	2.2560048520e-02	-1.6683289193e-02	6.7428415313e-05	3.7247581317e-05
5.8300000000e+02	2.2597297377e-02	-1.6750749590e-02	6.7492361863e-05	3.7250130448e-05
5.8400000000e+02	2.2634548776e-02	-1.6818273881e-02	6.7556203180e-05	3.7252666736e-05
5.8500000000e+02	2.2671802706e-02	-1.6885861961e-02	6.7619939602e-05	3.7255190268e-05
5.8600000000e+02	2.2709059152e-02	-1.6953513726e-02	6.7683571464e-05	3.7257701129e-05
5.8700000000e+02	2.2746318104e-02	-1.7021229069e-02	6.7747099103e-05	3.7260199403e-05
5.8800000000e+02	2.2783579547e-02	-1.7089007889e-02	6.7810522851e-05	3.7262685174e-05
5.8900000000e+02	2.2820843470e-02	-1.7156850081e-02	6.7873843040e-05	3.7265158524e-05
5.9000000000e+02	2.2858109860e-02	-1.7224755541e-02	6.7937060001e-05	3.7267619535e-05
5.9100000000e+02	2.2895378705e-02	-1.7292724166e-02	6.8000174063e-05	3.7270068290e-05
5.9200000000e+02	2.2932649993e-02	-1.7360755855e-02	6.8063185553e-05	3.7272504869e-05
5.9300000000e+02	2.2969923711e-02	-1.7428850503e-02	6.8126094796e-05	3.7274929353e-05
5.9400000000e+02	2.3007199847e-02	-1.7497008010e-02	6.8188902117e-05	3.7277341820e-05
5.9500000000e+02	2.3044478390e-02	-1.7565228274e-02	6.8251607839e-05	3.7279742350e-05
5.9600000000e+02	2.3081759328e-02	-1.7633511192e-02	6.8314212282e-05	3.7282131021e-05
5.9700000000e+02	2.3119042648e-02	-1.7701856665e-02	6.8376715767e-05	3.7284507911e-05
5.9800000000e+02	2.3156328340e-02	-1.7770264590e-02	6.8439118612e-05	3.7286873097e-05
5.9900000000e+02	2.3193616391e-02	-1.7838734868e-02	6.8501421134e-05	3.7289226655e-05
6.0000000000e+02	2.3230906789e-02	-1.7907267399e-02	6.8563623648e-05	3.7291568660e-05
6.0100000000e+02	2.3268199524e-02	-1.7975862083e-02	6.8625726467e-05	3.7293899189e-05
6.0200000000e+02	2.3305494584e-02	-1.8044518819e-02	6.8687729905e-05	3.7296218315e-05
6.0300000000e+02	2.3342791957e-02	-1.8113237509e-02	6.8749634273e-05	3.7298526112e-05
6.0400000000e+02	2.3380091632e-02	-1.8182018055e-02	6.8811439879e-05	3.7300822654e-05
6.0500000000e+02	2.3417393599e-02	-1.8250860356e-02	6.8873147033e-05	3.7303108014e-05
6.0600000000e+02	2.3454697845e-02	-1.8319764316e-02	6.8934756041e-05	3.7305382263e-05
6.0700000000e+02	2.3492004360e-02	-1.8388729836e-02	6.8996267208e-05	3.7307645474e-05
6.0800000000e+02	2.3529313132e-02	-1.8457756818e-02	6.9057680839e-05	3.7309897717e-05
6.0900000000e+02	2.3566624151e-02	-1.8526845165e-02	6.9118997235e-05	3.7312139062e-05
6.1000000000e+02	2.3603937407e-02	-1.8595994780e-02	6.9180216699e-05	3.7314369581e-05
6.1100000000e+02	2.3641252887e-02	-1.8665205566e-02	6.9241339530e-05	3.7316589341e-05
6.1200000000e+02	2.3678570582e-02	-1.8734477427e-02	6.9302366027e-05	3.7318798412e-05
6.1300000000e+02	2.3715890480e-02	-1.8803810266e-02	6.9363296487e-05	3.7320996861e-05
6.1400000000e+02	2.3753212572e-02	-1.8873203988e-02	6.9424131205e-05	3.7323184758e-05
6.1500000000e+02	2.3790536846e-02	-1.8942658497e-02	6.9484870476e-05	3.7325362168e-05
6.1600000000e+02	2.3827863293e-02	-1.9012173697e-02	6.9545514594e-05	3.7327529158e-05
6.1700000000e+02	2.3865191901e-02	-1.9081749494e-02	6.9606063850e-05	3.7329685795e-05
6.1800000000e+02	2.3902522661e-02	-1.9151385793e-02	6.9666518535e-05	3.7331832144e-05
6.1900000000e+02	2.3939855562e-02	-1.9221082500e-02	6.9726878937e-05	3.7333968270e-05
6.2000000000e+02	2.3977190594e-02	-1.9290839520e-02	6.9787145345e-05	3.7336094237e-05
6.2100000000e+02	2.4014527747e-02	-1.9360656759e-02	6.9847318046e-05	3.7338210111e-05
6.2200000000e+02	2.4051867011e-02	-1.9430534125e-02	6.9907397325e-05	3.7340315953e-05
6.2300000000e+02	2.4089208376e-02	-1.9500471523e-02	6.9967383465e-05	3.7342411828e-05
6.2400000000e+02	2.4126551831e-02	-1.9570468861e-02	7.0027276750e-05	3.7344497797e-05
6.2500000000e+02	2.4163897368e-02	-1.9640526046e-02	7.0087077462e-05	3.7346573924e-05
6.2600000000e+02	2.4201244976e-02	-1.9710642985e-02	7.0146785880e-05	3.7348640269e-05
6.2700000000e+02	2.4238594645e-02	-1.9780819587e-02	7.0206402284e-05	3.7350696893e-05
6.2800000000e+02	2.4275946366e-02	-1.9851055759e-02	7.0265926951e-05	3.7352743857e-05
6.2900000000e+02	2.4313300130e-02	-1.9921351410e-02	7.0325360159e-05	3.7354781222e-05
6.3000000000e+02	2.4350655926e-02	-1.9991706449e-02	7.0384702182e-05	3.7356809047e-05
6.3100000000e+02	2.4388013745e-02	-2.0062120784e-02	7.0443953295e-05	3.7358827391e-05
6.3200000000e+02	2.4425373577e-02	-2.0132594325e-02	7.0503113770e-05	3.7360836313e-05
6.3300000000e+02	2.4462735414e-02	-2.0203126982e-02	7.0562183880e-05	3.7362835871e-05
6.3400000000e+02	2.4500099246e-02	-2.0273718663e-02	7.0621163894e-05	3.7364826123e-05
6.3500000000e+02	2.4537465063e-02	-2.0344369280e-02	7.0680054083e-05	3.7366807127e-05
6.3600000000e+02	2.4574832857e-02	-2.0415078741e-02	7.0738854715e-05	3.7368778940e-05
6.3700000000e+02	2.4612202618e-02	-2.0485846959e-02	7.0797566056e-05	3.7370741617e-05
6.3800000000e+02	2.4649574337e-02	-2.0556673844e-02	7.0856188372e-05	3.7372695216e-05
6.3900000000e+02	2.4686948006e-02	-2.0627559306e-02	7.0914721928e-05	3.7374639792e-05
6.4000000000e+02	2.4724323614e-02	-2.0698503258e-02	7.0973166988e-05	3.7376575400e-05
6.4100000000e+02	2.4761701153e-02	-2.0769505611e-02	7.1031523813e-05	3.7378502095e-05
6.4200000000e+02	2.4799080615e-02	-2.0840566276e-02	7.1089792666e-05	3.7380419931e-05
6.4300000000e+02	2.4836461990e-02	-2.0911685167e-02	7.1147973806e-05	3.7382328963e-05
6.4400000000e+02	2.4873845270e-02	-2.0982862195e-02	7.1206067493e-05	3.7384229244e-05
6.4500000000e+02	2.4911230446e-02	-2.1054097273e-02	7.1264073983e-05	3.7386120827e-05
6.4600000000e+02	2.4948617509e-02	-2.1125390314e-02	7.1321993534e-05	3.7388003765e-05
6.4700000000e+02	2.4986006451e-02	-2.1196741231e-02	7.1379826402e-05	3.7389878111e-05
6.4800000000e+02	2.5023397262e-02	-2.1268149938e-02	7.1437572840e-05	3.7391743916e-05
6.4900000000e+02	2.5060789936e-02	-2.1339616348e-02	7.1495233103e-05	3.7393601232e-05
6.5000000000e+02	2.5098184462e-02	-2.1411140375e-02	7.1552807442e-05	3.7395450110e-05
6.5100000000e+02	2.5135580833e-02	-2.1482721934e-02	7.1610296110e-05	3.7397290602e-05
6.5200000000e+02	2.5172979040e-02	-2.1554360939e-02	7.1667699355e-05	3.7399122757e-05
6.5300000000e+02	2.5210379076e-02	-2.1626057305e-02	7.1725017428e-05	3.7400946625e-05
6.5400000000e+02	2.5247780931e-02	-2.1697810946e-02	7.1782250576e-05	3.7402762257e-05
6.5500000000e+02	2.5285184598e-02	-2.1769621778e-02	7.1839399046e-05	3.7404569702e-05
6.5600000000e+02	2.5322590068e-02	-2.1841489716e-02	7.1896463084e-05	3.7406369008e-05
6.5700000000e+02	2.5359997333e-02	-2.1913414676e-02	7.1953442936e-05	3.7408160225e-05
6.5800000000e+02	2.5397406385e-02	-2.1985396574e-02	7.2010338844e-05	3.7409943400e-05
6.5900000000e+02	2.5434817217e-02	-2.2057435326e-02	7.2067151051e-05	3.7411718581e-05
6.6000000000e+02	2.5472229820e-02	-2.2129530848e-02	7.2123879800e-05	3.7413485817e-05
6.6100000000e+02	2.5509644186e-02	-2.2201683057e-02	7.2180525331e-05	3.7415245153e-05
6.6200000000e+02	2.5547060308e-02	-2.2273891871e-02	7.2237087883e-05	3.7416996637e-05
6.6300000000e+02	2.5584478177e-02	-2.2346157206e-02	7.2293567696e-05	3.7418740316e-05
6.6400000000e+02	2.5621897786e-02	-2.2418478979e-02	7.2349965007e-05	3.7420476235e-05
6.6500000000e+02	2.5659319127e-02	-2.2490857108e-02	7.2406280052e-05	3.7422204441e-05
6.6600000000e+02	2.5696742192e-02	-2.2563291512e-02	7.2462513068e-05	3.7423924978e-05
6.6700000000e+02	2.5734166974e-02	-2.2635782107e-02	7.2518664290e-05	3.7425637893e-05
6.6800000000e+02	2.5771593465e-02	-2.2708328813e-02	7.2574733949e-05	3.7427343229e-05
6.6900000000e+02	2.5809021658e-02	-2.2780931548e-02	7.2630722281e-05	3.7429041031e-05
6.7000000000e+02	2.5846451545e-02	-2.2853590230e-02	7.2686629515e-05	3.7430731344e-05
6.7100000000e+02	2.5883883118e-02	-2.2926304780e-02	7.2742455884e-05	3.7432414210e-05
6.7200000000e+02	2.5921316371e-02	-2.2999075115e-02	7.2798201616e-05	3.7434089675e-05
6.7300000000e+02	2.5958751295e-02	-2.3071901156e-02	7.2853866941e-05	3.7435757780e-05
6.7400000000e+02	2.5996187884e-02	-2.3144782823e-02	7.2909452087e-05	3.7437418570e-05
6.7500000000e+02	2.6033626130e-02	-2.3217720034e-02	7.2964957280e-05	3.7439072085e-05
6.7600000000e+02	2.6071066026e-02	-2.3290712711e-02	7.3020382746e-05	3.7440718370e-05
6.7700000000e+02	2.6108507564e-02	-2.3363760773e-02	7.3075728711e-05	3.7442357464e-05
6.7800000000e+02	2.6145950738e-02	-2.3436864142e-02	7.3130995398e-05	3.7443989411e-05
6.7900000000e+02	2.6183395541e-02	-2.3510022737e-02	7.3186183031e-05	3.7445614252e-05
6.8000000000e+02	2.6220841964e-02	-2.3583236481e-02	7.3241291832e-05	3.7447232027e-05
6.8100000000e+02	2.6258290002e-02	-2.3656505295e-02	7.3296322022e-05	3.7448842778e-05
6.8200000000e+02	2.6295739648e-02	-2.3729829099e-02	7.3351273822e-05	3.7450446545e-05
6.8300000000e+02	2.6333190893e-02	-2.3803207816e-02	7.3406147452e-05	3.7452043367e-05
6.8400000000e+02	2.6370643732e-02	-2.3876641368e-02	7.3460943129e-05	3.7453633286e-05
6.8500000000e+02	2.6408098157e-02	-2.3950129677e-02	7.3515661072e-05	3.7455216340e-05
6.8600000000e+02	2.6445554162e-02	-2.4023672664e-02	7.3570301497e-05	3.7456792569e-05
6.8700000000e+02	2.6483011740e-02	-2.4097270254e-02	7.3624864620e-05	3.7458362012e-05
6.8800000000e+02	2.6520470884e-02	-2.4170922368e-02	7.3679350657e-05	3.7459924707e-05
6.8900000000e+02	2.6557931587e-02	-2.4244628930e-02	7.3733759822e-05	3.7461480694e-05
6.9000000000e+02	2.6595393843e-02	-2.4318389862e-02	7.3788092327e-05	3.7463030010e-05
6.9100000000e+02	2.6632857645e-02	-2.4392205089e-02	7.3842348385e-05	3.7464572693e-05
6.9200000000e+02	2.6670322987e-02	-2.4466074533e-02	7.3896528208e-05	3.7466108782e-05
6.9300000000e+02	2.6707789861e-02	-2.4539998120e-02	7.3950632007e-05	3.7467638313e-05
6.9400000000e+02	2.6745258261e-02	-2.4613975772e-02	7.4004659990e-05	3.7469161323e-05
6.9500000000e+02	2.6782728181e-02	-2.4688007415e-02	7.4058612368e-05	3.7470677850e-05
6.9600000000e+02	2.6820199615e-02	-2.4762092972e-02	7.4112489348e-05	3.7472187930e-05
6.9700000000e+02	2.6857672555e-02	-2.4836232368e-02	7.4166291138e-05	3.7473691599e-05
6.9800000000e+02	2.6895146996e-02	-2.4910425529e-02	7.4220017944e-05	3.7475188894e-05
6.9900000000e+02	2.6932622931e-02	-2.4984672379e-02	7.4273669971e-05	3.7476679851e-05
7.0000000000e+02	2.6970100353e-02	-2.5058972844e-02	7.4327247425e-05	3.7478164504e-05
7.0100000000e+02	2.7007579257e-02	-2.5133326849e-02	7.4380750509e-05	3.7479642890e-05
7.0200000000e+02	2.7045059637e-02	-2.5207734320e-02	7.4434179426e-05	3.7481115043e-05
7.0300000000e+02	2.7082541485e-02	-2.5282195183e-02	7.4487534380e-05	3.7482580999e-05
7.0400000000e+02	2.7120024797e-02	-2.5356709365e-02	7.4540815570e-05	3.7484040792e-05
7.0500000000e+02	2.7157509565e-02	-2.5431276790e-02	7.4594023199e-05	3.7485494456e-05
7.0600000000e+02	2.7194995784e-02	-2.5505897387e-02	7.4647157465e-05	3.7486942026e-05
7.0700000000e+02	2.7232483447e-02	-2.5580571081e-02	7.4700218568e-05	3.7488383535e-05
7.0800000000e+02	2.7269972549e-02	-2.5655297799e-02	7.4753206706e-05	3.7489819017e-05
7.0900000000e+02	2.7307463083e-02	-2.5730077470e-02	7.4806122077e-05	3.7491248506e-05
7.1000000000e+02	2.7344955044e-02	-2.5804910019e-02	7.4858964878e-05	3.7492672034e-05
7.1100000000e+02	2.7382448425e-02	-2.5879795375e-02	7.4911735303e-05	3.7494089636e-05
7.1200000000e+02	2.7419943221e-02	-2.5954733466e-02	7.4964433549e-05	3.7495501342e-05
7.1300000000e+02	2.7457439426e-02	-2.6029724219e-02	7.5017059810e-05	3.7496907187e-05
7.1400000000e+02	2.7494937034e-02	-2.6104767562e-02	7.5069614279e-05	3.7498307203e-05
7.1500000000e+02	2.7532436038e-02	-2.6179863423e-02	7.5122097149e-05	3.7499701420e-05
7.1600000000e+02	2.7569936435e-02	-2.6255011732e-02	7.5174508613e-05	3.7501089872e-05
7.1700000000e+02	2.7607438216e-02	-2.6330212417e-02	7.5226848860e-05	3.7502472590e-05
7.1800000000e+02	2.7644941378e-02	-2.6405465406e-02	7.5279118083e-05	3.7503849605e-05
7.1900000000e+02	2.7682445914e-02	-2.6480770629e-02	7.5331316471e-05	3.7505220949e-05
7.2000000000e+02	2.7719951818e-02	-2.6556128016e-02	7.5383444213e-05	3.7506586653e-05
7.2100000000e+02	2.7757459085e-02	-2.6631537494e-02	7.5435501497e-05	3.7507946747e-05
7.2200000000e+02	2.7794967709e-02	-2.6706998995e-02	7.5487488510e-05	3.7509301262e-05
7.2300000000e+02	2.7832477686e-02	-2.6782512448e-02	7.5539405441e-05	3.7510650228e-05
7.2400000000e+02	2.7869989008e-02	-2.6858077783e-02	7.5591252473e-05	3.7511993676e-05
7.2500000000e+02	2.7907501671e-02	-2.6933694930e-02	7.5643029794e-05	3.7513331635e-05
7.2600000000e+02	2.7945015669e-02	-2.7009363819e-02	7.5694737588e-05	3.7514664136e-05
7.2700000000e+02	2.7982530998e-02	-2.7085084382e-02	7.5746376038e-05	3.7515991207e-05
7.2800000000e+02	2.8020047650e-02	-2.7160856548e-02	7.5797945327e-05	3.7517312879e-05
7.2900000000e+02	2.8057565622e-02	-2.7236680249e-02	7.5849445639e-05	3.7518629180e-05
7.3000000000e+02	2.8095084907e-02	-2.7312555416e-02	7.5900877155e-05	3.7519940139e-05
7.3100000000e+02	2.8132605500e-02	-2.7388481981e-02	7.5952240056e-05	3.7521245785e-05
7.3200000000e+02	2.8170127397e-02	-2.7464459874e-02	7.6003534522e-05	3.7522546147e-05
7.3300000000e+02	2.8207650591e-02	-2.7540489027e-02	7.6054760734e-05	3.7523841253e-05
7.3400000000e+02	2.8245175077e-02	-2.7616569373e-02	7.6105918869e-05	3.7525131132e-05
7.3500000000e+02	2.8282700851e-02	-2.7692700842e-02	7.6157009107e-05	3.7526415811e-05
7.3600000000e+02	2.8320227907e-02	-2.7768883368e-02	7.6208031624e-05	3.7527695317e-05
7.3700000000e+02	2.8357756240e-02	-2.7845116883e-02	7.6258986598e-05	3.7528969680e-05
7.3800000000e+02	2.8395285845e-02	-2.7921401319e-02	7.6309874206e-05	3.7530238926e-05
7.3900000000e+02	2.8432816716e-02	-2.7997736609e-02	7.6360694621e-05	3.7531503082e-05
7.4000000000e+02	2.8470348849e-02	-2.8074122686e-02	7.6411448020e-05	3.7532762176e-05
7.4100000000e+02	2.8507882239e-02	-2.8150559483e-02	7.6462134577e-05	3.7534016235e-05
7.4200000000e+02	2.8545416880e-02	-2.8227046933e-02	7.6512754465e-05	3.7535265284e-05
7.4300000000e+02	2.8582952768e-02	-2.8303584969e-02	7.6563307856e-05	3.7536509352e-05
7.4400000000e+02	2.8620489897e-02	-2.8380173526e-02	7.6613794924e-05	3.7537748464e-05
7.4500000000e+02	2.8658028263e-02	-2.8456812537e-02	7.6664215839e-05	3.7538982646e-05
7.4600000000e+02	2.8695567861e-02	-2.8533501936e-02	7.6714570773e-05	3.7540211924e-05
7.4700000000e+02	2.8733108685e-02	-2.8610241657e-02	7.6764859896e-05	3.7541436325e-05
7.4800000000e+02	2.8770650732e-02	-2.8687031634e-02	7.6815083377e-05	3.7542655874e-05
7.4900000000e+02	2.8808193995e-02	-2.8763871802e-02	7.6865241385e-05	3.7543870597e-05
7.5000000000e+02	2.8845738471e-02	-2.8840762095e-02	7.6915334088e-05	3.7545080518e-05
7.5100000000e+02	2.8883284155e-02	-2.8917702448e-02	7.6965361655e-05	3.7546285663e-05
7.5200000000e+02	2.8920831041e-02	-2.8994692797e-02	7.7015324252e-05	3.7547486058e-05
7.5300000000e+02	2.8958379125e-02	-2.9071733075e-02	7.7065222046e-05	3.7548681726e-05
7.5400000000e+02	2.8995928403e-02	-2.9148823219e-02	7.7115055202e-05	3.7549872693e-05
7.5500000000e+02	2.9033478869e-02	-2.9225963164e-02	7.7164823885e-05	3.7551058984e-05
7.5600000000e+02	2.9071030519e-02	-2.9303152845e-02	7.7214528260e-05	3.7552240622e-05
7.5700000000e+02	2.9108583349e-02	-2.9380392199e-02	7.7264168492e-05	3.7553417632e-05
7.5800000000e+02	2.9146137353e-02	-2.9457681161e-02	7.7313744742e-05	3.7554590038e-05
7.5900000000e+02	2.9183692528e-02	-2.9535019667e-02	7.7363257174e-05	3.7555757863e-05
7.6000000000e+02	2.9221248867e-02	-2.9612407654e-02	7.7412705950e-05	3.7556921133e-05
7.6100000000e+02	2.9258806368e-02	-2.9689845058e-02	7.7462091231e-05	3.7558079869e-05
7.6200000000e+02	2.9296365026e-02	-2.9767331816e-02	7.7511413177e-05	3.7559234096e-05
7.6300000000e+02	2.9333924835e-02	-2.9844867863e-02	7.7560671951e-05	3.7560383838e-05
7.6400000000e+02	2.9371485792e-02	-2.9922453138e-02	7.7609867710e-05	3.7561529116e-05
7.6500000000e+02	2.9409047892e-02	-3.0000087578e-02	7.7659000614e-05	3.7562669954e-05
7.6600000000e+02	2.9446611130e-02	-3.0077771119e-02	7.7708070821e-05	3.7563806375e-05
7.6700000000e+02	2.9484175503e-02	-3.0155503699e-02	7.7757078490e-05	3.7564938402e-05
7.6800000000e+02	2.9521741006e-02	-3.0233285255e-02	7.7806023777e-05	3.7566066058e-05
7.6900000000e+02	2.9559307634e-02	-3.0311115725e-02	7.7854906839e-05	3.7567189364e-05
7.7000000000e+02	2.9596875383e-02	-3.0388995048e-02	7.7903727832e-05	3.7568308343e-05
7.7100000000e+02	2.9634444249e-02	-3.0466923161e-02	7.7952486912e-05	3.7569423017e-05
7.7200000000e+02	2.9672014228e-02	-3.0544900001e-02	7.8001184234e-05	3.7570533408e-05
7.7300000000e+02	2.9709585314e-02	-3.0622925508e-02	7.8049819952e-05	3.7571639538e-05
7.7400000000e+02	2.9747157505e-02	-3.0700999621e-02	7.8098394219e-05	3.7572741428e-05
7.7500000000e+02	2.9784730796e-02	-3.0779122276e-02	7.8146907190e-05	3.7573839101e-05
7.7600000000e+02	2.9822305182e-02	-3.0857293415e-02	7.8195359016e-05	3.7574932578e-05
7.7700000000e+02	2.9859880660e-02	-3.0935512974e-02	7.8243749850e-05	3.7576021879e-05
7.7800000000e+02	2.9897457224e-02	-3.1013780894e-02	7.8292079844e-05	3.7577107027e-05
7.7900000000e+02	2.9935034872e-02	-3.1092097114e-02	7.8340349147e-05	3.7578188042e-05
7.8000000000e+02	2.9972613599e-02	-3.1170461572e-02	7.8388557912e-05	3.7579264945e-05
7.8100000000e+02	3.0010193401e-02	-3.1248874209e-02	7.8436706287e-05	3.7580337756e-05
7.8200000000e+02	3.0047774273e-02	-3.1327334965e-02	7.8484794422e-05	3.7581406498e-05
7.8300000000e+02	3.0085356212e-02	-3.1405843778e-02	7.8532822466e-05	3.7582471189e-05
7.8400000000e+02	3.0122939214e-02	-3.1484400590e-02	7.8580790566e-05	3.7583531851e-05
7.8500000000e+02	3.0160523275e-02	-3.1563005339e-02	7.8628698871e-05	3.7584588503e-05
7.8600000000e+02	3.0198108390e-02	-3.1641657967e-02	7.8676547529e-05	3.7585641166e-05
7.8700000000e+02	3.0235694556e-02	-3.1720358415e-02	7.8724336684e-05	3.7586689860e-05
7.8800000000e+02	3.0273281768e-02	-3.1799106621e-02	7.8772066484e-05	3.7587734605e-05
7.8900000000e+02	3.0310870024e-02	-3.1877902528e-02	7.8819737074e-05	3.7588775420e-05
7.9000000000e+02	3.0348459318e-02	-3.1956746076e-02	7.8867348599e-05	3.7589812325e-05
7.9100000000e+02	3.0386049647e-02	-3.2035637205e-02	7.8914901204e-05	3.7590845339e-05
7.9200000000e+02	3.0423641007e-02	-3.2114575858e-02	7.8962395032e-05	3.7591874483e-05
7.9300000000e+02	3.0461233395e-02	-3.2193561976e-02	7.9009830228e-05	3.7592899775e-05
7.9400000000e+02	3.0498826806e-02	-3.2272595499e-02	7.9057206933e-05	3.7593921234e-05
7.9500000000e+02	3.0536421236e-02	-3.2351676370e-02	7.9104525291e-05	3.7594938880e-05
7.9600000000e+02	3.0574016682e-02	-3.2430804530e-02	7.9151785443e-05	3.7595952730e-05
7.9700000000e+02	3.0611613140e-02	-3.2509979922e-02	7.9198987531e-05	3.7596962805e-05
7.9800000000e+02	3.0649210606e-02	-3.2589202486e-02	7.9246131695e-05	3.7597969123e-05
7.9900000000e+02	3.0686809077e-02	-3.2668472166e-02	7.9293218076e-05	3.7598971702e-05
8.0000000000e+02	3.0724408549e-02	-3.2747788903e-02	7.9340246815e-05	3.7599970561e-05
8.0100000000e+02	3.0762009017e-02	-3.2827152640e-02	7.9387218049e-05	3.7600965718e-05
8.0200000000e+02	3.0799610479e-02	-3.2906563320e-02	7.9434131919e-05	3.7601957192e-05
8.0300000000e+02	3.0837212930e-02	-3.2986020885e-02	7.9480988562e-05	3.7602944999e-05
8.0400000000e+02	3.0874816368e-02	-3.3065525278e-02	7.9527788117e-05	3.7603929160e-05
8.0500000000e+02	3.0912420787e-02	-3.3145076442e-02	7.9574530720e-05	3.7604909690e-05
8.0600000000e+02	3.0950026186e-02	-3.3224674321e-02	7.9621216509e-05	3.7605886609e-05
8.0700000000e+02	3.0987632559e-02	-3.3304318857e-02	7.9667845621e-05	3.7606859934e-05
8.0800000000e+02	3.1025239904e-02	-3.3384009993e-02	7.9714418190e-05	3.7607829682e-05
8.0900000000e+02	3.1062848217e-02	-3.3463747674e-02	7.9760934353e-05	3.7608795871e-05
8.1000000000e+02	3.1100457495e-02	-3.3543531843e-02	7.9807394245e-05	3.7609758518e-05
8.1100000000e+02	3.1138067733e-02	-3.3623362444e-02	7.9853797999e-05	3.7610717641e-05
8.1200000000e+02	3.1175678929e-02	-3.3703239420e-02	7.9900145751e-05	3.7611673256e-05
8.1300000000e+02	3.1213291079e-02	-3.3783162717e-02	7.9946437633e-05	3.7612625380e-05
8.1400000000e+02	3.1250904179e-02	-3.3863132277e-02	7.9992673779e-05	3.7613574032e-05
8.1500000000e+02	3.1288518226e-02	-3.3943148046e-02	8.0038854321e-05	3.7614519226e-05
8.1600000000e+02	3.1326133216e-02	-3.4023209967e-02	8.0084979391e-05	3.7615460981e-05
8.1700000000e+02	3.1363749146e-02	-3.4103317986e-02	8.0131049122e-05	3.7616399313e-05
8.1800000000e+02	3.1401366013e-02	-3.4183472047e-02	8.0177063644e-05	3.7617334238e-05
8.1900000000e+02	3.1438983814e-02	-3.4263672095e-02	8.0223023088e-05	3.7618265772e-05
8.2000000000e+02	3.1476602544e-02	-3.4343918075e-02	8.0268927584e-05	3.7619193933e-05
8.2100000000e+02	3.1514222200e-02	-3.4424209932e-02	8.0314777262e-05	3.7620118736e-05
8.2200000000e+02	3.1551842780e-02	-3.4504547611e-02	8.0360572252e-05	3.7621040198e-05
8.2300000000e+02	3.1589464280e-02	-3.4584931058e-02	8.0406312683e-05	3.7621958333e-05
8.2400000000e+02	3.1627086696e-02	-3.4665360218e-02	8.0451998682e-05	3.7622873160e-05
8.2500000000e+02	3.1664710025e-02	-3.4745835038e-02	8.0497630379e-05	3.7623784692e-05
8.2600000000e+02	3.1702334264e-02	-3.4826355461e-02	8.0543207900e-05	3.7624692947e-05
8.2700000000e+02	3.1739959410e-02	-3.4906921435e-02	8.0588731373e-05	3.7625597939e-05
8.2800000000e+02	3.1777585459e-02	-3.4987532906e-02	8.0634200924e-05	3.7626499685e-05
8.2900000000e+02	3.1815212408e-02	-3.5068189819e-02	8.0679616680e-05	3.7627398199e-05
8.3000000000e+02	3.1852840254e-02	-3.5148892121e-02	8.0724978766e-05	3.7628293497e-05
8.3100000000e+02	3.1890468994e-02	-3.5229639759e-02	8.0770287308e-05	3.7629185595e-05
8.3200000000e+02	3.1928098624e-02	-3.5310432678e-02	8.0815542431e-05	3.7630074507e-05
8.3300000000e+02	3.1965729142e-02	-3.5391270826e-02	8.0860744259e-05	3.7630960250e-05
8.3400000000e+02	3.2003360544e-02	-3.5472154149e-02	8.0905892917e-05	3.7631842836e-05
8.3500000000e+02	3.2040992827e-02	-3.5553082594e-02	8.0950988528e-05	3.7632722283e-05
8.3600000000e+02	3.2078625987e-02	-3.5634056108e-02	8.0996031215e-05	3.7633598604e-05
8.3700000000e+02	3.2116260023e-02	-3.5715074639e-02	8.1041021101e-05	3.7634471814e-05
8.3800000000e+02	3.2153894930e-02	-3.5796138133e-02	8.1085958309e-05	3.7635341929e-05
8.3900000000e+02	3.2191530706e-02	-3.5877246538e-02	8.1130842960e-05	3.7636208961e-05
8.4000000000e+02	3.2229167347e-02	-3.5958399802e-02	8.1175675177e-05	3.7637072927e-05
8.4100000000e+02	3.2266804850e-02	-3.6039597871e-02	8.1220455079e-05	3.7637933841e-05
8.4200000000e+02	3.2304443213e-02	-3.6120840694e-02	8.1265182788e-05	3.7638791716e-05
8.4300000000e+02	3.2342082433e-02	-3.6202128219e-02	8.1309858425e-05	3.7639646567e-05
8.4400000000e+02	3.2379722506e-02	-3.6283460394e-02	8.1354482108e-05	3.7640498408e-05
8.4500000000e+02	3.2417363429e-02	-3.6364837166e-02	8.1399053958e-05	3.7641347254e-05
8.4600000000e+02	3.2455005199e-02	-3.6446258485e-02	8.1443574094e-05	3.7642193118e-05
8.4700000000e+02	3.2492647814e-02	-3.6527724297e-02	8.1488042634e-05	3.7643036014e-05
8.4800000000e+02	3.2530291270e-02	-3.6609234553e-02	8.1532459697e-05	3.7643875956e-05
8.4900000000e+02	3.2567935565e-02	-3.6690789199e-02	8.1576825400e-05	3.7644712958e-05
8.5000000000e+02	3.2605580695e-02	-3.6772388186e-02	8.1621139861e-05	3.7645547033e-05
8.5100000000e+02	3.2643226658e-02	-3.6854031462e-02	8.1665403196e-05	3.7646378195e-05
8.5200000000e+02	3.2680873451e-02	-3.6935718976e-02	8.1709615524e-05	3.7647206458e-05
8.5300000000e+02	3.2718521070e-02	-3.7017450676e-02	8.1753776959e-05	3.7648031835e-05
8.5400000000e+02	3.2756169513e-02	-3.7099226513e-02	8.1797887618e-05	3.7648854340e-05
8.5500000000e+02	3.2793818778e-02	-3.7181046435e-02	8.1841947617e-05	3.7649673985e-05
8.5600000000e+02	3.2831468860e-02	-3.7262910391e-02	8.1885957069e-05	3.7650490784e-05
8.5700000000e+02	3.2869119758e-02	-3.7344818332e-02	8.1929916091e-05	3.7651304750e-05
8.5800000000e+02	3.2906771469e-02	-3.7426770207e-02	8.1973824796e-05	3.7652115896e-05
8.5900000000e+02	3.2944423989e-02	-3.7508765965e-02	8.2017683299e-05	3.7652924235e-05
8.6000000000e+02	3.2982077316e-02	-3.7590805556e-02	8.2061491713e-05	3.7653729780e-05
8.6100000000e+02	3.3019731448e-02	-3.7672888931e-02	8.2105250150e-05	3.7654532544e-05
8.6200000000e+02	3.3057386381e-02	-3.7755016040e-02	8.2148958725e-05	3.7655332539e-05
8.6300000000e+02	3.3095042112e-02	-3.7837186832e-02	8.2192617548e-05	3.7656129778e-05
8.6400000000e+02	3.3132698639e-02	-3.7919401259e-02	8.2236226734e-05	3.7656924275e-05
8.6500000000e+02	3.3170355960e-02	-3.8001659269e-02	8.2279786392e-05	3.7657716041e-05
8.6600000000e+02	3.3208014070e-02	-3.8083960815e-02	8.2323296634e-05	3.7658505089e-05
8.6700000000e+02	3.3245672969e-02	-3.8166305846e-02	8.2366757572e-05	3.7659291431e-05
8.6800000000e+02	3.3283332652e-02	-3.8248694314e-02	8.2410169316e-05	3.7660075079e-05
8.6900000000e+02	3.3320993118e-02	-3.8331126168e-02	8.2453531975e-05	3.7660856047e-05
8.7000000000e+02	3.3358654364e-02	-3.8413601361e-02	8.2496845661e-05	3.7661634345e-05
8.7100000000e+02	3.3396316386e-02	-3.8496119843e-02	8.2540110481e-05	3.7662409987e-05
8.7200000000e+02	3.3433979183e-02	-3.8578681566e-02	8.2583326547e-05	3.7663182984e-05
8.7300000000e+02	3.3471642751e-02	-3.8661286480e-02	8.2626493965e-05	3.7663953348e-05
8.7400000000e+02	3.3509307088e-02	-3.8743934538e-02	8.2669612845e-05	3.7664721091e-05
8.7500000000e+02	3.3546972192e-02	-3.8826625690e-02	8.2712683294e-05	3.7665486225e-05
8.7600000000e+02	3.3584638060e-02	-3.8909359888e-02	8.2755705420e-05	3.7666248762e-05
8.7700000000e+02	3.3622304689e-02	-3.8992137085e-02	8.2798679331e-05	3.7667008714e-05
8.7800000000e+02	3.3659972077e-02	-3.9074957231e-02	8.2841605134e-05	3.7667766091e-05
8.7900000000e+02	3.3697640220e-02	-3.9157820279e-02	8.2884482934e-05	3.7668520907e-05
8.8000000000e+02	3.3735309118e-02	-3.9240726181e-02	8.2927312839e-05	3.7669273171e-05
8.8100000000e+02	3.3772978766e-02	-3.9323674889e-02	8.2970094954e-05	3.7670022897e-05
8.8200000000e+02	3.3810649162e-02	-3.9406666355e-02	8.3012829385e-05	3.7670770094e-05
8.8300000000e+02	3.3848320305e-02	-3.9489700532e-02	8.3055516236e-05	3.7671514775e-05
8.8400000000e+02	3.3885992191e-02	-3.9572777371e-02	8.3098155614e-05	3.7672256950e-05
8.8500000000e+02	3.3923664818e-02	-3.9655896827e-02	8.3140747622e-05	3.7672996632e-05
8.8600000000e+02	3.3961338184e-02	-3.9739058851e-02	8.3183292364e-05	3.7673733830e-05
8.8700000000e+02	3.3999012285e-02	-3.9822263396e-02	8.3225789945e-05	3.7674468557e-05
8.8800000000e+02	3.4036687120e-02	-3.9905510415e-02	8.3268240467e-05	3.7675200822e-05
8.8900000000e+02	3.4074362686e-02	-3.9988799861e-02	8.3310644035e-05	3.7675930638e-05
8.9000000000e+02	3.4112038980e-02	-4.0072131688e-02	8.3353000751e-05	3.7676658015e-05
8.9100000000e+02	3.4149716001e-02	-4.0155505847e-02	8.3395310716e-05	3.7677382963e-05
8.9200000000e+02	3.4187393746e-02	-4.0238922293e-02	8.3437574035e-05	3.7678105494e-05
8.9300000000e+02	3.4225072211e-02	-4.0322380980e-02	8.3479790807e-05	3.7678825618e-05
8.9400000000e+02	3.4262751396e-02	-4.0405881860e-02	8.3521961136e-05	3.7679543347e-05
8.9500000000e+02	3.4300431297e-02	-4.0489424887e-02	8.3564085122e-05	3.7680258690e-05
8.9600000000e+02	3.4338111913e-02	-4.0573010014e-02	8.3606162865e-05	3.7680971657e-05
8.9700000000e+02	3.4375793240e-02	-4.0656637197e-02	8.3648194467e-05	3.7681682261e-05
8.9800000000e+02	3.4413475276e-02	-4.0740306388e-02	8.3690180027e-05	3.7682390510e-05
8.9900000000e+02	3.4451158020e-02	-4.0824017542e-02	8.3732119646e-05	3.7683096416e-05
9.0000000000e+02	3.4488841468e-02	-4.0907770612e-02	8.3774013423e-05	3.7683799989e-05
9.0100000000e+02	3.4526525619e-02	-4.0991565553e-02	8.3815861457e-05	3.7684501238e-05
9.0200000000e+02	3.4564210470e-02	-4.1075402320e-02	8.3857663847e-05	3.7685200175e-05
9.0300000000e+02	3.4601896019e-02	-4.1159280866e-02	8.3899420692e-05	3.7685896808e-05
9.0400000000e+02	3.4639582263e-02	-4.1243201146e-02	8.3941132089e-05	3.7686591150e-05
9.0500000000e+02	3.4677269200e-02	-4.1327163115e-02	8.3982798138e-05	3.7687283208e-05
9.0600000000e+02	3.4714956829e-02	-4.1411166727e-02	8.4024418936e-05	3.7687972994e-05
9.0700000000e+02	3.4752645145e-02	-4.1495211938e-02	8.4065994579e-05	3.7688660517e-05
9.0800000000e+02	3.4790334149e-02	-4.1579298701e-02	8.4107525165e-05	3.7689345787e-05
9.0900000000e+02	3.4828023836e-02	-4.1663426973e-02	8.4149010791e-05	3.7690028814e-05
9.1000000000e+02	3.4865714206e-02	-4.1747596708e-02	8.4190451553e-05	3.7690709608e-05
9.1100000000e+02	3.4903405255e-02	-4.1831807861e-02	8.4231847548e-05	3.7691388178e-05
9.1200000000e+02	3.4941096981e-02	-4.1916060388e-02	8.4273198870e-05	3.7692064534e-05
9.1300000000e+02	3.4978789383e-02	-4.2000354244e-02	8.4314505616e-05	3.7692738686e-05
9.1400000000e+02	3.5016482458e-02	-4.2084689385e-02	8.4355767880e-05	3.7693410644e-05
9.1500000000e+02	3.5054176204e-02	-4.2169065765e-02	8.4396985758e-05	3.7694080415e-05
9.1600000000e+02	3.5091870618e-02	-4.2253483341e-02	8.4438159344e-05	3.7694748011e-05
9.1700000000e+02	3.5129565699e-02	-4.2337942069e-02	8.4479288733e-05	3.7695413441e-05
9.1800000000e+02	3.5167261444e-02	-4.2422441904e-02	8.4520374018e-05	3.7696076714e-05
9.1900000000e+02	3.5204957852e-02	-4.2506982802e-02	8.4561415293e-05	3.7696737838e-05
9.2000000000e+02	3.5242654919e-02	-4.2591564720e-02	8.4602412651e-05	3.7697396824e-05
9.2100000000e+02	3.5280352645e-02	-4.2676187613e-02	8.4643366186e-05	3.7698053681e-05
9.2200000000e+02	3.5318051026e-02	-4.2760851438e-02	8.4684275991e-05	3.7698708418e-05
9.2300000000e+02	3.5355750061e-02	-4.2845556151e-02	8.4725142157e-05	3.7699361043e-05
9.2400000000e+02	3.5393449747e-02	-4.2930301708e-02	8.4765964778e-05	3.7700011566e-05
9.2500000000e+02	3.5431150083e-02	-4.3015088066e-02	8.4806743945e-05	3.7700659997e-05
9.2600000000e+02	3.5468851067e-02	-4.3099915181e-02	8.4847479749e-05	3.7701306343e-05
9.2700000000e+02	3.5506552695e-02	-4.3184783011e-02	8.4888172282e-05	3.7701950614e-05
9.2800000000e+02	3.5544254967e-02	-4.3269691511e-02	8.4928821636e-05	3.7702592819e-05
9.2900000000e+02	3.5581957880e-02	-4.3354640640e-02	8.4969427901e-05	3.7703232966e-05
9.3000000000e+02	3.5619661432e-02	-4.3439630353e-02	8.5009991167e-05	3.7703871064e-05
9.3100000000e+02	3.5657365622e-02	-4.3524660608e-02	8.5050511524e-05	3.7704507122e-05
9.3200000000e+02	3.5695070446e-02	-4.3609731361e-02	8.5090989064e-05	3.7705141149e-05
9.3300000000e+02	3.5732775903e-02	-4.3694842571e-02	8.5131423874e-05	3.7705773153e-05
9.3400000000e+02	3.5770481992e-02	-4.3779994195e-02	8.5171816046e-05	3.7706403143e-05
9.3500000000e+02	3.5808188709e-02	-4.3865186189e-02	8.5212165667e-05	3.7707031127e-05
9.3600000000e+02	3.5845896053e-02	-4.3950418512e-02	8.5252472826e-05	3.7707657115e-05
9.3700000000e+02	3.5883604022e-02	-4.4035691121e-02	8.5292737613e-05	3.7708281113e-05
9.3800000000e+02	3.5921312615e-02	-4.4121003973e-02	8.5332960115e-05	3.7708903131e-05
9.3900000000e+02	3.5959021828e-02	-4.4206357027e-02	8.5373140421e-05	3.7709523177e-05
9.4000000000e+02	3.5996731660e-02	-4.4291750240e-02	8.5413278618e-05	3.7710141260e-05
9.4100000000e+02	3.6034442110e-02	-4.4377183570e-02	8.5453374793e-05	3.7710757387e-05
9.4200000000e+02	3.6072153175e-02	-4.4462656976e-02	8.5493429034e-05	3.7711371567e-05
9.4300000000e+02	3.6109864852e-02	-4.4548170414e-02	8.5533441428e-05	3.7711983808e-05
9.4400000000e+02	3.6147577141e-02	-4.4633723845e-02	8.5573412062e-05	3.7712594118e-05
9.4500000000e+02	3.6185290040e-02	-4.4719317225e-02	8.5613341021e-05	3.7713202505e-05
9.4600000000e+02	3.6223003546e-02	-4.4804950513e-02	8.5653228392e-05	3.7713808978e-05
9.4700000000e+02	3.6260717657e-02	-4.4890623668e-02	8.5693074261e-05	3.7714413544e-05
9.4800000000e+02	3.6298432372e-02	-4.4976336648e-02	8.5732878713e-05	3.7715016211e-05
9.4900000000e+02	3.6336147689e-02	-4.5062089411e-02	8.5772641834e-05	3.7715616988e-05
9.5000000000e+02	3.6373863606e-02	-4.5147881917e-02	8.5812363709e-05	3.7716215881e-05
9.5100000000e+02	3.6411580120e-02	-4.5233714125e-02	8.5852044422e-05	3.7716812900e-05
9.5200000000e+02	3.6449297231e-02	-4.5319585993e-02	8.5891684058e-05	3.7717408051e-05
9.5300000000e+02	3.6487014936e-02	-4.5405497479e-02	8.5931282702e-05	3.7718001343e-05
9.5400000000e+02	3.6524733233e-02	-4.5491448544e-02	8.5970840437e-05	3.7718592783e-05
9.5500000000e+02	3.6562452121e-02	-4.5577439147e-02	8.6010357348e-05	3.7719182379e-05
9.5600000000e+02	3.6600171597e-02	-4.5663469245e-02	8.6049833517e-05	3.7719770139e-05
9.5700000000e+02	3.6637891660e-02	-4.5749538800e-02	8.6089269029e-05	3.7720356070e-05
9.5800000000e+02	3.6675612309e-02	-4.5835647770e-02	8.6128663965e-05	3.7720940179e-05
9.5900000000e+02	3.6713333540e-02	-4.5921796115e-02	8.6168018409e-05	3.7721522475e-05
9.6000000000e+02	3.6751055353e-02	-4.6007983793e-02	8.6207332444e-05	3.7722102965e-05
9.6100000000e+02	3.6788777745e-02	-4.6094210766e-02	8.6246606151e-05	3.7722681656e-05
9.6200000000e+02	3.6826500716e-02	-4.6180476992e-02	8.6285839613e-05	3.7723258555e-05
9.6300000000e+02	3.6864224262e-02	-4.6266782432e-02	8.6325032912e-05	3.7723833671e-05
9.6400000000e+02	3.6901948382e-02	-4.6353127045e-02	8.6364186128e-05	3.7724407010e-05
9.6500000000e+02	3.6939673075e-02	-4.6439510791e-02	8.6403299343e-05	3.7724978579e-05
9.6600000000e+02	3.6977398339e-02	-4.6525933630e-02	8.6442372639e-05	3.7725548386e-05
9.6700000000e+02	3.7015124172e-02	-4.6612395523e-02	8.6481406095e-05	3.7726116439e-05
9.6800000000e+02	3.7052850571e-02	-4.6698896429e-02	8.6520399794e-05	3.7726682744e-05
9.6900000000e+02	3.7090577536e-02	-4.6785436309e-02	8.6559353814e-05	3.7727247308e-05
9.7000000000e+02	3.7128305065e-02	-4.6872015123e-02	8.6598268236e-05	3.7727810139e-05
9.7100000000e+02	3.7166033156e-02	-4.6958632832e-02	8.6637143140e-05	3.7728371243e-05
9.7200000000e+02	3.7203761807e-02	-4.7045289397e-02	8.6675978605e-05	3.7728930628e-05
9.7300000000e+02	3.7241491017e-02	-4.7131984777e-02	8.6714774711e-05	3.7729488301e-05
9.7400000000e+02	3.7279220783e-02	-4.7218718933e-02	8.6753531536e-05	3.7730044269e-05
9.7500000000e+02	3.7316951105e-02	-4.7305491827e-02	8.6792249160e-05	3.7730598538e-05
9.7600000000e+02	3.7354681980e-02	-4.7392303418e-02	8.6830927662e-05	3.7731151115e-05
9.7700000000e+02	3.7392413406e-02	-4.7479153669e-02	8.6869567119e-05	3.7731702008e-05
9.7800000000e+02	3.7430145383e-02	-4.7566042539e-02	8.6908167610e-05	3.7732251223e-05
9.7900000000e+02	3.7467877908e-02	-4.7652969991e-02	8.6946729213e-05	3.7732798767e-05
9.8000000000e+02	3.7505610980e-02	-4.7739935985e-02	8.6985252005e-05	3.7733344647e-05
9.8100000000e+02	3.7543344597e-02	-4.7826940482e-02	8.7023736065e-05	3.7733888870e-05
9.8200000000e+02	3.7581078757e-02	-4.7913983444e-02	8.7062181468e-05	3.7734431441e-05
9.8300000000e+02	3.7618813459e-02	-4.8001064832e-02	8.7100588293e-05	3.7734972368e-05
9.8400000000e+02	3.7656548702e-02	-4.8088184608e-02	8.7138956615e-05	3.7735511658e-05
9.8500000000e+02	3.7694284482e-02	-4.8175342733e-02	8.7177286513e-05	3.7736049317e-05
9.8600000000e+02	3.7732020800e-02	-4.8262539168e-02	8.7215578061e-05	3.7736585351e-05
9.8700000000e+02	3.7769757652e-02	-4.8349773876e-02	8.7253831336e-05	3.7737119768e-05
9.8800000000e+02	3.7807495039e-02	-4.8437046818e-02	8.7292046414e-05	3.7737652573e-05
9.8900000000e+02	3.7845232957e-02	-4.8524357956e-02	8.7330223370e-05	3.7738183773e-05
9.9000000000e+02	3.7882971406e-02	-4.8611707252e-02	8.7368362281e-05	3.7738713375e-05
9.9100000000e+02	3.7920710383e-02	-4.8699094668e-02	8.7406463220e-05	3.7739241385e-05
9.9200000000e+02	3.7958449888e-02	-4.8786520166e-02	8.7444526264e-05	3.7739767809e-05
9.9300000000e+02	3.7996189918e-02	-4.8873983708e-02	8.7482551487e-05	3.7740292653e-05
9.9400000000e+02	3.8033930473e-02	-4.8961485256e-02	8.7520538963e-05	3.7740815925e-05
9.9500000000e+02	3.8071671550e-02	-4.9049024773e-02	8.7558488767e-05	3.7741337629e-05
9.9600000000e+02	3.8109413147e-02	-4.9136602221e-02	8.7596400973e-05	3.7741857773e-05
9.9700000000e+02	3.8147155265e-02	-4.9224217563e-02	8.7634275654e-05	3.7742376363e-05
9.9800000000e+02	3.8184897900e-02	-4.9311870760e-02	8.7672112886e-05	3.7742893404e-05
9.9900000000e+02	3.8222641051e-02	-4.9399561776e-02	8.7709912740e-05	3.7743408904e-05
