# total modes from dos = 5.9999820541e+00
# ZPE = 4.9974494995e-03 Ry/cell
# Multiply by 13.6058 to have energies in eV/cell etc..
# Multiply by 13.6058 x 23060.35 = 313 754.5 to have energies in cal/(N mol).
# Multiply by 13.6058 x 96526.0 = 1 313 313 to have energies in J/(N mol).
# N is the number of formula units per cell.
#
# T (K) 	Evib (Ry/cell)	Fvib (Ry/cell)	Svib (Ry/cell/K)	Cvib (Ry/cell/K)
1.0000000000e+00	4.9974495117e-03	4.9974494319e-03	7.9831110309e-11	3.5358925536e-11
2.0000000000e+00	4.9974496189e-03	4.9974493243e-03	1.4726741216e-10	2.1490386227e-10
3.0000000000e+00	4.9974500372e-03	4.9974491054e-03	3.1061403132e-10	6.8158442220e-10
4.0000000000e+00	4.9974511256e-03	4.9974486552e-03	6.1759539723e-10	1.5790165479e-09
5.0000000000e+00	4.9974533870e-03	4.9974478063e-03	1.1161384211e-09	3.0518340578e-09
6.0000000000e+00	4.9974574699e-03	4.9974463430e-03	1.8544724248e-09	5.2465077585e-09
7.0000000000e+00	4.9974641705e-03	4.9974440012e-03	2.8813279520e-09	8.3127929607e-09
8.0000000000e+00	4.9974744376e-03	4.9974404677e-03	4.2462405443e-09	1.2405891118e-08
9.0000000000e+00	4.9974893791e-03	4.9974353791e-03	5.9999939096e-09	1.7689842151e-08
1.0000000000e+01	4.9975102736e-03	4.9974283206e-03	8.1953006682e-09	2.4343371383e-08
1.1000000000e+01	4.9975385897e-03	4.9974188228e-03	1.0887901347e-08	3.2569957874e-08
1.2000000000e+01	4.9975760184e-03	4.9974063589e-03	1.4138289039e-08	4.2613213467e-08
1.3000000000e+01	4.9976245220e-03	4.9973903379e-03	1.8014160814e-08	5.4776529166e-08
1.4000000000e+01	4.9976864049e-03	4.9973700963e-03	2.2593476047e-08	6.9443570796e-08
1.5000000000e+01	4.9977644027e-03	4.9973448861e-03	2.7967774562e-08	8.7095070876e-08
1.6000000000e+01	4.9978617843e-03	4.9973138599e-03	3.4245280567e-08	1.0831796265e-07
1.7000000000e+01	4.9979824589e-03	4.9972760523e-03	4.1553329503e-08	1.3380468681e-07
1.8000000000e+01	4.9981310766e-03	4.9972303606e-03	5.0039775273e-08	1.6434256163e-07
1.9000000000e+01	4.9983131149e-03	4.9971755239e-03	5.9873206235e-08	2.0079475236e-07
2.0000000000e+01	4.9985349420e-03	4.9971101026e-03	7.1241966108e-08	2.4407531943e-07
2.1000000000e+01	4.9988038540e-03	4.9970324597e-03	8.4352107485e-08	2.9512109884e-07
2.2000000000e+01	4.9991280832e-03	4.9969407445e-03	9.9424488919e-08	3.5486295940e-07
2.3000000000e+01	4.9995167784e-03	4.9968328794e-03	1.1669126416e-07	4.2419850281e-07
2.4000000000e+01	4.9999799590e-03	4.9967065506e-03	1.3639201395e-07	5.0396769838e-07
2.5000000000e+01	5.0005284467e-03	4.9965592030e-03	1.5876974877e-07	5.9493238771e-07
2.6000000000e+01	5.0011737793e-03	4.9963880379e-03	1.8406697500e-07	6.9776011836e-07
2.7000000000e+01	5.0019281097e-03	4.9961900164e-03	2.1252197645e-07	8.1301239112e-07
2.8000000000e+01	5.0028040962e-03	4.9959618644e-03	2.4436542198e-07	9.4113713399e-07
2.9000000000e+01	5.0038147864e-03	4.9957000825e-03	2.7981737312e-07	1.0824650351e-06
3.0000000000e+01	5.0049734997e-03	4.9954009577e-03	3.1908473310e-07	1.2372092595e-06
3.1000000000e+01	5.0062937110e-03	4.9950605772e-03	3.6235915330e-07	1.4054680237e-06
3.2000000000e+01	5.0077889378e-03	4.9946748452e-03	4.0981539190e-07	1.5872294953e-06
3.3000000000e+01	5.0094726335e-03	4.9942395000e-03	4.6161010507e-07	1.7823785023e-06
3.4000000000e+01	5.0113580881e-03	4.9937501327e-03	5.1788104005e-07	1.9907045795e-06
3.5000000000e+01	5.0134583369e-03	4.9932022062e-03	5.7874659255e-07	2.2119109258e-06
3.6000000000e+01	5.0157860796e-03	4.9925910748e-03	6.4430568751e-07	2.4456239046e-06
3.7000000000e+01	5.0183536074e-03	4.9919120036e-03	7.1463794021e-07	2.6914027749e-06
3.8000000000e+01	5.0211727416e-03	4.9911601874e-03	7.8980405581e-07	2.9487493953e-06
3.9000000000e+01	5.0242547805e-03	4.9903307698e-03	8.6984642634e-07	3.2171176938e-06
4.0000000000e+01	5.0276104562e-03	4.9894188607e-03	9.5478988740e-07	3.4959227438e-06
4.1000000000e+01	5.0312499001e-03	4.9884195535e-03	1.0446425993e-06	3.7845493276e-06
4.2000000000e+01	5.0351826163e-03	4.9873279414e-03	1.1393970217e-06	4.0823599019e-06
4.3000000000e+01	5.0394174638e-03	4.9861391328e-03	1.2390309530e-06	4.3887019133e-06
4.4000000000e+01	5.0439626437e-03	4.9848482648e-03	1.3435086111e-06	4.7029144342e-06
4.5000000000e+01	5.0488256950e-03	4.9834505169e-03	1.4527817342e-06	5.0243341115e-06
4.6000000000e+01	5.0540134941e-03	4.9819411226e-03	1.5667906834e-06	5.3523004350e-06
4.7000000000e+01	5.0595322603e-03	4.9803153802e-03	1.6854655336e-06	5.6861603469e-06
4.8000000000e+01	5.0653875652e-03	4.9785686625e-03	1.8087271395e-06	6.0252722217e-06
4.9000000000e+01	5.0715843462e-03	4.9766964260e-03	1.9364881675e-06	6.3690092532e-06
5.0000000000e+01	5.0781269222e-03	4.9746942178e-03	2.0686540870e-06	6.7167622893e-06
5.1000000000e+01	5.0850190128e-03	4.9725576831e-03	2.2051241129e-06	7.0679421587e-06
5.2000000000e+01	5.0922637594e-03	4.9702825703e-03	2.3457920994e-06	7.4219815330e-06
5.3000000000e+01	5.0998637474e-03	4.9678647364e-03	2.4905473782e-06	7.7783363702e-06
5.4000000000e+01	5.1078210305e-03	4.9653001512e-03	2.6392755427e-06	8.1364869824e-06
5.5000000000e+01	5.1161371549e-03	4.9625849001e-03	2.7918591767e-06	8.4959387698e-06
5.6000000000e+01	5.1248131851e-03	4.9597151876e-03	2.9481785275e-06	8.8562226611e-06
5.7000000000e+01	5.1338497295e-03	4.9566873383e-03	3.1081121255e-06	9.2168952975e-06
5.8000000000e+01	5.1432469658e-03	4.9534977994e-03	3.2715373507e-06	9.5775389957e-06
5.9000000000e+01	5.1530046668e-03	4.9501431408e-03	3.4383309487e-06	9.9377615206e-06
6.0000000000e+01	5.1631222257e-03	4.9466200559e-03	3.6083694979e-06	1.0297195698e-05
6.1000000000e+01	5.1735986809e-03	4.9429253612e-03	3.7815298310e-06	1.0655498895e-05
6.2000000000e+01	5.1844327400e-03	4.9390559965e-03	3.9576894124e-06	1.1012352387e-05
6.3000000000e+01	5.1956228037e-03	4.9350090232e-03	4.1367266747e-06	1.1367460640e-05
6.4000000000e+01	5.2071669883e-03	4.9307816240e-03	4.3185213169e-06	1.1720550522e-05
6.5000000000e+01	5.2190631479e-03	4.9263711011e-03	4.5029545665e-06	1.2071370457e-05
6.6000000000e+01	5.2313088954e-03	4.9217748744e-03	4.6899094091e-06	1.2419689550e-05
6.7000000000e+01	5.2439016228e-03	4.9169904801e-03	4.8792707865e-06	1.2765296677e-05
6.8000000000e+01	5.2568385204e-03	4.9120155683e-03	5.0709257670e-06	1.3107999563e-05
6.9000000000e+01	5.2701165955e-03	4.9068479009e-03	5.2647636898e-06	1.3447623859e-05
7.0000000000e+01	5.2837326893e-03	4.9014853494e-03	5.4606762852e-06	1.3784012216e-05
7.1000000000e+01	5.2976834940e-03	4.8959258921e-03	5.6585577741e-06	1.4117023370e-05
7.2000000000e+01	5.3119655682e-03	4.8901676120e-03	5.8583049472e-06	1.4446531246e-05
7.3000000000e+01	5.3265753514e-03	4.8842086939e-03	6.0598172263e-06	1.4772424072e-05
7.4000000000e+01	5.3415091784e-03	4.8780474218e-03	6.2629967104e-06	1.5094603529e-05
7.5000000000e+01	5.3567632919e-03	4.8716821765e-03	6.4677482065e-06	1.5412983915e-05
7.6000000000e+01	5.3723338551e-03	4.8651114322e-03	6.6739792481e-06	1.5727491348e-05
7.7000000000e+01	5.3882169626e-03	4.8583337547e-03	6.8816001022e-06	1.6038062989e-05
7.8000000000e+01	5.4044086515e-03	4.8513477978e-03	7.0905237658e-06	1.6344646303e-05
7.9000000000e+01	5.4209049113e-03	4.8441523010e-03	7.3006659532e-06	1.6647198353e-05
8.0000000000e+01	5.4377016931e-03	4.8367460869e-03	7.5119450763e-06	1.6945685121e-05
8.1000000000e+01	5.4547949178e-03	4.8291280582e-03	7.7242822170e-06	1.7240080862e-05
8.2000000000e+01	5.4721804850e-03	4.8212971953e-03	7.9376010939e-06	1.7530367498e-05
8.3000000000e+01	5.4898542794e-03	4.8132525534e-03	8.1518280238e-06	1.7816534031e-05
8.4000000000e+01	5.5078121781e-03	4.8049932603e-03	8.3668918790e-06	1.8098575999e-05
8.5000000000e+01	5.5260500570e-03	4.7965185136e-03	8.5827240401e-06	1.8376494956e-05
8.6000000000e+01	5.5445637960e-03	4.7878275782e-03	8.7992583467e-06	1.8650297982e-05
8.7000000000e+01	5.5633492850e-03	4.7789197841e-03	9.0164310443e-06	1.8919997222e-05
8.8000000000e+01	5.5824024281e-03	4.7697945238e-03	9.2341807303e-06	1.9185609455e-05
8.9000000000e+01	5.6017191485e-03	4.7604512500e-03	9.4524482972e-06	1.9447155685e-05
9.0000000000e+01	5.6212953924e-03	4.7508894736e-03	9.6711768754e-06	1.9704660760e-05
9.1000000000e+01	5.6411271324e-03	4.7411087609e-03	9.8903117747e-06	1.9958153018e-05
9.2000000000e+01	5.6612103713e-03	4.7311087321e-03	1.0109800425e-05	2.0207663949e-05
9.3000000000e+01	5.6815411446e-03	4.7208890590e-03	1.0329592318e-05	2.0453227885e-05
9.4000000000e+01	5.7021155236e-03	4.7104494626e-03	1.0549638947e-05	2.0694881709e-05
9.5000000000e+01	5.7229296177e-03	4.6997897117e-03	1.0769893747e-05	2.0932664582e-05
9.6000000000e+01	5.7439795762e-03	4.6889096206e-03	1.0990312037e-05	2.1166617693e-05
9.7000000000e+01	5.7652615908e-03	4.6778090474e-03	1.1210850962e-05	2.1396784024e-05
9.8000000000e+01	5.7867718968e-03	4.6664878922e-03	1.1431469435e-05	2.1623208129e-05
9.9000000000e+01	5.8085067749e-03	4.6549460952e-03	1.1652128078e-05	2.1845935935e-05
1.0000000000e+02	5.8304625523e-03	4.6431836352e-03	1.1872789170e-05	2.2065014555e-05
1.0100000000e+02	5.8526356037e-03	4.6312005281e-03	1.2093416590e-05	2.2280492111e-05
1.0200000000e+02	5.8750223525e-03	4.6189968248e-03	1.2313975761e-05	2.2492417578e-05
1.0300000000e+02	5.8976192713e-03	4.6065726104e-03	1.2534433602e-05	2.2700840633e-05
1.0400000000e+02	5.9204228830e-03	4.5939280020e-03	1.2754758471e-05	2.2905811519e-05
1.0500000000e+02	5.9434297605e-03	4.5810631478e-03	1.2974920121e-05	2.3107380923e-05
1.0600000000e+02	5.9666365280e-03	4.5679782258e-03	1.3194889644e-05	2.3305599856e-05
1.0700000000e+02	5.9900398605e-03	4.5546734418e-03	1.3414639427e-05	2.3500519549e-05
1.0800000000e+02	6.0136364845e-03	4.5411490290e-03	1.3634143106e-05	2.3692191356e-05
1.0900000000e+02	6.0374231777e-03	4.5274052460e-03	1.3853375520e-05	2.3880666665e-05
1.1000000000e+02	6.0613967694e-03	4.5134423764e-03	1.4072312664e-05	2.4065996818e-05
1.1100000000e+02	6.0855541401e-03	4.4992607268e-03	1.4290931651e-05	2.4248233035e-05
1.1200000000e+02	6.1098922212e-03	4.4848606264e-03	1.4509210668e-05	2.4427426347e-05
1.1300000000e+02	6.1344079954e-03	4.4702424257e-03	1.4727128935e-05	2.4603627537e-05
1.1400000000e+02	6.1590984957e-03	4.4554064954e-03	1.4944666670e-05	2.4776887082e-05
1.1500000000e+02	6.1839608057e-03	4.4403532255e-03	1.5161805045e-05	2.4947255106e-05
1.1600000000e+02	6.2089920587e-03	4.4250830244e-03	1.5378526158e-05	2.5114781331e-05
1.1700000000e+02	6.2341894375e-03	4.4095963180e-03	1.5594812988e-05	2.5279515041e-05
1.1800000000e+02	6.2595501742e-03	4.3938935486e-03	1.5810649370e-05	2.5441505043e-05
1.1900000000e+02	6.2850715492e-03	4.3779751745e-03	1.6026019955e-05	2.5600799637e-05
1.2000000000e+02	6.3107508909e-03	4.3618416688e-03	1.6240910184e-05	2.5757446587e-05
1.2100000000e+02	6.3365855755e-03	4.3454935188e-03	1.6455306254e-05	2.5911493092e-05
1.2200000000e+02	6.3625730258e-03	4.3289312254e-03	1.6669195086e-05	2.6062985771e-05
1.2300000000e+02	6.3887107111e-03	4.3121553019e-03	1.6882564303e-05	2.6211970641e-05
1.2400000000e+02	6.4149961463e-03	4.2951662739e-03	1.7095402197e-05	2.6358493099e-05
1.2500000000e+02	6.4414268915e-03	4.2779646783e-03	1.7307697705e-05	2.6502597908e-05
1.2600000000e+02	6.4680005510e-03	4.2605510628e-03	1.7519440383e-05	2.6644329190e-05
1.2700000000e+02	6.4947147732e-03	4.2429259851e-03	1.7730620378e-05	2.6783730411e-05
1.2800000000e+02	6.5215672494e-03	4.2250900127e-03	1.7941228412e-05	2.6920844378e-05
1.2900000000e+02	6.5485557135e-03	4.2070437218e-03	1.8151255750e-05	2.7055713229e-05
1.3000000000e+02	6.5756779413e-03	4.1887876975e-03	1.8360694183e-05	2.7188378432e-05
1.3100000000e+02	6.6029317495e-03	4.1703225324e-03	1.8569536009e-05	2.7318880779e-05
1.3200000000e+02	6.6303149953e-03	4.1516488267e-03	1.8777774004e-05	2.7447260389e-05
1.3300000000e+02	6.6578255758e-03	4.1327671879e-03	1.8985401413e-05	2.7573556704e-05
1.3400000000e+02	6.6854614272e-03	4.1136782295e-03	1.9192411923e-05	2.7697808490e-05
1.3500000000e+02	6.7132205240e-03	4.0943825716e-03	1.9398799647e-05	2.7820053842e-05
1.3600000000e+02	6.7411008786e-03	4.0748808397e-03	1.9604559109e-05	2.7940330184e-05
1.3700000000e+02	6.7691005403e-03	4.0551736645e-03	1.9809685224e-05	2.8058674274e-05
1.3800000000e+02	6.7972175951e-03	4.0352616819e-03	2.0014173284e-05	2.8175122206e-05
1.3900000000e+02	6.8254501645e-03	4.0151455321e-03	2.0218018938e-05	2.8289709420e-05
1.4000000000e+02	6.8537964053e-03	3.9948258595e-03	2.0421218184e-05	2.8402470701e-05
1.4100000000e+02	6.8822545086e-03	3.9743033124e-03	2.0623767349e-05	2.8513440193e-05
1.4200000000e+02	6.9108226996e-03	3.9535785426e-03	2.0825663077e-05	2.8622651398e-05
1.4300000000e+02	6.9394992363e-03	3.9326522051e-03	2.1026902316e-05	2.8730137188e-05
1.4400000000e+02	6.9682824095e-03	3.9115249578e-03	2.1227482304e-05	2.8835929811e-05
1.4500000000e+02	6.9971705421e-03	3.8901974611e-03	2.1427400558e-05	2.8940060900e-05
1.4600000000e+02	7.0261619879e-03	3.8686703780e-03	2.1626654862e-05	2.9042561478e-05
1.4700000000e+02	7.0552551317e-03	3.8469443733e-03	2.1825243254e-05	2.9143461970e-05
1.4800000000e+02	7.0844483884e-03	3.8250201140e-03	2.2023164016e-05	2.9242792209e-05
1.4900000000e+02	7.1137402024e-03	3.8028982683e-03	2.2220415665e-05	2.9340581446e-05
1.5000000000e+02	7.1431290472e-03	3.7805795061e-03	2.2416996940e-05	2.9436858359e-05
1.5100000000e+02	7.1726134244e-03	3.7580644983e-03	2.2612906796e-05	2.9531651060e-05
1.5200000000e+02	7.2021918637e-03	3.7353539166e-03	2.2808144389e-05	2.9624987107e-05
1.5300000000e+02	7.2318629221e-03	3.7124484338e-03	2.3002709074e-05	2.9716893511e-05
1.5400000000e+02	7.2616251831e-03	3.6893487229e-03	2.3196600390e-05	2.9807396748e-05
1.5500000000e+02	7.2914772565e-03	3.6660554576e-03	2.3389818058e-05	2.9896522763e-05
1.5600000000e+02	7.3214177780e-03	3.6425693114e-03	2.3582361965e-05	2.9984296983e-05
1.5700000000e+02	7.3514454082e-03	3.6188909582e-03	2.3774232165e-05	3.0070744329e-05
1.5800000000e+02	7.3815588325e-03	3.5950210716e-03	2.3965428867e-05	3.0155889217e-05
1.5900000000e+02	7.4117567605e-03	3.5709603249e-03	2.4155952425e-05	3.0239755576e-05
1.6000000000e+02	7.4420379253e-03	3.5467093909e-03	2.4345803340e-05	3.0322366849e-05
1.6100000000e+02	7.4724010835e-03	3.5222689422e-03	2.4534982244e-05	3.0403746011e-05
1.6200000000e+02	7.5028450141e-03	3.4976396502e-03	2.4723489901e-05	3.0483915569e-05
1.6300000000e+02	7.5333685187e-03	3.4728221858e-03	2.4911327196e-05	3.0562897577e-05
1.6400000000e+02	7.5639704206e-03	3.4478172189e-03	2.5098495132e-05	3.0640713643e-05
1.6500000000e+02	7.5946495644e-03	3.4226254183e-03	2.5284994825e-05	3.0717384936e-05
1.6600000000e+02	7.6254048158e-03	3.3972474516e-03	2.5470827495e-05	3.0792932198e-05
1.6700000000e+02	7.6562350609e-03	3.3716839852e-03	2.5655994465e-05	3.0867375750e-05
1.6800000000e+02	7.6871392061e-03	3.3459356841e-03	2.5840497154e-05	3.0940735501e-05
1.6900000000e+02	7.7181161772e-03	3.3200032118e-03	2.6024337073e-05	3.1013030957e-05
1.7000000000e+02	7.7491649196e-03	3.2938872304e-03	2.6207515819e-05	3.1084281227e-05
1.7100000000e+02	7.7802843975e-03	3.2675884000e-03	2.6390035073e-05	3.1154505035e-05
1.7200000000e+02	7.8114735936e-03	3.2411073795e-03	2.6571896594e-05	3.1223720725e-05
1.7300000000e+02	7.8427315089e-03	3.2144448255e-03	2.6753102216e-05	3.1291946269e-05
1.7400000000e+02	7.8740571620e-03	3.1876013930e-03	2.6933653845e-05	3.1359199274e-05
1.7500000000e+02	7.9054495890e-03	3.1605777351e-03	2.7113553451e-05	3.1425496994e-05
1.7600000000e+02	7.9369078432e-03	3.1333745028e-03	2.7292803070e-05	3.1490856331e-05
1.7700000000e+02	7.9684309944e-03	3.1059923450e-03	2.7471404799e-05	3.1555293847e-05
1.7800000000e+02	8.0000181290e-03	3.0784319084e-03	2.7649360790e-05	3.1618825769e-05
1.7900000000e+02	8.0316683494e-03	3.0506938379e-03	2.7826673249e-05	3.1681467998e-05
1.8000000000e+02	8.0633807736e-03	3.0227787757e-03	2.8003344433e-05	3.1743236114e-05
1.8100000000e+02	8.0951545353e-03	2.9946873620e-03	2.8179376648e-05	3.1804145382e-05
1.8200000000e+02	8.1269887831e-03	2.9664202346e-03	2.8354772244e-05	3.1864210762e-05
1.8300000000e+02	8.1588826805e-03	2.9379780289e-03	2.8529533615e-05	3.1923446913e-05
1.8400000000e+02	8.1908354053e-03	2.9093613780e-03	2.8703663192e-05	3.1981868200e-05
1.8500000000e+02	8.2228461499e-03	2.8805709123e-03	2.8877163446e-05	3.2039488701e-05
1.8600000000e+02	8.2549141204e-03	2.8516072600e-03	2.9050036884e-05	3.2096322211e-05
1.8700000000e+02	8.2870385365e-03	2.8224710467e-03	2.9222286042e-05	3.2152382251e-05
1.8800000000e+02	8.3192186315e-03	2.7931628952e-03	2.9393913491e-05	3.2207682071e-05
1.8900000000e+02	8.3514536516e-03	2.7636834260e-03	2.9564921828e-05	3.2262234659e-05
1.9000000000e+02	8.3837428560e-03	2.7340332570e-03	2.9735313679e-05	3.2316052743e-05
1.9100000000e+02	8.4160855164e-03	2.7042130033e-03	2.9905091692e-05	3.2369148800e-05
1.9200000000e+02	8.4484809170e-03	2.6742232774e-03	3.0074258540e-05	3.2421535060e-05
1.9300000000e+02	8.4809283539e-03	2.6440646890e-03	3.0242816916e-05	3.2473223509e-05
1.9400000000e+02	8.5134271353e-03	2.6137378455e-03	3.0410769535e-05	3.2524225899e-05
1.9500000000e+02	8.5459765809e-03	2.5832433510e-03	3.0578119128e-05	3.2574553750e-05
1.9600000000e+02	8.5785760217e-03	2.5525818073e-03	3.0744868441e-05	3.2624218353e-05
1.9700000000e+02	8.6112248002e-03	2.5217538133e-03	3.0911020238e-05	3.2673230781e-05
1.9800000000e+02	8.6439222695e-03	2.4907599651e-03	3.1076577295e-05	3.2721601888e-05
1.9900000000e+02	8.6766677938e-03	2.4596008560e-03	3.1241542401e-05	3.2769342316e-05
2.0000000000e+02	8.7094607474e-03	2.4282770766e-03	3.1405918354e-05	3.2816462500e-05
2.0100000000e+02	8.7423005154e-03	2.3967892147e-03	3.1569707964e-05	3.2862972672e-05
2.0200000000e+02	8.7751864928e-03	2.3651378552e-03	3.1732914047e-05	3.2908882865e-05
2.0300000000e+02	8.8081180844e-03	2.3333235802e-03	3.1895539430e-05	3.2954202916e-05
2.0400000000e+02	8.8410947051e-03	2.3013469690e-03	3.2057586942e-05	3.2998942475e-05
2.0500000000e+02	8.8741157790e-03	2.2692085980e-03	3.2219059420e-05	3.3043111003e-05
2.0600000000e+02	8.9071807399e-03	2.2369090409e-03	3.2379959704e-05	3.3086717779e-05
2.0700000000e+02	8.9402890304e-03	2.2044488684e-03	3.2540290638e-05	3.3129771906e-05
2.0800000000e+02	8.9734401024e-03	2.1718286484e-03	3.2700055067e-05	3.3172282310e-05
2.0900000000e+02	9.0066334167e-03	2.1390489461e-03	3.2859255840e-05	3.3214257747e-05
2.1000000000e+02	9.0398684425e-03	2.1061103237e-03	3.3017895804e-05	3.3255706806e-05
2.1100000000e+02	9.0731446577e-03	2.0730133405e-03	3.3175977806e-05	3.3296637913e-05
2.1200000000e+02	9.1064615484e-03	2.0397585531e-03	3.3333504695e-05	3.3337059334e-05
2.1300000000e+02	9.1398186091e-03	2.0063465152e-03	3.3490479314e-05	3.3376979176e-05
2.1400000000e+02	9.1732153422e-03	1.9727777776e-03	3.3646904507e-05	3.3416405397e-05
2.1500000000e+02	9.2066512580e-03	1.9390528884e-03	3.3802783114e-05	3.3455345800e-05
2.1600000000e+02	9.2401258744e-03	1.9051723927e-03	3.3958117971e-05	3.3493808046e-05
2.1700000000e+02	9.2736387172e-03	1.8711368328e-03	3.4112911910e-05	3.3531799648e-05
2.1800000000e+02	9.3071893193e-03	1.8369467482e-03	3.4267167757e-05	3.3569327981e-05
2.1900000000e+02	9.3407772211e-03	1.8026026757e-03	3.4420888336e-05	3.3606400282e-05
2.2000000000e+02	9.3744019702e-03	1.7681051490e-03	3.4574076460e-05	3.3643023653e-05
2.2100000000e+02	9.4080631211e-03	1.7334546993e-03	3.4726734940e-05	3.3679205062e-05
2.2200000000e+02	9.4417602353e-03	1.6986518547e-03	3.4878866579e-05	3.3714951351e-05
2.2300000000e+02	9.4754928810e-03	1.6636971408e-03	3.5030474171e-05	3.3750269234e-05
2.2400000000e+02	9.5092606332e-03	1.6285910802e-03	3.5181560505e-05	3.3785165301e-05
2.2500000000e+02	9.5430630732e-03	1.5933341926e-03	3.5332128358e-05	3.3819646020e-05
2.2600000000e+02	9.5768997889e-03	1.5579269953e-03	3.5482180502e-05	3.3853717742e-05
2.2700000000e+02	9.6107703744e-03	1.5223700026e-03	3.5631719700e-05	3.3887386702e-05
2.2800000000e+02	9.6446744301e-03	1.4866637260e-03	3.5780748702e-05	3.3920659019e-05
2.2900000000e+02	9.6786115622e-03	1.4508086744e-03	3.5929270253e-05	3.3953540702e-05
2.3000000000e+02	9.7125813832e-03	1.4148053537e-03	3.6077287085e-05	3.3986037650e-05
2.3100000000e+02	9.7465835112e-03	1.3786542675e-03	3.6224801921e-05	3.4018155657e-05
2.3200000000e+02	9.7806175701e-03	1.3423559163e-03	3.6371817473e-05	3.4049900411e-05
2.3300000000e+02	9.8146831895e-03	1.3059107981e-03	3.6518336444e-05	3.4081277497e-05
2.3400000000e+02	9.8487800044e-03	1.2693194081e-03	3.6664361523e-05	3.4112292400e-05
2.3500000000e+02	9.8829076554e-03	1.2325822388e-03	3.6809895390e-05	3.4142950508e-05
2.3600000000e+02	9.9170657883e-03	1.1956997801e-03	3.6954940712e-05	3.4173257110e-05
2.3700000000e+02	9.9512540542e-03	1.1586725193e-03	3.7099500147e-05	3.4203217403e-05
2.3800000000e+02	9.9854721093e-03	1.1215009409e-03	3.7243576338e-05	3.4232836491e-05
2.3900000000e+02	1.0019719615e-02	1.0841855269e-03	3.7387171917e-05	3.4262119387e-05
2.4000000000e+02	1.0053996238e-02	1.0467267564e-03	3.7530289505e-05	3.4291071015e-05
2.4100000000e+02	1.0088301648e-02	1.0091251063e-03	3.7672931709e-05	3.4319696214e-05
2.4200000000e+02	1.0122635523e-02	9.7138105060e-04	3.7815101125e-05	3.4347999735e-05
2.4300000000e+02	1.0156997542e-02	9.3349506080e-04	3.7956800335e-05	3.4375986248e-05
2.4400000000e+02	1.0191387391e-02	8.9546760581e-04	3.8098031907e-05	3.4403660341e-05
2.4500000000e+02	1.0225804760e-02	8.5729915201e-04	3.8238798401e-05	3.4431026520e-05
2.4600000000e+02	1.0260249343e-02	8.1899016319e-04	3.8379102357e-05	3.4458089215e-05
2.4700000000e+02	1.0294720839e-02	7.8054110063e-04	3.8518946309e-05	3.4484852776e-05
2.4800000000e+02	1.0329218950e-02	7.4195242307e-04	3.8658332771e-05	3.4511321482e-05
2.4900000000e+02	1.0363743385e-02	7.0322458675e-04	3.8797264250e-05	3.4537499534e-05
2.5000000000e+02	1.0398293854e-02	6.6435804540e-04	3.8935743234e-05	3.4563391063e-05
2.5100000000e+02	1.0432870073e-02	6.2535325028e-04	3.9073772202e-05	3.4589000129e-05
2.5200000000e+02	1.0467471761e-02	5.8621065018e-04	3.9211353616e-05	3.4614330720e-05
2.5300000000e+02	1.0502098643e-02	5.4693069142e-04	3.9348489927e-05	3.4639386760e-05
2.5400000000e+02	1.0536750445e-02	5.0751381788e-04	3.9485183570e-05	3.4664172101e-05
2.5500000000e+02	1.0571426898e-02	4.6796047103e-04	3.9621436969e-05	3.4688690535e-05
2.5600000000e+02	1.0606127738e-02	4.2827108989e-04	3.9757252532e-05	3.4712945785e-05
2.5700000000e+02	1.0640852703e-02	3.8844611111e-04	3.9892632654e-05	3.4736941515e-05
2.5800000000e+02	1.0675601536e-02	3.4848596894e-04	4.0027579716e-05	3.4760681324e-05
2.5900000000e+02	1.0710373982e-02	3.0839109524e-04	4.0162096087e-05	3.4784168752e-05
2.6000000000e+02	1.0745169790e-02	2.6816191954e-04	4.0296184118e-05	3.4807407280e-05
2.6100000000e+02	1.0779988714e-02	2.2779886901e-04	4.0429846151e-05	3.4830400330e-05
2.6200000000e+02	1.0814830510e-02	1.8730236846e-04	4.0563084511e-05	3.4853151267e-05
2.6300000000e+02	1.0849694937e-02	1.4667284044e-04	4.0695901509e-05	3.4875663401e-05
2.6400000000e+02	1.0884581759e-02	1.0591070513e-04	4.0828299445e-05	3.4897939986e-05
2.6500000000e+02	1.0919490740e-02	6.5016380474e-05	4.0960280601e-05	3.4919984223e-05
2.6600000000e+02	1.0954421651e-02	2.3990282101e-05	4.1091847250e-05	3.4941799258e-05
2.6700000000e+02	1.0989374263e-02	-1.7167176608e-05	4.1223001646e-05	3.4963388189e-05
2.6800000000e+02	1.1024348353e-02	-5.8455584523e-05	4.1353746034e-05	3.4984754060e-05
2.6900000000e+02	1.1059343698e-02	-9.9874532750e-05	4.1484082641e-05	3.5005899866e-05
2.7000000000e+02	1.1094360080e-02	-1.4142361462e-04	4.1614013684e-05	3.5026828555e-05
2.7100000000e+02	1.1129397283e-02	-1.8310242566e-04	4.1743541362e-05	3.5047543024e-05
2.7200000000e+02	1.1164455096e-02	-2.2491056362e-04	4.1872667865e-05	3.5068046126e-05
2.7300000000e+02	1.1199533306e-02	-2.6684762839e-04	4.2001395365e-05	3.5088340664e-05
2.7400000000e+02	1.1234631708e-02	-3.0891322207e-04	4.2129726023e-05	3.5108429400e-05
2.7500000000e+02	1.1269750097e-02	-3.5110694887e-04	4.2257661986e-05	3.5128315048e-05
2.7600000000e+02	1.1304888272e-02	-3.9342841518e-04	4.2385205387e-05	3.5148000281e-05
2.7700000000e+02	1.1340046032e-02	-4.3587722950e-04	4.2512358345e-05	3.5167487728e-05
2.7800000000e+02	1.1375223182e-02	-4.7845300243e-04	4.2639122965e-05	3.5186779976e-05
2.7900000000e+02	1.1410419528e-02	-5.2115534668e-04	4.2765501342e-05	3.5205879570e-05
2.8000000000e+02	1.1445634878e-02	-5.6398387706e-04	4.2891495553e-05	3.5224789017e-05
2.8100000000e+02	1.1480869043e-02	-6.0693821042e-04	4.3017107664e-05	3.5243510782e-05
2.8200000000e+02	1.1516121838e-02	-6.5001796570e-04	4.3142339728e-05	3.5262047292e-05
2.8300000000e+02	1.1551393077e-02	-6.9322276387e-04	4.3267193783e-05	3.5280400935e-05
2.8400000000e+02	1.1586682579e-02	-7.3655222794e-04	4.3391671856e-05	3.5298574063e-05
2.8500000000e+02	1.1621990166e-02	-7.8000598293e-04	4.3515775959e-05	3.5316568989e-05
2.8600000000e+02	1.1657315659e-02	-8.2358365587e-04	4.3639508092e-05	3.5334387992e-05
2.8700000000e+02	1.1692658884e-02	-8.6728487579e-04	4.3762870242e-05	3.5352033314e-05
2.8800000000e+02	1.1728019668e-02	-9.1110927368e-04	4.3885864381e-05	3.5369507162e-05
2.8900000000e+02	1.1763397841e-02	-9.5505648253e-04	4.4008492471e-05	3.5386811710e-05
2.9000000000e+02	1.1798793236e-02	-9.9912613726e-04	4.4130756459e-05	3.5403949098e-05
2.9100000000e+02	1.1834205685e-02	-1.0433178747e-03	4.4252658280e-05	3.5420921432e-05
2.9200000000e+02	1.1869635024e-02	-1.0876313337e-03	4.4374199856e-05	3.5437730787e-05
2.9300000000e+02	1.1905081093e-02	-1.1320661550e-03	4.4495383098e-05	3.5454379205e-05
2.9400000000e+02	1.1940543730e-02	-1.1766219811e-03	4.4616209901e-05	3.5470868698e-05
2.9500000000e+02	1.1976022778e-02	-1.2212984566e-03	4.4736682150e-05	3.5487201245e-05
2.9600000000e+02	1.2011518081e-02	-1.2660952279e-03	4.4856801718e-05	3.5503378797e-05
2.9700000000e+02	1.2047029484e-02	-1.3110119431e-03	4.4976570462e-05	3.5519403274e-05
2.9800000000e+02	1.2082556837e-02	-1.3560482525e-03	4.5095990232e-05	3.5535276569e-05
2.9900000000e+02	1.2118099988e-02	-1.4012038079e-03	4.5215062861e-05	3.5551000545e-05
3.0000000000e+02	1.2153658789e-02	-1.4464782631e-03	4.5333790172e-05	3.5566577036e-05
3.0100000000e+02	1.2189233093e-02	-1.4918712737e-03	4.5452173976e-05	3.5582007850e-05
3.0200000000e+02	1.2224822756e-02	-1.5373824971e-03	4.5570216071e-05	3.5597294767e-05
3.0300000000e+02	1.2260427635e-02	-1.5830115925e-03	4.5687918244e-05	3.5612439540e-05
3.0400000000e+02	1.2296047589e-02	-1.6287582209e-03	4.5805282268e-05	3.5627443898e-05
3.0500000000e+02	1.2331682477e-02	-1.6746220449e-03	4.5922309907e-05	3.5642309542e-05
3.0600000000e+02	1.2367332162e-02	-1.7206027292e-03	4.6039002912e-05	3.5657038149e-05
3.0700000000e+02	1.2402996508e-02	-1.7666999398e-03	4.6155363022e-05	3.5671631371e-05
3.0800000000e+02	1.2438675380e-02	-1.8129133448e-03	4.6271391964e-05	3.5686090834e-05
3.0900000000e+02	1.2474368646e-02	-1.8592426139e-03	4.6387091455e-05	3.5700418143e-05
3.1000000000e+02	1.2510076173e-02	-1.9056874185e-03	4.6502463198e-05	3.5714614878e-05
3.1100000000e+02	1.2545797832e-02	-1.9522474316e-03	4.6617508887e-05	3.5728682595e-05
3.1200000000e+02	1.2581533496e-02	-1.9989223281e-03	4.6732230204e-05	3.5742622828e-05
3.1300000000e+02	1.2617283036e-02	-2.0457117845e-03	4.6846628819e-05	3.5756437089e-05
3.1400000000e+02	1.2653046328e-02	-2.0926154788e-03	4.6960706392e-05	3.5770126868e-05
3.1500000000e+02	1.2688823249e-02	-2.1396330908e-03	4.7074464570e-05	3.5783693632e-05
3.1600000000e+02	1.2724613675e-02	-2.1867643020e-03	4.7187904991e-05	3.5797138830e-05
3.1700000000e+02	1.2760417486e-02	-2.2340087954e-03	4.7301029280e-05	3.5810463887e-05
3.1800000000e+02	1.2796234563e-02	-2.2813662557e-03	4.7413839053e-05	3.5823670208e-05
3.1900000000e+02	1.2832064788e-02	-2.3288363692e-03	4.7526335915e-05	3.5836759180e-05
3.2000000000e+02	1.2867908043e-02	-2.3764188238e-03	4.7638521458e-05	3.5849732167e-05
3.2100000000e+02	1.2903764214e-02	-2.4241133089e-03	4.7750397267e-05	3.5862590515e-05
3.2200000000e+02	1.2939633186e-02	-2.4719195156e-03	4.7861964912e-05	3.5875335553e-05
3.2300000000e+02	1.2975514848e-02	-2.5198371365e-03	4.7973225957e-05	3.5887968587e-05
3.2400000000e+02	1.3011409086e-02	-2.5678658658e-03	4.8084181952e-05	3.5900490907e-05
3.2500000000e+02	1.3047315793e-02	-2.6160053992e-03	4.8194834437e-05	3.5912903785e-05
3.2600000000e+02	1.3083234858e-02	-2.6642554340e-03	4.8305184945e-05	3.5925208475e-05
3.2700000000e+02	1.3119166174e-02	-2.7126156690e-03	4.8415234994e-05	3.5937406211e-05
3.2800000000e+02	1.3155109635e-02	-2.7610858044e-03	4.8524986096e-05	3.5949498213e-05
3.2900000000e+02	1.3191065136e-02	-2.8096655420e-03	4.8634439750e-05	3.5961485681e-05
3.3000000000e+02	1.3227032572e-02	-2.8583545852e-03	4.8743597446e-05	3.5973369802e-05
3.3100000000e+02	1.3263011841e-02	-2.9071526387e-03	4.8852460665e-05	3.5985151742e-05
3.3200000000e+02	1.3299002842e-02	-2.9560594089e-03	4.8961030876e-05	3.5996832654e-05
3.3300000000e+02	1.3335005473e-02	-3.0050746033e-03	4.9069309539e-05	3.6008413673e-05
3.3400000000e+02	1.3371019636e-02	-3.0541979312e-03	4.9177298106e-05	3.6019895921e-05
3.3500000000e+02	1.3407045233e-02	-3.1034291033e-03	4.9284998018e-05	3.6031280503e-05
3.3600000000e+02	1.3443082165e-02	-3.1527678315e-03	4.9392410704e-05	3.6042568507e-05
3.3700000000e+02	1.3479130338e-02	-3.2022138294e-03	4.9499537588e-05	3.6053761008e-05
3.3800000000e+02	1.3515189656e-02	-3.2517668119e-03	4.9606380082e-05	3.6064859068e-05
3.3900000000e+02	1.3551260025e-02	-3.3014264953e-03	4.9712939587e-05	3.6075863731e-05
3.4000000000e+02	1.3587341352e-02	-3.3511925972e-03	4.9819217499e-05	3.6086776028e-05
3.4100000000e+02	1.3623433546e-02	-3.4010648369e-03	4.9925215200e-05	3.6097596978e-05
3.4200000000e+02	1.3659536516e-02	-3.4510429347e-03	5.0030934067e-05	3.6108327584e-05
3.4300000000e+02	1.3695650172e-02	-3.5011266125e-03	5.0136375464e-05	3.6118968836e-05
3.4400000000e+02	1.3731774424e-02	-3.5513155936e-03	5.0241540750e-05	3.6129521710e-05
3.4500000000e+02	1.3767909186e-02	-3.6016096024e-03	5.0346431271e-05	3.6139987170e-05
3.4600000000e+02	1.3804054370e-02	-3.6520083650e-03	5.0451048367e-05	3.6150366168e-05
3.4700000000e+02	1.3840209890e-02	-3.7025116085e-03	5.0555393367e-05	3.6160659640e-05
3.4800000000e+02	1.3876375661e-02	-3.7531190615e-03	5.0659467593e-05	3.6170868513e-05
3.4900000000e+02	1.3912551599e-02	-3.8038304538e-03	5.0763272358e-05	3.6180993699e-05
3.5000000000e+02	1.3948737621e-02	-3.8546455168e-03	5.0866808965e-05	3.6191036100e-05
3.5100000000e+02	1.3984933644e-02	-3.9055639828e-03	5.0970078709e-05	3.6200996604e-05
3.5200000000e+02	1.4021139587e-02	-3.9565855857e-03	5.1073082877e-05	3.6210876089e-05
3.5300000000e+02	1.4057355369e-02	-4.0077100605e-03	5.1175822747e-05	3.6220675421e-05
3.5400000000e+02	1.4093580911e-02	-4.0589371435e-03	5.1278299590e-05	3.6230395454e-05
3.5500000000e+02	1.4129816134e-02	-4.1102665724e-03	5.1380514666e-05	3.6240037031e-05
3.5600000000e+02	1.4166060960e-02	-4.1616980860e-03	5.1482469229e-05	3.6249600984e-05
3.5700000000e+02	1.4202315311e-02	-4.2132314244e-03	5.1584164524e-05	3.6259088135e-05
3.5800000000e+02	1.4238579111e-02	-4.2648663290e-03	5.1685601786e-05	3.6268499294e-05
3.5900000000e+02	1.4274852284e-02	-4.3166025424e-03	5.1786782246e-05	3.6277835261e-05
3.6000000000e+02	1.4311134756e-02	-4.3684398083e-03	5.1887707124e-05	3.6287096825e-05
3.6100000000e+02	1.4347426453e-02	-4.4203778718e-03	5.1988377632e-05	3.6296284767e-05
3.6200000000e+02	1.4383727302e-02	-4.4724164792e-03	5.2088794974e-05	3.6305399856e-05
3.6300000000e+02	1.4420037229e-02	-4.5245553778e-03	5.2188960349e-05	3.6314442851e-05
3.6400000000e+02	1.4456356163e-02	-4.5767943163e-03	5.2288874944e-05	3.6323414501e-05
3.6500000000e+02	1.4492684034e-02	-4.6291330445e-03	5.2388539942e-05	3.6332315548e-05
3.6600000000e+02	1.4529020771e-02	-4.6815713134e-03	5.2487956515e-05	3.6341146721e-05
3.6700000000e+02	1.4565366305e-02	-4.7341088751e-03	5.2587125831e-05	3.6349908742e-05
3.6800000000e+02	1.4601720566e-02	-4.7867454830e-03	5.2686049046e-05	3.6358602324e-05
3.6900000000e+02	1.4638083487e-02	-4.8394808915e-03	5.2784727313e-05	3.6367228169e-05
3.7000000000e+02	1.4674455000e-02	-4.8923148564e-03	5.2883161774e-05	3.6375786971e-05
3.7100000000e+02	1.4710835039e-02	-4.9452471342e-03	5.2981353565e-05	3.6384279416e-05
3.7200000000e+02	1.4747223537e-02	-4.9982774830e-03	5.3079303817e-05	3.6392706181e-05
3.7300000000e+02	1.4783620429e-02	-5.0514056617e-03	5.3177013649e-05	3.6401067934e-05
3.7400000000e+02	1.4820025651e-02	-5.1046314305e-03	5.3274484176e-05	3.6409365336e-05
3.7500000000e+02	1.4856439139e-02	-5.1579545507e-03	5.3371716505e-05	3.6417599037e-05
3.7600000000e+02	1.4892860828e-02	-5.2113747845e-03	5.3468711736e-05	3.6425769681e-05
3.7700000000e+02	1.4929290657e-02	-5.2648918955e-03	5.3565470962e-05	3.6433877905e-05
3.7800000000e+02	1.4965728564e-02	-5.3185056481e-03	5.3661995269e-05	3.6441924334e-05
3.7900000000e+02	1.5002174486e-02	-5.3722158080e-03	5.3758285735e-05	3.6449909590e-05
3.8000000000e+02	1.5038628363e-02	-5.4260221420e-03	5.3854343433e-05	3.6457834285e-05
3.8100000000e+02	1.5075090134e-02	-5.4799244177e-03	5.3950169427e-05	3.6465699022e-05
3.8200000000e+02	1.5111559741e-02	-5.5339224040e-03	5.4045764777e-05	3.6473504400e-05
3.8300000000e+02	1.5148037123e-02	-5.5880158707e-03	5.4141130533e-05	3.6481251008e-05
3.8400000000e+02	1.5184522223e-02	-5.6422045888e-03	5.4236267740e-05	3.6488939429e-05
3.8500000000e+02	1.5221014983e-02	-5.6964883303e-03	5.4331177437e-05	3.6496570238e-05
3.8600000000e+02	1.5257515345e-02	-5.7508668682e-03	5.4425860656e-05	3.6504144003e-05
3.8700000000e+02	1.5294023252e-02	-5.8053399765e-03	5.4520318420e-05	3.6511661287e-05
3.8800000000e+02	1.5330538649e-02	-5.8599074303e-03	5.4614551750e-05	3.6519122643e-05
3.8900000000e+02	1.5367061479e-02	-5.9145690055e-03	5.4708561657e-05	3.6526528621e-05
3.9000000000e+02	1.5403591688e-02	-5.9693244794e-03	5.4802349147e-05	3.6533879761e-05
3.9100000000e+02	1.5440129220e-02	-6.0241736300e-03	5.4895915219e-05	3.6541176598e-05
3.9200000000e+02	1.5476674023e-02	-6.0791162364e-03	5.4989260866e-05	3.6548419660e-05
3.9300000000e+02	1.5513226042e-02	-6.1341520786e-03	5.5082387075e-05	3.6555609470e-05
3.9400000000e+02	1.5549785224e-02	-6.1892809377e-03	5.5175294828e-05	3.6562746543e-05
3.9500000000e+02	1.5586351518e-02	-6.2445025958e-03	5.5267985097e-05	3.6569831389e-05
3.9600000000e+02	1.5622924870e-02	-6.2998168357e-03	5.5360458853e-05	3.6576864512e-05
3.9700000000e+02	1.5659505230e-02	-6.3552234416e-03	5.5452717056e-05	3.6583846408e-05
3.9800000000e+02	1.5696092546e-02	-6.4107221983e-03	5.5544760664e-05	3.6590777571e-05
3.9900000000e+02	1.5732686768e-02	-6.4663128917e-03	5.5636590626e-05	3.6597658485e-05
4.0000000000e+02	1.5769287846e-02	-6.5219953087e-03	5.5728207887e-05	3.6604489630e-05
4.0100000000e+02	1.5805895731e-02	-6.5777692369e-03	5.5819613386e-05	3.6611271482e-05
4.0200000000e+02	1.5842510373e-02	-6.6336344652e-03	5.5910808055e-05	3.6618004508e-05
4.0300000000e+02	1.5879131724e-02	-6.6895907831e-03	5.6001792821e-05	3.6624689172e-05
4.0400000000e+02	1.5915759735e-02	-6.7456379812e-03	5.6092568605e-05	3.6631325933e-05
4.0500000000e+02	1.5952394360e-02	-6.8017758509e-03	5.6183136323e-05	3.6637915242e-05
4.0600000000e+02	1.5989035550e-02	-6.8580041847e-03	5.6273496884e-05	3.6644457546e-05
4.0700000000e+02	1.6025683259e-02	-6.9143227759e-03	5.6363651192e-05	3.6650953289e-05
4.0800000000e+02	1.6062337441e-02	-6.9707314187e-03	5.6453600147e-05	3.6657402906e-05
4.0900000000e+02	1.6098998050e-02	-7.0272299081e-03	5.6543344641e-05	3.6663806830e-05
4.1000000000e+02	1.6135665040e-02	-7.0838180401e-03	5.6632885561e-05	3.6670165487e-05
4.1100000000e+02	1.6172338366e-02	-7.1404956116e-03	5.6722223790e-05	3.6676479300e-05
4.1200000000e+02	1.6209017984e-02	-7.1972624204e-03	5.6811360204e-05	3.6682748685e-05
4.1300000000e+02	1.6245703849e-02	-7.2541182651e-03	5.6900295675e-05	3.6688974054e-05
4.1400000000e+02	1.6282395917e-02	-7.3110629451e-03	5.6989031068e-05	3.6695155816e-05
4.1500000000e+02	1.6319094146e-02	-7.3680962608e-03	5.7077567245e-05	3.6701294373e-05
4.1600000000e+02	1.6355798492e-02	-7.4252180134e-03	5.7165905060e-05	3.6707390123e-05
4.1700000000e+02	1.6392508912e-02	-7.4824280051e-03	5.7254045365e-05	3.6713443460e-05
4.1800000000e+02	1.6429225365e-02	-7.5397260386e-03	5.7341989003e-05	3.6719454774e-05
4.1900000000e+02	1.6465947808e-02	-7.5971119178e-03	5.7429736815e-05	3.6725424448e-05
4.2000000000e+02	1.6502676200e-02	-7.6545854472e-03	5.7517289636e-05	3.6731352865e-05
4.2100000000e+02	1.6539410500e-02	-7.7121464324e-03	5.7604648295e-05	3.6737240399e-05
4.2200000000e+02	1.6576150667e-02	-7.7697946794e-03	5.7691813617e-05	3.6743087423e-05
4.2300000000e+02	1.6612896661e-02	-7.8275299954e-03	5.7778786422e-05	3.6748894304e-05
4.2400000000e+02	1.6649648442e-02	-7.8853521883e-03	5.7865567525e-05	3.6754661406e-05
4.2500000000e+02	1.6686405971e-02	-7.9432610668e-03	5.7952157736e-05	3.6760389090e-05
4.2600000000e+02	1.6723169208e-02	-8.0012564404e-03	5.8038557859e-05	3.6766077709e-05
4.2700000000e+02	1.6759938113e-02	-8.0593381195e-03	5.8124768695e-05	3.6771727616e-05
4.2800000000e+02	1.6796712650e-02	-8.1175059150e-03	5.8210791040e-05	3.6777339159e-05
4.2900000000e+02	1.6833492779e-02	-8.1757596390e-03	5.8296625683e-05	3.6782912681e-05
4.3000000000e+02	1.6870278463e-02	-8.2340991041e-03	5.8382273411e-05	3.6788448522e-05
4.3100000000e+02	1.6907069664e-02	-8.2925241238e-03	5.8467735006e-05	3.6793947019e-05
4.3200000000e+02	1.6943866344e-02	-8.3510345123e-03	5.8553011243e-05	3.6799408504e-05
4.3300000000e+02	1.6980668468e-02	-8.4096300847e-03	5.8638102894e-05	3.6804833305e-05
4.3400000000e+02	1.7017475999e-02	-8.4683106568e-03	5.8723010728e-05	3.6810221749e-05
4.3500000000e+02	1.7054288900e-02	-8.5270760451e-03	5.8807735506e-05	3.6815574156e-05
4.3600000000e+02	1.7091107135e-02	-8.5859260671e-03	5.8892277987e-05	3.6820890846e-05
4.3700000000e+02	1.7127930670e-02	-8.6448605406e-03	5.8976638925e-05	3.6826172132e-05
4.3800000000e+02	1.7164759468e-02	-8.7038792846e-03	5.9060819070e-05	3.6831418326e-05
4.3900000000e+02	1.7201593495e-02	-8.7629821187e-03	5.9144819165e-05	3.6836629735e-05
4.4000000000e+02	1.7238432716e-02	-8.8221688632e-03	5.9228639953e-05	3.6841806665e-05
4.4100000000e+02	1.7275277097e-02	-8.8814393391e-03	5.9312282168e-05	3.6846949416e-05
4.4200000000e+02	1.7312126603e-02	-8.9407933683e-03	5.9395746542e-05	3.6852058286e-05
4.4300000000e+02	1.7348981202e-02	-9.0002307732e-03	5.9479033804e-05	3.6857133571e-05
4.4400000000e+02	1.7385840860e-02	-9.0597513771e-03	5.9562144677e-05	3.6862175561e-05
4.4500000000e+02	1.7422705542e-02	-9.1193550040e-03	5.9645079879e-05	3.6867184546e-05
4.4600000000e+02	1.7459575218e-02	-9.1790414785e-03	5.9727840126e-05	3.6872160810e-05
4.4700000000e+02	1.7496449853e-02	-9.2388106261e-03	5.9810426128e-05	3.6877104636e-05
4.4800000000e+02	1.7533329416e-02	-9.2986622729e-03	5.9892838592e-05	3.6882016303e-05
4.4900000000e+02	1.7570213875e-02	-9.3585962457e-03	5.9975078220e-05	3.6886896087e-05
4.5000000000e+02	1.7607103198e-02	-9.4186123720e-03	6.0057145711e-05	3.6891744262e-05
4.5100000000e+02	1.7643997353e-02	-9.4787104800e-03	6.0139041759e-05	3.6896561098e-05
4.5200000000e+02	1.7680896310e-02	-9.5388903986e-03	6.0220767054e-05	3.6901346863e-05
4.5300000000e+02	1.7717800037e-02	-9.5991519574e-03	6.0302322283e-05	3.6906101822e-05
4.5400000000e+02	1.7754708503e-02	-9.6594949867e-03	6.0383708127e-05	3.6910826236e-05
4.5500000000e+02	1.7791621679e-02	-9.7199193174e-03	6.0464925267e-05	3.6915520364e-05
4.5600000000e+02	1.7828539534e-02	-9.7804247812e-03	6.0545974375e-05	3.6920184464e-05
4.5700000000e+02	1.7865462038e-02	-9.8410112104e-03	6.0626856123e-05	3.6924818789e-05
4.5800000000e+02	1.7902389162e-02	-9.9016784379e-03	6.0707571178e-05	3.6929423591e-05
4.5900000000e+02	1.7939320875e-02	-9.9624262974e-03	6.0788120202e-05	3.6933999117e-05
4.6000000000e+02	1.7976257150e-02	-1.0023254623e-02	6.0868503855e-05	3.6938545613e-05
4.6100000000e+02	1.8013197957e-02	-1.0084163250e-02	6.0948722792e-05	3.6943063324e-05
4.6200000000e+02	1.8050143267e-02	-1.0145152014e-02	6.1028777665e-05	3.6947552489e-05
4.6300000000e+02	1.8087093053e-02	-1.0206220751e-02	6.1108669122e-05	3.6952013348e-05
4.6400000000e+02	1.8124047285e-02	-1.0267369298e-02	6.1188397808e-05	3.6956446136e-05
4.6500000000e+02	1.8161005936e-02	-1.0328597493e-02	6.1267964362e-05	3.6960851086e-05
4.6600000000e+02	1.8197968978e-02	-1.0389905173e-02	6.1347369422e-05	3.6965228430e-05
4.6700000000e+02	1.8234936383e-02	-1.0451292178e-02	6.1426613621e-05	3.6969578396e-05
4.6800000000e+02	1.8271908125e-02	-1.0512758347e-02	6.1505697590e-05	3.6973901210e-05
4.6900000000e+02	1.8308884177e-02	-1.0574303520e-02	6.1584621954e-05	3.6978197098e-05
4.7000000000e+02	1.8345864511e-02	-1.0635927538e-02	6.1663387337e-05	3.6982466279e-05
4.7100000000e+02	1.8382849101e-02	-1.0697630242e-02	6.1741994357e-05	3.6986708974e-05
4.7200000000e+02	1.8419837920e-02	-1.0759411474e-02	6.1820443631e-05	3.6990925401e-05
4.7300000000e+02	1.8456830943e-02	-1.0821271077e-02	6.1898735770e-05	3.6995115773e-05
4.7400000000e+02	1.8493828143e-02	-1.0883208893e-02	6.1976871384e-05	3.6999280304e-05
4.7500000000e+02	1.8530829495e-02	-1.0945224767e-02	6.2054851078e-05	3.7003419204e-05
4.7600000000e+02	1.8567834973e-02	-1.1007318544e-02	6.2132675454e-05	3.7007532683e-05
4.7700000000e+02	1.8604844552e-02	-1.1069490067e-02	6.2210345112e-05	3.7011620946e-05
4.7800000000e+02	1.8641858206e-02	-1.1131739182e-02	6.2287860646e-05	3.7015684197e-05
4.7900000000e+02	1.8678875912e-02	-1.1194065737e-02	6.2365222648e-05	3.7019722640e-05
4.8000000000e+02	1.8715897643e-02	-1.1256469577e-02	6.2442431709e-05	3.7023736475e-05
4.8100000000e+02	1.8752923377e-02	-1.1318950549e-02	6.2519488412e-05	3.7027725899e-05
4.8200000000e+02	1.8789953087e-02	-1.1381508503e-02	6.2596393340e-05	3.7031691109e-05
4.8300000000e+02	1.8826986751e-02	-1.1444143286e-02	6.2673147074e-05	3.7035632299e-05
4.8400000000e+02	1.8864024344e-02	-1.1506854747e-02	6.2749750187e-05	3.7039549663e-05
4.8500000000e+02	1.8901065842e-02	-1.1569642736e-02	6.2826203254e-05	3.7043443389e-05
4.8600000000e+02	1.8938111223e-02	-1.1632507104e-02	6.2902506844e-05	3.7047313668e-05
4.8700000000e+02	1.8975160462e-02	-1.1695447700e-02	6.2978661524e-05	3.7051160685e-05
4.8800000000e+02	1.9012213536e-02	-1.1758464377e-02	6.3054667856e-05	3.7054984625e-05
4.8900000000e+02	1.9049270423e-02	-1.1821556987e-02	6.3130526401e-05	3.7058785673e-05
4.9000000000e+02	1.9086331100e-02	-1.1884725381e-02	6.3206237717e-05	3.7062564008e-05
4.9100000000e+02	1.9123395544e-02	-1.1947969413e-02	6.3281802357e-05	3.7066319811e-05
4.9200000000e+02	1.9160463732e-02	-1.2011288937e-02	6.3357220872e-05	3.7070053258e-05
4.9300000000e+02	1.9197535643e-02	-1.2074683806e-02	6.3432493812e-05	3.7073764527e-05
4.9400000000e+02	1.9234611254e-02	-1.2138153876e-02	6.3507621721e-05	3.7077453792e-05
4.9500000000e+02	1.9271690543e-02	-1.2201699002e-02	6.3582605141e-05	3.7081121224e-05
4.9600000000e+02	1.9308773489e-02	-1.2265319039e-02	6.3657444612e-05	3.7084766995e-05
4.9700000000e+02	1.9345860070e-02	-1.2329013843e-02	6.3732140671e-05	3.7088391275e-05
4.9800000000e+02	1.9382950265e-02	-1.2392783272e-02	6.3806693849e-05	3.7091994230e-05
4.9900000000e+02	1.9420044052e-02	-1.2456627183e-02	6.3881104679e-05	3.7095576027e-05
5.0000000000e+02	1.9457141410e-02	-1.2520545434e-02	6.3955373688e-05	3.7099136831e-05
5.0100000000e+02	1.9494242318e-02	-1.2584537884e-02	6.4029501401e-05	3.7102676803e-05
5.0200000000e+02	1.9531346757e-02	-1.2648604390e-02	6.4103488340e-05	3.7106196106e-05
5.0300000000e+02	1.9568454704e-02	-1.2712744814e-02	6.4177335024e-05	3.7109694898e-05
5.0400000000e+02	1.9605566140e-02	-1.2776959014e-02	6.4251041971e-05	3.7113173339e-05
5.0500000000e+02	1.9642681044e-02	-1.2841246851e-02	6.4324609693e-05	3.7116631584e-05
5.0600000000e+02	1.9679799396e-02	-1.2905608187e-02	6.4398038701e-05	3.7120069789e-05
5.0700000000e+02	1.9716921177e-02	-1.2970042882e-02	6.4471329505e-05	3.7123488108e-05
5.0800000000e+02	1.9754046366e-02	-1.3034550800e-02	6.4544482609e-05	3.7126886692e-05
5.0900000000e+02	1.9791174943e-02	-1.3099131802e-02	6.4617498517e-05	3.7130265693e-05
5.1000000000e+02	1.9828306891e-02	-1.3163785751e-02	6.4690377729e-05	3.7133625260e-05
5.1100000000e+02	1.9865442188e-02	-1.3228512512e-02	6.4763120743e-05	3.7136965540e-05
5.1200000000e+02	1.9902580815e-02	-1.3293311948e-02	6.4835728053e-05	3.7140286681e-05
5.1300000000e+02	1.9939722755e-02	-1.3358183923e-02	6.4908200151e-05	3.7143588828e-05
5.1400000000e+02	1.9976867987e-02	-1.3423128303e-02	6.4980537528e-05	3.7146872123e-05
5.1500000000e+02	2.0014016493e-02	-1.3488144953e-02	6.5052740672e-05	3.7150136711e-05
5.1600000000e+02	2.0051168254e-02	-1.3553233740e-02	6.5124810065e-05	3.7153382731e-05
5.1700000000e+02	2.0088323252e-02	-1.3618394529e-02	6.5196746191e-05	3.7156610323e-05
5.1800000000e+02	2.0125481468e-02	-1.3683627188e-02	6.5268549530e-05	3.7159819627e-05
5.1900000000e+02	2.0162642885e-02	-1.3748931584e-02	6.5340220557e-05	3.7163010779e-05
5.2000000000e+02	2.0199807484e-02	-1.3814307585e-02	6.5411759748e-05	3.7166183914e-05
5.2100000000e+02	2.0236975247e-02	-1.3879755060e-02	6.5483167575e-05	3.7169339169e-05
5.2200000000e+02	2.0274146156e-02	-1.3945273877e-02	6.5554444508e-05	3.7172476676e-05
5.2300000000e+02	2.0311320194e-02	-1.4010863905e-02	6.5625591013e-05	3.7175596567e-05
5.2400000000e+02	2.0348497344e-02	-1.4076525015e-02	6.5696607555e-05	3.7178698973e-05
5.2500000000e+02	2.0385677587e-02	-1.4142257077e-02	6.5767494598e-05	3.7181784024e-05
5.2600000000e+02	2.0422860906e-02	-1.4208059961e-02	6.5838252600e-05	3.7184851849e-05
5.2700000000e+02	2.0460047285e-02	-1.4273933539e-02	6.5908882019e-05	3.7187902575e-05
5.2800000000e+02	2.0497236705e-02	-1.4339877683e-02	6.5979383311e-05	3.7190936327e-05
5.2900000000e+02	2.0534429152e-02	-1.4405892264e-02	6.6049756929e-05	3.7193953232e-05
5.3000000000e+02	2.0571624606e-02	-1.4471977154e-02	6.6120003322e-05	3.7196953412e-05
5.3100000000e+02	2.0608823053e-02	-1.4538132228e-02	6.6190122940e-05	3.7199936991e-05
5.3200000000e+02	2.0646024475e-02	-1.4604357358e-02	6.6260116227e-05	3.7202904091e-05
5.3300000000e+02	2.0683228856e-02	-1.4670652418e-02	6.6329983629e-05	3.7205854831e-05
5.3400000000e+02	2.0720436179e-02	-1.4737017283e-02	6.6399725585e-05	3.7208789332e-05
5.3500000000e+02	2.0757646429e-02	-1.4803451828e-02	6.6469342536e-05	3.7211707711e-05
5.3600000000e+02	2.0794859589e-02	-1.4869955927e-02	6.6538834918e-05	3.7214610086e-05
5.3700000000e+02	2.0832075644e-02	-1.4936529456e-02	6.6608203166e-05	3.7217496573e-05
5.3800000000e+02	2.0869294577e-02	-1.5003172292e-02	6.6677447712e-05	3.7220367288e-05
5.3900000000e+02	2.0906516373e-02	-1.5069884311e-02	6.6746568987e-05	3.7223222344e-05
5.4000000000e+02	2.0943741017e-02	-1.5136665389e-02	6.6815567418e-05	3.7226061855e-05
5.4100000000e+02	2.0980968492e-02	-1.5203515405e-02	6.6884443432e-05	3.7228885932e-05
5.4200000000e+02	2.1018198783e-02	-1.5270434235e-02	6.6953197451e-05	3.7231694687e-05
5.4300000000e+02	2.1055431876e-02	-1.5337421759e-02	6.7021829899e-05	3.7234488230e-05
5.4400000000e+02	2.1092667755e-02	-1.5404477855e-02	6.7090341194e-05	3.7237266670e-05
5.4500000000e+02	2.1129906404e-02	-1.5471602401e-02	6.7158731754e-05	3.7240030115e-05
5.4600000000e+02	2.1167147810e-02	-1.5538795278e-02	6.7227001993e-05	3.7242778672e-05
5.4700000000e+02	2.1204391957e-02	-1.5606056365e-02	6.7295152326e-05	3.7245512448e-05
5.4800000000e+02	2.1241638830e-02	-1.5673385543e-02	6.7363183162e-05	3.7248231548e-05
5.4900000000e+02	2.1278888415e-02	-1.5740782692e-02	6.7431094913e-05	3.7250936076e-05
5.5000000000e+02	2.1316140697e-02	-1.5808247693e-02	6.7498887983e-05	3.7253626135e-05
5.5100000000e+02	2.1353395663e-02	-1.5875780428e-02	6.7566562779e-05	3.7256301829e-05
5.5200000000e+02	2.1390653296e-02	-1.5943380780e-02	6.7634119703e-05	3.7258963258e-05
5.5300000000e+02	2.1427913584e-02	-1.6011048629e-02	6.7701559156e-05	3.7261610525e-05
5.5400000000e+02	2.1465176513e-02	-1.6078783859e-02	6.7768881537e-05	3.7264243727e-05
5.5500000000e+02	2.1502442067e-02	-1.6146586353e-02	6.7836087243e-05	3.7266862965e-05
5.5600000000e+02	2.1539710234e-02	-1.6214455995e-02	6.7903176670e-05	3.7269468336e-05
5.5700000000e+02	2.1576980999e-02	-1.6282392668e-02	6.7970150210e-05	3.7272059939e-05
5.5800000000e+02	2.1614254349e-02	-1.6350396256e-02	6.8037008254e-05	3.7274637868e-05
5.5900000000e+02	2.1651530270e-02	-1.6418466646e-02	6.8103751192e-05	3.7277202220e-05
5.6000000000e+02	2.1688808749e-02	-1.6486603721e-02	6.8170379410e-05	3.7279753089e-05
5.6100000000e+02	2.1726089772e-02	-1.6554807366e-02	6.8236893295e-05	3.7282290570e-05
5.6200000000e+02	2.1763373326e-02	-1.6623077469e-02	6.8303293230e-05	3.7284814756e-05
5.6300000000e+02	2.1800659397e-02	-1.6691413915e-02	6.8369579596e-05	3.7287325738e-05
5.6400000000e+02	2.1837947973e-02	-1.6759816591e-02	6.8435752772e-05	3.7289823608e-05
5.6500000000e+02	2.1875239040e-02	-1.6828285383e-02	6.8501813138e-05	3.7292308458e-05
5.6600000000e+02	2.1912532586e-02	-1.6896820179e-02	6.8567761069e-05	3.7294780376e-05
5.6700000000e+02	2.1949828597e-02	-1.6965420868e-02	6.8633596939e-05	3.7297239453e-05
5.6800000000e+02	2.1987127060e-02	-1.7034087336e-02	6.8699321120e-05	3.7299685776e-05
5.6900000000e+02	2.2024427964e-02	-1.7102819473e-02	6.8764933984e-05	3.7302119433e-05
5.7000000000e+02	2.2061731295e-02	-1.7171617167e-02	6.8830435898e-05	3.7304540511e-05
5.7100000000e+02	2.2099037041e-02	-1.7240480308e-02	6.8895827231e-05	3.7306949097e-05
5.7200000000e+02	2.2136345189e-02	-1.7309408785e-02	6.8961108346e-05	3.7309345275e-05
5.7300000000e+02	2.2173655727e-02	-1.7378402488e-02	6.9026279608e-05	3.7311729131e-05
5.7400000000e+02	2.2210968643e-02	-1.7447461308e-02	6.9091341378e-05	3.7314100748e-05
5.7500000000e+02	2.2248283925e-02	-1.7516585134e-02	6.9156294016e-05	3.7316460209e-05
5.7600000000e+02	2.2285601560e-02	-1.7585773859e-02	6.9221137880e-05	3.7318807598e-05
5.7700000000e+02	2.2322921536e-02	-1.7655027374e-02	6.9285873327e-05	3.7321142996e-05
5.7800000000e+02	2.2360243842e-02	-1.7724345570e-02	6.9350500712e-05	3.7323466484e-05
5.7900000000e+02	2.2397568465e-02	-1.7793728339e-02	6.9415020387e-05	3.7325778143e-05
5.8000000000e+02	2.2434895394e-02	-1.7863175575e-02	6.9479432705e-05	3.7328078052e-05
5.8100000000e+02	2.2472224617e-02	-1.7932687169e-02	6.9543738014e-05	3.7330366292e-05
5.8200000000e+02	2.2509556123e-02	-1.8002263015e-02	6.9607936663e-05	3.7332642939e-05
5.8300000000e+02	2.2546889899e-02	-1.8071903007e-02	6.9672028999e-05	3.7334908072e-05
5.8400000000e+02	2.2584225935e-02	-1.8141607038e-02	6.9736015365e-05	3.7337161769e-05
5.8500000000e+02	2.2621564219e-02	-1.8211375003e-02	6.9799896105e-05	3.7339404105e-05
5.8600000000e+02	2.2658904739e-02	-1.8281206795e-02	6.9863671561e-05	3.7341635157e-05
5.8700000000e+02	2.2696247485e-02	-1.8351102311e-02	6.9927342072e-05	3.7343855000e-05
5.8800000000e+02	2.2733592446e-02	-1.8421061444e-02	6.9990907977e-05	3.7346063709e-05
5.8900000000e+02	2.2770939609e-02	-1.8491084092e-02	7.0054369611e-05	3.7348261357e-05
5.9000000000e+02	2.2808288965e-02	-1.8561170149e-02	7.0117727312e-05	3.7350448018e-05
5.9100000000e+02	2.2845640502e-02	-1.8631319512e-02	7.0180981411e-05	3.7352623765e-05
5.9200000000e+02	2.2882994209e-02	-1.8701532077e-02	7.0244132240e-05	3.7354788671e-05
5.9300000000e+02	2.2920350075e-02	-1.8771807742e-02	7.0307180131e-05	3.7356942806e-05
5.9400000000e+02	2.2957708091e-02	-1.8842146403e-02	7.0370125411e-05	3.7359086241e-05
5.9500000000e+02	2.2995068244e-02	-1.8912547959e-02	7.0432968409e-05	3.7361219048e-05
5.9600000000e+02	2.3032430525e-02	-1.8983012306e-02	7.0495709449e-05	3.7363341296e-05
5.9700000000e+02	2.3069794923e-02	-1.9053539344e-02	7.0558348857e-05	3.7365453054e-05
5.9800000000e+02	2.3107161428e-02	-1.9124128970e-02	7.0620886954e-05	3.7367554392e-05
5.9900000000e+02	2.3144530029e-02	-1.9194781084e-02	7.0683324062e-05	3.7369645377e-05
6.0000000000e+02	2.3181900715e-02	-1.9265495585e-02	7.0745660500e-05	3.7371726076e-05
6.0100000000e+02	2.3219273477e-02	-1.9336272372e-02	7.0807896588e-05	3.7373796558e-05
6.0200000000e+02	2.3256648305e-02	-1.9407111345e-02	7.0870032641e-05	3.7375856888e-05
6.0300000000e+02	2.3294025188e-02	-1.9478012404e-02	7.0932068975e-05	3.7377907133e-05
6.0400000000e+02	2.3331404116e-02	-1.9548975449e-02	7.0994005903e-05	3.7379947358e-05
6.0500000000e+02	2.3368785079e-02	-1.9620000383e-02	7.1055843739e-05	3.7381977627e-05
6.0600000000e+02	2.3406168068e-02	-1.9691087104e-02	7.1117582792e-05	3.7383998006e-05
6.0700000000e+02	2.3443553072e-02	-1.9762235515e-02	7.1179223373e-05	3.7386008558e-05
6.0800000000e+02	2.3480940082e-02	-1.9833445518e-02	7.1240765789e-05	3.7388009347e-05
6.0900000000e+02	2.3518329087e-02	-1.9904717014e-02	7.1302210348e-05	3.7390000435e-05
6.1000000000e+02	2.3555720079e-02	-1.9976049906e-02	7.1363557354e-05	3.7391981885e-05
6.1100000000e+02	2.3593113048e-02	-2.0047444097e-02	7.1424807111e-05	3.7393953759e-05
6.1200000000e+02	2.3630507984e-02	-2.0118899488e-02	7.1485959921e-05	3.7395916118e-05
6.1300000000e+02	2.3667904877e-02	-2.0190415984e-02	7.1547016087e-05	3.7397869023e-05
6.1400000000e+02	2.3705303719e-02	-2.0261993488e-02	7.1607975907e-05	3.7399812534e-05
6.1500000000e+02	2.3742704499e-02	-2.0333631904e-02	7.1668839680e-05	3.7401746711e-05
6.1600000000e+02	2.3780107209e-02	-2.0405331136e-02	7.1729607702e-05	3.7403671615e-05
6.1700000000e+02	2.3817511839e-02	-2.0477091088e-02	7.1790280270e-05	3.7405587302e-05
6.1800000000e+02	2.3854918381e-02	-2.0548911664e-02	7.1850857678e-05	3.7407493834e-05
6.1900000000e+02	2.3892326824e-02	-2.0620792771e-02	7.1911340218e-05	3.7409391266e-05
6.2000000000e+02	2.3929737160e-02	-2.0692734313e-02	7.1971728183e-05	3.7411279657e-05
6.2100000000e+02	2.3967149380e-02	-2.0764736196e-02	7.2032021862e-05	3.7413159064e-05
6.2200000000e+02	2.4004563475e-02	-2.0836798326e-02	7.2092221545e-05	3.7415029544e-05
6.2300000000e+02	2.4041979436e-02	-2.0908920608e-02	7.2152327519e-05	3.7416891153e-05
6.2400000000e+02	2.4079397255e-02	-2.0981102950e-02	7.2212340071e-05	3.7418743947e-05
6.2500000000e+02	2.4116816921e-02	-2.1053345257e-02	7.2272259486e-05	3.7420587981e-05
6.2600000000e+02	2.4154238428e-02	-2.1125647438e-02	7.2332086047e-05	3.7422423309e-05
6.2700000000e+02	2.4191661765e-02	-2.1198009398e-02	7.2391820037e-05	3.7424249987e-05
6.2800000000e+02	2.4229086925e-02	-2.1270431047e-02	7.2451461739e-05	3.7426068069e-05
6.2900000000e+02	2.4266513898e-02	-2.1342912291e-02	7.2511011430e-05	3.7427877609e-05
6.3000000000e+02	2.4303942677e-02	-2.1415453039e-02	7.2570469391e-05	3.7429678658e-05
6.3100000000e+02	2.4341373253e-02	-2.1488053200e-02	7.2629835899e-05	3.7431471271e-05
6.3200000000e+02	2.4378805617e-02	-2.1560712681e-02	7.2689111230e-05	3.7433255500e-05
6.3300000000e+02	2.4416239761e-02	-2.1633431392e-02	7.2748295660e-05	3.7435031397e-05
6.3400000000e+02	2.4453675677e-02	-2.1706209242e-02	7.2807389462e-05	3.7436799013e-05
6.3500000000e+02	2.4491113356e-02	-2.1779046140e-02	7.2866392908e-05	3.7438558399e-05
6.3600000000e+02	2.4528552791e-02	-2.1851941998e-02	7.2925306271e-05	3.7440309607e-05
6.3700000000e+02	2.4565993973e-02	-2.1924896723e-02	7.2984129821e-05	3.7442052687e-05
6.3800000000e+02	2.4603436894e-02	-2.1997910227e-02	7.3042863826e-05	3.7443787689e-05
6.3900000000e+02	2.4640881546e-02	-2.2070982421e-02	7.3101508555e-05	3.7445514663e-05
6.4000000000e+02	2.4678327920e-02	-2.2144113215e-02	7.3160064274e-05	3.7447233657e-05
6.4100000000e+02	2.4715776010e-02	-2.2217302520e-02	7.3218531248e-05	3.7448944721e-05
6.4200000000e+02	2.4753225807e-02	-2.2290550248e-02	7.3276909743e-05	3.7450647904e-05
6.4300000000e+02	2.4790677303e-02	-2.2363856310e-02	7.3335200021e-05	3.7452343253e-05
6.4400000000e+02	2.4828130491e-02	-2.2437220619e-02	7.3393402344e-05	3.7454030816e-05
6.4500000000e+02	2.4865585362e-02	-2.2510643086e-02	7.3451516974e-05	3.7455710641e-05
6.4600000000e+02	2.4903041910e-02	-2.2584123623e-02	7.3509544169e-05	3.7457382775e-05
6.4700000000e+02	2.4940500125e-02	-2.2657662145e-02	7.3567484189e-05	3.7459047264e-05
6.4800000000e+02	2.4977960002e-02	-2.2731258563e-02	7.3625337291e-05	3.7460704156e-05
6.4900000000e+02	2.5015421531e-02	-2.2804912790e-02	7.3683103732e-05	3.7462353495e-05
6.5000000000e+02	2.5052884706e-02	-2.2878624741e-02	7.3740783766e-05	3.7463995328e-05
6.5100000000e+02	2.5090349519e-02	-2.2952394329e-02	7.3798377648e-05	3.7465629700e-05
6.5200000000e+02	2.5127815963e-02	-2.3026221468e-02	7.3855885631e-05	3.7467256655e-05
6.5300000000e+02	2.5165284030e-02	-2.3100106072e-02	7.3913307967e-05	3.7468876239e-05
6.5400000000e+02	2.5202753713e-02	-2.3174048056e-02	7.3970644906e-05	3.7470488496e-05
6.5500000000e+02	2.5240225005e-02	-2.3248047333e-02	7.4027896700e-05	3.7472093470e-05
6.5600000000e+02	2.5277697898e-02	-2.3322103821e-02	7.4085063595e-05	3.7473691205e-05
6.5700000000e+02	2.5315172385e-02	-2.3396217432e-02	7.4142145841e-05	3.7475281743e-05
6.5800000000e+02	2.5352648459e-02	-2.3470388084e-02	7.4199143683e-05	3.7476865128e-05
6.5900000000e+02	2.5390126113e-02	-2.3544615692e-02	7.4256057366e-05	3.7478441403e-05
6.6000000000e+02	2.5427605339e-02	-2.3618900171e-02	7.4312887137e-05	3.7480010610e-05
6.6100000000e+02	2.5465086132e-02	-2.3693241438e-02	7.4369633237e-05	3.7481572790e-05
6.6200000000e+02	2.5502568483e-02	-2.3767639410e-02	7.4426295910e-05	3.7483127987e-05
6.6300000000e+02	2.5540052385e-02	-2.3842094002e-02	7.4482875396e-05	3.7484676240e-05
6.6400000000e+02	2.5577537833e-02	-2.3916605133e-02	7.4539371936e-05	3.7486217592e-05
6.6500000000e+02	2.5615024818e-02	-2.3991172718e-02	7.4595785769e-05	3.7487752083e-05
6.6600000000e+02	2.5652513335e-02	-2.4065796677e-02	7.4652117134e-05	3.7489279753e-05
6.6700000000e+02	2.5690003375e-02	-2.4140476925e-02	7.4708366268e-05	3.7490800644e-05
6.6800000000e+02	2.5727494934e-02	-2.4215213382e-02	7.4764533407e-05	3.7492314794e-05
6.6900000000e+02	2.5764988003e-02	-2.4290005965e-02	7.4820618786e-05	3.7493822243e-05
6.7000000000e+02	2.5802482576e-02	-2.4364854592e-02	7.4876622639e-05	3.7495323032e-05
6.7100000000e+02	2.5839978647e-02	-2.4439759183e-02	7.4932545201e-05	3.7496817198e-05
6.7200000000e+02	2.5877476208e-02	-2.4514719656e-02	7.4988386702e-05	3.7498304781e-05
6.7300000000e+02	2.5914975254e-02	-2.4589735930e-02	7.5044147375e-05	3.7499785819e-05
6.7400000000e+02	2.5952475778e-02	-2.4664807924e-02	7.5099827450e-05	3.7501260351e-05
6.7500000000e+02	2.5989977773e-02	-2.4739935558e-02	7.5155427156e-05	3.7502728414e-05
6.7600000000e+02	2.6027481232e-02	-2.4815118751e-02	7.5210946721e-05	3.7504190045e-05
6.7700000000e+02	2.6064986151e-02	-2.4890357424e-02	7.5266386374e-05	3.7505645284e-05
6.7800000000e+02	2.6102492521e-02	-2.4965651497e-02	7.5321746340e-05	3.7507094165e-05
6.7900000000e+02	2.6140000337e-02	-2.5041000891e-02	7.5377026845e-05	3.7508536727e-05
6.8000000000e+02	2.6177509592e-02	-2.5116405525e-02	7.5432228113e-05	3.7509973006e-05
6.8100000000e+02	2.6215020281e-02	-2.5191865321e-02	7.5487350369e-05	3.7511403038e-05
6.8200000000e+02	2.6252532396e-02	-2.5267380199e-02	7.5542393835e-05	3.7512826860e-05
6.8300000000e+02	2.6290045932e-02	-2.5342950082e-02	7.5597358733e-05	3.7514244506e-05
6.8400000000e+02	2.6327560883e-02	-2.5418574891e-02	7.5652245283e-05	3.7515656013e-05
6.8500000000e+02	2.6365077242e-02	-2.5494254547e-02	7.5707053706e-05	3.7517061417e-05
6.8600000000e+02	2.6402595004e-02	-2.5569988972e-02	7.5761784222e-05	3.7518460751e-05
6.8700000000e+02	2.6440114162e-02	-2.5645778089e-02	7.5816437047e-05	3.7519854051e-05
6.8800000000e+02	2.6477634710e-02	-2.5721621820e-02	7.5871012399e-05	3.7521241351e-05
6.8900000000e+02	2.6515156643e-02	-2.5797520088e-02	7.5925510495e-05	3.7522622686e-05
6.9000000000e+02	2.6552679953e-02	-2.5873472816e-02	7.5979931549e-05	3.7523998089e-05
6.9100000000e+02	2.6590204637e-02	-2.5949479926e-02	7.6034275778e-05	3.7525367595e-05
6.9200000000e+02	2.6627730687e-02	-2.6025541342e-02	7.6088543393e-05	3.7526731237e-05
6.9300000000e+02	2.6665258097e-02	-2.6101656987e-02	7.6142734609e-05	3.7528089048e-05
6.9400000000e+02	2.6702786863e-02	-2.6177826785e-02	7.6196849637e-05	3.7529441062e-05
6.9500000000e+02	2.6740316978e-02	-2.6254050661e-02	7.6250888688e-05	3.7530787311e-05
6.9600000000e+02	2.6777848436e-02	-2.6330328538e-02	7.6304851973e-05	3.7532127828e-05
6.9700000000e+02	2.6815381231e-02	-2.6406660340e-02	7.6358739700e-05	3.7533462646e-05
6.9800000000e+02	2.6852915359e-02	-2.6483045992e-02	7.6412552078e-05	3.7534791796e-05
6.9900000000e+02	2.6890450813e-02	-2.6559485419e-02	7.6466289316e-05	3.7536115310e-05
7.0000000000e+02	2.6927987588e-02	-2.6635978545e-02	7.6519951619e-05	3.7537433221e-05
7.0100000000e+02	2.6965525678e-02	-2.6712525297e-02	7.6573539194e-05	3.7538745559e-05
7.0200000000e+02	2.7003065077e-02	-2.6789125599e-02	7.6627052245e-05	3.7540052357e-05
7.0300000000e+02	2.7040605780e-02	-2.6865779377e-02	7.6680490978e-05	3.7541353644e-05
7.0400000000e+02	2.7078147782e-02	-2.6942486556e-02	7.6733855595e-05	3.7542649452e-05
7.0500000000e+02	2.7115691078e-02	-2.7019247063e-02	7.6787146299e-05	3.7543939812e-05
7.0600000000e+02	2.7153235660e-02	-2.7096060824e-02	7.6840363293e-05	3.7545224754e-05
7.0700000000e+02	2.7190781525e-02	-2.7172927765e-02	7.6893506776e-05	3.7546504307e-05
7.0800000000e+02	2.7228328667e-02	-2.7249847813e-02	7.6946576950e-05	3.7547778503e-05
7.0900000000e+02	2.7265877080e-02	-2.7326820895e-02	7.6999574013e-05	3.7549047371e-05
7.1000000000e+02	2.7303426760e-02	-2.7403846937e-02	7.7052498165e-05	3.7550310941e-05
7.1100000000e+02	2.7340977701e-02	-2.7480925867e-02	7.7105349603e-05	3.7551569241e-05
7.1200000000e+02	2.7378529897e-02	-2.7558057612e-02	7.7158128524e-05	3.7552822301e-05
7.1300000000e+02	2.7416083343e-02	-2.7635242100e-02	7.7210835124e-05	3.7554070150e-05
7.1400000000e+02	2.7453638035e-02	-2.7712479258e-02	7.7263469599e-05	3.7555312817e-05
7.1500000000e+02	2.7491193967e-02	-2.7789769015e-02	7.7316032144e-05	3.7556550331e-05
7.1600000000e+02	2.7528751134e-02	-2.7867111299e-02	7.7368522951e-05	3.7557782719e-05
7.1700000000e+02	2.7566309531e-02	-2.7944506037e-02	7.7420942215e-05	3.7559010010e-05
7.1800000000e+02	2.7603869153e-02	-2.8021953159e-02	7.7473290128e-05	3.7560232232e-05
7.1900000000e+02	2.7641429994e-02	-2.8099452594e-02	7.7525566881e-05	3.7561449413e-05
7.2000000000e+02	2.7678992050e-02	-2.8177004270e-02	7.7577772666e-05	3.7562661580e-05
7.2100000000e+02	2.7716555315e-02	-2.8254608116e-02	7.7629907671e-05	3.7563868761e-05
7.2200000000e+02	2.7754119786e-02	-2.8332264061e-02	7.7681972087e-05	3.7565070982e-05
7.2300000000e+02	2.7791685456e-02	-2.8409972036e-02	7.7733966102e-05	3.7566268272e-05
7.2400000000e+02	2.7829252321e-02	-2.8487731970e-02	7.7785889904e-05	3.7567460657e-05
7.2500000000e+02	2.7866820375e-02	-2.8565543793e-02	7.7837743680e-05	3.7568648163e-05
7.2600000000e+02	2.7904389615e-02	-2.8643407434e-02	7.7889527616e-05	3.7569830818e-05
7.2700000000e+02	2.7941960035e-02	-2.8721322825e-02	7.7941241898e-05	3.7571008647e-05
7.2800000000e+02	2.7979531631e-02	-2.8799289895e-02	7.7992886711e-05	3.7572181676e-05
7.2900000000e+02	2.8017104397e-02	-2.8877308575e-02	7.8044462239e-05	3.7573349932e-05
7.3000000000e+02	2.8054678329e-02	-2.8955378796e-02	7.8095968665e-05	3.7574513440e-05
7.3100000000e+02	2.8092253422e-02	-2.9033500489e-02	7.8147406172e-05	3.7575672227e-05
7.3200000000e+02	2.8129829672e-02	-2.9111673586e-02	7.8198774942e-05	3.7576826316e-05
7.3300000000e+02	2.8167407074e-02	-2.9189898016e-02	7.8250075157e-05	3.7577975735e-05
7.3400000000e+02	2.8204985622e-02	-2.9268173713e-02	7.8301306996e-05	3.7579120507e-05
7.3500000000e+02	2.8242565313e-02	-2.9346500608e-02	7.8352470641e-05	3.7580260658e-05
7.3600000000e+02	2.8280146142e-02	-2.9424878632e-02	7.8403566269e-05	3.7581396212e-05
7.3700000000e+02	2.8317728104e-02	-2.9503307718e-02	7.8454594059e-05	3.7582527195e-05
7.3800000000e+02	2.8355311195e-02	-2.9581787797e-02	7.8505554190e-05	3.7583653630e-05
7.3900000000e+02	2.8392895410e-02	-2.9660318804e-02	7.8556446838e-05	3.7584775542e-05
7.4000000000e+02	2.8430480744e-02	-2.9738900669e-02	7.8607272180e-05	3.7585892955e-05
7.4100000000e+02	2.8468067194e-02	-2.9817533326e-02	7.8658030391e-05	3.7587005893e-05
7.4200000000e+02	2.8505654755e-02	-2.9896216707e-02	7.8708721647e-05	3.7588114380e-05
7.4300000000e+02	2.8543243421e-02	-2.9974950747e-02	7.8759346121e-05	3.7589218439e-05
7.4400000000e+02	2.8580833190e-02	-3.0053735377e-02	7.8809903988e-05	3.7590318094e-05
7.4500000000e+02	2.8618424056e-02	-3.0132570532e-02	7.8860395421e-05	3.7591413368e-05
7.4600000000e+02	2.8656016015e-02	-3.0211456146e-02	7.8910820591e-05	3.7592504284e-05
7.4700000000e+02	2.8693609063e-02	-3.0290392152e-02	7.8961179672e-05	3.7593590866e-05
7.4800000000e+02	2.8731203196e-02	-3.0369378483e-02	7.9011472833e-05	3.7594673137e-05
7.4900000000e+02	2.8768798408e-02	-3.0448415075e-02	7.9061700245e-05	3.7595751118e-05
7.5000000000e+02	2.8806394696e-02	-3.0527501862e-02	7.9111862078e-05	3.7596824833e-05
7.5100000000e+02	2.8843992056e-02	-3.0606638778e-02	7.9161958501e-05	3.7597894303e-05
7.5200000000e+02	2.8881590484e-02	-3.0685825757e-02	7.9211989682e-05	3.7598959553e-05
7.5300000000e+02	2.8919189974e-02	-3.0765062735e-02	7.9261955789e-05	3.7600020602e-05
7.5400000000e+02	2.8956790523e-02	-3.0844349647e-02	7.9311856990e-05	3.7601077474e-05
7.5500000000e+02	2.8994392128e-02	-3.0923686428e-02	7.9361693451e-05	3.7602130191e-05
7.5600000000e+02	2.9031994782e-02	-3.1003073012e-02	7.9411465337e-05	3.7603178773e-05
7.5700000000e+02	2.9069598484e-02	-3.1082509337e-02	7.9461172815e-05	3.7604223243e-05
7.5800000000e+02	2.9107203228e-02	-3.1161995337e-02	7.9510816048e-05	3.7605263621e-05
7.5900000000e+02	2.9144809010e-02	-3.1241530948e-02	7.9560395201e-05	3.7606299930e-05
7.6000000000e+02	2.9182415826e-02	-3.1321116106e-02	7.9609910437e-05	3.7607332191e-05
7.6100000000e+02	2.9220023673e-02	-3.1400750747e-02	7.9659361919e-05	3.7608360424e-05
7.6200000000e+02	2.9257632546e-02	-3.1480434808e-02	7.9708749808e-05	3.7609384650e-05
7.6300000000e+02	2.9295242441e-02	-3.1560168226e-02	7.9758074268e-05	3.7610404890e-05
7.6400000000e+02	2.9332853354e-02	-3.1639950936e-02	7.9807335458e-05	3.7611421165e-05
7.6500000000e+02	2.9370465282e-02	-3.1719782876e-02	7.9856533539e-05	3.7612433494e-05
7.6600000000e+02	2.9408078220e-02	-3.1799663982e-02	7.9905668671e-05	3.7613441900e-05
7.6700000000e+02	2.9445692164e-02	-3.1879594192e-02	7.9954741012e-05	3.7614446401e-05
7.6800000000e+02	2.9483307111e-02	-3.1959573443e-02	8.0003750722e-05	3.7615447017e-05
7.6900000000e+02	2.9520923057e-02	-3.2039601673e-02	8.0052697958e-05	3.7616443770e-05
7.7000000000e+02	2.9558539997e-02	-3.2119678818e-02	8.0101582878e-05	3.7617436678e-05
7.7100000000e+02	2.9596157929e-02	-3.2199804818e-02	8.0150405638e-05	3.7618425761e-05
7.7200000000e+02	2.9633776848e-02	-3.2279979609e-02	8.0199166395e-05	3.7619411039e-05
7.7300000000e+02	2.9671396750e-02	-3.2360203130e-02	8.0247865304e-05	3.7620392531e-05
7.7400000000e+02	2.9709017632e-02	-3.2440475319e-02	8.0296502520e-05	3.7621370257e-05
7.7500000000e+02	2.9746639489e-02	-3.2520796114e-02	8.0345078198e-05	3.7622344235e-05
7.7600000000e+02	2.9784262319e-02	-3.2601165455e-02	8.0393592492e-05	3.7623314485e-05
7.7700000000e+02	2.9821886117e-02	-3.2681583279e-02	8.0442045554e-05	3.7624281026e-05
7.7800000000e+02	2.9859510880e-02	-3.2762049526e-02	8.0490437539e-05	3.7625243877e-05
7.7900000000e+02	2.9897136603e-02	-3.2842564134e-02	8.0538768597e-05	3.7626203056e-05
7.8000000000e+02	2.9934763284e-02	-3.2923127043e-02	8.0587038881e-05	3.7627158582e-05
7.8100000000e+02	2.9972390919e-02	-3.3003738191e-02	8.0635248541e-05	3.7628110474e-05
7.8200000000e+02	3.0010019504e-02	-3.3084397519e-02	8.0683397729e-05	3.7629058749e-05
7.8300000000e+02	3.0047649036e-02	-3.3165104967e-02	8.0731486593e-05	3.7630003426e-05
7.8400000000e+02	3.0085279510e-02	-3.3245860473e-02	8.0779515284e-05	3.7630944524e-05
7.8500000000e+02	3.0122910923e-02	-3.3326663977e-02	8.0827483950e-05	3.7631882059e-05
7.8600000000e+02	3.0160543273e-02	-3.3407515421e-02	8.0875392740e-05	3.7632816051e-05
7.8700000000e+02	3.0198176554e-02	-3.3488414743e-02	8.0923241801e-05	3.7633746517e-05
7.8800000000e+02	3.0235810765e-02	-3.3569361884e-02	8.0971031280e-05	3.7634673474e-05
7.8900000000e+02	3.0273445900e-02	-3.3650356786e-02	8.1018761325e-05	3.7635596941e-05
7.9000000000e+02	3.0311081957e-02	-3.3731399387e-02	8.1066432082e-05	3.7636516934e-05
7.9100000000e+02	3.0348718933e-02	-3.3812489630e-02	8.1114043695e-05	3.7637433472e-05
7.9200000000e+02	3.0386356823e-02	-3.3893627455e-02	8.1161596311e-05	3.7638346570e-05
7.9300000000e+02	3.0423995625e-02	-3.3974812803e-02	8.1209090073e-05	3.7639256247e-05
7.9400000000e+02	3.0461635335e-02	-3.4056045615e-02	8.1256525126e-05	3.7640162519e-05
7.9500000000e+02	3.0499275949e-02	-3.4137325834e-02	8.1303901613e-05	3.7641065404e-05
7.9600000000e+02	3.0536917464e-02	-3.4218653399e-02	8.1351219678e-05	3.7641964918e-05
7.9700000000e+02	3.0574559878e-02	-3.4300028254e-02	8.1398479462e-05	3.7642861078e-05
7.9800000000e+02	3.0612203185e-02	-3.4381450339e-02	8.1445681108e-05	3.7643753900e-05
7.9900000000e+02	3.0649847384e-02	-3.4462919597e-02	8.1492824757e-05	3.7644643402e-05
8.0000000000e+02	3.0687492471e-02	-3.4544435969e-02	8.1539910550e-05	3.7645529599e-05
8.0100000000e+02	3.0725138442e-02	-3.4625999398e-02	8.1586938628e-05	3.7646412507e-05
8.0200000000e+02	3.0762785295e-02	-3.4707609827e-02	8.1633909130e-05	3.7647292144e-05
8.0300000000e+02	3.0800433026e-02	-3.4789267198e-02	8.1680822196e-05	3.7648168525e-05
8.0400000000e+02	3.0838081631e-02	-3.4870971452e-02	8.1727677964e-05	3.7649041665e-05
8.0500000000e+02	3.0875731108e-02	-3.4952722534e-02	8.1774476574e-05	3.7649911582e-05
8.0600000000e+02	3.0913381453e-02	-3.5034520386e-02	8.1821218163e-05	3.7650778291e-05
8.0700000000e+02	3.0951032663e-02	-3.5116364952e-02	8.1867902869e-05	3.7651641807e-05
8.0800000000e+02	3.0988684736e-02	-3.5198256173e-02	8.1914530828e-05	3.7652502147e-05
8.0900000000e+02	3.1026337667e-02	-3.5280193995e-02	8.1961102177e-05	3.7653359325e-05
8.1000000000e+02	3.1063991453e-02	-3.5362178359e-02	8.2007617052e-05	3.7654213358e-05
8.1100000000e+02	3.1101646092e-02	-3.5444209210e-02	8.2054075588e-05	3.7655064259e-05
8.1200000000e+02	3.1139301581e-02	-3.5526286491e-02	8.2100477921e-05	3.7655912046e-05
8.1300000000e+02	3.1176957915e-02	-3.5608410147e-02	8.2146824185e-05	3.7656756733e-05
8.1400000000e+02	3.1214615093e-02	-3.5690580121e-02	8.2193114514e-05	3.7657598334e-05
8.1500000000e+02	3.1252273111e-02	-3.5772796357e-02	8.2239349041e-05	3.7658436865e-05
8.1600000000e+02	3.1289931966e-02	-3.5855058801e-02	8.2285527900e-05	3.7659272342e-05
8.1700000000e+02	3.1327591655e-02	-3.5937367395e-02	8.2331651223e-05	3.7660104778e-05
8.1800000000e+02	3.1365252174e-02	-3.6019722085e-02	8.2377719143e-05	3.7660934188e-05
8.1900000000e+02	3.1402913522e-02	-3.6102122815e-02	8.2423731791e-05	3.7661760587e-05
8.2000000000e+02	3.1440575695e-02	-3.6184569530e-02	8.2469689298e-05	3.7662583990e-05
8.2100000000e+02	3.1478238689e-02	-3.6267062175e-02	8.2515591795e-05	3.7663404410e-05
8.2200000000e+02	3.1515902502e-02	-3.6349600695e-02	8.2561439413e-05	3.7664221863e-05
8.2300000000e+02	3.1553567132e-02	-3.6432185035e-02	8.2607232281e-05	3.7665036362e-05
8.2400000000e+02	3.1591232574e-02	-3.6514815141e-02	8.2652970528e-05	3.7665847922e-05
8.2500000000e+02	3.1628898827e-02	-3.6597490958e-02	8.2698654285e-05	3.7666656557e-05
8.2600000000e+02	3.1666565886e-02	-3.6680212432e-02	8.2744283678e-05	3.7667462281e-05
8.2700000000e+02	3.1704233750e-02	-3.6762979508e-02	8.2789858836e-05	3.7668265107e-05
8.2800000000e+02	3.1741902415e-02	-3.6845792131e-02	8.2835379888e-05	3.7669065050e-05
8.2900000000e+02	3.1779571879e-02	-3.6928650249e-02	8.2880846959e-05	3.7669862123e-05
8.3000000000e+02	3.1817242139e-02	-3.7011553807e-02	8.2926260176e-05	3.7670656340e-05
8.3100000000e+02	3.1854913191e-02	-3.7094502752e-02	8.2971619666e-05	3.7671447715e-05
8.3200000000e+02	3.1892585033e-02	-3.7177497029e-02	8.3016925555e-05	3.7672236261e-05
8.3300000000e+02	3.1930257663e-02	-3.7260536585e-02	8.3062177968e-05	3.7673021992e-05
8.3400000000e+02	3.1967931076e-02	-3.7343621367e-02	8.3107377030e-05	3.7673804921e-05
8.3500000000e+02	3.2005605272e-02	-3.7426751321e-02	8.3152522866e-05	3.7674585061e-05
8.3600000000e+02	3.2043280246e-02	-3.7509926395e-02	8.3197615599e-05	3.7675362425e-05
8.3700000000e+02	3.2080955995e-02	-3.7593146535e-02	8.3242655353e-05	3.7676137027e-05
8.3800000000e+02	3.2118632519e-02	-3.7676411688e-02	8.3287642252e-05	3.7676908879e-05
8.3900000000e+02	3.2156309812e-02	-3.7759721802e-02	8.3332576417e-05	3.7677677995e-05
8.4000000000e+02	3.2193987874e-02	-3.7843076823e-02	8.3377457973e-05	3.7678444388e-05
8.4100000000e+02	3.2231666700e-02	-3.7926476700e-02	8.3422287040e-05	3.7679208069e-05
8.4200000000e+02	3.2269346289e-02	-3.8009921380e-02	8.3467063740e-05	3.7679969053e-05
8.4300000000e+02	3.2307026637e-02	-3.8093410810e-02	8.3511788194e-05	3.7680727352e-05
8.4400000000e+02	3.2344707743e-02	-3.8176944939e-02	8.3556460524e-05	3.7681482977e-05
8.4500000000e+02	3.2382389602e-02	-3.8260523714e-02	8.3601080848e-05	3.7682235943e-05
8.4600000000e+02	3.2420072214e-02	-3.8344147083e-02	8.3645649288e-05	3.7682986261e-05
8.4700000000e+02	3.2457755574e-02	-3.8427814995e-02	8.3690165962e-05	3.7683733943e-05
8.4800000000e+02	3.2495439681e-02	-3.8511527398e-02	8.3734630989e-05	3.7684479003e-05
8.4900000000e+02	3.2533124531e-02	-3.8595284240e-02	8.3779044489e-05	3.7685221451e-05
8.5000000000e+02	3.2570810123e-02	-3.8679085470e-02	8.3823406580e-05	3.7685961301e-05
8.5100000000e+02	3.2608496453e-02	-3.8762931036e-02	8.3867717379e-05	3.7686698565e-05
8.5200000000e+02	3.2646183519e-02	-3.8846820888e-02	8.3911977003e-05	3.7687433253e-05
8.5300000000e+02	3.2683871319e-02	-3.8930754973e-02	8.3956185571e-05	3.7688165379e-05
8.5400000000e+02	3.2721559849e-02	-3.9014733242e-02	8.4000343198e-05	3.7688894955e-05
8.5500000000e+02	3.2759249108e-02	-3.9098755643e-02	8.4044450000e-05	3.7689621991e-05
8.5600000000e+02	3.2796939092e-02	-3.9182822125e-02	8.4088506095e-05	3.7690346501e-05
8.5700000000e+02	3.2834629800e-02	-3.9266932638e-02	8.4132511596e-05	3.7691068495e-05
8.5800000000e+02	3.2872321228e-02	-3.9351087131e-02	8.4176466620e-05	3.7691787985e-05
8.5900000000e+02	3.2910013375e-02	-3.9435285555e-02	8.4220371280e-05	3.7692504982e-05
8.6000000000e+02	3.2947706237e-02	-3.9519527857e-02	8.4264225691e-05	3.7693219499e-05
8.6100000000e+02	3.2985399813e-02	-3.9603813989e-02	8.4308029968e-05	3.7693931546e-05
8.6200000000e+02	3.3023094100e-02	-3.9688143900e-02	8.4351784223e-05	3.7694641135e-05
8.6300000000e+02	3.3060789095e-02	-3.9772517541e-02	8.4395488570e-05	3.7695348278e-05
8.6400000000e+02	3.3098484795e-02	-3.9856934861e-02	8.4439143121e-05	3.7696052984e-05
8.6500000000e+02	3.3136181200e-02	-3.9941395811e-02	8.4482747989e-05	3.7696755267e-05
8.6600000000e+02	3.3173878305e-02	-4.0025900340e-02	8.4526303286e-05	3.7697455136e-05
8.6700000000e+02	3.3211576109e-02	-4.0110448401e-02	8.4569809123e-05	3.7698152602e-05
8.6800000000e+02	3.3249274610e-02	-4.0195039942e-02	8.4613265613e-05	3.7698847677e-05
8.6900000000e+02	3.3286973804e-02	-4.0279674916e-02	8.4656672865e-05	3.7699540372e-05
8.7000000000e+02	3.3324673690e-02	-4.0364353272e-02	8.4700030990e-05	3.7700230697e-05
8.7100000000e+02	3.3362374264e-02	-4.0449074961e-02	8.4743340098e-05	3.7700918663e-05
8.7200000000e+02	3.3400075526e-02	-4.0533839935e-02	8.4786600300e-05	3.7701604281e-05
8.7300000000e+02	3.3437777472e-02	-4.0618648146e-02	8.4829811704e-05	3.7702287561e-05
8.7400000000e+02	3.3475480100e-02	-4.0703499543e-02	8.4872974420e-05	3.7702968515e-05
8.7500000000e+02	3.3513183408e-02	-4.0788394078e-02	8.4916088556e-05	3.7703647152e-05
8.7600000000e+02	3.3550887394e-02	-4.0873331704e-02	8.4959154221e-05	3.7704323483e-05
8.7700000000e+02	3.3588592055e-02	-4.0958312371e-02	8.5002171522e-05	3.7704997519e-05
8.7800000000e+02	3.3626297388e-02	-4.1043336031e-02	8.5045140568e-05	3.7705669270e-05
8.7900000000e+02	3.3664003392e-02	-4.1128402636e-02	8.5088061465e-05	3.7706338745e-05
8.8000000000e+02	3.3701710065e-02	-4.1213512137e-02	8.5130934321e-05	3.7707005957e-05
8.8100000000e+02	3.3739417404e-02	-4.1298664488e-02	8.5173759242e-05	3.7707670913e-05
8.8200000000e+02	3.3777125406e-02	-4.1383859640e-02	8.5216536333e-05	3.7708333626e-05
8.8300000000e+02	3.3814834070e-02	-4.1469097545e-02	8.5259265702e-05	3.7708994104e-05
8.8400000000e+02	3.3852543394e-02	-4.1554378156e-02	8.5301947454e-05	3.7709652358e-05
8.8500000000e+02	3.3890253374e-02	-4.1639701424e-02	8.5344581693e-05	3.7710308398e-05
8.8600000000e+02	3.3927964010e-02	-4.1725067303e-02	8.5387168525e-05	3.7710962234e-05
8.8700000000e+02	3.3965675298e-02	-4.1810475745e-02	8.5429708053e-05	3.7711613875e-05
8.8800000000e+02	3.4003387237e-02	-4.1895926704e-02	8.5472200383e-05	3.7712263331e-05
8.8900000000e+02	3.4041099824e-02	-4.1981420130e-02	8.5514645618e-05	3.7712910612e-05
8.9000000000e+02	3.4078813057e-02	-4.2066955979e-02	8.5557043861e-05	3.7713555728e-05
8.9100000000e+02	3.4116526935e-02	-4.2152534203e-02	8.5599395216e-05	3.7714198689e-05
8.9200000000e+02	3.4154241454e-02	-4.2238154754e-02	8.5641699784e-05	3.7714839503e-05
8.9300000000e+02	3.4191956613e-02	-4.2323817587e-02	8.5683957670e-05	3.7715478181e-05
8.9400000000e+02	3.4229672409e-02	-4.2409522654e-02	8.5726168974e-05	3.7716114732e-05
8.9500000000e+02	3.4267388842e-02	-4.2495269909e-02	8.5768333800e-05	3.7716749165e-05
8.9600000000e+02	3.4305105907e-02	-4.2581059306e-02	8.5810452247e-05	3.7717381489e-05
8.9700000000e+02	3.4342823604e-02	-4.2666890798e-02	8.5852524417e-05	3.7718011715e-05
8.9800000000e+02	3.4380541930e-02	-4.2752764339e-02	8.5894550411e-05	3.7718639851e-05
8.9900000000e+02	3.4418260883e-02	-4.2838679884e-02	8.5936530330e-05	3.7719265907e-05
9.0000000000e+02	3.4455980461e-02	-4.2924637385e-02	8.5978464273e-05	3.7719889891e-05
9.0100000000e+02	3.4493700662e-02	-4.3010636797e-02	8.6020352340e-05	3.7720511813e-05
9.0200000000e+02	3.4531421484e-02	-4.3096678074e-02	8.6062194632e-05	3.7721131682e-05
9.0300000000e+02	3.4569142925e-02	-4.3182761171e-02	8.6103991246e-05	3.7721749507e-05
9.0400000000e+02	3.4606864982e-02	-4.3268886041e-02	8.6145742283e-05	3.7722365296e-05
9.0500000000e+02	3.4644587655e-02	-4.3355052640e-02	8.6187447840e-05	3.7722979059e-05
9.0600000000e+02	3.4682310940e-02	-4.3441260922e-02	8.6229108015e-05	3.7723590805e-05
9.0700000000e+02	3.4720034835e-02	-4.3527510841e-02	8.6270722907e-05	3.7724200542e-05
9.0800000000e+02	3.4757759340e-02	-4.3613802353e-02	8.6312292613e-05	3.7724808280e-05
9.0900000000e+02	3.4795484451e-02	-4.3700135411e-02	8.6353817231e-05	3.7725414026e-05
9.1000000000e+02	3.4833210167e-02	-4.3786509972e-02	8.6395296857e-05	3.7726017790e-05
9.1100000000e+02	3.4870936486e-02	-4.3872925990e-02	8.6436731588e-05	3.7726619580e-05
9.1200000000e+02	3.4908663406e-02	-4.3959383420e-02	8.6478121520e-05	3.7727219404e-05
9.1300000000e+02	3.4946390924e-02	-4.4045882218e-02	8.6519466750e-05	3.7727817272e-05
9.1400000000e+02	3.4984119040e-02	-4.4132422339e-02	8.6560767373e-05	3.7728413192e-05
9.1500000000e+02	3.5021847750e-02	-4.4219003738e-02	8.6602023485e-05	3.7729007172e-05
9.1600000000e+02	3.5059577054e-02	-4.4305626371e-02	8.6643235180e-05	3.7729599221e-05
9.1700000000e+02	3.5097306948e-02	-4.4392290194e-02	8.6684402554e-05	3.7730189347e-05
9.1800000000e+02	3.5135037432e-02	-4.4478995162e-02	8.6725525701e-05	3.7730777558e-05
9.1900000000e+02	3.5172768502e-02	-4.4565741230e-02	8.6766604715e-05	3.7731363862e-05
9.2000000000e+02	3.5210500159e-02	-4.4652528356e-02	8.6807639690e-05	3.7731948269e-05
9.2100000000e+02	3.5248232398e-02	-4.4739356495e-02	8.6848630720e-05	3.7732530785e-05
9.2200000000e+02	3.5285965220e-02	-4.4826225603e-02	8.6889577899e-05	3.7733111419e-05
9.2300000000e+02	3.5323698621e-02	-4.4913135636e-02	8.6930481318e-05	3.7733690180e-05
9.2400000000e+02	3.5361432599e-02	-4.5000086551e-02	8.6971341072e-05	3.7734267074e-05
9.2500000000e+02	3.5399167154e-02	-4.5087078304e-02	8.7012157252e-05	3.7734842111e-05
9.2600000000e+02	3.5436902283e-02	-4.5174110851e-02	8.7052929951e-05	3.7735415298e-05
9.2700000000e+02	3.5474637984e-02	-4.5261184149e-02	8.7093659259e-05	3.7735986643e-05
9.2800000000e+02	3.5512374256e-02	-4.5348298155e-02	8.7134345270e-05	3.7736556154e-05
9.2900000000e+02	3.5550111096e-02	-4.5435452826e-02	8.7174988075e-05	3.7737123839e-05
9.3000000000e+02	3.5587848503e-02	-4.5522648117e-02	8.7215587763e-05	3.7737689705e-05
9.3100000000e+02	3.5625586475e-02	-4.5609883987e-02	8.7256144427e-05	3.7738253760e-05
9.3200000000e+02	3.5663325010e-02	-4.5697160392e-02	8.7296658156e-05	3.7738816013e-05
9.3300000000e+02	3.5701064106e-02	-4.5784477289e-02	8.7337129041e-05	3.7739376470e-05
9.3400000000e+02	3.5738803762e-02	-4.5871834635e-02	8.7377557171e-05	3.7739935139e-05
9.3500000000e+02	3.5776543976e-02	-4.5959232389e-02	8.7417942636e-05	3.7740492029e-05
9.3600000000e+02	3.5814284745e-02	-4.6046670507e-02	8.7458285526e-05	3.7741047145e-05
9.3700000000e+02	3.5852026069e-02	-4.6134148946e-02	8.7498585929e-05	3.7741600497e-05
9.3800000000e+02	3.5889767946e-02	-4.6221667664e-02	8.7538843934e-05	3.7742152091e-05
9.3900000000e+02	3.5927510373e-02	-4.6309226620e-02	8.7579059630e-05	3.7742701935e-05
9.4000000000e+02	3.5965253349e-02	-4.6396825769e-02	8.7619233105e-05	3.7743250036e-05
9.4100000000e+02	3.6002996873e-02	-4.6484465072e-02	8.7659364447e-05	3.7743796401e-05
9.4200000000e+02	3.6040740941e-02	-4.6572144484e-02	8.7699453743e-05	3.7744341038e-05
9.4300000000e+02	3.6078485554e-02	-4.6659863965e-02	8.7739501081e-05	3.7744883955e-05
9.4400000000e+02	3.6116230709e-02	-4.6747623473e-02	8.7779506548e-05	3.7745425158e-05
9.4500000000e+02	3.6153976404e-02	-4.6835422964e-02	8.7819470231e-05	3.7745964654e-05
9.4600000000e+02	3.6191722637e-02	-4.6923262399e-02	8.7859392216e-05	3.7746502451e-05
9.4700000000e+02	3.6229469408e-02	-4.7011141735e-02	8.7899272590e-05	3.7747038555e-05
9.4800000000e+02	3.6267216714e-02	-4.7099060930e-02	8.7939111439e-05	3.7747572975e-05
9.4900000000e+02	3.6304964553e-02	-4.7187019944e-02	8.7978908849e-05	3.7748105717e-05
9.5000000000e+02	3.6342712925e-02	-4.7275018734e-02	8.8018664904e-05	3.7748636787e-05
9.5100000000e+02	3.6380461827e-02	-4.7363057260e-02	8.8058379691e-05	3.7749166193e-05
9.5200000000e+02	3.6418211257e-02	-4.7451135480e-02	8.8098053295e-05	3.7749693943e-05
9.5300000000e+02	3.6455961214e-02	-4.7539253353e-02	8.8137685799e-05	3.7750220042e-05
9.5400000000e+02	3.6493711696e-02	-4.7627410838e-02	8.8177277289e-05	3.7750744497e-05
9.5500000000e+02	3.6531462702e-02	-4.7715607894e-02	8.8216827849e-05	3.7751267316e-05
9.5600000000e+02	3.6569214230e-02	-4.7803844480e-02	8.8256337563e-05	3.7751788505e-05
9.5700000000e+02	3.6606966279e-02	-4.7892120555e-02	8.8295806514e-05	3.7752308071e-05
9.5800000000e+02	3.6644718846e-02	-4.7980436079e-02	8.8335234786e-05	3.7752826021e-05
9.5900000000e+02	3.6682471930e-02	-4.8068791011e-02	8.8374622463e-05	3.7753342361e-05
9.6000000000e+02	3.6720225530e-02	-4.8157185311e-02	8.8413969626e-05	3.7753857099e-05
9.6100000000e+02	3.6757979644e-02	-4.8245618937e-02	8.8453276359e-05	3.7754370240e-05
9.6200000000e+02	3.6795734270e-02	-4.8334091850e-02	8.8492542745e-05	3.7754881791e-05
9.6300000000e+02	3.6833489407e-02	-4.8422604009e-02	8.8531768864e-05	3.7755391759e-05
9.6400000000e+02	3.6871245053e-02	-4.8511155374e-02	8.8570954800e-05	3.7755900150e-05
9.6500000000e+02	3.6909001207e-02	-4.8599745906e-02	8.8610100635e-05	3.7756406971e-05
9.6600000000e+02	3.6946757866e-02	-4.8688375562e-02	8.8649206448e-05	3.7756912228e-05
9.6700000000e+02	3.6984515031e-02	-4.8777044305e-02	8.8688272322e-05	3.7757415928e-05
9.6800000000e+02	3.7022272698e-02	-4.8865752094e-02	8.8727298338e-05	3.7757918077e-05
9.6900000000e+02	3.7060030866e-02	-4.8954498889e-02	8.8766284577e-05	3.7758418681e-05
9.7000000000e+02	3.7097789535e-02	-4.9043284650e-02	8.8805231118e-05	3.7758917747e-05
9.7100000000e+02	3.7135548701e-02	-4.9132109338e-02	8.8844138042e-05	3.7759415281e-05
9.7200000000e+02	3.7173308365e-02	-4.9220972913e-02	8.8883005429e-05	3.7759911290e-05
9.7300000000e+02	3.7211068523e-02	-4.9309875335e-02	8.8921833359e-05	3.7760405778e-05
9.7400000000e+02	3.7248829176e-02	-4.9398816566e-02	8.8960621912e-05	3.7760898754e-05
9.7500000000e+02	3.7286590320e-02	-4.9487796566e-02	8.8999371166e-05	3.7761390222e-05
9.7600000000e+02	3.7324351956e-02	-4.9576815295e-02	8.9038081200e-05	3.7761880189e-05
9.7700000000e+02	3.7362114080e-02	-4.9665872715e-02	8.9076752094e-05	3.7762368662e-05
9.7800000000e+02	3.7399876693e-02	-4.9754968787e-02	8.9115383926e-05	3.7762855645e-05
9.7900000000e+02	3.7437639791e-02	-4.9844103470e-02	8.9153976774e-05	3.7763341145e-05
9.8000000000e+02	3.7475403374e-02	-4.9933276727e-02	8.9192530716e-05	3.7763825169e-05
9.8100000000e+02	3.7513167441e-02	-5.0022488519e-02	8.9231045830e-05	3.7764307722e-05
9.8200000000e+02	3.7550931989e-02	-5.0111738806e-02	8.9269522195e-05	3.7764788810e-05
9.8300000000e+02	3.7588697018e-02	-5.0201027550e-02	8.9307959886e-05	3.7765268439e-05
9.8400000000e+02	3.7626462526e-02	-5.0290354713e-02	8.9346358982e-05	3.7765746614e-05
9.8500000000e+02	3.7664228511e-02	-5.0379720255e-02	8.9384719560e-05	3.7766223343e-05
9.8600000000e+02	3.7701994972e-02	-5.0469124139e-02	8.9423041695e-05	3.7766698630e-05
9.8700000000e+02	3.7739761908e-02	-5.0558566326e-02	8.9461325465e-05	3.7767172481e-05
9.8800000000e+02	3.7777529316e-02	-5.0648046777e-02	8.9499570945e-05	3.7767644903e-05
9.8900000000e+02	3.7815297197e-02	-5.0737565455e-02	8.9537778212e-05	3.7768115900e-05
9.9000000000e+02	3.7853065548e-02	-5.0827122321e-02	8.9575947342e-05	3.7768585479e-05
9.9100000000e+02	3.7890834367e-02	-5.0916717337e-02	8.9614078410e-05	3.7769053645e-05
9.9200000000e+02	3.7928603655e-02	-5.1006350465e-02	8.9652171492e-05	3.7769520404e-05
9.9300000000e+02	3.7966373408e-02	-5.1096021667e-02	8.9690226662e-05	3.7769985762e-05
9.9400000000e+02	3.8004143626e-02	-5.1185730906e-02	8.9728243995e-05	3.7770449724e-05
9.9500000000e+02	3.8041914307e-02	-5.1275478143e-02	8.9766223567e-05	3.7770912295e-05
9.9600000000e+02	3.8079685450e-02	-5.1365263340e-02	8.9804165452e-05	3.7771373482e-05
9.9700000000e+02	3.8117457053e-02	-5.1455086461e-02	8.9842069724e-05	3.7771833289e-05
9.9800000000e+02	3.8155229116e-02	-5.1544947467e-02	8.9879936456e-05	3.7772291723e-05
9.9900000000e+02	3.8193001636e-02	-5.1634846322e-02	8.9917765724e-05	3.7772748788e-05
