# total modes from dos = 5.9998590979e+00
# ZPE = 3.5658497075e-03 Ry/cell
# Multiply by 13.6058 to have energies in eV/cell etc..
# Multiply by 13.6058 x 23060.35 = 313 754.5 to have energies in cal/(N mol).
# Multiply by 13.6058 x 96526.0 = 1 313 313 to have energies in J/(N mol).
# N is the number of formula units per cell.
#
# T (K) 	Evib (Ry/cell)	Fvib (Ry/cell)	Svib (Ry/cell/K)	Cvib (Ry/cell/K)
1.0000000000e+00	3.5658497308e-03	3.5658496154e-03	1.1537524849e-10	6.9487029872e-11
2.0000000000e+00	3.5658499418e-03	3.5658494455e-03	2.4814342968e-10	4.2325900910e-10
3.0000000000e+00	3.5658507659e-03	3.5658490561e-03	5.6994981544e-10	1.3431475867e-09
4.0000000000e+00	3.5658529119e-03	3.5658482111e-03	1.1752037770e-09	3.1148115926e-09
5.0000000000e+00	3.5658573766e-03	3.5658465794e-03	2.1594404877e-09	6.0298819984e-09
6.0000000000e+00	3.5658654536e-03	3.5658437335e-03	3.6200236835e-09	1.0391462607e-08
7.0000000000e+00	3.5658787499e-03	3.5658391471e-03	5.6575491884e-09	1.6525948511e-08
8.0000000000e+00	3.5658992221e-03	3.5658321906e-03	8.3789444493e-09	2.4814253140e-08
9.0000000000e+00	3.5659292629e-03	3.5658221214e-03	1.1904608309e-08	3.5763950136e-08
1.0000000000e+01	3.5659718836e-03	3.5658080646e-03	1.6381894240e-08	5.0127041323e-08
1.1000000000e+01	3.5660310251e-03	3.5657889766e-03	2.2004411744e-08	6.9030555520e-08
1.2000000000e+01	3.5661119836e-03	3.5657635881e-03	2.9032956008e-08	9.4066922022e-08
1.3000000000e+01	3.5662218885e-03	3.5657303281e-03	3.7812339006e-08	1.2730565703e-07
1.4000000000e+01	3.5663701504e-03	3.5656872351e-03	4.8779665960e-08	1.7122006218e-07
1.5000000000e+01	3.5665687992e-03	3.5656318646e-03	6.2462307648e-08	2.2854922542e-07
1.6000000000e+01	3.5668326660e-03	3.5655612040e-03	7.9466373912e-08	3.0212705292e-07
1.7000000000e+01	3.5671793905e-03	3.5654716030e-03	1.0045808796e-07	3.9470867458e-07
1.8000000000e+01	3.5676292628e-03	3.5653587243e-03	1.2614102881e-07	5.0881659555e-07
1.9000000000e+01	3.5682049270e-03	3.5652175182e-03	1.5723204231e-07	6.4661955936e-07
2.0000000000e+01	3.5689309828e-03	3.5650422215e-03	1.9443806648e-07	8.0984903905e-07
2.1000000000e+01	3.5698335220e-03	3.5648263777e-03	2.3843544013e-07	9.9975252907e-07
2.2000000000e+01	3.5709396344e-03	3.5645628767e-03	2.8985262496e-07	1.2170793119e-06
2.3000000000e+01	3.5722769145e-03	3.5642440094e-03	3.4925674506e-07	1.4620926557e-06
2.4000000000e+01	3.5738729896e-03	3.5638615346e-03	4.1714395683e-07	1.7346019348e-06
2.5000000000e+01	3.5757550881e-03	3.5634067531e-03	4.9393339656e-07	2.0340084847e-06
2.6000000000e+01	3.5779496581e-03	3.5628705864e-03	5.7996429374e-07	2.3593597673e-06
2.7000000000e+01	3.5804820423e-03	3.5622436568e-03	6.7549575948e-07	2.7094073704e-06
2.8000000000e+01	3.5833762116e-03	3.5615163669e-03	7.8070873929e-07	3.0826653481e-06
2.9000000000e+01	3.5866545555e-03	3.5606789759e-03	8.9570963885e-07	3.4774663272e-06
3.0000000000e+01	3.5903377273e-03	3.5597216720e-03	1.0205351743e-06	3.8920136019e-06
3.1000000000e+01	3.5944445389e-03	3.5586346392e-03	1.1551580547e-06	4.3244281055e-06
3.2000000000e+01	3.5989918992e-03	3.5574081180e-03	1.2994931649e-06	4.7727896774e-06
3.3000000000e+01	3.6039947917e-03	3.5560324604e-03	1.4534039769e-06	5.2351724430e-06
3.4000000000e+01	3.6094662833e-03	3.5544981782e-03	1.6167089746e-06	5.7096744199e-06
3.5000000000e+01	3.6154175615e-03	3.5527959841e-03	1.7891879251e-06	6.1944416657e-06
3.6000000000e+01	3.6218579919e-03	3.5509168284e-03	1.9705878760e-06	6.6876874090e-06
3.7000000000e+01	3.6287951931e-03	3.5488519278e-03	2.1606287925e-06	7.1877066789e-06
3.8000000000e+01	3.6362351245e-03	3.5465927909e-03	2.3590087787e-06	7.6928869787e-06
3.9000000000e+01	3.6441821820e-03	3.5441312368e-03	2.5654088531e-06	8.2017155439e-06
4.0000000000e+01	3.6526393009e-03	3.5414594103e-03	2.7794972654e-06	8.7127837061e-06
4.1000000000e+01	3.6616080606e-03	3.5385697929e-03	3.0009333572e-06	9.2247888454e-06
4.2000000000e+01	3.6710887909e-03	3.5354552097e-03	3.2293709807e-06	9.7365343717e-06
4.3000000000e+01	3.6810806776e-03	3.5321088334e-03	3.4644614944e-06	1.0246928125e-05
4.4000000000e+01	3.6915818653e-03	3.5285241853e-03	3.7058563633e-06	1.0754979538e-05
4.5000000000e+01	3.7025895573e-03	3.5246951346e-03	3.9532093926e-06	1.1259795861e-05
4.6000000000e+01	3.7141001112e-03	3.5206158945e-03	4.2061786235e-06	1.1760577691e-05
4.7000000000e+01	3.7261091299e-03	3.5162810174e-03	4.4644279252e-06	1.2256614036e-05
4.8000000000e+01	3.7386115473e-03	3.5116853884e-03	4.7276283105e-06	1.2747277063e-05
4.9000000000e+01	3.7516017088e-03	3.5068242175e-03	4.9954590062e-06	1.3232016701e-05
5.0000000000e+01	3.7650734463e-03	3.5016930310e-03	5.2676083058e-06	1.3710355198e-05
5.1000000000e+01	3.7790201478e-03	3.4962876621e-03	5.5437742300e-06	1.4181881723e-05
5.2000000000e+01	3.7934348220e-03	3.4906042410e-03	5.8236650196e-06	1.4646247098e-05
5.3000000000e+01	3.8083101569e-03	3.4846391843e-03	6.1069994824e-06	1.5103158694e-05
5.4000000000e+01	3.8236385740e-03	3.4783891844e-03	6.3935072143e-06	1.5552375550e-05
5.5000000000e+01	3.8394122779e-03	3.4718511987e-03	6.6829287126e-06	1.5993703721e-05
5.6000000000e+01	3.8556233010e-03	3.4650224387e-03	6.9750153980e-06	1.6426991897e-05
5.7000000000e+01	3.8722635437e-03	3.4579003589e-03	7.2695295586e-06	1.6852127278e-05
5.8000000000e+01	3.8893248116e-03	3.4504826462e-03	7.5662442303e-06	1.7269031728e-05
5.9000000000e+01	3.9067988476e-03	3.4427672092e-03	7.8649430234e-06	1.7677658190e-05
6.0000000000e+01	3.9246773619e-03	3.4347521676e-03	8.1654199056e-06	1.8077987376e-05
6.1000000000e+01	3.9429520581e-03	3.4264358421e-03	8.4674789512e-06	1.8470024700e-05
6.2000000000e+01	3.9616146562e-03	3.4178167444e-03	8.7709340616e-06	1.8853797466e-05
6.3000000000e+01	3.9806569135e-03	3.4088935676e-03	9.0756086662e-06	1.9229352284e-05
6.4000000000e+01	4.0000706425e-03	3.3996651765e-03	9.3813354069e-06	1.9596752712e-05
6.5000000000e+01	4.0198477268e-03	3.3901305990e-03	9.6879558130e-06	1.9956077099e-05
6.6000000000e+01	4.0399801350e-03	3.3802890170e-03	9.9953199689e-06	2.0307416629e-05
6.7000000000e+01	4.0604599324e-03	3.3701397584e-03	1.0303286179e-05	2.0650873542e-05
6.8000000000e+01	4.0812792917e-03	3.3596822887e-03	1.0611720632e-05	2.0986559530e-05
6.9000000000e+01	4.1024305010e-03	3.3489162032e-03	1.0920497069e-05	2.1314594278e-05
7.0000000000e+01	4.1239059719e-03	3.3378412203e-03	1.1229496451e-05	2.1635104158e-05
7.1000000000e+01	4.1456982449e-03	3.3264571735e-03	1.1538606640e-05	2.1948221054e-05
7.2000000000e+01	4.1677999950e-03	3.3147640053e-03	1.1847722079e-05	2.2254081303e-05
7.3000000000e+01	4.1902040352e-03	3.3027617607e-03	1.2156743486e-05	2.2552824753e-05
7.4000000000e+01	4.2129033198e-03	3.2904505809e-03	1.2465577553e-05	2.2844593919e-05
7.5000000000e+01	4.2358909464e-03	3.2778306973e-03	1.2774136655e-05	2.3129533233e-05
7.6000000000e+01	4.2591601582e-03	3.2649024267e-03	1.3082338572e-05	2.3407788378e-05
7.7000000000e+01	4.2827043439e-03	3.2516661650e-03	1.3390106220e-05	2.3679505701e-05
7.8000000000e+01	4.3065170391e-03	3.2381223831e-03	1.3697367385e-05	2.3944831687e-05
7.9000000000e+01	4.3305919256e-03	3.2242716216e-03	1.4004054480e-05	2.4203912507e-05
8.0000000000e+01	4.3549228309e-03	3.2101144866e-03	1.4310104304e-05	2.4456893617e-05
8.1000000000e+01	4.3795037277e-03	3.1956516452e-03	1.4615457809e-05	2.4703919405e-05
8.2000000000e+01	4.4043287323e-03	3.1808838215e-03	1.4920059888e-05	2.4945132895e-05
8.3000000000e+01	4.4293921032e-03	3.1658117930e-03	1.5223859159e-05	2.5180675477e-05
8.4000000000e+01	4.4546882395e-03	3.1504363868e-03	1.5526807770e-05	2.5410686692e-05
8.5000000000e+01	4.4802116787e-03	3.1347584759e-03	1.5828861209e-05	2.5635304036e-05
8.6000000000e+01	4.5059570947e-03	3.1187789766e-03	1.6129978118e-05	2.5854662802e-05
8.7000000000e+01	4.5319192958e-03	3.1024988447e-03	1.6430120127e-05	2.6068895947e-05
8.8000000000e+01	4.5580932216e-03	3.0859190732e-03	1.6729251687e-05	2.6278133980e-05
8.9000000000e+01	4.5844739414e-03	3.0690406891e-03	1.7027339913e-05	2.6482504879e-05
9.0000000000e+01	4.6110566508e-03	3.0518647513e-03	1.7324354439e-05	2.6682134017e-05
9.1000000000e+01	4.6378366698e-03	3.0343923475e-03	1.7620267278e-05	2.6877144113e-05
9.2000000000e+01	4.6648094394e-03	3.0166245926e-03	1.7915052683e-05	2.7067655195e-05
9.3000000000e+01	4.6919705196e-03	2.9985626258e-03	1.8208687030e-05	2.7253784576e-05
9.4000000000e+01	4.7193155862e-03	2.9802076094e-03	1.8501148689e-05	2.7435646840e-05
9.5000000000e+01	4.7468404282e-03	2.9615607260e-03	1.8792417919e-05	2.7613353842e-05
9.6000000000e+01	4.7745409452e-03	2.9426231771e-03	1.9082476752e-05	2.7787014716e-05
9.7000000000e+01	4.8024131445e-03	2.9233961814e-03	1.9371308898e-05	2.7956735886e-05
9.8000000000e+01	4.8304531384e-03	2.9038809731e-03	1.9658899646e-05	2.8122621091e-05
9.9000000000e+01	4.8586571417e-03	2.8840788003e-03	1.9945235772e-05	2.8284771412e-05
1.0000000000e+02	4.8870214691e-03	2.8639909237e-03	2.0230305454e-05	2.8443285302e-05
1.0100000000e+02	4.9155425322e-03	2.8436186151e-03	2.0514098189e-05	2.8598258627e-05
1.0200000000e+02	4.9442168373e-03	2.8229631561e-03	2.0796604718e-05	2.8749784701e-05
1.0300000000e+02	4.9730409828e-03	2.8020258371e-03	2.1077816949e-05	2.8897954334e-05
1.0400000000e+02	5.0020116566e-03	2.7808079559e-03	2.1357727891e-05	2.9042855874e-05
1.0500000000e+02	5.0311256338e-03	2.7593108170e-03	2.1636331589e-05	2.9184575260e-05
1.0600000000e+02	5.0603797743e-03	2.7375357302e-03	2.1913623058e-05	2.9323196065e-05
1.0700000000e+02	5.0897710202e-03	2.7154840097e-03	2.2189598229e-05	2.9458799551e-05
1.0800000000e+02	5.1192963940e-03	2.6931569736e-03	2.2464253893e-05	2.9591464721e-05
1.0900000000e+02	5.1489529958e-03	2.6705559426e-03	2.2737587645e-05	2.9721268369e-05
1.1000000000e+02	5.1787380018e-03	2.6476822395e-03	2.3009597839e-05	2.9848285134e-05
1.1100000000e+02	5.2086486614e-03	2.6245371884e-03	2.3280283540e-05	2.9972587551e-05
1.1200000000e+02	5.2386822956e-03	2.6011221140e-03	2.3549644479e-05	3.0094246106e-05
1.1300000000e+02	5.2688362951e-03	2.5774383409e-03	2.3817681011e-05	3.0213329290e-05
1.1400000000e+02	5.2991081179e-03	2.5534871931e-03	2.4084394077e-05	3.0329903645e-05
1.1500000000e+02	5.3294952877e-03	2.5292699934e-03	2.4349785168e-05	3.0444033823e-05
1.1600000000e+02	5.3599953918e-03	2.5047880628e-03	2.4613856285e-05	3.0555782631e-05
1.1700000000e+02	5.3906060795e-03	2.4800427200e-03	2.4876609910e-05	3.0665211087e-05
1.1800000000e+02	5.4213250603e-03	2.4550352812e-03	2.5138048976e-05	3.0772378466e-05
1.1900000000e+02	5.4521501020e-03	2.4297670591e-03	2.5398176831e-05	3.0877342349e-05
1.2000000000e+02	5.4830790292e-03	2.4042393633e-03	2.5656997215e-05	3.0980158672e-05
1.2100000000e+02	5.5141097216e-03	2.3784534992e-03	2.5914514235e-05	3.1080881774e-05
1.2200000000e+02	5.5452401126e-03	2.3524107678e-03	2.6170732334e-05	3.1179564440e-05
1.2300000000e+02	5.5764681875e-03	2.3261124659e-03	2.6425656273e-05	3.1276257948e-05
1.2400000000e+02	5.6077919821e-03	2.2995598850e-03	2.6679291105e-05	3.1371012115e-05
1.2500000000e+02	5.6392095814e-03	2.2727543116e-03	2.6931642158e-05	3.1463875336e-05
1.2600000000e+02	5.6707191181e-03	2.2456970267e-03	2.7182715011e-05	3.1554894627e-05
1.2700000000e+02	5.7023187712e-03	2.2183893057e-03	2.7432515477e-05	3.1644115669e-05
1.2800000000e+02	5.7340067648e-03	2.1908324179e-03	2.7681049585e-05	3.1731582845e-05
1.2900000000e+02	5.7657813667e-03	2.1630276266e-03	2.7928323567e-05	3.1817339278e-05
1.3000000000e+02	5.7976408871e-03	2.1349761887e-03	2.8174343834e-05	3.1901426870e-05
1.3100000000e+02	5.8295836777e-03	2.1066793546e-03	2.8419116970e-05	3.1983886341e-05
1.3200000000e+02	5.8616081303e-03	2.0781383682e-03	2.8662649713e-05	3.2064757261e-05
1.3300000000e+02	5.8937126756e-03	2.0493544664e-03	2.8904948941e-05	3.2144078086e-05
1.3400000000e+02	5.9258957823e-03	2.0203288792e-03	2.9146021665e-05	3.2221886192e-05
1.3500000000e+02	5.9581559558e-03	1.9910628295e-03	2.9385875010e-05	3.2298217909e-05
1.3600000000e+02	5.9904917377e-03	1.9615575332e-03	2.9624516210e-05	3.2373108550e-05
1.3700000000e+02	6.0229017040e-03	1.9318141987e-03	2.9861952594e-05	3.2446592444e-05
1.3800000000e+02	6.0553844648e-03	1.9018340271e-03	3.0098191577e-05	3.2518702964e-05
1.3900000000e+02	6.0879386630e-03	1.8716182122e-03	3.0333240653e-05	3.2589472558e-05
1.4000000000e+02	6.1205629735e-03	1.8411679400e-03	3.0567107382e-05	3.2658932776e-05
1.4100000000e+02	6.1532561023e-03	1.8104843890e-03	3.0799799385e-05	3.2727114299e-05
1.4200000000e+02	6.1860167858e-03	1.7795687302e-03	3.1031324335e-05	3.2794046961e-05
1.4300000000e+02	6.2188437897e-03	1.7484221268e-03	3.1261689950e-05	3.2859759780e-05
1.4400000000e+02	6.2517359082e-03	1.7170457342e-03	3.1490903986e-05	3.2924280980e-05
1.4500000000e+02	6.2846919636e-03	1.6854407001e-03	3.1718974231e-05	3.2987638015e-05
1.4600000000e+02	6.3177108051e-03	1.6536081644e-03	3.1945908498e-05	3.3049857593e-05
1.4700000000e+02	6.3507913083e-03	1.6215492591e-03	3.2171714620e-05	3.3110965698e-05
1.4800000000e+02	6.3839323744e-03	1.5892651085e-03	3.2396400445e-05	3.3170987612e-05
1.4900000000e+02	6.4171329296e-03	1.5567568290e-03	3.2619973830e-05	3.3229947938e-05
1.5000000000e+02	6.4503919244e-03	1.5240255291e-03	3.2842442635e-05	3.3287870616e-05
1.5100000000e+02	6.4837083328e-03	1.4910723093e-03	3.3063814725e-05	3.3344778947e-05
1.5200000000e+02	6.5170811518e-03	1.4578982626e-03	3.3284097955e-05	3.3400695613e-05
1.5300000000e+02	6.5505094008e-03	1.4245044738e-03	3.3503300177e-05	3.3455642690e-05
1.5400000000e+02	6.5839921211e-03	1.3908920200e-03	3.3721429228e-05	3.3509641672e-05
1.5500000000e+02	6.6175283751e-03	1.3570619704e-03	3.3938492933e-05	3.3562713485e-05
1.5600000000e+02	6.6511172458e-03	1.3230153866e-03	3.4154499098e-05	3.3614878504e-05
1.5700000000e+02	6.6847578365e-03	1.2887533221e-03	3.4369455505e-05	3.3666156571e-05
1.5800000000e+02	6.7184492698e-03	1.2542768229e-03	3.4583369917e-05	3.3716567011e-05
1.5900000000e+02	6.7521906875e-03	1.2195869271e-03	3.4796250066e-05	3.3766128646e-05
1.6000000000e+02	6.7859812502e-03	1.1846846650e-03	3.5008103658e-05	3.3814859807e-05
1.6100000000e+02	6.8198201363e-03	1.1495710594e-03	3.5218938366e-05	3.3862778356e-05
1.6200000000e+02	6.8537065419e-03	1.1142471253e-03	3.5428761831e-05	3.3909901693e-05
1.6300000000e+02	6.8876396803e-03	1.0787138703e-03	3.5637581656e-05	3.3956246772e-05
1.6400000000e+02	6.9216187815e-03	1.0429722940e-03	3.5845405411e-05	3.4001830114e-05
1.6500000000e+02	6.9556430920e-03	1.0070233890e-03	3.6052240624e-05	3.4046667819e-05
1.6600000000e+02	6.9897118738e-03	9.7086813981e-04	3.6258094783e-05	3.4090775581e-05
1.6700000000e+02	7.0238244049e-03	9.3450752392e-04	3.6462975335e-05	3.4134168695e-05
1.6800000000e+02	7.0579799780e-03	8.9794251120e-04	3.6666889683e-05	3.4176862072e-05
1.6900000000e+02	7.0921779007e-03	8.6117406417e-04	3.6869845186e-05	3.4218870249e-05
1.7000000000e+02	7.1264174948e-03	8.2420313801e-04	3.7071849158e-05	3.4260207399e-05
1.7100000000e+02	7.1606980964e-03	7.8703068061e-04	3.7272908864e-05	3.4300887343e-05
1.7200000000e+02	7.1950190549e-03	7.4965763263e-04	3.7473031525e-05	3.4340923561e-05
1.7300000000e+02	7.2293797333e-03	7.1208492752e-04	3.7672224311e-05	3.4380329197e-05
1.7400000000e+02	7.2637795074e-03	6.7431349159e-04	3.7870494344e-05	3.4419117072e-05
1.7500000000e+02	7.2982177657e-03	6.3634424406e-04	3.8067848695e-05	3.4457299695e-05
1.7600000000e+02	7.3326939091e-03	5.9817809709e-04	3.8264294387e-05	3.4494889268e-05
1.7700000000e+02	7.3672073505e-03	5.5981595585e-04	3.8459838388e-05	3.4531897695e-05
1.7800000000e+02	7.4017575147e-03	5.2125871857e-04	3.8654487619e-05	3.4568336592e-05
1.7900000000e+02	7.4363438377e-03	4.8250727658e-04	3.8848248945e-05	3.4604217297e-05
1.8000000000e+02	7.4709657669e-03	4.4356251437e-04	3.9041129181e-05	3.4639550871e-05
1.8100000000e+02	7.5056227606e-03	4.0442530966e-04	3.9233135088e-05	3.4674348114e-05
1.8200000000e+02	7.5403142879e-03	3.6509653340e-04	3.9424273376e-05	3.4708619566e-05
1.8300000000e+02	7.5750398279e-03	3.2557704989e-04	3.9614550700e-05	3.4742375515e-05
1.8400000000e+02	7.6097988704e-03	2.8586771679e-04	3.9803973661e-05	3.4775626009e-05
1.8500000000e+02	7.6445909147e-03	2.4596938518e-04	3.9992548808e-05	3.4808380856e-05
1.8600000000e+02	7.6794154701e-03	2.0588289961e-04	4.0180282637e-05	3.4840649634e-05
1.8700000000e+02	7.7142720551e-03	1.6560909819e-04	4.0367181588e-05	3.4872441697e-05
1.8800000000e+02	7.7491601976e-03	1.2514881260e-04	4.0553252048e-05	3.4903766180e-05
1.8900000000e+02	7.7840794346e-03	8.4502868149e-05	4.0738500351e-05	3.4934632007e-05
1.9000000000e+02	7.8190293117e-03	4.3672083855e-05	4.0922932778e-05	3.4965047894e-05
1.9100000000e+02	7.8540093832e-03	2.6572724765e-06	4.1106555554e-05	3.4995022357e-05
1.9200000000e+02	7.8890192120e-03	-3.8540759427e-05	4.1289374851e-05	3.5024563715e-05
1.9300000000e+02	7.9240583690e-03	-7.9921211440e-05	4.1471396790e-05	3.5053680097e-05
1.9400000000e+02	7.9591264332e-03	-1.2148328924e-04	4.1652627435e-05	3.5082379448e-05
1.9500000000e+02	7.9942229915e-03	-1.6322620455e-04	4.1833072800e-05	3.5110669532e-05
1.9600000000e+02	8.0293476384e-03	-2.0514917507e-04	4.2012738844e-05	3.5138557934e-05
1.9700000000e+02	8.0644999759e-03	-2.4725142444e-04	4.2191631474e-05	3.5166052074e-05
1.9800000000e+02	8.0996796135e-03	-2.8953218216e-04	4.2369756544e-05	3.5193159199e-05
1.9900000000e+02	8.1348861677e-03	-3.3199068360e-04	4.2547119856e-05	3.5219886398e-05
2.0000000000e+02	8.1701192620e-03	-3.7462616987e-04	4.2723727159e-05	3.5246240601e-05
2.0100000000e+02	8.2053785268e-03	-4.1743788782e-04	4.2899584152e-05	3.5272228583e-05
2.0200000000e+02	8.2406635993e-03	-4.6042508996e-04	4.3074696481e-05	3.5297856971e-05
2.0300000000e+02	8.2759741230e-03	-5.0358703443e-04	4.3249069741e-05	3.5323132244e-05
2.0400000000e+02	8.3113097482e-03	-5.4692298493e-04	4.3422709476e-05	3.5348060740e-05
2.0500000000e+02	8.3466701310e-03	-5.9043221070e-04	4.3595621179e-05	3.5372648657e-05
2.0600000000e+02	8.3820549340e-03	-6.3411398643e-04	4.3767810293e-05	3.5396902059e-05
2.0700000000e+02	8.4174638256e-03	-6.7796759222e-04	4.3939282212e-05	3.5420826878e-05
2.0800000000e+02	8.4528964802e-03	-7.2199231357e-04	4.4110042278e-05	3.5444428919e-05
2.0900000000e+02	8.4883525777e-03	-7.6618744126e-04	4.4280095785e-05	3.5467713859e-05
2.1000000000e+02	8.5238318040e-03	-8.1055227137e-04	4.4449447978e-05	3.5490687255e-05
2.1100000000e+02	8.5593338502e-03	-8.5508610518e-04	4.4618104054e-05	3.5513354546e-05
2.1200000000e+02	8.5948584129e-03	-8.9978824915e-04	4.4786069160e-05	3.5535721052e-05
2.1300000000e+02	8.6304051938e-03	-9.4465801488e-04	4.4953348398e-05	3.5557791983e-05
2.1400000000e+02	8.6659739000e-03	-9.8969471901e-04	4.5119946818e-05	3.5579572438e-05
2.1500000000e+02	8.7015642435e-03	-1.0348976832e-03	4.5285869427e-05	3.5601067407e-05
2.1600000000e+02	8.7371759413e-03	-1.0802662342e-03	4.5451121183e-05	3.5622281777e-05
2.1700000000e+02	8.7728087151e-03	-1.1257997036e-03	4.5615706999e-05	3.5643220332e-05
2.1800000000e+02	8.8084622916e-03	-1.1714974279e-03	4.5779631741e-05	3.5663887757e-05
2.1900000000e+02	8.8441364018e-03	-1.2173587484e-03	4.5942900229e-05	3.5684288638e-05
2.2000000000e+02	8.8798307815e-03	-1.2633830112e-03	4.6105517239e-05	3.5704427467e-05
2.2100000000e+02	8.9155451708e-03	-1.3095695673e-03	4.6267487503e-05	3.5724308644e-05
2.2200000000e+02	8.9512793143e-03	-1.3559177722e-03	4.6428815705e-05	3.5743936479e-05
2.2300000000e+02	8.9870329608e-03	-1.4024269862e-03	4.6589506489e-05	3.5763315191e-05
2.2400000000e+02	9.0228058631e-03	-1.4490965742e-03	4.6749564452e-05	3.5782448916e-05
2.2500000000e+02	9.0585977783e-03	-1.4959259057e-03	4.6908994151e-05	3.5801341704e-05
2.2600000000e+02	9.0944084675e-03	-1.5429143546e-03	4.7067800098e-05	3.5819997524e-05
2.2700000000e+02	9.1302376956e-03	-1.5900612994e-03	4.7225986762e-05	3.5838420265e-05
2.2800000000e+02	9.1660852316e-03	-1.6373661232e-03	4.7383558573e-05	3.5856613737e-05
2.2900000000e+02	9.2019508479e-03	-1.6848282131e-03	4.7540519917e-05	3.5874581674e-05
2.3000000000e+02	9.2378343210e-03	-1.7324469610e-03	4.7696875139e-05	3.5892327735e-05
2.3100000000e+02	9.2737354306e-03	-1.7802217628e-03	4.7852628543e-05	3.5909855508e-05
2.3200000000e+02	9.3096539604e-03	-1.8281520189e-03	4.8007784393e-05	3.5927168509e-05
2.3300000000e+02	9.3455896972e-03	-1.8762371338e-03	4.8162346914e-05	3.5944270182e-05
2.3400000000e+02	9.3815424314e-03	-1.9244765163e-03	4.8316320290e-05	3.5961163907e-05
2.3500000000e+02	9.4175119568e-03	-1.9728695794e-03	4.8469708665e-05	3.5977852995e-05
2.3600000000e+02	9.4534980703e-03	-2.0214157400e-03	4.8622516145e-05	3.5994340695e-05
2.3700000000e+02	9.4895005721e-03	-2.0701144194e-03	4.8774746800e-05	3.6010630191e-05
2.3800000000e+02	9.5255192657e-03	-2.1189650427e-03	4.8926404657e-05	3.6026724603e-05
2.3900000000e+02	9.5615539573e-03	-2.1679670391e-03	4.9077493709e-05	3.6042626996e-05
2.4000000000e+02	9.5976044567e-03	-2.2171198418e-03	4.9228017910e-05	3.6058340371e-05
2.4100000000e+02	9.6336705761e-03	-2.2664228879e-03	4.9377981178e-05	3.6073867675e-05
2.4200000000e+02	9.6697521309e-03	-2.3158756185e-03	4.9527387394e-05	3.6089211795e-05
2.4300000000e+02	9.7058489395e-03	-2.3654774783e-03	4.9676240403e-05	3.6104375566e-05
2.4400000000e+02	9.7419608229e-03	-2.4152279162e-03	4.9824544012e-05	3.6119361768e-05
2.4500000000e+02	9.7780876048e-03	-2.4651263845e-03	4.9972301997e-05	3.6134173128e-05
2.4600000000e+02	9.8142291118e-03	-2.5151723395e-03	5.0119518095e-05	3.6148812323e-05
2.4700000000e+02	9.8503851729e-03	-2.5653652413e-03	5.0266196009e-05	3.6163281977e-05
2.4800000000e+02	9.8865556201e-03	-2.6157045534e-03	5.0412339409e-05	3.6177584667e-05
2.4900000000e+02	9.9227402874e-03	-2.6661897431e-03	5.0557951930e-05	3.6191722922e-05
2.5000000000e+02	9.9589390119e-03	-2.7168202815e-03	5.0703037174e-05	3.6205699222e-05
2.5100000000e+02	9.9951516327e-03	-2.7675956429e-03	5.0847598708e-05	3.6219516002e-05
2.5200000000e+02	1.0031377992e-02	-2.8185153055e-03	5.0991640068e-05	3.6233175653e-05
2.5300000000e+02	1.0067617932e-02	-2.8695787508e-03	5.1135164756e-05	3.6246680521e-05
2.5400000000e+02	1.0103871302e-02	-2.9207854639e-03	5.1278176243e-05	3.6260032909e-05
2.5500000000e+02	1.0140137948e-02	-2.9721349334e-03	5.1420677967e-05	3.6273235077e-05
2.5600000000e+02	1.0176417723e-02	-3.0236266511e-03	5.1562673335e-05	3.6286289245e-05
2.5700000000e+02	1.0212710478e-02	-3.0752601124e-03	5.1704165722e-05	3.6299197593e-05
2.5800000000e+02	1.0249016070e-02	-3.1270348160e-03	5.1845158472e-05	3.6311962259e-05
2.5900000000e+02	1.0285334355e-02	-3.1789502639e-03	5.1985654901e-05	3.6324585346e-05
2.6000000000e+02	1.0321665194e-02	-3.2310059614e-03	5.2125658290e-05	3.6337068916e-05
2.6100000000e+02	1.0358008447e-02	-3.2832014172e-03	5.2265171895e-05	3.6349414996e-05
2.6200000000e+02	1.0394363979e-02	-3.3355361430e-03	5.2404198939e-05	3.6361625575e-05
2.6300000000e+02	1.0430731654e-02	-3.3880096540e-03	5.2542742616e-05	3.6373702608e-05
2.6400000000e+02	1.0467111340e-02	-3.4406214682e-03	5.2680806093e-05	3.6385648015e-05
2.6500000000e+02	1.0503502907e-02	-3.4933711071e-03	5.2818392505e-05	3.6397463683e-05
2.6600000000e+02	1.0539906225e-02	-3.5462580952e-03	5.2955504963e-05	3.6409151462e-05
2.6700000000e+02	1.0576321168e-02	-3.5992819601e-03	5.3092146546e-05	3.6420713174e-05
2.6800000000e+02	1.0612747610e-02	-3.6524422324e-03	5.3228320307e-05	3.6432150606e-05
2.6900000000e+02	1.0649185428e-02	-3.7057384458e-03	5.3364029271e-05	3.6443465516e-05
2.7000000000e+02	1.0685634501e-02	-3.7591701370e-03	5.3499276436e-05	3.6454659628e-05
2.7100000000e+02	1.0722094708e-02	-3.8127368457e-03	5.3634064773e-05	3.6465734641e-05
2.7200000000e+02	1.0758565931e-02	-3.8664381146e-03	5.3768397226e-05	3.6476692220e-05
2.7300000000e+02	1.0795048053e-02	-3.9202734892e-03	5.3902276713e-05	3.6487534003e-05
2.7400000000e+02	1.0831540961e-02	-3.9742425180e-03	5.4035706127e-05	3.6498261601e-05
2.7500000000e+02	1.0868044539e-02	-4.0283447524e-03	5.4168688333e-05	3.6508876596e-05
2.7600000000e+02	1.0904558677e-02	-4.0825797465e-03	5.4301226172e-05	3.6519380543e-05
2.7700000000e+02	1.0941083264e-02	-4.1369470575e-03	5.4433322459e-05	3.6529774972e-05
2.7800000000e+02	1.0977618191e-02	-4.1914462452e-03	5.4564979986e-05	3.6540061384e-05
2.7900000000e+02	1.1014163351e-02	-4.2460768722e-03	5.4696201517e-05	3.6550241257e-05
2.8000000000e+02	1.1050718638e-02	-4.3008385038e-03	5.4826989793e-05	3.6560316045e-05
2.8100000000e+02	1.1087283949e-02	-4.3557307082e-03	5.4957347533e-05	3.6570287174e-05
2.8200000000e+02	1.1123859179e-02	-4.4107530563e-03	5.5087277429e-05	3.6580156049e-05
2.8300000000e+02	1.1160444227e-02	-4.4659051214e-03	5.5216782150e-05	3.6589924051e-05
2.8400000000e+02	1.1197038994e-02	-4.5211864797e-03	5.5345864342e-05	3.6599592538e-05
2.8500000000e+02	1.1233643379e-02	-4.5765967101e-03	5.5474526630e-05	3.6609162844e-05
2.8600000000e+02	1.1270257287e-02	-4.6321353939e-03	5.5602771611e-05	3.6618636282e-05
2.8700000000e+02	1.1306880620e-02	-4.6878021151e-03	5.5730601865e-05	3.6628014145e-05
2.8800000000e+02	1.1343513284e-02	-4.7435964602e-03	5.5858019944e-05	3.6637297701e-05
2.8900000000e+02	1.1380155184e-02	-4.7995180184e-03	5.5985028384e-05	3.6646488200e-05
2.9000000000e+02	1.1416806230e-02	-4.8555663813e-03	5.6111629693e-05	3.6655586872e-05
2.9100000000e+02	1.1453466328e-02	-4.9117411429e-03	5.6237826360e-05	3.6664594924e-05
2.9200000000e+02	1.1490135390e-02	-4.9680418999e-03	5.6363620855e-05	3.6673513546e-05
2.9300000000e+02	1.1526813326e-02	-5.0244682514e-03	5.6489015621e-05	3.6682343908e-05
2.9400000000e+02	1.1563500048e-02	-5.0810197987e-03	5.6614013085e-05	3.6691087161e-05
2.9500000000e+02	1.1600195471e-02	-5.1376961459e-03	5.6738615652e-05	3.6699744437e-05
2.9600000000e+02	1.1636899509e-02	-5.1944968992e-03	5.6862825703e-05	3.6708316851e-05
2.9700000000e+02	1.1673612077e-02	-5.2514216673e-03	5.6986645604e-05	3.6716805498e-05
2.9800000000e+02	1.1710333092e-02	-5.3084700611e-03	5.7110077696e-05	3.6725211458e-05
2.9900000000e+02	1.1747062473e-02	-5.3656416942e-03	5.7233124304e-05	3.6733535793e-05
3.0000000000e+02	1.1783800137e-02	-5.4229361820e-03	5.7355787731e-05	3.6741779548e-05
3.0100000000e+02	1.1820546005e-02	-5.4803531427e-03	5.7478070259e-05	3.6749943750e-05
3.0200000000e+02	1.1857299998e-02	-5.5378921963e-03	5.7599974155e-05	3.6758029412e-05
3.0300000000e+02	1.1894062038e-02	-5.5955529655e-03	5.7721501663e-05	3.6766037531e-05
3.0400000000e+02	1.1930832048e-02	-5.6533350749e-03	5.7842655010e-05	3.6773969086e-05
3.0500000000e+02	1.1967609951e-02	-5.7112381515e-03	5.7963436403e-05	3.6781825044e-05
3.0600000000e+02	1.2004395673e-02	-5.7692618245e-03	5.8083848032e-05	3.6789606354e-05
3.0700000000e+02	1.2041189139e-02	-5.8274057251e-03	5.8203892067e-05	3.6797313953e-05
3.0800000000e+02	1.2077990277e-02	-5.8856694868e-03	5.8323570661e-05	3.6804948760e-05
3.0900000000e+02	1.2114799013e-02	-5.9440527453e-03	5.8442885949e-05	3.6812511683e-05
3.1000000000e+02	1.2151615277e-02	-6.0025551383e-03	5.8561840048e-05	3.6820003615e-05
3.1100000000e+02	1.2188438997e-02	-6.0611763057e-03	5.8680435057e-05	3.6827425434e-05
3.1200000000e+02	1.2225270104e-02	-6.1199158894e-03	5.8798673057e-05	3.6834778007e-05
3.1300000000e+02	1.2262108530e-02	-6.1787735335e-03	5.8916556114e-05	3.6842062185e-05
3.1400000000e+02	1.2298954206e-02	-6.2377488840e-03	5.9034086275e-05	3.6849278809e-05
3.1500000000e+02	1.2335807065e-02	-6.2968415891e-03	5.9151265570e-05	3.6856428705e-05
3.1600000000e+02	1.2372667042e-02	-6.3560512989e-03	5.9268096014e-05	3.6863512687e-05
3.1700000000e+02	1.2409534069e-02	-6.4153776655e-03	5.9384579605e-05	3.6870531556e-05
3.1800000000e+02	1.2446408083e-02	-6.4748203431e-03	5.9500718322e-05	3.6877486104e-05
3.1900000000e+02	1.2483289020e-02	-6.5343789878e-03	5.9616514132e-05	3.6884377108e-05
3.2000000000e+02	1.2520176817e-02	-6.5940532577e-03	5.9731968982e-05	3.6891205334e-05
3.2100000000e+02	1.2557071410e-02	-6.6538428128e-03	5.9847084807e-05	3.6897971537e-05
3.2200000000e+02	1.2593972739e-02	-6.7137473150e-03	5.9961863522e-05	3.6904676461e-05
3.2300000000e+02	1.2630880743e-02	-6.7737664281e-03	6.0076307031e-05	3.6911320838e-05
3.2400000000e+02	1.2667795361e-02	-6.8338998179e-03	6.0190417219e-05	3.6917905391e-05
3.2500000000e+02	1.2704716534e-02	-6.8941471521e-03	6.0304195957e-05	3.6924430830e-05
3.2600000000e+02	1.2741644203e-02	-6.9545081000e-03	6.0417645102e-05	3.6930897856e-05
3.2700000000e+02	1.2778578310e-02	-7.0149823330e-03	6.0530766494e-05	3.6937307160e-05
3.2800000000e+02	1.2815518798e-02	-7.0755695243e-03	6.0643561960e-05	3.6943659421e-05
3.2900000000e+02	1.2852465610e-02	-7.1362693489e-03	6.0756033311e-05	3.6949955311e-05
3.3000000000e+02	1.2889418691e-02	-7.1970814835e-03	6.0868182346e-05	3.6956195490e-05
3.3100000000e+02	1.2926377983e-02	-7.2580056067e-03	6.0980010846e-05	3.6962380609e-05
3.3200000000e+02	1.2963343434e-02	-7.3190413990e-03	6.1091520580e-05	3.6968511310e-05
3.3300000000e+02	1.3000314988e-02	-7.3801885422e-03	6.1202713303e-05	3.6974588225e-05
3.3400000000e+02	1.3037292592e-02	-7.4414467205e-03	6.1313590757e-05	3.6980611977e-05
3.3500000000e+02	1.3074276194e-02	-7.5028156192e-03	6.1424154667e-05	3.6986583180e-05
3.3600000000e+02	1.3111265741e-02	-7.5642949259e-03	6.1534406748e-05	3.6992502441e-05
3.3700000000e+02	1.3148261182e-02	-7.6258843294e-03	6.1644348698e-05	3.6998370356e-05
3.3800000000e+02	1.3185262465e-02	-7.6875835204e-03	6.1753982206e-05	3.7004187514e-05
3.3900000000e+02	1.3222269540e-02	-7.7493921915e-03	6.1863308943e-05	3.7009954494e-05
3.4000000000e+02	1.3259282358e-02	-7.8113100366e-03	6.1972330571e-05	3.7015671869e-05
3.4100000000e+02	1.3296300868e-02	-7.8733367515e-03	6.2081048737e-05	3.7021340202e-05
3.4200000000e+02	1.3333325022e-02	-7.9354720335e-03	6.2189465074e-05	3.7026960049e-05
3.4300000000e+02	1.3370354772e-02	-7.9977155816e-03	6.2297581205e-05	3.7032531958e-05
3.4400000000e+02	1.3407390070e-02	-8.0600670964e-03	6.2405398739e-05	3.7038056470e-05
3.4500000000e+02	1.3444430869e-02	-8.1225262801e-03	6.2512919273e-05	3.7043534117e-05
3.4600000000e+02	1.3481477123e-02	-8.1850928364e-03	6.2620144391e-05	3.7048965426e-05
3.4700000000e+02	1.3518528785e-02	-8.2477664709e-03	6.2727075665e-05	3.7054350912e-05
3.4800000000e+02	1.3555585809e-02	-8.3105468903e-03	6.2833714655e-05	3.7059691089e-05
3.4900000000e+02	1.3592648152e-02	-8.3734338033e-03	6.2940062909e-05	3.7064986460e-05
3.5000000000e+02	1.3629715768e-02	-8.4364269198e-03	6.3046121964e-05	3.7070237521e-05
3.5100000000e+02	1.3666788612e-02	-8.4995259513e-03	6.3151893344e-05	3.7075444763e-05
3.5200000000e+02	1.3703866643e-02	-8.5627306111e-03	6.3257378562e-05	3.7080608669e-05
3.5300000000e+02	1.3740949815e-02	-8.6260406136e-03	6.3362579119e-05	3.7085729716e-05
3.5400000000e+02	1.3778038088e-02	-8.6894556749e-03	6.3467496505e-05	3.7090808374e-05
3.5500000000e+02	1.3815131418e-02	-8.7529755127e-03	6.3572132200e-05	3.7095845108e-05
3.5600000000e+02	1.3852229764e-02	-8.8165998459e-03	6.3676487669e-05	3.7100840374e-05
3.5700000000e+02	1.3889333085e-02	-8.8803283951e-03	6.3780564371e-05	3.7105794624e-05
3.5800000000e+02	1.3926441340e-02	-8.9441608822e-03	6.3884363750e-05	3.7110708304e-05
3.5900000000e+02	1.3963554489e-02	-9.0080970306e-03	6.3987887240e-05	3.7115581852e-05
3.6000000000e+02	1.4000672491e-02	-9.0721365652e-03	6.4091136266e-05	3.7120415702e-05
3.6100000000e+02	1.4037795307e-02	-9.1362792121e-03	6.4194112241e-05	3.7125210283e-05
3.6200000000e+02	1.4074922898e-02	-9.2005246991e-03	6.4296816567e-05	3.7129966015e-05
3.6300000000e+02	1.4112055226e-02	-9.2648727552e-03	6.4399250637e-05	3.7134683315e-05
3.6400000000e+02	1.4149192252e-02	-9.3293231108e-03	6.4501415832e-05	3.7139362593e-05
3.6500000000e+02	1.4186333939e-02	-9.3938754977e-03	6.4603313524e-05	3.7144004256e-05
3.6600000000e+02	1.4223480248e-02	-9.4585296491e-03	6.4704945075e-05	3.7148608703e-05
3.6700000000e+02	1.4260631144e-02	-9.5232852996e-03	6.4806311835e-05	3.7153176328e-05
3.6800000000e+02	1.4297786589e-02	-9.5881421850e-03	6.4907415146e-05	3.7157707522e-05
3.6900000000e+02	1.4334946547e-02	-9.6531000425e-03	6.5008256340e-05	3.7162202669e-05
3.7000000000e+02	1.4372110982e-02	-9.7181586107e-03	6.5108836738e-05	3.7166662147e-05
3.7100000000e+02	1.4409279859e-02	-9.7833176295e-03	6.5209157652e-05	3.7171086332e-05
3.7200000000e+02	1.4446453143e-02	-9.8485768400e-03	6.5309220385e-05	3.7175475592e-05
3.7300000000e+02	1.4483630799e-02	-9.9139359846e-03	6.5409026230e-05	3.7179830293e-05
3.7400000000e+02	1.4520812792e-02	-9.9793948072e-03	6.5508576470e-05	3.7184150795e-05
3.7500000000e+02	1.4557999089e-02	-1.0044953053e-02	6.5607872379e-05	3.7188437453e-05
3.7600000000e+02	1.4595189656e-02	-1.0110610468e-02	6.5706915223e-05	3.7192690618e-05
3.7700000000e+02	1.4632384460e-02	-1.0176366799e-02	6.5805706257e-05	3.7196910636e-05
3.7800000000e+02	1.4669583467e-02	-1.0242221797e-02	6.5904246728e-05	3.7201097849e-05
3.7900000000e+02	1.4706786644e-02	-1.0308175210e-02	6.6002537874e-05	3.7205252594e-05
3.8000000000e+02	1.4743993961e-02	-1.0374226790e-02	6.6100580923e-05	3.7209375205e-05
3.8100000000e+02	1.4781205384e-02	-1.0440376289e-02	6.6198377096e-05	3.7213466010e-05
3.8200000000e+02	1.4818420883e-02	-1.0506623462e-02	6.6295927603e-05	3.7217525334e-05
3.8300000000e+02	1.4855640425e-02	-1.0572968063e-02	6.6393233649e-05	3.7221553499e-05
3.8400000000e+02	1.4892863979e-02	-1.0639409848e-02	6.6490296426e-05	3.7225550819e-05
3.8500000000e+02	1.4930091516e-02	-1.0705948575e-02	6.6587117120e-05	3.7229517609e-05
3.8600000000e+02	1.4967323004e-02	-1.0772584002e-02	6.6683696908e-05	3.7233454176e-05
3.8700000000e+02	1.5004558414e-02	-1.0839315889e-02	6.6780036960e-05	3.7237360825e-05
3.8800000000e+02	1.5041797716e-02	-1.0906143997e-02	6.6876138435e-05	3.7241237858e-05
3.8900000000e+02	1.5079040880e-02	-1.0973068087e-02	6.6972002486e-05	3.7245085572e-05
3.9000000000e+02	1.5116287878e-02	-1.1040087923e-02	6.7067630257e-05	3.7248904259e-05
3.9100000000e+02	1.5153538679e-02	-1.1107203269e-02	6.7163022885e-05	3.7252694211e-05
3.9200000000e+02	1.5190793257e-02	-1.1174413890e-02	6.7258181498e-05	3.7256455713e-05
3.9300000000e+02	1.5228051581e-02	-1.1241719554e-02	6.7353107215e-05	3.7260189047e-05
3.9400000000e+02	1.5265313625e-02	-1.1309120028e-02	6.7447801150e-05	3.7263894494e-05
3.9500000000e+02	1.5302579361e-02	-1.1376615080e-02	6.7542264407e-05	3.7267572329e-05
3.9600000000e+02	1.5339848761e-02	-1.1444204480e-02	6.7636498083e-05	3.7271222824e-05
3.9700000000e+02	1.5377121798e-02	-1.1511888000e-02	6.7730503268e-05	3.7274846249e-05
3.9800000000e+02	1.5414398444e-02	-1.1579665411e-02	6.7824281043e-05	3.7278442869e-05
3.9900000000e+02	1.5451678675e-02	-1.1647536486e-02	6.7917832483e-05	3.7282012947e-05
4.0000000000e+02	1.5488962462e-02	-1.1715501001e-02	6.8011158655e-05	3.7285556742e-05
4.0100000000e+02	1.5526249779e-02	-1.1783558729e-02	6.8104260619e-05	3.7289074511e-05
4.0200000000e+02	1.5563540602e-02	-1.1851709447e-02	6.8197139427e-05	3.7292566506e-05
4.0300000000e+02	1.5600834904e-02	-1.1919952934e-02	6.8289796123e-05	3.7296032978e-05
4.0400000000e+02	1.5638132660e-02	-1.1988288966e-02	6.8382231746e-05	3.7299474173e-05
4.0500000000e+02	1.5675433844e-02	-1.2056717324e-02	6.8474447328e-05	3.7302890337e-05
4.0600000000e+02	1.5712738432e-02	-1.2125237788e-02	6.8566443891e-05	3.7306281709e-05
4.0700000000e+02	1.5750046399e-02	-1.2193850139e-02	6.8658222452e-05	3.7309648528e-05
4.0800000000e+02	1.5787357721e-02	-1.2262554160e-02	6.8749784022e-05	3.7312991031e-05
4.0900000000e+02	1.5824672373e-02	-1.2331349635e-02	6.8841129604e-05	3.7316309448e-05
4.1000000000e+02	1.5861990332e-02	-1.2400236348e-02	6.8932260194e-05	3.7319604011e-05
4.1100000000e+02	1.5899311573e-02	-1.2469214084e-02	6.9023176782e-05	3.7322874945e-05
4.1200000000e+02	1.5936636074e-02	-1.2538282630e-02	6.9113880350e-05	3.7326122477e-05
4.1300000000e+02	1.5973963811e-02	-1.2607441774e-02	6.9204371875e-05	3.7329346827e-05
4.1400000000e+02	1.6011294760e-02	-1.2676691304e-02	6.9294652328e-05	3.7332548215e-05
4.1500000000e+02	1.6048628899e-02	-1.2746031009e-02	6.9384722670e-05	3.7335726857e-05
4.1600000000e+02	1.6085966206e-02	-1.2815460679e-02	6.9474583859e-05	3.7338882968e-05
4.1700000000e+02	1.6123306658e-02	-1.2884980107e-02	6.9564236846e-05	3.7342016758e-05
4.1800000000e+02	1.6160650232e-02	-1.2954589084e-02	6.9653682575e-05	3.7345128438e-05
4.1900000000e+02	1.6197996907e-02	-1.3024287403e-02	6.9742921983e-05	3.7348218214e-05
4.2000000000e+02	1.6235346662e-02	-1.3094074859e-02	6.9831956002e-05	3.7351286289e-05
4.2100000000e+02	1.6272699473e-02	-1.3163951247e-02	6.9920785558e-05	3.7354332867e-05
4.2200000000e+02	1.6310055320e-02	-1.3233916363e-02	7.0009411571e-05	3.7357358146e-05
4.2300000000e+02	1.6347414182e-02	-1.3303970003e-02	7.0097834953e-05	3.7360362325e-05
4.2400000000e+02	1.6384776038e-02	-1.3374111965e-02	7.0186056611e-05	3.7363345597e-05
4.2500000000e+02	1.6422140866e-02	-1.3444342049e-02	7.0274077448e-05	3.7366308155e-05
4.2600000000e+02	1.6459508647e-02	-1.3514660054e-02	7.0361898359e-05	3.7369250192e-05
4.2700000000e+02	1.6496879360e-02	-1.3585065779e-02	7.0449520233e-05	3.7372171893e-05
4.2800000000e+02	1.6534252984e-02	-1.3655559028e-02	7.0536943954e-05	3.7375073447e-05
4.2900000000e+02	1.6571629500e-02	-1.3726139602e-02	7.0624170401e-05	3.7377955036e-05
4.3000000000e+02	1.6609008888e-02	-1.3796807303e-02	7.0711200445e-05	3.7380816844e-05
4.3100000000e+02	1.6646391127e-02	-1.3867561937e-02	7.0798034953e-05	3.7383659049e-05
4.3200000000e+02	1.6683776199e-02	-1.3938403308e-02	7.0884674787e-05	3.7386481831e-05
4.3300000000e+02	1.6721164085e-02	-1.4009331222e-02	7.0971120801e-05	3.7389285364e-05
4.3400000000e+02	1.6758554764e-02	-1.4080345486e-02	7.1057373847e-05	3.7392069823e-05
4.3500000000e+02	1.6795948218e-02	-1.4151445906e-02	7.1143434768e-05	3.7394835380e-05
4.3600000000e+02	1.6833344428e-02	-1.4222632291e-02	7.1229304403e-05	3.7397582205e-05
4.3700000000e+02	1.6870743376e-02	-1.4293904451e-02	7.1314983587e-05	3.7400310465e-05
4.3800000000e+02	1.6908145043e-02	-1.4365262195e-02	7.1400473147e-05	3.7403020329e-05
4.3900000000e+02	1.6945549411e-02	-1.4436705335e-02	7.1485773908e-05	3.7405711958e-05
4.4000000000e+02	1.6982956461e-02	-1.4508233681e-02	7.1570886685e-05	3.7408385518e-05
4.4100000000e+02	1.7020366176e-02	-1.4579847046e-02	7.1655812294e-05	3.7411041167e-05
4.4200000000e+02	1.7057778537e-02	-1.4651545243e-02	7.1740551540e-05	3.7413679065e-05
4.4300000000e+02	1.7095193528e-02	-1.4723328087e-02	7.1825105226e-05	3.7416299371e-05
4.4400000000e+02	1.7132611130e-02	-1.4795195392e-02	7.1909474149e-05	3.7418902238e-05
4.4500000000e+02	1.7170031327e-02	-1.4867146974e-02	7.1993659103e-05	3.7421487821e-05
4.4600000000e+02	1.7207454100e-02	-1.4939182649e-02	7.2077660873e-05	3.7424056272e-05
4.4700000000e+02	1.7244879434e-02	-1.5011302235e-02	7.2161480243e-05	3.7426607741e-05
4.4800000000e+02	1.7282307310e-02	-1.5083505549e-02	7.2245117989e-05	3.7429142378e-05
4.4900000000e+02	1.7319737713e-02	-1.5155792410e-02	7.2328574885e-05	3.7431660330e-05
4.5000000000e+02	1.7357170625e-02	-1.5228162639e-02	7.2411851698e-05	3.7434161741e-05
4.5100000000e+02	1.7394606031e-02	-1.5300616054e-02	7.2494949191e-05	3.7436646757e-05
4.5200000000e+02	1.7432043913e-02	-1.5373152478e-02	7.2577868122e-05	3.7439115520e-05
4.5300000000e+02	1.7469484257e-02	-1.5445771731e-02	7.2660609244e-05	3.7441568170e-05
4.5400000000e+02	1.7506927044e-02	-1.5518473637e-02	7.2743173307e-05	3.7444004848e-05
4.5500000000e+02	1.7544372261e-02	-1.5591258019e-02	7.2825561055e-05	3.7446425690e-05
4.5600000000e+02	1.7581819891e-02	-1.5664124701e-02	7.2907773226e-05	3.7448830834e-05
4.5700000000e+02	1.7619269918e-02	-1.5737073507e-02	7.2989810557e-05	3.7451220415e-05
4.5800000000e+02	1.7656722326e-02	-1.5810104264e-02	7.3071673777e-05	3.7453594565e-05
4.5900000000e+02	1.7694177102e-02	-1.5883216797e-02	7.3153363613e-05	3.7455953418e-05
4.6000000000e+02	1.7731634228e-02	-1.5956410933e-02	7.3234880786e-05	3.7458297103e-05
4.6100000000e+02	1.7769093691e-02	-1.6029686501e-02	7.3316226013e-05	3.7460625751e-05
4.6200000000e+02	1.7806555475e-02	-1.6103043328e-02	7.3397400006e-05	3.7462939488e-05
4.6300000000e+02	1.7844019565e-02	-1.6176481244e-02	7.3478403475e-05	3.7465238443e-05
4.6400000000e+02	1.7881485947e-02	-1.6250000079e-02	7.3559237123e-05	3.7467522739e-05
4.6500000000e+02	1.7918954605e-02	-1.6323599662e-02	7.3639901651e-05	3.7469792501e-05
4.6600000000e+02	1.7956425527e-02	-1.6397279826e-02	7.3720397752e-05	3.7472047852e-05
4.6700000000e+02	1.7993898696e-02	-1.6471040402e-02	7.3800726120e-05	3.7474288912e-05
4.6800000000e+02	1.8031374100e-02	-1.6544881222e-02	7.3880887441e-05	3.7476515803e-05
4.6900000000e+02	1.8068851723e-02	-1.6618802121e-02	7.3960882397e-05	3.7478728642e-05
4.7000000000e+02	1.8106331553e-02	-1.6692802932e-02	7.4040711669e-05	3.7480927548e-05
4.7100000000e+02	1.8143813574e-02	-1.6766883489e-02	7.4120375930e-05	3.7483112637e-05
4.7200000000e+02	1.8181297773e-02	-1.6841043629e-02	7.4199875852e-05	3.7485284023e-05
4.7300000000e+02	1.8218784137e-02	-1.6915283187e-02	7.4279212101e-05	3.7487441821e-05
4.7400000000e+02	1.8256272652e-02	-1.6989601999e-02	7.4358385340e-05	3.7489586144e-05
4.7500000000e+02	1.8293763305e-02	-1.7063999903e-02	7.4437396228e-05	3.7491717104e-05
4.7600000000e+02	1.8331256082e-02	-1.7138476737e-02	7.4516245419e-05	3.7493834810e-05
4.7700000000e+02	1.8368750970e-02	-1.7213032340e-02	7.4594933565e-05	3.7495939372e-05
4.7800000000e+02	1.8406247957e-02	-1.7287666551e-02	7.4673461313e-05	3.7498030898e-05
4.7900000000e+02	1.8443747028e-02	-1.7362379210e-02	7.4751829306e-05	3.7500109496e-05
4.8000000000e+02	1.8481248171e-02	-1.7437170157e-02	7.4830038183e-05	3.7502175272e-05
4.8100000000e+02	1.8518751374e-02	-1.7512039233e-02	7.4908088581e-05	3.7504228329e-05
4.8200000000e+02	1.8556256624e-02	-1.7586986281e-02	7.4985981131e-05	3.7506268773e-05
4.8300000000e+02	1.8593763908e-02	-1.7662011143e-02	7.5063716461e-05	3.7508296706e-05
4.8400000000e+02	1.8631273213e-02	-1.7737113662e-02	7.5141295196e-05	3.7510312230e-05
4.8500000000e+02	1.8668784528e-02	-1.7812293681e-02	7.5218717958e-05	3.7512315445e-05
4.8600000000e+02	1.8706297840e-02	-1.7887551046e-02	7.5295985362e-05	3.7514306451e-05
4.8700000000e+02	1.8743813137e-02	-1.7962885601e-02	7.5373098023e-05	3.7516285348e-05
4.8800000000e+02	1.8781330407e-02	-1.8038297191e-02	7.5450056552e-05	3.7518252232e-05
4.8900000000e+02	1.8818849637e-02	-1.8113785663e-02	7.5526861554e-05	3.7520207200e-05
4.9000000000e+02	1.8856370817e-02	-1.8189350863e-02	7.5603513632e-05	3.7522150349e-05
4.9100000000e+02	1.8893893934e-02	-1.8264992639e-02	7.5680013387e-05	3.7524081773e-05
4.9200000000e+02	1.8931418977e-02	-1.8340710839e-02	7.5756361414e-05	3.7526001565e-05
4.9300000000e+02	1.8968945933e-02	-1.8416505312e-02	7.5832558306e-05	3.7527909820e-05
4.9400000000e+02	1.9006474793e-02	-1.8492375905e-02	7.5908604652e-05	3.7529806628e-05
4.9500000000e+02	1.9044005543e-02	-1.8568322471e-02	7.5984501038e-05	3.7531692081e-05
4.9600000000e+02	1.9081538173e-02	-1.8644344858e-02	7.6060248046e-05	3.7533566269e-05
4.9700000000e+02	1.9119072672e-02	-1.8720442917e-02	7.6135846255e-05	3.7535429282e-05
4.9800000000e+02	1.9156609028e-02	-1.8796616501e-02	7.6211296242e-05	3.7537281208e-05
4.9900000000e+02	1.9194147230e-02	-1.8872865461e-02	7.6286598579e-05	3.7539122134e-05
5.0000000000e+02	1.9231687268e-02	-1.8949189649e-02	7.6361753835e-05	3.7540952147e-05
5.0100000000e+02	1.9269229131e-02	-1.9025588919e-02	7.6436762576e-05	3.7542771333e-05
5.0200000000e+02	1.9306772807e-02	-1.9102063126e-02	7.6511625365e-05	3.7544579777e-05
5.0300000000e+02	1.9344318287e-02	-1.9178612122e-02	7.6586342761e-05	3.7546377563e-05
5.0400000000e+02	1.9381865559e-02	-1.9255235763e-02	7.6660915321e-05	3.7548164774e-05
5.0500000000e+02	1.9419414613e-02	-1.9331933904e-02	7.6735343599e-05	3.7549941494e-05
5.0600000000e+02	1.9456965439e-02	-1.9408706402e-02	7.6809628144e-05	3.7551707803e-05
5.0700000000e+02	1.9494518025e-02	-1.9485553113e-02	7.6883769503e-05	3.7553463783e-05
5.0800000000e+02	1.9532072363e-02	-1.9562473894e-02	7.6957768221e-05	3.7555209514e-05
5.0900000000e+02	1.9569628441e-02	-1.9639468602e-02	7.7031624838e-05	3.7556945075e-05
5.1000000000e+02	1.9607186250e-02	-1.9716537096e-02	7.7105339893e-05	3.7558670545e-05
5.1100000000e+02	1.9644745779e-02	-1.9793679235e-02	7.7178913920e-05	3.7560386002e-05
5.1200000000e+02	1.9682307018e-02	-1.9870894877e-02	7.7252347452e-05	3.7562091522e-05
5.1300000000e+02	1.9719869958e-02	-1.9948183883e-02	7.7325641016e-05	3.7563787183e-05
5.1400000000e+02	1.9757434589e-02	-2.0025546113e-02	7.7398795140e-05	3.7565473060e-05
5.1500000000e+02	1.9795000901e-02	-2.0102981427e-02	7.7471810346e-05	3.7567149227e-05
5.1600000000e+02	1.9832568885e-02	-2.0180489687e-02	7.7544687154e-05	3.7568815760e-05
5.1700000000e+02	1.9870138530e-02	-2.0258070755e-02	7.7617426083e-05	3.7570472731e-05
5.1800000000e+02	1.9907709827e-02	-2.0335724493e-02	7.7690027646e-05	3.7572120214e-05
5.1900000000e+02	1.9945282767e-02	-2.0413450765e-02	7.7762492354e-05	3.7573758280e-05
5.2000000000e+02	1.9982857340e-02	-2.0491249433e-02	7.7834820717e-05	3.7575387001e-05
5.2100000000e+02	2.0020433538e-02	-2.0569120361e-02	7.7907013242e-05	3.7577006447e-05
5.2200000000e+02	2.0058011350e-02	-2.0647063414e-02	7.7979070430e-05	3.7578616690e-05
5.2300000000e+02	2.0095590768e-02	-2.0725078457e-02	7.8050992782e-05	3.7580217797e-05
5.2400000000e+02	2.0133171783e-02	-2.0803165355e-02	7.8122780797e-05	3.7581809839e-05
5.2500000000e+02	2.0170754385e-02	-2.0881323974e-02	7.8194434969e-05	3.7583392883e-05
5.2600000000e+02	2.0208338566e-02	-2.0959554180e-02	7.8265955791e-05	3.7584966997e-05
5.2700000000e+02	2.0245924316e-02	-2.1037855841e-02	7.8337343752e-05	3.7586532247e-05
5.2800000000e+02	2.0283511627e-02	-2.1116228824e-02	7.8408599339e-05	3.7588088700e-05
5.2900000000e+02	2.0321100490e-02	-2.1194672996e-02	7.8479723036e-05	3.7589636421e-05
5.3000000000e+02	2.0358690897e-02	-2.1273188226e-02	7.8550715327e-05	3.7591175476e-05
5.3100000000e+02	2.0396282838e-02	-2.1351774383e-02	7.8621576688e-05	3.7592705929e-05
5.3200000000e+02	2.0433876306e-02	-2.1430431336e-02	7.8692307598e-05	3.7594227843e-05
5.3300000000e+02	2.0471471291e-02	-2.1509158955e-02	7.8762908529e-05	3.7595741282e-05
5.3400000000e+02	2.0509067786e-02	-2.1587957110e-02	7.8833379954e-05	3.7597246309e-05
5.3500000000e+02	2.0546665781e-02	-2.1666825672e-02	7.8903722342e-05	3.7598742986e-05
5.3600000000e+02	2.0584265269e-02	-2.1745764512e-02	7.8973936158e-05	3.7600231374e-05
5.3700000000e+02	2.0621866241e-02	-2.1824773501e-02	7.9044021867e-05	3.7601711534e-05
5.3800000000e+02	2.0659468689e-02	-2.1903852513e-02	7.9113979930e-05	3.7603183526e-05
5.3900000000e+02	2.0697072606e-02	-2.1983001419e-02	7.9183810806e-05	3.7604647411e-05
5.4000000000e+02	2.0734677981e-02	-2.2062220092e-02	7.9253514951e-05	3.7606103248e-05
5.4100000000e+02	2.0772284809e-02	-2.2141508407e-02	7.9323092821e-05	3.7607551095e-05
5.4200000000e+02	2.0809893081e-02	-2.2220866236e-02	7.9392544865e-05	3.7608991010e-05
5.4300000000e+02	2.0847502789e-02	-2.2300293455e-02	7.9461871535e-05	3.7610423052e-05
5.4400000000e+02	2.0885113925e-02	-2.2379789937e-02	7.9531073276e-05	3.7611847278e-05
5.4500000000e+02	2.0922726481e-02	-2.2459355560e-02	7.9600150533e-05	3.7613263743e-05
5.4600000000e+02	2.0960340449e-02	-2.2538990197e-02	7.9669103748e-05	3.7614672505e-05
5.4700000000e+02	2.0997955823e-02	-2.2618693726e-02	7.9737933362e-05	3.7616073618e-05
5.4800000000e+02	2.1035572594e-02	-2.2698466023e-02	7.9806639812e-05	3.7617467139e-05
5.4900000000e+02	2.1073190755e-02	-2.2778306965e-02	7.9875223533e-05	3.7618853121e-05
5.5000000000e+02	2.1110810298e-02	-2.2858216429e-02	7.9943684958e-05	3.7620231620e-05
5.5100000000e+02	2.1148431216e-02	-2.2938194294e-02	8.0012024518e-05	3.7621602687e-05
5.5200000000e+02	2.1186053501e-02	-2.3018240438e-02	8.0080242642e-05	3.7622966377e-05
5.5300000000e+02	2.1223677146e-02	-2.3098354739e-02	8.0148339756e-05	3.7624322743e-05
5.5400000000e+02	2.1261302144e-02	-2.3178537077e-02	8.0216316283e-05	3.7625671836e-05
5.5500000000e+02	2.1298928487e-02	-2.3258787331e-02	8.0284172646e-05	3.7627013709e-05
5.5600000000e+02	2.1336556169e-02	-2.3339105382e-02	8.0351909265e-05	3.7628348412e-05
5.5700000000e+02	2.1374185182e-02	-2.3419491110e-02	8.0419526556e-05	3.7629675997e-05
5.5800000000e+02	2.1411815519e-02	-2.3499944396e-02	8.0487024936e-05	3.7630996514e-05
5.5900000000e+02	2.1449447172e-02	-2.3580465120e-02	8.0554404817e-05	3.7632310013e-05
5.6000000000e+02	2.1487080136e-02	-2.3661053166e-02	8.0621666611e-05	3.7633616543e-05
5.6100000000e+02	2.1524714403e-02	-2.3741708414e-02	8.0688810727e-05	3.7634916154e-05
5.6200000000e+02	2.1562349966e-02	-2.3822430748e-02	8.0755837571e-05	3.7636208895e-05
5.6300000000e+02	2.1599986819e-02	-2.3903220051e-02	8.0822747548e-05	3.7637494812e-05
5.6400000000e+02	2.1637624954e-02	-2.3984076205e-02	8.0889541061e-05	3.7638773955e-05
5.6500000000e+02	2.1675264364e-02	-2.4064999094e-02	8.0956218511e-05	3.7640046371e-05
5.6600000000e+02	2.1712905044e-02	-2.4145988603e-02	8.1022780296e-05	3.7641312107e-05
5.6700000000e+02	2.1750546986e-02	-2.4227044616e-02	8.1089226812e-05	3.7642571209e-05
5.6800000000e+02	2.1788190184e-02	-2.4308167018e-02	8.1155558456e-05	3.7643823723e-05
5.6900000000e+02	2.1825834632e-02	-2.4389355695e-02	8.1221775618e-05	3.7645069695e-05
5.7000000000e+02	2.1863480322e-02	-2.4470610532e-02	8.1287878690e-05	3.7646309171e-05
5.7100000000e+02	2.1901127248e-02	-2.4551931414e-02	8.1353868060e-05	3.7647542196e-05
5.7200000000e+02	2.1938775404e-02	-2.4633318230e-02	8.1419744115e-05	3.7648768814e-05
5.7300000000e+02	2.1976424783e-02	-2.4714770865e-02	8.1485507240e-05	3.7649989069e-05
5.7400000000e+02	2.2014075380e-02	-2.4796289207e-02	8.1551157817e-05	3.7651203006e-05
5.7500000000e+02	2.2051727187e-02	-2.4877873143e-02	8.1616696227e-05	3.7652410667e-05
5.7600000000e+02	2.2089380199e-02	-2.4959522562e-02	8.1682122850e-05	3.7653612096e-05
5.7700000000e+02	2.2127034409e-02	-2.5041237352e-02	8.1747438061e-05	3.7654807336e-05
5.7800000000e+02	2.2164689812e-02	-2.5123017401e-02	8.1812642237e-05	3.7655996428e-05
5.7900000000e+02	2.2202346400e-02	-2.5204862599e-02	8.1877735751e-05	3.7657179416e-05
5.8000000000e+02	2.2240004169e-02	-2.5286772836e-02	8.1942718973e-05	3.7658356340e-05
5.8100000000e+02	2.2277663111e-02	-2.5368748001e-02	8.2007592275e-05	3.7659527241e-05
5.8200000000e+02	2.2315323221e-02	-2.5450787984e-02	8.2072356023e-05	3.7660692162e-05
5.8300000000e+02	2.2352984493e-02	-2.5532892676e-02	8.2137010583e-05	3.7661851141e-05
5.8400000000e+02	2.2390646921e-02	-2.5615061969e-02	8.2201556319e-05	3.7663004221e-05
5.8500000000e+02	2.2428310500e-02	-2.5697295753e-02	8.2265993594e-05	3.7664151439e-05
5.8600000000e+02	2.2465975222e-02	-2.5779593920e-02	8.2330322769e-05	3.7665292837e-05
5.8700000000e+02	2.2503641083e-02	-2.5861956363e-02	8.2394544201e-05	3.7666428453e-05
5.8800000000e+02	2.2541308077e-02	-2.5944382973e-02	8.2458658248e-05	3.7667558326e-05
5.8900000000e+02	2.2578976198e-02	-2.6026873643e-02	8.2522665266e-05	3.7668682495e-05
5.9000000000e+02	2.2616645440e-02	-2.6109428268e-02	8.2586565607e-05	3.7669800997e-05
5.9100000000e+02	2.2654315798e-02	-2.6192046739e-02	8.2650359623e-05	3.7670913872e-05
5.9200000000e+02	2.2691987266e-02	-2.6274728952e-02	8.2714047665e-05	3.7672021156e-05
5.9300000000e+02	2.2729659839e-02	-2.6357474799e-02	8.2777630081e-05	3.7673122887e-05
5.9400000000e+02	2.2767333510e-02	-2.6440284177e-02	8.2841107217e-05	3.7674219102e-05
5.9500000000e+02	2.2805008275e-02	-2.6523156979e-02	8.2904479418e-05	3.7675309838e-05
5.9600000000e+02	2.2842684128e-02	-2.6606093101e-02	8.2967747028e-05	3.7676395130e-05
5.9700000000e+02	2.2880361064e-02	-2.6689092438e-02	8.3030910388e-05	3.7677475016e-05
5.9800000000e+02	2.2918039076e-02	-2.6772154887e-02	8.3093969838e-05	3.7678549530e-05
5.9900000000e+02	2.2955718161e-02	-2.6855280343e-02	8.3156925716e-05	3.7679618708e-05
6.0000000000e+02	2.2993398312e-02	-2.6938468704e-02	8.3219778360e-05	3.7680682586e-05
6.0100000000e+02	2.3031079524e-02	-2.7021719866e-02	8.3282528103e-05	3.7681741199e-05
6.0200000000e+02	2.3068761793e-02	-2.7105033726e-02	8.3345175280e-05	3.7682794580e-05
6.0300000000e+02	2.3106445112e-02	-2.7188410182e-02	8.3407720222e-05	3.7683842765e-05
6.0400000000e+02	2.3144129476e-02	-2.7271849132e-02	8.3470163260e-05	3.7684885787e-05
6.0500000000e+02	2.3181814882e-02	-2.7355350475e-02	8.3532504721e-05	3.7685923681e-05
6.0600000000e+02	2.3219501322e-02	-2.7438914108e-02	8.3594744934e-05	3.7686956479e-05
6.0700000000e+02	2.3257188793e-02	-2.7522539931e-02	8.3656884224e-05	3.7687984215e-05
6.0800000000e+02	2.3294877289e-02	-2.7606227843e-02	8.3718922914e-05	3.7689006922e-05
6.0900000000e+02	2.3332566805e-02	-2.7689977743e-02	8.3780861327e-05	3.7690024633e-05
6.1000000000e+02	2.3370257336e-02	-2.7773789532e-02	8.3842699785e-05	3.7691037380e-05
6.1100000000e+02	2.3407948878e-02	-2.7857663110e-02	8.3904438605e-05	3.7692045195e-05
6.1200000000e+02	2.3445641425e-02	-2.7941598376e-02	8.3966078107e-05	3.7693048110e-05
6.1300000000e+02	2.3483334973e-02	-2.8025595233e-02	8.4027618606e-05	3.7694046157e-05
6.1400000000e+02	2.3521029516e-02	-2.8109653581e-02	8.4089060418e-05	3.7695039367e-05
6.1500000000e+02	2.3558725050e-02	-2.8193773321e-02	8.4150403855e-05	3.7696027771e-05
6.1600000000e+02	2.3596421570e-02	-2.8277954356e-02	8.4211649230e-05	3.7697011401e-05
6.1700000000e+02	2.3634119071e-02	-2.8362196587e-02	8.4272796852e-05	3.7697990286e-05
6.1800000000e+02	2.3671817549e-02	-2.8446499917e-02	8.4333847032e-05	3.7698964458e-05
6.1900000000e+02	2.3709516998e-02	-2.8530864249e-02	8.4394800076e-05	3.7699933946e-05
6.2000000000e+02	2.3747217415e-02	-2.8615289485e-02	8.4455656290e-05	3.7700898781e-05
6.2100000000e+02	2.3784918795e-02	-2.8699775529e-02	8.4516415980e-05	3.7701858991e-05
6.2200000000e+02	2.3822621132e-02	-2.8784322285e-02	8.4577079448e-05	3.7702814607e-05
6.2300000000e+02	2.3860324422e-02	-2.8868929656e-02	8.4637646995e-05	3.7703765658e-05
6.2400000000e+02	2.3898028661e-02	-2.8953597547e-02	8.4698118924e-05	3.7704712172e-05
6.2500000000e+02	2.3935733845e-02	-2.9038325862e-02	8.4758495531e-05	3.7705654179e-05
6.2600000000e+02	2.3973439968e-02	-2.9123114506e-02	8.4818777116e-05	3.7706591707e-05
6.2700000000e+02	2.4011147027e-02	-2.9207963385e-02	8.4878963974e-05	3.7707524784e-05
6.2800000000e+02	2.4048855016e-02	-2.9292872403e-02	8.4939056400e-05	3.7708453439e-05
6.2900000000e+02	2.4086563932e-02	-2.9377841466e-02	8.4999054687e-05	3.7709377698e-05
6.3000000000e+02	2.4124273770e-02	-2.9462870481e-02	8.5058959129e-05	3.7710297591e-05
6.3100000000e+02	2.4161984526e-02	-2.9547959353e-02	8.5118770015e-05	3.7711213143e-05
6.3200000000e+02	2.4199696195e-02	-2.9633107990e-02	8.5178487634e-05	3.7712124384e-05
6.3300000000e+02	2.4237408773e-02	-2.9718316297e-02	8.5238112276e-05	3.7713031338e-05
6.3400000000e+02	2.4275122256e-02	-2.9803584183e-02	8.5297644227e-05	3.7713934034e-05
6.3500000000e+02	2.4312836640e-02	-2.9888911555e-02	8.5357083772e-05	3.7714832498e-05
6.3600000000e+02	2.4350551920e-02	-2.9974298320e-02	8.5416431195e-05	3.7715726756e-05
6.3700000000e+02	2.4388268092e-02	-3.0059744387e-02	8.5475686780e-05	3.7716616834e-05
6.3800000000e+02	2.4425985152e-02	-3.0145249663e-02	8.5534850808e-05	3.7717502758e-05
6.3900000000e+02	2.4463703096e-02	-3.0230814058e-02	8.5593923559e-05	3.7718384555e-05
6.4000000000e+02	2.4501421920e-02	-3.0316437480e-02	8.5652905313e-05	3.7719262249e-05
6.4100000000e+02	2.4539141620e-02	-3.0402119838e-02	8.5711796346e-05	3.7720135866e-05
6.4200000000e+02	2.4576862191e-02	-3.0487861043e-02	8.5770596936e-05	3.7721005432e-05
6.4300000000e+02	2.4614583629e-02	-3.0573661002e-02	8.5829307358e-05	3.7721870970e-05
6.4400000000e+02	2.4652305931e-02	-3.0659519627e-02	8.5887927886e-05	3.7722732507e-05
6.4500000000e+02	2.4690029093e-02	-3.0745436828e-02	8.5946458792e-05	3.7723590066e-05
6.4600000000e+02	2.4727753110e-02	-3.0831412515e-02	8.6004900348e-05	3.7724443672e-05
6.4700000000e+02	2.4765477979e-02	-3.0917446599e-02	8.6063252825e-05	3.7725293349e-05
6.4800000000e+02	2.4803203695e-02	-3.1003538991e-02	8.6121516491e-05	3.7726139121e-05
6.4900000000e+02	2.4840930256e-02	-3.1089689603e-02	8.6179691615e-05	3.7726981012e-05
6.5000000000e+02	2.4878657656e-02	-3.1175898345e-02	8.6237778463e-05	3.7727819046e-05
6.5100000000e+02	2.4916385893e-02	-3.1262165130e-02	8.6295777301e-05	3.7728653247e-05
6.5200000000e+02	2.4954114961e-02	-3.1348489870e-02	8.6353688392e-05	3.7729483636e-05
6.5300000000e+02	2.4991844859e-02	-3.1434872478e-02	8.6411512000e-05	3.7730310239e-05
6.5400000000e+02	2.5029575581e-02	-3.1521312865e-02	8.6469248388e-05	3.7731133076e-05
6.5500000000e+02	2.5067307123e-02	-3.1607810946e-02	8.6526897815e-05	3.7731952173e-05
6.5600000000e+02	2.5105039484e-02	-3.1694366632e-02	8.6584460542e-05	3.7732767550e-05
6.5700000000e+02	2.5142772657e-02	-3.1780979838e-02	8.6641936827e-05	3.7733579231e-05
6.5800000000e+02	2.5180506641e-02	-3.1867650477e-02	8.6699326927e-05	3.7734387237e-05
6.5900000000e+02	2.5218241431e-02	-3.1954378463e-02	8.6756631098e-05	3.7735191591e-05
6.6000000000e+02	2.5255977023e-02	-3.2041163711e-02	8.6813849596e-05	3.7735992315e-05
6.6100000000e+02	2.5293713414e-02	-3.2128006134e-02	8.6870982674e-05	3.7736789431e-05
6.6200000000e+02	2.5331450600e-02	-3.2214905647e-02	8.6928030586e-05	3.7737582960e-05
6.6300000000e+02	2.5369188579e-02	-3.2301862167e-02	8.6984993583e-05	3.7738372923e-05
6.6400000000e+02	2.5406927345e-02	-3.2388875606e-02	8.7041871915e-05	3.7739159342e-05
6.6500000000e+02	2.5444666896e-02	-3.2475945882e-02	8.7098665832e-05	3.7739942238e-05
6.6600000000e+02	2.5482407228e-02	-3.2563072910e-02	8.7155375583e-05	3.7740721633e-05
6.6700000000e+02	2.5520148338e-02	-3.2650256606e-02	8.7212001415e-05	3.7741497546e-05
6.6800000000e+02	2.5557890222e-02	-3.2737496885e-02	8.7268543574e-05	3.7742269998e-05
6.6900000000e+02	2.5595632877e-02	-3.2824793665e-02	8.7325002305e-05	3.7743039011e-05
6.7000000000e+02	2.5633376299e-02	-3.2912146862e-02	8.7381377852e-05	3.7743804604e-05
6.7100000000e+02	2.5671120485e-02	-3.2999556393e-02	8.7437670459e-05	3.7744566798e-05
6.7200000000e+02	2.5708865432e-02	-3.3087022175e-02	8.7493880367e-05	3.7745325612e-05
6.7300000000e+02	2.5746611135e-02	-3.3174544126e-02	8.7550007818e-05	3.7746081067e-05
6.7400000000e+02	2.5784357593e-02	-3.3262122163e-02	8.7606053051e-05	3.7746833182e-05
6.7500000000e+02	2.5822104801e-02	-3.3349756205e-02	8.7662016305e-05	3.7747581977e-05
6.7600000000e+02	2.5859852756e-02	-3.3437446169e-02	8.7717897817e-05	3.7748327472e-05
6.7700000000e+02	2.5897601454e-02	-3.3525191973e-02	8.7773697826e-05	3.7749069685e-05
6.7800000000e+02	2.5935350894e-02	-3.3612993537e-02	8.7829416565e-05	3.7749808637e-05
6.7900000000e+02	2.5973101071e-02	-3.3700850780e-02	8.7885054271e-05	3.7750544345e-05
6.8000000000e+02	2.6010851982e-02	-3.3788763619e-02	8.7940611177e-05	3.7751276830e-05
6.8100000000e+02	2.6048603623e-02	-3.3876731975e-02	8.7996087516e-05	3.7752006109e-05
6.8200000000e+02	2.6086355993e-02	-3.3964755767e-02	8.8051483519e-05	3.7752732202e-05
6.8300000000e+02	2.6124109087e-02	-3.4052834915e-02	8.8106799417e-05	3.7753455126e-05
6.8400000000e+02	2.6161862902e-02	-3.4140969339e-02	8.8162035441e-05	3.7754174901e-05
6.8500000000e+02	2.6199617435e-02	-3.4229158960e-02	8.8217191818e-05	3.7754891545e-05
6.8600000000e+02	2.6237372684e-02	-3.4317403697e-02	8.8272268776e-05	3.7755605075e-05
6.8700000000e+02	2.6275128644e-02	-3.4405703471e-02	8.8327266543e-05	3.7756315509e-05
6.8800000000e+02	2.6312885314e-02	-3.4494058203e-02	8.8382185345e-05	3.7757022867e-05
6.8900000000e+02	2.6350642689e-02	-3.4582467815e-02	8.8437025406e-05	3.7757727164e-05
6.9000000000e+02	2.6388400767e-02	-3.4670932228e-02	8.8491786950e-05	3.7758428419e-05
6.9100000000e+02	2.6426159545e-02	-3.4759451363e-02	8.8546470200e-05	3.7759126650e-05
6.9200000000e+02	2.6463919020e-02	-3.4848025142e-02	8.8601075378e-05	3.7759821873e-05
6.9300000000e+02	2.6501679188e-02	-3.4936653488e-02	8.8655602707e-05	3.7760514105e-05
6.9400000000e+02	2.6539440047e-02	-3.5025336322e-02	8.8710052404e-05	3.7761203365e-05
6.9500000000e+02	2.6577201594e-02	-3.5114073567e-02	8.8764424691e-05	3.7761889669e-05
6.9600000000e+02	2.6614963825e-02	-3.5202865146e-02	8.8818719785e-05	3.7762573034e-05
6.9700000000e+02	2.6652726739e-02	-3.5291710981e-02	8.8872937904e-05	3.7763253476e-05
6.9800000000e+02	2.6690490331e-02	-3.5380610996e-02	8.8927079265e-05	3.7763931012e-05
6.9900000000e+02	2.6728254600e-02	-3.5469565114e-02	8.8981144082e-05	3.7764605658e-05
7.0000000000e+02	2.6766019541e-02	-3.5558573259e-02	8.9035132571e-05	3.7765277432e-05
7.0100000000e+02	2.6803785154e-02	-3.5647635354e-02	8.9089044946e-05	3.7765946349e-05
7.0200000000e+02	2.6841551433e-02	-3.5736751323e-02	8.9142881419e-05	3.7766612426e-05
7.0300000000e+02	2.6879318377e-02	-3.5825921091e-02	8.9196642203e-05	3.7767275677e-05
7.0400000000e+02	2.6917085984e-02	-3.5915144582e-02	8.9250327508e-05	3.7767936121e-05
7.0500000000e+02	2.6954854249e-02	-3.6004421721e-02	8.9303937546e-05	3.7768593771e-05
7.0600000000e+02	2.6992623170e-02	-3.6093752432e-02	8.9357472525e-05	3.7769248645e-05
7.0700000000e+02	2.7030392745e-02	-3.6183136641e-02	8.9410932654e-05	3.7769900756e-05
7.0800000000e+02	2.7068162971e-02	-3.6272574273e-02	8.9464318141e-05	3.7770550122e-05
7.0900000000e+02	2.7105933845e-02	-3.6362065253e-02	8.9517629192e-05	3.7771196757e-05
7.1000000000e+02	2.7143705363e-02	-3.6451609506e-02	8.9570866014e-05	3.7771840677e-05
7.1100000000e+02	2.7181477525e-02	-3.6541206960e-02	8.9624028812e-05	3.7772481897e-05
7.1200000000e+02	2.7219250326e-02	-3.6630857539e-02	8.9677117789e-05	3.7773120431e-05
7.1300000000e+02	2.7257023765e-02	-3.6720561171e-02	8.9730133150e-05	3.7773756295e-05
7.1400000000e+02	2.7294797838e-02	-3.6810317781e-02	8.9783075097e-05	3.7774389504e-05
7.1500000000e+02	2.7332572543e-02	-3.6900127297e-02	8.9835943832e-05	3.7775020072e-05
7.1600000000e+02	2.7370347877e-02	-3.6989989645e-02	8.9888739556e-05	3.7775648015e-05
7.1700000000e+02	2.7408123838e-02	-3.7079904752e-02	8.9941462469e-05	3.7776273345e-05
7.1800000000e+02	2.7445900423e-02	-3.7169872545e-02	8.9994112770e-05	3.7776896079e-05
7.1900000000e+02	2.7483677630e-02	-3.7259892953e-02	9.0046690657e-05	3.7777516230e-05
7.2000000000e+02	2.7521455455e-02	-3.7349965903e-02	9.0099196330e-05	3.7778133813e-05
7.2100000000e+02	2.7559233896e-02	-3.7440091322e-02	9.0151629983e-05	3.7778748841e-05
7.2200000000e+02	2.7597012952e-02	-3.7530269139e-02	9.0203991815e-05	3.7779361330e-05
7.2300000000e+02	2.7634792618e-02	-3.7620499282e-02	9.0256282019e-05	3.7779971292e-05
7.2400000000e+02	2.7672572893e-02	-3.7710781679e-02	9.0308500790e-05	3.7780578741e-05
7.2500000000e+02	2.7710353775e-02	-3.7801116259e-02	9.0360648323e-05	3.7781183692e-05
7.2600000000e+02	2.7748135260e-02	-3.7891502952e-02	9.0412724810e-05	3.7781786158e-05
7.2700000000e+02	2.7785917346e-02	-3.7981941685e-02	9.0464730442e-05	3.7782386152e-05
7.2800000000e+02	2.7823700031e-02	-3.8072432389e-02	9.0516665413e-05	3.7782983689e-05
7.2900000000e+02	2.7861483313e-02	-3.8162974993e-02	9.0568529912e-05	3.7783578781e-05
7.3000000000e+02	2.7899267188e-02	-3.8253569426e-02	9.0620324128e-05	3.7784171442e-05
7.3100000000e+02	2.7937051655e-02	-3.8344215618e-02	9.0672048252e-05	3.7784761684e-05
7.3200000000e+02	2.7974836711e-02	-3.8434913499e-02	9.0723702472e-05	3.7785349522e-05
7.3300000000e+02	2.8012622353e-02	-3.8525662999e-02	9.0775286975e-05	3.7785934968e-05
7.3400000000e+02	2.8050408580e-02	-3.8616464050e-02	9.0826801947e-05	3.7786518035e-05
7.3500000000e+02	2.8088195388e-02	-3.8707316580e-02	9.0878247576e-05	3.7787098736e-05
7.3600000000e+02	2.8125982777e-02	-3.8798220522e-02	9.0929624046e-05	3.7787677083e-05
7.3700000000e+02	2.8163770742e-02	-3.8889175805e-02	9.0980931543e-05	3.7788253090e-05
7.3800000000e+02	2.8201559282e-02	-3.8980182362e-02	9.1032170249e-05	3.7788826769e-05
7.3900000000e+02	2.8239348395e-02	-3.9071240123e-02	9.1083340348e-05	3.7789398132e-05
7.4000000000e+02	2.8277138077e-02	-3.9162349020e-02	9.1134442023e-05	3.7789967193e-05
7.4100000000e+02	2.8314928328e-02	-3.9253508984e-02	9.1185475455e-05	3.7790533962e-05
7.4200000000e+02	2.8352719145e-02	-3.9344719948e-02	9.1236440825e-05	3.7791098453e-05
7.4300000000e+02	2.8390510524e-02	-3.9435981843e-02	9.1287338314e-05	3.7791660678e-05
7.4400000000e+02	2.8428302465e-02	-3.9527294602e-02	9.1338168101e-05	3.7792220648e-05
7.4500000000e+02	2.8466094965e-02	-3.9618658157e-02	9.1388930365e-05	3.7792778377e-05
7.4600000000e+02	2.8503888021e-02	-3.9710072440e-02	9.1439625283e-05	3.7793333875e-05
7.4700000000e+02	2.8541681632e-02	-3.9801537385e-02	9.1490253035e-05	3.7793887154e-05
7.4800000000e+02	2.8579475795e-02	-3.9893052924e-02	9.1540813795e-05	3.7794438227e-05
7.4900000000e+02	2.8617270508e-02	-3.9984618990e-02	9.1591307741e-05	3.7794987106e-05
7.5000000000e+02	2.8655065768e-02	-4.0076235517e-02	9.1641735047e-05	3.7795533800e-05
7.5100000000e+02	2.8692861575e-02	-4.0167902438e-02	9.1692095889e-05	3.7796078324e-05
7.5200000000e+02	2.8730657924e-02	-4.0259619687e-02	9.1742390440e-05	3.7796620686e-05
7.5300000000e+02	2.8768454815e-02	-4.0351387197e-02	9.1792618874e-05	3.7797160900e-05
7.5400000000e+02	2.8806252245e-02	-4.0443204903e-02	9.1842781363e-05	3.7797698977e-05
7.5500000000e+02	2.8844050212e-02	-4.0535072738e-02	9.1892878080e-05	3.7798234927e-05
7.5600000000e+02	2.8881848714e-02	-4.0626990637e-02	9.1942909195e-05	3.7798768762e-05
7.5700000000e+02	2.8919647749e-02	-4.0718958534e-02	9.1992874879e-05	3.7799300493e-05
7.5800000000e+02	2.8957447315e-02	-4.0810976365e-02	9.2042775303e-05	3.7799830131e-05
7.5900000000e+02	2.8995247409e-02	-4.0903044063e-02	9.2092610635e-05	3.7800357687e-05
7.6000000000e+02	2.9033048029e-02	-4.0995161565e-02	9.2142381045e-05	3.7800883172e-05
7.6100000000e+02	2.9070849174e-02	-4.1087328804e-02	9.2192086700e-05	3.7801406597e-05
7.6200000000e+02	2.9108650842e-02	-4.1179545717e-02	9.2241727767e-05	3.7801927972e-05
7.6300000000e+02	2.9146453030e-02	-4.1271812238e-02	9.2291304414e-05	3.7802447308e-05
7.6400000000e+02	2.9184255736e-02	-4.1364128304e-02	9.2340816806e-05	3.7802964616e-05
7.6500000000e+02	2.9222058958e-02	-4.1456493850e-02	9.2390265109e-05	3.7803479906e-05
7.6600000000e+02	2.9259862695e-02	-4.1548908813e-02	9.2439649488e-05	3.7803993189e-05
7.6700000000e+02	2.9297666944e-02	-4.1641373128e-02	9.2488970107e-05	3.7804504475e-05
7.6800000000e+02	2.9335471703e-02	-4.1733886732e-02	9.2538227129e-05	3.7805013774e-05
7.6900000000e+02	2.9373276971e-02	-4.1826449561e-02	9.2587420718e-05	3.7805521097e-05
7.7000000000e+02	2.9411082745e-02	-4.1919061552e-02	9.2636551035e-05	3.7806026454e-05
7.7100000000e+02	2.9448889023e-02	-4.2011722642e-02	9.2685618243e-05	3.7806529855e-05
7.7200000000e+02	2.9486695804e-02	-4.2104432768e-02	9.2734622502e-05	3.7807031310e-05
7.7300000000e+02	2.9524503085e-02	-4.2197191866e-02	9.2783563973e-05	3.7807530829e-05
7.7400000000e+02	2.9562310865e-02	-4.2289999875e-02	9.2832442816e-05	3.7808028422e-05
7.7500000000e+02	2.9600119141e-02	-4.2382856731e-02	9.2881259190e-05	3.7808524100e-05
7.7600000000e+02	2.9637927912e-02	-4.2475762372e-02	9.2930013254e-05	3.7809017870e-05
7.7700000000e+02	2.9675737176e-02	-4.2568716737e-02	9.2978705165e-05	3.7809509745e-05
7.7800000000e+02	2.9713546931e-02	-4.2661719762e-02	9.3027335081e-05	3.7809999732e-05
7.7900000000e+02	2.9751357175e-02	-4.2754771386e-02	9.3075903160e-05	3.7810487843e-05
7.8000000000e+02	2.9789167906e-02	-4.2847871548e-02	9.3124409557e-05	3.7810974085e-05
7.8100000000e+02	2.9826979123e-02	-4.2941020185e-02	9.3172854427e-05	3.7811458470e-05
7.8200000000e+02	2.9864790823e-02	-4.3034217236e-02	9.3221237927e-05	3.7811941006e-05
7.8300000000e+02	2.9902603004e-02	-4.3127462640e-02	9.3269560210e-05	3.7812421703e-05
7.8400000000e+02	2.9940415666e-02	-4.3220756336e-02	9.3317821431e-05	3.7812900569e-05
7.8500000000e+02	2.9978228805e-02	-4.3314098263e-02	9.3366021742e-05	3.7813377615e-05
7.8600000000e+02	3.0016042420e-02	-4.3407488359e-02	9.3414161297e-05	3.7813852850e-05
7.8700000000e+02	3.0053856510e-02	-4.3500926565e-02	9.3462240248e-05	3.7814326282e-05
7.8800000000e+02	3.0091671072e-02	-4.3594412820e-02	9.3510258746e-05	3.7814797921e-05
7.8900000000e+02	3.0129486105e-02	-4.3687947063e-02	9.3558216943e-05	3.7815267775e-05
7.9000000000e+02	3.0167301607e-02	-4.3781529234e-02	9.3606114988e-05	3.7815735855e-05
7.9100000000e+02	3.0205117576e-02	-4.3875159273e-02	9.3653953033e-05	3.7816202168e-05
7.9200000000e+02	3.0242934011e-02	-4.3968837120e-02	9.3701731225e-05	3.7816666724e-05
7.9300000000e+02	3.0280750909e-02	-4.4062562715e-02	9.3749449715e-05	3.7817129531e-05
7.9400000000e+02	3.0318568269e-02	-4.4156335999e-02	9.3797108651e-05	3.7817590598e-05
7.9500000000e+02	3.0356386090e-02	-4.4250156913e-02	9.3844708179e-05	3.7818049934e-05
7.9600000000e+02	3.0394204369e-02	-4.4344025396e-02	9.3892248448e-05	3.7818507547e-05
7.9700000000e+02	3.0432023104e-02	-4.4437941390e-02	9.3939729604e-05	3.7818963447e-05
7.9800000000e+02	3.0469842295e-02	-4.4531904836e-02	9.3987151793e-05	3.7819417641e-05
7.9900000000e+02	3.0507661939e-02	-4.4625915674e-02	9.4034515160e-05	3.7819870138e-05
8.0000000000e+02	3.0545482035e-02	-4.4719973846e-02	9.4081819851e-05	3.7820320947e-05
8.0100000000e+02	3.0583302580e-02	-4.4814079294e-02	9.4129066010e-05	3.7820770075e-05
8.0200000000e+02	3.0621123574e-02	-4.4908231959e-02	9.4176253782e-05	3.7821217532e-05
8.0300000000e+02	3.0658945015e-02	-4.5002431782e-02	9.4223383309e-05	3.7821663325e-05
8.0400000000e+02	3.0696766900e-02	-4.5096678706e-02	9.4270454734e-05	3.7822107463e-05
8.0500000000e+02	3.0734589229e-02	-4.5190972672e-02	9.4317468201e-05	3.7822549954e-05
8.0600000000e+02	3.0772412000e-02	-4.5285313623e-02	9.4364423850e-05	3.7822990806e-05
8.0700000000e+02	3.0810235210e-02	-4.5379701501e-02	9.4411321823e-05	3.7823430027e-05
8.0800000000e+02	3.0848058859e-02	-4.5474136248e-02	9.4458162261e-05	3.7823867626e-05
8.0900000000e+02	3.0885882945e-02	-4.5568617806e-02	9.4504945304e-05	3.7824303609e-05
8.1000000000e+02	3.0923707466e-02	-4.5663146119e-02	9.4551671093e-05	3.7824737985e-05
8.1100000000e+02	3.0961532420e-02	-4.5757721129e-02	9.4598339765e-05	3.7825170763e-05
8.1200000000e+02	3.0999357807e-02	-4.5852342780e-02	9.4644951461e-05	3.7825601949e-05
8.1300000000e+02	3.1037183624e-02	-4.5947011013e-02	9.4691506319e-05	3.7826031551e-05
8.1400000000e+02	3.1075009869e-02	-4.6041725773e-02	9.4738004475e-05	3.7826459578e-05
8.1500000000e+02	3.1112836542e-02	-4.6136487003e-02	9.4784446069e-05	3.7826886037e-05
8.1600000000e+02	3.1150663641e-02	-4.6231294647e-02	9.4830831235e-05	3.7827310935e-05
8.1700000000e+02	3.1188491164e-02	-4.6326148647e-02	9.4877160111e-05	3.7827734281e-05
8.1800000000e+02	3.1226319109e-02	-4.6421048948e-02	9.4923432833e-05	3.7828156081e-05
8.1900000000e+02	3.1264147475e-02	-4.6515995494e-02	9.4969649535e-05	3.7828576344e-05
8.2000000000e+02	3.1301976261e-02	-4.6610988229e-02	9.5015810354e-05	3.7828995076e-05
8.2100000000e+02	3.1339805465e-02	-4.6706027096e-02	9.5061915422e-05	3.7829412285e-05
8.2200000000e+02	3.1377635085e-02	-4.6801112041e-02	9.5107964874e-05	3.7829827979e-05
8.2300000000e+02	3.1415465120e-02	-4.6896243008e-02	9.5153958843e-05	3.7830242165e-05
8.2400000000e+02	3.1453295569e-02	-4.6991419940e-02	9.5199897463e-05	3.7830654850e-05
8.2500000000e+02	3.1491126430e-02	-4.7086642784e-02	9.5245780865e-05	3.7831066041e-05
8.2600000000e+02	3.1528957701e-02	-4.7181911484e-02	9.5291609182e-05	3.7831475745e-05
8.2700000000e+02	3.1566789381e-02	-4.7277225984e-02	9.5337382545e-05	3.7831883971e-05
8.2800000000e+02	3.1604621468e-02	-4.7372586230e-02	9.5383101085e-05	3.7832290724e-05
8.2900000000e+02	3.1642453962e-02	-4.7467992168e-02	9.5428764933e-05	3.7832696011e-05
8.3000000000e+02	3.1680286860e-02	-4.7563443742e-02	9.5474374219e-05	3.7833099841e-05
8.3100000000e+02	3.1718120161e-02	-4.7658940898e-02	9.5519929072e-05	3.7833502220e-05
8.3200000000e+02	3.1755953864e-02	-4.7754483582e-02	9.5565429622e-05	3.7833903154e-05
8.3300000000e+02	3.1793787967e-02	-4.7850071740e-02	9.5610875998e-05	3.7834302651e-05
8.3400000000e+02	3.1831622468e-02	-4.7945705316e-02	9.5656268327e-05	3.7834700718e-05
8.3500000000e+02	3.1869457368e-02	-4.8041384258e-02	9.5701606738e-05	3.7835097361e-05
8.3600000000e+02	3.1907292663e-02	-4.8137108512e-02	9.5746891357e-05	3.7835492587e-05
8.3700000000e+02	3.1945128352e-02	-4.8232878023e-02	9.5792122312e-05	3.7835886402e-05
8.3800000000e+02	3.1982964435e-02	-4.8328692739e-02	9.5837299730e-05	3.7836278815e-05
8.3900000000e+02	3.2020800909e-02	-4.8424552605e-02	9.5882423736e-05	3.7836669830e-05
8.4000000000e+02	3.2058637774e-02	-4.8520457568e-02	9.5927494455e-05	3.7837059456e-05
8.4100000000e+02	3.2096475028e-02	-4.8616407576e-02	9.5972512014e-05	3.7837447698e-05
8.4200000000e+02	3.2134312669e-02	-4.8712402575e-02	9.6017476537e-05	3.7837834562e-05
8.4300000000e+02	3.2172150697e-02	-4.8808442511e-02	9.6062388147e-05	3.7838220056e-05
8.4400000000e+02	3.2209989109e-02	-4.8904527333e-02	9.6107246969e-05	3.7838604186e-05
8.4500000000e+02	3.2247827905e-02	-4.9000656988e-02	9.6152053127e-05	3.7838986959e-05
8.4600000000e+02	3.2285667082e-02	-4.9096831422e-02	9.6196806743e-05	3.7839368380e-05
8.4700000000e+02	3.2323506641e-02	-4.9193050584e-02	9.6241507939e-05	3.7839748456e-05
8.4800000000e+02	3.2361346579e-02	-4.9289314420e-02	9.6286156839e-05	3.7840127193e-05
8.4900000000e+02	3.2399186895e-02	-4.9385622880e-02	9.6330753563e-05	3.7840504598e-05
8.5000000000e+02	3.2437027588e-02	-4.9481975910e-02	9.6375298233e-05	3.7840880677e-05
8.5100000000e+02	3.2474868656e-02	-4.9578373459e-02	9.6419790969e-05	3.7841255436e-05
8.5200000000e+02	3.2512710098e-02	-4.9674815475e-02	9.6464231893e-05	3.7841628881e-05
8.5300000000e+02	3.2550551913e-02	-4.9771301906e-02	9.6508621124e-05	3.7842001019e-05
8.5400000000e+02	3.2588394100e-02	-4.9867832700e-02	9.6552958782e-05	3.7842371855e-05
8.5500000000e+02	3.2626236656e-02	-4.9964407806e-02	9.6597244985e-05	3.7842741395e-05
8.5600000000e+02	3.2664079582e-02	-5.0061027173e-02	9.6641479854e-05	3.7843109646e-05
8.5700000000e+02	3.2701922875e-02	-5.0157690749e-02	9.6685663505e-05	3.7843476614e-05
8.5800000000e+02	3.2739766535e-02	-5.0254398483e-02	9.6729796058e-05	3.7843842303e-05
8.5900000000e+02	3.2777610559e-02	-5.0351150324e-02	9.6773877629e-05	3.7844206722e-05
8.6000000000e+02	3.2815454948e-02	-5.0447946221e-02	9.6817908336e-05	3.7844569874e-05
8.6100000000e+02	3.2853299699e-02	-5.0544786124e-02	9.6861888295e-05	3.7844931767e-05
8.6200000000e+02	3.2891144811e-02	-5.0641669981e-02	9.6905817624e-05	3.7845292405e-05
8.6300000000e+02	3.2928990283e-02	-5.0738597742e-02	9.6949696437e-05	3.7845651796e-05
8.6400000000e+02	3.2966836114e-02	-5.0835569357e-02	9.6993524851e-05	3.7846009944e-05
8.6500000000e+02	3.3004682303e-02	-5.0932584775e-02	9.7037302980e-05	3.7846366854e-05
8.6600000000e+02	3.3042528847e-02	-5.1029643946e-02	9.7081030939e-05	3.7846722534e-05
8.6700000000e+02	3.3080375747e-02	-5.1126746820e-02	9.7124708844e-05	3.7847076988e-05
8.6800000000e+02	3.3118223001e-02	-5.1223893347e-02	9.7168336807e-05	3.7847430223e-05
8.6900000000e+02	3.3156070607e-02	-5.1321083477e-02	9.7211914942e-05	3.7847782243e-05
8.7000000000e+02	3.3193918565e-02	-5.1418317160e-02	9.7255443363e-05	3.7848133054e-05
8.7100000000e+02	3.3231766873e-02	-5.1515594347e-02	9.7298922182e-05	3.7848482662e-05
8.7200000000e+02	3.3269615530e-02	-5.1612914988e-02	9.7342351512e-05	3.7848831073e-05
8.7300000000e+02	3.3307464535e-02	-5.1710279034e-02	9.7385731465e-05	3.7849178291e-05
8.7400000000e+02	3.3345313886e-02	-5.1807686435e-02	9.7429062152e-05	3.7849524322e-05
8.7500000000e+02	3.3383163583e-02	-5.1905137142e-02	9.7472343686e-05	3.7849869172e-05
8.7600000000e+02	3.3421013624e-02	-5.2002631106e-02	9.7515576176e-05	3.7850212846e-05
8.7700000000e+02	3.3458864008e-02	-5.2100168278e-02	9.7558759733e-05	3.7850555349e-05
8.7800000000e+02	3.3496714734e-02	-5.2197748609e-02	9.7601894469e-05	3.7850896687e-05
8.7900000000e+02	3.3534565801e-02	-5.2295372051e-02	9.7644980491e-05	3.7851236864e-05
8.8000000000e+02	3.3572417208e-02	-5.2393038554e-02	9.7688017911e-05	3.7851575887e-05
8.8100000000e+02	3.3610268953e-02	-5.2490748070e-02	9.7731006836e-05	3.7851913760e-05
8.8200000000e+02	3.3648121035e-02	-5.2588500551e-02	9.7773947377e-05	3.7852250488e-05
8.8300000000e+02	3.3685973453e-02	-5.2686295949e-02	9.7816839640e-05	3.7852586078e-05
8.8400000000e+02	3.3723826207e-02	-5.2784134215e-02	9.7859683734e-05	3.7852920532e-05
8.8500000000e+02	3.3761679294e-02	-5.2882015300e-02	9.7902479768e-05	3.7853253858e-05
8.8600000000e+02	3.3799532714e-02	-5.2979939158e-02	9.7945227847e-05	3.7853586060e-05
8.8700000000e+02	3.3837386466e-02	-5.3077905740e-02	9.7987928079e-05	3.7853917143e-05
8.8800000000e+02	3.3875240548e-02	-5.3175914998e-02	9.8030580570e-05	3.7854247111e-05
8.8900000000e+02	3.3913094960e-02	-5.3273966885e-02	9.8073185427e-05	3.7854575971e-05
8.9000000000e+02	3.3950949699e-02	-5.3372061353e-02	9.8115742756e-05	3.7854903727e-05
8.9100000000e+02	3.3988804767e-02	-5.3470198355e-02	9.8158252662e-05	3.7855230384e-05
8.9200000000e+02	3.4026660160e-02	-5.3568377843e-02	9.8200715250e-05	3.7855555946e-05
8.9300000000e+02	3.4064515878e-02	-5.3666599770e-02	9.8243130625e-05	3.7855880419e-05
8.9400000000e+02	3.4102371920e-02	-5.3764864089e-02	9.8285498891e-05	3.7856203808e-05
8.9500000000e+02	3.4140228285e-02	-5.3863170752e-02	9.8327820153e-05	3.7856526117e-05
8.9600000000e+02	3.4178084972e-02	-5.3961519713e-02	9.8370094515e-05	3.7856847351e-05
8.9700000000e+02	3.4215941980e-02	-5.4059910925e-02	9.8412322079e-05	3.7857167515e-05
8.9800000000e+02	3.4253799307e-02	-5.4158344342e-02	9.8454502950e-05	3.7857486614e-05
8.9900000000e+02	3.4291656953e-02	-5.4256819916e-02	9.8496637228e-05	3.7857804652e-05
9.0000000000e+02	3.4329514916e-02	-5.4355337601e-02	9.8538725018e-05	3.7858121635e-05
9.0100000000e+02	3.4367373196e-02	-5.4453897350e-02	9.8580766422e-05	3.7858437566e-05
9.0200000000e+02	3.4405231791e-02	-5.4552499118e-02	9.8622761540e-05	3.7858752450e-05
9.0300000000e+02	3.4443090700e-02	-5.4651142858e-02	9.8664710474e-05	3.7859066292e-05
9.0400000000e+02	3.4480949923e-02	-5.4749828524e-02	9.8706613326e-05	3.7859379097e-05
9.0500000000e+02	3.4518809458e-02	-5.4848556069e-02	9.8748470196e-05	3.7859690869e-05
9.0600000000e+02	3.4556669304e-02	-5.4947325449e-02	9.8790281184e-05	3.7860001613e-05
9.0700000000e+02	3.4594529461e-02	-5.5046136616e-02	9.8832046392e-05	3.7860311333e-05
9.0800000000e+02	3.4632389927e-02	-5.5144989526e-02	9.8873765917e-05	3.7860620034e-05
9.0900000000e+02	3.4670250701e-02	-5.5243884133e-02	9.8915439861e-05	3.7860927720e-05
9.1000000000e+02	3.4708111782e-02	-5.5342820391e-02	9.8957068322e-05	3.7861234395e-05
9.1100000000e+02	3.4745973169e-02	-5.5441798255e-02	9.8998651398e-05	3.7861540065e-05
9.1200000000e+02	3.4783834861e-02	-5.5540817679e-02	9.9040189189e-05	3.7861844732e-05
9.1300000000e+02	3.4821696858e-02	-5.5639878618e-02	9.9081681792e-05	3.7862148403e-05
9.1400000000e+02	3.4859559158e-02	-5.5738981027e-02	9.9123129305e-05	3.7862451081e-05
9.1500000000e+02	3.4897421760e-02	-5.5838124862e-02	9.9164531827e-05	3.7862752770e-05
9.1600000000e+02	3.4935284663e-02	-5.5937310076e-02	9.9205889453e-05	3.7863053475e-05
9.1700000000e+02	3.4973147867e-02	-5.6036536626e-02	9.9247202281e-05	3.7863353200e-05
9.1800000000e+02	3.5011011369e-02	-5.6135804466e-02	9.9288470408e-05	3.7863651949e-05
9.1900000000e+02	3.5048875170e-02	-5.6235113551e-02	9.9329693930e-05	3.7863949726e-05
9.2000000000e+02	3.5086739268e-02	-5.6334463839e-02	9.9370872942e-05	3.7864246537e-05
9.2100000000e+02	3.5124603663e-02	-5.6433855283e-02	9.9412007541e-05	3.7864542384e-05
9.2200000000e+02	3.5162468353e-02	-5.6533287839e-02	9.9453097822e-05	3.7864837272e-05
9.2300000000e+02	3.5200333337e-02	-5.6632761463e-02	9.9494143879e-05	3.7865131205e-05
9.2400000000e+02	3.5238198615e-02	-5.6732276112e-02	9.9535145808e-05	3.7865424188e-05
9.2500000000e+02	3.5276064185e-02	-5.6831831740e-02	9.9576103703e-05	3.7865716224e-05
9.2600000000e+02	3.5313930047e-02	-5.6931428305e-02	9.9617017658e-05	3.7866007317e-05
9.2700000000e+02	3.5351796200e-02	-5.7031065761e-02	9.9657887768e-05	3.7866297472e-05
9.2800000000e+02	3.5389662642e-02	-5.7130744066e-02	9.9698714124e-05	3.7866586692e-05
9.2900000000e+02	3.5427529373e-02	-5.7230463175e-02	9.9739496822e-05	3.7866874982e-05
9.3000000000e+02	3.5465396391e-02	-5.7330223045e-02	9.9780235953e-05	3.7867162346e-05
9.3100000000e+02	3.5503263697e-02	-5.7430023632e-02	9.9820931610e-05	3.7867448787e-05
9.3200000000e+02	3.5541131289e-02	-5.7529864894e-02	9.9861583886e-05	3.7867734309e-05
9.3300000000e+02	3.5578999165e-02	-5.7629746786e-02	9.9902192873e-05	3.7868018916e-05
9.3400000000e+02	3.5616867326e-02	-5.7729669265e-02	9.9942758663e-05	3.7868302613e-05
9.3500000000e+02	3.5654735770e-02	-5.7829632288e-02	9.9983281346e-05	3.7868585403e-05
9.3600000000e+02	3.5692604497e-02	-5.7929635813e-02	1.0002376101e-04	3.7868867290e-05
9.3700000000e+02	3.5730473505e-02	-5.8029679796e-02	1.0006419776e-04	3.7869148278e-05
9.3800000000e+02	3.5768342793e-02	-5.8129764194e-02	1.0010459167e-04	3.7869428370e-05
9.3900000000e+02	3.5806212361e-02	-5.8229888965e-02	1.0014494284e-04	3.7869707571e-05
9.4000000000e+02	3.5844082208e-02	-5.8330054066e-02	1.0018525135e-04	3.7869985884e-05
9.4100000000e+02	3.5881952332e-02	-5.8430259454e-02	1.0022551731e-04	3.7870263313e-05
9.4200000000e+02	3.5919822734e-02	-5.8530505086e-02	1.0026574079e-04	3.7870539861e-05
9.4300000000e+02	3.5957693412e-02	-5.8630790921e-02	1.0030592188e-04	3.7870815533e-05
9.4400000000e+02	3.5995564365e-02	-5.8731116916e-02	1.0034606068e-04	3.7871090332e-05
9.4500000000e+02	3.6033435592e-02	-5.8831483029e-02	1.0038615727e-04	3.7871364262e-05
9.4600000000e+02	3.6071307093e-02	-5.8931889217e-02	1.0042621174e-04	3.7871637326e-05
9.4700000000e+02	3.6109178867e-02	-5.9032335438e-02	1.0046622419e-04	3.7871909529e-05
9.4800000000e+02	3.6147050912e-02	-5.9132821651e-02	1.0050619469e-04	3.7872180873e-05
9.4900000000e+02	3.6184923228e-02	-5.9233347813e-02	1.0054612333e-04	3.7872451362e-05
9.5000000000e+02	3.6222795814e-02	-5.9333913884e-02	1.0058601021e-04	3.7872721001e-05
9.5100000000e+02	3.6260668670e-02	-5.9434519820e-02	1.0062585540e-04	3.7872989791e-05
9.5200000000e+02	3.6298541794e-02	-5.9535165581e-02	1.0066565901e-04	3.7873257738e-05
9.5300000000e+02	3.6336415185e-02	-5.9635851124e-02	1.0070542110e-04	3.7873524844e-05
9.5400000000e+02	3.6374288843e-02	-5.9736576409e-02	1.0074514177e-04	3.7873791114e-05
9.5500000000e+02	3.6412162767e-02	-5.9837341394e-02	1.0078482111e-04	3.7874056549e-05
9.5600000000e+02	3.6450036956e-02	-5.9938146038e-02	1.0082445920e-04	3.7874321155e-05
9.5700000000e+02	3.6487911409e-02	-6.0038990299e-02	1.0086405612e-04	3.7874584934e-05
9.5800000000e+02	3.6525786125e-02	-6.0139874136e-02	1.0090361196e-04	3.7874847891e-05
9.5900000000e+02	3.6563661104e-02	-6.0240797509e-02	1.0094312681e-04	3.7875110027e-05
9.6000000000e+02	3.6601536345e-02	-6.0341760376e-02	1.0098260075e-04	3.7875371347e-05
9.6100000000e+02	3.6639411847e-02	-6.0442762697e-02	1.0102203386e-04	3.7875631854e-05
9.6200000000e+02	3.6677287609e-02	-6.0543804430e-02	1.0106142624e-04	3.7875891552e-05
9.6300000000e+02	3.6715163630e-02	-6.0644885536e-02	1.0110077795e-04	3.7876150444e-05
9.6400000000e+02	3.6753039909e-02	-6.0746005973e-02	1.0114008909e-04	3.7876408532e-05
9.6500000000e+02	3.6790916447e-02	-6.0847165700e-02	1.0117935974e-04	3.7876665821e-05
9.6600000000e+02	3.6828793241e-02	-6.0948364679e-02	1.0121858998e-04	3.7876922314e-05
9.6700000000e+02	3.6866670291e-02	-6.1049602867e-02	1.0125777989e-04	3.7877178014e-05
9.6800000000e+02	3.6904547596e-02	-6.1150880225e-02	1.0129692957e-04	3.7877432924e-05
9.6900000000e+02	3.6942425156e-02	-6.1252196713e-02	1.0133603908e-04	3.7877687048e-05
9.7000000000e+02	3.6980302970e-02	-6.1353552290e-02	1.0137510852e-04	3.7877940388e-05
9.7100000000e+02	3.7018181037e-02	-6.1454946916e-02	1.0141413795e-04	3.7878192948e-05
9.7200000000e+02	3.7056059356e-02	-6.1556380552e-02	1.0145312748e-04	3.7878444732e-05
9.7300000000e+02	3.7093937926e-02	-6.1657853158e-02	1.0149207717e-04	3.7878695742e-05
9.7400000000e+02	3.7131816747e-02	-6.1759364693e-02	1.0153098711e-04	3.7878945981e-05
9.7500000000e+02	3.7169695818e-02	-6.1860915119e-02	1.0156985737e-04	3.7879195454e-05
9.7600000000e+02	3.7207575138e-02	-6.1962504395e-02	1.0160868805e-04	3.7879444161e-05
9.7700000000e+02	3.7245454706e-02	-6.2064132482e-02	1.0164747921e-04	3.7879692108e-05
9.7800000000e+02	3.7283334522e-02	-6.2165799340e-02	1.0168623094e-04	3.7879939297e-05
9.7900000000e+02	3.7321214584e-02	-6.2267504931e-02	1.0172494332e-04	3.7880185731e-05
9.8000000000e+02	3.7359094893e-02	-6.2369249214e-02	1.0176361644e-04	3.7880431413e-05
9.8100000000e+02	3.7396975447e-02	-6.2471032150e-02	1.0180225035e-04	3.7880676346e-05
9.8200000000e+02	3.7434856245e-02	-6.2572853701e-02	1.0184084516e-04	3.7880920534e-05
9.8300000000e+02	3.7472737288e-02	-6.2674713828e-02	1.0187940093e-04	3.7881163979e-05
9.8400000000e+02	3.7510618573e-02	-6.2776612490e-02	1.0191791775e-04	3.7881406684e-05
9.8500000000e+02	3.7548500101e-02	-6.2878549650e-02	1.0195639569e-04	3.7881648652e-05
9.8600000000e+02	3.7586381870e-02	-6.2980525269e-02	1.0199483483e-04	3.7881889887e-05
9.8700000000e+02	3.7624263880e-02	-6.3082539307e-02	1.0203323525e-04	3.7882130391e-05
9.8800000000e+02	3.7662146131e-02	-6.3184591726e-02	1.0207159702e-04	3.7882370167e-05
9.8900000000e+02	3.7700028620e-02	-6.3286682488e-02	1.0210992023e-04	3.7882609218e-05
9.9000000000e+02	3.7737911349e-02	-6.3388811554e-02	1.0214820495e-04	3.7882847547e-05
9.9100000000e+02	3.7775794315e-02	-6.3490978885e-02	1.0218645126e-04	3.7883085157e-05
9.9200000000e+02	3.7813677519e-02	-6.3593184444e-02	1.0222465924e-04	3.7883322051e-05
9.9300000000e+02	3.7851560959e-02	-6.3695428191e-02	1.0226282895e-04	3.7883558232e-05
9.9400000000e+02	3.7889444635e-02	-6.3797710089e-02	1.0230096049e-04	3.7883793702e-05
9.9500000000e+02	3.7927328546e-02	-6.3900030099e-02	1.0233905392e-04	3.7884028464e-05
9.9600000000e+02	3.7965212692e-02	-6.4002388184e-02	1.0237710931e-04	3.7884262522e-05
9.9700000000e+02	3.8003097071e-02	-6.4104784305e-02	1.0241512676e-04	3.7884495877e-05
9.9800000000e+02	3.8040981683e-02	-6.4207218425e-02	1.0245310632e-04	3.7884728534e-05
9.9900000000e+02	3.8078866528e-02	-6.4309690505e-02	1.0249104808e-04	3.7884960494e-05
