# total modes from dos = 5.9999398542e+00
# ZPE = 4.1190255822e-03 Ry/cell
# Multiply by 13.6058 to have energies in eV/cell etc..
# Multiply by 13.6058 x 23060.35 = 313 754.5 to have energies in cal/(N mol).
# Multiply by 13.6058 x 96526.0 = 1 313 313 to have energies in J/(N mol).
# N is the number of formula units per cell.
#
# T (K) 	Evib (Ry/cell)	Fvib (Ry/cell)	Svib (Ry/cell/K)	Cvib (Ry/cell/K)
1.0000000000e+00	4.1190256000e-03	4.1190255019e-03	9.8148849267e-11	5.2613647136e-11
2.0000000000e+00	4.1190257596e-03	4.1190253625e-03	1.9859401446e-10	3.2014271316e-10
3.0000000000e+00	4.1190263829e-03	4.1190250571e-03	4.4195910878e-10	1.0156026812e-09
4.0000000000e+00	4.1190280052e-03	4.1190244072e-03	8.9950019095e-10	2.3540656279e-09
5.0000000000e+00	4.1190313780e-03	4.1190231627e-03	1.6430603031e-09	4.5535931811e-09
6.0000000000e+00	4.1190374738e-03	4.1190210015e-03	2.7453857506e-09	7.8377377006e-09
7.0000000000e+00	4.1190474926e-03	4.1190175276e-03	4.2807120345e-09	1.2439824348e-08
8.0000000000e+00	4.1190628760e-03	4.1190122702e-03	6.3257329120e-09	1.8610860259e-08
9.0000000000e+00	4.1190853318e-03	4.1190046794e-03	8.9613750161e-09	2.6636294695e-08
1.0000000000e+01	4.1191168830e-03	4.1189941212e-03	1.2276184088e-08	3.6868800294e-08
1.1000000000e+01	4.1191599599e-03	4.1189798669e-03	1.6372091139e-08	4.9778816599e-08
1.2000000000e+01	4.1192175463e-03	4.1189610758e-03	2.1372535537e-08	6.6013273481e-08
1.3000000000e+01	4.1192933827e-03	4.1189367693e-03	2.7431799071e-08	8.6445009181e-08
1.4000000000e+01	4.1193922069e-03	4.1189057952e-03	3.4743692392e-08	1.1219675688e-07
1.5000000000e+01	4.1195200018e-03	4.1188667851e-03	4.3547778452e-08	1.4463186007e-07
1.6000000000e+01	4.1196842179e-03	4.1188181068e-03	5.4131942007e-08	1.8531332477e-07
1.7000000000e+01	4.1198939426e-03	4.1187578167e-03	6.6830935190e-08	2.3593936848e-07
1.8000000000e+01	4.1201599972e-03	4.1186836149e-03	8.2021236711e-08	2.9826623403e-07
1.9000000000e+01	4.1204949547e-03	4.1185928074e-03	1.0011301562e-07	3.7402855744e-07
2.0000000000e+01	4.1209130809e-03	4.1184822772e-03	1.2154018410e-07	4.6486540750e-07
2.1000000000e+01	4.1214302062e-03	4.1183484663e-03	1.4674951857e-07	5.7225741121e-07
2.2000000000e+01	4.1220635412e-03	4.1181873678e-03	1.7618970154e-07	6.9747785275e-07
2.3000000000e+01	4.1228314516e-03	4.1179945297e-03	2.1030095267e-07	8.4155860878e-07
2.4000000000e+01	4.1237532051e-03	4.1177650678e-03	2.4950572234e-07	1.0052703360e-06
2.5000000000e+01	4.1248487063e-03	4.1174936878e-03	2.9420074145e-07	1.1891154060e-06
2.6000000000e+01	4.1261382291e-03	4.1171747143e-03	3.4475057044e-07	1.3933315869e-06
2.7000000000e+01	4.1276421576e-03	4.1168021254e-03	4.0148267298e-07	1.6179042881e-06
2.8000000000e+01	4.1293807428e-03	4.1163695920e-03	4.6468395391e-07	1.8625852209e-06
2.9000000000e+01	4.1313738799e-03	4.1158705192e-03	5.3459864292e-07	2.1269154976e-06
3.0000000000e+01	4.1336409107e-03	4.1152980896e-03	6.1142737098e-07	2.4102514418e-06
3.1000000000e+01	4.1362004523e-03	4.1146453070e-03	6.9532726909e-07	2.7117916613e-06
3.2000000000e+01	4.1390702526e-03	4.1139050394e-03	7.8641291552e-07	3.0306042192e-06
3.3000000000e+01	4.1422670737e-03	4.1130700609e-03	8.8475796357e-07	3.3656530067e-06
3.4000000000e+01	4.1458065996e-03	4.1121330916e-03	9.9039729346e-07	3.7158226582e-06
3.5000000000e+01	4.1497033691e-03	4.1110868350e-03	1.1033295482e-06	4.0799415566e-06
3.6000000000e+01	4.1539707303e-03	4.1099240128e-03	1.2235199301e-06	4.4568026498e-06
3.7000000000e+01	4.1586208138e-03	4.1086373972e-03	1.3509031532e-06	4.8451819342e-06
3.8000000000e+01	4.1636645251e-03	4.1072198395e-03	1.4853864631e-06	5.2438545749e-06
3.9000000000e+01	4.1691115499e-03	4.1056642964e-03	1.6268526538e-06	5.6516087088e-06
4.0000000000e+01	4.1749703735e-03	4.1039638526e-03	1.7751630235e-06	6.0672570393e-06
4.1000000000e+01	4.1812483105e-03	4.1021117412e-03	1.9301602264e-06	6.4896463701e-06
4.2000000000e+01	4.1879515423e-03	4.1001013608e-03	2.0916709870e-06	6.9176652510e-06
4.3000000000e+01	4.1950851623e-03	4.0979262902e-03	2.2595086557e-06	7.3502499215e-06
4.4000000000e+01	4.2026532262e-03	4.0955803003e-03	2.4334755885e-06	7.7863887417e-06
4.5000000000e+01	4.2106588051e-03	4.0930573646e-03	2.6133653440e-06	8.2251252975e-06
4.6000000000e+01	4.2191040423e-03	4.0903516664e-03	2.7989646946e-06	8.6655603588e-06
4.7000000000e+01	4.2279902110e-03	4.0874576047e-03	2.9900554523e-06	9.1068528583e-06
4.8000000000e+01	4.2373177723e-03	4.0843697988e-03	3.1864161142e-06	9.5482200456e-06
4.9000000000e+01	4.2470864337e-03	4.0810830903e-03	3.3878233343e-06	9.9889369579e-06
5.0000000000e+01	4.2572952061e-03	4.0775925446e-03	3.5940532298e-06	1.0428335331e-05
5.1000000000e+01	4.2679424599e-03	4.0738934507e-03	3.8048825323e-06	1.0865802066e-05
5.2000000000e+01	4.2790259792e-03	4.0699813203e-03	4.0200895935e-06	1.1300777345e-05
5.3000000000e+01	4.2905430140e-03	4.0658518854e-03	4.2394552566e-06	1.1732752482e-05
5.4000000000e+01	4.3024903303e-03	4.0615010956e-03	4.4627636049e-06	1.2161267590e-05
5.5000000000e+01	4.3148642575e-03	4.0569251147e-03	4.6898025965e-06	1.2585909109e-05
5.6000000000e+01	4.3276607336e-03	4.0521203161e-03	4.9203645972e-06	1.3006307262e-05
5.7000000000e+01	4.3408753476e-03	4.0470832788e-03	5.1542468211e-06	1.3422133484e-05
5.8000000000e+01	4.3545033795e-03	4.0418107817e-03	5.3912516871e-06	1.3833097842e-05
5.9000000000e+01	4.3685398377e-03	4.0362997986e-03	5.6311871023e-06	1.4238946493e-05
6.0000000000e+01	4.3829794935e-03	4.0305474928e-03	5.8738666784e-06	1.4639459201e-05
6.1000000000e+01	4.3978169141e-03	4.0245512108e-03	6.1191098900e-06	1.5034446914e-05
6.2000000000e+01	4.4130464920e-03	4.0183084767e-03	6.3667421814e-06	1.5423749443e-05
6.3000000000e+01	4.4286624731e-03	4.0118169863e-03	6.6165950286e-06	1.5807233226e-05
6.4000000000e+01	4.4446589823e-03	4.0050746007e-03	6.8685059614e-06	1.6184789197e-05
6.5000000000e+01	4.4610300465e-03	3.9980793406e-03	7.1223185525e-06	1.6556330769e-05
6.6000000000e+01	4.4777696168e-03	3.9908293799e-03	7.3778823763e-06	1.6921791923e-05
6.7000000000e+01	4.4948715876e-03	3.9833230403e-03	7.6350529444e-06	1.7281125405e-05
6.8000000000e+01	4.5123298148e-03	3.9755587847e-03	7.8936916184e-06	1.7634301039e-05
6.9000000000e+01	4.5301381320e-03	3.9675352121e-03	8.1536655063e-06	1.7981304143e-05
7.0000000000e+01	4.5482903652e-03	3.9592510511e-03	8.4148473439e-06	1.8322134052e-05
7.1000000000e+01	4.5667803462e-03	3.9507051554e-03	8.6771153643e-06	1.8656802744e-05
7.2000000000e+01	4.5856019246e-03	3.9418964972e-03	8.9403531585e-06	1.8985333559e-05
7.3000000000e+01	4.6047489785e-03	3.9328241629e-03	9.2044495281e-06	1.9307760019e-05
7.4000000000e+01	4.6242154240e-03	3.9234873474e-03	9.4692983323e-06	1.9624124727e-05
7.5000000000e+01	4.6439952242e-03	3.9138853492e-03	9.7347983321e-06	1.9934478362e-05
7.6000000000e+01	4.6640823962e-03	3.9040175659e-03	1.0000853031e-05	2.0238878740e-05
7.7000000000e+01	4.6844710185e-03	3.8938834890e-03	1.0267370514e-05	2.0537389962e-05
7.8000000000e+01	4.7051552362e-03	3.8834826998e-03	1.0534263288e-05	2.0830081624e-05
7.9000000000e+01	4.7261292667e-03	3.8728148651e-03	1.0801448121e-05	2.1117028097e-05
8.0000000000e+01	4.7473874035e-03	3.8618797326e-03	1.1068845886e-05	2.1398307867e-05
8.1000000000e+01	4.7689240208e-03	3.8506771274e-03	1.1336381399e-05	2.1674002932e-05
8.2000000000e+01	4.7907335761e-03	3.8392069478e-03	1.1603983272e-05	2.1944198254e-05
8.3000000000e+01	4.8128106132e-03	3.8274691614e-03	1.1871583756e-05	2.2208981256e-05
8.4000000000e+01	4.8351497643e-03	3.8154638022e-03	1.2139118597e-05	2.2468441368e-05
8.5000000000e+01	4.8577457519e-03	3.8031909664e-03	1.2406526888e-05	2.2722669617e-05
8.6000000000e+01	4.8805933903e-03	3.7906508098e-03	1.2673750936e-05	2.2971758255e-05
8.7000000000e+01	4.9036875863e-03	3.7778435442e-03	1.2940736116e-05	2.3215800416e-05
8.8000000000e+01	4.9270233402e-03	3.7647694345e-03	1.3207430747e-05	2.3454889819e-05
8.9000000000e+01	4.9505957463e-03	3.7514287959e-03	1.3473785960e-05	2.3689120493e-05
9.0000000000e+01	4.9743999930e-03	3.7378219911e-03	1.3739755576e-05	2.3918586528e-05
9.1000000000e+01	4.9984313625e-03	3.7239494278e-03	1.4005295985e-05	2.4143381863e-05
9.2000000000e+01	5.0226852310e-03	3.7098115560e-03	1.4270366033e-05	2.4363600084e-05
9.3000000000e+01	5.0471570680e-03	3.6954088655e-03	1.4534926908e-05	2.4579334254e-05
9.4000000000e+01	5.0718424356e-03	3.6807418841e-03	1.4798942038e-05	2.4790676757e-05
9.5000000000e+01	5.0967369882e-03	3.6658111748e-03	1.5062376982e-05	2.4997719163e-05
9.6000000000e+01	5.1218364708e-03	3.6506173343e-03	1.5325199338e-05	2.5200552109e-05
9.7000000000e+01	5.1471367191e-03	3.6351609905e-03	1.5587378645e-05	2.5399265193e-05
9.8000000000e+01	5.1726336574e-03	3.6194428010e-03	1.5848886291e-05	2.5593946886e-05
9.9000000000e+01	5.1983232982e-03	3.6034634508e-03	1.6109695428e-05	2.5784684451e-05
1.0000000000e+02	5.2242017403e-03	3.5872236513e-03	1.6369780890e-05	2.5971563877e-05
1.0100000000e+02	5.2502651681e-03	3.5707241381e-03	1.6629119109e-05	2.6154669823e-05
1.0200000000e+02	5.2765098499e-03	3.5539656696e-03	1.6887688042e-05	2.6334085571e-05
1.0300000000e+02	5.3029321365e-03	3.5369490254e-03	1.7145467098e-05	2.6509892987e-05
1.0400000000e+02	5.3295284599e-03	3.5196750051e-03	1.7402437066e-05	2.6682172490e-05
1.0500000000e+02	5.3562953318e-03	3.5021444269e-03	1.7658580047e-05	2.6851003025e-05
1.0600000000e+02	5.3832293421e-03	3.4843581262e-03	1.7913879396e-05	2.7016462048e-05
1.0700000000e+02	5.4103271574e-03	3.4663169545e-03	1.8168319654e-05	2.7178625513e-05
1.0800000000e+02	5.4375855195e-03	3.4480217781e-03	1.8421886495e-05	2.7337567863e-05
1.0900000000e+02	5.4650012438e-03	3.4294734771e-03	1.8674566667e-05	2.7493362029e-05
1.1000000000e+02	5.4925712180e-03	3.4106729444e-03	1.8926347942e-05	2.7646079426e-05
1.1100000000e+02	5.5202924004e-03	3.3916210846e-03	1.9177219061e-05	2.7795789963e-05
1.1200000000e+02	5.5481618184e-03	3.3723188131e-03	1.9427169691e-05	2.7942562048e-05
1.1300000000e+02	5.5761765673e-03	3.3527670552e-03	1.9676190373e-05	2.8086462597e-05
1.1400000000e+02	5.6043338083e-03	3.3329667452e-03	1.9924272483e-05	2.8227557050e-05
1.1500000000e+02	5.6326307674e-03	3.3129188257e-03	2.0171408188e-05	2.8365909381e-05
1.1600000000e+02	5.6610647339e-03	3.2926242467e-03	2.0417590407e-05	2.8501582119e-05
1.1700000000e+02	5.6896330588e-03	3.2720839648e-03	2.0662812769e-05	2.8634636366e-05
1.1800000000e+02	5.7183331537e-03	3.2512989430e-03	2.0907069582e-05	2.8765131813e-05
1.1900000000e+02	5.7471624889e-03	3.2302701492e-03	2.1150355796e-05	2.8893126766e-05
1.2000000000e+02	5.7761185927e-03	3.2089985564e-03	2.1392666969e-05	2.9018678164e-05
1.2100000000e+02	5.8051990493e-03	3.1874851416e-03	2.1633999237e-05	2.9141841602e-05
1.2200000000e+02	5.8344014980e-03	3.1657308854e-03	2.1874349284e-05	2.9262671359e-05
1.2300000000e+02	5.8637236318e-03	3.1437367714e-03	2.2113714312e-05	2.9381220417e-05
1.2400000000e+02	5.8931631959e-03	3.1215037858e-03	2.2352092016e-05	2.9497540486e-05
1.2500000000e+02	5.9227179866e-03	3.0990329171e-03	2.2589480556e-05	2.9611682034e-05
1.2600000000e+02	5.9523858502e-03	3.0763251549e-03	2.2825878534e-05	2.9723694304e-05
1.2700000000e+02	5.9821646815e-03	3.0533814905e-03	2.3061284968e-05	2.9833625346e-05
1.2800000000e+02	6.0120524228e-03	3.0302029157e-03	2.3295699274e-05	2.9941522039e-05
1.2900000000e+02	6.0420470627e-03	3.0067904227e-03	2.3529121240e-05	3.0047430118e-05
1.3000000000e+02	6.0721466350e-03	2.9831450040e-03	2.3761551008e-05	3.0151394196e-05
1.3100000000e+02	6.1023492176e-03	2.9592676513e-03	2.3992989056e-05	3.0253457793e-05
1.3200000000e+02	6.1326529313e-03	2.9351593562e-03	2.4223436175e-05	3.0353663359e-05
1.3300000000e+02	6.1630559388e-03	2.9108211089e-03	2.4452893458e-05	3.0452052299e-05
1.3400000000e+02	6.1935564438e-03	2.8862538987e-03	2.4681362277e-05	3.0548664996e-05
1.3500000000e+02	6.2241526898e-03	2.8614587133e-03	2.4908844271e-05	3.0643540839e-05
1.3600000000e+02	6.2548429594e-03	2.8364365385e-03	2.5135341330e-05	3.0736718242e-05
1.3700000000e+02	6.2856255727e-03	2.8111883582e-03	2.5360855580e-05	3.0828234671e-05
1.3800000000e+02	6.3164988872e-03	2.7857151542e-03	2.5585389370e-05	3.0918126665e-05
1.3900000000e+02	6.3474612964e-03	2.7600179055e-03	2.5808945259e-05	3.1006429863e-05
1.4000000000e+02	6.3785112289e-03	2.7340975887e-03	2.6031526002e-05	3.1093179018e-05
1.4100000000e+02	6.4096471478e-03	2.7079551775e-03	2.6253134541e-05	3.1178408029e-05
1.4200000000e+02	6.4408675493e-03	2.6815916427e-03	2.6473773991e-05	3.1262149955e-05
1.4300000000e+02	6.4721709627e-03	2.6550079515e-03	2.6693447631e-05	3.1344437038e-05
1.4400000000e+02	6.5035559489e-03	2.6282050682e-03	2.6912158894e-05	3.1425300728e-05
1.4500000000e+02	6.5350211000e-03	2.6011839533e-03	2.7129911356e-05	3.1504771696e-05
1.4600000000e+02	6.5665650381e-03	2.5739455638e-03	2.7346708728e-05	3.1582879861e-05
1.4700000000e+02	6.5981864151e-03	2.5464908529e-03	2.7562554845e-05	3.1659654404e-05
1.4800000000e+02	6.6298839118e-03	2.5188207699e-03	2.7777453662e-05	3.1735123790e-05
1.4900000000e+02	6.6616562369e-03	2.4909362600e-03	2.7991409241e-05	3.1809315785e-05
1.5000000000e+02	6.6935021266e-03	2.4628382645e-03	2.8204425748e-05	3.1882257475e-05
1.5100000000e+02	6.7254203439e-03	2.4345277201e-03	2.8416507442e-05	3.1953975283e-05
1.5200000000e+02	6.7574096778e-03	2.4060055597e-03	2.8627658672e-05	3.2024494988e-05
1.5300000000e+02	6.7894689429e-03	2.3772727115e-03	2.8837883866e-05	3.2093841740e-05
1.5400000000e+02	6.8215969785e-03	2.3483300992e-03	2.9047187528e-05	3.2162040076e-05
1.5500000000e+02	6.8537926483e-03	2.3191786421e-03	2.9255574233e-05	3.2229113938e-05
1.5600000000e+02	6.8860548394e-03	2.2898192548e-03	2.9463048619e-05	3.2295086688e-05
1.5700000000e+02	6.9183824622e-03	2.2602528474e-03	2.9669615381e-05	3.2359981121e-05
1.5800000000e+02	6.9507744496e-03	2.2304803250e-03	2.9875279270e-05	3.2423819484e-05
1.5900000000e+02	6.9832297564e-03	2.2005025882e-03	3.0080045083e-05	3.2486623487e-05
1.6000000000e+02	7.0157473589e-03	2.1703205326e-03	3.0283917664e-05	3.2548414318e-05
1.6100000000e+02	7.0483262542e-03	2.1399350490e-03	3.0486901896e-05	3.2609212658e-05
1.6200000000e+02	7.0809654601e-03	2.1093470233e-03	3.0689002696e-05	3.2669038693e-05
1.6300000000e+02	7.1136640141e-03	2.0785573364e-03	3.0890225016e-05	3.2727912125e-05
1.6400000000e+02	7.1464209732e-03	2.0475668644e-03	3.1090573834e-05	3.2785852191e-05
1.6500000000e+02	7.1792354136e-03	2.0163764783e-03	3.1290054154e-05	3.2842877668e-05
1.6600000000e+02	7.2121064298e-03	1.9849870439e-03	3.1488670999e-05	3.2899006890e-05
1.6700000000e+02	7.2450331346e-03	1.9533994224e-03	3.1686429414e-05	3.2954257758e-05
1.6800000000e+02	7.2780146584e-03	1.9216144696e-03	3.1883334457e-05	3.3008647750e-05
1.6900000000e+02	7.3110501488e-03	1.8896330363e-03	3.2079391199e-05	3.3062193934e-05
1.7000000000e+02	7.3441387705e-03	1.8574559682e-03	3.2274604719e-05	3.3114912978e-05
1.7100000000e+02	7.3772797045e-03	1.8250841062e-03	3.2468980107e-05	3.3166821162e-05
1.7200000000e+02	7.4104721479e-03	1.7925182857e-03	3.2662522454e-05	3.3217934383e-05
1.7300000000e+02	7.4437153135e-03	1.7597593373e-03	3.2855236857e-05	3.3268268173e-05
1.7400000000e+02	7.4770084295e-03	1.7268080863e-03	3.3047128409e-05	3.3317837701e-05
1.7500000000e+02	7.5103507390e-03	1.6936653530e-03	3.3238202206e-05	3.3366657786e-05
1.7600000000e+02	7.5437415000e-03	1.6603319527e-03	3.3428463337e-05	3.3414742907e-05
1.7700000000e+02	7.5771799846e-03	1.6268086955e-03	3.3617916887e-05	3.3462107210e-05
1.7800000000e+02	7.6106654788e-03	1.5930963865e-03	3.3806567934e-05	3.3508764516e-05
1.7900000000e+02	7.6441972825e-03	1.5591958255e-03	3.3994421547e-05	3.3554728332e-05
1.8000000000e+02	7.6777747087e-03	1.5251078075e-03	3.4181482784e-05	3.3600011856e-05
1.8100000000e+02	7.7113970837e-03	1.4908331224e-03	3.4367756693e-05	3.3644627986e-05
1.8200000000e+02	7.7450637464e-03	1.4563725549e-03	3.4553248305e-05	3.3688589332e-05
1.8300000000e+02	7.7787740482e-03	1.4217268848e-03	3.4737962641e-05	3.3731908215e-05
1.8400000000e+02	7.8125273527e-03	1.3868968870e-03	3.4921904705e-05	3.3774596681e-05
1.8500000000e+02	7.8463230354e-03	1.3518833312e-03	3.5105079482e-05	3.3816666506e-05
1.8600000000e+02	7.8801604834e-03	1.3166869822e-03	3.5287491942e-05	3.3858129204e-05
1.8700000000e+02	7.9140390952e-03	1.2813085998e-03	3.5469147034e-05	3.3898996029e-05
1.8800000000e+02	7.9479582805e-03	1.2457489389e-03	3.5650049689e-05	3.3939277989e-05
1.8900000000e+02	7.9819174598e-03	1.2100087496e-03	3.5830204816e-05	3.3978985845e-05
1.9000000000e+02	8.0159160643e-03	1.1740887768e-03	3.6009617302e-05	3.4018130124e-05
1.9100000000e+02	8.0499535356e-03	1.1379897609e-03	3.6188292014e-05	3.4056721118e-05
1.9200000000e+02	8.0840293255e-03	1.1017124371e-03	3.6366233793e-05	3.4094768896e-05
1.9300000000e+02	8.1181428956e-03	1.0652575360e-03	3.6543447459e-05	3.4132283305e-05
1.9400000000e+02	8.1522937175e-03	1.0286257833e-03	3.6719937805e-05	3.4169273979e-05
1.9500000000e+02	8.1864812721e-03	9.9181789991e-04	3.6895709601e-05	3.4205750342e-05
1.9600000000e+02	8.2207050498e-03	9.5483460203e-04	3.7070767591e-05	3.4241721614e-05
1.9700000000e+02	8.2549645500e-03	9.1767660109e-04	3.7245116492e-05	3.4277196816e-05
1.9800000000e+02	8.2892592810e-03	8.8034460384e-04	3.7418760996e-05	3.4312184775e-05
1.9900000000e+02	8.3235887600e-03	8.4283931235e-04	3.7591705767e-05	3.4346694130e-05
2.0000000000e+02	8.3579525126e-03	8.0516142401e-04	3.7763955443e-05	3.4380733333e-05
2.0100000000e+02	8.3923500727e-03	7.6731163162e-04	3.7935514632e-05	3.4414310659e-05
2.0200000000e+02	8.4267809826e-03	7.2929062338e-04	3.8106387917e-05	3.4447434204e-05
2.0300000000e+02	8.4612447925e-03	6.9109908290e-04	3.8276579850e-05	3.4480111896e-05
2.0400000000e+02	8.4957410604e-03	6.5273768929e-04	3.8446094956e-05	3.4512351493e-05
2.0500000000e+02	8.5302693520e-03	6.1420711710e-04	3.8614937731e-05	3.4544160592e-05
2.0600000000e+02	8.5648292406e-03	5.7550803644e-04	3.8783112641e-05	3.4575546630e-05
2.0700000000e+02	8.5994203067e-03	5.3664111296e-04	3.8950624124e-05	3.4606516889e-05
2.0800000000e+02	8.6340421381e-03	4.9760700787e-04	3.9117476588e-05	3.4637078498e-05
2.0900000000e+02	8.6686943298e-03	4.5840637800e-04	3.9283674410e-05	3.4667238441e-05
2.1000000000e+02	8.7033764834e-03	4.1903987581e-04	3.9449221941e-05	3.4697003554e-05
2.1100000000e+02	8.7380882075e-03	3.7950814944e-04	3.9614123498e-05	3.4726380536e-05
2.1200000000e+02	8.7728291173e-03	3.3981184271e-04	3.9778383371e-05	3.4755375945e-05
2.1300000000e+02	8.8075988344e-03	2.9995159517e-04	3.9942005818e-05	3.4783996206e-05
2.1400000000e+02	8.8423969867e-03	2.5992804214e-04	4.0104995068e-05	3.4812247614e-05
2.1500000000e+02	8.8772232087e-03	2.1974181470e-04	4.0267355321e-05	3.4840136335e-05
2.1600000000e+02	8.9120771405e-03	1.7939353977e-04	4.0429090744e-05	3.4867668409e-05
2.1700000000e+02	8.9469584286e-03	1.3888384011e-04	4.0590205477e-05	3.4894849756e-05
2.1800000000e+02	8.9818667251e-03	9.8213334347e-05	4.0750703627e-05	3.4921686176e-05
2.1900000000e+02	9.0168016879e-03	5.7382637024e-05	4.0910589273e-05	3.4948183351e-05
2.2000000000e+02	9.0517629806e-03	1.6392358619e-05	4.1069866463e-05	3.4974346851e-05
2.2100000000e+02	9.0867502722e-03	-2.4756894423e-05	4.1228539215e-05	3.5000182135e-05
2.2200000000e+02	9.1217632372e-03	-6.6064519662e-05	4.1386611517e-05	3.5025694554e-05
2.2300000000e+02	9.1568015554e-03	-1.0752991863e-04	4.1544087328e-05	3.5050889351e-05
2.2400000000e+02	9.1918649117e-03	-1.4915249680e-04	4.1700970574e-05	3.5075771666e-05
2.2500000000e+02	9.2269529963e-03	-1.9093166355e-04	4.1857265155e-05	3.5100346540e-05
2.2600000000e+02	9.2620655040e-03	-2.3286683217e-04	4.2012974939e-05	3.5124618912e-05
2.2700000000e+02	9.2972021349e-03	-2.7495741978e-04	4.2168103765e-05	3.5148593627e-05
2.2800000000e+02	9.3323625936e-03	-3.1720284732e-04	4.2322655443e-05	3.5172275434e-05
2.2900000000e+02	9.3675465897e-03	-3.5960253954e-04	4.2476633752e-05	3.5195668991e-05
2.3000000000e+02	9.4027538370e-03	-4.0215592495e-04	4.2630042443e-05	3.5218778864e-05
2.3100000000e+02	9.4379840543e-03	-4.4486243580e-04	4.2782885239e-05	3.5241609534e-05
2.3200000000e+02	9.4732369645e-03	-4.8772150803e-04	4.2935165830e-05	3.5264165391e-05
2.3300000000e+02	9.5085122949e-03	-5.3073258128e-04	4.3086887881e-05	3.5286450746e-05
2.3400000000e+02	9.5438097772e-03	-5.7389509882e-04	4.3238055026e-05	3.5308469825e-05
2.3500000000e+02	9.5791291472e-03	-6.1720850756e-04	4.3388670871e-05	3.5330226773e-05
2.3600000000e+02	9.6144701448e-03	-6.6067225799e-04	4.3538738995e-05	3.5351725657e-05
2.3700000000e+02	9.6498325138e-03	-7.0428580416e-04	4.3688262945e-05	3.5372970468e-05
2.3800000000e+02	9.6852160023e-03	-7.4804860366e-04	4.3837246244e-05	3.5393965120e-05
2.3900000000e+02	9.7206203620e-03	-7.9196011760e-04	4.3985692383e-05	3.5414713455e-05
2.4000000000e+02	9.7560453484e-03	-8.3601981053e-04	4.4133604829e-05	3.5435219242e-05
2.4100000000e+02	9.7914907208e-03	-8.8022715050e-04	4.4280987018e-05	3.5455486180e-05
2.4200000000e+02	9.8269562423e-03	-9.2458160895e-04	4.4427842361e-05	3.5475517899e-05
2.4300000000e+02	9.8624416794e-03	-9.6908266074e-04	4.4574174239e-05	3.5495317961e-05
2.4400000000e+02	9.8979468022e-03	-1.0137297841e-03	4.4719986009e-05	3.5514889863e-05
2.4500000000e+02	9.9334713842e-03	-1.0585224605e-03	4.4865280999e-05	3.5534237037e-05
2.4600000000e+02	9.9690152025e-03	-1.1034601749e-03	4.5010062510e-05	3.5553362853e-05
2.4700000000e+02	1.0004578037e-02	-1.1485424154e-03	4.5154333817e-05	3.5572270618e-05
2.4800000000e+02	1.0040159672e-02	-1.1937686735e-03	4.5298098168e-05	3.5590963578e-05
2.4900000000e+02	1.0075759894e-02	-1.2391384439e-03	4.5441358786e-05	3.5609444922e-05
2.5000000000e+02	1.0111378492e-02	-1.2846512243e-03	4.5584118867e-05	3.5627717780e-05
2.5100000000e+02	1.0147015261e-02	-1.3303065158e-03	4.5726381581e-05	3.5645785224e-05
2.5200000000e+02	1.0182669995e-02	-1.3761038227e-03	4.5868150072e-05	3.5663650274e-05
2.5300000000e+02	1.0218342495e-02	-1.4220426523e-03	4.6009427460e-05	3.5681315891e-05
2.5400000000e+02	1.0254032562e-02	-1.4681225149e-03	4.6150216837e-05	3.5698784988e-05
2.5500000000e+02	1.0289740000e-02	-1.5143429243e-03	4.6290521273e-05	3.5716060423e-05
2.5600000000e+02	1.0325464619e-02	-1.5607033969e-03	4.6430343812e-05	3.5733145003e-05
2.5700000000e+02	1.0361206228e-02	-1.6072034523e-03	4.6569687471e-05	3.5750041486e-05
2.5800000000e+02	1.0396964640e-02	-1.6538426132e-03	4.6708555245e-05	3.5766752581e-05
2.5900000000e+02	1.0432739672e-02	-1.7006204051e-03	4.6846950105e-05	3.5783280949e-05
2.6000000000e+02	1.0468531142e-02	-1.7475363567e-03	4.6984874995e-05	3.5799629205e-05
2.6100000000e+02	1.0504338871e-02	-1.7945899994e-03	4.7122332838e-05	3.5815799918e-05
2.6200000000e+02	1.0540162683e-02	-1.8417808677e-03	4.7259326531e-05	3.5831795610e-05
2.6300000000e+02	1.0576002405e-02	-1.8891084987e-03	4.7395858949e-05	3.5847618762e-05
2.6400000000e+02	1.0611857864e-02	-1.9365724328e-03	4.7531932944e-05	3.5863271810e-05
2.6500000000e+02	1.0647728893e-02	-1.9841722128e-03	4.7667551341e-05	3.5878757150e-05
2.6600000000e+02	1.0683615323e-02	-2.0319073845e-03	4.7802716947e-05	3.5894077133e-05
2.6700000000e+02	1.0719516993e-02	-2.0797774967e-03	4.7937432544e-05	3.5909234072e-05
2.6800000000e+02	1.0755433738e-02	-2.1277821005e-03	4.8071700890e-05	3.5924230241e-05
2.6900000000e+02	1.0791365400e-02	-2.1759207503e-03	4.8205524723e-05	3.5939067874e-05
2.7000000000e+02	1.0827311822e-02	-2.2241930027e-03	4.8338906757e-05	3.5953749166e-05
2.7100000000e+02	1.0863272847e-02	-2.2725984174e-03	4.8471849685e-05	3.5968276277e-05
2.7200000000e+02	1.0899248324e-02	-2.3211365566e-03	4.8604356177e-05	3.5982651327e-05
2.7300000000e+02	1.0935238100e-02	-2.3698069852e-03	4.8736428883e-05	3.5996876404e-05
2.7400000000e+02	1.0971242027e-02	-2.4186092707e-03	4.8868070430e-05	3.6010953559e-05
2.7500000000e+02	1.1007259958e-02	-2.4675429832e-03	4.8999283424e-05	3.6024884808e-05
2.7600000000e+02	1.1043291749e-02	-2.5166076955e-03	4.9130070450e-05	3.6038672134e-05
2.7700000000e+02	1.1079337255e-02	-2.5658029830e-03	4.9260434073e-05	3.6052317487e-05
2.7800000000e+02	1.1115396337e-02	-2.6151284234e-03	4.9390376836e-05	3.6065822784e-05
2.7900000000e+02	1.1151468855e-02	-2.6645835972e-03	4.9519901261e-05	3.6079189911e-05
2.8000000000e+02	1.1187554671e-02	-2.7141680873e-03	4.9649009852e-05	3.6092420722e-05
2.8100000000e+02	1.1223653651e-02	-2.7638814791e-03	4.9777705091e-05	3.6105517040e-05
2.8200000000e+02	1.1259765661e-02	-2.8137233605e-03	4.9905989439e-05	3.6118480661e-05
2.8300000000e+02	1.1295890569e-02	-2.8636933218e-03	5.0033865339e-05	3.6131313347e-05
2.8400000000e+02	1.1332028245e-02	-2.9137909558e-03	5.0161335214e-05	3.6144016834e-05
2.8500000000e+02	1.1368178560e-02	-2.9640158577e-03	5.0288401466e-05	3.6156592831e-05
2.8600000000e+02	1.1404341389e-02	-3.0143676250e-03	5.0415066481e-05	3.6169043015e-05
2.8700000000e+02	1.1440516605e-02	-3.0648458577e-03	5.0541332622e-05	3.6181369040e-05
2.8800000000e+02	1.1476704086e-02	-3.1154501581e-03	5.0667202236e-05	3.6193572532e-05
2.8900000000e+02	1.1512903710e-02	-3.1661801308e-03	5.0792677648e-05	3.6205655088e-05
2.9000000000e+02	1.1549115356e-02	-3.2170353828e-03	5.0917761169e-05	3.6217618284e-05
2.9100000000e+02	1.1585338907e-02	-3.2680155233e-03	5.1042455087e-05	3.6229463668e-05
2.9200000000e+02	1.1621574245e-02	-3.3191201638e-03	5.1166761673e-05	3.6241192764e-05
2.9300000000e+02	1.1657821254e-02	-3.3703489182e-03	5.1290683182e-05	3.6252807071e-05
2.9400000000e+02	1.1694079821e-02	-3.4217014026e-03	5.1414221849e-05	3.6264308064e-05
2.9500000000e+02	1.1730349833e-02	-3.4731772351e-03	5.1537379892e-05	3.6275697198e-05
2.9600000000e+02	1.1766631179e-02	-3.5247760362e-03	5.1660159510e-05	3.6286975900e-05
2.9700000000e+02	1.1802923748e-02	-3.5764974287e-03	5.1782562886e-05	3.6298145579e-05
2.9800000000e+02	1.1839227434e-02	-3.6283410373e-03	5.1904592186e-05	3.6309207618e-05
2.9900000000e+02	1.1875542128e-02	-3.6803064891e-03	5.2026249556e-05	3.6320163382e-05
3.0000000000e+02	1.1911867726e-02	-3.7323934131e-03	5.2147537130e-05	3.6331014212e-05
3.0100000000e+02	1.1948204122e-02	-3.7846014408e-03	5.2268457020e-05	3.6341761429e-05
3.0200000000e+02	1.1984551215e-02	-3.8369302053e-03	5.2389011324e-05	3.6352406335e-05
3.0300000000e+02	1.2020908901e-02	-3.8893793423e-03	5.2509202124e-05	3.6362950209e-05
3.0400000000e+02	1.2057277082e-02	-3.9419484891e-03	5.2629031483e-05	3.6373394313e-05
3.0500000000e+02	1.2093655657e-02	-3.9946372854e-03	5.2748501450e-05	3.6383739887e-05
3.0600000000e+02	1.2130044529e-02	-4.0474453729e-03	5.2867614059e-05	3.6393988155e-05
3.0700000000e+02	1.2166443601e-02	-4.1003723951e-03	5.2986371324e-05	3.6404140320e-05
3.0800000000e+02	1.2202852778e-02	-4.1534179977e-03	5.3104775246e-05	3.6414197568e-05
3.0900000000e+02	1.2239271965e-02	-4.2065818285e-03	5.3222827811e-05	3.6424161065e-05
3.1000000000e+02	1.2275701069e-02	-4.2598635369e-03	5.3340530988e-05	3.6434031962e-05
3.1100000000e+02	1.2312139999e-02	-4.3132627746e-03	5.3457886730e-05	3.6443811390e-05
3.1200000000e+02	1.2348588662e-02	-4.3667791952e-03	5.3574896978e-05	3.6453500465e-05
3.1300000000e+02	1.2385046970e-02	-4.4204124541e-03	5.3691563654e-05	3.6463100286e-05
3.1400000000e+02	1.2421514833e-02	-4.4741622086e-03	5.3807888668e-05	3.6472611934e-05
3.1500000000e+02	1.2457992165e-02	-4.5280281181e-03	5.3923873913e-05	3.6482036475e-05
3.1600000000e+02	1.2494478877e-02	-4.5820098438e-03	5.4039521270e-05	3.6491374958e-05
3.1700000000e+02	1.2530974886e-02	-4.6361070487e-03	5.4154832602e-05	3.6500628420e-05
3.1800000000e+02	1.2567480106e-02	-4.6903193976e-03	5.4269809761e-05	3.6509797877e-05
3.1900000000e+02	1.2603994454e-02	-4.7446465574e-03	5.4384454582e-05	3.6518884334e-05
3.2000000000e+02	1.2640517848e-02	-4.7990881966e-03	5.4498768888e-05	3.6527888781e-05
3.2100000000e+02	1.2677050205e-02	-4.8536439856e-03	5.4612754487e-05	3.6536812192e-05
3.2200000000e+02	1.2713591445e-02	-4.9083135966e-03	5.4726413174e-05	3.6545655527e-05
3.2300000000e+02	1.2750141489e-02	-4.9630967036e-03	5.4839746728e-05	3.6554419732e-05
3.2400000000e+02	1.2786700259e-02	-5.0179929823e-03	5.4952756917e-05	3.6563105739e-05
3.2500000000e+02	1.2823267675e-02	-5.0730021102e-03	5.5065445494e-05	3.6571714469e-05
3.2600000000e+02	1.2859843662e-02	-5.1281237666e-03	5.5177814199e-05	3.6580246826e-05
3.2700000000e+02	1.2896428144e-02	-5.1833576326e-03	5.5289864759e-05	3.6588703702e-05
3.2800000000e+02	1.2933021045e-02	-5.2387033907e-03	5.5401598888e-05	3.6597085978e-05
3.2900000000e+02	1.2969622291e-02	-5.2941607254e-03	5.5513018287e-05	3.6605394519e-05
3.3000000000e+02	1.3006231809e-02	-5.3497293229e-03	5.5624124643e-05	3.6613630182e-05
3.3100000000e+02	1.3042849527e-02	-5.4054088709e-03	5.5734919632e-05	3.6621793807e-05
3.3200000000e+02	1.3079475373e-02	-5.4611990589e-03	5.5845404916e-05	3.6629886225e-05
3.3300000000e+02	1.3116109276e-02	-5.5170995781e-03	5.5955582146e-05	3.6637908256e-05
3.3400000000e+02	1.3152751167e-02	-5.5731101211e-03	5.6065452957e-05	3.6645860704e-05
3.3500000000e+02	1.3189400975e-02	-5.6292303824e-03	5.6175018977e-05	3.6653744366e-05
3.3600000000e+02	1.3226058633e-02	-5.6854600580e-03	5.6284281818e-05	3.6661560027e-05
3.3700000000e+02	1.3262724073e-02	-5.7417988455e-03	5.6393243080e-05	3.6669308458e-05
3.3800000000e+02	1.3299397227e-02	-5.7982464442e-03	5.6501904354e-05	3.6676990423e-05
3.3900000000e+02	1.3336078031e-02	-5.8548025547e-03	5.6610267216e-05	3.6684606672e-05
3.4000000000e+02	1.3372766419e-02	-5.9114668796e-03	5.6718333232e-05	3.6692157948e-05
3.4100000000e+02	1.3409462326e-02	-5.9682391228e-03	5.6826103955e-05	3.6699644980e-05
3.4200000000e+02	1.3446165688e-02	-6.0251189896e-03	5.6933580929e-05	3.6707068490e-05
3.4300000000e+02	1.3482876442e-02	-6.0821061872e-03	5.7040765683e-05	3.6714429188e-05
3.4400000000e+02	1.3519594526e-02	-6.1392004241e-03	5.7147659738e-05	3.6721727774e-05
3.4500000000e+02	1.3556319877e-02	-6.1964014103e-03	5.7254264601e-05	3.6728964941e-05
3.4600000000e+02	1.3593052435e-02	-6.2537088574e-03	5.7360581771e-05	3.6736141369e-05
3.4700000000e+02	1.3629792140e-02	-6.3111224784e-03	5.7466612733e-05	3.6743257731e-05
3.4800000000e+02	1.3666538931e-02	-6.3686419880e-03	5.7572358962e-05	3.6750314689e-05
3.4900000000e+02	1.3703292750e-02	-6.4262671019e-03	5.7677821924e-05	3.6757312899e-05
3.5000000000e+02	1.3740053537e-02	-6.4839975379e-03	5.7783003072e-05	3.6764253005e-05
3.5100000000e+02	1.3776821236e-02	-6.5418330146e-03	5.7887903849e-05	3.6771135643e-05
3.5200000000e+02	1.3813595790e-02	-6.5997732526e-03	5.7992525688e-05	3.6777961442e-05
3.5300000000e+02	1.3850377141e-02	-6.6578179735e-03	5.8096870012e-05	3.6784731019e-05
3.5400000000e+02	1.3887165233e-02	-6.7159669006e-03	5.8200938231e-05	3.6791444988e-05
3.5500000000e+02	1.3923960012e-02	-6.7742197584e-03	5.8304731748e-05	3.6798103949e-05
3.5600000000e+02	1.3960761423e-02	-6.8325762730e-03	5.8408251955e-05	3.6804708499e-05
3.5700000000e+02	1.3997569411e-02	-6.8910361717e-03	5.8511500232e-05	3.6811259222e-05
3.5800000000e+02	1.4034383924e-02	-6.9495991833e-03	5.8614477952e-05	3.6817756700e-05
3.5900000000e+02	1.4071204907e-02	-7.0082650378e-03	5.8717186476e-05	3.6824201501e-05
3.6000000000e+02	1.4108032309e-02	-7.0670334669e-03	5.8819627156e-05	3.6830594191e-05
3.6100000000e+02	1.4144866078e-02	-7.1259042033e-03	5.8921801334e-05	3.6836935325e-05
3.6200000000e+02	1.4181706163e-02	-7.1848769812e-03	5.9023710343e-05	3.6843225452e-05
3.6300000000e+02	1.4218552512e-02	-7.2439515361e-03	5.9125355505e-05	3.6849465114e-05
3.6400000000e+02	1.4255405076e-02	-7.3031276047e-03	5.9226738135e-05	3.6855654845e-05
3.6500000000e+02	1.4292263806e-02	-7.3624049253e-03	5.9327859537e-05	3.6861795172e-05
3.6600000000e+02	1.4329128651e-02	-7.4217832371e-03	5.9428721005e-05	3.6867886617e-05
3.6700000000e+02	1.4365999563e-02	-7.4812622810e-03	5.9529323825e-05	3.6873929692e-05
3.6800000000e+02	1.4402876494e-02	-7.5408417990e-03	5.9629669274e-05	3.6879924906e-05
3.6900000000e+02	1.4439759397e-02	-7.6005215342e-03	5.9729758620e-05	3.6885872757e-05
3.7000000000e+02	1.4476648224e-02	-7.6603012313e-03	5.9829593122e-05	3.6891773742e-05
3.7100000000e+02	1.4513542929e-02	-7.7201806359e-03	5.9929174029e-05	3.6897628346e-05
3.7200000000e+02	1.4550443465e-02	-7.7801594952e-03	6.0028502582e-05	3.6903437052e-05
3.7300000000e+02	1.4587349788e-02	-7.8402375574e-03	6.0127580014e-05	3.6909200335e-05
3.7400000000e+02	1.4624261851e-02	-7.9004145719e-03	6.0226407548e-05	3.6914918663e-05
3.7500000000e+02	1.4661179610e-02	-7.9606902896e-03	6.0324986399e-05	3.6920592501e-05
3.7600000000e+02	1.4698103021e-02	-8.0210644623e-03	6.0423317775e-05	3.6926222304e-05
3.7700000000e+02	1.4735032040e-02	-8.0815368431e-03	6.0521402874e-05	3.6931808525e-05
3.7800000000e+02	1.4771966624e-02	-8.1421071863e-03	6.0619242884e-05	3.6937351609e-05
3.7900000000e+02	1.4808906729e-02	-8.2027752475e-03	6.0716838989e-05	3.6942851997e-05
3.8000000000e+02	1.4845852314e-02	-8.2635407834e-03	6.0814192361e-05	3.6948310121e-05
3.8100000000e+02	1.4882803336e-02	-8.3244035517e-03	6.0911304166e-05	3.6953726413e-05
3.8200000000e+02	1.4919759753e-02	-8.3853633116e-03	6.1008175561e-05	3.6959101295e-05
3.8300000000e+02	1.4956721525e-02	-8.4464198231e-03	6.1104807696e-05	3.6964435185e-05
3.8400000000e+02	1.4993688610e-02	-8.5075728476e-03	6.1201201712e-05	3.6969728497e-05
3.8500000000e+02	1.5030660968e-02	-8.5688221475e-03	6.1297358742e-05	3.6974981638e-05
3.8600000000e+02	1.5067638560e-02	-8.6301674865e-03	6.1393279912e-05	3.6980195011e-05
3.8700000000e+02	1.5104621345e-02	-8.6916086291e-03	6.1488966341e-05	3.6985369014e-05
3.8800000000e+02	1.5141609285e-02	-8.7531453413e-03	6.1584419139e-05	3.6990504041e-05
3.8900000000e+02	1.5178602340e-02	-8.8147773899e-03	6.1679639409e-05	3.6995600478e-05
3.9000000000e+02	1.5215600473e-02	-8.8765045429e-03	6.1774628246e-05	3.7000658709e-05
3.9100000000e+02	1.5252603645e-02	-8.9383265696e-03	6.1869386738e-05	3.7005679113e-05
3.9200000000e+02	1.5289611819e-02	-9.0002432400e-03	6.1963915966e-05	3.7010662064e-05
3.9300000000e+02	1.5326624957e-02	-9.0622543254e-03	6.2058217003e-05	3.7015607931e-05
3.9400000000e+02	1.5363643022e-02	-9.1243595983e-03	6.2152290915e-05	3.7020517078e-05
3.9500000000e+02	1.5400665979e-02	-9.1865588319e-03	6.2246138761e-05	3.7025389866e-05
3.9600000000e+02	1.5437693790e-02	-9.2488518008e-03	6.2339761593e-05	3.7030226651e-05
3.9700000000e+02	1.5474726420e-02	-9.3112382804e-03	6.2433160455e-05	3.7035027785e-05
3.9800000000e+02	1.5511763834e-02	-9.3737180474e-03	6.2526336385e-05	3.7039793615e-05
3.9900000000e+02	1.5548805996e-02	-9.4362908793e-03	6.2619290414e-05	3.7044524484e-05
4.0000000000e+02	1.5585852871e-02	-9.4989565546e-03	6.2712023565e-05	3.7049220732e-05
4.0100000000e+02	1.5622904426e-02	-9.5617148531e-03	6.2804536855e-05	3.7053882692e-05
4.0200000000e+02	1.5659960625e-02	-9.6245655554e-03	6.2896831295e-05	3.7058510697e-05
4.0300000000e+02	1.5697021436e-02	-9.6875084431e-03	6.2988907889e-05	3.7063105073e-05
4.0400000000e+02	1.5734086824e-02	-9.7505432989e-03	6.3080767632e-05	3.7067666144e-05
4.0500000000e+02	1.5771156757e-02	-9.8136699064e-03	6.3172411515e-05	3.7072194228e-05
4.0600000000e+02	1.5808231202e-02	-9.8768880503e-03	6.3263840523e-05	3.7076689641e-05
4.0700000000e+02	1.5845310126e-02	-9.9401975161e-03	6.3355055631e-05	3.7081152695e-05
4.0800000000e+02	1.5882393497e-02	-1.0003598091e-02	6.3446057812e-05	3.7085583698e-05
4.0900000000e+02	1.5919481283e-02	-1.0067089561e-02	6.3536848029e-05	3.7089982954e-05
4.1000000000e+02	1.5956573452e-02	-1.0130671716e-02	6.3627427240e-05	3.7094350764e-05
4.1100000000e+02	1.5993669974e-02	-1.0194344346e-02	6.3717796397e-05	3.7098687426e-05
4.1200000000e+02	1.6030770817e-02	-1.0258107239e-02	6.3807956447e-05	3.7102993232e-05
4.1300000000e+02	1.6067875950e-02	-1.0321960189e-02	6.3897908327e-05	3.7107268474e-05
4.1400000000e+02	1.6104985344e-02	-1.0385902987e-02	6.3987652972e-05	3.7111513439e-05
4.1500000000e+02	1.6142098967e-02	-1.0449935426e-02	6.4077191309e-05	3.7115728410e-05
4.1600000000e+02	1.6179216790e-02	-1.0514057301e-02	6.4166524259e-05	3.7119913667e-05
4.1700000000e+02	1.6216338784e-02	-1.0578268407e-02	6.4255652736e-05	3.7124069488e-05
4.1800000000e+02	1.6253464920e-02	-1.0642568539e-02	6.4344577652e-05	3.7128196146e-05
4.1900000000e+02	1.6290595167e-02	-1.0706957494e-02	6.4433299908e-05	3.7132293913e-05
4.2000000000e+02	1.6327729498e-02	-1.0771435071e-02	6.4521820403e-05	3.7136363055e-05
4.2100000000e+02	1.6364867884e-02	-1.0836001068e-02	6.4610140028e-05	3.7140403838e-05
4.2200000000e+02	1.6402010296e-02	-1.0900655285e-02	6.4698259671e-05	3.7144416522e-05
4.2300000000e+02	1.6439156708e-02	-1.0965397521e-02	6.4786180210e-05	3.7148401367e-05
4.2400000000e+02	1.6476307090e-02	-1.1030227579e-02	6.4873902521e-05	3.7152358628e-05
4.2500000000e+02	1.6513461416e-02	-1.1095145260e-02	6.4961427473e-05	3.7156288557e-05
4.2600000000e+02	1.6550619658e-02	-1.1160150368e-02	6.5048755931e-05	3.7160191405e-05
4.2700000000e+02	1.6587781790e-02	-1.1225242707e-02	6.5135888751e-05	3.7164067418e-05
4.2800000000e+02	1.6624947784e-02	-1.1290422081e-02	6.5222826787e-05	3.7167916841e-05
4.2900000000e+02	1.6662117614e-02	-1.1355688296e-02	6.5309570887e-05	3.7171739914e-05
4.3000000000e+02	1.6699291255e-02	-1.1421041158e-02	6.5396121892e-05	3.7175536877e-05
4.3100000000e+02	1.6736468680e-02	-1.1486480476e-02	6.5482480639e-05	3.7179307966e-05
4.3200000000e+02	1.6773649862e-02	-1.1552006056e-02	6.5568647959e-05	3.7183053413e-05
4.3300000000e+02	1.6810834778e-02	-1.1617617708e-02	6.5654624679e-05	3.7186773451e-05
4.3400000000e+02	1.6848023401e-02	-1.1683315242e-02	6.5740411620e-05	3.7190468306e-05
4.3500000000e+02	1.6885215706e-02	-1.1749098468e-02	6.5826009597e-05	3.7194138204e-05
4.3600000000e+02	1.6922411669e-02	-1.1814967198e-02	6.5911419421e-05	3.7197783370e-05
4.3700000000e+02	1.6959611265e-02	-1.1880921245e-02	6.5996641898e-05	3.7201404022e-05
4.3800000000e+02	1.6996814469e-02	-1.1946960420e-02	6.6081677829e-05	3.7205000380e-05
4.3900000000e+02	1.7034021258e-02	-1.2013084538e-02	6.6166528009e-05	3.7208572659e-05
4.4000000000e+02	1.7071231606e-02	-1.2079293414e-02	6.6251193229e-05	3.7212121073e-05
4.4100000000e+02	1.7108445492e-02	-1.2145586864e-02	6.6335674275e-05	3.7215645832e-05
4.4200000000e+02	1.7145662890e-02	-1.2211964702e-02	6.6419971928e-05	3.7219147147e-05
4.4300000000e+02	1.7182883778e-02	-1.2278426747e-02	6.6504086964e-05	3.7222625221e-05
4.4400000000e+02	1.7220108133e-02	-1.2344972815e-02	6.6588020154e-05	3.7226080262e-05
4.4500000000e+02	1.7257335931e-02	-1.2411602726e-02	6.6671772265e-05	3.7229512469e-05
4.4600000000e+02	1.7294567150e-02	-1.2478316300e-02	6.6755344058e-05	3.7232922043e-05
4.4700000000e+02	1.7331801768e-02	-1.2545113355e-02	6.6838736292e-05	3.7236309182e-05
4.4800000000e+02	1.7369039761e-02	-1.2611993713e-02	6.6921949719e-05	3.7239674080e-05
4.4900000000e+02	1.7406281109e-02	-1.2678957195e-02	6.7004985086e-05	3.7243016932e-05
4.5000000000e+02	1.7443525788e-02	-1.2746003624e-02	6.7087843137e-05	3.7246337929e-05
4.5100000000e+02	1.7480773777e-02	-1.2813132822e-02	6.7170524611e-05	3.7249637260e-05
4.5200000000e+02	1.7518025055e-02	-1.2880344614e-02	6.7253030242e-05	3.7252915111e-05
4.5300000000e+02	1.7555279600e-02	-1.2947638824e-02	6.7335360761e-05	3.7256171669e-05
4.5400000000e+02	1.7592537392e-02	-1.3015015278e-02	6.7417516893e-05	3.7259407116e-05
4.5500000000e+02	1.7629798408e-02	-1.3082473800e-02	6.7499499358e-05	3.7262621634e-05
4.5600000000e+02	1.7667062628e-02	-1.3150014219e-02	6.7581308874e-05	3.7265815401e-05
4.5700000000e+02	1.7704330032e-02	-1.3217636361e-02	6.7662946154e-05	3.7268988596e-05
4.5800000000e+02	1.7741600598e-02	-1.3285340054e-02	6.7744411904e-05	3.7272141394e-05
4.5900000000e+02	1.7778874308e-02	-1.3353125127e-02	6.7825706830e-05	3.7275273968e-05
4.6000000000e+02	1.7816151140e-02	-1.3420991411e-02	6.7906831631e-05	3.7278386490e-05
4.6100000000e+02	1.7853431074e-02	-1.3488938734e-02	6.7987787003e-05	3.7281479131e-05
4.6200000000e+02	1.7890714091e-02	-1.3556966929e-02	6.8068573636e-05	3.7284552058e-05
4.6300000000e+02	1.7928000172e-02	-1.3625075825e-02	6.8149192218e-05	3.7287605439e-05
4.6400000000e+02	1.7965289296e-02	-1.3693265257e-02	6.8229643433e-05	3.7290639436e-05
4.6500000000e+02	1.8002581444e-02	-1.3761535057e-02	6.8309927959e-05	3.7293654215e-05
4.6600000000e+02	1.8039876598e-02	-1.3829885058e-02	6.8390046471e-05	3.7296649935e-05
4.6700000000e+02	1.8077174738e-02	-1.3898315095e-02	6.8469999641e-05	3.7299626757e-05
4.6800000000e+02	1.8114475845e-02	-1.3966825002e-02	6.8549788135e-05	3.7302584838e-05
4.6900000000e+02	1.8151779901e-02	-1.4035414616e-02	6.8629412617e-05	3.7305524335e-05
4.7000000000e+02	1.8189086888e-02	-1.4104083773e-02	6.8708873746e-05	3.7308445403e-05
4.7100000000e+02	1.8226396786e-02	-1.4172832309e-02	6.8788172177e-05	3.7311348194e-05
4.7200000000e+02	1.8263709578e-02	-1.4241660063e-02	6.8867308562e-05	3.7314232860e-05
4.7300000000e+02	1.8301025246e-02	-1.4310566873e-02	6.8946283548e-05	3.7317099551e-05
4.7400000000e+02	1.8338343771e-02	-1.4379552577e-02	6.9025097780e-05	3.7319948415e-05
4.7500000000e+02	1.8375665137e-02	-1.4448617015e-02	6.9103751898e-05	3.7322779600e-05
4.7600000000e+02	1.8412989324e-02	-1.4517760027e-02	6.9182246538e-05	3.7325593250e-05
4.7700000000e+02	1.8450316317e-02	-1.4586981455e-02	6.9260582332e-05	3.7328389509e-05
4.7800000000e+02	1.8487646098e-02	-1.4656281139e-02	6.9338759910e-05	3.7331168521e-05
4.7900000000e+02	1.8524978649e-02	-1.4725658922e-02	6.9416779898e-05	3.7333930425e-05
4.8000000000e+02	1.8562313953e-02	-1.4795114647e-02	6.9494642916e-05	3.7336675362e-05
4.8100000000e+02	1.8599651994e-02	-1.4864648156e-02	6.9572349584e-05	3.7339403469e-05
4.8200000000e+02	1.8636992754e-02	-1.4934259294e-02	6.9649900515e-05	3.7342114884e-05
4.8300000000e+02	1.8674336218e-02	-1.5003947905e-02	6.9727296322e-05	3.7344809741e-05
4.8400000000e+02	1.8711682368e-02	-1.5073713835e-02	6.9804537611e-05	3.7347488175e-05
4.8500000000e+02	1.8749031189e-02	-1.5143556929e-02	6.9881624986e-05	3.7350150318e-05
4.8600000000e+02	1.8786382664e-02	-1.5213477034e-02	6.9958559049e-05	3.7352796302e-05
4.8700000000e+02	1.8823736776e-02	-1.5283473997e-02	7.0035340396e-05	3.7355426257e-05
4.8800000000e+02	1.8861093511e-02	-1.5353547664e-02	7.0111969621e-05	3.7358040310e-05
4.8900000000e+02	1.8898452851e-02	-1.5423697885e-02	7.0188447314e-05	3.7360638591e-05
4.9000000000e+02	1.8935814783e-02	-1.5493924509e-02	7.0264774064e-05	3.7363221224e-05
4.9100000000e+02	1.8973179289e-02	-1.5564227383e-02	7.0340950452e-05	3.7365788335e-05
4.9200000000e+02	1.9010546354e-02	-1.5634606360e-02	7.0416977060e-05	3.7368340047e-05
4.9300000000e+02	1.9047915964e-02	-1.5705061288e-02	7.0492854465e-05	3.7370876484e-05
4.9400000000e+02	1.9085288102e-02	-1.5775592019e-02	7.0568583241e-05	3.7373397765e-05
4.9500000000e+02	1.9122662754e-02	-1.5846198405e-02	7.0644163958e-05	3.7375904011e-05
4.9600000000e+02	1.9160039905e-02	-1.5916880298e-02	7.0719597183e-05	3.7378395341e-05
4.9700000000e+02	1.9197419540e-02	-1.5987637550e-02	7.0794883481e-05	3.7380871873e-05
4.9800000000e+02	1.9234801644e-02	-1.6058470016e-02	7.0870023413e-05	3.7383333723e-05
4.9900000000e+02	1.9272186203e-02	-1.6129377548e-02	7.0945017537e-05	3.7385781007e-05
5.0000000000e+02	1.9309573201e-02	-1.6200360002e-02	7.1019866407e-05	3.7388213838e-05
5.0100000000e+02	1.9346962626e-02	-1.6271417233e-02	7.1094570576e-05	3.7390632330e-05
5.0200000000e+02	1.9384354461e-02	-1.6342549096e-02	7.1169130591e-05	3.7393036595e-05
5.0300000000e+02	1.9421748694e-02	-1.6413755446e-02	7.1243546999e-05	3.7395426744e-05
5.0400000000e+02	1.9459145310e-02	-1.6485036142e-02	7.1317820341e-05	3.7397802887e-05
5.0500000000e+02	1.9496544295e-02	-1.6556391039e-02	7.1391951158e-05	3.7400165132e-05
5.0600000000e+02	1.9533945636e-02	-1.6627819997e-02	7.1465939985e-05	3.7402513588e-05
5.0700000000e+02	1.9571349318e-02	-1.6699322872e-02	7.1539787357e-05	3.7404848360e-05
5.0800000000e+02	1.9608755328e-02	-1.6770899525e-02	7.1613493804e-05	3.7407169556e-05
5.0900000000e+02	1.9646163652e-02	-1.6842549813e-02	7.1687059854e-05	3.7409477279e-05
5.1000000000e+02	1.9683574278e-02	-1.6914273598e-02	7.1760486031e-05	3.7411771633e-05
5.1100000000e+02	1.9720987191e-02	-1.6986070739e-02	7.1833772857e-05	3.7414052721e-05
5.1200000000e+02	1.9758402379e-02	-1.7057941097e-02	7.1906920852e-05	3.7416320644e-05
5.1300000000e+02	1.9795819828e-02	-1.7129884534e-02	7.1979930531e-05	3.7418575504e-05
5.1400000000e+02	1.9833239526e-02	-1.7201900912e-02	7.2052802408e-05	3.7420817399e-05
5.1500000000e+02	1.9870661459e-02	-1.7273990093e-02	7.2125536994e-05	3.7423046430e-05
5.1600000000e+02	1.9908085614e-02	-1.7346151941e-02	7.2198134796e-05	3.7425262693e-05
5.1700000000e+02	1.9945511980e-02	-1.7418386318e-02	7.2270596320e-05	3.7427466286e-05
5.1800000000e+02	1.9982940543e-02	-1.7490693088e-02	7.2342922067e-05	3.7429657305e-05
5.1900000000e+02	2.0020371290e-02	-1.7563072117e-02	7.2415112537e-05	3.7431835845e-05
5.2000000000e+02	2.0057804210e-02	-1.7635523268e-02	7.2487168228e-05	3.7434002000e-05
5.2100000000e+02	2.0095239290e-02	-1.7708046408e-02	7.2559089632e-05	3.7436155864e-05
5.2200000000e+02	2.0132676518e-02	-1.7780641403e-02	7.2630877243e-05	3.7438297529e-05
5.2300000000e+02	2.0170115881e-02	-1.7853308118e-02	7.2702531548e-05	3.7440427086e-05
5.2400000000e+02	2.0207557368e-02	-1.7926046422e-02	7.2774053034e-05	3.7442544627e-05
5.2500000000e+02	2.0245000966e-02	-1.7998856180e-02	7.2845442184e-05	3.7444650242e-05
5.2600000000e+02	2.0282446665e-02	-1.8071737262e-02	7.2916699480e-05	3.7446744019e-05
5.2700000000e+02	2.0319894451e-02	-1.8144689535e-02	7.2987825401e-05	3.7448826046e-05
5.2800000000e+02	2.0357344313e-02	-1.8217712869e-02	7.3058820421e-05	3.7450896412e-05
5.2900000000e+02	2.0394796240e-02	-1.8290807133e-02	7.3129685014e-05	3.7452955203e-05
5.3000000000e+02	2.0432250219e-02	-1.8363972196e-02	7.3200419652e-05	3.7455002504e-05
5.3100000000e+02	2.0469706241e-02	-1.8437207929e-02	7.3271024802e-05	3.7457038401e-05
5.3200000000e+02	2.0507164292e-02	-1.8510514203e-02	7.3341500930e-05	3.7459062979e-05
5.3300000000e+02	2.0544624363e-02	-1.8583890888e-02	7.3411848501e-05	3.7461076319e-05
5.3400000000e+02	2.0582086441e-02	-1.8657337857e-02	7.3482067974e-05	3.7463078506e-05
5.3500000000e+02	2.0619550516e-02	-1.8730854981e-02	7.3552159809e-05	3.7465069621e-05
5.3600000000e+02	2.0657016577e-02	-1.8804442134e-02	7.3622124461e-05	3.7467049745e-05
5.3700000000e+02	2.0694484612e-02	-1.8878099188e-02	7.3691962384e-05	3.7469018959e-05
5.3800000000e+02	2.0731954611e-02	-1.8951826017e-02	7.3761674030e-05	3.7470977343e-05
5.3900000000e+02	2.0769426563e-02	-1.9025622494e-02	7.3831259847e-05	3.7472924976e-05
5.4000000000e+02	2.0806900458e-02	-1.9099488495e-02	7.3900720282e-05	3.7474861935e-05
5.4100000000e+02	2.0844376284e-02	-1.9173423893e-02	7.3970055780e-05	3.7476788299e-05
5.4200000000e+02	2.0881854031e-02	-1.9247428565e-02	7.4039266781e-05	3.7478704144e-05
5.4300000000e+02	2.0919333688e-02	-1.9321502385e-02	7.4108353727e-05	3.7480609547e-05
5.4400000000e+02	2.0956815246e-02	-1.9395645231e-02	7.4177317054e-05	3.7482504583e-05
5.4500000000e+02	2.0994298694e-02	-1.9469856978e-02	7.4246157197e-05	3.7484389326e-05
5.4600000000e+02	2.1031784022e-02	-1.9544137504e-02	7.4314874590e-05	3.7486263852e-05
5.4700000000e+02	2.1069271218e-02	-1.9618486687e-02	7.4383469662e-05	3.7488128234e-05
5.4800000000e+02	2.1106760275e-02	-1.9692904403e-02	7.4451942843e-05	3.7489982544e-05
5.4900000000e+02	2.1144251180e-02	-1.9767390532e-02	7.4520294558e-05	3.7491826854e-05
5.5000000000e+02	2.1181743925e-02	-1.9841944952e-02	7.4588525231e-05	3.7493661237e-05
5.5100000000e+02	2.1219238499e-02	-1.9916567542e-02	7.4656635284e-05	3.7495485762e-05
5.5200000000e+02	2.1256734893e-02	-1.9991258182e-02	7.4724625137e-05	3.7497300501e-05
5.5300000000e+02	2.1294233097e-02	-2.0066016753e-02	7.4792495207e-05	3.7499105523e-05
5.5400000000e+02	2.1331733101e-02	-2.0140843133e-02	7.4860245910e-05	3.7500900897e-05
5.5500000000e+02	2.1369234896e-02	-2.0215737205e-02	7.4927877659e-05	3.7502686692e-05
5.5600000000e+02	2.1406738471e-02	-2.0290698849e-02	7.4995390864e-05	3.7504462975e-05
5.5700000000e+02	2.1444243819e-02	-2.0365727947e-02	7.5062785935e-05	3.7506229813e-05
5.5800000000e+02	2.1481750928e-02	-2.0440824381e-02	7.5130063278e-05	3.7507987273e-05
5.5900000000e+02	2.1519259790e-02	-2.0515988035e-02	7.5197223300e-05	3.7509735421e-05
5.6000000000e+02	2.1556770396e-02	-2.0591218789e-02	7.5264266401e-05	3.7511474324e-05
5.6100000000e+02	2.1594282736e-02	-2.0666516528e-02	7.5331192984e-05	3.7513204044e-05
5.6200000000e+02	2.1631796801e-02	-2.0741881136e-02	7.5398003447e-05	3.7514924648e-05
5.6300000000e+02	2.1669312582e-02	-2.0817312497e-02	7.5464698186e-05	3.7516636198e-05
5.6400000000e+02	2.1706830070e-02	-2.0892810494e-02	7.5531277596e-05	3.7518338758e-05
5.6500000000e+02	2.1744349256e-02	-2.0968375014e-02	7.5597742071e-05	3.7520032390e-05
5.6600000000e+02	2.1781870132e-02	-2.1044005940e-02	7.5664092000e-05	3.7521717158e-05
5.6700000000e+02	2.1819392688e-02	-2.1119703160e-02	7.5730327773e-05	3.7523393121e-05
5.6800000000e+02	2.1856916915e-02	-2.1195466558e-02	7.5796449777e-05	3.7525060342e-05
5.6900000000e+02	2.1894442806e-02	-2.1271296021e-02	7.5862458395e-05	3.7526718880e-05
5.7000000000e+02	2.1931970350e-02	-2.1347191437e-02	7.5928354013e-05	3.7528368797e-05
5.7100000000e+02	2.1969499540e-02	-2.1423152692e-02	7.5994137009e-05	3.7530010150e-05
5.7200000000e+02	2.2007030368e-02	-2.1499179674e-02	7.6059807764e-05	3.7531643000e-05
5.7300000000e+02	2.2044562824e-02	-2.1575272270e-02	7.6125366656e-05	3.7533267405e-05
5.7400000000e+02	2.2082096900e-02	-2.1651430370e-02	7.6190814058e-05	3.7534883422e-05
5.7500000000e+02	2.2119632588e-02	-2.1727653861e-02	7.6256150346e-05	3.7536491110e-05
5.7600000000e+02	2.2157169879e-02	-2.1803942634e-02	7.6321375890e-05	3.7538090525e-05
5.7700000000e+02	2.2194708766e-02	-2.1880296576e-02	7.6386491061e-05	3.7539681723e-05
5.7800000000e+02	2.2232249240e-02	-2.1956715579e-02	7.6451496226e-05	3.7541264761e-05
5.7900000000e+02	2.2269791293e-02	-2.2033199532e-02	7.6516391753e-05	3.7542839695e-05
5.8000000000e+02	2.2307334917e-02	-2.2109748326e-02	7.6581178004e-05	3.7544406578e-05
5.8100000000e+02	2.2344880103e-02	-2.2186361852e-02	7.6645855344e-05	3.7545965467e-05
5.8200000000e+02	2.2382426845e-02	-2.2263040001e-02	7.6710424133e-05	3.7547516415e-05
5.8300000000e+02	2.2419975133e-02	-2.2339782664e-02	7.6774884730e-05	3.7549059476e-05
5.8400000000e+02	2.2457524961e-02	-2.2416589734e-02	7.6839237492e-05	3.7550594702e-05
5.8500000000e+02	2.2495076320e-02	-2.2493461103e-02	7.6903482775e-05	3.7552122148e-05
5.8600000000e+02	2.2532629203e-02	-2.2570396664e-02	7.6967620933e-05	3.7553641864e-05
5.8700000000e+02	2.2570183601e-02	-2.2647396309e-02	7.7031652318e-05	3.7555153904e-05
5.8800000000e+02	2.2607739508e-02	-2.2724459933e-02	7.7095577281e-05	3.7556658318e-05
5.8900000000e+02	2.2645296916e-02	-2.2801587429e-02	7.7159396170e-05	3.7558155158e-05
5.9000000000e+02	2.2682855816e-02	-2.2878778690e-02	7.7223109332e-05	3.7559644474e-05
5.9100000000e+02	2.2720416202e-02	-2.2956033612e-02	7.7286717114e-05	3.7561126317e-05
5.9200000000e+02	2.2757978066e-02	-2.3033352089e-02	7.7350219857e-05	3.7562600736e-05
5.9300000000e+02	2.2795541401e-02	-2.3110734017e-02	7.7413617906e-05	3.7564067780e-05
5.9400000000e+02	2.2833106199e-02	-2.3188179290e-02	7.7476911599e-05	3.7565527499e-05
5.9500000000e+02	2.2870672454e-02	-2.3265687806e-02	7.7540101276e-05	3.7566979941e-05
5.9600000000e+02	2.2908240157e-02	-2.3343259458e-02	7.7603187274e-05	3.7568425155e-05
5.9700000000e+02	2.2945809301e-02	-2.3420894146e-02	7.7666169928e-05	3.7569863187e-05
5.9800000000e+02	2.2983379881e-02	-2.3498591764e-02	7.7729049573e-05	3.7571294086e-05
5.9900000000e+02	2.3020951887e-02	-2.3576352211e-02	7.7791826541e-05	3.7572717899e-05
6.0000000000e+02	2.3058525314e-02	-2.3654175383e-02	7.7854501162e-05	3.7574134671e-05
6.0100000000e+02	2.3096100154e-02	-2.3732061179e-02	7.7917073766e-05	3.7575544449e-05
6.0200000000e+02	2.3133676401e-02	-2.3810009497e-02	7.7979544680e-05	3.7576947280e-05
6.0300000000e+02	2.3171254047e-02	-2.3888020234e-02	7.8041914230e-05	3.7578343208e-05
6.0400000000e+02	2.3208833085e-02	-2.3966093291e-02	7.8104182742e-05	3.7579732279e-05
6.0500000000e+02	2.3246413509e-02	-2.4044228566e-02	7.8166350537e-05	3.7581114537e-05
6.0600000000e+02	2.3283995312e-02	-2.4122425959e-02	7.8228417938e-05	3.7582490026e-05
6.0700000000e+02	2.3321578487e-02	-2.4200685369e-02	7.8290385264e-05	3.7583858792e-05
6.0800000000e+02	2.3359163027e-02	-2.4279006696e-02	7.8352252834e-05	3.7585220877e-05
6.0900000000e+02	2.3396748926e-02	-2.4357389841e-02	7.8414020965e-05	3.7586576324e-05
6.1000000000e+02	2.3434336177e-02	-2.4435834705e-02	7.8475689971e-05	3.7587925177e-05
6.1100000000e+02	2.3471924774e-02	-2.4514341188e-02	7.8537260168e-05	3.7589267478e-05
6.1200000000e+02	2.3509514710e-02	-2.4592909193e-02	7.8598731867e-05	3.7590603270e-05
6.1300000000e+02	2.3547105979e-02	-2.4671538619e-02	7.8660105380e-05	3.7591932594e-05
6.1400000000e+02	2.3584698573e-02	-2.4750229371e-02	7.8721381016e-05	3.7593255492e-05
6.1500000000e+02	2.3622292488e-02	-2.4828981349e-02	7.8782559084e-05	3.7594572005e-05
6.1600000000e+02	2.3659887715e-02	-2.4907794456e-02	7.8843639889e-05	3.7595882174e-05
6.1700000000e+02	2.3697484250e-02	-2.4986668596e-02	7.8904623738e-05	3.7597186040e-05
6.1800000000e+02	2.3735082085e-02	-2.5065603672e-02	7.8965510934e-05	3.7598483643e-05
6.1900000000e+02	2.3772681215e-02	-2.5144599586e-02	7.9026301779e-05	3.7599775023e-05
6.2000000000e+02	2.3810281633e-02	-2.5223656243e-02	7.9086996575e-05	3.7601060219e-05
6.2100000000e+02	2.3847883333e-02	-2.5302773547e-02	7.9147595621e-05	3.7602339272e-05
6.2200000000e+02	2.3885486310e-02	-2.5381951403e-02	7.9208099216e-05	3.7603612219e-05
6.2300000000e+02	2.3923090556e-02	-2.5461189714e-02	7.9268507656e-05	3.7604879100e-05
6.2400000000e+02	2.3960696066e-02	-2.5540488386e-02	7.9328821238e-05	3.7606139952e-05
6.2500000000e+02	2.3998302834e-02	-2.5619847325e-02	7.9389040254e-05	3.7607394815e-05
6.2600000000e+02	2.4035910854e-02	-2.5699266435e-02	7.9449164998e-05	3.7608643726e-05
6.2700000000e+02	2.4073520119e-02	-2.5778745624e-02	7.9509195762e-05	3.7609886722e-05
6.2800000000e+02	2.4111130625e-02	-2.5858284796e-02	7.9569132836e-05	3.7611123840e-05
6.2900000000e+02	2.4148742365e-02	-2.5937883858e-02	7.9628976507e-05	3.7612355118e-05
6.3000000000e+02	2.4186355333e-02	-2.6017542718e-02	7.9688727065e-05	3.7613580592e-05
6.3100000000e+02	2.4223969524e-02	-2.6097261281e-02	7.9748384795e-05	3.7614800299e-05
6.3200000000e+02	2.4261584932e-02	-2.6177039456e-02	7.9807949982e-05	3.7616014274e-05
6.3300000000e+02	2.4299201551e-02	-2.6256877151e-02	7.9867422909e-05	3.7617222553e-05
6.3400000000e+02	2.4336819375e-02	-2.6336774272e-02	7.9926803859e-05	3.7618425172e-05
6.3500000000e+02	2.4374438399e-02	-2.6416730728e-02	7.9986093114e-05	3.7619622166e-05
6.3600000000e+02	2.4412058618e-02	-2.6496746427e-02	8.0045290951e-05	3.7620813570e-05
6.3700000000e+02	2.4449680025e-02	-2.6576821279e-02	8.0104397651e-05	3.7621999418e-05
6.3800000000e+02	2.4487302615e-02	-2.6656955192e-02	8.0163413491e-05	3.7623179745e-05
6.3900000000e+02	2.4524926382e-02	-2.6737148076e-02	8.0222338746e-05	3.7624354585e-05
6.4000000000e+02	2.4562551322e-02	-2.6817399840e-02	8.0281173690e-05	3.7625523973e-05
6.4100000000e+02	2.4600177428e-02	-2.6897710393e-02	8.0339918599e-05	3.7626687941e-05
6.4200000000e+02	2.4637804696e-02	-2.6978079647e-02	8.0398573743e-05	3.7627846523e-05
6.4300000000e+02	2.4675433120e-02	-2.7058507511e-02	8.0457139395e-05	3.7628999752e-05
6.4400000000e+02	2.4713062694e-02	-2.7138993896e-02	8.0515615823e-05	3.7630147661e-05
6.4500000000e+02	2.4750693413e-02	-2.7219538713e-02	8.0574003297e-05	3.7631290282e-05
6.4600000000e+02	2.4788325273e-02	-2.7300141873e-02	8.0632302083e-05	3.7632427648e-05
6.4700000000e+02	2.4825958267e-02	-2.7380803288e-02	8.0690512449e-05	3.7633559792e-05
6.4800000000e+02	2.4863592391e-02	-2.7461522869e-02	8.0748634659e-05	3.7634686744e-05
6.4900000000e+02	2.4901227639e-02	-2.7542300528e-02	8.0806668978e-05	3.7635808536e-05
6.5000000000e+02	2.4938864006e-02	-2.7623136177e-02	8.0864615667e-05	3.7636925200e-05
6.5100000000e+02	2.4976501487e-02	-2.7704029730e-02	8.0922474988e-05	3.7638036768e-05
6.5200000000e+02	2.5014140078e-02	-2.7784981098e-02	8.0980247203e-05	3.7639143269e-05
6.5300000000e+02	2.5051779772e-02	-2.7865990195e-02	8.1037932569e-05	3.7640244735e-05
6.5400000000e+02	2.5089420566e-02	-2.7947056935e-02	8.1095531346e-05	3.7641341195e-05
6.5500000000e+02	2.5127062453e-02	-2.8028181229e-02	8.1153043790e-05	3.7642432681e-05
6.5600000000e+02	2.5164705429e-02	-2.8109362994e-02	8.1210470157e-05	3.7643519222e-05
6.5700000000e+02	2.5202349490e-02	-2.8190602141e-02	8.1267810701e-05	3.7644600848e-05
6.5800000000e+02	2.5239994629e-02	-2.8271898586e-02	8.1325065677e-05	3.7645677589e-05
6.5900000000e+02	2.5277640843e-02	-2.8353252244e-02	8.1382235337e-05	3.7646749473e-05
6.6000000000e+02	2.5315288127e-02	-2.8434663029e-02	8.1439319932e-05	3.7647816530e-05
6.6100000000e+02	2.5352936475e-02	-2.8516130856e-02	8.1496319713e-05	3.7648878789e-05
6.6200000000e+02	2.5390585883e-02	-2.8597655640e-02	8.1553234928e-05	3.7649936279e-05
6.6300000000e+02	2.5428236346e-02	-2.8679237297e-02	8.1610065827e-05	3.7650989027e-05
6.6400000000e+02	2.5465887859e-02	-2.8760875744e-02	8.1666812655e-05	3.7652037062e-05
6.6500000000e+02	2.5503540418e-02	-2.8842570895e-02	8.1723475659e-05	3.7653080413e-05
6.6600000000e+02	2.5541194018e-02	-2.8924322667e-02	8.1780055083e-05	3.7654119106e-05
6.6700000000e+02	2.5578848655e-02	-2.9006130977e-02	8.1836551172e-05	3.7655153170e-05
6.6800000000e+02	2.5616504323e-02	-2.9087995742e-02	8.1892964169e-05	3.7656182632e-05
6.6900000000e+02	2.5654161019e-02	-2.9169916878e-02	8.1949294315e-05	3.7657207520e-05
6.7000000000e+02	2.5691818737e-02	-2.9251894303e-02	8.2005541850e-05	3.7658227859e-05
6.7100000000e+02	2.5729477473e-02	-2.9333927934e-02	8.2061707015e-05	3.7659243678e-05
6.7200000000e+02	2.5767137223e-02	-2.9416017689e-02	8.2117790048e-05	3.7660255002e-05
6.7300000000e+02	2.5804797981e-02	-2.9498163487e-02	8.2173791186e-05	3.7661261858e-05
6.7400000000e+02	2.5842459745e-02	-2.9580365245e-02	8.2229710667e-05	3.7662264273e-05
6.7500000000e+02	2.5880122508e-02	-2.9662622881e-02	8.2285548725e-05	3.7663262271e-05
6.7600000000e+02	2.5917786268e-02	-2.9744936315e-02	8.2341305596e-05	3.7664255880e-05
6.7700000000e+02	2.5955451019e-02	-2.9827305465e-02	8.2396981513e-05	3.7665245125e-05
6.7800000000e+02	2.5993116757e-02	-2.9909730251e-02	8.2452576708e-05	3.7666230031e-05
6.7900000000e+02	2.6030783477e-02	-2.9992210592e-02	8.2508091413e-05	3.7667210624e-05
6.8000000000e+02	2.6068451177e-02	-3.0074746407e-02	8.2563525858e-05	3.7668186928e-05
6.8100000000e+02	2.6106119850e-02	-3.0157337617e-02	8.2618880274e-05	3.7669158969e-05
6.8200000000e+02	2.6143789493e-02	-3.0239984141e-02	8.2674154889e-05	3.7670126771e-05
6.8300000000e+02	2.6181460102e-02	-3.0322685900e-02	8.2729349930e-05	3.7671090359e-05
6.8400000000e+02	2.6219131672e-02	-3.0405442815e-02	8.2784465624e-05	3.7672049758e-05
6.8500000000e+02	2.6256804200e-02	-3.0488254805e-02	8.2839502197e-05	3.7673004991e-05
6.8600000000e+02	2.6294477681e-02	-3.0571121793e-02	8.2894459874e-05	3.7673956082e-05
6.8700000000e+02	2.6332152111e-02	-3.0654043699e-02	8.2949338878e-05	3.7674903056e-05
6.8800000000e+02	2.6369827486e-02	-3.0737020444e-02	8.3004139433e-05	3.7675845935e-05
6.8900000000e+02	2.6407503801e-02	-3.0820051951e-02	8.3058861760e-05	3.7676784745e-05
6.9000000000e+02	2.6445181054e-02	-3.0903138142e-02	8.3113506081e-05	3.7677719507e-05
6.9100000000e+02	2.6482859239e-02	-3.0986278938e-02	8.3168072615e-05	3.7678650245e-05
6.9200000000e+02	2.6520538353e-02	-3.1069474261e-02	8.3222561581e-05	3.7679576983e-05
6.9300000000e+02	2.6558218392e-02	-3.1152724035e-02	8.3276973199e-05	3.7680499742e-05
6.9400000000e+02	2.6595899351e-02	-3.1236028182e-02	8.3331307684e-05	3.7681418546e-05
6.9500000000e+02	2.6633581228e-02	-3.1319386625e-02	8.3385565255e-05	3.7682333418e-05
6.9600000000e+02	2.6671264017e-02	-3.1402799287e-02	8.3439746126e-05	3.7683244379e-05
6.9700000000e+02	2.6708947715e-02	-3.1486266091e-02	8.3493850511e-05	3.7684151451e-05
6.9800000000e+02	2.6746632318e-02	-3.1569786962e-02	8.3547878626e-05	3.7685054658e-05
6.9900000000e+02	2.6784317823e-02	-3.1653361823e-02	8.3601830681e-05	3.7685954020e-05
7.0000000000e+02	2.6822004225e-02	-3.1736990598e-02	8.3655706891e-05	3.7686849559e-05
7.0100000000e+02	2.6859691521e-02	-3.1820673212e-02	8.3709507465e-05	3.7687741298e-05
7.0200000000e+02	2.6897379706e-02	-3.1904409588e-02	8.3763232613e-05	3.7688629257e-05
7.0300000000e+02	2.6935068778e-02	-3.1988199652e-02	8.3816882546e-05	3.7689513458e-05
7.0400000000e+02	2.6972758732e-02	-3.2072043328e-02	8.3870457472e-05	3.7690393922e-05
7.0500000000e+02	2.7010449565e-02	-3.2155940542e-02	8.3923957598e-05	3.7691270670e-05
7.0600000000e+02	2.7048141272e-02	-3.2239891219e-02	8.3977383132e-05	3.7692143723e-05
7.0700000000e+02	2.7085833851e-02	-3.2323895284e-02	8.4030734278e-05	3.7693013101e-05
7.0800000000e+02	2.7123527297e-02	-3.2407952662e-02	8.4084011242e-05	3.7693878825e-05
7.0900000000e+02	2.7161221607e-02	-3.2492063281e-02	8.4137214230e-05	3.7694740915e-05
7.1000000000e+02	2.7198916778e-02	-3.2576227066e-02	8.4190343443e-05	3.7695599392e-05
7.1100000000e+02	2.7236612805e-02	-3.2660443944e-02	8.4243399084e-05	3.7696454276e-05
7.1200000000e+02	2.7274309685e-02	-3.2744713840e-02	8.4296381356e-05	3.7697305587e-05
7.1300000000e+02	2.7312007415e-02	-3.2829036682e-02	8.4349290459e-05	3.7698153344e-05
7.1400000000e+02	2.7349705991e-02	-3.2913412397e-02	8.4402126593e-05	3.7698997568e-05
7.1500000000e+02	2.7387405409e-02	-3.2997840911e-02	8.4454889958e-05	3.7699838278e-05
7.1600000000e+02	2.7425105666e-02	-3.3082322152e-02	8.4507580752e-05	3.7700675493e-05
7.1700000000e+02	2.7462806759e-02	-3.3166856048e-02	8.4560199173e-05	3.7701509233e-05
7.1800000000e+02	2.7500508683e-02	-3.3251442527e-02	8.4612745418e-05	3.7702339516e-05
7.1900000000e+02	2.7538211437e-02	-3.3336081515e-02	8.4665219683e-05	3.7703166363e-05
7.2000000000e+02	2.7575915015e-02	-3.3420772942e-02	8.4717622163e-05	3.7703989791e-05
7.2100000000e+02	2.7613619415e-02	-3.3505516736e-02	8.4769953052e-05	3.7704809820e-05
7.2200000000e+02	2.7651324634e-02	-3.3590312824e-02	8.4822212546e-05	3.7705626468e-05
7.2300000000e+02	2.7689030667e-02	-3.3675161137e-02	8.4874400835e-05	3.7706439754e-05
7.2400000000e+02	2.7726737512e-02	-3.3760061602e-02	8.4926518114e-05	3.7707249696e-05
7.2500000000e+02	2.7764445165e-02	-3.3845014150e-02	8.4978564572e-05	3.7708056313e-05
7.2600000000e+02	2.7802153623e-02	-3.3930018708e-02	8.5030540401e-05	3.7708859622e-05
7.2700000000e+02	2.7839862883e-02	-3.4015075207e-02	8.5082445791e-05	3.7709659642e-05
7.2800000000e+02	2.7877572942e-02	-3.4100183576e-02	8.5134280931e-05	3.7710456390e-05
7.2900000000e+02	2.7915283795e-02	-3.4185343745e-02	8.5186046009e-05	3.7711249884e-05
7.3000000000e+02	2.7952995440e-02	-3.4270555645e-02	8.5237741213e-05	3.7712040143e-05
7.3100000000e+02	2.7990707874e-02	-3.4355819205e-02	8.5289366729e-05	3.7712827183e-05
7.3200000000e+02	2.8028421094e-02	-3.4441134355e-02	8.5340922744e-05	3.7713611022e-05
7.3300000000e+02	2.8066135095e-02	-3.4526501027e-02	8.5392409444e-05	3.7714391677e-05
7.3400000000e+02	2.8103849876e-02	-3.4611919151e-02	8.5443827012e-05	3.7715169166e-05
7.3500000000e+02	2.8141565433e-02	-3.4697388658e-02	8.5495175633e-05	3.7715943505e-05
7.3600000000e+02	2.8179281762e-02	-3.4782909479e-02	8.5546455491e-05	3.7716714711e-05
7.3700000000e+02	2.8216998861e-02	-3.4868481546e-02	8.5597666767e-05	3.7717482802e-05
7.3800000000e+02	2.8254716726e-02	-3.4954104790e-02	8.5648809643e-05	3.7718247794e-05
7.3900000000e+02	2.8292435355e-02	-3.5039779143e-02	8.5699884301e-05	3.7719009703e-05
7.4000000000e+02	2.8330154745e-02	-3.5125504536e-02	8.5750890920e-05	3.7719768547e-05
7.4100000000e+02	2.8367874892e-02	-3.5211280902e-02	8.5801829681e-05	3.7720524341e-05
7.4200000000e+02	2.8405595792e-02	-3.5297108173e-02	8.5852700762e-05	3.7721277102e-05
7.4300000000e+02	2.8443317445e-02	-3.5382986281e-02	8.5903504342e-05	3.7722026846e-05
7.4400000000e+02	2.8481039845e-02	-3.5468915159e-02	8.5954240597e-05	3.7722773590e-05
7.4500000000e+02	2.8518762991e-02	-3.5554894740e-02	8.6004909706e-05	3.7723517348e-05
7.4600000000e+02	2.8556486879e-02	-3.5640924956e-02	8.6055511843e-05	3.7724258137e-05
7.4700000000e+02	2.8594211506e-02	-3.5727005741e-02	8.6106047185e-05	3.7724995973e-05
7.4800000000e+02	2.8631936870e-02	-3.5813137028e-02	8.6156515907e-05	3.7725730871e-05
7.4900000000e+02	2.8669662967e-02	-3.5899318751e-02	8.6206918181e-05	3.7726462847e-05
7.5000000000e+02	2.8707389795e-02	-3.5985550843e-02	8.6257254183e-05	3.7727191917e-05
7.5100000000e+02	2.8745117350e-02	-3.6071833237e-02	8.6307524084e-05	3.7727918095e-05
7.5200000000e+02	2.8782845630e-02	-3.6158165869e-02	8.6357728057e-05	3.7728641397e-05
7.5300000000e+02	2.8820574632e-02	-3.6244548671e-02	8.6407866272e-05	3.7729361838e-05
7.5400000000e+02	2.8858304353e-02	-3.6330981579e-02	8.6457938902e-05	3.7730079433e-05
7.5500000000e+02	2.8896034790e-02	-3.6417464527e-02	8.6507946115e-05	3.7730794197e-05
7.5600000000e+02	2.8933765940e-02	-3.6503997450e-02	8.6557888082e-05	3.7731506145e-05
7.5700000000e+02	2.8971497801e-02	-3.6590580282e-02	8.6607764971e-05	3.7732215292e-05
7.5800000000e+02	2.9009230370e-02	-3.6677212958e-02	8.6657576950e-05	3.7732921652e-05
7.5900000000e+02	2.9046963643e-02	-3.6763895414e-02	8.6707324187e-05	3.7733625240e-05
7.6000000000e+02	2.9084697619e-02	-3.6850627585e-02	8.6757006848e-05	3.7734326070e-05
7.6100000000e+02	2.9122432295e-02	-3.6937409406e-02	8.6806625100e-05	3.7735024157e-05
7.6200000000e+02	2.9160167667e-02	-3.7024240814e-02	8.6856179108e-05	3.7735719515e-05
7.6300000000e+02	2.9197903733e-02	-3.7111121743e-02	8.6905669038e-05	3.7736412158e-05
7.6400000000e+02	2.9235640490e-02	-3.7198052131e-02	8.6955095053e-05	3.7737102100e-05
7.6500000000e+02	2.9273377936e-02	-3.7285031912e-02	8.7004457318e-05	3.7737789355e-05
7.6600000000e+02	2.9311116068e-02	-3.7372061024e-02	8.7053755995e-05	3.7738473938e-05
7.6700000000e+02	2.9348854883e-02	-3.7459139403e-02	8.7102991246e-05	3.7739155862e-05
7.6800000000e+02	2.9386594379e-02	-3.7546266986e-02	8.7152163235e-05	3.7739835140e-05
7.6900000000e+02	2.9424334552e-02	-3.7633443708e-02	8.7201272121e-05	3.7740511787e-05
7.7000000000e+02	2.9462075401e-02	-3.7720669509e-02	8.7250318065e-05	3.7741185815e-05
7.7100000000e+02	2.9499816923e-02	-3.7807944324e-02	8.7299301228e-05	3.7741857239e-05
7.7200000000e+02	2.9537559115e-02	-3.7895268090e-02	8.7348221769e-05	3.7742526072e-05
7.7300000000e+02	2.9575301974e-02	-3.7982640746e-02	8.7397079846e-05	3.7743192326e-05
7.7400000000e+02	2.9613045499e-02	-3.8070062229e-02	8.7445875618e-05	3.7743856016e-05
7.7500000000e+02	2.9650789686e-02	-3.8157532477e-02	8.7494609242e-05	3.7744517155e-05
7.7600000000e+02	2.9688534532e-02	-3.8245051427e-02	8.7543280875e-05	3.7745175754e-05
7.7700000000e+02	2.9726280036e-02	-3.8332619018e-02	8.7591890675e-05	3.7745831829e-05
7.7800000000e+02	2.9764026195e-02	-3.8420235188e-02	8.7640438796e-05	3.7746485390e-05
7.7900000000e+02	2.9801773006e-02	-3.8507899875e-02	8.7688925393e-05	3.7747136451e-05
7.8000000000e+02	2.9839520467e-02	-3.8595613018e-02	8.7737350622e-05	3.7747785026e-05
7.8100000000e+02	2.9877268575e-02	-3.8683374556e-02	8.7785714637e-05	3.7748431125e-05
7.8200000000e+02	2.9915017329e-02	-3.8771184427e-02	8.7834017590e-05	3.7749074763e-05
7.8300000000e+02	2.9952766724e-02	-3.8859042571e-02	8.7882259636e-05	3.7749715951e-05
7.8400000000e+02	2.9990516760e-02	-3.8946948926e-02	8.7930440926e-05	3.7750354702e-05
7.8500000000e+02	3.0028267433e-02	-3.9034903432e-02	8.7978561612e-05	3.7750991028e-05
7.8600000000e+02	3.0066018741e-02	-3.9122906029e-02	8.8026621845e-05	3.7751624941e-05
7.8700000000e+02	3.0103770682e-02	-3.9210956656e-02	8.8074621776e-05	3.7752256454e-05
7.8800000000e+02	3.0141523253e-02	-3.9299055253e-02	8.8122561556e-05	3.7752885579e-05
7.8900000000e+02	3.0179276452e-02	-3.9387201759e-02	8.8170441333e-05	3.7753512327e-05
7.9000000000e+02	3.0217030277e-02	-3.9475396115e-02	8.8218261256e-05	3.7754136711e-05
7.9100000000e+02	3.0254784725e-02	-3.9563638262e-02	8.8266021475e-05	3.7754758742e-05
7.9200000000e+02	3.0292539794e-02	-3.9651928139e-02	8.8313722137e-05	3.7755378432e-05
7.9300000000e+02	3.0330295481e-02	-3.9740265686e-02	8.8361363389e-05	3.7755995794e-05
7.9400000000e+02	3.0368051784e-02	-3.9828650846e-02	8.8408945378e-05	3.7756610838e-05
7.9500000000e+02	3.0405808702e-02	-3.9917083557e-02	8.8456468250e-05	3.7757223576e-05
7.9600000000e+02	3.0443566231e-02	-4.0005563762e-02	8.8503932152e-05	3.7757834020e-05
7.9700000000e+02	3.0481324369e-02	-4.0094091402e-02	8.8551337228e-05	3.7758442180e-05
7.9800000000e+02	3.0519083114e-02	-4.0182666417e-02	8.8598683624e-05	3.7759048070e-05
7.9900000000e+02	3.0556842464e-02	-4.0271288750e-02	8.8645971482e-05	3.7759651699e-05
8.0000000000e+02	3.0594602417e-02	-4.0359958341e-02	8.8693200947e-05	3.7760253078e-05
8.0100000000e+02	3.0632362970e-02	-4.0448675132e-02	8.8740372162e-05	3.7760852220e-05
8.0200000000e+02	3.0670124121e-02	-4.0537439066e-02	8.8787485270e-05	3.7761449135e-05
8.0300000000e+02	3.0707885867e-02	-4.0626250083e-02	8.8834540412e-05	3.7762043835e-05
8.0400000000e+02	3.0745648208e-02	-4.0715108127e-02	8.8881537730e-05	3.7762636329e-05
8.0500000000e+02	3.0783411139e-02	-4.0804013140e-02	8.8928477365e-05	3.7763226629e-05
8.0600000000e+02	3.0821174660e-02	-4.0892965063e-02	8.8975359458e-05	3.7763814746e-05
8.0700000000e+02	3.0858938768e-02	-4.0981963839e-02	8.9022184148e-05	3.7764400690e-05
8.0800000000e+02	3.0896703461e-02	-4.1071009412e-02	8.9068951575e-05	3.7764984473e-05
8.0900000000e+02	3.0934468736e-02	-4.1160101724e-02	8.9115661879e-05	3.7765566104e-05
8.1000000000e+02	3.0972234592e-02	-4.1249240717e-02	8.9162315197e-05	3.7766145595e-05
8.1100000000e+02	3.1010001027e-02	-4.1338426335e-02	8.9208911667e-05	3.7766722955e-05
8.1200000000e+02	3.1047768038e-02	-4.1427658521e-02	8.9255451427e-05	3.7767298196e-05
8.1300000000e+02	3.1085535623e-02	-4.1516937219e-02	8.9301934614e-05	3.7767871327e-05
8.1400000000e+02	3.1123303780e-02	-4.1606262372e-02	8.9348361365e-05	3.7768442359e-05
8.1500000000e+02	3.1161072507e-02	-4.1695633923e-02	8.9394731815e-05	3.7769011302e-05
8.1600000000e+02	3.1198841801e-02	-4.1785051817e-02	8.9441046101e-05	3.7769578167e-05
8.1700000000e+02	3.1236611662e-02	-4.1874515996e-02	8.9487304356e-05	3.7770142962e-05
8.1800000000e+02	3.1274382087e-02	-4.1964026407e-02	8.9533506716e-05	3.7770705699e-05
8.1900000000e+02	3.1312153073e-02	-4.2053582991e-02	8.9579653314e-05	3.7771266388e-05
8.2000000000e+02	3.1349924619e-02	-4.2143185695e-02	8.9625744285e-05	3.7771825037e-05
8.2100000000e+02	3.1387696722e-02	-4.2232834461e-02	8.9671779761e-05	3.7772381658e-05
8.2200000000e+02	3.1425469381e-02	-4.2322529236e-02	8.9717759875e-05	3.7772936259e-05
8.2300000000e+02	3.1463242594e-02	-4.2412269963e-02	8.9763684759e-05	3.7773488852e-05
8.2400000000e+02	3.1501016358e-02	-4.2502056587e-02	8.9809554545e-05	3.7774039444e-05
8.2500000000e+02	3.1538790672e-02	-4.2591889054e-02	8.9855369365e-05	3.7774588047e-05
8.2600000000e+02	3.1576565534e-02	-4.2681767307e-02	8.9901129348e-05	3.7775134669e-05
8.2700000000e+02	3.1614340941e-02	-4.2771691294e-02	8.9946834625e-05	3.7775679320e-05
8.2800000000e+02	3.1652116892e-02	-4.2861660958e-02	8.9992485327e-05	3.7776222010e-05
8.2900000000e+02	3.1689893384e-02	-4.2951676246e-02	9.0038081581e-05	3.7776762747e-05
8.3000000000e+02	3.1727670417e-02	-4.3041737104e-02	9.0083623518e-05	3.7777301542e-05
8.3100000000e+02	3.1765447987e-02	-4.3131843475e-02	9.0129111266e-05	3.7777838403e-05
8.3200000000e+02	3.1803226093e-02	-4.3221995308e-02	9.0174544953e-05	3.7778373340e-05
8.3300000000e+02	3.1841004733e-02	-4.3312192547e-02	9.0219924706e-05	3.7778906362e-05
8.3400000000e+02	3.1878783905e-02	-4.3402435140e-02	9.0265250653e-05	3.7779437478e-05
8.3500000000e+02	3.1916563607e-02	-4.3492723031e-02	9.0310522920e-05	3.7779966697e-05
8.3600000000e+02	3.1954343838e-02	-4.3583056168e-02	9.0355741633e-05	3.7780494028e-05
8.3700000000e+02	3.1992124595e-02	-4.3673434496e-02	9.0400906919e-05	3.7781019480e-05
8.3800000000e+02	3.2029905876e-02	-4.3763857964e-02	9.0446018902e-05	3.7781543062e-05
8.3900000000e+02	3.2067687680e-02	-4.3854326516e-02	9.0491077707e-05	3.7782064783e-05
8.4000000000e+02	3.2105470005e-02	-4.3944840101e-02	9.0536083460e-05	3.7782584651e-05
8.4100000000e+02	3.2143252849e-02	-4.4035398666e-02	9.0581036284e-05	3.7783102676e-05
8.4200000000e+02	3.2181036210e-02	-4.4126002156e-02	9.0625936302e-05	3.7783618866e-05
8.4300000000e+02	3.2218820086e-02	-4.4216650521e-02	9.0670783638e-05	3.7784133229e-05
8.4400000000e+02	3.2256604476e-02	-4.4307343706e-02	9.0715578414e-05	3.7784645775e-05
8.4500000000e+02	3.2294389377e-02	-4.4398081660e-02	9.0760320754e-05	3.7785156512e-05
8.4600000000e+02	3.2332174788e-02	-4.4488864330e-02	9.0805010778e-05	3.7785665448e-05
8.4700000000e+02	3.2369960707e-02	-4.4579691664e-02	9.0849648608e-05	3.7786172592e-05
8.4800000000e+02	3.2407747133e-02	-4.4670563610e-02	9.0894234366e-05	3.7786677952e-05
8.4900000000e+02	3.2445534063e-02	-4.4761480116e-02	9.0938768172e-05	3.7787181536e-05
8.5000000000e+02	3.2483321495e-02	-4.4852441129e-02	9.0983250146e-05	3.7787683353e-05
8.5100000000e+02	3.2521109429e-02	-4.4943446599e-02	9.1027680408e-05	3.7788183412e-05
8.5200000000e+02	3.2558897861e-02	-4.5034496473e-02	9.1072059078e-05	3.7788681719e-05
8.5300000000e+02	3.2596686792e-02	-4.5125590700e-02	9.1116386273e-05	3.7789178284e-05
8.5400000000e+02	3.2634476217e-02	-4.5216729228e-02	9.1160662114e-05	3.7789673115e-05
8.5500000000e+02	3.2672266137e-02	-4.5307912007e-02	9.1204886718e-05	3.7790166219e-05
8.5600000000e+02	3.2710056549e-02	-4.5399138984e-02	9.1249060203e-05	3.7790657604e-05
8.5700000000e+02	3.2747847452e-02	-4.5490410110e-02	9.1293182686e-05	3.7791147280e-05
8.5800000000e+02	3.2785638843e-02	-4.5581725333e-02	9.1337254285e-05	3.7791635252e-05
8.5900000000e+02	3.2823430722e-02	-4.5673084602e-02	9.1381275115e-05	3.7792121530e-05
8.6000000000e+02	3.2861223086e-02	-4.5764487866e-02	9.1425245293e-05	3.7792606121e-05
8.6100000000e+02	3.2899015933e-02	-4.5855935076e-02	9.1469164935e-05	3.7793089034e-05
8.6200000000e+02	3.2936809263e-02	-4.5947426179e-02	9.1513034156e-05	3.7793570274e-05
8.6300000000e+02	3.2974603073e-02	-4.6038961127e-02	9.1556853071e-05	3.7794049852e-05
8.6400000000e+02	3.3012397362e-02	-4.6130539869e-02	9.1600621795e-05	3.7794527773e-05
8.6500000000e+02	3.3050192128e-02	-4.6222162354e-02	9.1644340442e-05	3.7795004046e-05
8.6600000000e+02	3.3087987370e-02	-4.6313828533e-02	9.1688009126e-05	3.7795478678e-05
8.6700000000e+02	3.3125783085e-02	-4.6405538356e-02	9.1731627959e-05	3.7795951677e-05
8.6800000000e+02	3.3163579273e-02	-4.6497291772e-02	9.1775197056e-05	3.7796423050e-05
8.6900000000e+02	3.3201375931e-02	-4.6589088733e-02	9.1818716529e-05	3.7796892804e-05
8.7000000000e+02	3.3239173058e-02	-4.6680929189e-02	9.1862186490e-05	3.7797360948e-05
8.7100000000e+02	3.3276970652e-02	-4.6772813090e-02	9.1905607052e-05	3.7797827488e-05
8.7200000000e+02	3.3314768712e-02	-4.6864740387e-02	9.1948978324e-05	3.7798292432e-05
8.7300000000e+02	3.3352567236e-02	-4.6956711030e-02	9.1992300420e-05	3.7798755786e-05
8.7400000000e+02	3.3390366223e-02	-4.7048724971e-02	9.2035573449e-05	3.7799217559e-05
8.7500000000e+02	3.3428165671e-02	-4.7140782161e-02	9.2078797522e-05	3.7799677757e-05
8.7600000000e+02	3.3465965578e-02	-4.7232882550e-02	9.2121972749e-05	3.7800136388e-05
8.7700000000e+02	3.3503765943e-02	-4.7325026090e-02	9.2165099240e-05	3.7800593458e-05
8.7800000000e+02	3.3541566765e-02	-4.7417212732e-02	9.2208177103e-05	3.7801048975e-05
8.7900000000e+02	3.3579368041e-02	-4.7509442428e-02	9.2251206449e-05	3.7801502945e-05
8.8000000000e+02	3.3617169770e-02	-4.7601715129e-02	9.2294187385e-05	3.7801955377e-05
8.8100000000e+02	3.3654971951e-02	-4.7694030787e-02	9.2337120020e-05	3.7802406275e-05
8.8200000000e+02	3.3692774582e-02	-4.7786389353e-02	9.2380004461e-05	3.7802855649e-05
8.8300000000e+02	3.3730577662e-02	-4.7878790779e-02	9.2422840817e-05	3.7803303503e-05
8.8400000000e+02	3.3768381189e-02	-4.7971235018e-02	9.2465629193e-05	3.7803749846e-05
8.8500000000e+02	3.3806185161e-02	-4.8063722022e-02	9.2508369698e-05	3.7804194684e-05
8.8600000000e+02	3.3843989577e-02	-4.8156251742e-02	9.2551062437e-05	3.7804638024e-05
8.8700000000e+02	3.3881794437e-02	-4.8248824131e-02	9.2593707517e-05	3.7805079872e-05
8.8800000000e+02	3.3919599737e-02	-4.8341439141e-02	9.2636305043e-05	3.7805520235e-05
8.8900000000e+02	3.3957405477e-02	-4.8434096725e-02	9.2678855120e-05	3.7805959120e-05
8.9000000000e+02	3.3995211654e-02	-4.8526796836e-02	9.2721357854e-05	3.7806396534e-05
8.9100000000e+02	3.4033018269e-02	-4.8619539425e-02	9.2763813349e-05	3.7806832482e-05
8.9200000000e+02	3.4070825319e-02	-4.8712324447e-02	9.2806221710e-05	3.7807266972e-05
8.9300000000e+02	3.4108632803e-02	-4.8805151853e-02	9.2848583041e-05	3.7807700009e-05
8.9400000000e+02	3.4146440718e-02	-4.8898021597e-02	9.2890897445e-05	3.7808131601e-05
8.9500000000e+02	3.4184249065e-02	-4.8990933632e-02	9.2933165025e-05	3.7808561754e-05
8.9600000000e+02	3.4222057842e-02	-4.9083887911e-02	9.2975385885e-05	3.7808990474e-05
8.9700000000e+02	3.4259867046e-02	-4.9176884388e-02	9.3017560127e-05	3.7809417768e-05
8.9800000000e+02	3.4297676677e-02	-4.9269923016e-02	9.3059687854e-05	3.7809843642e-05
8.9900000000e+02	3.4335486733e-02	-4.9363003749e-02	9.3101769167e-05	3.7810268101e-05
9.0000000000e+02	3.4373297212e-02	-4.9456126539e-02	9.3143804168e-05	3.7810691154e-05
9.0100000000e+02	3.4411108114e-02	-4.9549291341e-02	9.3185792959e-05	3.7811112804e-05
9.0200000000e+02	3.4448919437e-02	-4.9642498110e-02	9.3227735640e-05	3.7811533060e-05
9.0300000000e+02	3.4486731180e-02	-4.9735746797e-02	9.3269632312e-05	3.7811951926e-05
9.0400000000e+02	3.4524543341e-02	-4.9829037359e-02	9.3311483075e-05	3.7812369410e-05
9.0500000000e+02	3.4562355918e-02	-4.9922369748e-02	9.3353288030e-05	3.7812785516e-05
9.0600000000e+02	3.4600168911e-02	-5.0015743920e-02	9.3395047275e-05	3.7813200252e-05
9.0700000000e+02	3.4637982318e-02	-5.0109159828e-02	9.3436760911e-05	3.7813613623e-05
9.0800000000e+02	3.4675796138e-02	-5.0202617426e-02	9.3478429036e-05	3.7814025635e-05
9.0900000000e+02	3.4713610369e-02	-5.0296116671e-02	9.3520051749e-05	3.7814436294e-05
9.1000000000e+02	3.4751425010e-02	-5.0389657515e-02	9.3561629149e-05	3.7814845606e-05
9.1100000000e+02	3.4789240060e-02	-5.0483239914e-02	9.3603161332e-05	3.7815253577e-05
9.1200000000e+02	3.4827055517e-02	-5.0576863822e-02	9.3644648399e-05	3.7815660213e-05
9.1300000000e+02	3.4864871380e-02	-5.0670529196e-02	9.3686090444e-05	3.7816065519e-05
9.1400000000e+02	3.4902687648e-02	-5.0764235988e-02	9.3727487567e-05	3.7816469501e-05
9.1500000000e+02	3.4940504319e-02	-5.0857984156e-02	9.3768839863e-05	3.7816872166e-05
9.1600000000e+02	3.4978321392e-02	-5.0951773653e-02	9.3810147429e-05	3.7817273518e-05
9.1700000000e+02	3.5016138865e-02	-5.1045604436e-02	9.3851410361e-05	3.7817673564e-05
9.1800000000e+02	3.5053956738e-02	-5.1139476459e-02	9.3892628755e-05	3.7818072309e-05
9.1900000000e+02	3.5091775009e-02	-5.1233389678e-02	9.3933802707e-05	3.7818469758e-05
9.2000000000e+02	3.5129593677e-02	-5.1327344050e-02	9.3974932312e-05	3.7818865918e-05
9.2100000000e+02	3.5167412741e-02	-5.1421339528e-02	9.4016017665e-05	3.7819260794e-05
9.2200000000e+02	3.5205232198e-02	-5.1515376070e-02	9.4057058860e-05	3.7819654392e-05
9.2300000000e+02	3.5243052049e-02	-5.1609453631e-02	9.4098055992e-05	3.7820046716e-05
9.2400000000e+02	3.5280872292e-02	-5.1703572168e-02	9.4139009155e-05	3.7820437773e-05
9.2500000000e+02	3.5318692924e-02	-5.1797731635e-02	9.4179918443e-05	3.7820827567e-05
9.2600000000e+02	3.5356513946e-02	-5.1891931990e-02	9.4220783948e-05	3.7821216105e-05
9.2700000000e+02	3.5394335356e-02	-5.1986173188e-02	9.4261605765e-05	3.7821603392e-05
9.2800000000e+02	3.5432157153e-02	-5.2080455187e-02	9.4302383987e-05	3.7821989433e-05
9.2900000000e+02	3.5469979335e-02	-5.2174777942e-02	9.4343118704e-05	3.7822374233e-05
9.3000000000e+02	3.5507801901e-02	-5.2269141410e-02	9.4383810011e-05	3.7822757798e-05
9.3100000000e+02	3.5545624850e-02	-5.2363545547e-02	9.4424457999e-05	3.7823140132e-05
9.3200000000e+02	3.5583448180e-02	-5.2457990311e-02	9.4465062760e-05	3.7823521242e-05
9.3300000000e+02	3.5621271892e-02	-5.2552475659e-02	9.4505624384e-05	3.7823901133e-05
9.3400000000e+02	3.5659095982e-02	-5.2647001546e-02	9.4546142964e-05	3.7824279809e-05
9.3500000000e+02	3.5696920451e-02	-5.2741567930e-02	9.4586618590e-05	3.7824657276e-05
9.3600000000e+02	3.5734745297e-02	-5.2836174769e-02	9.4627051352e-05	3.7825033539e-05
9.3700000000e+02	3.5772570518e-02	-5.2930822019e-02	9.4667441341e-05	3.7825408602e-05
9.3800000000e+02	3.5810396113e-02	-5.3025509637e-02	9.4707788647e-05	3.7825782472e-05
9.3900000000e+02	3.5848222082e-02	-5.3120237582e-02	9.4748093359e-05	3.7826155154e-05
9.4000000000e+02	3.5886048423e-02	-5.3215005810e-02	9.4788355567e-05	3.7826526651e-05
9.4100000000e+02	3.5923875135e-02	-5.3309814279e-02	9.4828575360e-05	3.7826896970e-05
9.4200000000e+02	3.5961702217e-02	-5.3404662946e-02	9.4868752827e-05	3.7827266114e-05
9.4300000000e+02	3.5999529667e-02	-5.3499551770e-02	9.4908888057e-05	3.7827634090e-05
9.4400000000e+02	3.6037357485e-02	-5.3594480708e-02	9.4948981137e-05	3.7828000902e-05
9.4500000000e+02	3.6075185668e-02	-5.3689449719e-02	9.4989032156e-05	3.7828366555e-05
9.4600000000e+02	3.6113014217e-02	-5.3784458759e-02	9.5029041201e-05	3.7828731054e-05
9.4700000000e+02	3.6150843130e-02	-5.3879507787e-02	9.5069008360e-05	3.7829094404e-05
9.4800000000e+02	3.6188672406e-02	-5.3974596762e-02	9.5108933721e-05	3.7829456609e-05
9.4900000000e+02	3.6226502043e-02	-5.4069725641e-02	9.5148817369e-05	3.7829817674e-05
9.5000000000e+02	3.6264332041e-02	-5.4164894382e-02	9.5188659393e-05	3.7830177605e-05
9.5100000000e+02	3.6302162398e-02	-5.4260102945e-02	9.5228459877e-05	3.7830536405e-05
9.5200000000e+02	3.6339993113e-02	-5.4355351288e-02	9.5268218909e-05	3.7830894080e-05
9.5300000000e+02	3.6377824186e-02	-5.4450639370e-02	9.5307936574e-05	3.7831250634e-05
9.5400000000e+02	3.6415655614e-02	-5.4545967148e-02	9.5347612958e-05	3.7831606072e-05
9.5500000000e+02	3.6453487397e-02	-5.4641334582e-02	9.5387248146e-05	3.7831960398e-05
9.5600000000e+02	3.6491319534e-02	-5.4736741630e-02	9.5426842223e-05	3.7832313618e-05
9.5700000000e+02	3.6529152024e-02	-5.4832188252e-02	9.5466395273e-05	3.7832665735e-05
9.5800000000e+02	3.6566984866e-02	-5.4927674407e-02	9.5505907383e-05	3.7833016755e-05
9.5900000000e+02	3.6604818057e-02	-5.5023200054e-02	9.5545378635e-05	3.7833366682e-05
9.6000000000e+02	3.6642651599e-02	-5.5118765151e-02	9.5584809114e-05	3.7833715520e-05
9.6100000000e+02	3.6680485488e-02	-5.5214369658e-02	9.5624198904e-05	3.7834063275e-05
9.6200000000e+02	3.6718319725e-02	-5.5310013535e-02	9.5663548087e-05	3.7834409949e-05
9.6300000000e+02	3.6756154308e-02	-5.5405696741e-02	9.5702856748e-05	3.7834755549e-05
9.6400000000e+02	3.6793989235e-02	-5.5501419235e-02	9.5742124970e-05	3.7835100078e-05
9.6500000000e+02	3.6831824507e-02	-5.5597180977e-02	9.5781352834e-05	3.7835443540e-05
9.6600000000e+02	3.6869660122e-02	-5.5692981927e-02	9.5820540424e-05	3.7835785941e-05
9.6700000000e+02	3.6907496079e-02	-5.5788822045e-02	9.5859687822e-05	3.7836127284e-05
9.6800000000e+02	3.6945332376e-02	-5.5884701290e-02	9.5898795110e-05	3.7836467574e-05
9.6900000000e+02	3.6983169014e-02	-5.5980619622e-02	9.5937862369e-05	3.7836806816e-05
9.7000000000e+02	3.7021005990e-02	-5.6076577001e-02	9.5976889681e-05	3.7837145012e-05
9.7100000000e+02	3.7058843303e-02	-5.6172573388e-02	9.6015877128e-05	3.7837482169e-05
9.7200000000e+02	3.7096680954e-02	-5.6268608742e-02	9.6054824790e-05	3.7837818289e-05
9.7300000000e+02	3.7134518940e-02	-5.6364683024e-02	9.6093732748e-05	3.7838153378e-05
9.7400000000e+02	3.7172357260e-02	-5.6460796194e-02	9.6132601083e-05	3.7838487439e-05
9.7500000000e+02	3.7210195914e-02	-5.6556948213e-02	9.6171429874e-05	3.7838820477e-05
9.7600000000e+02	3.7248034901e-02	-5.6653139041e-02	9.6210219203e-05	3.7839152496e-05
9.7700000000e+02	3.7285874219e-02	-5.6749368638e-02	9.6248969148e-05	3.7839483500e-05
9.7800000000e+02	3.7323713867e-02	-5.6845636966e-02	9.6287679789e-05	3.7839813492e-05
9.7900000000e+02	3.7361553845e-02	-5.6941943985e-02	9.6326351206e-05	3.7840142478e-05
9.8000000000e+02	3.7399394152e-02	-5.7038289656e-02	9.6364983477e-05	3.7840470462e-05
9.8100000000e+02	3.7437234786e-02	-5.7134673939e-02	9.6403576682e-05	3.7840797446e-05
9.8200000000e+02	3.7475075747e-02	-5.7231096796e-02	9.6442130899e-05	3.7841123437e-05
9.8300000000e+02	3.7512917033e-02	-5.7327558188e-02	9.6480646206e-05	3.7841448436e-05
9.8400000000e+02	3.7550758643e-02	-5.7424058075e-02	9.6519122681e-05	3.7841772449e-05
9.8500000000e+02	3.7588600577e-02	-5.7520596420e-02	9.6557560403e-05	3.7842095480e-05
9.8600000000e+02	3.7626442834e-02	-5.7617173183e-02	9.6595959449e-05	3.7842417531e-05
9.8700000000e+02	3.7664285412e-02	-5.7713788326e-02	9.6634319897e-05	3.7842738608e-05
9.8800000000e+02	3.7702128311e-02	-5.7810441810e-02	9.6672641823e-05	3.7843058715e-05
9.8900000000e+02	3.7739971529e-02	-5.7907133597e-02	9.6710925304e-05	3.7843377855e-05
9.9000000000e+02	3.7777815066e-02	-5.8003863648e-02	9.6749170418e-05	3.7843696031e-05
9.9100000000e+02	3.7815658921e-02	-5.8100631925e-02	9.6787377241e-05	3.7844013249e-05
9.9200000000e+02	3.7853503092e-02	-5.8197438390e-02	9.6825545849e-05	3.7844329511e-05
9.9300000000e+02	3.7891347579e-02	-5.8294283004e-02	9.6863676318e-05	3.7844644822e-05
9.9400000000e+02	3.7929192382e-02	-5.8391165730e-02	9.6901768724e-05	3.7844959185e-05
9.9500000000e+02	3.7967037498e-02	-5.8488086529e-02	9.6939823142e-05	3.7845272605e-05
9.9600000000e+02	3.8004882926e-02	-5.8585045363e-02	9.6977839648e-05	3.7845585085e-05
9.9700000000e+02	3.8042728667e-02	-5.8682042196e-02	9.7015818318e-05	3.7845896628e-05
9.9800000000e+02	3.8080574719e-02	-5.8779076987e-02	9.7053759225e-05	3.7846207238e-05
9.9900000000e+02	3.8118421082e-02	-5.8876149701e-02	9.7091662445e-05	3.7846516920e-05
