# total modes from dos = 5.9998012443e+00
# ZPE = 3.2942302395e-03 Ry/cell
# Multiply by 13.6058 to have energies in eV/cell etc..
# Multiply by 13.6058 x 23060.35 = 313 754.5 to have energies in cal/(N mol).
# Multiply by 13.6058 x 96526.0 = 1 313 313 to have energies in J/(N mol).
# N is the number of formula units per cell.
#
# T (K) 	Evib (Ry/cell)	Fvib (Ry/cell)	Svib (Ry/cell/K)	Cvib (Ry/cell/K)
1.0000000000e+00	3.2942302662e-03	3.2942301404e-03	1.2579920634e-10	8.0238117030e-11
2.0000000000e+00	3.2942305100e-03	3.2942299516e-03	2.7919046957e-10	4.8908481319e-10
3.0000000000e+00	3.2942314625e-03	3.2942295092e-03	6.5109191371e-10	1.5523959442e-09
4.0000000000e+00	3.2942339432e-03	3.2942285402e-03	1.3507582170e-09	3.6012906047e-09
5.0000000000e+00	3.2942391067e-03	3.2942266615e-03	2.4890321498e-09	6.9755982494e-09
6.0000000000e+00	3.2942484554e-03	3.2942233781e-03	4.1795490857e-09	1.2034316069e-08
7.0000000000e+00	3.2942638719e-03	3.2942180786e-03	6.5418975848e-09	1.9186976733e-08
8.0000000000e+00	3.2942877057e-03	3.2942100261e-03	9.7099475466e-09	2.8978196430e-08
9.0000000000e+00	3.2943229820e-03	3.2941983355e-03	1.3849610446e-08	4.2247191814e-08
1.0000000000e+01	3.2943737961e-03	3.2941819287e-03	1.9186740485e-08	6.0326495219e-08
1.1000000000e+01	3.2944458899e-03	3.2941594583e-03	2.6039242621e-08	8.5193637978e-08
1.2000000000e+01	3.2945473238e-03	3.2941292011e-03	3.4843556987e-08	1.1950124900e-07
1.3000000000e+01	3.2946891080e-03	3.2940889328e-03	4.6167327513e-08	1.6646749757e-07
1.4000000000e+01	3.2948856670e-03	3.2940357964e-03	6.0705041840e-08	2.2966103123e-07
1.5000000000e+01	3.2951550596e-03	3.2939661850e-03	7.9258304040e-08	3.1273711837e-07
1.6000000000e+01	3.2955189339e-03	3.2938756490e-03	1.0270530618e-07	4.1917790622e-07
1.7000000000e+01	3.2960022398e-03	3.2937588369e-03	1.3196487404e-07	5.5207318819e-07
1.8000000000e+01	3.2966327514e-03	3.2936094737e-03	1.6795986816e-07	7.1395992642e-07
1.9000000000e+01	3.2974404600e-03	3.2934203736e-03	2.1158349011e-07	9.0672443885e-07
2.0000000000e+01	3.2984568989e-03	3.2931834847e-03	2.6367071181e-07	1.1315619426e-06
2.1000000000e+01	3.2997144523e-03	3.2928899585e-03	3.2497589656e-07	1.3889833678e-06
2.2000000000e+01	3.3012456897e-03	3.2925302398e-03	3.9615681493e-07	1.6788577458e-06
2.3000000000e+01	3.3030827555e-03	3.2920941680e-03	4.7776467734e-07	2.0004788436e-06
2.4000000000e+01	3.3052568340e-03	3.2915710869e-03	5.7023946287e-07	2.3526461370e-06
2.5000000000e+01	3.3077976976e-03	3.2909499560e-03	6.7390966207e-07	2.7337520825e-06
2.6000000000e+01	3.3107333446e-03	3.2902194612e-03	7.8899551607e-07	3.1418695646e-06
2.7000000000e+01	3.3140897212e-03	3.2893681194e-03	9.1561487927e-07	3.5748351573e-06
2.8000000000e+01	3.3178905241e-03	3.2883843782e-03	1.0537909244e-06	4.0303253332e-06
2.9000000000e+01	3.3221570750e-03	3.2872567054e-03	1.2034610222e-06	4.5059239644e-06
3.0000000000e+01	3.3269082578e-03	3.2859736704e-03	1.3644862466e-06	4.9991803791e-06
3.1000000000e+01	3.3321605089e-03	3.2845240157e-03	1.5366610698e-06	5.5076579154e-06
3.2000000000e+01	3.3379278520e-03	3.2828967187e-03	1.7197229146e-06	6.0289733791e-06
3.3000000000e+01	3.3442219675e-03	3.2810810440e-03	1.9133613208e-06	6.5608281060e-06
3.4000000000e+01	3.3510522897e-03	3.2790665868e-03	2.1172265560e-06	7.1010315046e-06
3.5000000000e+01	3.3584261234e-03	3.2768433086e-03	2.3309375643e-06	7.6475180220e-06
3.6000000000e+01	3.3663487755e-03	3.2744015646e-03	2.5540891907e-06	8.1983584865e-06
3.7000000000e+01	3.3748236947e-03	3.2717321242e-03	2.7862586618e-06	8.7517667374e-06
3.8000000000e+01	3.3838526165e-03	3.2688261861e-03	3.0270113242e-06	9.3061023870e-06
3.9000000000e+01	3.3934357087e-03	3.2656753876e-03	3.2759056681e-06	9.8598704734e-06
4.0000000000e+01	3.4035717159e-03	3.2622718089e-03	3.5324976744e-06	1.0411718673e-05
4.1000000000e+01	3.4142580998e-03	3.2586079740e-03	3.7963445312e-06	1.0960432655e-05
4.2000000000e+01	3.4254911743e-03	3.2546768478e-03	4.0670077735e-06	1.1504930060e-05
4.3000000000e+01	3.4372662340e-03	3.2504718303e-03	4.3440558997e-06	1.2044253522e-05
4.4000000000e+01	3.4495776755e-03	3.2459867486e-03	4.6270665194e-06	1.2577563076e-05
4.5000000000e+01	3.4624191109e-03	3.2412158471e-03	4.9156280842e-06	1.3104128205e-05
4.6000000000e+01	3.4757834730e-03	3.2361537754e-03	5.2093412521e-06	1.3623319772e-05
4.7000000000e+01	3.4896631130e-03	3.2307955762e-03	5.5078199316e-06	1.4134601986e-05
4.8000000000e+01	3.5040498896e-03	3.2251366712e-03	5.8106920486e-06	1.4637524548e-05
4.9000000000e+01	3.5189352506e-03	3.2191728470e-03	6.1176000744e-06	1.5131715060e-05
5.0000000000e+01	3.5343103077e-03	3.2129002402e-03	6.4282013509e-06	1.5616871780e-05
5.1000000000e+01	3.5501659030e-03	3.2063153226e-03	6.7421682431e-06	1.6092756765e-05
5.2000000000e+01	3.5664926699e-03	3.1994148862e-03	7.0591881485e-06	1.6559189420e-05
5.3000000000e+01	3.5832810875e-03	3.1921960280e-03	7.3789633858e-06	1.7016040491e-05
5.4000000000e+01	3.6005215287e-03	3.1846561354e-03	7.7012109868e-06	1.7463226478e-05
5.5000000000e+01	3.6182043040e-03	3.1767928716e-03	8.0256624080e-06	1.7900704491e-05
5.6000000000e+01	3.6363196990e-03	3.1686041610e-03	8.3520631792e-06	1.8328467513e-05
5.7000000000e+01	3.6548580086e-03	3.1600881759e-03	8.6801725040e-06	1.8746540064e-05
5.8000000000e+01	3.6738095661e-03	3.1512433225e-03	9.0097628215e-06	1.9154974258e-05
5.9000000000e+01	3.6931647695e-03	3.1420682283e-03	9.3406193420e-06	1.9553846207e-05
6.0000000000e+01	3.7129141032e-03	3.1325617293e-03	9.6725395642e-06	1.9943252772e-05
6.1000000000e+01	3.7330481579e-03	3.1227228583e-03	1.0005332781e-05	2.0323308625e-05
6.2000000000e+01	3.7535576467e-03	3.1125508327e-03	1.0338819580e-05	2.0694143608e-05
6.3000000000e+01	3.7744334189e-03	3.1020450442e-03	1.0672831344e-05	2.1055900355e-05
6.4000000000e+01	3.7956664723e-03	3.0912050479e-03	1.1007209756e-05	2.1408732166e-05
6.5000000000e+01	3.8172479622e-03	3.0800305521e-03	1.1341806310e-05	2.1752801110e-05
6.6000000000e+01	3.8391692099e-03	3.0685214091e-03	1.1676481831e-05	2.2088276332e-05
6.7000000000e+01	3.8614217085e-03	3.0566776057e-03	1.2011106013e-05	2.2415332548e-05
6.8000000000e+01	3.8839971283e-03	3.0444992549e-03	1.2345556962e-05	2.2734148718e-05
6.9000000000e+01	3.9068873199e-03	3.0319865875e-03	1.2679720759e-05	2.3044906868e-05
7.0000000000e+01	3.9300843174e-03	3.0191399446e-03	1.3013491039e-05	2.3347791055e-05
7.1000000000e+01	3.9535803391e-03	3.0059597698e-03	1.3346768582e-05	2.3642986460e-05
7.2000000000e+01	3.9773677892e-03	2.9924466026e-03	1.3679460925e-05	2.3930678591e-05
7.3000000000e+01	4.0014392569e-03	2.9786010718e-03	1.4011481989e-05	2.4211052596e-05
7.4000000000e+01	4.0257875164e-03	2.9644238891e-03	1.4342751720e-05	2.4484292663e-05
7.5000000000e+01	4.0504055252e-03	2.9499158436e-03	1.4673195754e-05	2.4750581500e-05
7.6000000000e+01	4.0752864226e-03	2.9350777959e-03	1.5002745089e-05	2.5010099896e-05
7.7000000000e+01	4.1004235277e-03	2.9199106730e-03	1.5331335775e-05	2.5263026340e-05
7.8000000000e+01	4.1258103366e-03	2.9044154637e-03	1.5658908628e-05	2.5509536706e-05
7.9000000000e+01	4.1514405201e-03	2.8885932133e-03	1.5985408947e-05	2.5749803984e-05
8.0000000000e+01	4.1773079203e-03	2.8724450202e-03	1.6310786251e-05	2.5983998061e-05
8.1000000000e+01	4.2034065474e-03	2.8559720307e-03	1.6634994033e-05	2.6212285540e-05
8.2000000000e+01	4.2297305769e-03	2.8391754362e-03	1.6957989520e-05	2.6434829598e-05
8.3000000000e+01	4.2562743454e-03	2.8220564689e-03	1.7279733452e-05	2.6651789874e-05
8.4000000000e+01	4.2830323474e-03	2.8046163985e-03	1.7600189868e-05	2.6863322387e-05
8.5000000000e+01	4.3099992317e-03	2.7868565293e-03	1.7919325911e-05	2.7069579474e-05
8.6000000000e+01	4.3371697975e-03	2.7687781969e-03	1.8237111635e-05	2.7270709757e-05
8.7000000000e+01	4.3645389906e-03	2.7503827653e-03	1.8553519832e-05	2.7466858122e-05
8.8000000000e+01	4.3921019002e-03	2.7316716246e-03	1.8868525859e-05	2.7658165717e-05
8.9000000000e+01	4.4198537543e-03	2.7126461884e-03	1.9182107483e-05	2.7844769966e-05
9.0000000000e+01	4.4477899169e-03	2.6933078911e-03	1.9494244731e-05	2.8026804590e-05
9.1000000000e+01	4.4759058837e-03	2.6736581863e-03	1.9804919751e-05	2.8204399646e-05
9.2000000000e+01	4.5041972786e-03	2.6536985443e-03	2.0114116676e-05	2.8377681565e-05
9.3000000000e+01	4.5326598501e-03	2.6334304504e-03	2.0421821503e-05	2.8546773209e-05
9.4000000000e+01	4.5612894680e-03	2.6128554028e-03	2.0728021971e-05	2.8711793924e-05
9.5000000000e+01	4.5900821197e-03	2.5919749114e-03	2.1032707455e-05	2.8872859606e-05
9.6000000000e+01	4.6190339065e-03	2.5707904959e-03	2.1335868860e-05	2.9030082763e-05
9.7000000000e+01	4.6481410408e-03	2.5493036843e-03	2.1637498520e-05	2.9183572593e-05
9.8000000000e+01	4.6773998425e-03	2.5275160116e-03	2.1937590112e-05	2.9333435048e-05
9.9000000000e+01	4.7068067360e-03	2.5054290185e-03	2.2236138561e-05	2.9479772916e-05
1.0000000000e+02	4.7363582468e-03	2.4830442502e-03	2.2533139966e-05	2.9622685894e-05
1.0100000000e+02	4.7660509985e-03	2.4603632552e-03	2.2828591518e-05	2.9762270668e-05
1.0200000000e+02	4.7958817100e-03	2.4373875844e-03	2.3122491428e-05	2.9898620987e-05
1.0300000000e+02	4.8258471926e-03	2.4141187898e-03	2.3414838862e-05	3.0031827746e-05
1.0400000000e+02	4.8559443470e-03	2.3905584241e-03	2.3705633874e-05	3.0161979061e-05
1.0500000000e+02	4.8861701608e-03	2.3667080393e-03	2.3994877348e-05	3.0289160348e-05
1.0600000000e+02	4.9165217054e-03	2.3425691861e-03	2.4282570937e-05	3.0413454399e-05
1.0700000000e+02	4.9469961339e-03	2.3181434132e-03	2.4568717016e-05	3.0534941458e-05
1.0800000000e+02	4.9775906786e-03	2.2934322669e-03	2.4853318627e-05	3.0653699298e-05
1.0900000000e+02	5.0083026479e-03	2.2684372896e-03	2.5136379434e-05	3.0769803292e-05
1.1000000000e+02	5.0391294249e-03	2.2431600202e-03	2.5417903679e-05	3.0883326489e-05
1.1100000000e+02	5.0700684643e-03	2.2176019928e-03	2.5697896139e-05	3.0994339681e-05
1.1200000000e+02	5.1011172905e-03	2.1917647367e-03	2.5976362087e-05	3.1102911476e-05
1.1300000000e+02	5.1322734956e-03	2.1656497756e-03	2.6253307257e-05	3.1209108364e-05
1.1400000000e+02	5.1635347371e-03	2.1392586271e-03	2.6528737807e-05	3.1312994784e-05
1.1500000000e+02	5.1948987359e-03	2.1125928027e-03	2.6802660289e-05	3.1414633191e-05
1.1600000000e+02	5.2263632743e-03	2.0856538069e-03	2.7075081616e-05	3.1514084113e-05
1.1700000000e+02	5.2579261945e-03	2.0584431374e-03	2.7346009035e-05	3.1611406222e-05
1.1800000000e+02	5.2895853961e-03	2.0309622843e-03	2.7615450100e-05	3.1706656385e-05
1.1900000000e+02	5.3213388350e-03	2.0032127301e-03	2.7883412647e-05	3.1799889725e-05
1.2000000000e+02	5.3531845211e-03	1.9751959492e-03	2.8149904767e-05	3.1891159681e-05
1.2100000000e+02	5.3851205172e-03	1.9469134079e-03	2.8414934788e-05	3.1980518058e-05
1.2200000000e+02	5.4171449368e-03	1.9183665641e-03	2.8678511252e-05	3.2068015081e-05
1.2300000000e+02	5.4492559432e-03	1.8895568670e-03	2.8940642896e-05	3.2153699448e-05
1.2400000000e+02	5.4814517473e-03	1.8604857569e-03	2.9201338632e-05	3.2237618381e-05
1.2500000000e+02	5.5137306067e-03	1.8311546653e-03	2.9460607531e-05	3.2319817672e-05
1.2600000000e+02	5.5460908242e-03	1.8015650144e-03	2.9718458808e-05	3.2400341728e-05
1.2700000000e+02	5.5785307461e-03	1.7717182172e-03	2.9974901803e-05	3.2479233621e-05
1.2800000000e+02	5.6110487613e-03	1.7416156771e-03	3.0229945971e-05	3.2556535132e-05
1.2900000000e+02	5.6436432998e-03	1.7112587883e-03	3.0483600864e-05	3.2632286786e-05
1.3000000000e+02	5.6763128314e-03	1.6806489352e-03	3.0735876124e-05	3.2706527903e-05
1.3100000000e+02	5.7090558648e-03	1.6497874927e-03	3.0986781467e-05	3.2779296631e-05
1.3200000000e+02	5.7418709462e-03	1.6186758257e-03	3.1236326671e-05	3.2850629985e-05
1.3300000000e+02	5.7747566583e-03	1.5873152895e-03	3.1484521570e-05	3.2920563888e-05
1.3400000000e+02	5.8077116191e-03	1.5557072294e-03	3.1731376043e-05	3.2989133202e-05
1.3500000000e+02	5.8407344811e-03	1.5238529809e-03	3.1976900002e-05	3.3056371766e-05
1.3600000000e+02	5.8738239301e-03	1.4917538696e-03	3.2221103386e-05	3.3122312428e-05
1.3700000000e+02	5.9069786840e-03	1.4594112110e-03	3.2463996153e-05	3.3186987079e-05
1.3800000000e+02	5.9401974925e-03	1.4268263108e-03	3.2705588274e-05	3.3250426679e-05
1.3900000000e+02	5.9734791357e-03	1.3940004647e-03	3.2945889720e-05	3.3312661296e-05
1.4000000000e+02	6.0068224232e-03	1.3609349583e-03	3.3184910464e-05	3.3373720127e-05
1.4100000000e+02	6.0402261935e-03	1.3276310673e-03	3.3422660469e-05	3.3433631529e-05
1.4200000000e+02	6.0736893130e-03	1.2940900576e-03	3.3659149686e-05	3.3492423047e-05
1.4300000000e+02	6.1072106752e-03	1.2603131849e-03	3.3894388044e-05	3.3550121442e-05
1.4400000000e+02	6.1407892002e-03	1.2263016951e-03	3.4128385452e-05	3.3606752709e-05
1.4500000000e+02	6.1744238334e-03	1.1920568243e-03	3.4361151786e-05	3.3662342111e-05
1.4600000000e+02	6.2081135453e-03	1.1575797986e-03	3.4592696895e-05	3.3716914195e-05
1.4700000000e+02	6.2418573306e-03	1.1228718344e-03	3.4823030587e-05	3.3770492819e-05
1.4800000000e+02	6.2756542075e-03	1.0879341380e-03	3.5052162632e-05	3.3823101173e-05
1.4900000000e+02	6.3095032171e-03	1.0527679064e-03	3.5280102756e-05	3.3874761799e-05
1.5000000000e+02	6.3434034225e-03	1.0173743266e-03	3.5506860640e-05	3.3925496613e-05
1.5100000000e+02	6.3773539088e-03	9.8175457599e-04	3.5732445913e-05	3.3975326924e-05
1.5200000000e+02	6.4113537818e-03	9.4590982244e-04	3.5956868154e-05	3.4024273454e-05
1.5300000000e+02	6.4454021678e-03	9.0984122419e-04	3.6180136887e-05	3.4072356355e-05
1.5400000000e+02	6.4794982132e-03	8.7354993001e-04	3.6402261579e-05	3.4119595230e-05
1.5500000000e+02	6.5136410833e-03	8.3703707924e-04	3.6623251639e-05	3.4166009144e-05
1.5600000000e+02	6.5478299626e-03	8.0030380183e-04	3.6843116415e-05	3.4211616649e-05
1.5700000000e+02	6.5820640538e-03	7.6335121841e-04	3.7061865194e-05	3.4256435792e-05
1.5800000000e+02	6.6163425773e-03	7.2618044036e-04	3.7279507196e-05	3.4300484137e-05
1.5900000000e+02	6.6506647709e-03	6.8879256989e-04	3.7496051578e-05	3.4343778775e-05
1.6000000000e+02	6.6850298892e-03	6.5118870005e-04	3.7711507432e-05	3.4386336342e-05
1.6100000000e+02	6.7194372033e-03	6.1336991486e-04	3.7925883779e-05	3.4428173032e-05
1.6200000000e+02	6.7538860002e-03	5.7533728934e-04	3.8139189573e-05	3.4469304608e-05
1.6300000000e+02	6.7883755826e-03	5.3709188960e-04	3.8351433699e-05	3.4509746419e-05
1.6400000000e+02	6.8229052681e-03	4.9863477289e-04	3.8562624971e-05	3.4549513411e-05
1.6500000000e+02	6.8574743893e-03	4.5996698770e-04	3.8772772131e-05	3.4588620139e-05
1.6600000000e+02	6.8920822930e-03	4.2108957378e-04	3.8981883851e-05	3.4627080778e-05
1.6700000000e+02	6.9267283401e-03	3.8200356227e-04	3.9189968729e-05	3.4664909135e-05
1.6800000000e+02	6.9614119050e-03	3.4270997576e-04	3.9397035293e-05	3.4702118661e-05
1.6900000000e+02	6.9961323755e-03	3.0320982831e-04	3.9603091995e-05	3.4738722462e-05
1.7000000000e+02	7.0308891523e-03	2.6350412559e-04	3.9808147216e-05	3.4774733306e-05
1.7100000000e+02	7.0656816486e-03	2.2359386493e-04	4.0012209261e-05	3.4810163637e-05
1.7200000000e+02	7.1005092901e-03	1.8348003538e-04	4.0215286365e-05	3.4845025580e-05
1.7300000000e+02	7.1353715143e-03	1.4316361780e-04	4.0417386685e-05	3.4879330957e-05
1.7400000000e+02	7.1702677703e-03	1.0264558491e-04	4.0618518307e-05	3.4913091289e-05
1.7500000000e+02	7.2051975189e-03	6.1926901412e-05	4.0818689243e-05	3.4946317808e-05
1.7600000000e+02	7.2401602317e-03	2.1008524009e-05	4.1017907430e-05	3.4979021468e-05
1.7700000000e+02	7.2751553911e-03	-2.0108598487e-05	4.1216180732e-05	3.5011212946e-05
1.7800000000e+02	7.3101824903e-03	-6.1423525092e-05	4.1413516940e-05	3.5042902657e-05
1.7900000000e+02	7.3452410326e-03	-1.0293532258e-04	4.1609923772e-05	3.5074100759e-05
1.8000000000e+02	7.3803305313e-03	-1.4464306539e-04	4.1805408870e-05	3.5104817160e-05
1.8100000000e+02	7.4154505095e-03	-1.8654583560e-04	4.1999979807e-05	3.5135061523e-05
1.8200000000e+02	7.4506005001e-03	-2.2864272279e-04	4.2193644082e-05	3.5164843278e-05
1.8300000000e+02	7.4857800450e-03	-2.7093282402e-04	4.2386409120e-05	3.5194171625e-05
1.8400000000e+02	7.5209886952e-03	-3.1341524373e-04	4.2578282277e-05	3.5223055541e-05
1.8500000000e+02	7.5562260108e-03	-3.5608909370e-04	4.2769270835e-05	3.5251503788e-05
1.8600000000e+02	7.5914915604e-03	-3.9895349294e-04	4.2959382007e-05	3.5279524916e-05
1.8700000000e+02	7.6267849211e-03	-4.4200756764e-04	4.3148622934e-05	3.5307127272e-05
1.8800000000e+02	7.6621056781e-03	-4.8525045109e-04	4.3337000687e-05	3.5334319004e-05
1.8900000000e+02	7.6974534249e-03	-5.2868128362e-04	4.3524522267e-05	3.5361108066e-05
1.9000000000e+02	7.7328277626e-03	-5.7229921254e-04	4.3711194606e-05	3.5387502226e-05
1.9100000000e+02	7.7682283002e-03	-6.1610339204e-04	4.3897024567e-05	3.5413509067e-05
1.9200000000e+02	7.8036546541e-03	-6.6009298315e-04	4.4082018944e-05	3.5439135996e-05
1.9300000000e+02	7.8391064480e-03	-7.0426715365e-04	4.4266184464e-05	3.5464390247e-05
1.9400000000e+02	7.8745833127e-03	-7.4862507801e-04	4.4449527787e-05	3.5489278886e-05
1.9500000000e+02	7.9100848862e-03	-7.9316593735e-04	4.4632055505e-05	3.5513808815e-05
1.9600000000e+02	7.9456108130e-03	-8.3788891933e-04	4.4813774145e-05	3.5537986778e-05
1.9700000000e+02	7.9811607446e-03	-8.8279321810e-04	4.4994690166e-05	3.5561819362e-05
1.9800000000e+02	8.0167343388e-03	-9.2787803426e-04	4.5174809965e-05	3.5585313006e-05
1.9900000000e+02	8.0523312597e-03	-9.7314257474e-04	4.5354139872e-05	3.5608474000e-05
2.0000000000e+02	8.0879511779e-03	-1.0185860528e-03	4.5532686154e-05	3.5631308495e-05
2.0100000000e+02	8.1235937699e-03	-1.0642076879e-03	4.5710455014e-05	3.5653822498e-05
2.0200000000e+02	8.1592587181e-03	-1.1100067057e-03	4.5887452593e-05	3.5676021884e-05
2.0300000000e+02	8.1949457107e-03	-1.1559823380e-03	4.6063684969e-05	3.5697912396e-05
2.0400000000e+02	8.2306544418e-03	-1.2021338226e-03	4.6239158159e-05	3.5719499649e-05
2.0500000000e+02	8.2663846108e-03	-1.2484604033e-03	4.6413878117e-05	3.5740789133e-05
2.0600000000e+02	8.3021359226e-03	-1.2949613297e-03	4.6587850739e-05	3.5761786214e-05
2.0700000000e+02	8.3379080875e-03	-1.3416358576e-03	4.6761081860e-05	3.5782496144e-05
2.0800000000e+02	8.3737008209e-03	-1.3884832482e-03	4.6933577255e-05	3.5802924055e-05
2.0900000000e+02	8.4095138432e-03	-1.4355027688e-03	4.7105342641e-05	3.5823074971e-05
2.1000000000e+02	8.4453468801e-03	-1.4826936920e-03	4.7276383677e-05	3.5842953803e-05
2.1100000000e+02	8.4811996618e-03	-1.5300552965e-03	4.7446705963e-05	3.5862565358e-05
2.1200000000e+02	8.5170719233e-03	-1.5775868662e-03	4.7616315045e-05	3.5881914335e-05
2.1300000000e+02	8.5529634044e-03	-1.6252876907e-03	4.7785216409e-05	3.5901005337e-05
2.1400000000e+02	8.5888738495e-03	-1.6731570650e-03	4.7953415488e-05	3.5919842864e-05
2.1500000000e+02	8.6248030072e-03	-1.7211942894e-03	4.8120917658e-05	3.5938431322e-05
2.1600000000e+02	8.6607506305e-03	-1.7693986697e-03	4.8287728242e-05	3.5956775022e-05
2.1700000000e+02	8.6967164770e-03	-1.8177695171e-03	4.8453852507e-05	3.5974878185e-05
2.1800000000e+02	8.7327003081e-03	-1.8663061477e-03	4.8619295669e-05	3.5992744939e-05
2.1900000000e+02	8.7687018894e-03	-1.9150078831e-03	4.8784062888e-05	3.6010379330e-05
2.2000000000e+02	8.8047209906e-03	-1.9638740499e-03	4.8948159275e-05	3.6027785316e-05
2.2100000000e+02	8.8407573852e-03	-2.0129039797e-03	4.9111589887e-05	3.6044966773e-05
2.2200000000e+02	8.8768108506e-03	-2.0620970094e-03	4.9274359730e-05	3.6061927496e-05
2.2300000000e+02	8.9128811679e-03	-2.1114524806e-03	4.9436473760e-05	3.6078671201e-05
2.2400000000e+02	8.9489681219e-03	-2.1609697400e-03	4.9597936883e-05	3.6095201529e-05
2.2500000000e+02	8.9850715010e-03	-2.2106481390e-03	4.9758753956e-05	3.6111522045e-05
2.2600000000e+02	9.0211910972e-03	-2.2604870341e-03	4.9918929785e-05	3.6127636239e-05
2.2700000000e+02	9.0573267059e-03	-2.3104857864e-03	5.0078469129e-05	3.6143547532e-05
2.2800000000e+02	9.0934781257e-03	-2.3606437618e-03	5.0237376700e-05	3.6159259274e-05
2.2900000000e+02	9.1296451590e-03	-2.4109603308e-03	5.0395657161e-05	3.6174774749e-05
2.3000000000e+02	9.1658276109e-03	-2.4614348686e-03	5.0553315128e-05	3.6190097172e-05
2.3100000000e+02	9.2020252900e-03	-2.5120667551e-03	5.0710355174e-05	3.6205229695e-05
2.3200000000e+02	9.2382380080e-03	-2.5628553745e-03	5.0866781821e-05	3.6220175407e-05
2.3300000000e+02	9.2744655796e-03	-2.6138001157e-03	5.1022599551e-05	3.6234937332e-05
2.3400000000e+02	9.3107078224e-03	-2.6649003721e-03	5.1177812797e-05	3.6249518439e-05
2.3500000000e+02	9.3469645571e-03	-2.7161555413e-03	5.1332425951e-05	3.6263921634e-05
2.3600000000e+02	9.3832356073e-03	-2.7675650254e-03	5.1486443359e-05	3.6278149767e-05
2.3700000000e+02	9.4195207993e-03	-2.8191282309e-03	5.1639869325e-05	3.6292205631e-05
2.3800000000e+02	9.4558199621e-03	-2.8708445683e-03	5.1792708111e-05	3.6306091966e-05
2.3900000000e+02	9.4921329276e-03	-2.9227134528e-03	5.1944963935e-05	3.6319811457e-05
2.4000000000e+02	9.5284595303e-03	-2.9747343033e-03	5.2096640973e-05	3.6333366737e-05
2.4100000000e+02	9.5647996072e-03	-3.0269065432e-03	5.2247743362e-05	3.6346760387e-05
2.4200000000e+02	9.6011529980e-03	-3.0792295998e-03	5.2398275198e-05	3.6359994939e-05
2.4300000000e+02	9.6375195448e-03	-3.1317029047e-03	5.2548240533e-05	3.6373072877e-05
2.4400000000e+02	9.6738990924e-03	-3.1843258934e-03	5.2697643384e-05	3.6385996636e-05
2.4500000000e+02	9.7102914875e-03	-3.2370980053e-03	5.2846487726e-05	3.6398768604e-05
2.4600000000e+02	9.7466965797e-03	-3.2900186840e-03	5.2994777495e-05	3.6411391124e-05
2.4700000000e+02	9.7831142207e-03	-3.3430873768e-03	5.3142516589e-05	3.6423866496e-05
2.4800000000e+02	9.8195442644e-03	-3.3963035349e-03	5.3289708868e-05	3.6436196973e-05
2.4900000000e+02	9.8559865671e-03	-3.4496666135e-03	5.3436358155e-05	3.6448384769e-05
2.5000000000e+02	9.8924409871e-03	-3.5031760715e-03	5.3582468234e-05	3.6460432055e-05
2.5100000000e+02	9.9289073851e-03	-3.5568313715e-03	5.3728042855e-05	3.6472340960e-05
2.5200000000e+02	9.9653856236e-03	-3.6106319799e-03	5.3873085728e-05	3.6484113575e-05
2.5300000000e+02	1.0001875567e-02	-3.6645773669e-03	5.4017600531e-05	3.6495751951e-05
2.5400000000e+02	1.0038377083e-02	-3.7186670062e-03	5.4161590904e-05	3.6507258102e-05
2.5500000000e+02	1.0074890040e-02	-3.7729003751e-03	5.4305060453e-05	3.6518634004e-05
2.5600000000e+02	1.0111414309e-02	-3.8272769547e-03	5.4448012748e-05	3.6529881597e-05
2.5700000000e+02	1.0147949761e-02	-3.8817962294e-03	5.4590451326e-05	3.6541002784e-05
2.5800000000e+02	1.0184496273e-02	-3.9364576873e-03	5.4732379690e-05	3.6551999435e-05
2.5900000000e+02	1.0221053719e-02	-3.9912608198e-03	5.4873801310e-05	3.6562873385e-05
2.6000000000e+02	1.0257621979e-02	-4.0462051221e-03	5.5014719621e-05	3.6573626437e-05
2.6100000000e+02	1.0294200932e-02	-4.1012900925e-03	5.5155138027e-05	3.6584260358e-05
2.6200000000e+02	1.0330790461e-02	-4.1565152327e-03	5.5295059899e-05	3.6594776888e-05
2.6300000000e+02	1.0367390448e-02	-4.2118800479e-03	5.5434488576e-05	3.6605177731e-05
2.6400000000e+02	1.0404000778e-02	-4.2673840465e-03	5.5573427367e-05	3.6615464562e-05
2.6500000000e+02	1.0440621339e-02	-4.3230267404e-03	5.5711879546e-05	3.6625639029e-05
2.6600000000e+02	1.0477252019e-02	-4.3788076445e-03	5.5849848361e-05	3.6635702746e-05
2.6700000000e+02	1.0513892708e-02	-4.4347262771e-03	5.5987337024e-05	3.6645657301e-05
2.6800000000e+02	1.0550543298e-02	-4.4907821595e-03	5.6124348723e-05	3.6655504254e-05
2.6900000000e+02	1.0587203682e-02	-4.5469748166e-03	5.6260886610e-05	3.6665245136e-05
2.7000000000e+02	1.0623873754e-02	-4.6033037759e-03	5.6396953813e-05	3.6674881453e-05
2.7100000000e+02	1.0660553410e-02	-4.6597685683e-03	5.6532553426e-05	3.6684414684e-05
2.7200000000e+02	1.0697242549e-02	-4.7163687279e-03	5.6667688518e-05	3.6693846280e-05
2.7300000000e+02	1.0733941069e-02	-4.7731037915e-03	5.6802362128e-05	3.6703177670e-05
2.7400000000e+02	1.0770648871e-02	-4.8299732993e-03	5.6936577266e-05	3.6712410256e-05
2.7500000000e+02	1.0807365857e-02	-4.8869767942e-03	5.7070336915e-05	3.6721545417e-05
2.7600000000e+02	1.0844091930e-02	-4.9441138223e-03	5.7203644031e-05	3.6730584508e-05
2.7700000000e+02	1.0880826995e-02	-5.0013839324e-03	5.7336501542e-05	3.6739528860e-05
2.7800000000e+02	1.0917570957e-02	-5.0587866765e-03	5.7468912350e-05	3.6748379782e-05
2.7900000000e+02	1.0954323724e-02	-5.1163216092e-03	5.7600879329e-05	3.6757138561e-05
2.8000000000e+02	1.0991085204e-02	-5.1739882881e-03	5.7732405328e-05	3.6765806460e-05
2.8100000000e+02	1.1027855307e-02	-5.2317862738e-03	5.7863493169e-05	3.6774384723e-05
2.8200000000e+02	1.1064633944e-02	-5.2897151294e-03	5.7994145649e-05	3.6782874572e-05
2.8300000000e+02	1.1101421027e-02	-5.3477744209e-03	5.8124365539e-05	3.6791277209e-05
2.8400000000e+02	1.1138216469e-02	-5.4059637172e-03	5.8254155586e-05	3.6799593814e-05
2.8500000000e+02	1.1175020186e-02	-5.4642825897e-03	5.8383518512e-05	3.6807825550e-05
2.8600000000e+02	1.1211832093e-02	-5.5227306127e-03	5.8512457012e-05	3.6815973558e-05
2.8700000000e+02	1.1248652106e-02	-5.5813073631e-03	5.8640973759e-05	3.6824038961e-05
2.8800000000e+02	1.1285480143e-02	-5.6400124205e-03	5.8769071402e-05	3.6832022865e-05
2.8900000000e+02	1.1322316125e-02	-5.6988453671e-03	5.8896752566e-05	3.6839926355e-05
2.9000000000e+02	1.1359159970e-02	-5.7578057877e-03	5.9024019853e-05	3.6847750499e-05
2.9100000000e+02	1.1396011600e-02	-5.8168932697e-03	5.9150875839e-05	3.6855496349e-05
2.9200000000e+02	1.1432870937e-02	-5.8761074031e-03	5.9277323081e-05	3.6863164939e-05
2.9300000000e+02	1.1469737904e-02	-5.9354477805e-03	5.9403364111e-05	3.6870757284e-05
2.9400000000e+02	1.1506612426e-02	-5.9949139968e-03	5.9529001438e-05	3.6878274385e-05
2.9500000000e+02	1.1543494428e-02	-6.0545056496e-03	5.9654237551e-05	3.6885717226e-05
2.9600000000e+02	1.1580383836e-02	-6.1142223390e-03	5.9779074916e-05	3.6893086775e-05
2.9700000000e+02	1.1617280577e-02	-6.1740636673e-03	5.9903515976e-05	3.6900383985e-05
2.9800000000e+02	1.1654184580e-02	-6.2340292396e-03	6.0027563154e-05	3.6907609792e-05
2.9900000000e+02	1.1691095774e-02	-6.2941186632e-03	6.0151218852e-05	3.6914765119e-05
3.0000000000e+02	1.1728014087e-02	-6.3543315476e-03	6.0274485450e-05	3.6921850873e-05
3.0100000000e+02	1.1764939452e-02	-6.4146675051e-03	6.0397365307e-05	3.6928867947e-05
3.0200000000e+02	1.1801871801e-02	-6.4751261501e-03	6.0519860764e-05	3.6935817220e-05
3.0300000000e+02	1.1838811064e-02	-6.5357070993e-03	6.0641974138e-05	3.6942699556e-05
3.0400000000e+02	1.1875757178e-02	-6.5964099718e-03	6.0763707728e-05	3.6949515808e-05
3.0500000000e+02	1.1912710074e-02	-6.6572343889e-03	6.0885063814e-05	3.6956266812e-05
3.0600000000e+02	1.1949669690e-02	-6.7181799743e-03	6.1006044654e-05	3.6962953393e-05
3.0700000000e+02	1.1986635960e-02	-6.7792463539e-03	6.1126652488e-05	3.6969576363e-05
3.0800000000e+02	1.2023608822e-02	-6.8404331557e-03	6.1246889537e-05	3.6976136521e-05
3.0900000000e+02	1.2060588212e-02	-6.9017400101e-03	6.1366758001e-05	3.6982634654e-05
3.1000000000e+02	1.2097574070e-02	-6.9631665496e-03	6.1486260065e-05	3.6989071536e-05
3.1100000000e+02	1.2134566335e-02	-7.0247124088e-03	6.1605397891e-05	3.6995447930e-05
3.1200000000e+02	1.2171564946e-02	-7.0863772247e-03	6.1724173625e-05	3.7001764587e-05
3.1300000000e+02	1.2208569845e-02	-7.1481606361e-03	6.1842589396e-05	3.7008022245e-05
3.1400000000e+02	1.2245580971e-02	-7.2100622842e-03	6.1960647311e-05	3.7014221632e-05
3.1500000000e+02	1.2282598269e-02	-7.2720818121e-03	6.2078349463e-05	3.7020363466e-05
3.1600000000e+02	1.2319621679e-02	-7.3342188652e-03	6.2195697926e-05	3.7026448452e-05
3.1700000000e+02	1.2356651147e-02	-7.3964730908e-03	6.2312694756e-05	3.7032477286e-05
3.1800000000e+02	1.2393686616e-02	-7.4588441382e-03	6.2429341993e-05	3.7038450651e-05
3.1900000000e+02	1.2430728030e-02	-7.5213316589e-03	6.2545641658e-05	3.7044369223e-05
3.2000000000e+02	1.2467775336e-02	-7.5839353063e-03	6.2661595757e-05	3.7050233665e-05
3.2100000000e+02	1.2504828480e-02	-7.6466547359e-03	6.2777206279e-05	3.7056044631e-05
3.2200000000e+02	1.2541887408e-02	-7.7094896050e-03	6.2892475194e-05	3.7061802766e-05
3.2300000000e+02	1.2578952068e-02	-7.7724395731e-03	6.3007404460e-05	3.7067508705e-05
3.2400000000e+02	1.2616022408e-02	-7.8355043014e-03	6.3121996016e-05	3.7073163072e-05
3.2500000000e+02	1.2653098377e-02	-7.8986834532e-03	6.3236251785e-05	3.7078766485e-05
3.2600000000e+02	1.2690179924e-02	-7.9619766936e-03	6.3350173674e-05	3.7084319549e-05
3.2700000000e+02	1.2727266999e-02	-8.0253836899e-03	6.3463763576e-05	3.7089822863e-05
3.2800000000e+02	1.2764359553e-02	-8.0889041108e-03	6.3577023366e-05	3.7095277016e-05
3.2900000000e+02	1.2801457537e-02	-8.1525376272e-03	6.3689954907e-05	3.7100682588e-05
3.3000000000e+02	1.2838560903e-02	-8.2162839118e-03	6.3802560043e-05	3.7106040151e-05
3.3100000000e+02	1.2875669602e-02	-8.2801426391e-03	6.3914840606e-05	3.7111350270e-05
3.3200000000e+02	1.2912783587e-02	-8.3441134854e-03	6.4026798412e-05	3.7116613498e-05
3.3300000000e+02	1.2949902813e-02	-8.4081961289e-03	6.4138435262e-05	3.7121830385e-05
3.3400000000e+02	1.2987027233e-02	-8.4723902495e-03	6.4249752942e-05	3.7127001469e-05
3.3500000000e+02	1.3024156801e-02	-8.5366955290e-03	6.4360753224e-05	3.7132127282e-05
3.3600000000e+02	1.3061291473e-02	-8.6011116508e-03	6.4471437867e-05	3.7137208349e-05
3.3700000000e+02	1.3098431203e-02	-8.6656383001e-03	6.4581808615e-05	3.7142245185e-05
3.3800000000e+02	1.3135575948e-02	-8.7302751639e-03	6.4691867196e-05	3.7147238299e-05
3.3900000000e+02	1.3172725665e-02	-8.7950219310e-03	6.4801615328e-05	3.7152188195e-05
3.4000000000e+02	1.3209880311e-02	-8.8598782917e-03	6.4911054712e-05	3.7157095365e-05
3.4100000000e+02	1.3247039842e-02	-8.9248439381e-03	6.5020187038e-05	3.7161960299e-05
3.4200000000e+02	1.3284204217e-02	-8.9899185640e-03	6.5129013980e-05	3.7166783477e-05
3.4300000000e+02	1.3321373395e-02	-9.0551018648e-03	6.5237537201e-05	3.7171565372e-05
3.4400000000e+02	1.3358547334e-02	-9.1203935377e-03	6.5345758349e-05	3.7176306453e-05
3.4500000000e+02	1.3395725995e-02	-9.1857932813e-03	6.5453679060e-05	3.7181007180e-05
3.4600000000e+02	1.3432909335e-02	-9.2513007962e-03	6.5561300958e-05	3.7185668008e-05
3.4700000000e+02	1.3470097317e-02	-9.3169157842e-03	6.5668625653e-05	3.7190289383e-05
3.4800000000e+02	1.3507289901e-02	-9.3826379490e-03	6.5775654742e-05	3.7194871749e-05
3.4900000000e+02	1.3544487048e-02	-9.4484669957e-03	6.5882389810e-05	3.7199415541e-05
3.5000000000e+02	1.3581688720e-02	-9.5144026311e-03	6.5988832430e-05	3.7203921188e-05
3.5100000000e+02	1.3618894878e-02	-9.5804445636e-03	6.6094984164e-05	3.7208389114e-05
3.5200000000e+02	1.3656105485e-02	-9.6465925030e-03	6.6200846558e-05	3.7212819737e-05
3.5300000000e+02	1.3693320505e-02	-9.7128461608e-03	6.6306421149e-05	3.7217213469e-05
3.5400000000e+02	1.3730539900e-02	-9.7792052499e-03	6.6411709463e-05	3.7221570716e-05
3.5500000000e+02	1.3767763634e-02	-9.8456694848e-03	6.6516713012e-05	3.7225891880e-05
3.5600000000e+02	1.3804991672e-02	-9.9122385815e-03	6.6621433296e-05	3.7230177355e-05
3.5700000000e+02	1.3842223977e-02	-9.9789122574e-03	6.6725871806e-05	3.7234427532e-05
3.5800000000e+02	1.3879460515e-02	-1.0045690232e-02	6.6830030020e-05	3.7238642796e-05
3.5900000000e+02	1.3916701251e-02	-1.0112572225e-02	6.6933909404e-05	3.7242823525e-05
3.6000000000e+02	1.3953946151e-02	-1.0179557958e-02	6.7037511414e-05	3.7246970095e-05
3.6100000000e+02	1.3991195180e-02	-1.0246647155e-02	6.7140837495e-05	3.7251082875e-05
3.6200000000e+02	1.4028448306e-02	-1.0313839541e-02	6.7243889081e-05	3.7255162229e-05
3.6300000000e+02	1.4065705494e-02	-1.0381134843e-02	6.7346667593e-05	3.7259208517e-05
3.6400000000e+02	1.4102966712e-02	-1.0448532786e-02	6.7449174445e-05	3.7263222094e-05
3.6500000000e+02	1.4140231927e-02	-1.0516033101e-02	6.7551411037e-05	3.7267203310e-05
3.6600000000e+02	1.4177501108e-02	-1.0583635519e-02	6.7653378760e-05	3.7271152509e-05
3.6700000000e+02	1.4214774222e-02	-1.0651339770e-02	6.7755078995e-05	3.7275070034e-05
3.6800000000e+02	1.4252051237e-02	-1.0719145588e-02	6.7856513112e-05	3.7278956219e-05
3.6900000000e+02	1.4289332124e-02	-1.0787052708e-02	6.7957682470e-05	3.7282811398e-05
3.7000000000e+02	1.4326616850e-02	-1.0855060865e-02	6.8058588419e-05	3.7286635898e-05
3.7100000000e+02	1.4363905385e-02	-1.0923169797e-02	6.8159232298e-05	3.7290430041e-05
3.7200000000e+02	1.4401197700e-02	-1.0991379243e-02	6.8259615437e-05	3.7294194147e-05
3.7300000000e+02	1.4438493764e-02	-1.1059688942e-02	6.8359739156e-05	3.7297928531e-05
3.7400000000e+02	1.4475793547e-02	-1.1128098635e-02	6.8459604765e-05	3.7301633504e-05
3.7500000000e+02	1.4513097021e-02	-1.1196608065e-02	6.8559213564e-05	3.7305309372e-05
3.7600000000e+02	1.4550404156e-02	-1.1265216977e-02	6.8658566844e-05	3.7308956437e-05
3.7700000000e+02	1.4587714925e-02	-1.1333925114e-02	6.8757665886e-05	3.7312574999e-05
3.7800000000e+02	1.4625029297e-02	-1.1402732224e-02	6.8856511961e-05	3.7316165354e-05
3.7900000000e+02	1.4662347246e-02	-1.1471638054e-02	6.8955106333e-05	3.7319727791e-05
3.8000000000e+02	1.4699668743e-02	-1.1540642354e-02	6.9053450255e-05	3.7323262598e-05
3.8100000000e+02	1.4736993762e-02	-1.1609744872e-02	6.9151544971e-05	3.7326770060e-05
3.8200000000e+02	1.4774322274e-02	-1.1678945361e-02	6.9249391715e-05	3.7330250456e-05
3.8300000000e+02	1.4811654254e-02	-1.1748243573e-02	6.9346991715e-05	3.7333704063e-05
3.8400000000e+02	1.4848989674e-02	-1.1817639262e-02	6.9444346188e-05	3.7337131154e-05
3.8500000000e+02	1.4886328508e-02	-1.1887132184e-02	6.9541456342e-05	3.7340531999e-05
3.8600000000e+02	1.4923670729e-02	-1.1956722094e-02	6.9638323376e-05	3.7343906864e-05
3.8700000000e+02	1.4961016313e-02	-1.2026408750e-02	6.9734948483e-05	3.7347256011e-05
3.8800000000e+02	1.4998365233e-02	-1.2096191911e-02	6.9831332844e-05	3.7350579702e-05
3.8900000000e+02	1.5035717464e-02	-1.2166071336e-02	6.9927477634e-05	3.7353878190e-05
3.9000000000e+02	1.5073072981e-02	-1.2236046787e-02	7.0023384019e-05	3.7357151731e-05
3.9100000000e+02	1.5110431759e-02	-1.2306118025e-02	7.0119053155e-05	3.7360400574e-05
3.9200000000e+02	1.5147793774e-02	-1.2376284814e-02	7.0214486194e-05	3.7363624965e-05
3.9300000000e+02	1.5185159001e-02	-1.2446546919e-02	7.0309684274e-05	3.7366825149e-05
3.9400000000e+02	1.5222527416e-02	-1.2516904105e-02	7.0404648530e-05	3.7370001366e-05
3.9500000000e+02	1.5259898996e-02	-1.2587356138e-02	7.0499380086e-05	3.7373153854e-05
3.9600000000e+02	1.5297273716e-02	-1.2657902788e-02	7.0593880060e-05	3.7376282849e-05
3.9700000000e+02	1.5334651554e-02	-1.2728543822e-02	7.0688149560e-05	3.7379388581e-05
3.9800000000e+02	1.5372032485e-02	-1.2799279010e-02	7.0782189688e-05	3.7382471280e-05
3.9900000000e+02	1.5409416488e-02	-1.2870108125e-02	7.0876001538e-05	3.7385531172e-05
4.0000000000e+02	1.5446803540e-02	-1.2941030938e-02	7.0969586195e-05	3.7388568482e-05
4.0100000000e+02	1.5484193618e-02	-1.3012047222e-02	7.1062944738e-05	3.7391583429e-05
4.0200000000e+02	1.5521586700e-02	-1.3083156752e-02	7.1156078239e-05	3.7394576232e-05
4.0300000000e+02	1.5558982763e-02	-1.3154359304e-02	7.1248987759e-05	3.7397547107e-05
4.0400000000e+02	1.5596381787e-02	-1.3225654653e-02	7.1341674357e-05	3.7400496266e-05
4.0500000000e+02	1.5633783749e-02	-1.3297042579e-02	7.1434139079e-05	3.7403423920e-05
4.0600000000e+02	1.5671188627e-02	-1.3368522858e-02	7.1526382969e-05	3.7406330276e-05
4.0700000000e+02	1.5708596402e-02	-1.3440095271e-02	7.1618407060e-05	3.7409215540e-05
4.0800000000e+02	1.5746007052e-02	-1.3511759599e-02	7.1710212379e-05	3.7412079915e-05
4.0900000000e+02	1.5783420555e-02	-1.3583515623e-02	7.1801799947e-05	3.7414923601e-05
4.1000000000e+02	1.5820836892e-02	-1.3655363127e-02	7.1893170777e-05	3.7417746797e-05
4.1100000000e+02	1.5858256042e-02	-1.3727301893e-02	7.1984325876e-05	3.7420549697e-05
4.1200000000e+02	1.5895677985e-02	-1.3799331707e-02	7.2075266242e-05	3.7423332496e-05
4.1300000000e+02	1.5933102700e-02	-1.3871452354e-02	7.2165992868e-05	3.7426095384e-05
4.1400000000e+02	1.5970530169e-02	-1.3943663622e-02	7.2256506741e-05	3.7428838550e-05
4.1500000000e+02	1.6007960371e-02	-1.4015965297e-02	7.2346808838e-05	3.7431562181e-05
4.1600000000e+02	1.6045393287e-02	-1.4088357169e-02	7.2436900134e-05	3.7434266461e-05
4.1700000000e+02	1.6082828897e-02	-1.4160839028e-02	7.2526781594e-05	3.7436951573e-05
4.1800000000e+02	1.6120267183e-02	-1.4233410663e-02	7.2616454178e-05	3.7439617696e-05
4.1900000000e+02	1.6157708126e-02	-1.4306071867e-02	7.2705918838e-05	3.7442265009e-05
4.2000000000e+02	1.6195151707e-02	-1.4378822431e-02	7.2795176521e-05	3.7444893687e-05
4.2100000000e+02	1.6232597908e-02	-1.4451662151e-02	7.2884228168e-05	3.7447503905e-05
4.2200000000e+02	1.6270046709e-02	-1.4524590819e-02	7.2973074712e-05	3.7450095834e-05
4.2300000000e+02	1.6307498093e-02	-1.4597608232e-02	7.3061717082e-05	3.7452669644e-05
4.2400000000e+02	1.6344952042e-02	-1.4670714186e-02	7.3150156199e-05	3.7455225503e-05
4.2500000000e+02	1.6382408538e-02	-1.4743908477e-02	7.3238392978e-05	3.7457763577e-05
4.2600000000e+02	1.6419867564e-02	-1.4817190905e-02	7.3326428329e-05	3.7460284030e-05
4.2700000000e+02	1.6457329101e-02	-1.4890561267e-02	7.3414263156e-05	3.7462787025e-05
4.2800000000e+02	1.6494793132e-02	-1.4964019364e-02	7.3501898356e-05	3.7465272721e-05
4.2900000000e+02	1.6532259640e-02	-1.5037564998e-02	7.3589334820e-05	3.7467741277e-05
4.3000000000e+02	1.6569728609e-02	-1.5111197968e-02	7.3676573435e-05	3.7470192851e-05
4.3100000000e+02	1.6607200020e-02	-1.5184918079e-02	7.3763615079e-05	3.7472627596e-05
4.3200000000e+02	1.6644673858e-02	-1.5258725133e-02	7.3850460628e-05	3.7475045666e-05
4.3300000000e+02	1.6682150106e-02	-1.5332618935e-02	7.3937110950e-05	3.7477447212e-05
4.3400000000e+02	1.6719628747e-02	-1.5406599290e-02	7.4023566906e-05	3.7479832385e-05
4.3500000000e+02	1.6757109766e-02	-1.5480666004e-02	7.4109829356e-05	3.7482201331e-05
4.3600000000e+02	1.6794593145e-02	-1.5554818885e-02	7.4195899150e-05	3.7484554199e-05
4.3700000000e+02	1.6832078869e-02	-1.5629057739e-02	7.4281777133e-05	3.7486891131e-05
4.3800000000e+02	1.6869566922e-02	-1.5703382375e-02	7.4367464148e-05	3.7489212272e-05
4.3900000000e+02	1.6907057288e-02	-1.5777792604e-02	7.4452961029e-05	3.7491517763e-05
4.4000000000e+02	1.6944549952e-02	-1.5852288234e-02	7.4538268605e-05	3.7493807744e-05
4.4100000000e+02	1.6982044898e-02	-1.5926869078e-02	7.4623387701e-05	3.7496082353e-05
4.4200000000e+02	1.7019542112e-02	-1.6001534947e-02	7.4708319137e-05	3.7498341727e-05
4.4300000000e+02	1.7057041577e-02	-1.6076285654e-02	7.4793063726e-05	3.7500586001e-05
4.4400000000e+02	1.7094543279e-02	-1.6151121012e-02	7.4877622277e-05	3.7502815310e-05
4.4500000000e+02	1.7132047202e-02	-1.6226040837e-02	7.4961995594e-05	3.7505029786e-05
4.4600000000e+02	1.7169553333e-02	-1.6301044942e-02	7.5046184474e-05	3.7507229558e-05
4.4700000000e+02	1.7207061657e-02	-1.6376133144e-02	7.5130189712e-05	3.7509414758e-05
4.4800000000e+02	1.7244572158e-02	-1.6451305261e-02	7.5214012095e-05	3.7511585513e-05
4.4900000000e+02	1.7282084823e-02	-1.6526561108e-02	7.5297652407e-05	3.7513741950e-05
4.5000000000e+02	1.7319599637e-02	-1.6601900505e-02	7.5381111427e-05	3.7515884194e-05
4.5100000000e+02	1.7357116587e-02	-1.6677323271e-02	7.5464389927e-05	3.7518012368e-05
4.5200000000e+02	1.7394635657e-02	-1.6752829225e-02	7.5547488677e-05	3.7520126596e-05
4.5300000000e+02	1.7432156835e-02	-1.6828418188e-02	7.5630408441e-05	3.7522226999e-05
4.5400000000e+02	1.7469680107e-02	-1.6904089982e-02	7.5713149976e-05	3.7524313696e-05
4.5500000000e+02	1.7507205458e-02	-1.6979844429e-02	7.5795714038e-05	3.7526386807e-05
4.5600000000e+02	1.7544732876e-02	-1.7055681352e-02	7.5878101376e-05	3.7528446448e-05
4.5700000000e+02	1.7582262347e-02	-1.7131600573e-02	7.5960312735e-05	3.7530492736e-05
4.5800000000e+02	1.7619793857e-02	-1.7207601919e-02	7.6042348855e-05	3.7532525786e-05
4.5900000000e+02	1.7657327394e-02	-1.7283685213e-02	7.6124210472e-05	3.7534545711e-05
4.6000000000e+02	1.7694862944e-02	-1.7359850282e-02	7.6205898317e-05	3.7536552623e-05
4.6100000000e+02	1.7732400495e-02	-1.7436096952e-02	7.6287413116e-05	3.7538546634e-05
4.6200000000e+02	1.7769940033e-02	-1.7512425050e-02	7.6368755592e-05	3.7540527854e-05
4.6300000000e+02	1.7807481546e-02	-1.7588834406e-02	7.6449926462e-05	3.7542496392e-05
4.6400000000e+02	1.7845025022e-02	-1.7665324846e-02	7.6530926440e-05	3.7544452355e-05
4.6500000000e+02	1.7882570447e-02	-1.7741896202e-02	7.6611756233e-05	3.7546395850e-05
4.6600000000e+02	1.7920117809e-02	-1.7818548302e-02	7.6692416548e-05	3.7548326983e-05
4.6700000000e+02	1.7957667097e-02	-1.7895280979e-02	7.6772908084e-05	3.7550245857e-05
4.6800000000e+02	1.7995218297e-02	-1.7972094062e-02	7.6853231537e-05	3.7552152576e-05
4.6900000000e+02	1.8032771398e-02	-1.8048987386e-02	7.6933387599e-05	3.7554047243e-05
4.7000000000e+02	1.8070326387e-02	-1.8125960782e-02	7.7013376956e-05	3.7555929958e-05
4.7100000000e+02	1.8107883254e-02	-1.8203014085e-02	7.7093200293e-05	3.7557800821e-05
4.7200000000e+02	1.8145441985e-02	-1.8280147128e-02	7.7172858289e-05	3.7559659931e-05
4.7300000000e+02	1.8183002570e-02	-1.8357359746e-02	7.7252351619e-05	3.7561507387e-05
4.7400000000e+02	1.8220564996e-02	-1.8434651776e-02	7.7331680954e-05	3.7563343285e-05
4.7500000000e+02	1.8258129252e-02	-1.8512023054e-02	7.7410846960e-05	3.7565167721e-05
4.7600000000e+02	1.8295695328e-02	-1.8589473416e-02	7.7489850301e-05	3.7566980791e-05
4.7700000000e+02	1.8333263210e-02	-1.8667002700e-02	7.7568691636e-05	3.7568782587e-05
4.7800000000e+02	1.8370832889e-02	-1.8744610745e-02	7.7647371620e-05	3.7570573204e-05
4.7900000000e+02	1.8408404353e-02	-1.8822297390e-02	7.7725890904e-05	3.7572352733e-05
4.8000000000e+02	1.8445977591e-02	-1.8900062474e-02	7.7804250135e-05	3.7574121265e-05
4.8100000000e+02	1.8483552592e-02	-1.8977905837e-02	7.7882449956e-05	3.7575878891e-05
4.8200000000e+02	1.8521129345e-02	-1.9055827321e-02	7.7960491008e-05	3.7577625700e-05
4.8300000000e+02	1.8558707840e-02	-1.9133826766e-02	7.8038373926e-05	3.7579361779e-05
4.8400000000e+02	1.8596288065e-02	-1.9211904016e-02	7.8116099341e-05	3.7581087218e-05
4.8500000000e+02	1.8633870011e-02	-1.9290058913e-02	7.8193667883e-05	3.7582802101e-05
4.8600000000e+02	1.8671453666e-02	-1.9368291300e-02	7.8271080176e-05	3.7584506515e-05
4.8700000000e+02	1.8709039020e-02	-1.9446601021e-02	7.8348336841e-05	3.7586200545e-05
4.8800000000e+02	1.8746626063e-02	-1.9524987922e-02	7.8425438494e-05	3.7587884275e-05
4.8900000000e+02	1.8784214785e-02	-1.9603451847e-02	7.8502385751e-05	3.7589557787e-05
4.9000000000e+02	1.8821805176e-02	-1.9681992642e-02	7.8579179220e-05	3.7591221165e-05
4.9100000000e+02	1.8859397224e-02	-1.9760610154e-02	7.8655819508e-05	3.7592874489e-05
4.9200000000e+02	1.8896990921e-02	-1.9839304230e-02	7.8732307219e-05	3.7594517840e-05
4.9300000000e+02	1.8934586257e-02	-1.9918074718e-02	7.8808642951e-05	3.7596151298e-05
4.9400000000e+02	1.8972183221e-02	-1.9996921466e-02	7.8884827300e-05	3.7597774943e-05
4.9500000000e+02	1.9009781803e-02	-2.0075844322e-02	7.8960860860e-05	3.7599388852e-05
4.9600000000e+02	1.9047381995e-02	-2.0154843137e-02	7.9036744219e-05	3.7600993102e-05
4.9700000000e+02	1.9084983786e-02	-2.0233917761e-02	7.9112477962e-05	3.7602587771e-05
4.9800000000e+02	1.9122587167e-02	-2.0313068044e-02	7.9188062673e-05	3.7604172935e-05
4.9900000000e+02	1.9160192129e-02	-2.0392293837e-02	7.9263498929e-05	3.7605748669e-05
5.0000000000e+02	1.9197798662e-02	-2.0471594992e-02	7.9338787308e-05	3.7607315047e-05
5.0100000000e+02	1.9235406756e-02	-2.0550971362e-02	7.9413928380e-05	3.7608872142e-05
5.0200000000e+02	1.9273016403e-02	-2.0630422800e-02	7.9488922715e-05	3.7610420029e-05
5.0300000000e+02	1.9310627593e-02	-2.0709949159e-02	7.9563770879e-05	3.7611958779e-05
5.0400000000e+02	1.9348240317e-02	-2.0789550293e-02	7.9638473434e-05	3.7613488464e-05
5.0500000000e+02	1.9385854567e-02	-2.0869226057e-02	7.9713030939e-05	3.7615009155e-05
5.0600000000e+02	1.9423470333e-02	-2.0948976307e-02	7.9787443952e-05	3.7616520922e-05
5.0700000000e+02	1.9461087606e-02	-2.1028800897e-02	7.9861713024e-05	3.7618023834e-05
5.0800000000e+02	1.9498706378e-02	-2.1108699685e-02	7.9935838706e-05	3.7619517961e-05
5.0900000000e+02	1.9536326639e-02	-2.1188672527e-02	8.0009821544e-05	3.7621003370e-05
5.1000000000e+02	1.9573948381e-02	-2.1268719281e-02	8.0083662083e-05	3.7622480129e-05
5.1100000000e+02	1.9611571596e-02	-2.1348839804e-02	8.0157360862e-05	3.7623948305e-05
5.1200000000e+02	1.9649196275e-02	-2.1429033955e-02	8.0230918419e-05	3.7625407965e-05
5.1300000000e+02	1.9686822409e-02	-2.1509301594e-02	8.0304335289e-05	3.7626859173e-05
5.1400000000e+02	1.9724449991e-02	-2.1589642579e-02	8.0377612004e-05	3.7628301995e-05
5.1500000000e+02	1.9762079011e-02	-2.1670056771e-02	8.0450749091e-05	3.7629736496e-05
5.1600000000e+02	1.9799709461e-02	-2.1750544031e-02	8.0523747078e-05	3.7631162738e-05
5.1700000000e+02	1.9837341333e-02	-2.1831104219e-02	8.0596606485e-05	3.7632580785e-05
5.1800000000e+02	1.9874974620e-02	-2.1911737198e-02	8.0669327834e-05	3.7633990699e-05
5.1900000000e+02	1.9912609312e-02	-2.1992442829e-02	8.0741911640e-05	3.7635392543e-05
5.2000000000e+02	1.9950245402e-02	-2.2073220976e-02	8.0814358419e-05	3.7636786378e-05
5.2100000000e+02	1.9987882882e-02	-2.2154071501e-02	8.0886668681e-05	3.7638172265e-05
5.2200000000e+02	2.0025521744e-02	-2.2234994268e-02	8.0958842935e-05	3.7639550263e-05
5.2300000000e+02	2.0063161980e-02	-2.2315989141e-02	8.1030881685e-05	3.7640920432e-05
5.2400000000e+02	2.0100803582e-02	-2.2397055986e-02	8.1102785436e-05	3.7642282832e-05
5.2500000000e+02	2.0138446543e-02	-2.2478194667e-02	8.1174554687e-05	3.7643637520e-05
5.2600000000e+02	2.0176090855e-02	-2.2559405051e-02	8.1246189935e-05	3.7644984556e-05
5.2700000000e+02	2.0213736510e-02	-2.2640687003e-02	8.1317691675e-05	3.7646323996e-05
5.2800000000e+02	2.0251383500e-02	-2.2722040390e-02	8.1389060398e-05	3.7647655897e-05
5.2900000000e+02	2.0289031819e-02	-2.2803465079e-02	8.1460296594e-05	3.7648980315e-05
5.3000000000e+02	2.0326681459e-02	-2.2884960939e-02	8.1531400750e-05	3.7650297307e-05
5.3100000000e+02	2.0364332411e-02	-2.2966527837e-02	8.1602373349e-05	3.7651606928e-05
5.3200000000e+02	2.0401984670e-02	-2.3048165642e-02	8.1673214872e-05	3.7652909232e-05
5.3300000000e+02	2.0439638227e-02	-2.3129874223e-02	8.1743925798e-05	3.7654204273e-05
5.3400000000e+02	2.0477293076e-02	-2.3211653450e-02	8.1814506604e-05	3.7655492106e-05
5.3500000000e+02	2.0514949209e-02	-2.3293503193e-02	8.1884957761e-05	3.7656772784e-05
5.3600000000e+02	2.0552606619e-02	-2.3375423323e-02	8.1955279742e-05	3.7658046360e-05
5.3700000000e+02	2.0590265299e-02	-2.3457413710e-02	8.2025473015e-05	3.7659312885e-05
5.3800000000e+02	2.0627925243e-02	-2.3539474226e-02	8.2095538046e-05	3.7660572412e-05
5.3900000000e+02	2.0665586442e-02	-2.3621604743e-02	8.2165475297e-05	3.7661824992e-05
5.4000000000e+02	2.0703248890e-02	-2.3703805134e-02	8.2235285231e-05	3.7663070676e-05
5.4100000000e+02	2.0740912581e-02	-2.3786075271e-02	8.2304968304e-05	3.7664309515e-05
5.4200000000e+02	2.0778577507e-02	-2.3868415029e-02	8.2374524974e-05	3.7665541558e-05
5.4300000000e+02	2.0816243662e-02	-2.3950824279e-02	8.2443955693e-05	3.7666766855e-05
5.4400000000e+02	2.0853911039e-02	-2.4033302898e-02	8.2513260913e-05	3.7667985455e-05
5.4500000000e+02	2.0891579631e-02	-2.4115850760e-02	8.2582441083e-05	3.7669197406e-05
5.4600000000e+02	2.0929249431e-02	-2.4198467739e-02	8.2651496648e-05	3.7670402757e-05
5.4700000000e+02	2.0966920434e-02	-2.4281153711e-02	8.2720428054e-05	3.7671601555e-05
5.4800000000e+02	2.1004592632e-02	-2.4363908554e-02	8.2789235741e-05	3.7672793849e-05
5.4900000000e+02	2.1042266019e-02	-2.4446732142e-02	8.2857920148e-05	3.7673979684e-05
5.5000000000e+02	2.1079940589e-02	-2.4529624353e-02	8.2926481713e-05	3.7675159107e-05
5.5100000000e+02	2.1117616336e-02	-2.4612585064e-02	8.2994920871e-05	3.7676332164e-05
5.5200000000e+02	2.1155293252e-02	-2.4695614154e-02	8.3063238054e-05	3.7677498902e-05
5.5300000000e+02	2.1192971331e-02	-2.4778711500e-02	8.3131433691e-05	3.7678659364e-05
5.5400000000e+02	2.1230650568e-02	-2.4861876981e-02	8.3199508212e-05	3.7679813596e-05
5.5500000000e+02	2.1268330956e-02	-2.4945110476e-02	8.3267462041e-05	3.7680961642e-05
5.5600000000e+02	2.1306012490e-02	-2.5028411865e-02	8.3335295602e-05	3.7682103547e-05
5.5700000000e+02	2.1343695161e-02	-2.5111781028e-02	8.3403009316e-05	3.7683239354e-05
5.5800000000e+02	2.1381378966e-02	-2.5195217844e-02	8.3470603602e-05	3.7684369106e-05
5.5900000000e+02	2.1419063898e-02	-2.5278722195e-02	8.3538078878e-05	3.7685492847e-05
5.6000000000e+02	2.1456749950e-02	-2.5362293962e-02	8.3605435557e-05	3.7686610618e-05
5.6100000000e+02	2.1494437117e-02	-2.5445933027e-02	8.3672674053e-05	3.7687722461e-05
5.6200000000e+02	2.1532125393e-02	-2.5529639271e-02	8.3739794776e-05	3.7688828420e-05
5.6300000000e+02	2.1569814772e-02	-2.5613412577e-02	8.3806798133e-05	3.7689928534e-05
5.6400000000e+02	2.1607505248e-02	-2.5697252828e-02	8.3873684532e-05	3.7691022845e-05
5.6500000000e+02	2.1645196816e-02	-2.5781159907e-02	8.3940454377e-05	3.7692111394e-05
5.6600000000e+02	2.1682889469e-02	-2.5865133698e-02	8.4007108069e-05	3.7693194220e-05
5.6700000000e+02	2.1720583202e-02	-2.5949174085e-02	8.4073646009e-05	3.7694271365e-05
5.6800000000e+02	2.1758278010e-02	-2.6033280952e-02	8.4140068594e-05	3.7695342867e-05
5.6900000000e+02	2.1795973886e-02	-2.6117454184e-02	8.4206376221e-05	3.7696408766e-05
5.7000000000e+02	2.1833670825e-02	-2.6201693666e-02	8.4272569283e-05	3.7697469100e-05
5.7100000000e+02	2.1871368822e-02	-2.6285999284e-02	8.4338648173e-05	3.7698523909e-05
5.7200000000e+02	2.1909067871e-02	-2.6370370925e-02	8.4404613280e-05	3.7699573230e-05
5.7300000000e+02	2.1946767967e-02	-2.6454808473e-02	8.4470464991e-05	3.7700617102e-05
5.7400000000e+02	2.1984469104e-02	-2.6539311817e-02	8.4536203695e-05	3.7701655562e-05
5.7500000000e+02	2.2022171276e-02	-2.6623880843e-02	8.4601829773e-05	3.7702688647e-05
5.7600000000e+02	2.2059874479e-02	-2.6708515439e-02	8.4667343608e-05	3.7703716394e-05
5.7700000000e+02	2.2097578707e-02	-2.6793215493e-02	8.4732745581e-05	3.7704738841e-05
5.7800000000e+02	2.2135283955e-02	-2.6877980893e-02	8.4798036070e-05	3.7705756022e-05
5.7900000000e+02	2.2172990218e-02	-2.6962811528e-02	8.4863215450e-05	3.7706767975e-05
5.8000000000e+02	2.2210697489e-02	-2.7047707287e-02	8.4928284097e-05	3.7707774735e-05
5.8100000000e+02	2.2248405765e-02	-2.7132668059e-02	8.4993242384e-05	3.7708776338e-05
5.8200000000e+02	2.2286115040e-02	-2.7217693735e-02	8.5058090680e-05	3.7709772817e-05
5.8300000000e+02	2.2323825309e-02	-2.7302784204e-02	8.5122829354e-05	3.7710764210e-05
5.8400000000e+02	2.2361536567e-02	-2.7387939357e-02	8.5187458775e-05	3.7711750549e-05
5.8500000000e+02	2.2399248809e-02	-2.7473159085e-02	8.5251979306e-05	3.7712731869e-05
5.8600000000e+02	2.2436962029e-02	-2.7558443280e-02	8.5316391312e-05	3.7713708204e-05
5.8700000000e+02	2.2474676224e-02	-2.7643791832e-02	8.5380695154e-05	3.7714679588e-05
5.8800000000e+02	2.2512391387e-02	-2.7729204634e-02	8.5444891192e-05	3.7715646054e-05
5.8900000000e+02	2.2550107514e-02	-2.7814681579e-02	8.5508979784e-05	3.7716607635e-05
5.9000000000e+02	2.2587824600e-02	-2.7900222558e-02	8.5572961286e-05	3.7717564363e-05
5.9100000000e+02	2.2625542641e-02	-2.7985827466e-02	8.5636836052e-05	3.7718516273e-05
5.9200000000e+02	2.2663261631e-02	-2.8071496195e-02	8.5700604436e-05	3.7719463395e-05
5.9300000000e+02	2.2700981566e-02	-2.8157228639e-02	8.5764266788e-05	3.7720405761e-05
5.9400000000e+02	2.2738702441e-02	-2.8243024693e-02	8.5827823459e-05	3.7721343405e-05
5.9500000000e+02	2.2776424252e-02	-2.8328884251e-02	8.5891274794e-05	3.7722276356e-05
5.9600000000e+02	2.2814146992e-02	-2.8414807208e-02	8.5954621141e-05	3.7723204646e-05
5.9700000000e+02	2.2851870659e-02	-2.8500793458e-02	8.6017862844e-05	3.7724128306e-05
5.9800000000e+02	2.2889595248e-02	-2.8586842899e-02	8.6081000244e-05	3.7725047367e-05
5.9900000000e+02	2.2927320753e-02	-2.8672955424e-02	8.6144033684e-05	3.7725961859e-05
6.0000000000e+02	2.2965047170e-02	-2.8759130931e-02	8.6206963502e-05	3.7726871812e-05
6.0100000000e+02	2.3002774495e-02	-2.8845369317e-02	8.6269790036e-05	3.7727777257e-05
6.0200000000e+02	2.3040502723e-02	-2.8931670477e-02	8.6332513621e-05	3.7728678222e-05
6.0300000000e+02	2.3078231850e-02	-2.9018034310e-02	8.6395134593e-05	3.7729574738e-05
6.0400000000e+02	2.3115961871e-02	-2.9104460712e-02	8.6457653283e-05	3.7730466834e-05
6.0500000000e+02	2.3153692782e-02	-2.9190949582e-02	8.6520070023e-05	3.7731354538e-05
6.0600000000e+02	2.3191424578e-02	-2.9277500818e-02	8.6582385143e-05	3.7732237880e-05
6.0700000000e+02	2.3229157256e-02	-2.9364114319e-02	8.6644598970e-05	3.7733116887e-05
6.0800000000e+02	2.3266890811e-02	-2.9450789983e-02	8.6706711831e-05	3.7733991588e-05
6.0900000000e+02	2.3304625238e-02	-2.9537527709e-02	8.6768724051e-05	3.7734862012e-05
6.1000000000e+02	2.3342360533e-02	-2.9624327397e-02	8.6830635952e-05	3.7735728185e-05
6.1100000000e+02	2.3380096693e-02	-2.9711188948e-02	8.6892447857e-05	3.7736590136e-05
6.1200000000e+02	2.3417833712e-02	-2.9798112260e-02	8.6954160085e-05	3.7737447892e-05
6.1300000000e+02	2.3455571587e-02	-2.9885097235e-02	8.7015772956e-05	3.7738301480e-05
6.1400000000e+02	2.3493310314e-02	-2.9972143773e-02	8.7077286786e-05	3.7739150926e-05
6.1500000000e+02	2.3531049888e-02	-3.0059251775e-02	8.7138701891e-05	3.7739996258e-05
6.1600000000e+02	2.3568790305e-02	-3.0146421144e-02	8.7200018586e-05	3.7740837503e-05
6.1700000000e+02	2.3606531561e-02	-3.0233651780e-02	8.7261237182e-05	3.7741674685e-05
6.1800000000e+02	2.3644273653e-02	-3.0320943585e-02	8.7322357991e-05	3.7742507832e-05
6.1900000000e+02	2.3682016576e-02	-3.0408296463e-02	8.7383381323e-05	3.7743336970e-05
6.2000000000e+02	2.3719760326e-02	-3.0495710316e-02	8.7444307486e-05	3.7744162123e-05
6.2100000000e+02	2.3757504899e-02	-3.0583185046e-02	8.7505136787e-05	3.7744983318e-05
6.2200000000e+02	2.3795250291e-02	-3.0670720557e-02	8.7565869531e-05	3.7745800579e-05
6.2300000000e+02	2.3832996499e-02	-3.0758316753e-02	8.7626506022e-05	3.7746613932e-05
6.2400000000e+02	2.3870743518e-02	-3.0845973537e-02	8.7687046562e-05	3.7747423401e-05
6.2500000000e+02	2.3908491344e-02	-3.0933690814e-02	8.7747491453e-05	3.7748229012e-05
6.2600000000e+02	2.3946239974e-02	-3.1021468488e-02	8.7807840994e-05	3.7749030788e-05
6.2700000000e+02	2.3983989404e-02	-3.1109306464e-02	8.7868095485e-05	3.7749828754e-05
6.2800000000e+02	2.4021739631e-02	-3.1197204648e-02	8.7928255220e-05	3.7750622934e-05
6.2900000000e+02	2.4059490649e-02	-3.1285162943e-02	8.7988320497e-05	3.7751413352e-05
6.3000000000e+02	2.4097242456e-02	-3.1373181257e-02	8.8048291608e-05	3.7752200031e-05
6.3100000000e+02	2.4134995048e-02	-3.1461259495e-02	8.8108168848e-05	3.7752982996e-05
6.3200000000e+02	2.4172748421e-02	-3.1549397564e-02	8.8167952507e-05	3.7753762268e-05
6.3300000000e+02	2.4210502571e-02	-3.1637595369e-02	8.8227642876e-05	3.7754537872e-05
6.3400000000e+02	2.4248257495e-02	-3.1725852819e-02	8.8287240243e-05	3.7755309831e-05
6.3500000000e+02	2.4286013190e-02	-3.1814169819e-02	8.8346744895e-05	3.7756078166e-05
6.3600000000e+02	2.4323769650e-02	-3.1902546278e-02	8.8406157119e-05	3.7756842902e-05
6.3700000000e+02	2.4361526874e-02	-3.1990982102e-02	8.8465477200e-05	3.7757604059e-05
6.3800000000e+02	2.4399284857e-02	-3.2079477201e-02	8.8524705421e-05	3.7758361661e-05
6.3900000000e+02	2.4437043596e-02	-3.2168031483e-02	8.8583842064e-05	3.7759115730e-05
6.4000000000e+02	2.4474803088e-02	-3.2256644855e-02	8.8642887410e-05	3.7759866287e-05
6.4100000000e+02	2.4512563328e-02	-3.2345317227e-02	8.8701841739e-05	3.7760613354e-05
6.4200000000e+02	2.4550324313e-02	-3.2434048508e-02	8.8760705329e-05	3.7761356953e-05
6.4300000000e+02	2.4588086040e-02	-3.2522838608e-02	8.8819478457e-05	3.7762097106e-05
6.4400000000e+02	2.4625848506e-02	-3.2611687435e-02	8.8878161400e-05	3.7762833832e-05
6.4500000000e+02	2.4663611707e-02	-3.2700594900e-02	8.8936754430e-05	3.7763567154e-05
6.4600000000e+02	2.4701375639e-02	-3.2789560914e-02	8.8995257823e-05	3.7764297093e-05
6.4700000000e+02	2.4739140300e-02	-3.2878585386e-02	8.9053671849e-05	3.7765023668e-05
6.4800000000e+02	2.4776905686e-02	-3.2967668228e-02	8.9111996780e-05	3.7765746902e-05
6.4900000000e+02	2.4814671793e-02	-3.3056809350e-02	8.9170232886e-05	3.7766466813e-05
6.5000000000e+02	2.4852438618e-02	-3.3146008664e-02	8.9228380435e-05	3.7767183423e-05
6.5100000000e+02	2.4890206159e-02	-3.3235266082e-02	8.9286439693e-05	3.7767896752e-05
6.5200000000e+02	2.4927974411e-02	-3.3324581514e-02	8.9344410928e-05	3.7768606819e-05
6.5300000000e+02	2.4965743371e-02	-3.3413954874e-02	8.9402294403e-05	3.7769313644e-05
6.5400000000e+02	2.5003513037e-02	-3.3503386074e-02	8.9460090383e-05	3.7770017248e-05
6.5500000000e+02	2.5041283405e-02	-3.3592875026e-02	8.9517799131e-05	3.7770717649e-05
6.5600000000e+02	2.5079054471e-02	-3.3682421643e-02	8.9575420906e-05	3.7771414867e-05
6.5700000000e+02	2.5116826233e-02	-3.3772025839e-02	8.9632955970e-05	3.7772108922e-05
6.5800000000e+02	2.5154598688e-02	-3.3861687526e-02	8.9690404581e-05	3.7772799831e-05
6.5900000000e+02	2.5192371832e-02	-3.3951406619e-02	8.9747766997e-05	3.7773487615e-05
6.6000000000e+02	2.5230145662e-02	-3.4041183032e-02	8.9805043475e-05	3.7774172292e-05
6.6100000000e+02	2.5267920175e-02	-3.4131016678e-02	8.9862234271e-05	3.7774853881e-05
6.6200000000e+02	2.5305695369e-02	-3.4220907472e-02	8.9919339638e-05	3.7775532400e-05
6.6300000000e+02	2.5343471239e-02	-3.4310855329e-02	8.9976359831e-05	3.7776207867e-05
6.6400000000e+02	2.5381247783e-02	-3.4400860163e-02	9.0033295100e-05	3.7776880302e-05
6.6500000000e+02	2.5419024999e-02	-3.4490921891e-02	9.0090145698e-05	3.7777549721e-05
6.6600000000e+02	2.5456802882e-02	-3.4581040426e-02	9.0146911874e-05	3.7778216143e-05
6.6700000000e+02	2.5494581430e-02	-3.4671215686e-02	9.0203593878e-05	3.7778879586e-05
6.6800000000e+02	2.5532360640e-02	-3.4761447586e-02	9.0260191956e-05	3.7779540067e-05
6.6900000000e+02	2.5570140509e-02	-3.4851736042e-02	9.0316706355e-05	3.7780197605e-05
6.7000000000e+02	2.5607921034e-02	-3.4942080971e-02	9.0373137322e-05	3.7780852216e-05
6.7100000000e+02	2.5645702213e-02	-3.5032482289e-02	9.0429485100e-05	3.7781503917e-05
6.7200000000e+02	2.5683484041e-02	-3.5122939914e-02	9.0485749933e-05	3.7782152727e-05
6.7300000000e+02	2.5721266517e-02	-3.5213453762e-02	9.0541932063e-05	3.7782798662e-05
6.7400000000e+02	2.5759049638e-02	-3.5304023750e-02	9.0598031733e-05	3.7783441739e-05
6.7500000000e+02	2.5796833400e-02	-3.5394649798e-02	9.0654049181e-05	3.7784081974e-05
6.7600000000e+02	2.5834617801e-02	-3.5485331821e-02	9.0709984648e-05	3.7784719386e-05
6.7700000000e+02	2.5872402838e-02	-3.5576069740e-02	9.0765838371e-05	3.7785353989e-05
6.7800000000e+02	2.5910188508e-02	-3.5666863471e-02	9.0821610588e-05	3.7785985801e-05
6.7900000000e+02	2.5947974808e-02	-3.5757712934e-02	9.0877301534e-05	3.7786614837e-05
6.8000000000e+02	2.5985761736e-02	-3.5848618047e-02	9.0932911446e-05	3.7787241115e-05
6.8100000000e+02	2.6023549290e-02	-3.5939578730e-02	9.0988440557e-05	3.7787864650e-05
6.8200000000e+02	2.6061337465e-02	-3.6030594901e-02	9.1043889100e-05	3.7788485458e-05
6.8300000000e+02	2.6099126260e-02	-3.6121666481e-02	9.1099257307e-05	3.7789103555e-05
6.8400000000e+02	2.6136915671e-02	-3.6212793389e-02	9.1154545410e-05	3.7789718956e-05
6.8500000000e+02	2.6174705697e-02	-3.6303975545e-02	9.1209753638e-05	3.7790331678e-05
6.8600000000e+02	2.6212496333e-02	-3.6395212870e-02	9.1264882221e-05	3.7790941736e-05
6.8700000000e+02	2.6250287579e-02	-3.6486505283e-02	9.1319931386e-05	3.7791549145e-05
6.8800000000e+02	2.6288079431e-02	-3.6577852706e-02	9.1374901362e-05	3.7792153921e-05
6.8900000000e+02	2.6325871886e-02	-3.6669255060e-02	9.1429792374e-05	3.7792756078e-05
6.9000000000e+02	2.6363664942e-02	-3.6760712265e-02	9.1484604648e-05	3.7793355633e-05
6.9100000000e+02	2.6401458596e-02	-3.6852224243e-02	9.1539338407e-05	3.7793952599e-05
6.9200000000e+02	2.6439252847e-02	-3.6943790915e-02	9.1593993876e-05	3.7794546991e-05
6.9300000000e+02	2.6477047690e-02	-3.7035412205e-02	9.1648571276e-05	3.7795138825e-05
6.9400000000e+02	2.6514843123e-02	-3.7127088032e-02	9.1703070829e-05	3.7795728115e-05
6.9500000000e+02	2.6552639145e-02	-3.7218818320e-02	9.1757492756e-05	3.7796314876e-05
6.9600000000e+02	2.6590435752e-02	-3.7310602992e-02	9.1811837276e-05	3.7796899122e-05
6.9700000000e+02	2.6628232942e-02	-3.7402441969e-02	9.1866104608e-05	3.7797480867e-05
6.9800000000e+02	2.6666030713e-02	-3.7494335175e-02	9.1920294969e-05	3.7798060125e-05
6.9900000000e+02	2.6703829062e-02	-3.7586282533e-02	9.1974408577e-05	3.7798636912e-05
7.0000000000e+02	2.6741627986e-02	-3.7678283967e-02	9.2028445647e-05	3.7799211240e-05
7.0100000000e+02	2.6779427484e-02	-3.7770339399e-02	9.2082406395e-05	3.7799783124e-05
7.0200000000e+02	2.6817227552e-02	-3.7862448754e-02	9.2136291034e-05	3.7800352577e-05
7.0300000000e+02	2.6855028188e-02	-3.7954611956e-02	9.2190099778e-05	3.7800919613e-05
7.0400000000e+02	2.6892829390e-02	-3.8046828929e-02	9.2243832839e-05	3.7801484247e-05
7.0500000000e+02	2.6930631156e-02	-3.8139099597e-02	9.2297490429e-05	3.7802046491e-05
7.0600000000e+02	2.6968433482e-02	-3.8231423884e-02	9.2351072757e-05	3.7802606358e-05
7.0700000000e+02	2.7006236367e-02	-3.8323801717e-02	9.2404580035e-05	3.7803163863e-05
7.0800000000e+02	2.7044039809e-02	-3.8416233020e-02	9.2458012470e-05	3.7803719019e-05
7.0900000000e+02	2.7081843805e-02	-3.8508717717e-02	9.2511370271e-05	3.7804271838e-05
7.1000000000e+02	2.7119648352e-02	-3.8601255735e-02	9.2564653644e-05	3.7804822334e-05
7.1100000000e+02	2.7157453449e-02	-3.8693847000e-02	9.2617862797e-05	3.7805370519e-05
7.1200000000e+02	2.7195259092e-02	-3.8786491436e-02	9.2670997933e-05	3.7805916407e-05
7.1300000000e+02	2.7233065281e-02	-3.8879188971e-02	9.2724059259e-05	3.7806460011e-05
7.1400000000e+02	2.7270872012e-02	-3.8971939530e-02	9.2777046977e-05	3.7807001343e-05
7.1500000000e+02	2.7308679283e-02	-3.9064743040e-02	9.2829961291e-05	3.7807540415e-05
7.1600000000e+02	2.7346487092e-02	-3.9157599428e-02	9.2882802402e-05	3.7808077241e-05
7.1700000000e+02	2.7384295436e-02	-3.9250508621e-02	9.2935570512e-05	3.7808611833e-05
7.1800000000e+02	2.7422104315e-02	-3.9343470545e-02	9.2988265821e-05	3.7809144202e-05
7.1900000000e+02	2.7459913724e-02	-3.9436485128e-02	9.3040888529e-05	3.7809674362e-05
7.2000000000e+02	2.7497723663e-02	-3.9529552298e-02	9.3093438834e-05	3.7810202325e-05
7.2100000000e+02	2.7535534128e-02	-3.9622671982e-02	9.3145916935e-05	3.7810728103e-05
7.2200000000e+02	2.7573345118e-02	-3.9715844108e-02	9.3198323028e-05	3.7811251707e-05
7.2300000000e+02	2.7611156631e-02	-3.9809068604e-02	9.3250657309e-05	3.7811773150e-05
7.2400000000e+02	2.7648968664e-02	-3.9902345399e-02	9.3302919976e-05	3.7812292443e-05
7.2500000000e+02	2.7686781215e-02	-3.9995674420e-02	9.3355111221e-05	3.7812809599e-05
7.2600000000e+02	2.7724594282e-02	-4.0089055597e-02	9.3407231239e-05	3.7813324629e-05
7.2700000000e+02	2.7762407863e-02	-4.0182488859e-02	9.3459280223e-05	3.7813837544e-05
7.2800000000e+02	2.7800221956e-02	-4.0275974134e-02	9.3511258366e-05	3.7814348357e-05
7.2900000000e+02	2.7838036559e-02	-4.0369511352e-02	9.3563165860e-05	3.7814857078e-05
7.3000000000e+02	2.7875851670e-02	-4.0463100442e-02	9.3615002894e-05	3.7815363720e-05
7.3100000000e+02	2.7913667286e-02	-4.0556741335e-02	9.3666769659e-05	3.7815868293e-05
7.3200000000e+02	2.7951483406e-02	-4.0650433958e-02	9.3718466345e-05	3.7816370808e-05
7.3300000000e+02	2.7989300027e-02	-4.0744178244e-02	9.3770093139e-05	3.7816871277e-05
7.3400000000e+02	2.8027117148e-02	-4.0837974121e-02	9.3821650231e-05	3.7817369712e-05
7.3500000000e+02	2.8064934766e-02	-4.0931821521e-02	9.3873137806e-05	3.7817866121e-05
7.3600000000e+02	2.8102752879e-02	-4.1025720374e-02	9.3924556051e-05	3.7818360518e-05
7.3700000000e+02	2.8140571486e-02	-4.1119670610e-02	9.3975905151e-05	3.7818852913e-05
7.3800000000e+02	2.8178390584e-02	-4.1213672161e-02	9.4027185292e-05	3.7819343315e-05
7.3900000000e+02	2.8216210172e-02	-4.1307724958e-02	9.4078396658e-05	3.7819831737e-05
7.4000000000e+02	2.8254030247e-02	-4.1401828932e-02	9.4129539431e-05	3.7820318189e-05
7.4100000000e+02	2.8291850808e-02	-4.1495984014e-02	9.4180613795e-05	3.7820802681e-05
7.4200000000e+02	2.8329671852e-02	-4.1590190137e-02	9.4231619931e-05	3.7821285224e-05
7.4300000000e+02	2.8367493378e-02	-4.1684447231e-02	9.4282558020e-05	3.7821765829e-05
7.4400000000e+02	2.8405315383e-02	-4.1778755230e-02	9.4333428243e-05	3.7822244505e-05
7.4500000000e+02	2.8443137866e-02	-4.1873114065e-02	9.4384230780e-05	3.7822721262e-05
7.4600000000e+02	2.8480960825e-02	-4.1967523669e-02	9.4434965810e-05	3.7823196113e-05
7.4700000000e+02	2.8518784258e-02	-4.2061983974e-02	9.4485633510e-05	3.7823669065e-05
7.4800000000e+02	2.8556608162e-02	-4.2156494914e-02	9.4536234059e-05	3.7824140130e-05
7.4900000000e+02	2.8594432537e-02	-4.2251056420e-02	9.4586767633e-05	3.7824609317e-05
7.5000000000e+02	2.8632257380e-02	-4.2345668427e-02	9.4637234410e-05	3.7825076637e-05
7.5100000000e+02	2.8670082690e-02	-4.2440330867e-02	9.4687634563e-05	3.7825542099e-05
7.5200000000e+02	2.8707908464e-02	-4.2535043674e-02	9.4737968268e-05	3.7826005713e-05
7.5300000000e+02	2.8745734701e-02	-4.2629806781e-02	9.4788235700e-05	3.7826467489e-05
7.5400000000e+02	2.8783561398e-02	-4.2724620123e-02	9.4838437031e-05	3.7826927436e-05
7.5500000000e+02	2.8821388555e-02	-4.2819483633e-02	9.4888572435e-05	3.7827385565e-05
7.5600000000e+02	2.8859216169e-02	-4.2914397246e-02	9.4938642083e-05	3.7827841884e-05
7.5700000000e+02	2.8897044238e-02	-4.3009360896e-02	9.4988646148e-05	3.7828296404e-05
7.5800000000e+02	2.8934872761e-02	-4.3104374516e-02	9.5038584799e-05	3.7828749133e-05
7.5900000000e+02	2.8972701736e-02	-4.3199438043e-02	9.5088458207e-05	3.7829200081e-05
7.6000000000e+02	2.9010531161e-02	-4.3294551411e-02	9.5138266542e-05	3.7829649258e-05
7.6100000000e+02	2.9048361034e-02	-4.3389714555e-02	9.5188009972e-05	3.7830096673e-05
7.6200000000e+02	2.9086191353e-02	-4.3484927410e-02	9.5237688665e-05	3.7830542334e-05
7.6300000000e+02	2.9124022118e-02	-4.3580189911e-02	9.5287302790e-05	3.7830986251e-05
7.6400000000e+02	2.9161853325e-02	-4.3675501994e-02	9.5336852512e-05	3.7831428434e-05
7.6500000000e+02	2.9199684974e-02	-4.3770863594e-02	9.5386337998e-05	3.7831868890e-05
7.6600000000e+02	2.9237517063e-02	-4.3866274648e-02	9.5435759414e-05	3.7832307630e-05
7.6700000000e+02	2.9275349589e-02	-4.3961735092e-02	9.5485116924e-05	3.7832744661e-05
7.6800000000e+02	2.9313182551e-02	-4.4057244861e-02	9.5534410693e-05	3.7833179993e-05
7.6900000000e+02	2.9351015948e-02	-4.4152803892e-02	9.5583640885e-05	3.7833613635e-05
7.7000000000e+02	2.9388849778e-02	-4.4248412122e-02	9.5632807662e-05	3.7834045595e-05
7.7100000000e+02	2.9426684039e-02	-4.4344069486e-02	9.5681911187e-05	3.7834475882e-05
7.7200000000e+02	2.9464518729e-02	-4.4439775923e-02	9.5730951622e-05	3.7834904505e-05
7.7300000000e+02	2.9502353847e-02	-4.4535531369e-02	9.5779929128e-05	3.7835331472e-05
7.7400000000e+02	2.9540189392e-02	-4.4631335760e-02	9.5828843865e-05	3.7835756792e-05
7.7500000000e+02	2.9578025360e-02	-4.4727189035e-02	9.5877695995e-05	3.7836180473e-05
7.7600000000e+02	2.9615861752e-02	-4.4823091131e-02	9.5926485675e-05	3.7836602523e-05
7.7700000000e+02	2.9653698565e-02	-4.4919041986e-02	9.5975213064e-05	3.7837022951e-05
7.7800000000e+02	2.9691535797e-02	-4.5015041537e-02	9.6023878322e-05	3.7837441766e-05
7.7900000000e+02	2.9729373448e-02	-4.5111089722e-02	9.6072481604e-05	3.7837858974e-05
7.8000000000e+02	2.9767211515e-02	-4.5207186479e-02	9.6121023070e-05	3.7838274586e-05
7.8100000000e+02	2.9805049997e-02	-4.5303331748e-02	9.6169502873e-05	3.7838688608e-05
7.8200000000e+02	2.9842888892e-02	-4.5399525465e-02	9.6217921172e-05	3.7839101049e-05
7.8300000000e+02	2.9880728198e-02	-4.5495767569e-02	9.6266278119e-05	3.7839511917e-05
7.8400000000e+02	2.9918567915e-02	-4.5592058001e-02	9.6314573872e-05	3.7839921220e-05
7.8500000000e+02	2.9956408040e-02	-4.5688396697e-02	9.6362808582e-05	3.7840328965e-05
7.8600000000e+02	2.9994248572e-02	-4.5784783597e-02	9.6410982404e-05	3.7840735161e-05
7.8700000000e+02	3.0032089510e-02	-4.5881218641e-02	9.6459095491e-05	3.7841139816e-05
7.8800000000e+02	3.0069930851e-02	-4.5977701768e-02	9.6507147994e-05	3.7841542937e-05
7.8900000000e+02	3.0107772595e-02	-4.6074232917e-02	9.6555140066e-05	3.7841944532e-05
7.9000000000e+02	3.0145614740e-02	-4.6170812028e-02	9.6603071858e-05	3.7842344609e-05
7.9100000000e+02	3.0183457284e-02	-4.6267439041e-02	9.6650943521e-05	3.7842743175e-05
7.9200000000e+02	3.0221300226e-02	-4.6364113895e-02	9.6698755203e-05	3.7843140238e-05
7.9300000000e+02	3.0259143564e-02	-4.6460836531e-02	9.6746507056e-05	3.7843535805e-05
7.9400000000e+02	3.0296987297e-02	-4.6557606889e-02	9.6794199227e-05	3.7843929885e-05
7.9500000000e+02	3.0334831423e-02	-4.6654424910e-02	9.6841831866e-05	3.7844322483e-05
7.9600000000e+02	3.0372675941e-02	-4.6751290533e-02	9.6889405119e-05	3.7844713609e-05
7.9700000000e+02	3.0410520850e-02	-4.6848203700e-02	9.6936919135e-05	3.7845103269e-05
7.9800000000e+02	3.0448366147e-02	-4.6945164352e-02	9.6984374059e-05	3.7845491470e-05
7.9900000000e+02	3.0486211832e-02	-4.7042172429e-02	9.7031770039e-05	3.7845878220e-05
8.0000000000e+02	3.0524057903e-02	-4.7139227872e-02	9.7079107220e-05	3.7846263526e-05
8.0100000000e+02	3.0561904359e-02	-4.7236330624e-02	9.7126385746e-05	3.7846647395e-05
8.0200000000e+02	3.0599751198e-02	-4.7333480624e-02	9.7173605763e-05	3.7847029834e-05
8.0300000000e+02	3.0637598418e-02	-4.7430677816e-02	9.7220767415e-05	3.7847410851e-05
8.0400000000e+02	3.0675446019e-02	-4.7527922140e-02	9.7267870844e-05	3.7847790452e-05
8.0500000000e+02	3.0713293999e-02	-4.7625213538e-02	9.7314916195e-05	3.7848168644e-05
8.0600000000e+02	3.0751142356e-02	-4.7722551953e-02	9.7361903609e-05	3.7848545435e-05
8.0700000000e+02	3.0788991089e-02	-4.7819937326e-02	9.7408833228e-05	3.7848920831e-05
8.0800000000e+02	3.0826840197e-02	-4.7917369600e-02	9.7455705194e-05	3.7849294839e-05
8.0900000000e+02	3.0864689678e-02	-4.8014848717e-02	9.7502519648e-05	3.7849667466e-05
8.1000000000e+02	3.0902539531e-02	-4.8112374620e-02	9.7549276731e-05	3.7850038719e-05
8.1100000000e+02	3.0940389755e-02	-4.8209947252e-02	9.7595976581e-05	3.7850408604e-05
8.1200000000e+02	3.0978240348e-02	-4.8307566554e-02	9.7642619338e-05	3.7850777128e-05
8.1300000000e+02	3.1016091309e-02	-4.8405232471e-02	9.7689205142e-05	3.7851144298e-05
8.1400000000e+02	3.1053942636e-02	-4.8502944946e-02	9.7735734130e-05	3.7851510121e-05
8.1500000000e+02	3.1091794329e-02	-4.8600703921e-02	9.7782206441e-05	3.7851874603e-05
8.1600000000e+02	3.1129646385e-02	-4.8698509340e-02	9.7828622212e-05	3.7852237750e-05
8.1700000000e+02	3.1167498804e-02	-4.8796361146e-02	9.7874981579e-05	3.7852599569e-05
8.1800000000e+02	3.1205351584e-02	-4.8894259284e-02	9.7921284680e-05	3.7852960067e-05
8.1900000000e+02	3.1243204724e-02	-4.8992203697e-02	9.7967531649e-05	3.7853319250e-05
8.2000000000e+02	3.1281058222e-02	-4.9090194329e-02	9.8013722623e-05	3.7853677124e-05
8.2100000000e+02	3.1318912077e-02	-4.9188231124e-02	9.8059857736e-05	3.7854033696e-05
8.2200000000e+02	3.1356766289e-02	-4.9286314026e-02	9.8105937122e-05	3.7854388972e-05
8.2300000000e+02	3.1394620855e-02	-4.9384442979e-02	9.8151960917e-05	3.7854742958e-05
8.2400000000e+02	3.1432475774e-02	-4.9482617929e-02	9.8197929252e-05	3.7855095661e-05
8.2500000000e+02	3.1470331046e-02	-4.9580838820e-02	9.8243842261e-05	3.7855447086e-05
8.2600000000e+02	3.1508186668e-02	-4.9679105595e-02	9.8289700077e-05	3.7855797240e-05
8.2700000000e+02	3.1546042640e-02	-4.9777418201e-02	9.8335502831e-05	3.7856146129e-05
8.2800000000e+02	3.1583898960e-02	-4.9875776583e-02	9.8381250655e-05	3.7856493759e-05
8.2900000000e+02	3.1621755627e-02	-4.9974180684e-02	9.8426943681e-05	3.7856840136e-05
8.3000000000e+02	3.1659612640e-02	-5.0072630452e-02	9.8472582038e-05	3.7857185267e-05
8.3100000000e+02	3.1697469997e-02	-5.0171125830e-02	9.8518165857e-05	3.7857529156e-05
8.3200000000e+02	3.1735327698e-02	-5.0269666765e-02	9.8563695268e-05	3.7857871810e-05
8.3300000000e+02	3.1773185740e-02	-5.0368253203e-02	9.8609170400e-05	3.7858213235e-05
8.3400000000e+02	3.1811044124e-02	-5.0466885088e-02	9.8654591381e-05	3.7858553437e-05
8.3500000000e+02	3.1848902847e-02	-5.0565562367e-02	9.8699958340e-05	3.7858892422e-05
8.3600000000e+02	3.1886761908e-02	-5.0664284987e-02	9.8745271405e-05	3.7859230195e-05
8.3700000000e+02	3.1924621307e-02	-5.0763052892e-02	9.8790530704e-05	3.7859566762e-05
8.3800000000e+02	3.1962481041e-02	-5.0861866030e-02	9.8835736362e-05	3.7859902129e-05
8.3900000000e+02	3.2000341111e-02	-5.0960724347e-02	9.8880888508e-05	3.7860236301e-05
8.4000000000e+02	3.2038201513e-02	-5.1059627790e-02	9.8925987265e-05	3.7860569285e-05
8.4100000000e+02	3.2076062249e-02	-5.1158576304e-02	9.8971032762e-05	3.7860901086e-05
8.4200000000e+02	3.2113923315e-02	-5.1257569837e-02	9.9016025122e-05	3.7861231709e-05
8.4300000000e+02	3.2151784712e-02	-5.1356608337e-02	9.9060964470e-05	3.7861561160e-05
8.4400000000e+02	3.2189646437e-02	-5.1455691749e-02	9.9105850931e-05	3.7861889445e-05
8.4500000000e+02	3.2227508490e-02	-5.1554820021e-02	9.9150684629e-05	3.7862216569e-05
8.4600000000e+02	3.2265370870e-02	-5.1653993100e-02	9.9195465686e-05	3.7862542537e-05
8.4700000000e+02	3.2303233575e-02	-5.1753210935e-02	9.9240194226e-05	3.7862867355e-05
8.4800000000e+02	3.2341096604e-02	-5.1852473471e-02	9.9284870372e-05	3.7863191028e-05
8.4900000000e+02	3.2378959957e-02	-5.1951780658e-02	9.9329494246e-05	3.7863513563e-05
8.5000000000e+02	3.2416823631e-02	-5.2051132442e-02	9.9374065969e-05	3.7863834963e-05
8.5100000000e+02	3.2454687626e-02	-5.2150528773e-02	9.9418585663e-05	3.7864155235e-05
8.5200000000e+02	3.2492551941e-02	-5.2249969597e-02	9.9463053448e-05	3.7864474383e-05
8.5300000000e+02	3.2530416575e-02	-5.2349454862e-02	9.9507469445e-05	3.7864792413e-05
8.5400000000e+02	3.2568281526e-02	-5.2448984518e-02	9.9551833775e-05	3.7865109330e-05
8.5500000000e+02	3.2606146793e-02	-5.2548558513e-02	9.9596146556e-05	3.7865425139e-05
8.5600000000e+02	3.2644012375e-02	-5.2648176794e-02	9.9640407908e-05	3.7865739846e-05
8.5700000000e+02	3.2681878272e-02	-5.2747839311e-02	9.9684617950e-05	3.7866053455e-05
8.5800000000e+02	3.2719744482e-02	-5.2847546013e-02	9.9728776801e-05	3.7866365972e-05
8.5900000000e+02	3.2757611004e-02	-5.2947296848e-02	9.9772884577e-05	3.7866677402e-05
8.6000000000e+02	3.2795477836e-02	-5.3047091765e-02	9.9816941397e-05	3.7866987749e-05
8.6100000000e+02	3.2833344979e-02	-5.3146930714e-02	9.9860947378e-05	3.7867297020e-05
8.6200000000e+02	3.2871212430e-02	-5.3246813643e-02	9.9904902637e-05	3.7867605217e-05
8.6300000000e+02	3.2909080189e-02	-5.3346740502e-02	9.9948807290e-05	3.7867912348e-05
8.6400000000e+02	3.2946948254e-02	-5.3446711241e-02	9.9992661453e-05	3.7868218416e-05
8.6500000000e+02	3.2984816625e-02	-5.3546725808e-02	1.0003646524e-04	3.7868523426e-05
8.6600000000e+02	3.3022685301e-02	-5.3646784154e-02	1.0008021877e-04	3.7868827384e-05
8.6700000000e+02	3.3060554280e-02	-5.3746886229e-02	1.0012392216e-04	3.7869130294e-05
8.6800000000e+02	3.3098423561e-02	-5.3847031982e-02	1.0016757551e-04	3.7869432161e-05
8.6900000000e+02	3.3136293144e-02	-5.3947221364e-02	1.0021117895e-04	3.7869732990e-05
8.7000000000e+02	3.3174163027e-02	-5.4047454323e-02	1.0025473259e-04	3.7870032785e-05
8.7100000000e+02	3.3212033209e-02	-5.4147730812e-02	1.0029823653e-04	3.7870331551e-05
8.7200000000e+02	3.3249903690e-02	-5.4248050780e-02	1.0034169091e-04	3.7870629294e-05
8.7300000000e+02	3.3287774467e-02	-5.4348414177e-02	1.0038509581e-04	3.7870926017e-05
8.7400000000e+02	3.3325645541e-02	-5.4448820955e-02	1.0042845137e-04	3.7871221725e-05
8.7500000000e+02	3.3363516910e-02	-5.4549271064e-02	1.0047175768e-04	3.7871516423e-05
8.7600000000e+02	3.3401388574e-02	-5.4649764454e-02	1.0051501487e-04	3.7871810115e-05
8.7700000000e+02	3.3439260530e-02	-5.4750301077e-02	1.0055822304e-04	3.7872102807e-05
8.7800000000e+02	3.3477132779e-02	-5.4850880884e-02	1.0060138230e-04	3.7872394502e-05
8.7900000000e+02	3.3515005319e-02	-5.4951503826e-02	1.0064449277e-04	3.7872685205e-05
8.8000000000e+02	3.3552878149e-02	-5.5052169853e-02	1.0068755455e-04	3.7872974920e-05
8.8100000000e+02	3.3590751269e-02	-5.5152878918e-02	1.0073056775e-04	3.7873263653e-05
8.8200000000e+02	3.3628624676e-02	-5.5253630973e-02	1.0077353248e-04	3.7873551407e-05
8.8300000000e+02	3.3666498371e-02	-5.5354425967e-02	1.0081644885e-04	3.7873838187e-05
8.8400000000e+02	3.3704372352e-02	-5.5455263854e-02	1.0085931698e-04	3.7874123997e-05
8.8500000000e+02	3.3742246619e-02	-5.5556144585e-02	1.0090213695e-04	3.7874408842e-05
8.8600000000e+02	3.3780121170e-02	-5.5657068112e-02	1.0094490890e-04	3.7874692726e-05
8.8700000000e+02	3.3817996004e-02	-5.5758034387e-02	1.0098763291e-04	3.7874975653e-05
8.8800000000e+02	3.3855871121e-02	-5.5859043362e-02	1.0103030910e-04	3.7875257628e-05
8.8900000000e+02	3.3893746519e-02	-5.5960094989e-02	1.0107293758e-04	3.7875538654e-05
8.9000000000e+02	3.3931622198e-02	-5.6061189221e-02	1.0111551845e-04	3.7875818737e-05
8.9100000000e+02	3.3969498156e-02	-5.6162326010e-02	1.0115805181e-04	3.7876097880e-05
8.9200000000e+02	3.4007374393e-02	-5.6263505309e-02	1.0120053778e-04	3.7876376087e-05
8.9300000000e+02	3.4045250908e-02	-5.6364727070e-02	1.0124297646e-04	3.7876653363e-05
8.9400000000e+02	3.4083127699e-02	-5.6465991246e-02	1.0128536795e-04	3.7876929712e-05
8.9500000000e+02	3.4121004767e-02	-5.6567297790e-02	1.0132771235e-04	3.7877205138e-05
8.9600000000e+02	3.4158882109e-02	-5.6668646655e-02	1.0137000978e-04	3.7877479645e-05
8.9700000000e+02	3.4196759726e-02	-5.6770037794e-02	1.0141226033e-04	3.7877753237e-05
8.9800000000e+02	3.4234637616e-02	-5.6871471160e-02	1.0145446412e-04	3.7878025918e-05
8.9900000000e+02	3.4272515777e-02	-5.6972946707e-02	1.0149662123e-04	3.7878297693e-05
9.0000000000e+02	3.4310394211e-02	-5.7074464387e-02	1.0153873178e-04	3.7878568564e-05
9.0100000000e+02	3.4348272914e-02	-5.7176024155e-02	1.0158079586e-04	3.7878838537e-05
9.0200000000e+02	3.4386151887e-02	-5.7277625964e-02	1.0162281358e-04	3.7879107615e-05
9.0300000000e+02	3.4424031129e-02	-5.7379269767e-02	1.0166478505e-04	3.7879375802e-05
9.0400000000e+02	3.4461910639e-02	-5.7480955518e-02	1.0170671035e-04	3.7879643103e-05
9.0500000000e+02	3.4499790415e-02	-5.7582683172e-02	1.0174858960e-04	3.7879909520e-05
9.0600000000e+02	3.4537670457e-02	-5.7684452682e-02	1.0179042289e-04	3.7880175058e-05
9.0700000000e+02	3.4575550765e-02	-5.7786264003e-02	1.0183221033e-04	3.7880439721e-05
9.0800000000e+02	3.4613431337e-02	-5.7888117088e-02	1.0187395201e-04	3.7880703512e-05
9.0900000000e+02	3.4651312172e-02	-5.7990011891e-02	1.0191564803e-04	3.7880966436e-05
9.1000000000e+02	3.4689193269e-02	-5.8091948368e-02	1.0195729850e-04	3.7881228496e-05
9.1100000000e+02	3.4727074628e-02	-5.8193926473e-02	1.0199890351e-04	3.7881489696e-05
9.1200000000e+02	3.4764956248e-02	-5.8295946160e-02	1.0204046317e-04	3.7881750039e-05
9.1300000000e+02	3.4802838128e-02	-5.8398007385e-02	1.0208197756e-04	3.7882009530e-05
9.1400000000e+02	3.4840720267e-02	-5.8500110100e-02	1.0212344679e-04	3.7882268172e-05
9.1500000000e+02	3.4878602664e-02	-5.8602254263e-02	1.0216487096e-04	3.7882525969e-05
9.1600000000e+02	3.4916485319e-02	-5.8704439827e-02	1.0220625016e-04	3.7882782925e-05
9.1700000000e+02	3.4954368230e-02	-5.8806666748e-02	1.0224758449e-04	3.7883039043e-05
9.1800000000e+02	3.4992251397e-02	-5.8908934981e-02	1.0228887405e-04	3.7883294326e-05
9.1900000000e+02	3.5030134818e-02	-5.9011244482e-02	1.0233011893e-04	3.7883548779e-05
9.2000000000e+02	3.5068018494e-02	-5.9113595204e-02	1.0237131924e-04	3.7883802405e-05
9.2100000000e+02	3.5105902423e-02	-5.9215987105e-02	1.0241247506e-04	3.7884055208e-05
9.2200000000e+02	3.5143786604e-02	-5.9318420140e-02	1.0245358649e-04	3.7884307191e-05
9.2300000000e+02	3.5181671037e-02	-5.9420894264e-02	1.0249465363e-04	3.7884558357e-05
9.2400000000e+02	3.5219555720e-02	-5.9523409432e-02	1.0253567657e-04	3.7884808711e-05
9.2500000000e+02	3.5257440654e-02	-5.9625965602e-02	1.0257665541e-04	3.7885058255e-05
9.2600000000e+02	3.5295325837e-02	-5.9728562728e-02	1.0261759024e-04	3.7885306994e-05
9.2700000000e+02	3.5333211268e-02	-5.9831200768e-02	1.0265848116e-04	3.7885554930e-05
9.2800000000e+02	3.5371096946e-02	-5.9933879676e-02	1.0269932826e-04	3.7885802068e-05
9.2900000000e+02	3.5408982872e-02	-6.0036599410e-02	1.0274013163e-04	3.7886048409e-05
9.3000000000e+02	3.5446869043e-02	-6.0139359925e-02	1.0278089136e-04	3.7886293959e-05
9.3100000000e+02	3.5484755459e-02	-6.0242161178e-02	1.0282160756e-04	3.7886538721e-05
9.3200000000e+02	3.5522642120e-02	-6.0345003126e-02	1.0286228031e-04	3.7886782697e-05
9.3300000000e+02	3.5560529024e-02	-6.0447885724e-02	1.0290290970e-04	3.7887025891e-05
9.3400000000e+02	3.5598416172e-02	-6.0550808930e-02	1.0294349583e-04	3.7887268306e-05
9.3500000000e+02	3.5636303561e-02	-6.0653772701e-02	1.0298403878e-04	3.7887509946e-05
9.3600000000e+02	3.5674191191e-02	-6.0756776994e-02	1.0302453866e-04	3.7887750814e-05
9.3700000000e+02	3.5712079062e-02	-6.0859821764e-02	1.0306499555e-04	3.7887990914e-05
9.3800000000e+02	3.5749967173e-02	-6.0962906970e-02	1.0310540953e-04	3.7888230248e-05
9.3900000000e+02	3.5787855522e-02	-6.1066032569e-02	1.0314578072e-04	3.7888468820e-05
9.4000000000e+02	3.5825744110e-02	-6.1169198518e-02	1.0318610918e-04	3.7888706633e-05
9.4100000000e+02	3.5863632935e-02	-6.1272404773e-02	1.0322639501e-04	3.7888943690e-05
9.4200000000e+02	3.5901521997e-02	-6.1375651294e-02	1.0326663831e-04	3.7889179994e-05
9.4300000000e+02	3.5939411295e-02	-6.1478938036e-02	1.0330683916e-04	3.7889415550e-05
9.4400000000e+02	3.5977300828e-02	-6.1582264958e-02	1.0334699765e-04	3.7889650359e-05
9.4500000000e+02	3.6015190596e-02	-6.1685632017e-02	1.0338711388e-04	3.7889884425e-05
9.4600000000e+02	3.6053080597e-02	-6.1789039171e-02	1.0342718792e-04	3.7890117751e-05
9.4700000000e+02	3.6090970831e-02	-6.1892486379e-02	1.0346721986e-04	3.7890350340e-05
9.4800000000e+02	3.6128861297e-02	-6.1995973597e-02	1.0350720980e-04	3.7890582195e-05
9.4900000000e+02	3.6166751995e-02	-6.2099500784e-02	1.0354715783e-04	3.7890813320e-05
9.5000000000e+02	3.6204642924e-02	-6.2203067899e-02	1.0358706402e-04	3.7891043717e-05
9.5100000000e+02	3.6242534082e-02	-6.2306674899e-02	1.0362692848e-04	3.7891273390e-05
9.5200000000e+02	3.6280425470e-02	-6.2410321742e-02	1.0366675127e-04	3.7891502342e-05
9.5300000000e+02	3.6318317087e-02	-6.2514008387e-02	1.0370653250e-04	3.7891730574e-05
9.5400000000e+02	3.6356208931e-02	-6.2617734793e-02	1.0374627225e-04	3.7891958092e-05
9.5500000000e+02	3.6394101003e-02	-6.2721500918e-02	1.0378597060e-04	3.7892184897e-05
9.5600000000e+02	3.6431993301e-02	-6.2825306721e-02	1.0382562764e-04	3.7892410992e-05
9.5700000000e+02	3.6469885824e-02	-6.2929152159e-02	1.0386524345e-04	3.7892636381e-05
9.5800000000e+02	3.6507778573e-02	-6.3033037194e-02	1.0390481813e-04	3.7892861066e-05
9.5900000000e+02	3.6545671546e-02	-6.3136961782e-02	1.0394435175e-04	3.7893085050e-05
9.6000000000e+02	3.6583564743e-02	-6.3240925884e-02	1.0398384440e-04	3.7893308337e-05
9.6100000000e+02	3.6621458163e-02	-6.3344929457e-02	1.0402329617e-04	3.7893530929e-05
9.6200000000e+02	3.6659351805e-02	-6.3448972462e-02	1.0406270714e-04	3.7893752829e-05
9.6300000000e+02	3.6697245668e-02	-6.3553054858e-02	1.0410207739e-04	3.7893974039e-05
9.6400000000e+02	3.6735139752e-02	-6.3657176604e-02	1.0414140701e-04	3.7894194563e-05
9.6500000000e+02	3.6773034057e-02	-6.3761337658e-02	1.0418069608e-04	3.7894414404e-05
9.6600000000e+02	3.6810928581e-02	-6.3865537982e-02	1.0421994468e-04	3.7894633564e-05
9.6700000000e+02	3.6848823324e-02	-6.3969777534e-02	1.0425915290e-04	3.7894852047e-05
9.6800000000e+02	3.6886718285e-02	-6.4074056275e-02	1.0429832083e-04	3.7895069854e-05
9.6900000000e+02	3.6924613463e-02	-6.4178374163e-02	1.0433744853e-04	3.7895286989e-05
9.7000000000e+02	3.6962508859e-02	-6.4282731158e-02	1.0437653610e-04	3.7895503454e-05
9.7100000000e+02	3.7000404470e-02	-6.4387127221e-02	1.0441558362e-04	3.7895719253e-05
9.7200000000e+02	3.7038300297e-02	-6.4491562312e-02	1.0445459116e-04	3.7895934388e-05
9.7300000000e+02	3.7076196339e-02	-6.4596036390e-02	1.0449355882e-04	3.7896148861e-05
9.7400000000e+02	3.7114092594e-02	-6.4700549417e-02	1.0453248666e-04	3.7896362676e-05
9.7500000000e+02	3.7151989064e-02	-6.4805101351e-02	1.0457137478e-04	3.7896575835e-05
9.7600000000e+02	3.7189885746e-02	-6.4909692153e-02	1.0461022326e-04	3.7896788340e-05
9.7700000000e+02	3.7227782640e-02	-6.5014321784e-02	1.0464903216e-04	3.7897000195e-05
9.7800000000e+02	3.7265679746e-02	-6.5118990204e-02	1.0468780158e-04	3.7897211402e-05
9.7900000000e+02	3.7303577063e-02	-6.5223697374e-02	1.0472653160e-04	3.7897421964e-05
9.8000000000e+02	3.7341474590e-02	-6.5328443254e-02	1.0476522229e-04	3.7897631883e-05
9.8100000000e+02	3.7379372326e-02	-6.5433227805e-02	1.0480387373e-04	3.7897841163e-05
9.8200000000e+02	3.7417270272e-02	-6.5538050989e-02	1.0484248601e-04	3.7898049804e-05
9.8300000000e+02	3.7455168426e-02	-6.5642912764e-02	1.0488105920e-04	3.7898257811e-05
9.8400000000e+02	3.7493066787e-02	-6.5747813094e-02	1.0491959338e-04	3.7898465185e-05
9.8500000000e+02	3.7530965356e-02	-6.5852751938e-02	1.0495808862e-04	3.7898671930e-05
9.8600000000e+02	3.7568864131e-02	-6.5957729258e-02	1.0499654502e-04	3.7898878048e-05
9.8700000000e+02	3.7606763112e-02	-6.6062745015e-02	1.0503496264e-04	3.7899083541e-05
9.8800000000e+02	3.7644662298e-02	-6.6167799171e-02	1.0507334157e-04	3.7899288411e-05
9.8900000000e+02	3.7682561688e-02	-6.6272891686e-02	1.0511168187e-04	3.7899492663e-05
9.9000000000e+02	3.7720461283e-02	-6.6378022522e-02	1.0514998364e-04	3.7899696297e-05
9.9100000000e+02	3.7758361081e-02	-6.6483191640e-02	1.0518824694e-04	3.7899899316e-05
9.9200000000e+02	3.7796261081e-02	-6.6588399003e-02	1.0522647186e-04	3.7900101723e-05
9.9300000000e+02	3.7834161284e-02	-6.6693644571e-02	1.0526465846e-04	3.7900303520e-05
9.9400000000e+02	3.7872061688e-02	-6.6798928307e-02	1.0530280684e-04	3.7900504711e-05
9.9500000000e+02	3.7909962293e-02	-6.6904250172e-02	1.0534091705e-04	3.7900705296e-05
9.9600000000e+02	3.7947863099e-02	-6.7009610128e-02	1.0537898918e-04	3.7900905279e-05
9.9700000000e+02	3.7985764104e-02	-6.7115008138e-02	1.0541702331e-04	3.7901104662e-05
9.9800000000e+02	3.8023665308e-02	-6.7220444162e-02	1.0545501951e-04	3.7901303447e-05
9.9900000000e+02	3.8061566710e-02	-6.7325918164e-02	1.0549297785e-04	3.7901501637e-05
