# total modes from dos = 5.9999010658e+00
# ZPE = 3.8401353803e-03 Ry/cell
# Multiply by 13.6058 to have energies in eV/cell etc..
# Multiply by 13.6058 x 23060.35 = 313 754.5 to have energies in cal/(N mol).
# Multiply by 13.6058 x 96526.0 = 1 313 313 to have energies in J/(N mol).
# N is the number of formula units per cell.
#
# T (K) 	Evib (Ry/cell)	Fvib (Ry/cell)	Svib (Ry/cell/K)	Cvib (Ry/cell/K)
1.0000000000e+00	3.8401354006e-03	3.8401352944e-03	1.0624048789e-10	6.0388860211e-11
2.0000000000e+00	3.8401355839e-03	3.8401351408e-03	2.2157263843e-10	3.6762559649e-10
3.0000000000e+00	3.8401362997e-03	3.8401347965e-03	5.0105273429e-10	1.1663893285e-09
4.0000000000e+00	3.8401381630e-03	3.8401340567e-03	1.0265821943e-09	2.7041587254e-09
5.0000000000e+00	3.8401420382e-03	3.8401326338e-03	1.8808716318e-09	5.2326155668e-09
6.0000000000e+00	3.8401490448e-03	3.8401301574e-03	3.1479083819e-09	9.0112935653e-09
7.0000000000e+00	3.8401605685e-03	3.8401261717e-03	4.9138297015e-09	1.4314233512e-08
8.0000000000e+00	3.8401782817e-03	3.8401201335e-03	7.2685235121e-09	2.1444405100e-08
9.0000000000e+00	3.8402041868e-03	3.8401114063e-03	1.0308950281e-08	3.0766981789e-08
1.0000000000e+01	3.8402407073e-03	3.8400992504e-03	1.4145685103e-08	4.2771408128e-08
1.1000000000e+01	3.8402908530e-03	3.8400828050e-03	1.8913462652e-08	5.8155910264e-08
1.2000000000e+01	3.8403584715e-03	3.8400610563e-03	2.4784597847e-08	7.7909013682e-08
1.3000000000e+01	3.8404485660e-03	3.8400327942e-03	3.1982442002e-08	1.0335821492e-07
1.4000000000e+01	3.8405676382e-03	3.8399965550e-03	4.0791652389e-08	1.3616781268e-07
1.5000000000e+01	3.8407240021e-03	3.8399505576e-03	5.1562965035e-08	1.7828532142e-07
1.6000000000e+01	3.8409280234e-03	3.8398926373e-03	6.4711628350e-08	2.3184904006e-07
1.7000000000e+01	3.8411922546e-03	3.8398201850e-03	8.0709981908e-08	2.9907488685e-07
1.8000000000e+01	3.8415314545e-03	3.8397300953e-03	1.0007551214e-07	3.8213994046e-07
1.9000000000e+01	3.8419624942e-03	3.8396187291e-03	1.2335605810e-07	4.8307612093e-07
2.0000000000e+01	3.8425041668e-03	3.8394818908e-03	1.5111380349e-07	6.0368250409e-07
2.1000000000e+01	3.8431769201e-03	3.8393148220e-03	1.8390943499e-07	7.4546029487e-07
2.2000000000e+01	3.8440025358e-03	3.8391122107e-03	2.2228750063e-07	9.0957106354e-07
2.3000000000e+01	3.8450037779e-03	3.8388682139e-03	2.6676365255e-07	1.0968165517e-06
2.4000000000e+01	3.8462040311e-03	3.8385764915e-03	3.1781415057e-07	1.3076370244e-06
2.5000000000e+01	3.8476269445e-03	3.8382302506e-03	3.7586775791e-07	1.5421245509e-06
2.6000000000e+01	3.8492960952e-03	3.8378222958e-03	4.4129997924e-07	1.8000475156e-06
2.7000000000e+01	3.8512346799e-03	3.8373450842e-03	5.1442946850e-07	2.0808829040e-06
2.8000000000e+01	3.8534652418e-03	3.8367907837e-03	5.9551635939e-07	2.3838533356e-06
2.9000000000e+01	3.8560094360e-03	3.8361513312e-03	6.8476223469e-07	2.7079663220e-06
3.0000000000e+01	3.8588878341e-03	3.8354184909e-03	7.8231144114e-07	3.0520537484e-06
3.1000000000e+01	3.8621197676e-03	3.8345839101e-03	8.8825346627e-07	3.4148100636e-06
3.2000000000e+01	3.8657232089e-03	3.8336391732e-03	1.0026261157e-06	3.7948280966e-06
3.3000000000e+01	3.8697146861e-03	3.8325758506e-03	1.1254192582e-06	4.1906317881e-06
3.4000000000e+01	3.8741092293e-03	3.8313855454e-03	1.2565789376e-06	4.6007054204e-06
3.5000000000e+01	3.8789203436e-03	3.8300599346e-03	1.3960116837e-06	5.0235191710e-06
3.6000000000e+01	3.8841600067e-03	3.8285908069e-03	1.5435888836e-06	5.4575509899e-06
3.7000000000e+01	3.8898386858e-03	3.8269700949e-03	1.6991511052e-06	5.9013049336e-06
3.8000000000e+01	3.8959653717e-03	3.8251899047e-03	1.8625122885e-06	6.3533261743e-06
3.9000000000e+01	3.9025476260e-03	3.8232425400e-03	2.0334637420e-06	6.8122129638e-06
4.0000000000e+01	3.9095916389e-03	3.8211205229e-03	2.2117779011e-06	7.2766258574e-06
4.1000000000e+01	3.9171022954e-03	3.8188166108e-03	2.3972118198e-06	7.7452945165e-06
4.2000000000e+01	3.9250832468e-03	3.8163238109e-03	2.5895103791e-06	8.2170224054e-06
4.3000000000e+01	3.9335369859e-03	3.8136353899e-03	2.7884092078e-06	8.6906896838e-06
4.4000000000e+01	3.9424649245e-03	3.8107448827e-03	2.9936373147e-06	9.1652545765e-06
4.5000000000e+01	3.9518674722e-03	3.8076460973e-03	3.2049194421e-06	9.6397534791e-06
4.6000000000e+01	3.9617441132e-03	3.8043331183e-03	3.4219781507e-06	1.0113300031e-05
4.7000000000e+01	3.9720934837e-03	3.8008003080e-03	3.6445356515e-06	1.0585083363e-05
4.8000000000e+01	3.9829134455e-03	3.7970423062e-03	3.8723154007e-06	1.1054365698e-05
4.9000000000e+01	3.9942011581e-03	3.7930540278e-03	4.1050434752e-06	1.1520479466e-05
5.0000000000e+01	4.0059531473e-03	3.7888306599e-03	4.3424497473e-06	1.1982824058e-05
5.1000000000e+01	4.0181653701e-03	3.7843676575e-03	4.5842688761e-06	1.2440862336e-05
5.2000000000e+01	4.0308332768e-03	3.7796607379e-03	4.8302411334e-06	1.2894117004e-05
5.3000000000e+01	4.0439518686e-03	3.7747058754e-03	5.0801130805e-06	1.3342166891e-05
5.4000000000e+01	4.0575157522e-03	3.7694992941e-03	5.3336381131e-06	1.3784643240e-05
5.5000000000e+01	4.0715191901e-03	3.7640374613e-03	5.5905768869e-06	1.4221226029e-05
5.6000000000e+01	4.0859561477e-03	3.7583170798e-03	5.8506976411e-06	1.4651640382e-05
5.7000000000e+01	4.1008203365e-03	3.7523350801e-03	6.1137764288e-06	1.5075653084e-05
5.8000000000e+01	4.1161052546e-03	3.7460886130e-03	6.3795972693e-06	1.5493069239e-05
5.9000000000e+01	4.1318042226e-03	3.7395750410e-03	6.6479522307e-06	1.5903729073e-05
6.0000000000e+01	4.1479104177e-03	3.7327919305e-03	6.9186414539e-06	1.6307504904e-05
6.1000000000e+01	4.1644169046e-03	3.7257370440e-03	7.1914731247e-06	1.6704298277e-05
6.2000000000e+01	4.1813166626e-03	3.7184083315e-03	7.4662634047e-06	1.7094037271e-05
6.3000000000e+01	4.1986026115e-03	3.7108039230e-03	7.7428363241e-06	1.7476673982e-05
6.4000000000e+01	4.2162676341e-03	3.7029221208e-03	8.0210236463e-06	1.7852182168e-05
6.5000000000e+01	4.2343045972e-03	3.6947613913e-03	8.3006647065e-06	1.8220555063e-05
6.6000000000e+01	4.2527063692e-03	3.6863203580e-03	8.5816062313e-06	1.8581803352e-05
6.7000000000e+01	4.2714658376e-03	3.6775977941e-03	8.8637021423e-06	1.8935953293e-05
6.8000000000e+01	4.2905759229e-03	3.6685926153e-03	9.1468133472e-06	1.9283044990e-05
6.9000000000e+01	4.3100295922e-03	3.6593038731e-03	9.4308075224e-06	1.9623130806e-05
7.0000000000e+01	4.3298198702e-03	3.6497307480e-03	9.7155588892e-06	1.9956273900e-05
7.1000000000e+01	4.3499398499e-03	3.6398725428e-03	1.0000947986e-05	2.0282546897e-05
7.2000000000e+01	4.3703827008e-03	3.6297286773e-03	1.0286861439e-05	2.0602030658e-05
7.3000000000e+01	4.3911416774e-03	3.6192986811e-03	1.0573191730e-05	2.0914813178e-05
7.4000000000e+01	4.4122101248e-03	3.6085821889e-03	1.0859836971e-05	2.1220988563e-05
7.5000000000e+01	4.4335814852e-03	3.5975789344e-03	1.1146700677e-05	2.1520656115e-05
7.6000000000e+01	4.4552493022e-03	3.5862887452e-03	1.1433691540e-05	2.1813919497e-05
7.7000000000e+01	4.4772072252e-03	3.5747115377e-03	1.1720723213e-05	2.2100885979e-05
7.8000000000e+01	4.4994490119e-03	3.5628473124e-03	1.2007714096e-05	2.2381665755e-05
7.9000000000e+01	4.5219685319e-03	3.5506961489e-03	1.2294587127e-05	2.2656371328e-05
8.0000000000e+01	4.5447597679e-03	3.5382582017e-03	1.2581269577e-05	2.2925116964e-05
8.1000000000e+01	4.5678168177e-03	3.5255336962e-03	1.2867692858e-05	2.3188018190e-05
8.2000000000e+01	4.5911338949e-03	3.5125229240e-03	1.3153792329e-05	2.3445191357e-05
8.3000000000e+01	4.6147053300e-03	3.4992262398e-03	1.3439507111e-05	2.3696753239e-05
8.4000000000e+01	4.6385255699e-03	3.4856440571e-03	1.3724779914e-05	2.3942820690e-05
8.5000000000e+01	4.6625891788e-03	3.4717768453e-03	1.4009556865e-05	2.4183510322e-05
8.6000000000e+01	4.6868908367e-03	3.4576251256e-03	1.4293787338e-05	2.4418938236e-05
8.7000000000e+01	4.7114253398e-03	3.4431894686e-03	1.4577423806e-05	2.4649219778e-05
8.8000000000e+01	4.7361875989e-03	3.4284704909e-03	1.4860421682e-05	2.4874469325e-05
8.9000000000e+01	4.7611726389e-03	3.4134688521e-03	1.5142739177e-05	2.5094800098e-05
9.0000000000e+01	4.7863755968e-03	3.3981852524e-03	1.5424337161e-05	2.5310324002e-05
9.1000000000e+01	4.8117917214e-03	3.3826204298e-03	1.5705179028e-05	2.5521151487e-05
9.2000000000e+01	4.8374163707e-03	3.3667751578e-03	1.5985230575e-05	2.5727391430e-05
9.3000000000e+01	4.8632450108e-03	3.3506502428e-03	1.6264459871e-05	2.5929151031e-05
9.4000000000e+01	4.8892732144e-03	3.3342465221e-03	1.6542837153e-05	2.6126535728e-05
9.5000000000e+01	4.9154966585e-03	3.3175648617e-03	1.6820334703e-05	2.6319649132e-05
9.6000000000e+01	4.9419111229e-03	3.3006061545e-03	1.7096926753e-05	2.6508592964e-05
9.7000000000e+01	4.9685124879e-03	3.2833713181e-03	1.7372589380e-05	2.6693467015e-05
9.8000000000e+01	4.9952967329e-03	3.2658612930e-03	1.7647300408e-05	2.6874369107e-05
9.9000000000e+01	5.0222599341e-03	3.2480770413e-03	1.7921039321e-05	2.7051395071e-05
1.0000000000e+02	5.0493982623e-03	3.2300195447e-03	1.8193787176e-05	2.7224638731e-05
1.0100000000e+02	5.0767079814e-03	3.2116898031e-03	1.8465526517e-05	2.7394191889e-05
1.0200000000e+02	5.1041854459e-03	3.1930888332e-03	1.8736241301e-05	2.7560144332e-05
1.0300000000e+02	5.1318270991e-03	3.1742176670e-03	1.9005916817e-05	2.7722583827e-05
1.0400000000e+02	5.1596294712e-03	3.1550773505e-03	1.9274539622e-05	2.7881596132e-05
1.0500000000e+02	5.1875891769e-03	3.1356689427e-03	1.9542097468e-05	2.8037265011e-05
1.0600000000e+02	5.2157029140e-03	3.1159935143e-03	1.9808579243e-05	2.8189672250e-05
1.0700000000e+02	5.2439674608e-03	3.0960521463e-03	2.0073974902e-05	2.8338897676e-05
1.0800000000e+02	5.2723796747e-03	3.0758459295e-03	2.0338275419e-05	2.8485019181e-05
1.0900000000e+02	5.3009364899e-03	3.0553759632e-03	2.0601472722e-05	2.8628112750e-05
1.1000000000e+02	5.3296349156e-03	3.0346433542e-03	2.0863559649e-05	2.8768252487e-05
1.1100000000e+02	5.3584720344e-03	3.0136492161e-03	2.1124529894e-05	2.8905510646e-05
1.1200000000e+02	5.3874449999e-03	2.9923946685e-03	2.1384377959e-05	2.9039957661e-05
1.1300000000e+02	5.4165510356e-03	2.9708808359e-03	2.1643099112e-05	2.9171662183e-05
1.1400000000e+02	5.4457874324e-03	2.9491088473e-03	2.1900689344e-05	2.9300691110e-05
1.1500000000e+02	5.4751515477e-03	2.9270798353e-03	2.2157145325e-05	2.9427109621e-05
1.1600000000e+02	5.5046408027e-03	2.9047949356e-03	2.2412464372e-05	2.9550981216e-05
1.1700000000e+02	5.5342526818e-03	2.8822552862e-03	2.2666644406e-05	2.9672367749e-05
1.1800000000e+02	5.5639847300e-03	2.8594620270e-03	2.2919683924e-05	2.9791329462e-05
1.1900000000e+02	5.5938345520e-03	2.8364162989e-03	2.3171581959e-05	2.9907925026e-05
1.2000000000e+02	5.6237998104e-03	2.8131192437e-03	2.3422338056e-05	3.0022211574e-05
1.2100000000e+02	5.6538782240e-03	2.7895720034e-03	2.3671952237e-05	3.0134244736e-05
1.2200000000e+02	5.6840675668e-03	2.7657757197e-03	2.3920424976e-05	3.0244078679e-05
1.2300000000e+02	5.7143656659e-03	2.7417315336e-03	2.4167757173e-05	3.0351766140e-05
1.2400000000e+02	5.7447704007e-03	2.7174405851e-03	2.4413950126e-05	3.0457358462e-05
1.2500000000e+02	5.7752797011e-03	2.6929040126e-03	2.4659005508e-05	3.0560905630e-05
1.2600000000e+02	5.8058915465e-03	2.6681229526e-03	2.4902925348e-05	3.0662456304e-05
1.2700000000e+02	5.8366039640e-03	2.6430985396e-03	2.5145712003e-05	3.0762057853e-05
1.2800000000e+02	5.8674150278e-03	2.6178319054e-03	2.5387368144e-05	3.0859756390e-05
1.2900000000e+02	5.8983228575e-03	2.5923241792e-03	2.5627896731e-05	3.0955596805e-05
1.3000000000e+02	5.9293256167e-03	2.5665764868e-03	2.5867300999e-05	3.1049622796e-05
1.3100000000e+02	5.9604215124e-03	2.5405899508e-03	2.6105584440e-05	3.1141876903e-05
1.3200000000e+02	5.9916087937e-03	2.5143656902e-03	2.6342750783e-05	3.1232400536e-05
1.3300000000e+02	6.0228857501e-03	2.4879048203e-03	2.6578803984e-05	3.1321234007e-05
1.3400000000e+02	6.0542507114e-03	2.4612084519e-03	2.6813748205e-05	3.1408416563e-05
1.3500000000e+02	6.0857020457e-03	2.4342776921e-03	2.7047587805e-05	3.1493986409e-05
1.3600000000e+02	6.1172381590e-03	2.4071136430e-03	2.7280327324e-05	3.1577980743e-05
1.3700000000e+02	6.1488574941e-03	2.3797174025e-03	2.7511971471e-05	3.1660435777e-05
1.3800000000e+02	6.1805585293e-03	2.3520900636e-03	2.7742525114e-05	3.1741386773e-05
1.3900000000e+02	6.2123397777e-03	2.3242327142e-03	2.7971993263e-05	3.1820868060e-05
1.4000000000e+02	6.2441997866e-03	2.2961464372e-03	2.8200381067e-05	3.1898913067e-05
1.4100000000e+02	6.2761371360e-03	2.2678323104e-03	2.8427693799e-05	3.1975554344e-05
1.4200000000e+02	6.3081504380e-03	2.2392914061e-03	2.8653936844e-05	3.2050823589e-05
1.4300000000e+02	6.3402383361e-03	2.2105247914e-03	2.8879115697e-05	3.2124751672e-05
1.4400000000e+02	6.3723995043e-03	2.1815335276e-03	2.9103235949e-05	3.2197368655e-05
1.4500000000e+02	6.4046326462e-03	2.1523186705e-03	2.9326303280e-05	3.2268703820e-05
1.4600000000e+02	6.4369364942e-03	2.1228812701e-03	2.9548323453e-05	3.2338785686e-05
1.4700000000e+02	6.4693098090e-03	2.0932223707e-03	2.9769302302e-05	3.2407642032e-05
1.4800000000e+02	6.5017513788e-03	2.0633430106e-03	2.9989245731e-05	3.2475299921e-05
1.4900000000e+02	6.5342600182e-03	2.0332442224e-03	3.0208159703e-05	3.2541785715e-05
1.5000000000e+02	6.5668345681e-03	2.0029270324e-03	3.0426050238e-05	3.2607125100e-05
1.5100000000e+02	6.5994738946e-03	1.9723924610e-03	3.0642923401e-05	3.2671343099e-05
1.5200000000e+02	6.6321768886e-03	1.9416415227e-03	3.0858785302e-05	3.2734464098e-05
1.5300000000e+02	6.6649424650e-03	1.9106752255e-03	3.1073642089e-05	3.2796511857e-05
1.5400000000e+02	6.6977695623e-03	1.8794945715e-03	3.1287499940e-05	3.2857509532e-05
1.5500000000e+02	6.7306571416e-03	1.8481005565e-03	3.1500365065e-05	3.2917479692e-05
1.5600000000e+02	6.7636041865e-03	1.8164941702e-03	3.1712243694e-05	3.2976444333e-05
1.5700000000e+02	6.7966097023e-03	1.7846763959e-03	3.1923142079e-05	3.3034424894e-05
1.5800000000e+02	6.8296727152e-03	1.7526482107e-03	3.2133066485e-05	3.3091442277e-05
1.5900000000e+02	6.8627922725e-03	1.7204105855e-03	3.2342023189e-05	3.3147516858e-05
1.6000000000e+02	6.8959674413e-03	1.6879644848e-03	3.2550018478e-05	3.3202668502e-05
1.6100000000e+02	6.9291973084e-03	1.6553108669e-03	3.2757058643e-05	3.3256916579e-05
1.6200000000e+02	6.9624809796e-03	1.6224506838e-03	3.2963149974e-05	3.3310279977e-05
1.6300000000e+02	6.9958175796e-03	1.5893848811e-03	3.3168298764e-05	3.3362777116e-05
1.6400000000e+02	7.0292062511e-03	1.5561143983e-03	3.3372511297e-05	3.3414425958e-05
1.6500000000e+02	7.0626461546e-03	1.5226401685e-03	3.3575793855e-05	3.3465244026e-05
1.6600000000e+02	7.0961364679e-03	1.4889631185e-03	3.3778152707e-05	3.3515248410e-05
1.6700000000e+02	7.1296763857e-03	1.4550841689e-03	3.3979594113e-05	3.3564455780e-05
1.6800000000e+02	7.1632651192e-03	1.4210042340e-03	3.4180124317e-05	3.3612882404e-05
1.6900000000e+02	7.1969018956e-03	1.3867242219e-03	3.4379749548e-05	3.3660544148e-05
1.7000000000e+02	7.2305859577e-03	1.3522450345e-03	3.4578476019e-05	3.3707456499e-05
1.7100000000e+02	7.2643165638e-03	1.3175675674e-03	3.4776309920e-05	3.3753634565e-05
1.7200000000e+02	7.2980929870e-03	1.2826927101e-03	3.4973257424e-05	3.3799093092e-05
1.7300000000e+02	7.3319145150e-03	1.2476213460e-03	3.5169324676e-05	3.3843846471e-05
1.7400000000e+02	7.3657804496e-03	1.2123543522e-03	3.5364517801e-05	3.3887908751e-05
1.7500000000e+02	7.3996901067e-03	1.1768925997e-03	3.5558842897e-05	3.3931293643e-05
1.7600000000e+02	7.4336428155e-03	1.1412369537e-03	3.5752306033e-05	3.3974014534e-05
1.7700000000e+02	7.4676379188e-03	1.1053882730e-03	3.5944913253e-05	3.4016084492e-05
1.7800000000e+02	7.5016747718e-03	1.0693474105e-03	3.6136670569e-05	3.4057516278e-05
1.7900000000e+02	7.5357527427e-03	1.0331152131e-03	3.6327583964e-05	3.4098322352e-05
1.8000000000e+02	7.5698712120e-03	9.9669252187e-04	3.6517659390e-05	3.4138514882e-05
1.8100000000e+02	7.6040295720e-03	9.6008017170e-04	3.6706902764e-05	3.4178105753e-05
1.8200000000e+02	7.6382272268e-03	9.2327899173e-04	3.6895319973e-05	3.4217106570e-05
1.8300000000e+02	7.6724635922e-03	8.8628980520e-04	3.7082916869e-05	3.4255528672e-05
1.8400000000e+02	7.7067380950e-03	8.4911342949e-04	3.7269699269e-05	3.4293383134e-05
1.8500000000e+02	7.7410501729e-03	8.1175067623e-04	3.7455672955e-05	3.4330680777e-05
1.8600000000e+02	7.7753992744e-03	7.7420235124e-04	3.7640843673e-05	3.4367432172e-05
1.8700000000e+02	7.8097848586e-03	7.3646925464e-04	3.7825217133e-05	3.4403647649e-05
1.8800000000e+02	7.8442063944e-03	6.9855218083e-04	3.8008799009e-05	3.4439337302e-05
1.8900000000e+02	7.8786633612e-03	6.6045191860e-04	3.8191594934e-05	3.4474510996e-05
1.9000000000e+02	7.9131552477e-03	6.2216925108e-04	3.8373610508e-05	3.4509178373e-05
1.9100000000e+02	7.9476815523e-03	5.8370495585e-04	3.8554851290e-05	3.4543348856e-05
1.9200000000e+02	7.9822417828e-03	5.4505980493e-04	3.8735322802e-05	3.4577031659e-05
1.9300000000e+02	8.0168354561e-03	5.0623456484e-04	3.8915030524e-05	3.4610235785e-05
1.9400000000e+02	8.0514620978e-03	4.6722999666e-04	3.9093979903e-05	3.4642970041e-05
1.9500000000e+02	8.0861212424e-03	4.2804685602e-04	3.9272176340e-05	3.4675243034e-05
1.9600000000e+02	8.1208124329e-03	3.8868589317e-04	3.9449625203e-05	3.4707063184e-05
1.9700000000e+02	8.1555352206e-03	3.4914785303e-04	3.9626331815e-05	3.4738438720e-05
1.9800000000e+02	8.1902891648e-03	3.0943347519e-04	3.9802301463e-05	3.4769377695e-05
1.9900000000e+02	8.2250738331e-03	2.6954349401e-04	3.9977539392e-05	3.4799887982e-05
2.0000000000e+02	8.2598888005e-03	2.2947863858e-04	4.0152050809e-05	3.4829977284e-05
2.0100000000e+02	8.2947336498e-03	1.8923963284e-04	4.0325840880e-05	3.4859653134e-05
2.0200000000e+02	8.3296079714e-03	1.4882719556e-04	4.0498914732e-05	3.4888922904e-05
2.0300000000e+02	8.3645113627e-03	1.0824204042e-04	4.0671277449e-05	3.4917793804e-05
2.0400000000e+02	8.3994434284e-03	6.7484876020e-05	4.0842934080e-05	3.4946272891e-05
2.0500000000e+02	8.4344037801e-03	2.6556405949e-05	4.1013889630e-05	3.4974367069e-05
2.0600000000e+02	8.4693920365e-03	-1.4542671203e-05	4.1184149066e-05	3.5002083095e-05
2.0700000000e+02	8.5044078225e-03	-5.5811661788e-05	4.1353717315e-05	3.5029427581e-05
2.0800000000e+02	8.5394507699e-03	-9.7249877067e-05	4.1522599264e-05	3.5056407000e-05
2.0900000000e+02	8.5745205169e-03	-1.3885663317e-04	4.1690799761e-05	3.5083027686e-05
2.1000000000e+02	8.6096167078e-03	-1.8063125104e-04	4.1858323614e-05	3.5109295840e-05
2.1100000000e+02	8.6447389931e-03	-2.2257305644e-04	4.2025175590e-05	3.5135217535e-05
2.1200000000e+02	8.6798870294e-03	-2.6468137984e-04	4.2191360421e-05	3.5160798713e-05
2.1300000000e+02	8.7150604790e-03	-3.0695555646e-04	4.2356882795e-05	3.5186045195e-05
2.1400000000e+02	8.7502590101e-03	-3.4939492616e-04	4.2521747366e-05	3.5210962678e-05
2.1500000000e+02	8.7854822965e-03	-3.9199883346e-04	4.2685958744e-05	3.5235556745e-05
2.1600000000e+02	8.8207300176e-03	-4.3476662745e-04	4.2849521505e-05	3.5259832859e-05
2.1700000000e+02	8.8560018580e-03	-4.7769766178e-04	4.3012440183e-05	3.5283796373e-05
2.1800000000e+02	8.8912975079e-03	-5.2079129462e-04	4.3174719278e-05	3.5307452532e-05
2.1900000000e+02	8.9266166624e-03	-5.6404688862e-04	4.3336363247e-05	3.5330806469e-05
2.2000000000e+02	8.9619590218e-03	-6.0746381088e-04	4.3497376512e-05	3.5353863217e-05
2.2100000000e+02	8.9973242914e-03	-6.5104143288e-04	4.3657763458e-05	3.5376627703e-05
2.2200000000e+02	9.0327121814e-03	-6.9477913047e-04	4.3817528432e-05	3.5399104759e-05
2.2300000000e+02	9.0681224067e-03	-7.3867628385e-04	4.3976675742e-05	3.5421299115e-05
2.2400000000e+02	9.1035546869e-03	-7.8273227749e-04	4.4135209663e-05	3.5443215408e-05
2.2500000000e+02	9.1390087463e-03	-8.2694650013e-04	4.4293134429e-05	3.5464858183e-05
2.2600000000e+02	9.1744843136e-03	-8.7131834470e-04	4.4450454240e-05	3.5486231892e-05
2.2700000000e+02	9.2099811219e-03	-9.1584720834e-04	4.4607173261e-05	3.5507340901e-05
2.2800000000e+02	9.2454989086e-03	-9.6053249233e-04	4.4763295618e-05	3.5528189488e-05
2.2900000000e+02	9.2810374154e-03	-1.0053736021e-03	4.4918825404e-05	3.5548781846e-05
2.3000000000e+02	9.3165963882e-03	-1.0503699470e-03	4.5073766675e-05	3.5569122087e-05
2.3100000000e+02	9.3521755769e-03	-1.0955209406e-03	4.5228123452e-05	3.5589214242e-05
2.3200000000e+02	9.3877747353e-03	-1.1408260004e-03	4.5381899723e-05	3.5609062263e-05
2.3300000000e+02	9.4233936214e-03	-1.1862845478e-03	4.5535099439e-05	3.5628670023e-05
2.3400000000e+02	9.4590319966e-03	-1.2318960084e-03	4.5687726517e-05	3.5648041324e-05
2.3500000000e+02	9.4946896264e-03	-1.2776598113e-03	4.5839784841e-05	3.5667179892e-05
2.3600000000e+02	9.5303662800e-03	-1.3235753898e-03	4.5991278262e-05	3.5686089380e-05
2.3700000000e+02	9.5660617300e-03	-1.3696421808e-03	4.6142210594e-05	3.5704773372e-05
2.3800000000e+02	9.6017757528e-03	-1.4158596252e-03	4.6292585622e-05	3.5723235386e-05
2.3900000000e+02	9.6375081279e-03	-1.4622271675e-03	4.6442407094e-05	3.5741478867e-05
2.4000000000e+02	9.6732586388e-03	-1.5087442561e-03	4.6591678729e-05	3.5759507201e-05
2.4100000000e+02	9.7090270717e-03	-1.5554103429e-03	4.6740404210e-05	3.5777323705e-05
2.4200000000e+02	9.7448132167e-03	-1.6022248837e-03	4.6888587191e-05	3.5794931635e-05
2.4300000000e+02	9.7806168665e-03	-1.6491873377e-03	4.7036231293e-05	3.5812334186e-05
2.4400000000e+02	9.8164378176e-03	-1.6962971678e-03	4.7183340104e-05	3.5829534492e-05
2.4500000000e+02	9.8522758691e-03	-1.7435538406e-03	4.7329917183e-05	3.5846535631e-05
2.4600000000e+02	9.8881308235e-03	-1.7909568261e-03	4.7475966055e-05	3.5863340620e-05
2.4700000000e+02	9.9240024860e-03	-1.8385055978e-03	4.7621490218e-05	3.5879952422e-05
2.4800000000e+02	9.9598906649e-03	-1.8861996328e-03	4.7766493136e-05	3.5896373945e-05
2.4900000000e+02	9.9957951714e-03	-1.9340384115e-03	4.7910978245e-05	3.5912608043e-05
2.5000000000e+02	1.0031715819e-02	-1.9820214178e-03	4.8054948949e-05	3.5928657518e-05
2.5100000000e+02	1.0067652426e-02	-2.0301481391e-03	4.8198408625e-05	3.5944525120e-05
2.5200000000e+02	1.0103604810e-02	-2.0784180659e-03	4.8341360618e-05	3.5960213549e-05
2.5300000000e+02	1.0139572794e-02	-2.1268306922e-03	4.8483808246e-05	3.5975725455e-05
2.5400000000e+02	1.0175556203e-02	-2.1753855153e-03	4.8625754796e-05	3.5991063442e-05
2.5500000000e+02	1.0211554864e-02	-2.2240820358e-03	4.8767203528e-05	3.6006230065e-05
2.5600000000e+02	1.0247568607e-02	-2.2729197575e-03	4.8908157673e-05	3.6021227834e-05
2.5700000000e+02	1.0283597264e-02	-2.3218981874e-03	4.9048620434e-05	3.6036059212e-05
2.5800000000e+02	1.0319640671e-02	-2.3710168356e-03	4.9188594985e-05	3.6050726620e-05
2.5900000000e+02	1.0355698663e-02	-2.4202752157e-03	4.9328084475e-05	3.6065232436e-05
2.6000000000e+02	1.0391771082e-02	-2.4696728439e-03	4.9467092024e-05	3.6079578993e-05
2.6100000000e+02	1.0427857769e-02	-2.5192092401e-03	4.9605620725e-05	3.6093768584e-05
2.6200000000e+02	1.0463958568e-02	-2.5688839268e-03	4.9743673644e-05	3.6107803464e-05
2.6300000000e+02	1.0500073325e-02	-2.6186964298e-03	4.9881253821e-05	3.6121685843e-05
2.6400000000e+02	1.0536201889e-02	-2.6686462779e-03	5.0018364270e-05	3.6135417897e-05
2.6500000000e+02	1.0572344112e-02	-2.7187330028e-03	5.0155007979e-05	3.6149001762e-05
2.6600000000e+02	1.0608499844e-02	-2.7689561392e-03	5.0291187908e-05	3.6162439535e-05
2.6700000000e+02	1.0644668943e-02	-2.8193152250e-03	5.0426906995e-05	3.6175733279e-05
2.6800000000e+02	1.0680851264e-02	-2.8698098006e-03	5.0562168150e-05	3.6188885021e-05
2.6900000000e+02	1.0717046666e-02	-2.9204394096e-03	5.0696974259e-05	3.6201896751e-05
2.7000000000e+02	1.0753255011e-02	-2.9712035984e-03	5.0831328183e-05	3.6214770427e-05
2.7100000000e+02	1.0789476161e-02	-3.0221019162e-03	5.0965232759e-05	3.6227507971e-05
2.7200000000e+02	1.0825709982e-02	-3.0731339150e-03	5.1098690799e-05	3.6240111274e-05
2.7300000000e+02	1.0861956340e-02	-3.1242991499e-03	5.1231705091e-05	3.6252582194e-05
2.7400000000e+02	1.0898215103e-02	-3.1755971782e-03	5.1364278399e-05	3.6264922558e-05
2.7500000000e+02	1.0934486142e-02	-3.2270275606e-03	5.1496413464e-05	3.6277134160e-05
2.7600000000e+02	1.0970769329e-02	-3.2785898600e-03	5.1628113004e-05	3.6289218766e-05
2.7700000000e+02	1.1007064538e-02	-3.3302836423e-03	5.1759379712e-05	3.6301178111e-05
2.7800000000e+02	1.1043371644e-02	-3.3821084760e-03	5.1890216259e-05	3.6313013900e-05
2.7900000000e+02	1.1079690525e-02	-3.4340639323e-03	5.2020625295e-05	3.6324727812e-05
2.8000000000e+02	1.1116021060e-02	-3.4861495850e-03	5.2150609445e-05	3.6336321496e-05
2.8100000000e+02	1.1152363129e-02	-3.5383650104e-03	5.2280171313e-05	3.6347796573e-05
2.8200000000e+02	1.1188716614e-02	-3.5907097877e-03	5.2409313481e-05	3.6359154638e-05
2.8300000000e+02	1.1225081399e-02	-3.6431834984e-03	5.2538038508e-05	3.6370397261e-05
2.8400000000e+02	1.1261457370e-02	-3.6957857265e-03	5.2666348933e-05	3.6381525983e-05
2.8500000000e+02	1.1297844414e-02	-3.7485160589e-03	5.2794247273e-05	3.6392542321e-05
2.8600000000e+02	1.1334242418e-02	-3.8013740845e-03	5.2921736023e-05	3.6403447769e-05
2.8700000000e+02	1.1370651273e-02	-3.8543593952e-03	5.3048817659e-05	3.6414243794e-05
2.8800000000e+02	1.1407070870e-02	-3.9074715850e-03	5.3175494634e-05	3.6424931840e-05
2.8900000000e+02	1.1443501101e-02	-3.9607102504e-03	5.3301769382e-05	3.6435513328e-05
2.9000000000e+02	1.1479941861e-02	-4.0140749905e-03	5.3427644316e-05	3.6445989654e-05
2.9100000000e+02	1.1516393046e-02	-4.0675654066e-03	5.3553121829e-05	3.6456362194e-05
2.9200000000e+02	1.1552854551e-02	-4.1211811024e-03	5.3678204294e-05	3.6466632301e-05
2.9300000000e+02	1.1589326277e-02	-4.1749216842e-03	5.3802894064e-05	3.6476801305e-05
2.9400000000e+02	1.1625808121e-02	-4.2287867605e-03	5.3927193474e-05	3.6486870516e-05
2.9500000000e+02	1.1662299985e-02	-4.2827759418e-03	5.4051104836e-05	3.6496841223e-05
2.9600000000e+02	1.1698801771e-02	-4.3368888415e-03	5.4174630447e-05	3.6506714694e-05
2.9700000000e+02	1.1735313382e-02	-4.3911250749e-03	5.4297772583e-05	3.6516492178e-05
2.9800000000e+02	1.1771834724e-02	-4.4454842596e-03	5.4420533501e-05	3.6526174902e-05
2.9900000000e+02	1.1808365701e-02	-4.4999660156e-03	5.4542915440e-05	3.6535764075e-05
3.0000000000e+02	1.1844906221e-02	-4.5545699649e-03	5.4664920620e-05	3.6545260887e-05
3.0100000000e+02	1.1881456192e-02	-4.6092957320e-03	5.4786551243e-05	3.6554666510e-05
3.0200000000e+02	1.1918015524e-02	-4.6641429433e-03	5.4907809494e-05	3.6563982096e-05
3.0300000000e+02	1.1954584127e-02	-4.7191112276e-03	5.5028697539e-05	3.6573208781e-05
3.0400000000e+02	1.1991161912e-02	-4.7742002157e-03	5.5149217526e-05	3.6582347681e-05
3.0500000000e+02	1.2027748793e-02	-4.8294095406e-03	5.5269371587e-05	3.6591399897e-05
3.0600000000e+02	1.2064344684e-02	-4.8847388376e-03	5.5389161834e-05	3.6600366511e-05
3.0700000000e+02	1.2100949498e-02	-4.9401877437e-03	5.5508590364e-05	3.6609248590e-05
3.0800000000e+02	1.2137563153e-02	-4.9957558984e-03	5.5627659258e-05	3.6618047183e-05
3.0900000000e+02	1.2174185565e-02	-5.0514429431e-03	5.5746370576e-05	3.6626763325e-05
3.1000000000e+02	1.2210816652e-02	-5.1072485211e-03	5.5864726366e-05	3.6635398032e-05
3.1100000000e+02	1.2247456334e-02	-5.1631722780e-03	5.5982728657e-05	3.6643952308e-05
3.1200000000e+02	1.2284104531e-02	-5.2192138612e-03	5.6100379461e-05	3.6652427141e-05
3.1300000000e+02	1.2320761162e-02	-5.2753729204e-03	5.6217680776e-05	3.6660823501e-05
3.1400000000e+02	1.2357426152e-02	-5.3316491069e-03	5.6334634582e-05	3.6669142346e-05
3.1500000000e+02	1.2394099422e-02	-5.3880420744e-03	5.6451242844e-05	3.6677384620e-05
3.1600000000e+02	1.2430780896e-02	-5.4445514781e-03	5.6567507512e-05	3.6685551252e-05
3.1700000000e+02	1.2467470499e-02	-5.5011769755e-03	5.6683430519e-05	3.6693643156e-05
3.1800000000e+02	1.2504168157e-02	-5.5579182259e-03	5.6799013784e-05	3.6701661235e-05
3.1900000000e+02	1.2540873797e-02	-5.6147748905e-03	5.6914259209e-05	3.6709606375e-05
3.2000000000e+02	1.2577587346e-02	-5.6717466323e-03	5.7029168683e-05	3.6717479451e-05
3.2100000000e+02	1.2614308732e-02	-5.7288331165e-03	5.7143744078e-05	3.6725281326e-05
3.2200000000e+02	1.2651037885e-02	-5.7860340097e-03	5.7257987252e-05	3.6733012848e-05
3.2300000000e+02	1.2687774735e-02	-5.8433489808e-03	5.7371900049e-05	3.6740674854e-05
3.2400000000e+02	1.2724519212e-02	-5.9007777003e-03	5.7485484298e-05	3.6748268168e-05
3.2500000000e+02	1.2761271249e-02	-5.9583198405e-03	5.7598741813e-05	3.6755793601e-05
3.2600000000e+02	1.2798030777e-02	-6.0159750756e-03	5.7711674395e-05	3.6763251956e-05
3.2700000000e+02	1.2834797731e-02	-6.0737430816e-03	5.7824283829e-05	3.6770644019e-05
3.2800000000e+02	1.2871572043e-02	-6.1316235362e-03	5.7936571888e-05	3.6777970568e-05
3.2900000000e+02	1.2908353650e-02	-6.1896161188e-03	5.8048540331e-05	3.6785232370e-05
3.3000000000e+02	1.2945142487e-02	-6.2477205109e-03	5.8160190902e-05	3.6792430178e-05
3.3100000000e+02	1.2981938489e-02	-6.3059363953e-03	5.8271525331e-05	3.6799564737e-05
3.3200000000e+02	1.3018741595e-02	-6.3642634567e-03	5.8382545337e-05	3.6806636780e-05
3.3300000000e+02	1.3055551742e-02	-6.4227013817e-03	5.8493252625e-05	3.6813647030e-05
3.3400000000e+02	1.3092368869e-02	-6.4812498583e-03	5.8603648884e-05	3.6820596199e-05
3.3500000000e+02	1.3129192915e-02	-6.5399085764e-03	5.8713735794e-05	3.6827484990e-05
3.3600000000e+02	1.3166023819e-02	-6.5986772273e-03	5.8823515019e-05	3.6834314094e-05
3.3700000000e+02	1.3202861523e-02	-6.6575555044e-03	5.8932988212e-05	3.6841084194e-05
3.3800000000e+02	1.3239705968e-02	-6.7165431023e-03	5.9042157013e-05	3.6847795963e-05
3.3900000000e+02	1.3276557096e-02	-6.7756397175e-03	5.9151023048e-05	3.6854450064e-05
3.4000000000e+02	1.3313414849e-02	-6.8348450480e-03	5.9259587933e-05	3.6861047152e-05
3.4100000000e+02	1.3350279171e-02	-6.8941587935e-03	5.9367853269e-05	3.6867587870e-05
3.4200000000e+02	1.3387150006e-02	-6.9535806552e-03	5.9475820648e-05	3.6874072855e-05
3.4300000000e+02	1.3424027299e-02	-7.0131103360e-03	5.9583491646e-05	3.6880502734e-05
3.4400000000e+02	1.3460910994e-02	-7.0727475402e-03	5.9690867831e-05	3.6886878125e-05
3.4500000000e+02	1.3497801037e-02	-7.1324919739e-03	5.9797950756e-05	3.6893199637e-05
3.4600000000e+02	1.3534697375e-02	-7.1923433445e-03	5.9904741964e-05	3.6899467871e-05
3.4700000000e+02	1.3571599955e-02	-7.2523013611e-03	6.0011242986e-05	3.6905683421e-05
3.4800000000e+02	1.3608508725e-02	-7.3123657343e-03	6.0117455342e-05	3.6911846871e-05
3.4900000000e+02	1.3645423632e-02	-7.3725361761e-03	6.0223380538e-05	3.6917958798e-05
3.5000000000e+02	1.3682344625e-02	-7.4328124001e-03	6.0329020072e-05	3.6924019771e-05
3.5100000000e+02	1.3719271654e-02	-7.4931941215e-03	6.0434375430e-05	3.6930030350e-05
3.5200000000e+02	1.3756204669e-02	-7.5536810567e-03	6.0539448085e-05	3.6935991089e-05
3.5300000000e+02	1.3793143620e-02	-7.6142729239e-03	6.0644239502e-05	3.6941902533e-05
3.5400000000e+02	1.3830088458e-02	-7.6749694425e-03	6.0748751132e-05	3.6947765222e-05
3.5500000000e+02	1.3867039135e-02	-7.7357703334e-03	6.0852984417e-05	3.6953579686e-05
3.5600000000e+02	1.3903995602e-02	-7.7966753190e-03	6.0956940788e-05	3.6959346449e-05
3.5700000000e+02	1.3940957812e-02	-7.8576841231e-03	6.1060621666e-05	3.6965066029e-05
3.5800000000e+02	1.3977925718e-02	-7.9187964710e-03	6.1164028461e-05	3.6970738935e-05
3.5900000000e+02	1.4014899274e-02	-7.9800120892e-03	6.1267162572e-05	3.6976365670e-05
3.6000000000e+02	1.4051878434e-02	-8.0413307057e-03	6.1370025389e-05	3.6981946731e-05
3.6100000000e+02	1.4088863153e-02	-8.1027520500e-03	6.1472618290e-05	3.6987482607e-05
3.6200000000e+02	1.4125853384e-02	-8.1642758528e-03	6.1574942644e-05	3.6992973783e-05
3.6300000000e+02	1.4162849085e-02	-8.2259018462e-03	6.1676999812e-05	3.6998420734e-05
3.6400000000e+02	1.4199850211e-02	-8.2876297638e-03	6.1778791141e-05	3.7003823932e-05
3.6500000000e+02	1.4236856719e-02	-8.3494593403e-03	6.1880317970e-05	3.7009183841e-05
3.6600000000e+02	1.4273868565e-02	-8.4113903120e-03	6.1981581631e-05	3.7014500919e-05
3.6700000000e+02	1.4310885707e-02	-8.4734224163e-03	6.2082583441e-05	3.7019775619e-05
3.6800000000e+02	1.4347908102e-02	-8.5355553920e-03	6.2183324712e-05	3.7025008387e-05
3.6900000000e+02	1.4384935710e-02	-8.5977889793e-03	6.2283806745e-05	3.7030199663e-05
3.7000000000e+02	1.4421968488e-02	-8.6601229195e-03	6.2384030830e-05	3.7035349883e-05
3.7100000000e+02	1.4459006396e-02	-8.7225569554e-03	6.2483998251e-05	3.7040459476e-05
3.7200000000e+02	1.4496049393e-02	-8.7850908309e-03	6.2583710280e-05	3.7045528865e-05
3.7300000000e+02	1.4533097440e-02	-8.8477242913e-03	6.2683168181e-05	3.7050558468e-05
3.7400000000e+02	1.4570150497e-02	-8.9104570830e-03	6.2782373209e-05	3.7055548698e-05
3.7500000000e+02	1.4607208525e-02	-8.9732889538e-03	6.2881326609e-05	3.7060499963e-05
3.7600000000e+02	1.4644271484e-02	-9.0362196527e-03	6.2980029619e-05	3.7065412665e-05
3.7700000000e+02	1.4681339337e-02	-9.0992489300e-03	6.3078483467e-05	3.7070287200e-05
3.7800000000e+02	1.4718412046e-02	-9.1623765370e-03	6.3176689373e-05	3.7075123962e-05
3.7900000000e+02	1.4755489573e-02	-9.2256022265e-03	6.3274648547e-05	3.7079923336e-05
3.8000000000e+02	1.4792571880e-02	-9.2889257523e-03	6.3372362191e-05	3.7084685706e-05
3.8100000000e+02	1.4829658932e-02	-9.3523468694e-03	6.3469831500e-05	3.7089411448e-05
3.8200000000e+02	1.4866750691e-02	-9.4158653342e-03	6.3567057658e-05	3.7094100935e-05
3.8300000000e+02	1.4903847122e-02	-9.4794809041e-03	6.3664041843e-05	3.7098754535e-05
3.8400000000e+02	1.4940948188e-02	-9.5431933376e-03	6.3760785224e-05	3.7103372611e-05
3.8500000000e+02	1.4978053855e-02	-9.6070023947e-03	6.3857288961e-05	3.7107955521e-05
3.8600000000e+02	1.5015164088e-02	-9.6709078361e-03	6.3953554207e-05	3.7112503620e-05
3.8700000000e+02	1.5052278851e-02	-9.7349094240e-03	6.4049582106e-05	3.7117017257e-05
3.8800000000e+02	1.5089398111e-02	-9.7990069215e-03	6.4145373795e-05	3.7121496778e-05
3.8900000000e+02	1.5126521833e-02	-9.8632000932e-03	6.4240930402e-05	3.7125942524e-05
3.9000000000e+02	1.5163649985e-02	-9.9274887044e-03	6.4336253049e-05	3.7130354831e-05
3.9100000000e+02	1.5200782532e-02	-9.9918725217e-03	6.4431342848e-05	3.7134734033e-05
3.9200000000e+02	1.5237919442e-02	-1.0056351313e-02	6.4526200905e-05	3.7139080458e-05
3.9300000000e+02	1.5275060682e-02	-1.0120924847e-02	6.4620828317e-05	3.7143394430e-05
3.9400000000e+02	1.5312206220e-02	-1.0185592893e-02	6.4715226175e-05	3.7147676271e-05
3.9500000000e+02	1.5349356024e-02	-1.0250355223e-02	6.4809395561e-05	3.7151926296e-05
3.9600000000e+02	1.5386510062e-02	-1.0315211608e-02	6.4903337552e-05	3.7156144818e-05
3.9700000000e+02	1.5423668303e-02	-1.0380161822e-02	6.4997053213e-05	3.7160332147e-05
3.9800000000e+02	1.5460830716e-02	-1.0445205640e-02	6.5090543607e-05	3.7164488587e-05
3.9900000000e+02	1.5497997270e-02	-1.0510342835e-02	6.5183809787e-05	3.7168614441e-05
4.0000000000e+02	1.5535167935e-02	-1.0575573185e-02	6.5276852799e-05	3.7172710005e-05
4.0100000000e+02	1.5572342680e-02	-1.0640896466e-02	6.5369673683e-05	3.7176775574e-05
4.0200000000e+02	1.5609521476e-02	-1.0706312458e-02	6.5462273469e-05	3.7180811439e-05
4.0300000000e+02	1.5646704293e-02	-1.0771820940e-02	6.5554653185e-05	3.7184817887e-05
4.0400000000e+02	1.5683891102e-02	-1.0837421692e-02	6.5646813847e-05	3.7188795201e-05
4.0500000000e+02	1.5721081874e-02	-1.0903114495e-02	6.5738756467e-05	3.7192743663e-05
4.0600000000e+02	1.5758276580e-02	-1.0968899132e-02	6.5830482050e-05	3.7196663549e-05
4.0700000000e+02	1.5795475192e-02	-1.1034775387e-02	6.5921991594e-05	3.7200555133e-05
4.0800000000e+02	1.5832677681e-02	-1.1100743044e-02	6.6013286090e-05	3.7204418684e-05
4.0900000000e+02	1.5869884020e-02	-1.1166801888e-02	6.6104366523e-05	3.7208254472e-05
4.1000000000e+02	1.5907094181e-02	-1.1232951706e-02	6.6195233870e-05	3.7212062759e-05
4.1100000000e+02	1.5944308136e-02	-1.1299192285e-02	6.6285889103e-05	3.7215843806e-05
4.1200000000e+02	1.5981525859e-02	-1.1365523414e-02	6.6376333187e-05	3.7219597872e-05
4.1300000000e+02	1.6018747323e-02	-1.1431944881e-02	6.6466567081e-05	3.7223325211e-05
4.1400000000e+02	1.6055972501e-02	-1.1498456478e-02	6.6556591737e-05	3.7227026075e-05
4.1500000000e+02	1.6093201367e-02	-1.1565057995e-02	6.6646408101e-05	3.7230700714e-05
4.1600000000e+02	1.6130433894e-02	-1.1631749225e-02	6.6736017113e-05	3.7234349372e-05
4.1700000000e+02	1.6167670057e-02	-1.1698529961e-02	6.6825419706e-05	3.7237972294e-05
4.1800000000e+02	1.6204909830e-02	-1.1765399996e-02	6.6914616809e-05	3.7241569720e-05
4.1900000000e+02	1.6242153188e-02	-1.1832359126e-02	6.7003609341e-05	3.7245141887e-05
4.2000000000e+02	1.6279400105e-02	-1.1899407147e-02	6.7092398220e-05	3.7248689030e-05
4.2100000000e+02	1.6316650558e-02	-1.1966543855e-02	6.7180984353e-05	3.7252211381e-05
4.2200000000e+02	1.6353904520e-02	-1.2033769048e-02	6.7269368645e-05	3.7255709169e-05
4.2300000000e+02	1.6391161968e-02	-1.2101082525e-02	6.7357551993e-05	3.7259182622e-05
4.2400000000e+02	1.6428422877e-02	-1.2168484086e-02	6.7445535289e-05	3.7262631963e-05
4.2500000000e+02	1.6465687224e-02	-1.2235973530e-02	6.7533319420e-05	3.7266057415e-05
4.2600000000e+02	1.6502954984e-02	-1.2303550658e-02	6.7620905264e-05	3.7269459196e-05
4.2700000000e+02	1.6540226134e-02	-1.2371215274e-02	6.7708293697e-05	3.7272837523e-05
4.2800000000e+02	1.6577500651e-02	-1.2438967180e-02	6.7795485588e-05	3.7276192610e-05
4.2900000000e+02	1.6614778512e-02	-1.2506806180e-02	6.7882481800e-05	3.7279524668e-05
4.3000000000e+02	1.6652059693e-02	-1.2574732079e-02	6.7969283191e-05	3.7282833908e-05
4.3100000000e+02	1.6689344172e-02	-1.2642744682e-02	6.8055890613e-05	3.7286120536e-05
4.3200000000e+02	1.6726631927e-02	-1.2710843796e-02	6.8142304913e-05	3.7289384756e-05
4.3300000000e+02	1.6763922934e-02	-1.2779029228e-02	6.8228526933e-05	3.7292626771e-05
4.3400000000e+02	1.6801217173e-02	-1.2847300786e-02	6.8314557508e-05	3.7295846782e-05
4.3500000000e+02	1.6838514621e-02	-1.2915658279e-02	6.8400397471e-05	3.7299044985e-05
4.3600000000e+02	1.6875815256e-02	-1.2984101518e-02	6.8486047645e-05	3.7302221577e-05
4.3700000000e+02	1.6913119057e-02	-1.3052630311e-02	6.8571508851e-05	3.7305376751e-05
4.3800000000e+02	1.6950426002e-02	-1.3121244473e-02	6.8656781905e-05	3.7308510698e-05
4.3900000000e+02	1.6987736071e-02	-1.3189943813e-02	6.8741867617e-05	3.7311623607e-05
4.4000000000e+02	1.7025049242e-02	-1.3258728146e-02	6.8826766791e-05	3.7314715666e-05
4.4100000000e+02	1.7062365495e-02	-1.3327597285e-02	6.8911480226e-05	3.7317787060e-05
4.4200000000e+02	1.7099684810e-02	-1.3396551044e-02	6.8996008719e-05	3.7320837971e-05
4.4300000000e+02	1.7137007165e-02	-1.3465589241e-02	6.9080353059e-05	3.7323868580e-05
4.4400000000e+02	1.7174332540e-02	-1.3534711689e-02	6.9164514030e-05	3.7326879067e-05
4.4500000000e+02	1.7211660916e-02	-1.3603918208e-02	6.9248492413e-05	3.7329869608e-05
4.4600000000e+02	1.7248992273e-02	-1.3673208614e-02	6.9332288983e-05	3.7332840378e-05
4.4700000000e+02	1.7286326590e-02	-1.3742582725e-02	6.9415904509e-05	3.7335791552e-05
4.4800000000e+02	1.7323663849e-02	-1.3812040363e-02	6.9499339758e-05	3.7338723299e-05
4.4900000000e+02	1.7361004030e-02	-1.3881581345e-02	6.9582595491e-05	3.7341635789e-05
4.5000000000e+02	1.7398347114e-02	-1.3951205494e-02	6.9665672463e-05	3.7344529191e-05
4.5100000000e+02	1.7435693082e-02	-1.4020912631e-02	6.9748571426e-05	3.7347403669e-05
4.5200000000e+02	1.7473041916e-02	-1.4090702578e-02	6.9831293127e-05	3.7350259388e-05
4.5300000000e+02	1.7510393595e-02	-1.4160575158e-02	6.9913838307e-05	3.7353096510e-05
4.5400000000e+02	1.7547748102e-02	-1.4230530196e-02	6.9996207705e-05	3.7355915196e-05
4.5500000000e+02	1.7585105419e-02	-1.4300567515e-02	7.0078402054e-05	3.7358715604e-05
4.5600000000e+02	1.7622465528e-02	-1.4370686942e-02	7.0160422082e-05	3.7361497890e-05
4.5700000000e+02	1.7659828409e-02	-1.4440888301e-02	7.0242268513e-05	3.7364262212e-05
4.5800000000e+02	1.7697194046e-02	-1.4511171421e-02	7.0323942068e-05	3.7367008722e-05
4.5900000000e+02	1.7734562421e-02	-1.4581536128e-02	7.0405443462e-05	3.7369737573e-05
4.6000000000e+02	1.7771933515e-02	-1.4651982251e-02	7.0486773405e-05	3.7372448914e-05
4.6100000000e+02	1.7809307313e-02	-1.4722509618e-02	7.0567932605e-05	3.7375142895e-05
4.6200000000e+02	1.7846683795e-02	-1.4793118059e-02	7.0648921764e-05	3.7377819664e-05
4.6300000000e+02	1.7884062946e-02	-1.4863807405e-02	7.0729741580e-05	3.7380479365e-05
4.6400000000e+02	1.7921444749e-02	-1.4934577486e-02	7.0810392748e-05	3.7383122144e-05
4.6500000000e+02	1.7958829185e-02	-1.5005428135e-02	7.0890875956e-05	3.7385748143e-05
4.6600000000e+02	1.7996216239e-02	-1.5076359183e-02	7.0971191892e-05	3.7388357502e-05
4.6700000000e+02	1.8033605895e-02	-1.5147370463e-02	7.1051341237e-05	3.7390950363e-05
4.6800000000e+02	1.8070998135e-02	-1.5218461810e-02	7.1131324667e-05	3.7393526863e-05
4.6900000000e+02	1.8108392943e-02	-1.5289633057e-02	7.1211142857e-05	3.7396087138e-05
4.7000000000e+02	1.8145790303e-02	-1.5360884041e-02	7.1290796477e-05	3.7398631325e-05
4.7100000000e+02	1.8183190200e-02	-1.5432214595e-02	7.1370286191e-05	3.7401159558e-05
4.7200000000e+02	1.8220592617e-02	-1.5503624558e-02	7.1449612661e-05	3.7403671969e-05
4.7300000000e+02	1.8257997539e-02	-1.5575113767e-02	7.1528776545e-05	3.7406168689e-05
4.7400000000e+02	1.8295404950e-02	-1.5646682058e-02	7.1607778496e-05	3.7408649848e-05
4.7500000000e+02	1.8332814834e-02	-1.5718329270e-02	7.1686619165e-05	3.7411115575e-05
4.7600000000e+02	1.8370227176e-02	-1.5790055242e-02	7.1765299197e-05	3.7413565997e-05
4.7700000000e+02	1.8407641960e-02	-1.5861859815e-02	7.1843819236e-05	3.7416001240e-05
4.7800000000e+02	1.8445059173e-02	-1.5933742828e-02	7.1922179918e-05	3.7418421429e-05
4.7900000000e+02	1.8482478798e-02	-1.6005704122e-02	7.2000381879e-05	3.7420826687e-05
4.8000000000e+02	1.8519900821e-02	-1.6077743539e-02	7.2078425751e-05	3.7423217136e-05
4.8100000000e+02	1.8557325228e-02	-1.6149860921e-02	7.2156312159e-05	3.7425592897e-05
4.8200000000e+02	1.8594752002e-02	-1.6222056111e-02	7.2234041729e-05	3.7427954090e-05
4.8300000000e+02	1.8632181131e-02	-1.6294328952e-02	7.2311615079e-05	3.7430300833e-05
4.8400000000e+02	1.8669612599e-02	-1.6366679289e-02	7.2389032827e-05	3.7432633244e-05
4.8500000000e+02	1.8707046393e-02	-1.6439106966e-02	7.2466295586e-05	3.7434951438e-05
4.8600000000e+02	1.8744482497e-02	-1.6511611829e-02	7.2543403964e-05	3.7437255531e-05
4.8700000000e+02	1.8781920899e-02	-1.6584193723e-02	7.2620358567e-05	3.7439545635e-05
4.8800000000e+02	1.8819361584e-02	-1.6656852495e-02	7.2697159998e-05	3.7441821865e-05
4.8900000000e+02	1.8856804538e-02	-1.6729587992e-02	7.2773808856e-05	3.7444084330e-05
4.9000000000e+02	1.8894249748e-02	-1.6802400062e-02	7.2850305735e-05	3.7446333143e-05
4.9100000000e+02	1.8931697200e-02	-1.6875288553e-02	7.2926651228e-05	3.7448568411e-05
4.9200000000e+02	1.8969146881e-02	-1.6948253314e-02	7.3002845924e-05	3.7450790243e-05
4.9300000000e+02	1.9006598776e-02	-1.7021294195e-02	7.3078890408e-05	3.7452998746e-05
4.9400000000e+02	1.9044052874e-02	-1.7094411045e-02	7.3154785261e-05	3.7455194027e-05
4.9500000000e+02	1.9081509160e-02	-1.7167603716e-02	7.3230531062e-05	3.7457376190e-05
4.9600000000e+02	1.9118967622e-02	-1.7240872058e-02	7.3306128386e-05	3.7459545339e-05
4.9700000000e+02	1.9156428246e-02	-1.7314215923e-02	7.3381577806e-05	3.7461701577e-05
4.9800000000e+02	1.9193891021e-02	-1.7387635164e-02	7.3456879889e-05	3.7463845006e-05
4.9900000000e+02	1.9231355932e-02	-1.7461129634e-02	7.3532035202e-05	3.7465975727e-05
5.0000000000e+02	1.9268822968e-02	-1.7534699186e-02	7.3607044307e-05	3.7468093840e-05
5.0100000000e+02	1.9306292116e-02	-1.7608343674e-02	7.3681907764e-05	3.7470199443e-05
5.0200000000e+02	1.9343763363e-02	-1.7682062953e-02	7.3756626127e-05	3.7472292636e-05
5.0300000000e+02	1.9381236697e-02	-1.7755856878e-02	7.3831199950e-05	3.7474373514e-05
5.0400000000e+02	1.9418712106e-02	-1.7829725305e-02	7.3905629783e-05	3.7476442174e-05
5.0500000000e+02	1.9456189577e-02	-1.7903668090e-02	7.3979916172e-05	3.7478498712e-05
5.0600000000e+02	1.9493669099e-02	-1.7977685090e-02	7.4054059661e-05	3.7480543220e-05
5.0700000000e+02	1.9531150659e-02	-1.8051776162e-02	7.4128060791e-05	3.7482575794e-05
5.0800000000e+02	1.9568634247e-02	-1.8125941164e-02	7.4201920100e-05	3.7484596524e-05
5.0900000000e+02	1.9606119849e-02	-1.8200179955e-02	7.4275638121e-05	3.7486605503e-05
5.1000000000e+02	1.9643607454e-02	-1.8274492393e-02	7.4349215386e-05	3.7488602822e-05
5.1100000000e+02	1.9681097050e-02	-1.8348878339e-02	7.4422652425e-05	3.7490588569e-05
5.1200000000e+02	1.9718588627e-02	-1.8423337652e-02	7.4495949763e-05	3.7492562834e-05
5.1300000000e+02	1.9756082172e-02	-1.8497870192e-02	7.4569107923e-05	3.7494525706e-05
5.1400000000e+02	1.9793577675e-02	-1.8572475821e-02	7.4642127424e-05	3.7496477271e-05
5.1500000000e+02	1.9831075123e-02	-1.8647154401e-02	7.4715008784e-05	3.7498417615e-05
5.1600000000e+02	1.9868574506e-02	-1.8721905793e-02	7.4787752518e-05	3.7500346825e-05
5.1700000000e+02	1.9906075813e-02	-1.8796729860e-02	7.4860359136e-05	3.7502264985e-05
5.1800000000e+02	1.9943579032e-02	-1.8871626466e-02	7.4932829147e-05	3.7504172179e-05
5.1900000000e+02	1.9981084154e-02	-1.8946595473e-02	7.5005163057e-05	3.7506068490e-05
5.2000000000e+02	2.0018591166e-02	-1.9021636747e-02	7.5077361370e-05	3.7507954001e-05
5.2100000000e+02	2.0056100058e-02	-1.9096750151e-02	7.5149424585e-05	3.7509828792e-05
5.2200000000e+02	2.0093610820e-02	-1.9171935551e-02	7.5221353201e-05	3.7511692946e-05
5.2300000000e+02	2.0131123441e-02	-1.9247192812e-02	7.5293147711e-05	3.7513546543e-05
5.2400000000e+02	2.0168637910e-02	-1.9322521802e-02	7.5364808609e-05	3.7515389660e-05
5.2500000000e+02	2.0206154216e-02	-1.9397922385e-02	7.5436336384e-05	3.7517222378e-05
5.2600000000e+02	2.0243672351e-02	-1.9473394430e-02	7.5507731523e-05	3.7519044774e-05
5.2700000000e+02	2.0281192303e-02	-1.9548937804e-02	7.5578994510e-05	3.7520856925e-05
5.2800000000e+02	2.0318714061e-02	-1.9624552375e-02	7.5650125827e-05	3.7522658907e-05
5.2900000000e+02	2.0356237617e-02	-1.9700238012e-02	7.5721125953e-05	3.7524450796e-05
5.3000000000e+02	2.0393762960e-02	-1.9775994584e-02	7.5791995365e-05	3.7526232668e-05
5.3100000000e+02	2.0431290079e-02	-1.9851821960e-02	7.5862734536e-05	3.7528004597e-05
5.3200000000e+02	2.0468818965e-02	-1.9927720010e-02	7.5933343938e-05	3.7529766655e-05
5.3300000000e+02	2.0506349609e-02	-2.0003688604e-02	7.6003824040e-05	3.7531518917e-05
5.3400000000e+02	2.0543882000e-02	-2.0079727615e-02	7.6074175309e-05	3.7533261454e-05
5.3500000000e+02	2.0581416129e-02	-2.0155836912e-02	7.6144398207e-05	3.7534994339e-05
5.3600000000e+02	2.0618951986e-02	-2.0232016369e-02	7.6214493198e-05	3.7536717641e-05
5.3700000000e+02	2.0656489561e-02	-2.0308265856e-02	7.6284460739e-05	3.7538431431e-05
5.3800000000e+02	2.0694028845e-02	-2.0384585248e-02	7.6354301288e-05	3.7540135780e-05
5.3900000000e+02	2.0731569829e-02	-2.0460974416e-02	7.6424015298e-05	3.7541830756e-05
5.4000000000e+02	2.0769112504e-02	-2.0537433236e-02	7.6493603222e-05	3.7543516427e-05
5.4100000000e+02	2.0806656859e-02	-2.0613961581e-02	7.6563065508e-05	3.7545192861e-05
5.4200000000e+02	2.0844202886e-02	-2.0690559326e-02	7.6632402605e-05	3.7546860126e-05
5.4300000000e+02	2.0881750576e-02	-2.0767226345e-02	7.6701614956e-05	3.7548518288e-05
5.4400000000e+02	2.0919299920e-02	-2.0843962514e-02	7.6770703003e-05	3.7550167413e-05
5.4500000000e+02	2.0956850908e-02	-2.0920767709e-02	7.6839667188e-05	3.7551807566e-05
5.4600000000e+02	2.0994403532e-02	-2.0997641807e-02	7.6908507947e-05	3.7553438812e-05
5.4700000000e+02	2.1031957783e-02	-2.1074584684e-02	7.6977225717e-05	3.7555061216e-05
5.4800000000e+02	2.1069513652e-02	-2.1151596218e-02	7.7045820929e-05	3.7556674840e-05
5.4900000000e+02	2.1107071130e-02	-2.1228676285e-02	7.7114294016e-05	3.7558279748e-05
5.5000000000e+02	2.1144630208e-02	-2.1305824765e-02	7.7182645406e-05	3.7559876003e-05
5.5100000000e+02	2.1182190879e-02	-2.1383041536e-02	7.7250875525e-05	3.7561463667e-05
5.5200000000e+02	2.1219753133e-02	-2.1460326476e-02	7.7318984798e-05	3.7563042800e-05
5.5300000000e+02	2.1257316961e-02	-2.1537679465e-02	7.7386973647e-05	3.7564613463e-05
5.5400000000e+02	2.1294882357e-02	-2.1615100383e-02	7.7454842491e-05	3.7566175718e-05
5.5500000000e+02	2.1332449310e-02	-2.1692589110e-02	7.7522591749e-05	3.7567729623e-05
5.5600000000e+02	2.1370017813e-02	-2.1770145527e-02	7.7590221835e-05	3.7569275239e-05
5.5700000000e+02	2.1407587858e-02	-2.1847769514e-02	7.7657733164e-05	3.7570812623e-05
5.5800000000e+02	2.1445159436e-02	-2.1925460954e-02	7.7725126147e-05	3.7572341833e-05
5.5900000000e+02	2.1482732539e-02	-2.2003219727e-02	7.7792401192e-05	3.7573862929e-05
5.6000000000e+02	2.1520307159e-02	-2.2081045717e-02	7.7859558707e-05	3.7575375965e-05
5.6100000000e+02	2.1557883288e-02	-2.2158938806e-02	7.7926599098e-05	3.7576881001e-05
5.6200000000e+02	2.1595460918e-02	-2.2236898876e-02	7.7993522767e-05	3.7578378090e-05
5.6300000000e+02	2.1633040042e-02	-2.2314925813e-02	7.8060330114e-05	3.7579867290e-05
5.6400000000e+02	2.1670620650e-02	-2.2393019498e-02	7.8127021540e-05	3.7581348656e-05
5.6500000000e+02	2.1708202736e-02	-2.2471179817e-02	7.8193597440e-05	3.7582822241e-05
5.6600000000e+02	2.1745786292e-02	-2.2549406655e-02	7.8260058210e-05	3.7584288101e-05
5.6700000000e+02	2.1783371310e-02	-2.2627699895e-02	7.8326404242e-05	3.7585746289e-05
5.6800000000e+02	2.1820957782e-02	-2.2706059425e-02	7.8392635928e-05	3.7587196859e-05
5.6900000000e+02	2.1858545701e-02	-2.2784485129e-02	7.8458753656e-05	3.7588639863e-05
5.7000000000e+02	2.1896135059e-02	-2.2862976894e-02	7.8524757814e-05	3.7590075353e-05
5.7100000000e+02	2.1933725849e-02	-2.2941534607e-02	7.8590648786e-05	3.7591503382e-05
5.7200000000e+02	2.1971318064e-02	-2.3020158154e-02	7.8656426955e-05	3.7592924002e-05
5.7300000000e+02	2.2008911695e-02	-2.3098847424e-02	7.8722092702e-05	3.7594337262e-05
5.7400000000e+02	2.2046506736e-02	-2.3177602302e-02	7.8787646408e-05	3.7595743214e-05
5.7500000000e+02	2.2084103179e-02	-2.3256422679e-02	7.8853088449e-05	3.7597141909e-05
5.7600000000e+02	2.2121701017e-02	-2.3335308442e-02	7.8918419200e-05	3.7598533395e-05
5.7700000000e+02	2.2159300243e-02	-2.3414259481e-02	7.8983639036e-05	3.7599917722e-05
5.7800000000e+02	2.2196900850e-02	-2.3493275683e-02	7.9048748328e-05	3.7601294939e-05
5.7900000000e+02	2.2234502831e-02	-2.3572356941e-02	7.9113747446e-05	3.7602665094e-05
5.8000000000e+02	2.2272106178e-02	-2.3651503142e-02	7.9178636758e-05	3.7604028236e-05
5.8100000000e+02	2.2309710885e-02	-2.3730714178e-02	7.9243416631e-05	3.7605384412e-05
5.8200000000e+02	2.2347316945e-02	-2.3809989939e-02	7.9308087428e-05	3.7606733670e-05
5.8300000000e+02	2.2384924350e-02	-2.3889330316e-02	7.9372649513e-05	3.7608076055e-05
5.8400000000e+02	2.2422533095e-02	-2.3968735202e-02	7.9437103247e-05	3.7609411616e-05
5.8500000000e+02	2.2460143171e-02	-2.4048204487e-02	7.9501448988e-05	3.7610740398e-05
5.8600000000e+02	2.2497754573e-02	-2.4127738064e-02	7.9565687093e-05	3.7612062446e-05
5.8700000000e+02	2.2535367294e-02	-2.4207335825e-02	7.9629817920e-05	3.7613377806e-05
5.8800000000e+02	2.2572981326e-02	-2.4286997664e-02	7.9693841820e-05	3.7614686522e-05
5.8900000000e+02	2.2610596665e-02	-2.4366723473e-02	7.9757759147e-05	3.7615988641e-05
5.9000000000e+02	2.2648213302e-02	-2.4446513147e-02	7.9821570251e-05	3.7617284204e-05
5.9100000000e+02	2.2685831231e-02	-2.4526366578e-02	7.9885275481e-05	3.7618573257e-05
5.9200000000e+02	2.2723450446e-02	-2.4606283663e-02	7.9948875183e-05	3.7619855843e-05
5.9300000000e+02	2.2761070940e-02	-2.4686264294e-02	8.0012369703e-05	3.7621132005e-05
5.9400000000e+02	2.2798692708e-02	-2.4766308367e-02	8.0075759385e-05	3.7622401785e-05
5.9500000000e+02	2.2836315742e-02	-2.4846415778e-02	8.0139044571e-05	3.7623665227e-05
5.9600000000e+02	2.2873940036e-02	-2.4926586421e-02	8.0202225600e-05	3.7624922371e-05
5.9700000000e+02	2.2911565584e-02	-2.5006820194e-02	8.0265302812e-05	3.7626173260e-05
5.9800000000e+02	2.2949192381e-02	-2.5087116993e-02	8.0328276544e-05	3.7627417936e-05
5.9900000000e+02	2.2986820418e-02	-2.5167476713e-02	8.0391147131e-05	3.7628656438e-05
6.0000000000e+02	2.3024449691e-02	-2.5247899253e-02	8.0453914907e-05	3.7629888808e-05
6.0100000000e+02	2.3062080194e-02	-2.5328384509e-02	8.0516580204e-05	3.7631115086e-05
6.0200000000e+02	2.3099711920e-02	-2.5408932379e-02	8.0579143353e-05	3.7632335312e-05
6.0300000000e+02	2.3137344862e-02	-2.5489542761e-02	8.0641604683e-05	3.7633549526e-05
6.0400000000e+02	2.3174979017e-02	-2.5570215554e-02	8.0703964522e-05	3.7634757766e-05
6.0500000000e+02	2.3212614376e-02	-2.5650950657e-02	8.0766223195e-05	3.7635960073e-05
6.0600000000e+02	2.3250250935e-02	-2.5731747967e-02	8.0828381026e-05	3.7637156485e-05
6.0700000000e+02	2.3287888687e-02	-2.5812607385e-02	8.0890438340e-05	3.7638347040e-05
6.0800000000e+02	2.3325527627e-02	-2.5893528810e-02	8.0952395456e-05	3.7639531776e-05
6.0900000000e+02	2.3363167749e-02	-2.5974512143e-02	8.1014252695e-05	3.7640710731e-05
6.1000000000e+02	2.3400809047e-02	-2.6055557283e-02	8.1076010376e-05	3.7641883943e-05
6.1100000000e+02	2.3438451515e-02	-2.6136664131e-02	8.1137668814e-05	3.7643051448e-05
6.1200000000e+02	2.3476095148e-02	-2.6217832587e-02	8.1199228325e-05	3.7644213284e-05
6.1300000000e+02	2.3513739939e-02	-2.6299062554e-02	8.1260689223e-05	3.7645369486e-05
6.1400000000e+02	2.3551385885e-02	-2.6380353933e-02	8.1322051820e-05	3.7646520093e-05
6.1500000000e+02	2.3589032978e-02	-2.6461706625e-02	8.1383316428e-05	3.7647665138e-05
6.1600000000e+02	2.3626681213e-02	-2.6543120533e-02	8.1444483354e-05	3.7648804659e-05
6.1700000000e+02	2.3664330585e-02	-2.6624595560e-02	8.1505552909e-05	3.7649938690e-05
6.1800000000e+02	2.3701981089e-02	-2.6706131607e-02	8.1566525397e-05	3.7651067267e-05
6.1900000000e+02	2.3739632718e-02	-2.6787728578e-02	8.1627401124e-05	3.7652190424e-05
6.2000000000e+02	2.3777285468e-02	-2.6869386377e-02	8.1688180394e-05	3.7653308196e-05
6.2100000000e+02	2.3814939333e-02	-2.6951104907e-02	8.1748863509e-05	3.7654420618e-05
6.2200000000e+02	2.3852594307e-02	-2.7032884072e-02	8.1809450770e-05	3.7655527723e-05
6.2300000000e+02	2.3890250386e-02	-2.7114723777e-02	8.1869942476e-05	3.7656629545e-05
6.2400000000e+02	2.3927907564e-02	-2.7196623925e-02	8.1930338926e-05	3.7657726117e-05
6.2500000000e+02	2.3965565837e-02	-2.7278584423e-02	8.1990640415e-05	3.7658817474e-05
6.2600000000e+02	2.4003225198e-02	-2.7360605174e-02	8.2050847240e-05	3.7659903647e-05
6.2700000000e+02	2.4040885642e-02	-2.7442686086e-02	8.2110959694e-05	3.7660984669e-05
6.2800000000e+02	2.4078547165e-02	-2.7524827062e-02	8.2170978070e-05	3.7662060574e-05
6.2900000000e+02	2.4116209762e-02	-2.7607028011e-02	8.2230902659e-05	3.7663131392e-05
6.3000000000e+02	2.4153873426e-02	-2.7689288837e-02	8.2290733751e-05	3.7664197157e-05
6.3100000000e+02	2.4191538154e-02	-2.7771609447e-02	8.2350471635e-05	3.7665257899e-05
6.3200000000e+02	2.4229203941e-02	-2.7853989749e-02	8.2410116597e-05	3.7666313651e-05
6.3300000000e+02	2.4266870780e-02	-2.7936429649e-02	8.2469668925e-05	3.7667364443e-05
6.3400000000e+02	2.4304538668e-02	-2.8018929056e-02	8.2529128902e-05	3.7668410306e-05
6.3500000000e+02	2.4342207599e-02	-2.8101487876e-02	8.2588496812e-05	3.7669451272e-05
6.3600000000e+02	2.4379877569e-02	-2.8184106019e-02	8.2647772937e-05	3.7670487370e-05
6.3700000000e+02	2.4417548572e-02	-2.8266783392e-02	8.2706957557e-05	3.7671518630e-05
6.3800000000e+02	2.4455220604e-02	-2.8349519904e-02	8.2766050953e-05	3.7672545084e-05
6.3900000000e+02	2.4492893661e-02	-2.8432315463e-02	8.2825053402e-05	3.7673566759e-05
6.4000000000e+02	2.4530567736e-02	-2.8515169980e-02	8.2883965182e-05	3.7674583687e-05
6.4100000000e+02	2.4568242827e-02	-2.8598083364e-02	8.2942786568e-05	3.7675595897e-05
6.4200000000e+02	2.4605918927e-02	-2.8681055523e-02	8.3001517835e-05	3.7676603417e-05
6.4300000000e+02	2.4643596032e-02	-2.8764086369e-02	8.3060159255e-05	3.7677606276e-05
6.4400000000e+02	2.4681274138e-02	-2.8847175812e-02	8.3118711102e-05	3.7678604503e-05
6.4500000000e+02	2.4718953239e-02	-2.8930323762e-02	8.3177173645e-05	3.7679598127e-05
6.4600000000e+02	2.4756633332e-02	-2.9013530130e-02	8.3235547155e-05	3.7680587175e-05
6.4700000000e+02	2.4794314412e-02	-2.9096794827e-02	8.3293831899e-05	3.7681571676e-05
6.4800000000e+02	2.4831996474e-02	-2.9180117764e-02	8.3352028145e-05	3.7682551657e-05
6.4900000000e+02	2.4869679514e-02	-2.9263498853e-02	8.3410136159e-05	3.7683527147e-05
6.5000000000e+02	2.4907363527e-02	-2.9346938007e-02	8.3468156206e-05	3.7684498171e-05
6.5100000000e+02	2.4945048509e-02	-2.9430435137e-02	8.3526088549e-05	3.7685464758e-05
6.5200000000e+02	2.4982734455e-02	-2.9513990155e-02	8.3583933451e-05	3.7686426935e-05
6.5300000000e+02	2.5020421361e-02	-2.9597602974e-02	8.3641691172e-05	3.7687384728e-05
6.5400000000e+02	2.5058109223e-02	-2.9681273508e-02	8.3699361974e-05	3.7688338163e-05
6.5500000000e+02	2.5095798036e-02	-2.9765001669e-02	8.3756946115e-05	3.7689287268e-05
6.5600000000e+02	2.5133487796e-02	-2.9848787372e-02	8.3814443853e-05	3.7690232067e-05
6.5700000000e+02	2.5171178499e-02	-2.9932630528e-02	8.3871855445e-05	3.7691172588e-05
6.5800000000e+02	2.5208870140e-02	-3.0016531054e-02	8.3929181146e-05	3.7692108856e-05
6.5900000000e+02	2.5246562715e-02	-3.0100488862e-02	8.3986421210e-05	3.7693040896e-05
6.6000000000e+02	2.5284256220e-02	-3.0184503868e-02	8.4043575891e-05	3.7693968734e-05
6.6100000000e+02	2.5321950651e-02	-3.0268575986e-02	8.4100645441e-05	3.7694892395e-05
6.6200000000e+02	2.5359646004e-02	-3.0352705130e-02	8.4157630112e-05	3.7695811904e-05
6.6300000000e+02	2.5397342274e-02	-3.0436891218e-02	8.4214530153e-05	3.7696727286e-05
6.6400000000e+02	2.5435039457e-02	-3.0521134163e-02	8.4271345813e-05	3.7697638565e-05
6.6500000000e+02	2.5472737549e-02	-3.0605433881e-02	8.4328077339e-05	3.7698545766e-05
6.6600000000e+02	2.5510436547e-02	-3.0689790289e-02	8.4384724980e-05	3.7699448913e-05
6.6700000000e+02	2.5548136446e-02	-3.0774203303e-02	8.4441288979e-05	3.7700348030e-05
6.6800000000e+02	2.5585837242e-02	-3.0858672840e-02	8.4497769583e-05	3.7701243142e-05
6.6900000000e+02	2.5623538931e-02	-3.0943198815e-02	8.4554167034e-05	3.7702134271e-05
6.7000000000e+02	2.5661241509e-02	-3.1027781146e-02	8.4610481575e-05	3.7703021441e-05
6.7100000000e+02	2.5698944972e-02	-3.1112419750e-02	8.4666713447e-05	3.7703904676e-05
6.7200000000e+02	2.5736649317e-02	-3.1197114545e-02	8.4722862890e-05	3.7704783999e-05
6.7300000000e+02	2.5774354539e-02	-3.1281865449e-02	8.4778930145e-05	3.7705659433e-05
6.7400000000e+02	2.5812060635e-02	-3.1366672378e-02	8.4834915450e-05	3.7706531001e-05
6.7500000000e+02	2.5849767600e-02	-3.1451535252e-02	8.4890819040e-05	3.7707398725e-05
6.7600000000e+02	2.5887475431e-02	-3.1536453989e-02	8.4946641154e-05	3.7708262628e-05
6.7700000000e+02	2.5925184124e-02	-3.1621428508e-02	8.5002382026e-05	3.7709122733e-05
6.7800000000e+02	2.5962893675e-02	-3.1706458726e-02	8.5058041890e-05	3.7709979061e-05
6.7900000000e+02	2.6000604081e-02	-3.1791544564e-02	8.5113620980e-05	3.7710831634e-05
6.8000000000e+02	2.6038315337e-02	-3.1876685941e-02	8.5169119527e-05	3.7711680475e-05
6.8100000000e+02	2.6076027440e-02	-3.1961882777e-02	8.5224537764e-05	3.7712525606e-05
6.8200000000e+02	2.6113740387e-02	-3.2047134990e-02	8.5279875920e-05	3.7713367047e-05
6.8300000000e+02	2.6151454173e-02	-3.2132442502e-02	8.5335134224e-05	3.7714204820e-05
6.8400000000e+02	2.6189168795e-02	-3.2217805232e-02	8.5390312906e-05	3.7715038947e-05
6.8500000000e+02	2.6226884250e-02	-3.2303223101e-02	8.5445412192e-05	3.7715869448e-05
6.8600000000e+02	2.6264600533e-02	-3.2388696030e-02	8.5500432308e-05	3.7716696344e-05
6.8700000000e+02	2.6302317641e-02	-3.2474223940e-02	8.5555373480e-05	3.7717519657e-05
6.8800000000e+02	2.6340035571e-02	-3.2559806751e-02	8.5610235933e-05	3.7718339407e-05
6.8900000000e+02	2.6377754319e-02	-3.2645444385e-02	8.5665019890e-05	3.7719155614e-05
6.9000000000e+02	2.6415473881e-02	-3.2731136765e-02	8.5719725574e-05	3.7719968299e-05
6.9100000000e+02	2.6453194254e-02	-3.2816883810e-02	8.5774353205e-05	3.7720777482e-05
6.9200000000e+02	2.6490915435e-02	-3.2902685445e-02	8.5828903006e-05	3.7721583182e-05
6.9300000000e+02	2.6528637420e-02	-3.2988541591e-02	8.5883375195e-05	3.7722385421e-05
6.9400000000e+02	2.6566360205e-02	-3.3074452170e-02	8.5937769992e-05	3.7723184217e-05
6.9500000000e+02	2.6604083787e-02	-3.3160417105e-02	8.5992087614e-05	3.7723979591e-05
6.9600000000e+02	2.6641808163e-02	-3.3246436319e-02	8.6046328279e-05	3.7724771561e-05
6.9700000000e+02	2.6679533329e-02	-3.3332509736e-02	8.6100492202e-05	3.7725560148e-05
6.9800000000e+02	2.6717259282e-02	-3.3418637278e-02	8.6154579599e-05	3.7726345370e-05
6.9900000000e+02	2.6754986019e-02	-3.3504818870e-02	8.6208590684e-05	3.7727127246e-05
7.0000000000e+02	2.6792713535e-02	-3.3591054434e-02	8.6262525671e-05	3.7727905796e-05
7.0100000000e+02	2.6830441829e-02	-3.3677343896e-02	8.6316384771e-05	3.7728681038e-05
7.0200000000e+02	2.6868170896e-02	-3.3763687178e-02	8.6370168198e-05	3.7729452991e-05
7.0300000000e+02	2.6905900734e-02	-3.3850084207e-02	8.6423876161e-05	3.7730221674e-05
7.0400000000e+02	2.6943631339e-02	-3.3936534906e-02	8.6477508870e-05	3.7730987104e-05
7.0500000000e+02	2.6981362707e-02	-3.4023039200e-02	8.6531066534e-05	3.7731749300e-05
7.0600000000e+02	2.7019094836e-02	-3.4109597014e-02	8.6584549363e-05	3.7732508281e-05
7.0700000000e+02	2.7056827723e-02	-3.4196208273e-02	8.6637957562e-05	3.7733264064e-05
7.0800000000e+02	2.7094561363e-02	-3.4282872904e-02	8.6691291338e-05	3.7734016668e-05
7.0900000000e+02	2.7132295755e-02	-3.4369590831e-02	8.6744550897e-05	3.7734766109e-05
7.1000000000e+02	2.7170030894e-02	-3.4456361981e-02	8.6797736445e-05	3.7735512406e-05
7.1100000000e+02	2.7207766779e-02	-3.4543186280e-02	8.6850848183e-05	3.7736255576e-05
7.1200000000e+02	2.7245503405e-02	-3.4630063653e-02	8.6903886317e-05	3.7736995637e-05
7.1300000000e+02	2.7283240769e-02	-3.4716994028e-02	8.6956851047e-05	3.7737732606e-05
7.1400000000e+02	2.7320978869e-02	-3.4803977331e-02	8.7009742576e-05	3.7738466501e-05
7.1500000000e+02	2.7358717701e-02	-3.4891013489e-02	8.7062561104e-05	3.7739197337e-05
7.1600000000e+02	2.7396457262e-02	-3.4978102429e-02	8.7115306831e-05	3.7739925132e-05
7.1700000000e+02	2.7434197550e-02	-3.5065244078e-02	8.7167979956e-05	3.7740649904e-05
7.1800000000e+02	2.7471938561e-02	-3.5152438364e-02	8.7220580676e-05	3.7741371668e-05
7.1900000000e+02	2.7509680292e-02	-3.5239685215e-02	8.7273109190e-05	3.7742090441e-05
7.2000000000e+02	2.7547422741e-02	-3.5326984559e-02	8.7325565694e-05	3.7742806240e-05
7.2100000000e+02	2.7585165904e-02	-3.5414336323e-02	8.7377950384e-05	3.7743519081e-05
7.2200000000e+02	2.7622909778e-02	-3.5501740436e-02	8.7430263454e-05	3.7744228980e-05
7.2300000000e+02	2.7660654361e-02	-3.5589196826e-02	8.7482505099e-05	3.7744935954e-05
7.2400000000e+02	2.7698399649e-02	-3.5676705422e-02	8.7534675513e-05	3.7745640018e-05
7.2500000000e+02	2.7736145640e-02	-3.5764266153e-02	8.7586774887e-05	3.7746341189e-05
7.2600000000e+02	2.7773892331e-02	-3.5851878948e-02	8.7638803415e-05	3.7747039482e-05
7.2700000000e+02	2.7811639718e-02	-3.5939543737e-02	8.7690761286e-05	3.7747734912e-05
7.2800000000e+02	2.7849387799e-02	-3.6027260447e-02	8.7742648691e-05	3.7748427497e-05
7.2900000000e+02	2.7887136572e-02	-3.6115029011e-02	8.7794465820e-05	3.7749117250e-05
7.3000000000e+02	2.7924886033e-02	-3.6202849356e-02	8.7846212861e-05	3.7749804188e-05
7.3100000000e+02	2.7962636180e-02	-3.6290721413e-02	8.7897890003e-05	3.7750488325e-05
7.3200000000e+02	2.8000387009e-02	-3.6378645112e-02	8.7949497433e-05	3.7751169677e-05
7.3300000000e+02	2.8038138518e-02	-3.6466620385e-02	8.8001035338e-05	3.7751848259e-05
7.3400000000e+02	2.8075890704e-02	-3.6554647160e-02	8.8052503902e-05	3.7752524086e-05
7.3500000000e+02	2.8113643565e-02	-3.6642725369e-02	8.8103903312e-05	3.7753197173e-05
7.3600000000e+02	2.8151397098e-02	-3.6730854944e-02	8.8155233752e-05	3.7753867534e-05
7.3700000000e+02	2.8189151299e-02	-3.6819035814e-02	8.8206495405e-05	3.7754535185e-05
7.3800000000e+02	2.8226906167e-02	-3.6907267912e-02	8.8257688454e-05	3.7755200139e-05
7.3900000000e+02	2.8264661699e-02	-3.6995551168e-02	8.8308813081e-05	3.7755862412e-05
7.4000000000e+02	2.8302417891e-02	-3.7083885515e-02	8.8359869468e-05	3.7756522017e-05
7.4100000000e+02	2.8340174742e-02	-3.7172270884e-02	8.8410857795e-05	3.7757178969e-05
7.4200000000e+02	2.8377932248e-02	-3.7260707208e-02	8.8461778243e-05	3.7757833282e-05
7.4300000000e+02	2.8415690408e-02	-3.7349194418e-02	8.8512630990e-05	3.7758484971e-05
7.4400000000e+02	2.8453449217e-02	-3.7437732447e-02	8.8563416216e-05	3.7759134048e-05
7.4500000000e+02	2.8491208675e-02	-3.7526321228e-02	8.8614134098e-05	3.7759780529e-05
7.4600000000e+02	2.8528968778e-02	-3.7614960693e-02	8.8664784813e-05	3.7760424427e-05
7.4700000000e+02	2.8566729523e-02	-3.7703650776e-02	8.8715368539e-05	3.7761065755e-05
7.4800000000e+02	2.8604490908e-02	-3.7792391408e-02	8.8765885450e-05	3.7761704528e-05
7.4900000000e+02	2.8642252931e-02	-3.7881182524e-02	8.8816335721e-05	3.7762340758e-05
7.5000000000e+02	2.8680015589e-02	-3.7970024057e-02	8.8866719528e-05	3.7762974460e-05
7.5100000000e+02	2.8717778879e-02	-3.8058915941e-02	8.8917037044e-05	3.7763605646e-05
7.5200000000e+02	2.8755542799e-02	-3.8147858109e-02	8.8967288443e-05	3.7764234331e-05
7.5300000000e+02	2.8793307347e-02	-3.8236850496e-02	8.9017473895e-05	3.7764860526e-05
7.5400000000e+02	2.8831072520e-02	-3.8325893035e-02	8.9067593574e-05	3.7765484246e-05
7.5500000000e+02	2.8868838315e-02	-3.8414985661e-02	8.9117647650e-05	3.7766105502e-05
7.5600000000e+02	2.8906604730e-02	-3.8504128309e-02	8.9167636294e-05	3.7766724309e-05
7.5700000000e+02	2.8944371762e-02	-3.8593320912e-02	8.9217559676e-05	3.7767340679e-05
7.5800000000e+02	2.8982139410e-02	-3.8682563406e-02	8.9267417964e-05	3.7767954625e-05
7.5900000000e+02	2.9019907671e-02	-3.8771855726e-02	8.9317211327e-05	3.7768566159e-05
7.6000000000e+02	2.9057676542e-02	-3.8861197808e-02	8.9366939933e-05	3.7769175295e-05
7.6100000000e+02	2.9095446021e-02	-3.8950589585e-02	8.9416603949e-05	3.7769782043e-05
7.6200000000e+02	2.9133216105e-02	-3.9040030994e-02	8.9466203542e-05	3.7770386418e-05
7.6300000000e+02	2.9170986793e-02	-3.9129521970e-02	8.9515738877e-05	3.7770988431e-05
7.6400000000e+02	2.9208758081e-02	-3.9219062450e-02	8.9565210120e-05	3.7771588095e-05
7.6500000000e+02	2.9246529968e-02	-3.9308652369e-02	8.9614617435e-05	3.7772185421e-05
7.6600000000e+02	2.9284302451e-02	-3.9398291664e-02	8.9663960986e-05	3.7772780423e-05
7.6700000000e+02	2.9322075528e-02	-3.9487980270e-02	8.9713240937e-05	3.7773373111e-05
7.6800000000e+02	2.9359849197e-02	-3.9577718125e-02	8.9762457450e-05	3.7773963498e-05
7.6900000000e+02	2.9397623454e-02	-3.9667505164e-02	8.9811610687e-05	3.7774551596e-05
7.7000000000e+02	2.9435398299e-02	-3.9757341325e-02	8.9860700811e-05	3.7775137417e-05
7.7100000000e+02	2.9473173729e-02	-3.9847226545e-02	8.9909727981e-05	3.7775720972e-05
7.7200000000e+02	2.9510949740e-02	-3.9937160760e-02	8.9958692358e-05	3.7776302273e-05
7.7300000000e+02	2.9548726332e-02	-4.0027143908e-02	9.0007594102e-05	3.7776881331e-05
7.7400000000e+02	2.9586503502e-02	-4.0117175927e-02	9.0056433372e-05	3.7777458158e-05
7.7500000000e+02	2.9624281248e-02	-4.0207256754e-02	9.0105210326e-05	3.7778032766e-05
7.7600000000e+02	2.9662059567e-02	-4.0297386327e-02	9.0153925122e-05	3.7778605166e-05
7.7700000000e+02	2.9699838457e-02	-4.0387564584e-02	9.0202577917e-05	3.7779175369e-05
7.7800000000e+02	2.9737617917e-02	-4.0477791463e-02	9.0251168868e-05	3.7779743386e-05
7.7900000000e+02	2.9775397944e-02	-4.0568066901e-02	9.0299698132e-05	3.7780309229e-05
7.8000000000e+02	2.9813178535e-02	-4.0658390838e-02	9.0348165863e-05	3.7780872908e-05
7.8100000000e+02	2.9850959689e-02	-4.0748763212e-02	9.0396572217e-05	3.7781434435e-05
7.8200000000e+02	2.9888741403e-02	-4.0839183962e-02	9.0444917347e-05	3.7781993820e-05
7.8300000000e+02	2.9926523676e-02	-4.0929653027e-02	9.0493201408e-05	3.7782551075e-05
7.8400000000e+02	2.9964306504e-02	-4.1020170345e-02	9.0541424553e-05	3.7783106210e-05
7.8500000000e+02	3.0002089887e-02	-4.1110735856e-02	9.0589586934e-05	3.7783659235e-05
7.8600000000e+02	3.0039873822e-02	-4.1201349499e-02	9.0637688703e-05	3.7784210163e-05
7.8700000000e+02	3.0077658307e-02	-4.1292011213e-02	9.0685730012e-05	3.7784759002e-05
7.8800000000e+02	3.0115443339e-02	-4.1382720938e-02	9.0733711013e-05	3.7785305764e-05
7.8900000000e+02	3.0153228918e-02	-4.1473478615e-02	9.0781631854e-05	3.7785850459e-05
7.9000000000e+02	3.0191015040e-02	-4.1564284182e-02	9.0829492686e-05	3.7786393097e-05
7.9100000000e+02	3.0228801703e-02	-4.1655137580e-02	9.0877293658e-05	3.7786933689e-05
7.9200000000e+02	3.0266588906e-02	-4.1746038750e-02	9.0925034919e-05	3.7787472245e-05
7.9300000000e+02	3.0304376647e-02	-4.1836987630e-02	9.0972716617e-05	3.7788008776e-05
7.9400000000e+02	3.0342164923e-02	-4.1927984163e-02	9.1020338900e-05	3.7788543291e-05
7.9500000000e+02	3.0379953733e-02	-4.2019028288e-02	9.1067901914e-05	3.7789075800e-05
7.9600000000e+02	3.0417743074e-02	-4.2110119947e-02	9.1115405806e-05	3.7789606314e-05
7.9700000000e+02	3.0455532945e-02	-4.2201259080e-02	9.1162850722e-05	3.7790134842e-05
7.9800000000e+02	3.0493323343e-02	-4.2292445629e-02	9.1210236807e-05	3.7790661395e-05
7.9900000000e+02	3.0531114267e-02	-4.2383679534e-02	9.1257564207e-05	3.7791185982e-05
8.0000000000e+02	3.0568905715e-02	-4.2474960738e-02	9.1304833066e-05	3.7791708612e-05
8.0100000000e+02	3.0606697684e-02	-4.2566289181e-02	9.1352043526e-05	3.7792229296e-05
8.0200000000e+02	3.0644490173e-02	-4.2657664805e-02	9.1399195733e-05	3.7792748044e-05
8.0300000000e+02	3.0682283179e-02	-4.2749087553e-02	9.1446289828e-05	3.7793264864e-05
8.0400000000e+02	3.0720076702e-02	-4.2840557366e-02	9.1493325954e-05	3.7793779767e-05
8.0500000000e+02	3.0757870738e-02	-4.2932074186e-02	9.1540304253e-05	3.7794292761e-05
8.0600000000e+02	3.0795665286e-02	-4.3023637955e-02	9.1587224865e-05	3.7794803856e-05
8.0700000000e+02	3.0833460345e-02	-4.3115248616e-02	9.1634087932e-05	3.7795313062e-05
8.0800000000e+02	3.0871255912e-02	-4.3206906112e-02	9.1680893594e-05	3.7795820388e-05
8.0900000000e+02	3.0909051985e-02	-4.3298610384e-02	9.1727641990e-05	3.7796325843e-05
8.1000000000e+02	3.0946848563e-02	-4.3390361377e-02	9.1774333259e-05	3.7796829437e-05
8.1100000000e+02	3.0984645644e-02	-4.3482159032e-02	9.1820967541e-05	3.7797331177e-05
8.1200000000e+02	3.1022443225e-02	-4.3574003293e-02	9.1867544973e-05	3.7797831074e-05
8.1300000000e+02	3.1060241305e-02	-4.3665894103e-02	9.1914065692e-05	3.7798329137e-05
8.1400000000e+02	3.1098039882e-02	-4.3757831405e-02	9.1960529838e-05	3.7798825374e-05
8.1500000000e+02	3.1135838955e-02	-4.3849815144e-02	9.2006937545e-05	3.7799319794e-05
8.1600000000e+02	3.1173638521e-02	-4.3941845262e-02	9.2053288950e-05	3.7799812406e-05
8.1700000000e+02	3.1211438579e-02	-4.4033921703e-02	9.2099584189e-05	3.7800303219e-05
8.1800000000e+02	3.1249239127e-02	-4.4126044411e-02	9.2145823397e-05	3.7800792242e-05
8.1900000000e+02	3.1287040163e-02	-4.4218213331e-02	9.2192006709e-05	3.7801279484e-05
8.2000000000e+02	3.1324841686e-02	-4.4310428406e-02	9.2238134258e-05	3.7801764952e-05
8.2100000000e+02	3.1362643693e-02	-4.4402689581e-02	9.2284206180e-05	3.7802248656e-05
8.2200000000e+02	3.1400446182e-02	-4.4494996800e-02	9.2330222606e-05	3.7802730604e-05
8.2300000000e+02	3.1438249153e-02	-4.4587350008e-02	9.2376183671e-05	3.7803210805e-05
8.2400000000e+02	3.1476052603e-02	-4.4679749149e-02	9.2422089505e-05	3.7803689266e-05
8.2500000000e+02	3.1513856531e-02	-4.4772194169e-02	9.2467940242e-05	3.7804165997e-05
8.2600000000e+02	3.1551660935e-02	-4.4864685011e-02	9.2513736012e-05	3.7804641006e-05
8.2700000000e+02	3.1589465813e-02	-4.4957221622e-02	9.2559476947e-05	3.7805114301e-05
8.2800000000e+02	3.1627271163e-02	-4.5049803947e-02	9.2605163176e-05	3.7805585890e-05
8.2900000000e+02	3.1665076984e-02	-4.5142431930e-02	9.2650794830e-05	3.7806055781e-05
8.3000000000e+02	3.1702883274e-02	-4.5235105518e-02	9.2696372039e-05	3.7806523983e-05
8.3100000000e+02	3.1740690031e-02	-4.5327824656e-02	9.2741894931e-05	3.7806990503e-05
8.3200000000e+02	3.1778497254e-02	-4.5420589290e-02	9.2787363635e-05	3.7807455350e-05
8.3300000000e+02	3.1816304941e-02	-4.5513399366e-02	9.2832778280e-05	3.7807918532e-05
8.3400000000e+02	3.1854113091e-02	-4.5606254829e-02	9.2878138992e-05	3.7808380056e-05
8.3500000000e+02	3.1891921701e-02	-4.5699155626e-02	9.2923445900e-05	3.7808839931e-05
8.3600000000e+02	3.1929730770e-02	-4.5792101703e-02	9.2968699130e-05	3.7809298164e-05
8.3700000000e+02	3.1967540297e-02	-4.5885093006e-02	9.3013898809e-05	3.7809754763e-05
8.3800000000e+02	3.2005350279e-02	-4.5978129482e-02	9.3059045062e-05	3.7810209736e-05
8.3900000000e+02	3.2043160716e-02	-4.6071211078e-02	9.3104138014e-05	3.7810663091e-05
8.4000000000e+02	3.2080971605e-02	-4.6164337741e-02	9.3149177792e-05	3.7811114834e-05
8.4100000000e+02	3.2118782945e-02	-4.6257509416e-02	9.3194164520e-05	3.7811564975e-05
8.4200000000e+02	3.2156594734e-02	-4.6350726052e-02	9.3239098321e-05	3.7812013520e-05
8.4300000000e+02	3.2194406971e-02	-4.6443987595e-02	9.3283979320e-05	3.7812460477e-05
8.4400000000e+02	3.2232219655e-02	-4.6537293993e-02	9.3328807640e-05	3.7812905853e-05
8.4500000000e+02	3.2270032782e-02	-4.6630645193e-02	9.3373583403e-05	3.7813349656e-05
8.4600000000e+02	3.2307846353e-02	-4.6724041143e-02	9.3418306733e-05	3.7813791893e-05
8.4700000000e+02	3.2345660366e-02	-4.6817481789e-02	9.3462977751e-05	3.7814232572e-05
8.4800000000e+02	3.2383474818e-02	-4.6910967081e-02	9.3507596579e-05	3.7814671699e-05
8.4900000000e+02	3.2421289709e-02	-4.7004496965e-02	9.3552163338e-05	3.7815109283e-05
8.5000000000e+02	3.2459105036e-02	-4.7098071390e-02	9.3596678148e-05	3.7815545330e-05
8.5100000000e+02	3.2496920799e-02	-4.7191690304e-02	9.3641141131e-05	3.7815979848e-05
8.5200000000e+02	3.2534736995e-02	-4.7285353655e-02	9.3685552407e-05	3.7816412843e-05
8.5300000000e+02	3.2572553624e-02	-4.7379061392e-02	9.3729912093e-05	3.7816844323e-05
8.5400000000e+02	3.2610370683e-02	-4.7472813462e-02	9.3774220311e-05	3.7817274295e-05
8.5500000000e+02	3.2648188172e-02	-4.7566609815e-02	9.3818477178e-05	3.7817702766e-05
8.5600000000e+02	3.2686006088e-02	-4.7660450399e-02	9.3862682813e-05	3.7818129743e-05
8.5700000000e+02	3.2723824431e-02	-4.7754335164e-02	9.3906837333e-05	3.7818555232e-05
8.5800000000e+02	3.2761643198e-02	-4.7848264057e-02	9.3950940857e-05	3.7818979241e-05
8.5900000000e+02	3.2799462389e-02	-4.7942237028e-02	9.3994993501e-05	3.7819401776e-05
8.6000000000e+02	3.2837282001e-02	-4.8036254027e-02	9.4038995382e-05	3.7819822845e-05
8.6100000000e+02	3.2875102034e-02	-4.8130315002e-02	9.4082946616e-05	3.7820242453e-05
8.6200000000e+02	3.2912922486e-02	-4.8224419904e-02	9.4126847320e-05	3.7820660609e-05
8.6300000000e+02	3.2950743355e-02	-4.8318568680e-02	9.4170697607e-05	3.7821077318e-05
8.6400000000e+02	3.2988564640e-02	-4.8412761282e-02	9.4214497595e-05	3.7821492587e-05
8.6500000000e+02	3.3026386340e-02	-4.8506997659e-02	9.4258247397e-05	3.7821906423e-05
8.6600000000e+02	3.3064208452e-02	-4.8601277760e-02	9.4301947128e-05	3.7822318832e-05
8.6700000000e+02	3.3102030977e-02	-4.8695601536e-02	9.4345596901e-05	3.7822729821e-05
8.6800000000e+02	3.3139853912e-02	-4.8789968937e-02	9.4389196831e-05	3.7823139397e-05
8.6900000000e+02	3.3177677255e-02	-4.8884379913e-02	9.4432747029e-05	3.7823547565e-05
8.7000000000e+02	3.3215501006e-02	-4.8978834415e-02	9.4476247610e-05	3.7823954333e-05
8.7100000000e+02	3.3253325163e-02	-4.9073332392e-02	9.4519698686e-05	3.7824359706e-05
8.7200000000e+02	3.3291149725e-02	-4.9167873796e-02	9.4563100368e-05	3.7824763692e-05
8.7300000000e+02	3.3328974690e-02	-4.9262458576e-02	9.4606452768e-05	3.7825166296e-05
8.7400000000e+02	3.3366800057e-02	-4.9357086685e-02	9.4649755998e-05	3.7825567524e-05
8.7500000000e+02	3.3404625825e-02	-4.9451758072e-02	9.4693010168e-05	3.7825967384e-05
8.7600000000e+02	3.3442451992e-02	-4.9546472689e-02	9.4736215389e-05	3.7826365880e-05
8.7700000000e+02	3.3480278556e-02	-4.9641230487e-02	9.4779371771e-05	3.7826763020e-05
8.7800000000e+02	3.3518105517e-02	-4.9736031416e-02	9.4822479423e-05	3.7827158809e-05
8.7900000000e+02	3.3555932873e-02	-4.9830875429e-02	9.4865538456e-05	3.7827553254e-05
8.8000000000e+02	3.3593760623e-02	-4.9925762477e-02	9.4908548978e-05	3.7827946360e-05
8.8100000000e+02	3.3631588766e-02	-5.0020692511e-02	9.4951511097e-05	3.7828338135e-05
8.8200000000e+02	3.3669417299e-02	-5.0115665483e-02	9.4994424923e-05	3.7828728582e-05
8.8300000000e+02	3.3707246222e-02	-5.0210681345e-02	9.5037290563e-05	3.7829117710e-05
8.8400000000e+02	3.3745075534e-02	-5.0305740048e-02	9.5080108125e-05	3.7829505523e-05
8.8500000000e+02	3.3782905233e-02	-5.0400841545e-02	9.5122877715e-05	3.7829892028e-05
8.8600000000e+02	3.3820735318e-02	-5.0495985788e-02	9.5165599442e-05	3.7830277229e-05
8.8700000000e+02	3.3858565787e-02	-5.0591172728e-02	9.5208273410e-05	3.7830661135e-05
8.8800000000e+02	3.3896396640e-02	-5.0686402319e-02	9.5250899728e-05	3.7831043749e-05
8.8900000000e+02	3.3934227874e-02	-5.0781674512e-02	9.5293478499e-05	3.7831425078e-05
8.9000000000e+02	3.3972059489e-02	-5.0876989260e-02	9.5336009830e-05	3.7831805127e-05
8.9100000000e+02	3.4009891484e-02	-5.0972346515e-02	9.5378493826e-05	3.7832183903e-05
8.9200000000e+02	3.4047723857e-02	-5.1067746232e-02	9.5420930592e-05	3.7832561411e-05
8.9300000000e+02	3.4085556606e-02	-5.1163188361e-02	9.5463320232e-05	3.7832937656e-05
8.9400000000e+02	3.4123389732e-02	-5.1258672856e-02	9.5505662850e-05	3.7833312645e-05
8.9500000000e+02	3.4161223231e-02	-5.1354199671e-02	9.5547958550e-05	3.7833686382e-05
8.9600000000e+02	3.4199057104e-02	-5.1449768758e-02	9.5590207435e-05	3.7834058874e-05
8.9700000000e+02	3.4236891349e-02	-5.1545380070e-02	9.5632409609e-05	3.7834430126e-05
8.9800000000e+02	3.4274725964e-02	-5.1641033562e-02	9.5674565173e-05	3.7834800143e-05
8.9900000000e+02	3.4312560948e-02	-5.1736729185e-02	9.5716674231e-05	3.7835168930e-05
9.0000000000e+02	3.4350396301e-02	-5.1832466895e-02	9.5758736884e-05	3.7835536494e-05
9.0100000000e+02	3.4388232021e-02	-5.1928246643e-02	9.5800753235e-05	3.7835902840e-05
9.0200000000e+02	3.4426068107e-02	-5.2024068386e-02	9.5842723384e-05	3.7836267973e-05
9.0300000000e+02	3.4463904557e-02	-5.2119932075e-02	9.5884647432e-05	3.7836631898e-05
9.0400000000e+02	3.4501741370e-02	-5.2215837665e-02	9.5926525481e-05	3.7836994621e-05
9.0500000000e+02	3.4539578545e-02	-5.2311785111e-02	9.5968357631e-05	3.7837356146e-05
9.0600000000e+02	3.4577416082e-02	-5.2407774365e-02	9.6010143981e-05	3.7837716480e-05
9.0700000000e+02	3.4615253978e-02	-5.2503805383e-02	9.6051884632e-05	3.7838075628e-05
9.0800000000e+02	3.4653092233e-02	-5.2599878119e-02	9.6093579683e-05	3.7838433594e-05
9.0900000000e+02	3.4690930845e-02	-5.2695992527e-02	9.6135229232e-05	3.7838790384e-05
9.1000000000e+02	3.4728769813e-02	-5.2792148563e-02	9.6176833380e-05	3.7839146003e-05
9.1100000000e+02	3.4766609136e-02	-5.2888346179e-02	9.6218392223e-05	3.7839500456e-05
9.1200000000e+02	3.4804448814e-02	-5.2984585332e-02	9.6259905861e-05	3.7839853748e-05
9.1300000000e+02	3.4842288843e-02	-5.3080865976e-02	9.6301374391e-05	3.7840205884e-05
9.1400000000e+02	3.4880129225e-02	-5.3177188066e-02	9.6342797911e-05	3.7840556870e-05
9.1500000000e+02	3.4917969957e-02	-5.3273551557e-02	9.6384176517e-05	3.7840906710e-05
9.1600000000e+02	3.4955811038e-02	-5.3369956404e-02	9.6425510308e-05	3.7841255409e-05
9.1700000000e+02	3.4993652467e-02	-5.3466402562e-02	9.6466799378e-05	3.7841602973e-05
9.1800000000e+02	3.5031494244e-02	-5.3562889988e-02	9.6508043825e-05	3.7841949405e-05
9.1900000000e+02	3.5069336366e-02	-5.3659418635e-02	9.6549243744e-05	3.7842294712e-05
9.2000000000e+02	3.5107178833e-02	-5.3755988460e-02	9.6590399232e-05	3.7842638897e-05
9.2100000000e+02	3.5145021643e-02	-5.3852599419e-02	9.6631510382e-05	3.7842981966e-05
9.2200000000e+02	3.5182864796e-02	-5.3949251466e-02	9.6672577291e-05	3.7843323924e-05
9.2300000000e+02	3.5220708291e-02	-5.4045944559e-02	9.6713600053e-05	3.7843664775e-05
9.2400000000e+02	3.5258552125e-02	-5.4142678652e-02	9.6754578763e-05	3.7844004524e-05
9.2500000000e+02	3.5296396299e-02	-5.4239453702e-02	9.6795513514e-05	3.7844343176e-05
9.2600000000e+02	3.5334240811e-02	-5.4336269664e-02	9.6836404401e-05	3.7844680735e-05
9.2700000000e+02	3.5372085660e-02	-5.4433126496e-02	9.6877251517e-05	3.7845017207e-05
9.2800000000e+02	3.5409930845e-02	-5.4530024153e-02	9.6918054955e-05	3.7845352595e-05
9.2900000000e+02	3.5447776365e-02	-5.4626962591e-02	9.6958814808e-05	3.7845686906e-05
9.3000000000e+02	3.5485622219e-02	-5.4723941768e-02	9.6999531168e-05	3.7846020142e-05
9.3100000000e+02	3.5523468405e-02	-5.4820961639e-02	9.7040204129e-05	3.7846352309e-05
9.3200000000e+02	3.5561314923e-02	-5.4918022162e-02	9.7080833782e-05	3.7846683411e-05
9.3300000000e+02	3.5599161772e-02	-5.5015123292e-02	9.7121420219e-05	3.7847013454e-05
9.3400000000e+02	3.5637008950e-02	-5.5112264988e-02	9.7161963530e-05	3.7847342440e-05
9.3500000000e+02	3.5674856456e-02	-5.5209447205e-02	9.7202463809e-05	3.7847670376e-05
9.3600000000e+02	3.5712704290e-02	-5.5306669901e-02	9.7242921144e-05	3.7847997265e-05
9.3700000000e+02	3.5750552450e-02	-5.5403933033e-02	9.7283335628e-05	3.7848323111e-05
9.3800000000e+02	3.5788400936e-02	-5.5501236558e-02	9.7323707350e-05	3.7848647920e-05
9.3900000000e+02	3.5826249746e-02	-5.5598580433e-02	9.7364036400e-05	3.7848971695e-05
9.4000000000e+02	3.5864098879e-02	-5.5695964617e-02	9.7404322868e-05	3.7849294442e-05
9.4100000000e+02	3.5901948334e-02	-5.5793389065e-02	9.7444566843e-05	3.7849616163e-05
9.4200000000e+02	3.5939798111e-02	-5.5890853736e-02	9.7484768415e-05	3.7849936865e-05
9.4300000000e+02	3.5977648208e-02	-5.5988358588e-02	9.7524927673e-05	3.7850256550e-05
9.4400000000e+02	3.6015498624e-02	-5.6085903577e-02	9.7565044705e-05	3.7850575224e-05
9.4500000000e+02	3.6053349358e-02	-5.6183488663e-02	9.7605119599e-05	3.7850892890e-05
9.4600000000e+02	3.6091200409e-02	-5.6281113803e-02	9.7645152444e-05	3.7851209553e-05
9.4700000000e+02	3.6129051777e-02	-5.6378778954e-02	9.7685143327e-05	3.7851525216e-05
9.4800000000e+02	3.6166903459e-02	-5.6476484075e-02	9.7725092336e-05	3.7851839885e-05
9.4900000000e+02	3.6204755456e-02	-5.6574229125e-02	9.7764999558e-05	3.7852153564e-05
9.5000000000e+02	3.6242607766e-02	-5.6672014061e-02	9.7804865081e-05	3.7852466255e-05
9.5100000000e+02	3.6280460388e-02	-5.6769838841e-02	9.7844688990e-05	3.7852777965e-05
9.5200000000e+02	3.6318313322e-02	-5.6867703425e-02	9.7884471372e-05	3.7853088696e-05
9.5300000000e+02	3.6356166565e-02	-5.6965607770e-02	9.7924212314e-05	3.7853398453e-05
9.5400000000e+02	3.6394020118e-02	-5.7063551836e-02	9.7963911901e-05	3.7853707239e-05
9.5500000000e+02	3.6431873979e-02	-5.7161535580e-02	9.8003570219e-05	3.7854015060e-05
9.5600000000e+02	3.6469728148e-02	-5.7259558962e-02	9.8043187354e-05	3.7854321919e-05
9.5700000000e+02	3.6507582623e-02	-5.7357621941e-02	9.8082763390e-05	3.7854627819e-05
9.5800000000e+02	3.6545437403e-02	-5.7455724475e-02	9.8122298412e-05	3.7854932766e-05
9.5900000000e+02	3.6583292488e-02	-5.7553866524e-02	9.8161792505e-05	3.7855236762e-05
9.6000000000e+02	3.6621147877e-02	-5.7652048047e-02	9.8201245753e-05	3.7855539812e-05
9.6100000000e+02	3.6659003568e-02	-5.7750269002e-02	9.8240658241e-05	3.7855841920e-05
9.6200000000e+02	3.6696859560e-02	-5.7848529350e-02	9.8280030052e-05	3.7856143089e-05
9.6300000000e+02	3.6734715853e-02	-5.7946829049e-02	9.8319361269e-05	3.7856443324e-05
9.6400000000e+02	3.6772572446e-02	-5.8045168059e-02	9.8358651976e-05	3.7856742629e-05
9.6500000000e+02	3.6810429338e-02	-5.8143546339e-02	9.8397902256e-05	3.7857041006e-05
9.6600000000e+02	3.6848286528e-02	-5.8241963850e-02	9.8437112192e-05	3.7857338461e-05
9.6700000000e+02	3.6886144015e-02	-5.8340420550e-02	9.8476281867e-05	3.7857634996e-05
9.6800000000e+02	3.6924001798e-02	-5.8438916400e-02	9.8515411362e-05	3.7857930617e-05
9.6900000000e+02	3.6961859876e-02	-5.8537451359e-02	9.8554500759e-05	3.7858225325e-05
9.7000000000e+02	3.6999718248e-02	-5.8636025388e-02	9.8593550141e-05	3.7858519125e-05
9.7100000000e+02	3.7037576914e-02	-5.8734638446e-02	9.8632559588e-05	3.7858812022e-05
9.7200000000e+02	3.7075435872e-02	-5.8833290494e-02	9.8671529183e-05	3.7859104018e-05
9.7300000000e+02	3.7113295122e-02	-5.8931981492e-02	9.8710459006e-05	3.7859395117e-05
9.7400000000e+02	3.7151154662e-02	-5.9030711399e-02	9.8749349138e-05	3.7859685323e-05
9.7500000000e+02	3.7189014492e-02	-5.9129480177e-02	9.8788199660e-05	3.7859974639e-05
9.7600000000e+02	3.7226874611e-02	-5.9228287785e-02	9.8827010652e-05	3.7860263070e-05
9.7700000000e+02	3.7264735018e-02	-5.9327134185e-02	9.8865782193e-05	3.7860550618e-05
9.7800000000e+02	3.7302595712e-02	-5.9426019336e-02	9.8904514364e-05	3.7860837288e-05
9.7900000000e+02	3.7340456692e-02	-5.9524943200e-02	9.8943207245e-05	3.7861123083e-05
9.8000000000e+02	3.7378317958e-02	-5.9623905738e-02	9.8981860914e-05	3.7861408006e-05
9.8100000000e+02	3.7416179508e-02	-5.9722906909e-02	9.9020475451e-05	3.7861692061e-05
9.8200000000e+02	3.7454041342e-02	-5.9821946676e-02	9.9059050934e-05	3.7861975252e-05
9.8300000000e+02	3.7491903458e-02	-5.9921024998e-02	9.9097587443e-05	3.7862257582e-05
9.8400000000e+02	3.7529765856e-02	-6.0020141838e-02	9.9136085055e-05	3.7862539054e-05
9.8500000000e+02	3.7567628536e-02	-6.0119297155e-02	9.9174543849e-05	3.7862819673e-05
9.8600000000e+02	3.7605491495e-02	-6.0218490912e-02	9.9212963902e-05	3.7863099441e-05
9.8700000000e+02	3.7643354734e-02	-6.0317723070e-02	9.9251345293e-05	3.7863378361e-05
9.8800000000e+02	3.7681218252e-02	-6.0416993590e-02	9.9289688099e-05	3.7863656438e-05
9.8900000000e+02	3.7719082047e-02	-6.0516302434e-02	9.9327992397e-05	3.7863933675e-05
9.9000000000e+02	3.7756946119e-02	-6.0615649562e-02	9.9366258264e-05	3.7864210075e-05
9.9100000000e+02	3.7794810467e-02	-6.0715034937e-02	9.9404485776e-05	3.7864485641e-05
9.9200000000e+02	3.7832675090e-02	-6.0814458521e-02	9.9442675011e-05	3.7864760377e-05
9.9300000000e+02	3.7870539987e-02	-6.0913920275e-02	9.9480826044e-05	3.7865034286e-05
9.9400000000e+02	3.7908405158e-02	-6.1013420160e-02	9.9518938952e-05	3.7865307371e-05
9.9500000000e+02	3.7946270602e-02	-6.1112958140e-02	9.9557013811e-05	3.7865579636e-05
9.9600000000e+02	3.7984136317e-02	-6.1212534175e-02	9.9595050695e-05	3.7865851084e-05
9.9700000000e+02	3.8022002304e-02	-6.1312148229e-02	9.9633049681e-05	3.7866121719e-05
9.9800000000e+02	3.8059868560e-02	-6.1411800262e-02	9.9671010844e-05	3.7866391543e-05
9.9900000000e+02	3.8097735087e-02	-6.1511490238e-02	9.9708934258e-05	3.7866660559e-05
