# total modes from dos = 5.9999557243e+00
# ZPE = 4.4046467272e-03 Ry/cell
# Multiply by 13.6058 to have energies in eV/cell etc..
# Multiply by 13.6058 x 23060.35 = 313 754.5 to have energies in cal/(N mol).
# Multiply by 13.6058 x 96526.0 = 1 313 313 to have energies in J/(N mol).
# N is the number of formula units per cell.
#
# T (K) 	Evib (Ry/cell)	Fvib (Ry/cell)	Svib (Ry/cell/K)	Cvib (Ry/cell/K)
1.0000000000e+00	4.4046467428e-03	4.4046466518e-03	9.0987267935e-11	4.5944400363e-11
2.0000000000e+00	4.4046468821e-03	4.4046465248e-03	1.7867265544e-10	2.7945729823e-10
3.0000000000e+00	4.4046474262e-03	4.4046462529e-03	3.9109932358e-10	8.8644813454e-10
4.0000000000e+00	4.4046488420e-03	4.4046456803e-03	7.9041772879e-10	2.0543182324e-09
5.0000000000e+00	4.4046517849e-03	4.4046445889e-03	1.4392024558e-09	3.9725940370e-09
6.0000000000e+00	4.4046571017e-03	4.4046426977e-03	2.4006669374e-09	6.8346558732e-09
7.0000000000e+00	4.4046658354e-03	4.4046396620e-03	3.7390671290e-09	1.0840642695e-08
8.0000000000e+00	4.4046792346e-03	4.4046350720e-03	5.5203345282e-09	1.6202271168e-08
9.0000000000e+00	4.4046987689e-03	4.4046284508e-03	7.8131211942e-09	2.3151988458e-08
1.0000000000e+01	4.4047261575e-03	4.4046192509e-03	1.0690666292e-08	3.1960727614e-08
1.1000000000e+01	4.4047634218e-03	4.4046068477e-03	1.4234012530e-08	4.2967417795e-08
1.2000000000e+01	4.4048129720e-03	4.4045905299e-03	1.8536840780e-08	5.6617871734e-08
1.3000000000e+01	4.4048777343e-03	4.4045694837e-03	2.3711585969e-08	7.3504348586e-08
1.4000000000e+01	4.4049613132e-03	4.4045427706e-03	2.9895904746e-08	9.4394697790e-08
1.5000000000e+01	4.4050681742e-03	4.4045092995e-03	3.7258312965e-08	1.2024262320e-07
1.6000000000e+01	4.4052038253e-03	4.4044677939e-03	4.6001963650e-08	1.5217596184e-07
1.7000000000e+01	4.4053749770e-03	4.4044167559e-03	5.6365947325e-08	1.9146505126e-07
1.8000000000e+01	4.4055896625e-03	4.4043544310e-03	6.8623968233e-08	2.3947659709e-07
1.9000000000e+01	4.4058573075e-03	4.4042787754e-03	8.3080640291e-08	2.9761967655e-07
2.0000000000e+01	4.4061887450e-03	4.4041874271e-03	1.0006589577e-07	3.6729014217e-07
2.1000000000e+01	4.4065961750e-03	4.4040776847e-03	1.1992810911e-07	4.4981843620e-07
2.2000000000e+01	4.4070930760e-03	4.4039464922e-03	1.4302653974e-07	5.4642427765e-07
2.3000000000e+01	4.4076940755e-03	4.4037904320e-03	1.6972363059e-07	6.5818020973e-07
2.4000000000e+01	4.4084147881e-03	4.4036057258e-03	2.0037759666e-07	7.8598477851e-07
2.5000000000e+01	4.4092716326e-03	4.4033882419e-03	2.3533562597e-07	9.3054520566e-07
2.6000000000e+01	4.4102816352e-03	4.4031335096e-03	2.7492790812e-07	1.0923688051e-06
2.7000000000e+01	4.4114622289e-03	4.4028367384e-03	3.1946261334e-07	1.2717620268e-06
2.8000000000e+01	4.4128310548e-03	4.4024928425e-03	3.6922186868e-07	1.4688358350e-06
2.9000000000e+01	4.4144057713e-03	4.4020964684e-03	4.2445872068e-07	1.6835160909e-06
3.0000000000e+01	4.4162038758e-03	4.4016420249e-03	4.8539503169e-07	1.9155576679e-06
3.1000000000e+01	4.4182425421e-03	4.4011237150e-03	5.5222022921e-07	2.1645611405e-06
3.2000000000e+01	4.4205384749e-03	4.4005355689e-03	6.2509081122e-07	2.4299910384e-06
3.3000000000e+01	4.4231077833e-03	4.3998714767e-03	7.0413050245e-07	2.7111948165e-06
3.4000000000e+01	4.4259658732e-03	4.3991252207e-03	7.8943095578e-07	3.0074218490e-06
3.5000000000e+01	4.4291273586e-03	4.3982905073e-03	8.8105289649e-07	3.3178419095e-06
3.6000000000e+01	4.4326059911e-03	4.3973609970e-03	9.7902761392e-07	3.6415627301e-06
3.7000000000e+01	4.4364146054e-03	4.3963303330e-03	1.0833587140e-06	3.9776463535e-06
3.8000000000e+01	4.4405650820e-03	4.3951921679e-03	1.1940240563e-06	4.3251240897e-06
3.9000000000e+01	4.4450683230e-03	4.3939401885e-03	1.3109778084e-06	4.6830099725e-06
4.0000000000e+01	4.4499342408e-03	4.3925681384e-03	1.4341525617e-06	5.0503126766e-06
4.1000000000e+01	4.4551717584e-03	4.3910698384e-03	1.5634614617e-06	5.4260459058e-06
4.2000000000e+01	4.4607888185e-03	4.3894392053e-03	1.6988003137e-06	5.8092373042e-06
4.3000000000e+01	4.4667924018e-03	4.3876702675e-03	1.8400496337e-06	6.1989359681e-06
4.4000000000e+01	4.4731885514e-03	4.3857571800e-03	1.9870766220e-06	6.5942186539e-06
4.5000000000e+01	4.4799824031e-03	4.3836942363e-03	2.1397370399e-06	6.9941947921e-06
4.6000000000e+01	4.4871782203e-03	4.3814758793e-03	2.2978769787e-06	7.3980104204e-06
4.7000000000e+01	4.4947794319e-03	4.3790967098e-03	2.4613345128e-06	7.8048511508e-06
4.8000000000e+01	4.5027886730e-03	4.3765514939e-03	2.6299412316e-06	8.2139442835e-06
4.9000000000e+01	4.5112078276e-03	4.3738351687e-03	2.8035236498e-06	8.6245601761e-06
5.0000000000e+01	4.5200380718e-03	4.3709428470e-03	2.9819044951e-06	9.0360129705e-06
5.1000000000e+01	4.5292799180e-03	4.3678698202e-03	3.1649038787e-06	9.4476607706e-06
5.2000000000e+01	4.5389332585e-03	4.3646115603e-03	3.3523403501e-06	9.8589053586e-06
5.3000000000e+01	4.5489974088e-03	4.3611637212e-03	3.5440318421e-06	1.0269191529e-05
5.4000000000e+01	4.5594711505e-03	4.3575221389e-03	3.7397965126e-06	1.0678006106e-05
5.5000000000e+01	4.5703527726e-03	4.3536828307e-03	3.9394534883e-06	1.1084876717e-05
5.6000000000e+01	4.5816401112e-03	4.3496419942e-03	4.1428235180e-06	1.1489370360e-05
5.7000000000e+01	4.5933305888e-03	4.3453960050e-03	4.3497295402e-06	1.1891091835e-05
5.8000000000e+01	4.6054212508e-03	4.3409414146e-03	4.5599971746e-06	1.2289682055e-05
5.9000000000e+01	4.6179088006e-03	4.3362749473e-03	4.7734551407e-06	1.2684816298e-05
6.0000000000e+01	4.6307896336e-03	4.3313934969e-03	4.9899356124e-06	1.3076202411e-05
6.1000000000e+01	4.6440598686e-03	4.3262941233e-03	5.2092745128e-06	1.3463578996e-05
6.2000000000e+01	4.6577153773e-03	4.3209740485e-03	5.4313117560e-06	1.3846713609e-05
6.3000000000e+01	4.6717518131e-03	4.3154306524e-03	5.6558914404e-06	1.4225400968e-05
6.4000000000e+01	4.6861646366e-03	4.3096614687e-03	5.8828619994e-06	1.4599461214e-05
6.5000000000e+01	4.7009491409e-03	4.3036641805e-03	6.1120763135e-06	1.4968738202e-05
6.6000000000e+01	4.7161004737e-03	4.2974366157e-03	6.3433917878e-06	1.5333097859e-05
6.7000000000e+01	4.7316136594e-03	4.2909767426e-03	6.5766704002e-06	1.5692426599e-05
6.8000000000e+01	4.7474836182e-03	4.2842826651e-03	6.8117787226e-06	1.6046629806e-05
6.9000000000e+01	4.7637051846e-03	4.2773526182e-03	7.0485879187e-06	1.6395630388e-05
7.0000000000e+01	4.7802731243e-03	4.2701849637e-03	7.2869737221e-06	1.6739367402e-05
7.1000000000e+01	4.7971821494e-03	4.2627781852e-03	7.5268163968e-06	1.7077794747e-05
7.2000000000e+01	4.8144269329e-03	4.2551308838e-03	7.7680006824e-06	1.7410879936e-05
7.3000000000e+01	4.8320021217e-03	4.2472417736e-03	8.0104157273e-06	1.7738602940e-05
7.4000000000e+01	4.8499023484e-03	4.2391096776e-03	8.2539550104e-06	1.8060955090e-05
7.5000000000e+01	4.8681222421e-03	4.2307335230e-03	8.4985162543e-06	1.8377938067e-05
7.6000000000e+01	4.8866564384e-03	4.2221123372e-03	8.7440013313e-06	1.8689562936e-05
7.7000000000e+01	4.9054995884e-03	4.2132452438e-03	8.9903161630e-06	1.8995849265e-05
7.8000000000e+01	4.9246463664e-03	4.2041314584e-03	9.2373706157e-06	1.9296824287e-05
7.9000000000e+01	4.9440914778e-03	4.1947702848e-03	9.4850783919e-06	1.9592522132e-05
8.0000000000e+01	4.9638296650e-03	4.1851611114e-03	9.7333569199e-06	1.9882983106e-05
8.1000000000e+01	4.9838557136e-03	4.1753034071e-03	9.9821272408e-06	2.0168253034e-05
8.2000000000e+01	5.0041644576e-03	4.1651967182e-03	1.0231313895e-05	2.0448382637e-05
8.3000000000e+01	5.0247507838e-03	4.1548406646e-03	1.0480844809e-05	2.0723426968e-05
8.4000000000e+01	5.0456096360e-03	4.1442349368e-03	1.0730651181e-05	2.0993444891e-05
8.5000000000e+01	5.0667360188e-03	4.1333792923e-03	1.0980667370e-05	2.1258498593e-05
8.6000000000e+01	5.0881250001e-03	4.1222735530e-03	1.1230830780e-05	2.1518653142e-05
8.7000000000e+01	5.1097717145e-03	4.1109176016e-03	1.1481081757e-05	2.1773976082e-05
8.8000000000e+01	5.1316713649e-03	4.0993113793e-03	1.1731363474e-05	2.2024537058e-05
8.9000000000e+01	5.1538192251e-03	4.0874548825e-03	1.1981621827e-05	2.2270407472e-05
9.0000000000e+01	5.1762106406e-03	4.0753481606e-03	1.2231805334e-05	2.2511660174e-05
9.1000000000e+01	5.1988410308e-03	4.0629913131e-03	1.2481865030e-05	2.2748369172e-05
9.2000000000e+01	5.2217058894e-03	4.0503844874e-03	1.2731754370e-05	2.2980609378e-05
9.3000000000e+01	5.2448007852e-03	4.0375278759e-03	1.2981429132e-05	2.3208456368e-05
9.4000000000e+01	5.2681213630e-03	4.0244217146e-03	1.3230847324e-05	2.3431986166e-05
9.5000000000e+01	5.2916633439e-03	4.0110662801e-03	1.3479969092e-05	2.3651275054e-05
9.6000000000e+01	5.3154225250e-03	3.9974618879e-03	1.3728756636e-05	2.3866399394e-05
9.7000000000e+01	5.3393947799e-03	3.9836088902e-03	1.3977174121e-05	2.4077435468e-05
9.8000000000e+01	5.3635760585e-03	3.9695076743e-03	1.4225187594e-05	2.4284459341e-05
9.9000000000e+01	5.3879623864e-03	3.9551586604e-03	1.4472764909e-05	2.4487546725e-05
1.0000000000e+02	5.4125498649e-03	3.9405623001e-03	1.4719875648e-05	2.4686772871e-05
1.0100000000e+02	5.4373346700e-03	3.9257190743e-03	1.4966491047e-05	2.4882212466e-05
1.0200000000e+02	5.4623130523e-03	3.9106294922e-03	1.5212583923e-05	2.5073939541e-05
1.0300000000e+02	5.4874813360e-03	3.8952940892e-03	1.5458128610e-05	2.5262027389e-05
1.0400000000e+02	5.5128359182e-03	3.8797134257e-03	1.5703100889e-05	2.5446548501e-05
1.0500000000e+02	5.5383732680e-03	3.8638880858e-03	1.5947477925e-05	2.5627574497e-05
1.0600000000e+02	5.5640899257e-03	3.8478186755e-03	1.6191238210e-05	2.5805176076e-05
1.0700000000e+02	5.5899825019e-03	3.8315058217e-03	1.6434361497e-05	2.5979422970e-05
1.0800000000e+02	5.6160476764e-03	3.8149501712e-03	1.6676828752e-05	2.6150383903e-05
1.0900000000e+02	5.6422821970e-03	3.7981523889e-03	1.6918622093e-05	2.6318126559e-05
1.1000000000e+02	5.6686828789e-03	3.7811131572e-03	1.7159724743e-05	2.6482717552e-05
1.1100000000e+02	5.6952466034e-03	3.7638331749e-03	1.7400120977e-05	2.6644222404e-05
1.1200000000e+02	5.7219703165e-03	3.7463131557e-03	1.7639796079e-05	2.6802705529e-05
1.1300000000e+02	5.7488510283e-03	3.7285538277e-03	1.7878736289e-05	2.6958230214e-05
1.1400000000e+02	5.7758858115e-03	3.7105559324e-03	1.8116928765e-05	2.7110858614e-05
1.1500000000e+02	5.8030718005e-03	3.6923202234e-03	1.8354361540e-05	2.7260651742e-05
1.1600000000e+02	5.8304061899e-03	3.6738474662e-03	1.8591023480e-05	2.7407669467e-05
1.1700000000e+02	5.8578862339e-03	3.6551384369e-03	1.8826904248e-05	2.7551970510e-05
1.1800000000e+02	5.8855092446e-03	3.6361939213e-03	1.9061994265e-05	2.7693612451e-05
1.1900000000e+02	5.9132725912e-03	3.6170147149e-03	1.9296284675e-05	2.7832651726e-05
1.2000000000e+02	5.9411736989e-03	3.5976016212e-03	1.9529767314e-05	2.7969143637e-05
1.2100000000e+02	5.9692100474e-03	3.5779554520e-03	1.9762434673e-05	2.8103142361e-05
1.2200000000e+02	5.9973791703e-03	3.5580770260e-03	1.9994279871e-05	2.8234700954e-05
1.2300000000e+02	6.0256786533e-03	3.5379671684e-03	2.0225296625e-05	2.8363871365e-05
1.2400000000e+02	6.0541061339e-03	3.5176267108e-03	2.0455479219e-05	2.8490704447e-05
1.2500000000e+02	6.0826592997e-03	3.4970564898e-03	2.0684822479e-05	2.8615249972e-05
1.2600000000e+02	6.1113358876e-03	3.4762573471e-03	2.0913321749e-05	2.8737556639e-05
1.2700000000e+02	6.1401336826e-03	3.4552301290e-03	2.1140972863e-05	2.8857672095e-05
1.2800000000e+02	6.1690505169e-03	3.4339756854e-03	2.1367772121e-05	2.8975642948e-05
1.2900000000e+02	6.1980842688e-03	3.4124948698e-03	2.1593716271e-05	2.9091514780e-05
1.3000000000e+02	6.2272328616e-03	3.3907885388e-03	2.1818802483e-05	2.9205332168e-05
1.3100000000e+02	6.2564942629e-03	3.3688575516e-03	2.2043028330e-05	2.9317138698e-05
1.3200000000e+02	6.2858664830e-03	3.3467027696e-03	2.2266391768e-05	2.9426976982e-05
1.3300000000e+02	6.3153475746e-03	3.3243250561e-03	2.2488891117e-05	2.9534888679e-05
1.3400000000e+02	6.3449356317e-03	3.3017252759e-03	2.2710525044e-05	2.9640914506e-05
1.3500000000e+02	6.3746287883e-03	3.2789042948e-03	2.2931292544e-05	2.9745094262e-05
1.3600000000e+02	6.4044252179e-03	3.2558629798e-03	2.3151192927e-05	2.9847466844e-05
1.3700000000e+02	6.4343231323e-03	3.2326021982e-03	2.3370225796e-05	2.9948070262e-05
1.3800000000e+02	6.4643207811e-03	3.2091228174e-03	2.3588391041e-05	3.0046941661e-05
1.3900000000e+02	6.4944164504e-03	3.1854257052e-03	2.3805688814e-05	3.0144117335e-05
1.4000000000e+02	6.5246084623e-03	3.1615117288e-03	2.4022119525e-05	3.0239632749e-05
1.4100000000e+02	6.5548951740e-03	3.1373817550e-03	2.4237683823e-05	3.0333522553e-05
1.4200000000e+02	6.5852749768e-03	3.1130366497e-03	2.4452382585e-05	3.0425820600e-05
1.4300000000e+02	6.6157462957e-03	3.0884772780e-03	2.4666216907e-05	3.0516559964e-05
1.4400000000e+02	6.6463075880e-03	3.0637045036e-03	2.4879188086e-05	3.0605772960e-05
1.4500000000e+02	6.6769573433e-03	3.0387191890e-03	2.5091297616e-05	3.0693491155e-05
1.4600000000e+02	6.7076940823e-03	3.0135221950e-03	2.5302547173e-05	3.0779745389e-05
1.4700000000e+02	6.7385163562e-03	2.9881143807e-03	2.5512938608e-05	3.0864565789e-05
1.4800000000e+02	6.7694227458e-03	2.9624966032e-03	2.5722473936e-05	3.0947981790e-05
1.4900000000e+02	6.8004118612e-03	2.9366697175e-03	2.5931155327e-05	3.1030022144e-05
1.5000000000e+02	6.8314823409e-03	2.9106345764e-03	2.6138985096e-05	3.1110714941e-05
1.5100000000e+02	6.8626328510e-03	2.8843920304e-03	2.6345965700e-05	3.1190087623e-05
1.5200000000e+02	6.8938620850e-03	2.8579429272e-03	2.6552099722e-05	3.1268166998e-05
1.5300000000e+02	6.9251687627e-03	2.8312881122e-03	2.6757389872e-05	3.1344979256e-05
1.5400000000e+02	6.9565516297e-03	2.8044284278e-03	2.6961838973e-05	3.1420549986e-05
1.5500000000e+02	6.9880094571e-03	2.7773647136e-03	2.7165449958e-05	3.1494904185e-05
1.5600000000e+02	7.0195410407e-03	2.7500978063e-03	2.7368225862e-05	3.1568066275e-05
1.5700000000e+02	7.0511452003e-03	2.7226285392e-03	2.7570169816e-05	3.1640060120e-05
1.5800000000e+02	7.0828207793e-03	2.6949577429e-03	2.7771285041e-05	3.1710909032e-05
1.5900000000e+02	7.1145666443e-03	2.6670862443e-03	2.7971574843e-05	3.1780635793e-05
1.6000000000e+02	7.1463816843e-03	2.6390148672e-03	2.8171042607e-05	3.1849262659e-05
1.6100000000e+02	7.1782648102e-03	2.6107444319e-03	2.8369691791e-05	3.1916811381e-05
1.6200000000e+02	7.2102149547e-03	2.5822757553e-03	2.8567525922e-05	3.1983303211e-05
1.6300000000e+02	7.2422310713e-03	2.5536096506e-03	2.8764548593e-05	3.2048758917e-05
1.6400000000e+02	7.2743121340e-03	2.5247469274e-03	2.8960763455e-05	3.2113198795e-05
1.6500000000e+02	7.3064571369e-03	2.4956883917e-03	2.9156174213e-05	3.2176642680e-05
1.6600000000e+02	7.3386650938e-03	2.4664348458e-03	2.9350784627e-05	3.2239109957e-05
1.6700000000e+02	7.3709350376e-03	2.4369870880e-03	2.9544598501e-05	3.2300619571e-05
1.6800000000e+02	7.4032660199e-03	2.4073459130e-03	2.9737619684e-05	3.2361190042e-05
1.6900000000e+02	7.4356571107e-03	2.3775121115e-03	2.9929852066e-05	3.2420839469e-05
1.7000000000e+02	7.4681073977e-03	2.3474864705e-03	3.0121299572e-05	3.2479585545e-05
1.7100000000e+02	7.5006159864e-03	2.3172697727e-03	3.0311966162e-05	3.2537445567e-05
1.7200000000e+02	7.5331819991e-03	2.2868627971e-03	3.0501855826e-05	3.2594436443e-05
1.7300000000e+02	7.5658045751e-03	2.2562663187e-03	3.0690972580e-05	3.2650574703e-05
1.7400000000e+02	7.5984828697e-03	2.2254811083e-03	3.0879320468e-05	3.2705876510e-05
1.7500000000e+02	7.6312160546e-03	2.1945079327e-03	3.1066903554e-05	3.2760357664e-05
1.7600000000e+02	7.6640033167e-03	2.1633475547e-03	3.1253725920e-05	3.2814033618e-05
1.7700000000e+02	7.6968438584e-03	2.1320007330e-03	3.1439791669e-05	3.2866919479e-05
1.7800000000e+02	7.7297368972e-03	2.1004682222e-03	3.1625104916e-05	3.2919030023e-05
1.7900000000e+02	7.7626816649e-03	2.0687507727e-03	3.1809669789e-05	3.2970379699e-05
1.8000000000e+02	7.7956774077e-03	2.0368491307e-03	3.1993490428e-05	3.3020982637e-05
1.8100000000e+02	7.8287233858e-03	2.0047640385e-03	3.2176570980e-05	3.3070852661e-05
1.8200000000e+02	7.8618188732e-03	1.9724962341e-03	3.2358915600e-05	3.3120003289e-05
1.8300000000e+02	7.8949631570e-03	1.9400464512e-03	3.2540528447e-05	3.3168447744e-05
1.8400000000e+02	7.9281555376e-03	1.9074154197e-03	3.2721413684e-05	3.3216198963e-05
1.8500000000e+02	7.9613953281e-03	1.8746038650e-03	3.2901575476e-05	3.3263269601e-05
1.8600000000e+02	7.9946818541e-03	1.8416125085e-03	3.3081017987e-05	3.3309672040e-05
1.8700000000e+02	8.0280144535e-03	1.8084420674e-03	3.3259745380e-05	3.3355418393e-05
1.8800000000e+02	8.0613924761e-03	1.7750932547e-03	3.3437761816e-05	3.3400520514e-05
1.8900000000e+02	8.0948152836e-03	1.7415667794e-03	3.3615071451e-05	3.3444990001e-05
1.9000000000e+02	8.1282822490e-03	1.7078633461e-03	3.3791678437e-05	3.3488838204e-05
1.9100000000e+02	8.1617927567e-03	1.6739836553e-03	3.3967586918e-05	3.3532076232e-05
1.9200000000e+02	8.1953462017e-03	1.6399284037e-03	3.4142801032e-05	3.3574714954e-05
1.9300000000e+02	8.2289419903e-03	1.6056982834e-03	3.4317324907e-05	3.3616765012e-05
1.9400000000e+02	8.2625795390e-03	1.5712939826e-03	3.4491162662e-05	3.3658236821e-05
1.9500000000e+02	8.2962582746e-03	1.5367161854e-03	3.4664318406e-05	3.3699140575e-05
1.9600000000e+02	8.3299776342e-03	1.5019655717e-03	3.4836796237e-05	3.3739486254e-05
1.9700000000e+02	8.3637370644e-03	1.4670428175e-03	3.5008600238e-05	3.3779283630e-05
1.9800000000e+02	8.3975360218e-03	1.4319485945e-03	3.5179734481e-05	3.3818542269e-05
1.9900000000e+02	8.4313739725e-03	1.3966835704e-03	3.5350203025e-05	3.3857271537e-05
2.0000000000e+02	8.4652503915e-03	1.3612484090e-03	3.5520009913e-05	3.3895480606e-05
2.0100000000e+02	8.4991647633e-03	1.3256437698e-03	3.5689159171e-05	3.3933178457e-05
2.0200000000e+02	8.5331165810e-03	1.2898703085e-03	3.5857654814e-05	3.3970373885e-05
2.0300000000e+02	8.5671053464e-03	1.2539286767e-03	3.6025500836e-05	3.4007075505e-05
2.0400000000e+02	8.6011305702e-03	1.2178195221e-03	3.6192701216e-05	3.4043291753e-05
2.0500000000e+02	8.6351917709e-03	1.1815434882e-03	3.6359259916e-05	3.4079030893e-05
2.0600000000e+02	8.6692884756e-03	1.1451012148e-03	3.6525180878e-05	3.4114301019e-05
2.0700000000e+02	8.7034202193e-03	1.1084933377e-03	3.6690468027e-05	3.4149110062e-05
2.0800000000e+02	8.7375865446e-03	1.0717204887e-03	3.6855125269e-05	3.4183465789e-05
2.0900000000e+02	8.7717870023e-03	1.0347832959e-03	3.7019156490e-05	3.4217375813e-05
2.1000000000e+02	8.8060211502e-03	9.9768238315e-04	3.7182565557e-05	3.4250847590e-05
2.1100000000e+02	8.8402885538e-03	9.6041837084e-04	3.7345356317e-05	3.4283888428e-05
2.1200000000e+02	8.8745887858e-03	9.2299187534e-04	3.7507532596e-05	3.4316505487e-05
2.1300000000e+02	8.9089214259e-03	8.8540350921e-04	3.7669098200e-05	3.4348705784e-05
2.1400000000e+02	8.9432860607e-03	8.4765388123e-04	3.7830056914e-05	3.4380496196e-05
2.1500000000e+02	8.9776822839e-03	8.0974359642e-04	3.7990412500e-05	3.4411883464e-05
2.1600000000e+02	9.0121096955e-03	7.7167325603e-04	3.8150168701e-05	3.4442874194e-05
2.1700000000e+02	9.0465679022e-03	7.3344345758e-04	3.8309329238e-05	3.4473474861e-05
2.1800000000e+02	9.0810565173e-03	6.9505479487e-04	3.8467897809e-05	3.4503691815e-05
2.1900000000e+02	9.1155751600e-03	6.5650785805e-04	3.8625878091e-05	3.4533531277e-05
2.2000000000e+02	9.1501234561e-03	6.1780323357e-04	3.8783273739e-05	3.4562999350e-05
2.2100000000e+02	9.1847010369e-03	5.7894150424e-04	3.8940088383e-05	3.4592102017e-05
2.2200000000e+02	9.2193075402e-03	5.3992324927e-04	3.9096325635e-05	3.4620845141e-05
2.2300000000e+02	9.2539426093e-03	5.0074904424e-04	3.9251989081e-05	3.4649234476e-05
2.2400000000e+02	9.2886058932e-03	4.6141946119e-04	3.9407082286e-05	3.4677275662e-05
2.2500000000e+02	9.3232970464e-03	4.2193506857e-04	3.9561608790e-05	3.4704974231e-05
2.2600000000e+02	9.3580157292e-03	3.8229643133e-04	3.9715572115e-05	3.4732335607e-05
2.2700000000e+02	9.3927616070e-03	3.4250411090e-04	3.9868975754e-05	3.4759365112e-05
2.2800000000e+02	9.4275343506e-03	3.0255866523e-04	4.0021823181e-05	3.4786067965e-05
2.2900000000e+02	9.4623336358e-03	2.6246064879e-04	4.0174117847e-05	3.4812449286e-05
2.3000000000e+02	9.4971591436e-03	2.2221061264e-04	4.0325863178e-05	3.4838514098e-05
2.3100000000e+02	9.5320105601e-03	1.8180910441e-04	4.0477062579e-05	3.4864267328e-05
2.3200000000e+02	9.5668875760e-03	1.4125666834e-04	4.0627719430e-05	3.4889713811e-05
2.3300000000e+02	9.6017898871e-03	1.0055384528e-04	4.0777837089e-05	3.4914858289e-05
2.3400000000e+02	9.6367171935e-03	5.9701172777e-05	4.0927418892e-05	3.4939705418e-05
2.3500000000e+02	9.6716692003e-03	1.8699185015e-05	4.1076468150e-05	3.4964259765e-05
2.3600000000e+02	9.7066456169e-03	-2.2451587105e-05	4.1224988153e-05	3.4988525810e-05
2.3700000000e+02	9.7416461573e-03	-6.3750615961e-05	4.1372982166e-05	3.5012507955e-05
2.3800000000e+02	9.7766705396e-03	-1.0519737719e-04	4.1520453432e-05	3.5036210514e-05
2.3900000000e+02	9.8117184865e-03	-1.4679134965e-04	4.1667405172e-05	3.5059637726e-05
2.4000000000e+02	9.8467897247e-03	-1.8853201542e-04	4.1813840584e-05	3.5082793751e-05
2.4100000000e+02	9.8818839850e-03	-2.3041885977e-04	4.1959762841e-05	3.5105682669e-05
2.4200000000e+02	9.9170010023e-03	-2.7245137110e-04	4.2105175097e-05	3.5128308491e-05
2.4300000000e+02	9.9521405156e-03	-3.1462904100e-04	4.2250080480e-05	3.5150675150e-05
2.4400000000e+02	9.9873022675e-03	-3.5695136414e-04	4.2394482097e-05	3.5172786510e-05
2.4500000000e+02	1.0022486005e-02	-3.9941783830e-04	4.2538383033e-05	3.5194646363e-05
2.4600000000e+02	1.0057691478e-02	-4.4202796434e-04	4.2681786350e-05	3.5216258436e-05
2.4700000000e+02	1.0092918440e-02	-4.8478124614e-04	4.2824695087e-05	3.5237626383e-05
2.4800000000e+02	1.0128166650e-02	-5.2767719066e-04	4.2967112262e-05	3.5258753798e-05
2.4900000000e+02	1.0163435869e-02	-5.7071530781e-04	4.3109040870e-05	3.5279644208e-05
2.5000000000e+02	1.0198725861e-02	-6.1389511053e-04	4.3250483885e-05	3.5300301076e-05
2.5100000000e+02	1.0234036394e-02	-6.5721611470e-04	4.3391444259e-05	3.5320727804e-05
2.5200000000e+02	1.0269367241e-02	-7.0067783915e-04	4.3531924921e-05	3.5340927736e-05
2.5300000000e+02	1.0304718175e-02	-7.4427980561e-04	4.3671928778e-05	3.5360904153e-05
2.5400000000e+02	1.0340088976e-02	-7.8802153873e-04	4.3811458718e-05	3.5380660280e-05
2.5500000000e+02	1.0375479423e-02	-8.3190256603e-04	4.3950517606e-05	3.5400199285e-05
2.5600000000e+02	1.0410889303e-02	-8.7592241787e-04	4.4089108284e-05	3.5419524281e-05
2.5700000000e+02	1.0446318402e-02	-9.2008062747e-04	4.4227233577e-05	3.5438638326e-05
2.5800000000e+02	1.0481766510e-02	-9.6437673083e-04	4.4364896283e-05	3.5457544424e-05
2.5900000000e+02	1.0517233422e-02	-1.0088102668e-03	4.4502099185e-05	3.5476245527e-05
2.6000000000e+02	1.0552718934e-02	-1.0533807769e-03	4.4638845042e-05	3.5494744536e-05
2.6100000000e+02	1.0588222845e-02	-1.0980878054e-03	4.4775136591e-05	3.5513044303e-05
2.6200000000e+02	1.0623744957e-02	-1.1429308995e-03	4.4910976552e-05	3.5531147630e-05
2.6300000000e+02	1.0659285076e-02	-1.1879096089e-03	4.5046367622e-05	3.5549057269e-05
2.6400000000e+02	1.0694843008e-02	-1.2330234860e-03	4.5181312477e-05	3.5566775928e-05
2.6500000000e+02	1.0730418565e-02	-1.2782720860e-03	4.5315813776e-05	3.5584306266e-05
2.6600000000e+02	1.0766011559e-02	-1.3236549666e-03	4.5449874155e-05	3.5601650900e-05
2.6700000000e+02	1.0801621805e-02	-1.3691716882e-03	4.5583496231e-05	3.5618812398e-05
2.6800000000e+02	1.0837249123e-02	-1.4148218138e-03	4.5716682601e-05	3.5635793288e-05
2.6900000000e+02	1.0872893333e-02	-1.4606049090e-03	4.5849435843e-05	3.5652596054e-05
2.7000000000e+02	1.0908554257e-02	-1.5065205420e-03	4.5981758514e-05	3.5669223140e-05
2.7100000000e+02	1.0944231721e-02	-1.5525682834e-03	4.6113653153e-05	3.5685676946e-05
2.7200000000e+02	1.0979925554e-02	-1.5987477064e-03	4.6245122280e-05	3.5701959833e-05
2.7300000000e+02	1.1015635585e-02	-1.6450583869e-03	4.6376168394e-05	3.5718074125e-05
2.7400000000e+02	1.1051361646e-02	-1.6914999031e-03	4.6506793976e-05	3.5734022103e-05
2.7500000000e+02	1.1087103574e-02	-1.7380718355e-03	4.6637001490e-05	3.5749806014e-05
2.7600000000e+02	1.1122861205e-02	-1.7847737675e-03	4.6766793377e-05	3.5765428065e-05
2.7700000000e+02	1.1158634377e-02	-1.8316052846e-03	4.6896172063e-05	3.5780890429e-05
2.7800000000e+02	1.1194422933e-02	-1.8785659747e-03	4.7025139955e-05	3.5796195242e-05
2.7900000000e+02	1.1230226716e-02	-1.9256554283e-03	4.7153699441e-05	3.5811344605e-05
2.8000000000e+02	1.1266045571e-02	-1.9728732382e-03	4.7281852890e-05	3.5826340584e-05
2.8100000000e+02	1.1301879346e-02	-2.0202189995e-03	4.7409602655e-05	3.5841185213e-05
2.8200000000e+02	1.1337727892e-02	-2.0676923098e-03	4.7536951069e-05	3.5855880493e-05
2.8300000000e+02	1.1373591058e-02	-2.1152927687e-03	4.7663900449e-05	3.5870428389e-05
2.8400000000e+02	1.1409468700e-02	-2.1630199784e-03	4.7790453093e-05	3.5884830840e-05
2.8500000000e+02	1.1445360672e-02	-2.2108735434e-03	4.7916611282e-05	3.5899089748e-05
2.8600000000e+02	1.1481266832e-02	-2.2588530702e-03	4.8042377281e-05	3.5913206989e-05
2.8700000000e+02	1.1517187039e-02	-2.3069581680e-03	4.8167753336e-05	3.5927184407e-05
2.8800000000e+02	1.1553121155e-02	-2.3551884477e-03	4.8292741676e-05	3.5941023815e-05
2.8900000000e+02	1.1589069042e-02	-2.4035435228e-03	4.8417344514e-05	3.5954727000e-05
2.9000000000e+02	1.1625030564e-02	-2.4520230089e-03	4.8541564045e-05	3.5968295719e-05
2.9100000000e+02	1.1661005589e-02	-2.5006265239e-03	4.8665402449e-05	3.5981731702e-05
2.9200000000e+02	1.1696993984e-02	-2.5493536875e-03	4.8788861888e-05	3.5995036651e-05
2.9300000000e+02	1.1732995619e-02	-2.5982041220e-03	4.8911944509e-05	3.6008212241e-05
2.9400000000e+02	1.1769010366e-02	-2.6471774516e-03	4.9034652440e-05	3.6021260121e-05
2.9500000000e+02	1.1805038097e-02	-2.6962733027e-03	4.9156987797e-05	3.6034181915e-05
2.9600000000e+02	1.1841078688e-02	-2.7454913037e-03	4.9278952675e-05	3.6046979220e-05
2.9700000000e+02	1.1877132015e-02	-2.7948310853e-03	4.9400549158e-05	3.6059653611e-05
2.9800000000e+02	1.1913197955e-02	-2.8442922799e-03	4.9521779312e-05	3.6072206634e-05
2.9900000000e+02	1.1949276388e-02	-2.8938745225e-03	4.9642645186e-05	3.6084639816e-05
3.0000000000e+02	1.1985367195e-02	-2.9435774496e-03	4.9763148816e-05	3.6096954656e-05
3.0100000000e+02	1.2021470258e-02	-2.9934007000e-03	4.9883292221e-05	3.6109152634e-05
3.0200000000e+02	1.2057585462e-02	-3.0433439146e-03	5.0003077406e-05	3.6121235205e-05
3.0300000000e+02	1.2093712691e-02	-3.0934067361e-03	5.0122506360e-05	3.6133203801e-05
3.0400000000e+02	1.2129851832e-02	-3.1435888092e-03	5.0241581057e-05	3.6145059833e-05
3.0500000000e+02	1.2166002773e-02	-3.1938897808e-03	5.0360303457e-05	3.6156804692e-05
3.0600000000e+02	1.2202165405e-02	-3.2443092994e-03	5.0478675504e-05	3.6168439746e-05
3.0700000000e+02	1.2238339617e-02	-3.2948470156e-03	5.0596699128e-05	3.6179966343e-05
3.0800000000e+02	1.2274525302e-02	-3.3455025821e-03	5.0714376246e-05	3.6191385811e-05
3.0900000000e+02	1.2310722353e-02	-3.3962756533e-03	5.0831708759e-05	3.6202699456e-05
3.1000000000e+02	1.2346930666e-02	-3.4471658854e-03	5.0948698552e-05	3.6213908567e-05
3.1100000000e+02	1.2383150136e-02	-3.4981729367e-03	5.1065347500e-05	3.6225014413e-05
3.1200000000e+02	1.2419380661e-02	-3.5492964674e-03	5.1181657462e-05	3.6236018242e-05
3.1300000000e+02	1.2455622139e-02	-3.6005361393e-03	5.1297630281e-05	3.6246921287e-05
3.1400000000e+02	1.2491874470e-02	-3.6518916162e-03	5.1413267791e-05	3.6257724760e-05
3.1500000000e+02	1.2528137555e-02	-3.7033625637e-03	5.1528571807e-05	3.6268429855e-05
3.1600000000e+02	1.2564411297e-02	-3.7549486492e-03	5.1643544135e-05	3.6279037751e-05
3.1700000000e+02	1.2600695599e-02	-3.8066495420e-03	5.1758186565e-05	3.6289549606e-05
3.1800000000e+02	1.2636990365e-02	-3.8584649130e-03	5.1872500874e-05	3.6299966564e-05
3.1900000000e+02	1.2673295501e-02	-3.9103944350e-03	5.1986488827e-05	3.6310289750e-05
3.2000000000e+02	1.2709610914e-02	-3.9624377825e-03	5.2100152175e-05	3.6320520275e-05
3.2100000000e+02	1.2745936511e-02	-4.0145946317e-03	5.2213492656e-05	3.6330659231e-05
3.2200000000e+02	1.2782272202e-02	-4.0668646607e-03	5.2326511995e-05	3.6340707696e-05
3.2300000000e+02	1.2818617896e-02	-4.1192475492e-03	5.2439211906e-05	3.6350666732e-05
3.2400000000e+02	1.2854973506e-02	-4.1717429786e-03	5.2551594088e-05	3.6360537385e-05
3.2500000000e+02	1.2891338942e-02	-4.2243506320e-03	5.2663660228e-05	3.6370320688e-05
3.2600000000e+02	1.2927714118e-02	-4.2770701943e-03	5.2775412002e-05	3.6380017656e-05
3.2700000000e+02	1.2964098949e-02	-4.3299013518e-03	5.2886851073e-05	3.6389629292e-05
3.2800000000e+02	1.3000493349e-02	-4.3828437928e-03	5.2997979090e-05	3.6399156583e-05
3.2900000000e+02	1.3036897234e-02	-4.4358972069e-03	5.3108797694e-05	3.6408600503e-05
3.3000000000e+02	1.3073310522e-02	-4.4890612855e-03	5.3219308509e-05	3.6417962012e-05
3.3100000000e+02	1.3109733131e-02	-4.5423357218e-03	5.3329513151e-05	3.6427242056e-05
3.3200000000e+02	1.3146164980e-02	-4.5957202103e-03	5.3439413223e-05	3.6436441568e-05
3.3300000000e+02	1.3182605988e-02	-4.6492144473e-03	5.3549010316e-05	3.6445561466e-05
3.3400000000e+02	1.3219056076e-02	-4.7028181305e-03	5.3658306009e-05	3.6454602659e-05
3.3500000000e+02	1.3255515167e-02	-4.7565309593e-03	5.3767301870e-05	3.6463566040e-05
3.3600000000e+02	1.3291983183e-02	-4.8103526348e-03	5.3875999457e-05	3.6472452490e-05
3.3700000000e+02	1.3328460047e-02	-4.8642828594e-03	5.3984400315e-05	3.6481262878e-05
3.3800000000e+02	1.3364945684e-02	-4.9183213370e-03	5.4092505978e-05	3.6489998062e-05
3.3900000000e+02	1.3401440018e-02	-4.9724677734e-03	5.4200317969e-05	3.6498658885e-05
3.4000000000e+02	1.3437942977e-02	-5.0267218756e-03	5.4307837801e-05	3.6507246183e-05
3.4100000000e+02	1.3474454486e-02	-5.0810833521e-03	5.4415066975e-05	3.6515760776e-05
3.4200000000e+02	1.3510974474e-02	-5.1355519131e-03	5.4522006981e-05	3.6524203475e-05
3.4300000000e+02	1.3547502870e-02	-5.1901272702e-03	5.4628659300e-05	3.6532575080e-05
3.4400000000e+02	1.3584039601e-02	-5.2448091363e-03	5.4735025400e-05	3.6540876378e-05
3.4500000000e+02	1.3620584599e-02	-5.2995972261e-03	5.4841106740e-05	3.6549108148e-05
3.4600000000e+02	1.3657137794e-02	-5.3544912554e-03	5.4946904768e-05	3.6557271156e-05
3.4700000000e+02	1.3693699119e-02	-5.4094909417e-03	5.5052420923e-05	3.6565366159e-05
3.4800000000e+02	1.3730268504e-02	-5.4645960037e-03	5.5157656633e-05	3.6573393903e-05
3.4900000000e+02	1.3766845884e-02	-5.5198061619e-03	5.5262613313e-05	3.6581355124e-05
3.5000000000e+02	1.3803431193e-02	-5.5751211378e-03	5.5367292373e-05	3.6589250549e-05
3.5100000000e+02	1.3840024364e-02	-5.6305406546e-03	5.5471695209e-05	3.6597080893e-05
3.5200000000e+02	1.3876625333e-02	-5.6860644366e-03	5.5575823209e-05	3.6604846865e-05
3.5300000000e+02	1.3913234036e-02	-5.7416922099e-03	5.5679677751e-05	3.6612549160e-05
3.5400000000e+02	1.3949850410e-02	-5.7974237014e-03	5.5783260203e-05	3.6620188467e-05
3.5500000000e+02	1.3986474392e-02	-5.8532586400e-03	5.5886571922e-05	3.6627765465e-05
3.5600000000e+02	1.4023105921e-02	-5.9091967555e-03	5.5989614259e-05	3.6635280824e-05
3.5700000000e+02	1.4059744934e-02	-5.9652377792e-03	5.6092388552e-05	3.6642735204e-05
3.5800000000e+02	1.4096391371e-02	-6.0213814437e-03	5.6194896131e-05	3.6650129258e-05
3.5900000000e+02	1.4133045172e-02	-6.0776274830e-03	5.6297138316e-05	3.6657463628e-05
3.6000000000e+02	1.4169706279e-02	-6.1339756323e-03	5.6399116419e-05	3.6664738951e-05
3.6100000000e+02	1.4206374631e-02	-6.1904256282e-03	5.6500831743e-05	3.6671955853e-05
3.6200000000e+02	1.4243050171e-02	-6.2469772086e-03	5.6602285579e-05	3.6679114952e-05
3.6300000000e+02	1.4279732842e-02	-6.3036301126e-03	5.6703479213e-05	3.6686216858e-05
3.6400000000e+02	1.4316422586e-02	-6.3603840807e-03	5.6804413919e-05	3.6693262175e-05
3.6500000000e+02	1.4353119347e-02	-6.4172388546e-03	5.6905090964e-05	3.6700251496e-05
3.6600000000e+02	1.4389823070e-02	-6.4741941772e-03	5.7005511606e-05	3.6707185409e-05
3.6700000000e+02	1.4426533700e-02	-6.5312497928e-03	5.7105677092e-05	3.6714064493e-05
3.6800000000e+02	1.4463251181e-02	-6.5884054467e-03	5.7205588663e-05	3.6720889319e-05
3.6900000000e+02	1.4499975461e-02	-6.6456608859e-03	5.7305247552e-05	3.6727660451e-05
3.7000000000e+02	1.4536706485e-02	-6.7030158580e-03	5.7404654980e-05	3.6734378448e-05
3.7100000000e+02	1.4573444200e-02	-6.7604701124e-03	5.7503812163e-05	3.6741043859e-05
3.7200000000e+02	1.4610188555e-02	-6.8180233993e-03	5.7602720307e-05	3.6747657227e-05
3.7300000000e+02	1.4646939497e-02	-6.8756754704e-03	5.7701380610e-05	3.6754219089e-05
3.7400000000e+02	1.4683696976e-02	-6.9334260783e-03	5.7799794263e-05	3.6760729972e-05
3.7500000000e+02	1.4720460940e-02	-6.9912749771e-03	5.7897962447e-05	3.6767190400e-05
3.7600000000e+02	1.4757231340e-02	-7.0492219218e-03	5.7995886335e-05	3.6773600889e-05
3.7700000000e+02	1.4794008126e-02	-7.1072666687e-03	5.8093567094e-05	3.6779961947e-05
3.7800000000e+02	1.4830791248e-02	-7.1654089753e-03	5.8191005881e-05	3.6786274079e-05
3.7900000000e+02	1.4867580658e-02	-7.2236486002e-03	5.8288203847e-05	3.6792537779e-05
3.8000000000e+02	1.4904376307e-02	-7.2819853031e-03	5.8385162133e-05	3.6798753540e-05
3.8100000000e+02	1.4941178149e-02	-7.3404188450e-03	5.8481881874e-05	3.6804921845e-05
3.8200000000e+02	1.4977986135e-02	-7.3989489877e-03	5.8578364197e-05	3.6811043171e-05
3.8300000000e+02	1.5014800220e-02	-7.4575754946e-03	5.8674610220e-05	3.6817117992e-05
3.8400000000e+02	1.5051620356e-02	-7.5162981298e-03	5.8770621057e-05	3.6823146774e-05
3.8500000000e+02	1.5088446498e-02	-7.5751166587e-03	5.8866397810e-05	3.6829129977e-05
3.8600000000e+02	1.5125278601e-02	-7.6340308478e-03	5.8961941577e-05	3.6835068056e-05
3.8700000000e+02	1.5162116619e-02	-7.6930404645e-03	5.9057253447e-05	3.6840961461e-05
3.8800000000e+02	1.5198960509e-02	-7.7521452777e-03	5.9152334502e-05	3.6846810634e-05
3.8900000000e+02	1.5235810226e-02	-7.8113450570e-03	5.9247185818e-05	3.6852616015e-05
3.9000000000e+02	1.5272665727e-02	-7.8706395731e-03	5.9341808461e-05	3.6858378036e-05
3.9100000000e+02	1.5309526968e-02	-7.9300285980e-03	5.9436203493e-05	3.6864097125e-05
3.9200000000e+02	1.5346393907e-02	-7.9895119046e-03	5.9530371968e-05	3.6869773703e-05
3.9300000000e+02	1.5383266501e-02	-8.0490892668e-03	5.9624314931e-05	3.6875408189e-05
3.9400000000e+02	1.5420144709e-02	-8.1087604596e-03	5.9718033424e-05	3.6881000995e-05
3.9500000000e+02	1.5457028489e-02	-8.1685252592e-03	5.9811528478e-05	3.6886552527e-05
3.9600000000e+02	1.5493917801e-02	-8.2283834424e-03	5.9904801119e-05	3.6892063188e-05
3.9700000000e+02	1.5530812602e-02	-8.2883347876e-03	5.9997852368e-05	3.6897533375e-05
3.9800000000e+02	1.5567712854e-02	-8.3483790737e-03	6.0090683236e-05	3.6902963481e-05
3.9900000000e+02	1.5604618516e-02	-8.4085160809e-03	6.0183294729e-05	3.6908353894e-05
4.0000000000e+02	1.5641529549e-02	-8.4687455904e-03	6.0275687848e-05	3.6913704996e-05
4.0100000000e+02	1.5678445913e-02	-8.5290673842e-03	6.0367863584e-05	3.6919017168e-05
4.0200000000e+02	1.5715367570e-02	-8.5894812454e-03	6.0459822925e-05	3.6924290782e-05
4.0300000000e+02	1.5752294482e-02	-8.6499869582e-03	6.0551566849e-05	3.6929526208e-05
4.0400000000e+02	1.5789226610e-02	-8.7105843076e-03	6.0643096331e-05	3.6934723812e-05
4.0500000000e+02	1.5826163917e-02	-8.7712730797e-03	6.0734412338e-05	3.6939883955e-05
4.0600000000e+02	1.5863106366e-02	-8.8320530615e-03	6.0825515830e-05	3.6945006994e-05
4.0700000000e+02	1.5900053919e-02	-8.8929240409e-03	6.0916407763e-05	3.6950093280e-05
4.0800000000e+02	1.5937006540e-02	-8.9538858068e-03	6.1007089085e-05	3.6955143163e-05
4.0900000000e+02	1.5973964193e-02	-9.0149381491e-03	6.1097560739e-05	3.6960156986e-05
4.1000000000e+02	1.6010926842e-02	-9.0760808587e-03	6.1187823661e-05	3.6965135090e-05
4.1100000000e+02	1.6047894451e-02	-9.1373137272e-03	6.1277878780e-05	3.6970077811e-05
4.1200000000e+02	1.6084866986e-02	-9.1986365473e-03	6.1367727023e-05	3.6974985481e-05
4.1300000000e+02	1.6121844411e-02	-9.2600491126e-03	6.1457369306e-05	3.6979858430e-05
4.1400000000e+02	1.6158826691e-02	-9.3215512176e-03	6.1546806543e-05	3.6984696980e-05
4.1500000000e+02	1.6195813793e-02	-9.3831426576e-03	6.1636039641e-05	3.6989501455e-05
4.1600000000e+02	1.6232805683e-02	-9.4448232291e-03	6.1725069500e-05	3.6994272169e-05
4.1700000000e+02	1.6269802327e-02	-9.5065927292e-03	6.1813897016e-05	3.6999009438e-05
4.1800000000e+02	1.6306803691e-02	-9.5684509560e-03	6.1902523079e-05	3.7003713571e-05
4.1900000000e+02	1.6343809743e-02	-9.6303977085e-03	6.1990948571e-05	3.7008384875e-05
4.2000000000e+02	1.6380820450e-02	-9.6924327866e-03	6.2079174372e-05	3.7013023651e-05
4.2100000000e+02	1.6417835779e-02	-9.7545559910e-03	6.2167201355e-05	3.7017630201e-05
4.2200000000e+02	1.6454855700e-02	-9.8167671233e-03	6.2255030386e-05	3.7022204819e-05
4.2300000000e+02	1.6491880179e-02	-9.8790659860e-03	6.2342662328e-05	3.7026747798e-05
4.2400000000e+02	1.6528909185e-02	-9.9414523825e-03	6.2430098036e-05	3.7031259428e-05
4.2500000000e+02	1.6565942687e-02	-1.0003926117e-02	6.2517338362e-05	3.7035739995e-05
4.2600000000e+02	1.6602980654e-02	-1.0066486994e-02	6.2604384152e-05	3.7040189781e-05
4.2700000000e+02	1.6640023056e-02	-1.0129134821e-02	6.2691236246e-05	3.7044609065e-05
4.2800000000e+02	1.6677069863e-02	-1.0191869403e-02	6.2777895479e-05	3.7048998125e-05
4.2900000000e+02	1.6714121043e-02	-1.0254690548e-02	6.2864362681e-05	3.7053357234e-05
4.3000000000e+02	1.6751176567e-02	-1.0317598064e-02	6.2950638678e-05	3.7057686662e-05
4.3100000000e+02	1.6788236406e-02	-1.0380591762e-02	6.3036724287e-05	3.7061986676e-05
4.3200000000e+02	1.6825300531e-02	-1.0443671450e-02	6.3122620325e-05	3.7066257541e-05
4.3300000000e+02	1.6862368912e-02	-1.0506836939e-02	6.3208327600e-05	3.7070499517e-05
4.3400000000e+02	1.6899441520e-02	-1.0570088042e-02	6.3293846918e-05	3.7074712864e-05
4.3500000000e+02	1.6936518328e-02	-1.0633424571e-02	6.3379179077e-05	3.7078897836e-05
4.3600000000e+02	1.6973599307e-02	-1.0696846338e-02	6.3464324873e-05	3.7083054687e-05
4.3700000000e+02	1.7010684428e-02	-1.0760353159e-02	6.3549285095e-05	3.7087183666e-05
4.3800000000e+02	1.7047773665e-02	-1.0823944847e-02	6.3634060528e-05	3.7091285021e-05
4.3900000000e+02	1.7084866989e-02	-1.0887621218e-02	6.3718651953e-05	3.7095358997e-05
4.4000000000e+02	1.7121964374e-02	-1.0951382090e-02	6.3803060144e-05	3.7099405833e-05
4.4100000000e+02	1.7159065792e-02	-1.1015227278e-02	6.3887285872e-05	3.7103425771e-05
4.4200000000e+02	1.7196171216e-02	-1.1079156601e-02	6.3971329903e-05	3.7107419047e-05
4.4300000000e+02	1.7233280621e-02	-1.1143169877e-02	6.4055192998e-05	3.7111385894e-05
4.4400000000e+02	1.7270393979e-02	-1.1207266927e-02	6.4138875915e-05	3.7115326544e-05
4.4500000000e+02	1.7307511265e-02	-1.1271447569e-02	6.4222379404e-05	3.7119241225e-05
4.4600000000e+02	1.7344632453e-02	-1.1335711626e-02	6.4305704213e-05	3.7123130165e-05
4.4700000000e+02	1.7381757517e-02	-1.1400058918e-02	6.4388851086e-05	3.7126993587e-05
4.4800000000e+02	1.7418886432e-02	-1.1464489269e-02	6.4471820761e-05	3.7130831712e-05
4.4900000000e+02	1.7456019172e-02	-1.1529002501e-02	6.4554613972e-05	3.7134644760e-05
4.5000000000e+02	1.7493155713e-02	-1.1593598438e-02	6.4637231448e-05	3.7138432948e-05
4.5100000000e+02	1.7530296030e-02	-1.1658276906e-02	6.4719673915e-05	3.7142196490e-05
4.5200000000e+02	1.7567440098e-02	-1.1723037728e-02	6.4801942093e-05	3.7145935598e-05
4.5300000000e+02	1.7604587893e-02	-1.1787880732e-02	6.4884036700e-05	3.7149650483e-05
4.5400000000e+02	1.7641739391e-02	-1.1852805744e-02	6.4965958447e-05	3.7153341351e-05
4.5500000000e+02	1.7678894568e-02	-1.1917812592e-02	6.5047708043e-05	3.7157008408e-05
4.5600000000e+02	1.7716053400e-02	-1.1982901103e-02	6.5129286190e-05	3.7160651858e-05
4.5700000000e+02	1.7753215864e-02	-1.2048071107e-02	6.5210693590e-05	3.7164271902e-05
4.5800000000e+02	1.7790381936e-02	-1.2113322433e-02	6.5291930937e-05	3.7167868738e-05
4.5900000000e+02	1.7827551594e-02	-1.2178654912e-02	6.5372998924e-05	3.7171442565e-05
4.6000000000e+02	1.7864724813e-02	-1.2244068375e-02	6.5453898236e-05	3.7174993575e-05
4.6100000000e+02	1.7901901573e-02	-1.2309562653e-02	6.5534629558e-05	3.7178521963e-05
4.6200000000e+02	1.7939081850e-02	-1.2375137578e-02	6.5615193568e-05	3.7182027919e-05
4.6300000000e+02	1.7976265622e-02	-1.2440792984e-02	6.5695590942e-05	3.7185511632e-05
4.6400000000e+02	1.8013452866e-02	-1.2506528705e-02	6.5775822351e-05	3.7188973288e-05
4.6500000000e+02	1.8050643561e-02	-1.2572344574e-02	6.5855888462e-05	3.7192413073e-05
4.6600000000e+02	1.8087837685e-02	-1.2638240427e-02	6.5935789939e-05	3.7195831169e-05
4.6700000000e+02	1.8125035216e-02	-1.2704216099e-02	6.6015527442e-05	3.7199227757e-05
4.6800000000e+02	1.8162236133e-02	-1.2770271427e-02	6.6095101625e-05	3.7202603018e-05
4.6900000000e+02	1.8199440415e-02	-1.2836406248e-02	6.6174513141e-05	3.7205957127e-05
4.7000000000e+02	1.8236648040e-02	-1.2902620400e-02	6.6253762639e-05	3.7209290260e-05
4.7100000000e+02	1.8273858989e-02	-1.2968913720e-02	6.6332850761e-05	3.7212602591e-05
4.7200000000e+02	1.8311073239e-02	-1.3035286048e-02	6.6411778149e-05	3.7215894293e-05
4.7300000000e+02	1.8348290770e-02	-1.3101737223e-02	6.6490545440e-05	3.7219165534e-05
4.7400000000e+02	1.8385511563e-02	-1.3168267085e-02	6.6569153267e-05	3.7222416484e-05
4.7500000000e+02	1.8422735597e-02	-1.3234875476e-02	6.6647602259e-05	3.7225647309e-05
4.7600000000e+02	1.8459962851e-02	-1.3301562237e-02	6.6725893042e-05	3.7228858174e-05
4.7700000000e+02	1.8497193306e-02	-1.3368327210e-02	6.6804026240e-05	3.7232049242e-05
4.7800000000e+02	1.8534426943e-02	-1.3435170237e-02	6.6882002469e-05	3.7235220676e-05
4.7900000000e+02	1.8571663741e-02	-1.3502091163e-02	6.6959822346e-05	3.7238372634e-05
4.8000000000e+02	1.8608903682e-02	-1.3569089830e-02	6.7037486483e-05	3.7241505276e-05
4.8100000000e+02	1.8646146745e-02	-1.3636166084e-02	6.7114995487e-05	3.7244618757e-05
4.8200000000e+02	1.8683392913e-02	-1.3703319770e-02	6.7192349964e-05	3.7247713234e-05
4.8300000000e+02	1.8720642166e-02	-1.3770550733e-02	6.7269550514e-05	3.7250788860e-05
4.8400000000e+02	1.8757894484e-02	-1.3837858819e-02	6.7346597735e-05	3.7253845787e-05
4.8500000000e+02	1.8795149851e-02	-1.3905243877e-02	6.7423492223e-05	3.7256884165e-05
4.8600000000e+02	1.8832408247e-02	-1.3972705753e-02	6.7500234568e-05	3.7259904144e-05
4.8700000000e+02	1.8869669653e-02	-1.4040244296e-02	6.7576825357e-05	3.7262905872e-05
4.8800000000e+02	1.8906934052e-02	-1.4107859354e-02	6.7653265176e-05	3.7265889493e-05
4.8900000000e+02	1.8944201426e-02	-1.4175550776e-02	6.7729554606e-05	3.7268855154e-05
4.9000000000e+02	1.8981471757e-02	-1.4243318413e-02	6.7805694224e-05	3.7271802996e-05
4.9100000000e+02	1.9018745026e-02	-1.4311162115e-02	6.7881684605e-05	3.7274733163e-05
4.9200000000e+02	1.9056021217e-02	-1.4379081733e-02	6.7957526321e-05	3.7277645794e-05
4.9300000000e+02	1.9093300312e-02	-1.4447077118e-02	6.8033219939e-05	3.7280541029e-05
4.9400000000e+02	1.9130582293e-02	-1.4515148123e-02	6.8108766026e-05	3.7283419004e-05
4.9500000000e+02	1.9167867144e-02	-1.4583294601e-02	6.8184165142e-05	3.7286279857e-05
4.9600000000e+02	1.9205154848e-02	-1.4651516405e-02	6.8259417847e-05	3.7289123722e-05
4.9700000000e+02	1.9242445386e-02	-1.4719813388e-02	6.8334524697e-05	3.7291950733e-05
4.9800000000e+02	1.9279738743e-02	-1.4788185406e-02	6.8409486243e-05	3.7294761022e-05
4.9900000000e+02	1.9317034903e-02	-1.4856632312e-02	6.8484303036e-05	3.7297554721e-05
5.0000000000e+02	1.9354333847e-02	-1.4925153964e-02	6.8558975622e-05	3.7300331958e-05
5.0100000000e+02	1.9391635561e-02	-1.4993750216e-02	6.8633504545e-05	3.7303092864e-05
5.0200000000e+02	1.9428940028e-02	-1.5062420925e-02	6.8707890344e-05	3.7305837563e-05
5.0300000000e+02	1.9466247231e-02	-1.5131165949e-02	6.8782133558e-05	3.7308566184e-05
5.0400000000e+02	1.9503557155e-02	-1.5199985145e-02	6.8856234721e-05	3.7311278851e-05
5.0500000000e+02	1.9540869783e-02	-1.5268878371e-02	6.8930194365e-05	3.7313975686e-05
5.0600000000e+02	1.9578185101e-02	-1.5337845487e-02	6.9004013019e-05	3.7316656814e-05
5.0700000000e+02	1.9615503092e-02	-1.5406886350e-02	6.9077691207e-05	3.7319322354e-05
5.0800000000e+02	1.9652823740e-02	-1.5476000822e-02	6.9151229454e-05	3.7321972427e-05
5.0900000000e+02	1.9690147032e-02	-1.5545188763e-02	6.9224628280e-05	3.7324607152e-05
5.1000000000e+02	1.9727472950e-02	-1.5614450033e-02	6.9297888201e-05	3.7327226647e-05
5.1100000000e+02	1.9764801480e-02	-1.5683784493e-02	6.9371009732e-05	3.7329831028e-05
5.1200000000e+02	1.9802132607e-02	-1.5753192006e-02	6.9443993384e-05	3.7332420411e-05
5.1300000000e+02	1.9839466316e-02	-1.5822672434e-02	6.9516839668e-05	3.7334994911e-05
5.1400000000e+02	1.9876802592e-02	-1.5892225640e-02	6.9589549088e-05	3.7337554640e-05
5.1500000000e+02	1.9914141420e-02	-1.5961851487e-02	6.9662122149e-05	3.7340099712e-05
5.1600000000e+02	1.9951482786e-02	-1.6031549839e-02	6.9734559351e-05	3.7342630236e-05
5.1700000000e+02	1.9988826676e-02	-1.6101320560e-02	6.9806861192e-05	3.7345146324e-05
5.1800000000e+02	2.0026173074e-02	-1.6171163516e-02	6.9879028167e-05	3.7347648085e-05
5.1900000000e+02	2.0063521967e-02	-1.6241078572e-02	6.9951060769e-05	3.7350135627e-05
5.2000000000e+02	2.0100873341e-02	-1.6311065593e-02	7.0022959488e-05	3.7352609056e-05
5.2100000000e+02	2.0138227181e-02	-1.6381124446e-02	7.0094724812e-05	3.7355068480e-05
5.2200000000e+02	2.0175583473e-02	-1.6451254998e-02	7.0166357225e-05	3.7357514003e-05
5.2300000000e+02	2.0212942204e-02	-1.6521457117e-02	7.0237857210e-05	3.7359945729e-05
5.2400000000e+02	2.0250303360e-02	-1.6591730669e-02	7.0309225246e-05	3.7362363761e-05
5.2500000000e+02	2.0287666927e-02	-1.6662075523e-02	7.0380461810e-05	3.7364768202e-05
5.2600000000e+02	2.0325032892e-02	-1.6732491549e-02	7.0451567378e-05	3.7367159153e-05
5.2700000000e+02	2.0362401241e-02	-1.6802978615e-02	7.0522542420e-05	3.7369536715e-05
5.2800000000e+02	2.0399771961e-02	-1.6873536590e-02	7.0593387407e-05	3.7371900986e-05
5.2900000000e+02	2.0437145038e-02	-1.6944165346e-02	7.0664102806e-05	3.7374252065e-05
5.3000000000e+02	2.0474520461e-02	-1.7014864753e-02	7.0734689082e-05	3.7376590050e-05
5.3100000000e+02	2.0511898214e-02	-1.7085634682e-02	7.0805146696e-05	3.7378915037e-05
5.3200000000e+02	2.0549278286e-02	-1.7156475004e-02	7.0875476109e-05	3.7381227123e-05
5.3300000000e+02	2.0586660664e-02	-1.7227385591e-02	7.0945677777e-05	3.7383526401e-05
5.3400000000e+02	2.0624045335e-02	-1.7298366317e-02	7.1015752157e-05	3.7385812967e-05
5.3500000000e+02	2.0661432286e-02	-1.7369417053e-02	7.1085699699e-05	3.7388086913e-05
5.3600000000e+02	2.0698821505e-02	-1.7440537674e-02	7.1155520855e-05	3.7390348332e-05
5.3700000000e+02	2.0736212978e-02	-1.7511728053e-02	7.1225216073e-05	3.7392597315e-05
5.3800000000e+02	2.0773606695e-02	-1.7582988064e-02	7.1294785798e-05	3.7394833954e-05
5.3900000000e+02	2.0811002642e-02	-1.7654317583e-02	7.1364230473e-05	3.7397058336e-05
5.4000000000e+02	2.0848400808e-02	-1.7725716484e-02	7.1433550540e-05	3.7399270553e-05
5.4100000000e+02	2.0885801179e-02	-1.7797184643e-02	7.1502746436e-05	3.7401470691e-05
5.4200000000e+02	2.0923203745e-02	-1.7868721935e-02	7.1571818598e-05	3.7403658839e-05
5.4300000000e+02	2.0960608493e-02	-1.7940328239e-02	7.1640767462e-05	3.7405835083e-05
5.4400000000e+02	2.0998015411e-02	-1.8012003429e-02	7.1709593457e-05	3.7407999509e-05
5.4500000000e+02	2.1035424488e-02	-1.8083747385e-02	7.1778297014e-05	3.7410152202e-05
5.4600000000e+02	2.1072835712e-02	-1.8155559983e-02	7.1846878561e-05	3.7412293247e-05
5.4700000000e+02	2.1110249071e-02	-1.8227441101e-02	7.1915338523e-05	3.7414422726e-05
5.4800000000e+02	2.1147664553e-02	-1.8299390619e-02	7.1983677322e-05	3.7416540723e-05
5.4900000000e+02	2.1185082148e-02	-1.8371408416e-02	7.2051895381e-05	3.7418647320e-05
5.5000000000e+02	2.1222501844e-02	-1.8443494370e-02	7.2119993117e-05	3.7420742599e-05
5.5100000000e+02	2.1259923630e-02	-1.8515648362e-02	7.2187970947e-05	3.7422826639e-05
5.5200000000e+02	2.1297347494e-02	-1.8587870272e-02	7.2255829286e-05	3.7424899521e-05
5.5300000000e+02	2.1334773425e-02	-1.8660159981e-02	7.2323568546e-05	3.7426961325e-05
5.5400000000e+02	2.1372201413e-02	-1.8732517370e-02	7.2391189138e-05	3.7429012127e-05
5.5500000000e+02	2.1409631446e-02	-1.8804942320e-02	7.2458691469e-05	3.7431052008e-05
5.5600000000e+02	2.1447063513e-02	-1.8877434713e-02	7.2526075947e-05	3.7433081043e-05
5.5700000000e+02	2.1484497604e-02	-1.8949994432e-02	7.2593342974e-05	3.7435099309e-05
5.5800000000e+02	2.1521933708e-02	-1.9022621360e-02	7.2660492954e-05	3.7437106882e-05
5.5900000000e+02	2.1559371815e-02	-1.9095315379e-02	7.2727526286e-05	3.7439103837e-05
5.6000000000e+02	2.1596811912e-02	-1.9168076374e-02	7.2794443369e-05	3.7441090249e-05
5.6100000000e+02	2.1634253992e-02	-1.9240904228e-02	7.2861244597e-05	3.7443066191e-05
5.6200000000e+02	2.1671698041e-02	-1.9313798825e-02	7.2927930367e-05	3.7445031737e-05
5.6300000000e+02	2.1709144052e-02	-1.9386760050e-02	7.2994501068e-05	3.7446986959e-05
5.6400000000e+02	2.1746592012e-02	-1.9459787789e-02	7.3060957093e-05	3.7448931928e-05
5.6500000000e+02	2.1784041912e-02	-1.9532881926e-02	7.3127298828e-05	3.7450866718e-05
5.6600000000e+02	2.1821493742e-02	-1.9606042348e-02	7.3193526661e-05	3.7452791397e-05
5.6700000000e+02	2.1858947491e-02	-1.9679268942e-02	7.3259640975e-05	3.7454706036e-05
5.6800000000e+02	2.1896403151e-02	-1.9752561593e-02	7.3325642154e-05	3.7456610705e-05
5.6900000000e+02	2.1933860710e-02	-1.9825920188e-02	7.3391530576e-05	3.7458505472e-05
5.7000000000e+02	2.1971320158e-02	-1.9899344616e-02	7.3457306622e-05	3.7460390407e-05
5.7100000000e+02	2.2008781487e-02	-1.9972834764e-02	7.3522970668e-05	3.7462265575e-05
5.7200000000e+02	2.2046244686e-02	-2.0046390520e-02	7.3588523088e-05	3.7464131045e-05
5.7300000000e+02	2.2083709746e-02	-2.0120011773e-02	7.3653964257e-05	3.7465986883e-05
5.7400000000e+02	2.2121176657e-02	-2.0193698412e-02	7.3719294545e-05	3.7467833156e-05
5.7500000000e+02	2.2158645409e-02	-2.0267450326e-02	7.3784514321e-05	3.7469669928e-05
5.7600000000e+02	2.2196115994e-02	-2.0341267404e-02	7.3849623954e-05	3.7471497264e-05
5.7700000000e+02	2.2233588401e-02	-2.0415149537e-02	7.3914623808e-05	3.7473315228e-05
5.7800000000e+02	2.2271062621e-02	-2.0489096615e-02	7.3979514249e-05	3.7475123886e-05
5.7900000000e+02	2.2308538645e-02	-2.0563108529e-02	7.4044295638e-05	3.7476923299e-05
5.8000000000e+02	2.2346016464e-02	-2.0637185170e-02	7.4108968335e-05	3.7478713530e-05
5.8100000000e+02	2.2383496069e-02	-2.0711326430e-02	7.4173532700e-05	3.7480494641e-05
5.8200000000e+02	2.2420977451e-02	-2.0785532199e-02	7.4237989090e-05	3.7482266695e-05
5.8300000000e+02	2.2458460600e-02	-2.0859802372e-02	7.4302337859e-05	3.7484029752e-05
5.8400000000e+02	2.2495945507e-02	-2.0934136839e-02	7.4366579361e-05	3.7485783873e-05
5.8500000000e+02	2.2533432164e-02	-2.1008535495e-02	7.4430713948e-05	3.7487529118e-05
5.8600000000e+02	2.2570920563e-02	-2.1082998232e-02	7.4494741970e-05	3.7489265547e-05
5.8700000000e+02	2.2608410693e-02	-2.1157524943e-02	7.4558663775e-05	3.7490993218e-05
5.8800000000e+02	2.2645902546e-02	-2.1232115524e-02	7.4622479711e-05	3.7492712190e-05
5.8900000000e+02	2.2683396114e-02	-2.1306769868e-02	7.4686190122e-05	3.7494422522e-05
5.9000000000e+02	2.2720891388e-02	-2.1381487869e-02	7.4749795352e-05	3.7496124270e-05
5.9100000000e+02	2.2758388360e-02	-2.1456269423e-02	7.4813295742e-05	3.7497817493e-05
5.9200000000e+02	2.2795887020e-02	-2.1531114426e-02	7.4876691632e-05	3.7499502247e-05
5.9300000000e+02	2.2833387362e-02	-2.1606022772e-02	7.4939983362e-05	3.7501178587e-05
5.9400000000e+02	2.2870889375e-02	-2.1680994358e-02	7.5003171267e-05	3.7502846571e-05
5.9500000000e+02	2.2908393052e-02	-2.1756029080e-02	7.5066255684e-05	3.7504506252e-05
5.9600000000e+02	2.2945898385e-02	-2.1831126835e-02	7.5129236945e-05	3.7506157687e-05
5.9700000000e+02	2.2983405365e-02	-2.1906287520e-02	7.5192115384e-05	3.7507800929e-05
5.9800000000e+02	2.3020913984e-02	-2.1981511032e-02	7.5254891330e-05	3.7509436032e-05
5.9900000000e+02	2.3058424234e-02	-2.2056797268e-02	7.5317565112e-05	3.7511063049e-05
6.0000000000e+02	2.3095936107e-02	-2.2132146128e-02	7.5380137058e-05	3.7512682035e-05
6.0100000000e+02	2.3133449595e-02	-2.2207557509e-02	7.5442607494e-05	3.7514293041e-05
6.0200000000e+02	2.3170964691e-02	-2.2283031309e-02	7.5504976744e-05	3.7515896119e-05
6.0300000000e+02	2.3208481385e-02	-2.2358567428e-02	7.5567245130e-05	3.7517491322e-05
6.0400000000e+02	2.3245999671e-02	-2.2434165766e-02	7.5629412974e-05	3.7519078701e-05
6.0500000000e+02	2.3283519540e-02	-2.2509826221e-02	7.5691480596e-05	3.7520658306e-05
6.0600000000e+02	2.3321040985e-02	-2.2585548694e-02	7.5753448314e-05	3.7522230189e-05
6.0700000000e+02	2.3358563998e-02	-2.2661333084e-02	7.5815316445e-05	3.7523794399e-05
6.0800000000e+02	2.3396088571e-02	-2.2737179294e-02	7.5877085303e-05	3.7525350986e-05
6.0900000000e+02	2.3433614697e-02	-2.2813087222e-02	7.5938755204e-05	3.7526899999e-05
6.1000000000e+02	2.3471142368e-02	-2.2889056771e-02	7.6000326458e-05	3.7528441487e-05
6.1100000000e+02	2.3508671577e-02	-2.2965087842e-02	7.6061799377e-05	3.7529975499e-05
6.1200000000e+02	2.3546202317e-02	-2.3041180337e-02	7.6123174271e-05	3.7531502083e-05
6.1300000000e+02	2.3583734579e-02	-2.3117334158e-02	7.6184451447e-05	3.7533021287e-05
6.1400000000e+02	2.3621268357e-02	-2.3193549208e-02	7.6245631213e-05	3.7534533157e-05
6.1500000000e+02	2.3658803643e-02	-2.3269825388e-02	7.6306713872e-05	3.7536037742e-05
6.1600000000e+02	2.3696340430e-02	-2.3346162603e-02	7.6367699729e-05	3.7537535087e-05
6.1700000000e+02	2.3733878711e-02	-2.3422560755e-02	7.6428589086e-05	3.7539025239e-05
6.1800000000e+02	2.3771418478e-02	-2.3499019749e-02	7.6489382245e-05	3.7540508244e-05
6.1900000000e+02	2.3808959725e-02	-2.3575539488e-02	7.6550079504e-05	3.7541984146e-05
6.2000000000e+02	2.3846502444e-02	-2.3652119876e-02	7.6610681162e-05	3.7543452993e-05
6.2100000000e+02	2.3884046629e-02	-2.3728760819e-02	7.6671187516e-05	3.7544914827e-05
6.2200000000e+02	2.3921592271e-02	-2.3805462220e-02	7.6731598860e-05	3.7546369694e-05
6.2300000000e+02	2.3959139366e-02	-2.3882223985e-02	7.6791915490e-05	3.7547817637e-05
6.2400000000e+02	2.3996687904e-02	-2.3959046019e-02	7.6852137698e-05	3.7549258701e-05
6.2500000000e+02	2.4034237881e-02	-2.4035928229e-02	7.6912265775e-05	3.7550692928e-05
6.2600000000e+02	2.4071789288e-02	-2.4112870519e-02	7.6972300012e-05	3.7552120363e-05
6.2700000000e+02	2.4109342119e-02	-2.4189872798e-02	7.7032240697e-05	3.7553541047e-05
6.2800000000e+02	2.4146896368e-02	-2.4266934970e-02	7.7092088117e-05	3.7554955023e-05
6.2900000000e+02	2.4184452027e-02	-2.4344056943e-02	7.7151842559e-05	3.7556362332e-05
6.3000000000e+02	2.4222009090e-02	-2.4421238624e-02	7.7211504308e-05	3.7557763018e-05
6.3100000000e+02	2.4259567551e-02	-2.4498479921e-02	7.7271073648e-05	3.7559157120e-05
6.3200000000e+02	2.4297127402e-02	-2.4575780741e-02	7.7330550859e-05	3.7560544681e-05
6.3300000000e+02	2.4334688638e-02	-2.4653140992e-02	7.7389936224e-05	3.7561925741e-05
6.3400000000e+02	2.4372251252e-02	-2.4730560582e-02	7.7449230022e-05	3.7563300340e-05
6.3500000000e+02	2.4409815237e-02	-2.4808039421e-02	7.7508432532e-05	3.7564668518e-05
6.3600000000e+02	2.4447380587e-02	-2.4885577417e-02	7.7567544031e-05	3.7566030316e-05
6.3700000000e+02	2.4484947295e-02	-2.4963174479e-02	7.7626564795e-05	3.7567385772e-05
6.3800000000e+02	2.4522515356e-02	-2.5040830517e-02	7.7685495098e-05	3.7568734927e-05
6.3900000000e+02	2.4560084763e-02	-2.5118545439e-02	7.7744335215e-05	3.7570077818e-05
6.4000000000e+02	2.4597655510e-02	-2.5196319157e-02	7.7803085417e-05	3.7571414485e-05
6.4100000000e+02	2.4635227590e-02	-2.5274151580e-02	7.7861745975e-05	3.7572744966e-05
6.4200000000e+02	2.4672800998e-02	-2.5352042619e-02	7.7920317160e-05	3.7574069299e-05
6.4300000000e+02	2.4710375726e-02	-2.5429992185e-02	7.7978799240e-05	3.7575387521e-05
6.4400000000e+02	2.4747951771e-02	-2.5508000188e-02	7.8037192482e-05	3.7576699670e-05
6.4500000000e+02	2.4785529124e-02	-2.5586066540e-02	7.8095497154e-05	3.7578005783e-05
6.4600000000e+02	2.4823107780e-02	-2.5664191153e-02	7.8153713519e-05	3.7579305898e-05
6.4700000000e+02	2.4860687734e-02	-2.5742373938e-02	7.8211841842e-05	3.7580600049e-05
6.4800000000e+02	2.4898268978e-02	-2.5820614807e-02	7.8269882385e-05	3.7581888275e-05
6.4900000000e+02	2.4935851508e-02	-2.5898913674e-02	7.8327835411e-05	3.7583170611e-05
6.5000000000e+02	2.4973435318e-02	-2.5977270449e-02	7.8385701179e-05	3.7584447092e-05
6.5100000000e+02	2.5011020400e-02	-2.6055685047e-02	7.8443479950e-05	3.7585717755e-05
6.5200000000e+02	2.5048606751e-02	-2.6134157380e-02	7.8501171980e-05	3.7586982634e-05
6.5300000000e+02	2.5086194364e-02	-2.6212687362e-02	7.8558777528e-05	3.7588241765e-05
6.5400000000e+02	2.5123783233e-02	-2.6291274906e-02	7.8616296849e-05	3.7589495181e-05
6.5500000000e+02	2.5161373352e-02	-2.6369919927e-02	7.8673730197e-05	3.7590742918e-05
6.5600000000e+02	2.5198964717e-02	-2.6448622338e-02	7.8731077828e-05	3.7591985010e-05
6.5700000000e+02	2.5236557320e-02	-2.6527382054e-02	7.8788339992e-05	3.7593221490e-05
6.5800000000e+02	2.5274151158e-02	-2.6606198990e-02	7.8845516942e-05	3.7594452392e-05
6.5900000000e+02	2.5311746223e-02	-2.6685073060e-02	7.8902608927e-05	3.7595677751e-05
6.6000000000e+02	2.5349342511e-02	-2.6764004179e-02	7.8959616198e-05	3.7596897598e-05
6.6100000000e+02	2.5386940017e-02	-2.6842992264e-02	7.9016539003e-05	3.7598111966e-05
6.6200000000e+02	2.5424538734e-02	-2.6922037229e-02	7.9073377588e-05	3.7599320890e-05
6.6300000000e+02	2.5462138657e-02	-2.7001138991e-02	7.9130132199e-05	3.7600524400e-05
6.6400000000e+02	2.5499739781e-02	-2.7080297466e-02	7.9186803082e-05	3.7601722529e-05
6.6500000000e+02	2.5537342100e-02	-2.7159512570e-02	7.9243390481e-05	3.7602915309e-05
6.6600000000e+02	2.5574945609e-02	-2.7238784219e-02	7.9299894637e-05	3.7604102772e-05
6.6700000000e+02	2.5612550304e-02	-2.7318112331e-02	7.9356315795e-05	3.7605284949e-05
6.6800000000e+02	2.5650156178e-02	-2.7397496823e-02	7.9412654193e-05	3.7606461871e-05
6.6900000000e+02	2.5687763226e-02	-2.7476937612e-02	7.9468910071e-05	3.7607633570e-05
6.7000000000e+02	2.5725371443e-02	-2.7556434616e-02	7.9525083670e-05	3.7608800076e-05
6.7100000000e+02	2.5762980824e-02	-2.7635987752e-02	7.9581175225e-05	3.7609961420e-05
6.7200000000e+02	2.5800591364e-02	-2.7715596939e-02	7.9637184975e-05	3.7611117632e-05
6.7300000000e+02	2.5838203058e-02	-2.7795262095e-02	7.9693113154e-05	3.7612268743e-05
6.7400000000e+02	2.5875815900e-02	-2.7874983138e-02	7.9748959997e-05	3.7613414782e-05
6.7500000000e+02	2.5913429886e-02	-2.7954759988e-02	7.9804725738e-05	3.7614555778e-05
6.7600000000e+02	2.5951045010e-02	-2.8034592563e-02	7.9860410610e-05	3.7615691762e-05
6.7700000000e+02	2.5988661267e-02	-2.8114480782e-02	7.9916014844e-05	3.7616822762e-05
6.7800000000e+02	2.6026278654e-02	-2.8194424566e-02	7.9971538671e-05	3.7617948808e-05
6.7900000000e+02	2.6063897163e-02	-2.8274423833e-02	8.0026982321e-05	3.7619069929e-05
6.8000000000e+02	2.6101516792e-02	-2.8354478504e-02	8.0082346023e-05	3.7620186152e-05
6.8100000000e+02	2.6139137534e-02	-2.8434588498e-02	8.0137630003e-05	3.7621297507e-05
6.8200000000e+02	2.6176759385e-02	-2.8514753737e-02	8.0192834490e-05	3.7622404022e-05
6.8300000000e+02	2.6214382341e-02	-2.8594974141e-02	8.0247959709e-05	3.7623505724e-05
6.8400000000e+02	2.6252006395e-02	-2.8675249630e-02	8.0303005885e-05	3.7624602642e-05
6.8500000000e+02	2.6289631544e-02	-2.8755580126e-02	8.0357973242e-05	3.7625694803e-05
6.8600000000e+02	2.6327257783e-02	-2.8835965550e-02	8.0412862002e-05	3.7626782234e-05
6.8700000000e+02	2.6364885107e-02	-2.8916405824e-02	8.0467672389e-05	3.7627864963e-05
6.8800000000e+02	2.6402513512e-02	-2.8996900869e-02	8.0522404623e-05	3.7628943017e-05
6.8900000000e+02	2.6440142992e-02	-2.9077450607e-02	8.0577058925e-05	3.7630016422e-05
6.9000000000e+02	2.6477773543e-02	-2.9158054961e-02	8.0631635513e-05	3.7631085206e-05
6.9100000000e+02	2.6515405161e-02	-2.9238713853e-02	8.0686134607e-05	3.7632149394e-05
6.9200000000e+02	2.6553037840e-02	-2.9319427205e-02	8.0740556423e-05	3.7633209013e-05
6.9300000000e+02	2.6590671577e-02	-2.9400194940e-02	8.0794901179e-05	3.7634264088e-05
6.9400000000e+02	2.6628306367e-02	-2.9481016981e-02	8.0849169089e-05	3.7635314647e-05
6.9500000000e+02	2.6665942205e-02	-2.9561893252e-02	8.0903360370e-05	3.7636360714e-05
6.9600000000e+02	2.6703579087e-02	-2.9642823677e-02	8.0957475235e-05	3.7637402315e-05
6.9700000000e+02	2.6741217008e-02	-2.9723808177e-02	8.1011513896e-05	3.7638439475e-05
6.9800000000e+02	2.6778855964e-02	-2.9804846679e-02	8.1065476566e-05	3.7639472220e-05
6.9900000000e+02	2.6816495951e-02	-2.9885939105e-02	8.1119363457e-05	3.7640500574e-05
7.0000000000e+02	2.6854136964e-02	-2.9967085381e-02	8.1173174778e-05	3.7641524562e-05
7.0100000000e+02	2.6891778999e-02	-3.0048285430e-02	8.1226910740e-05	3.7642544209e-05
7.0200000000e+02	2.6929422051e-02	-3.0129539177e-02	8.1280571550e-05	3.7643559540e-05
7.0300000000e+02	2.6967066116e-02	-3.0210846548e-02	8.1334157417e-05	3.7644570578e-05
7.0400000000e+02	2.7004711191e-02	-3.0292207467e-02	8.1387668548e-05	3.7645577347e-05
7.0500000000e+02	2.7042357270e-02	-3.0373621860e-02	8.1441105149e-05	3.7646579873e-05
7.0600000000e+02	2.7080004349e-02	-3.0455089653e-02	8.1494467424e-05	3.7647578177e-05
7.0700000000e+02	2.7117652425e-02	-3.0536610770e-02	8.1547755580e-05	3.7648572285e-05
7.0800000000e+02	2.7155301492e-02	-3.0618185139e-02	8.1600969818e-05	3.7649562219e-05
7.0900000000e+02	2.7192951548e-02	-3.0699812685e-02	8.1654110343e-05	3.7650548003e-05
7.1000000000e+02	2.7230602587e-02	-3.0781493335e-02	8.1707177355e-05	3.7651529660e-05
7.1100000000e+02	2.7268254606e-02	-3.0863227016e-02	8.1760171057e-05	3.7652507212e-05
7.1200000000e+02	2.7305907600e-02	-3.0945013653e-02	8.1813091647e-05	3.7653480683e-05
7.1300000000e+02	2.7343561566e-02	-3.1026853175e-02	8.1865939327e-05	3.7654450096e-05
7.1400000000e+02	2.7381216499e-02	-3.1108745508e-02	8.1918714294e-05	3.7655415472e-05
7.1500000000e+02	2.7418872395e-02	-3.1190690579e-02	8.1971416747e-05	3.7656376834e-05
7.1600000000e+02	2.7456529251e-02	-3.1272688317e-02	8.2024046883e-05	3.7657334204e-05
7.1700000000e+02	2.7494187062e-02	-3.1354738649e-02	8.2076604897e-05	3.7658287605e-05
7.1800000000e+02	2.7531845825e-02	-3.1436841503e-02	8.2129090986e-05	3.7659237058e-05
7.1900000000e+02	2.7569505535e-02	-3.1518996807e-02	8.2181505343e-05	3.7660182584e-05
7.2000000000e+02	2.7607166189e-02	-3.1601204490e-02	8.2233848164e-05	3.7661124206e-05
7.2100000000e+02	2.7644827782e-02	-3.1683464479e-02	8.2286119642e-05	3.7662061945e-05
7.2200000000e+02	2.7682490311e-02	-3.1765776705e-02	8.2338319967e-05	3.7662995822e-05
7.2300000000e+02	2.7720153773e-02	-3.1848141096e-02	8.2390449334e-05	3.7663925858e-05
7.2400000000e+02	2.7757818162e-02	-3.1930557580e-02	8.2442507931e-05	3.7664852075e-05
7.2500000000e+02	2.7795483475e-02	-3.2013026088e-02	8.2494495950e-05	3.7665774492e-05
7.2600000000e+02	2.7833149710e-02	-3.2095546549e-02	8.2546413579e-05	3.7666693131e-05
7.2700000000e+02	2.7870816860e-02	-3.2178118892e-02	8.2598261007e-05	3.7667608013e-05
7.2800000000e+02	2.7908484924e-02	-3.2260743047e-02	8.2650038423e-05	3.7668519157e-05
7.2900000000e+02	2.7946153897e-02	-3.2343418945e-02	8.2701746012e-05	3.7669426585e-05
7.3000000000e+02	2.7983823776e-02	-3.2426146516e-02	8.2753383962e-05	3.7670330316e-05
7.3100000000e+02	2.8021494557e-02	-3.2508925690e-02	8.2804952458e-05	3.7671230370e-05
7.3200000000e+02	2.8059166236e-02	-3.2591756398e-02	8.2856451685e-05	3.7672126767e-05
7.3300000000e+02	2.8096838809e-02	-3.2674638570e-02	8.2907881828e-05	3.7673019526e-05
7.3400000000e+02	2.8134512274e-02	-3.2757572139e-02	8.2959243068e-05	3.7673908669e-05
7.3500000000e+02	2.8172186625e-02	-3.2840557034e-02	8.3010535591e-05	3.7674794213e-05
7.3600000000e+02	2.8209861861e-02	-3.2923593187e-02	8.3061759576e-05	3.7675676179e-05
7.3700000000e+02	2.8247537977e-02	-3.3006680530e-02	8.3112915206e-05	3.7676554585e-05
7.3800000000e+02	2.8285214969e-02	-3.3089818995e-02	8.3164002661e-05	3.7677429450e-05
7.3900000000e+02	2.8322892834e-02	-3.3173008513e-02	8.3215022120e-05	3.7678300794e-05
7.4000000000e+02	2.8360571569e-02	-3.3256249016e-02	8.3265973764e-05	3.7679168636e-05
7.4100000000e+02	2.8398251170e-02	-3.3339540438e-02	8.3316857771e-05	3.7680032994e-05
7.4200000000e+02	2.8435931634e-02	-3.3422882709e-02	8.3367674317e-05	3.7680893886e-05
7.4300000000e+02	2.8473612957e-02	-3.3506275764e-02	8.3418423581e-05	3.7681751332e-05
7.4400000000e+02	2.8511295136e-02	-3.3589719534e-02	8.3469105739e-05	3.7682605349e-05
7.4500000000e+02	2.8548978167e-02	-3.3673213953e-02	8.3519720966e-05	3.7683455955e-05
7.4600000000e+02	2.8586662046e-02	-3.3756758954e-02	8.3570269437e-05	3.7684303170e-05
7.4700000000e+02	2.8624346772e-02	-3.3840354470e-02	8.3620751327e-05	3.7685147010e-05
7.4800000000e+02	2.8662032339e-02	-3.3924000434e-02	8.3671166810e-05	3.7685987494e-05
7.4900000000e+02	2.8699718746e-02	-3.4007696781e-02	8.3721516057e-05	3.7686824640e-05
7.5000000000e+02	2.8737405987e-02	-3.4091443444e-02	8.3771799243e-05	3.7687658464e-05
7.5100000000e+02	2.8775094061e-02	-3.4175240358e-02	8.3822016537e-05	3.7688488985e-05
7.5200000000e+02	2.8812782964e-02	-3.4259087456e-02	8.3872168112e-05	3.7689316220e-05
7.5300000000e+02	2.8850472693e-02	-3.4342984672e-02	8.3922254137e-05	3.7690140186e-05
7.5400000000e+02	2.8888163244e-02	-3.4426931942e-02	8.3972274782e-05	3.7690960900e-05
7.5500000000e+02	2.8925854614e-02	-3.4510929200e-02	8.4022230217e-05	3.7691778380e-05
7.5600000000e+02	2.8963546799e-02	-3.4594976381e-02	8.4072120609e-05	3.7692592642e-05
7.5700000000e+02	2.9001239798e-02	-3.4679073420e-02	8.4121946126e-05	3.7693403704e-05
7.5800000000e+02	2.9038933606e-02	-3.4763220252e-02	8.4171706936e-05	3.7694211581e-05
7.5900000000e+02	2.9076628220e-02	-3.4847416812e-02	8.4221403204e-05	3.7695016291e-05
7.6000000000e+02	2.9114323637e-02	-3.4931663036e-02	8.4271035097e-05	3.7695817850e-05
7.6100000000e+02	2.9152019855e-02	-3.5015958861e-02	8.4320602780e-05	3.7696616274e-05
7.6200000000e+02	2.9189716869e-02	-3.5100304221e-02	8.4370106417e-05	3.7697411580e-05
7.6300000000e+02	2.9227414677e-02	-3.5184699052e-02	8.4419546172e-05	3.7698203784e-05
7.6400000000e+02	2.9265113275e-02	-3.5269143292e-02	8.4468922208e-05	3.7698992902e-05
7.6500000000e+02	2.9302812661e-02	-3.5353636876e-02	8.4518234689e-05	3.7699778950e-05
7.6600000000e+02	2.9340512832e-02	-3.5438179740e-02	8.4567483776e-05	3.7700561944e-05
7.6700000000e+02	2.9378213784e-02	-3.5522771822e-02	8.4616669630e-05	3.7701341899e-05
7.6800000000e+02	2.9415915515e-02	-3.5607413058e-02	8.4665792413e-05	3.7702118832e-05
7.6900000000e+02	2.9453618021e-02	-3.5692103386e-02	8.4714852285e-05	3.7702892757e-05
7.7000000000e+02	2.9491321299e-02	-3.5776842742e-02	8.4763849404e-05	3.7703663691e-05
7.7100000000e+02	2.9529025347e-02	-3.5861631064e-02	8.4812783931e-05	3.7704431649e-05
7.7200000000e+02	2.9566730162e-02	-3.5946468289e-02	8.4861656024e-05	3.7705196645e-05
7.7300000000e+02	2.9604435740e-02	-3.6031354355e-02	8.4910465841e-05	3.7705958696e-05
7.7400000000e+02	2.9642142078e-02	-3.6116289200e-02	8.4959213538e-05	3.7706717816e-05
7.7500000000e+02	2.9679849174e-02	-3.6201272762e-02	8.5007899272e-05	3.7707474020e-05
7.7600000000e+02	2.9717557025e-02	-3.6286304978e-02	8.5056523200e-05	3.7708227323e-05
7.7700000000e+02	2.9755265628e-02	-3.6371385787e-02	8.5105085477e-05	3.7708977741e-05
7.7800000000e+02	2.9792974980e-02	-3.6456515128e-02	8.5153586257e-05	3.7709725286e-05
7.7900000000e+02	2.9830685078e-02	-3.6541692939e-02	8.5202025696e-05	3.7710469975e-05
7.8000000000e+02	2.9868395919e-02	-3.6626919159e-02	8.5250403946e-05	3.7711211822e-05
7.8100000000e+02	2.9906107500e-02	-3.6712193727e-02	8.5298721162e-05	3.7711950841e-05
7.8200000000e+02	2.9943819819e-02	-3.6797516581e-02	8.5346977495e-05	3.7712687046e-05
7.8300000000e+02	2.9981532873e-02	-3.6882887662e-02	8.5395173097e-05	3.7713420452e-05
7.8400000000e+02	3.0019246659e-02	-3.6968306907e-02	8.5443308121e-05	3.7714151073e-05
7.8500000000e+02	3.0056961175e-02	-3.7053774258e-02	8.5491382717e-05	3.7714878923e-05
7.8600000000e+02	3.0094676416e-02	-3.7139289653e-02	8.5539397034e-05	3.7715604015e-05
7.8700000000e+02	3.0132392382e-02	-3.7224853032e-02	8.5587351224e-05	3.7716326365e-05
7.8800000000e+02	3.0170109068e-02	-3.7310464335e-02	8.5635245436e-05	3.7717045985e-05
7.8900000000e+02	3.0207826473e-02	-3.7396123503e-02	8.5683079817e-05	3.7717762889e-05
7.9000000000e+02	3.0245544593e-02	-3.7481830475e-02	8.5730854516e-05	3.7718477091e-05
7.9100000000e+02	3.0283263426e-02	-3.7567585192e-02	8.5778569682e-05	3.7719188605e-05
7.9200000000e+02	3.0320982969e-02	-3.7653387594e-02	8.5826225459e-05	3.7719897443e-05
7.9300000000e+02	3.0358703220e-02	-3.7739237623e-02	8.5873821997e-05	3.7720603620e-05
7.9400000000e+02	3.0396424176e-02	-3.7825135219e-02	8.5921359439e-05	3.7721307148e-05
7.9500000000e+02	3.0434145834e-02	-3.7911080322e-02	8.5968837932e-05	3.7722008041e-05
7.9600000000e+02	3.0471868191e-02	-3.7997072875e-02	8.6016257621e-05	3.7722706312e-05
7.9700000000e+02	3.0509591245e-02	-3.8083112818e-02	8.6063618649e-05	3.7723401974e-05
7.9800000000e+02	3.0547314994e-02	-3.8169200093e-02	8.6110921162e-05	3.7724095039e-05
7.9900000000e+02	3.0585039435e-02	-3.8255334641e-02	8.6158165301e-05	3.7724785522e-05
8.0000000000e+02	3.0622764564e-02	-3.8341516404e-02	8.6205351210e-05	3.7725473434e-05
8.0100000000e+02	3.0660490381e-02	-3.8427745324e-02	8.6252479032e-05	3.7726158788e-05
8.0200000000e+02	3.0698216881e-02	-3.8514021343e-02	8.6299548907e-05	3.7726841597e-05
8.0300000000e+02	3.0735944063e-02	-3.8600344403e-02	8.6346560978e-05	3.7727521874e-05
8.0400000000e+02	3.0773671924e-02	-3.8686714445e-02	8.6393515385e-05	3.7728199630e-05
8.0500000000e+02	3.0811400461e-02	-3.8773131414e-02	8.6440412268e-05	3.7728874879e-05
8.0600000000e+02	3.0849129673e-02	-3.8859595251e-02	8.6487251766e-05	3.7729547633e-05
8.0700000000e+02	3.0886859556e-02	-3.8946105899e-02	8.6534034020e-05	3.7730217904e-05
8.0800000000e+02	3.0924590108e-02	-3.9032663300e-02	8.6580759168e-05	3.7730885704e-05
8.0900000000e+02	3.0962321326e-02	-3.9119267398e-02	8.6627427348e-05	3.7731551045e-05
8.1000000000e+02	3.1000053209e-02	-3.9205918136e-02	8.6674038697e-05	3.7732213939e-05
8.1100000000e+02	3.1037785753e-02	-3.9292615456e-02	8.6720593354e-05	3.7732874399e-05
8.1200000000e+02	3.1075518957e-02	-3.9379359304e-02	8.6767091454e-05	3.7733532436e-05
8.1300000000e+02	3.1113252818e-02	-3.9466149621e-02	8.6813533134e-05	3.7734188062e-05
8.1400000000e+02	3.1150987332e-02	-3.9552986351e-02	8.6859918530e-05	3.7734841288e-05
8.1500000000e+02	3.1188722499e-02	-3.9639869439e-02	8.6906247777e-05	3.7735492127e-05
8.1600000000e+02	3.1226458316e-02	-3.9726798828e-02	8.6952521010e-05	3.7736140590e-05
8.1700000000e+02	3.1264194780e-02	-3.9813774462e-02	8.6998738362e-05	3.7736786688e-05
8.1800000000e+02	3.1301931888e-02	-3.9900796286e-02	8.7044899969e-05	3.7737430434e-05
8.1900000000e+02	3.1339669640e-02	-3.9987864244e-02	8.7091005963e-05	3.7738071838e-05
8.2000000000e+02	3.1377408031e-02	-4.0074978279e-02	8.7137056477e-05	3.7738710911e-05
8.2100000000e+02	3.1415147061e-02	-4.0162138338e-02	8.7183051643e-05	3.7739347666e-05
8.2200000000e+02	3.1452886726e-02	-4.0249344364e-02	8.7228991594e-05	3.7739982112e-05
8.2300000000e+02	3.1490627024e-02	-4.0336596303e-02	8.7274876461e-05	3.7740614262e-05
8.2400000000e+02	3.1528367954e-02	-4.0423894099e-02	8.7320706375e-05	3.7741244127e-05
8.2500000000e+02	3.1566109512e-02	-4.0511237697e-02	8.7366481466e-05	3.7741871716e-05
8.2600000000e+02	3.1603851696e-02	-4.0598627044e-02	8.7412201864e-05	3.7742497042e-05
8.2700000000e+02	3.1641594505e-02	-4.0686062083e-02	8.7457867700e-05	3.7743120115e-05
8.2800000000e+02	3.1679337936e-02	-4.0773542761e-02	8.7503479102e-05	3.7743740946e-05
8.2900000000e+02	3.1717081986e-02	-4.0861069023e-02	8.7549036199e-05	3.7744359545e-05
8.3000000000e+02	3.1754826654e-02	-4.0948640815e-02	8.7594539120e-05	3.7744975924e-05
8.3100000000e+02	3.1792571937e-02	-4.1036258083e-02	8.7639987991e-05	3.7745590093e-05
8.3200000000e+02	3.1830317834e-02	-4.1123920773e-02	8.7685382941e-05	3.7746202062e-05
8.3300000000e+02	3.1868064341e-02	-4.1211628831e-02	8.7730724096e-05	3.7746811842e-05
8.3400000000e+02	3.1905811457e-02	-4.1299382204e-02	8.7776011583e-05	3.7747419443e-05
8.3500000000e+02	3.1943559179e-02	-4.1387180837e-02	8.7821245528e-05	3.7748024876e-05
8.3600000000e+02	3.1981307506e-02	-4.1475024677e-02	8.7866426056e-05	3.7748628150e-05
8.3700000000e+02	3.2019056435e-02	-4.1562913671e-02	8.7911553292e-05	3.7749229277e-05
8.3800000000e+02	3.2056805963e-02	-4.1650847766e-02	8.7956627362e-05	3.7749828267e-05
8.3900000000e+02	3.2094556090e-02	-4.1738826908e-02	8.8001648389e-05	3.7750425129e-05
8.4000000000e+02	3.2132306813e-02	-4.1826851045e-02	8.8046616497e-05	3.7751019873e-05
8.4100000000e+02	3.2170058129e-02	-4.1914920123e-02	8.8091531811e-05	3.7751612510e-05
8.4200000000e+02	3.2207810037e-02	-4.2003034091e-02	8.8136394452e-05	3.7752203049e-05
8.4300000000e+02	3.2245562535e-02	-4.2091192895e-02	8.8181204543e-05	3.7752791500e-05
8.4400000000e+02	3.2283315620e-02	-4.2179396482e-02	8.8225962206e-05	3.7753377874e-05
8.4500000000e+02	3.2321069290e-02	-4.2267644802e-02	8.8270667564e-05	3.7753962180e-05
8.4600000000e+02	3.2358823543e-02	-4.2355937800e-02	8.8315320737e-05	3.7754544427e-05
8.4700000000e+02	3.2396578378e-02	-4.2444275426e-02	8.8359921846e-05	3.7755124625e-05
8.4800000000e+02	3.2434333792e-02	-4.2532657627e-02	8.8404471012e-05	3.7755702784e-05
8.4900000000e+02	3.2472089783e-02	-4.2621084351e-02	8.8448968355e-05	3.7756278913e-05
8.5000000000e+02	3.2509846349e-02	-4.2709555546e-02	8.8493413994e-05	3.7756853022e-05
8.5100000000e+02	3.2547603488e-02	-4.2798071161e-02	8.8537808049e-05	3.7757425121e-05
8.5200000000e+02	3.2585361199e-02	-4.2886631145e-02	8.8582150638e-05	3.7757995218e-05
8.5300000000e+02	3.2623119478e-02	-4.2975235446e-02	8.8626441880e-05	3.7758563323e-05
8.5400000000e+02	3.2660878325e-02	-4.3063884012e-02	8.8670681893e-05	3.7759129445e-05
8.5500000000e+02	3.2698637736e-02	-4.3152576792e-02	8.8714870794e-05	3.7759693593e-05
8.5600000000e+02	3.2736397711e-02	-4.3241313736e-02	8.8759008700e-05	3.7760255777e-05
8.5700000000e+02	3.2774158247e-02	-4.3330094793e-02	8.8803095729e-05	3.7760816005e-05
8.5800000000e+02	3.2811919342e-02	-4.3418919911e-02	8.8847131997e-05	3.7761374287e-05
8.5900000000e+02	3.2849680995e-02	-4.3507789040e-02	8.8891117619e-05	3.7761930632e-05
8.6000000000e+02	3.2887443203e-02	-4.3596702129e-02	8.8935052712e-05	3.7762485049e-05
8.6100000000e+02	3.2925205965e-02	-4.3685659128e-02	8.8978937390e-05	3.7763037545e-05
8.6200000000e+02	3.2962969278e-02	-4.3774659987e-02	8.9022771769e-05	3.7763588132e-05
8.6300000000e+02	3.3000733140e-02	-4.3863704655e-02	8.9066555962e-05	3.7764136816e-05
8.6400000000e+02	3.3038497551e-02	-4.3952793082e-02	8.9110290085e-05	3.7764683607e-05
8.6500000000e+02	3.3076262507e-02	-4.4041925219e-02	8.9153974249e-05	3.7765228513e-05
8.6600000000e+02	3.3114028007e-02	-4.4131101014e-02	8.9197608570e-05	3.7765771544e-05
8.6700000000e+02	3.3151794049e-02	-4.4220320419e-02	8.9241193159e-05	3.7766312708e-05
8.6800000000e+02	3.3189560632e-02	-4.4309583384e-02	8.9284728129e-05	3.7766852012e-05
8.6900000000e+02	3.3227327753e-02	-4.4398889859e-02	8.9328213592e-05	3.7767389467e-05
8.7000000000e+02	3.3265095410e-02	-4.4488239795e-02	8.9371649661e-05	3.7767925080e-05
8.7100000000e+02	3.3302863602e-02	-4.4577633142e-02	8.9415036446e-05	3.7768458859e-05
8.7200000000e+02	3.3340632327e-02	-4.4667069851e-02	8.9458374058e-05	3.7768990813e-05
8.7300000000e+02	3.3378401583e-02	-4.4756549874e-02	8.9501662608e-05	3.7769520951e-05
8.7400000000e+02	3.3416171368e-02	-4.4846073160e-02	8.9544902207e-05	3.7770049280e-05
8.7500000000e+02	3.3453941681e-02	-4.4935639662e-02	8.9588092964e-05	3.7770575809e-05
8.7600000000e+02	3.3491712520e-02	-4.5025249330e-02	8.9631234988e-05	3.7771100545e-05
8.7700000000e+02	3.3529483882e-02	-4.5114902116e-02	8.9674328389e-05	3.7771623498e-05
8.7800000000e+02	3.3567255766e-02	-4.5204597971e-02	8.9717373276e-05	3.7772144675e-05
8.7900000000e+02	3.3605028170e-02	-4.5294336846e-02	8.9760369757e-05	3.7772664083e-05
8.8000000000e+02	3.3642801093e-02	-4.5384118694e-02	8.9803317940e-05	3.7773181732e-05
8.8100000000e+02	3.3680574533e-02	-4.5473943466e-02	8.9846217933e-05	3.7773697629e-05
8.8200000000e+02	3.3718348488e-02	-4.5563811114e-02	8.9889069844e-05	3.7774211782e-05
8.8300000000e+02	3.3756122956e-02	-4.5653721590e-02	8.9931873778e-05	3.7774724198e-05
8.8400000000e+02	3.3793897936e-02	-4.5743674845e-02	8.9974629843e-05	3.7775234886e-05
8.8500000000e+02	3.3831673425e-02	-4.5833670833e-02	9.0017338146e-05	3.7775743853e-05
8.8600000000e+02	3.3869449423e-02	-4.5923709506e-02	9.0059998791e-05	3.7776251107e-05
8.8700000000e+02	3.3907225927e-02	-4.6013790815e-02	9.0102611885e-05	3.7776756656e-05
8.8800000000e+02	3.3945002936e-02	-4.6103914714e-02	9.0145177533e-05	3.7777260507e-05
8.8900000000e+02	3.3982780448e-02	-4.6194081154e-02	9.0187695840e-05	3.7777762667e-05
8.9000000000e+02	3.4020558461e-02	-4.6284290090e-02	9.0230166910e-05	3.7778263146e-05
8.9100000000e+02	3.4058336973e-02	-4.6374541473e-02	9.0272590848e-05	3.7778761949e-05
8.9200000000e+02	3.4096115984e-02	-4.6464835256e-02	9.0314967758e-05	3.7779259084e-05
8.9300000000e+02	3.4133895491e-02	-4.6555171392e-02	9.0357297742e-05	3.7779754559e-05
8.9400000000e+02	3.4171675493e-02	-4.6645549836e-02	9.0399580904e-05	3.7780248382e-05
8.9500000000e+02	3.4209455987e-02	-4.6735970539e-02	9.0441817347e-05	3.7780740559e-05
8.9600000000e+02	3.4247236973e-02	-4.6826433455e-02	9.0484007174e-05	3.7781231097e-05
8.9700000000e+02	3.4285018449e-02	-4.6916938537e-02	9.0526150486e-05	3.7781720005e-05
8.9800000000e+02	3.4322800413e-02	-4.7007485740e-02	9.0568247386e-05	3.7782207289e-05
8.9900000000e+02	3.4360582863e-02	-4.7098075017e-02	9.0610297975e-05	3.7782692956e-05
9.0000000000e+02	3.4398365798e-02	-4.7188706321e-02	9.0652302354e-05	3.7783177013e-05
9.0100000000e+02	3.4436149216e-02	-4.7279379606e-02	9.0694260624e-05	3.7783659469e-05
9.0200000000e+02	3.4473933116e-02	-4.7370094827e-02	9.0736172886e-05	3.7784140329e-05
9.0300000000e+02	3.4511717496e-02	-4.7460851937e-02	9.0778039239e-05	3.7784619601e-05
9.0400000000e+02	3.4549502355e-02	-4.7551650890e-02	9.0819859784e-05	3.7785097291e-05
9.0500000000e+02	3.4587287691e-02	-4.7642491641e-02	9.0861634620e-05	3.7785573407e-05
9.0600000000e+02	3.4625073501e-02	-4.7733374144e-02	9.0903363847e-05	3.7786047956e-05
9.0700000000e+02	3.4662859786e-02	-4.7824298353e-02	9.0945047563e-05	3.7786520944e-05
9.0800000000e+02	3.4700646543e-02	-4.7915264224e-02	9.0986685866e-05	3.7786992378e-05
9.0900000000e+02	3.4738433770e-02	-4.8006271710e-02	9.1028278856e-05	3.7787462265e-05
9.1000000000e+02	3.4776221467e-02	-4.8097320767e-02	9.1069826630e-05	3.7787930612e-05
9.1100000000e+02	3.4814009631e-02	-4.8188411348e-02	9.1111329286e-05	3.7788397425e-05
9.1200000000e+02	3.4851798261e-02	-4.8279543410e-02	9.1152786920e-05	3.7788862712e-05
9.1300000000e+02	3.4889587356e-02	-4.8370716907e-02	9.1194199631e-05	3.7789326478e-05
9.1400000000e+02	3.4927376914e-02	-4.8461931794e-02	9.1235567514e-05	3.7789788731e-05
9.1500000000e+02	3.4965166933e-02	-4.8553188027e-02	9.1276890667e-05	3.7790249476e-05
9.1600000000e+02	3.5002957412e-02	-4.8644485561e-02	9.1318169184e-05	3.7790708722e-05
9.1700000000e+02	3.5040748350e-02	-4.8735824351e-02	9.1359403163e-05	3.7791166473e-05
9.1800000000e+02	3.5078539744e-02	-4.8827204352e-02	9.1400592698e-05	3.7791622736e-05
9.1900000000e+02	3.5116331595e-02	-4.8918625521e-02	9.1441737885e-05	3.7792077519e-05
9.2000000000e+02	3.5154123899e-02	-4.9010087813e-02	9.1482838818e-05	3.7792530827e-05
9.2100000000e+02	3.5191916656e-02	-4.9101591184e-02	9.1523895592e-05	3.7792982666e-05
9.2200000000e+02	3.5229709864e-02	-4.9193135590e-02	9.1564908301e-05	3.7793433044e-05
9.2300000000e+02	3.5267503521e-02	-4.9284720986e-02	9.1605877040e-05	3.7793881966e-05
9.2400000000e+02	3.5305297627e-02	-4.9376347329e-02	9.1646801901e-05	3.7794329438e-05
9.2500000000e+02	3.5343092180e-02	-4.9468014575e-02	9.1687682979e-05	3.7794775467e-05
9.2600000000e+02	3.5380887178e-02	-4.9559722681e-02	9.1728520366e-05	3.7795220059e-05
9.2700000000e+02	3.5418682619e-02	-4.9651471602e-02	9.1769314154e-05	3.7795663220e-05
9.2800000000e+02	3.5456478504e-02	-4.9743261295e-02	9.1810064438e-05	3.7796104956e-05
9.2900000000e+02	3.5494274829e-02	-4.9835091716e-02	9.1850771308e-05	3.7796545274e-05
9.3000000000e+02	3.5532071594e-02	-4.9926962823e-02	9.1891434856e-05	3.7796984179e-05
9.3100000000e+02	3.5569868797e-02	-5.0018874571e-02	9.1932055175e-05	3.7797421678e-05
9.3200000000e+02	3.5607666437e-02	-5.0110826919e-02	9.1972632356e-05	3.7797857775e-05
9.3300000000e+02	3.5645464512e-02	-5.0202819822e-02	9.2013166488e-05	3.7798292479e-05
9.3400000000e+02	3.5683263021e-02	-5.0294853237e-02	9.2053657664e-05	3.7798725793e-05
9.3500000000e+02	3.5721061963e-02	-5.0386927123e-02	9.2094105974e-05	3.7799157725e-05
9.3600000000e+02	3.5758861336e-02	-5.0479041435e-02	9.2134511508e-05	3.7799588280e-05
9.3700000000e+02	3.5796661139e-02	-5.0571196132e-02	9.2174874355e-05	3.7800017464e-05
9.3800000000e+02	3.5834461371e-02	-5.0663391170e-02	9.2215194606e-05	3.7800445282e-05
9.3900000000e+02	3.5872262029e-02	-5.0755626507e-02	9.2255472349e-05	3.7800871741e-05
9.4000000000e+02	3.5910063114e-02	-5.0847902100e-02	9.2295707674e-05	3.7801296847e-05
9.4100000000e+02	3.5947864622e-02	-5.0940217908e-02	9.2335900670e-05	3.7801720604e-05
9.4200000000e+02	3.5985666554e-02	-5.1032573887e-02	9.2376051424e-05	3.7802143019e-05
9.4300000000e+02	3.6023468908e-02	-5.1124969997e-02	9.2416160026e-05	3.7802564097e-05
9.4400000000e+02	3.6061271682e-02	-5.1217406193e-02	9.2456226563e-05	3.7802983844e-05
9.4500000000e+02	3.6099074875e-02	-5.1309882436e-02	9.2496251123e-05	3.7803402266e-05
9.4600000000e+02	3.6136878486e-02	-5.1402398682e-02	9.2536233793e-05	3.7803819368e-05
9.4700000000e+02	3.6174682514e-02	-5.1494954889e-02	9.2576174660e-05	3.7804235155e-05
9.4800000000e+02	3.6212486956e-02	-5.1587551017e-02	9.2616073811e-05	3.7804649634e-05
9.4900000000e+02	3.6250291812e-02	-5.1680187023e-02	9.2655931334e-05	3.7805062809e-05
9.5000000000e+02	3.6288097081e-02	-5.1772862866e-02	9.2695747313e-05	3.7805474687e-05
9.5100000000e+02	3.6325902761e-02	-5.1865578504e-02	9.2735521835e-05	3.7805885271e-05
9.5200000000e+02	3.6363708851e-02	-5.1958333896e-02	9.2775254987e-05	3.7806294569e-05
9.5300000000e+02	3.6401515350e-02	-5.2051129000e-02	9.2814946852e-05	3.7806702585e-05
9.5400000000e+02	3.6439322256e-02	-5.2143963776e-02	9.2854597518e-05	3.7807109325e-05
9.5500000000e+02	3.6477129568e-02	-5.2236838182e-02	9.2894207068e-05	3.7807514794e-05
9.5600000000e+02	3.6514937285e-02	-5.2329752176e-02	9.2933775587e-05	3.7807918996e-05
9.5700000000e+02	3.6552745406e-02	-5.2422705719e-02	9.2973303161e-05	3.7808321939e-05
9.5800000000e+02	3.6590553929e-02	-5.2515698769e-02	9.3012789872e-05	3.7808723626e-05
9.5900000000e+02	3.6628362853e-02	-5.2608731285e-02	9.3052235806e-05	3.7809124063e-05
9.6000000000e+02	3.6666172176e-02	-5.2701803227e-02	9.3091641045e-05	3.7809523255e-05
9.6100000000e+02	3.6703981899e-02	-5.2794914554e-02	9.3131005674e-05	3.7809921207e-05
9.6200000000e+02	3.6741792018e-02	-5.2888065225e-02	9.3170329775e-05	3.7810317924e-05
9.6300000000e+02	3.6779602534e-02	-5.2981255200e-02	9.3209613431e-05	3.7810713412e-05
9.6400000000e+02	3.6817413445e-02	-5.3074484438e-02	9.3248856725e-05	3.7811107676e-05
9.6500000000e+02	3.6855224749e-02	-5.3167752900e-02	9.3288059740e-05	3.7811500720e-05
9.6600000000e+02	3.6893036446e-02	-5.3261060544e-02	9.3327222557e-05	3.7811892550e-05
9.6700000000e+02	3.6930848534e-02	-5.3354407332e-02	9.3366345259e-05	3.7812283170e-05
9.6800000000e+02	3.6968661012e-02	-5.3447793222e-02	9.3405427927e-05	3.7812672586e-05
9.6900000000e+02	3.7006473879e-02	-5.3541218174e-02	9.3444470643e-05	3.7813060802e-05
9.7000000000e+02	3.7044287133e-02	-5.3634682150e-02	9.3483473487e-05	3.7813447824e-05
9.7100000000e+02	3.7082100774e-02	-5.3728185108e-02	9.3522436541e-05	3.7813833656e-05
9.7200000000e+02	3.7119914800e-02	-5.3821727009e-02	9.3561359886e-05	3.7814218303e-05
9.7300000000e+02	3.7157729210e-02	-5.3915307814e-02	9.3600243602e-05	3.7814601770e-05
9.7400000000e+02	3.7195544003e-02	-5.4008927483e-02	9.3639087769e-05	3.7814984062e-05
9.7500000000e+02	3.7233359178e-02	-5.4102585977e-02	9.3677892466e-05	3.7815365183e-05
9.7600000000e+02	3.7271174733e-02	-5.4196283255e-02	9.3716657775e-05	3.7815745139e-05
9.7700000000e+02	3.7308990668e-02	-5.4290019279e-02	9.3755383774e-05	3.7816123934e-05
9.7800000000e+02	3.7346806981e-02	-5.4383794010e-02	9.3794070542e-05	3.7816501573e-05
9.7900000000e+02	3.7384623671e-02	-5.4477607407e-02	9.3832718159e-05	3.7816878060e-05
9.8000000000e+02	3.7422440736e-02	-5.4571459433e-02	9.3871326703e-05	3.7817253401e-05
9.8100000000e+02	3.7460258177e-02	-5.4665350048e-02	9.3909896253e-05	3.7817627599e-05
9.8200000000e+02	3.7498075991e-02	-5.4759279213e-02	9.3948426888e-05	3.7818000660e-05
9.8300000000e+02	3.7535894178e-02	-5.4853246889e-02	9.3986918684e-05	3.7818372588e-05
9.8400000000e+02	3.7573712736e-02	-5.4947253037e-02	9.4025371720e-05	3.7818743387e-05
9.8500000000e+02	3.7611531664e-02	-5.5041297619e-02	9.4063786074e-05	3.7819113063e-05
9.8600000000e+02	3.7649350962e-02	-5.5135380596e-02	9.4102161823e-05	3.7819481619e-05
9.8700000000e+02	3.7687170627e-02	-5.5229501930e-02	9.4140499045e-05	3.7819849061e-05
9.8800000000e+02	3.7724990659e-02	-5.5323661582e-02	9.4178797815e-05	3.7820215393e-05
9.8900000000e+02	3.7762811058e-02	-5.5417859513e-02	9.4217058211e-05	3.7820580618e-05
9.9000000000e+02	3.7800631820e-02	-5.5512095685e-02	9.4255280309e-05	3.7820944742e-05
9.9100000000e+02	3.7838452947e-02	-5.5606370061e-02	9.4293464185e-05	3.7821307770e-05
9.9200000000e+02	3.7876274436e-02	-5.5700682601e-02	9.4331609916e-05	3.7821669705e-05
9.9300000000e+02	3.7914096286e-02	-5.5795033268e-02	9.4369717576e-05	3.7822030551e-05
9.9400000000e+02	3.7951918496e-02	-5.5889422023e-02	9.4407787243e-05	3.7822390314e-05
9.9500000000e+02	3.7989741066e-02	-5.5983848830e-02	9.4445818991e-05	3.7822748997e-05
9.9600000000e+02	3.8027563994e-02	-5.6078313649e-02	9.4483812894e-05	3.7823106605e-05
9.9700000000e+02	3.8065387279e-02	-5.6172816443e-02	9.4521769029e-05	3.7823463143e-05
9.9800000000e+02	3.8103210920e-02	-5.6267357174e-02	9.4559687469e-05	3.7823818613e-05
9.9900000000e+02	3.8141034916e-02	-5.6361935805e-02	9.4597568289e-05	3.7824173021e-05
