# total modes from dos = 5.9999726114e+00
# ZPE = 5.6214272319e-03 Ry/cell
# Multiply by 13.6058 to have energies in eV/cell etc..
# Multiply by 13.6058 x 23060.35 = 313 754.5 to have energies in cal/(N mol).
# Multiply by 13.6058 x 96526.0 = 1 313 313 to have energies in J/(N mol).
# N is the number of formula units per cell.
#
# T (K) 	Evib (Ry/cell)	Fvib (Ry/cell)	Svib (Ry/cell/K)	Cvib (Ry/cell/K)
1.0000000000e+00	5.6214272416e-03	5.6214271698e-03	7.1803604634e-11	2.7457378670e-11
2.0000000000e+00	5.6214273247e-03	5.6214270765e-03	1.2411743622e-10	1.6670823649e-10
3.0000000000e+00	5.6214276492e-03	5.6214268967e-03	2.5083680991e-10	5.2875068522e-10
4.0000000000e+00	5.6214284935e-03	5.6214265377e-03	4.8896152188e-10	1.2247123119e-09
5.0000000000e+00	5.6214302472e-03	5.6214258693e-03	8.7556952905e-10	2.3661903162e-09
6.0000000000e+00	5.6214334118e-03	5.6214247246e-03	1.4478717445e-09	4.0656278651e-09
7.0000000000e+00	5.6214386024e-03	5.6214228992e-03	2.2433135214e-09	6.4370706688e-09
8.0000000000e+00	5.6214465489e-03	5.6214201510e-03	3.2997322753e-09	9.5972742802e-09
9.0000000000e+00	5.6214581001e-03	5.6214161999e-03	4.6555775947e-09	1.3667267917e-08
1.0000000000e+01	5.6214742291e-03	5.6214107269e-03	6.3502160901e-09	1.8774682469e-08
1.1000000000e+01	5.6214960411e-03	5.6214033730e-03	8.4243715943e-09	2.5057449144e-08
1.2000000000e+01	5.6215247869e-03	5.6213937375e-03	1.0920782549e-08	3.2669631041e-08
1.3000000000e+01	5.6215618826e-03	5.6213813755e-03	1.3885164240e-08	4.1789809033e-08
1.4000000000e+01	5.6216089398e-03	5.6213657946e-03	1.7367519841e-08	5.2631576208e-08
1.5000000000e+01	5.6216678056e-03	5.6213464493e-03	2.1423757831e-08	6.5454720686e-08
1.6000000000e+01	5.6217406143e-03	5.6213227346e-03	2.6117479280e-08	8.0575108690e-08
1.7000000000e+01	5.6218298471e-03	5.6212939776e-03	3.1521734676e-08	9.8371351065e-08
1.8000000000e+01	5.6219383961e-03	5.6212594265e-03	3.7720535505e-08	1.1928693435e-07
1.9000000000e+01	5.6220696286e-03	5.6212182398e-03	4.4809937753e-08	1.4382733018e-07
2.0000000000e+01	5.6222274452e-03	5.6211694736e-03	5.2898575974e-08	1.7255238421e-07
2.1000000000e+01	5.6224163288e-03	5.6211120693e-03	6.2107597668e-08	2.0606485747e-07
2.2000000000e+01	5.6226413811e-03	5.6210448408e-03	7.2570012871e-08	2.4499629767e-07
2.3000000000e+01	5.6229083427e-03	5.6209664637e-03	8.4429523835e-08	2.8999148535e-07
2.4000000000e+01	5.6232235995e-03	5.6208754652e-03	9.7838931716e-08	3.4169259743e-07
2.5000000000e+01	5.6235941717e-03	5.6207702159e-03	1.1295823232e-07	4.0072403092e-07
2.6000000000e+01	5.6240276891e-03	5.6206489237e-03	1.2995251456e-07	4.6767859137e-07
2.7000000000e+01	5.6245323536e-03	5.6205096299e-03	1.4898976743e-07	5.4310551600e-07
2.8000000000e+01	5.6251168902e-03	5.6203502070e-03	1.7023868751e-07	6.2750059401e-07
2.9000000000e+01	5.6257904898e-03	5.6201683595e-03	1.9386656270e-07	7.2129847748e-07
3.0000000000e+01	5.6265627449e-03	5.6199616262e-03	2.2003729057e-07	8.2486714727e-07
3.1000000000e+01	5.6274435811e-03	5.6197273843e-03	2.4890957372e-07	9.3850440696e-07
3.2000000000e+01	5.6284431860e-03	5.6194628558e-03	2.8063532005e-07	1.0624362179e-06
3.3000000000e+01	5.6295719372e-03	5.6191651145e-03	3.1535826337e-07	1.1968166538e-06
3.4000000000e+01	5.6308403308e-03	5.6188310953e-03	3.5321280977e-07	1.3417292399e-06
3.5000000000e+01	5.6322589123e-03	5.6184576035e-03	3.9432310723e-07	1.4971894379e-06
3.6000000000e+01	5.6338382098e-03	5.6180413260e-03	4.3880232974e-07	1.6631480520e-06
3.7000000000e+01	5.6355886719e-03	5.6175788419e-03	4.8675216304e-07	1.8394953435e-06
3.8000000000e+01	5.6375206088e-03	5.6170666347e-03	5.3826247593e-07	2.0260656618e-06
3.9000000000e+01	5.6396441392e-03	5.6165011040e-03	5.9341115953e-07	2.2226424248e-06
4.0000000000e+01	5.6419691421e-03	5.6158785775e-03	6.5226411577e-07	2.4289632992e-06
4.1000000000e+01	5.6445052133e-03	5.6151953228e-03	7.1487537647e-07	2.6447254569e-06
4.2000000000e+01	5.6472616277e-03	5.6144475597e-03	7.8128733460e-07	2.8695908023e-06
4.3000000000e+01	5.6502473068e-03	5.6136314708e-03	8.5153107013e-07	3.1031910865e-06
4.4000000000e+01	5.6534707906e-03	5.6127432134e-03	9.2562675414e-07	3.3451328389e-06
4.5000000000e+01	5.6569402152e-03	5.6117789300e-03	1.0035841157e-06	3.5950020663e-06
4.6000000000e+01	5.6606632940e-03	5.6107347579e-03	1.0854029581e-06	3.8523686785e-06
4.7000000000e+01	5.6646473044e-03	5.6096068400e-03	1.1710737109e-06	4.1167906155e-06
4.8000000000e+01	5.6688990770e-03	5.6083913326e-03	1.2605780087e-06	4.3878176584e-06
4.9000000000e+01	5.6734249898e-03	5.6070844149e-03	1.3538892840e-06	4.6649949169e-06
5.0000000000e+01	5.6782309648e-03	5.6056822963e-03	1.4509733685e-06	4.9478659900e-06
5.1000000000e+01	5.6833224680e-03	5.6041812242e-03	1.5517890939e-06	5.2359758061e-06
5.2000000000e+01	5.6887045121e-03	5.6025774901e-03	1.6562888862e-06	5.5288731503e-06
5.3000000000e+01	5.6943816617e-03	5.6008674361e-03	1.7644193494e-06	5.8261128913e-06
5.4000000000e+01	5.7003580396e-03	5.5990474606e-03	1.8761218323e-06	6.1272579215e-06
5.5000000000e+01	5.7066373367e-03	5.5971140229e-03	1.9913329781e-06	6.4318808289e-06
5.6000000000e+01	5.7132228216e-03	5.5950636476e-03	2.1099852506e-06	6.7395653167e-06
5.7000000000e+01	5.7201173530e-03	5.5928929290e-03	2.2320074383e-06	7.0499073895e-06
5.8000000000e+01	5.7273233919e-03	5.5905985342e-03	2.3573251325e-06	7.3625163252e-06
5.9000000000e+01	5.7348430156e-03	5.5881772060e-03	2.4858611798e-06	7.6770154507e-06
6.0000000000e+01	5.7426779320e-03	5.5856257655e-03	2.6175361080e-06	7.9930427385e-06
6.1000000000e+01	5.7508294946e-03	5.5829411146e-03	2.7522685254e-06	8.3102512442e-06
6.2000000000e+01	5.7592987175e-03	5.5801202369e-03	2.8899754935e-06	8.6283093991e-06
6.3000000000e+01	5.7680862911e-03	5.5771602001e-03	3.0305728733e-06	8.9469011752e-06
6.4000000000e+01	5.7771925974e-03	5.5740581561e-03	3.1739756466e-06	9.2657261367e-06
6.5000000000e+01	5.7866177260e-03	5.5708113422e-03	3.3200982120e-06	9.5844993932e-06
6.6000000000e+01	5.7963614890e-03	5.5674170817e-03	3.4688546564e-06	9.9029514659e-06
6.7000000000e+01	5.8064234369e-03	5.5638727836e-03	3.6201590050e-06	1.0220828080e-05
6.8000000000e+01	5.8168028734e-03	5.5601759430e-03	3.7739254475e-06	1.0537889894e-05
6.9000000000e+01	5.8274988700e-03	5.5563241405e-03	3.9300685444e-06	1.0853912175e-05
7.0000000000e+01	5.8385102809e-03	5.5523150420e-03	4.0885034136e-06	1.1168684429e-05
7.1000000000e+01	5.8498357565e-03	5.5481463978e-03	4.2491458976e-06	1.1482009996e-05
7.2000000000e+01	5.8614737574e-03	5.5438160421e-03	4.4119127136e-06	1.1793705619e-05
7.3000000000e+01	5.8734225675e-03	5.5393218917e-03	4.5767215869e-06	1.2103600983e-05
7.4000000000e+01	5.8856803066e-03	5.5346619453e-03	4.7434913690e-06	1.2411538245e-05
7.5000000000e+01	5.8982449426e-03	5.5298342820e-03	4.9121421414e-06	1.2717371550e-05
7.6000000000e+01	5.9111143034e-03	5.5248370602e-03	5.0825953058e-06	1.3020966536e-05
7.7000000000e+01	5.9242860883e-03	5.5196685163e-03	5.2547736623e-06	1.3322199845e-05
7.8000000000e+01	5.9377578782e-03	5.5143269631e-03	5.4286014757e-06	1.3620958624e-05
7.9000000000e+01	5.9515271463e-03	5.5088107883e-03	5.6040045320e-06	1.3917140036e-05
8.0000000000e+01	5.9655912679e-03	5.5031184532e-03	5.7809101846e-06	1.4210650776e-05
8.1000000000e+01	5.9799475295e-03	5.4972484908e-03	5.9592473916e-06	1.4501406593e-05
8.2000000000e+01	5.9945931375e-03	5.4911995044e-03	6.1389467457e-06	1.4789331822e-05
8.3000000000e+01	6.0095252270e-03	5.4849701658e-03	6.3199404961e-06	1.5074358930e-05
8.4000000000e+01	6.0247408693e-03	5.4785592139e-03	6.5021625637e-06	1.5356428069e-05
8.5000000000e+01	6.0402370795e-03	5.4719654527e-03	6.6855485506e-06	1.5635486648e-05
8.6000000000e+01	6.0560108237e-03	5.4651877498e-03	6.8700357436e-06	1.5911488915e-05
8.7000000000e+01	6.0720590254e-03	5.4582250345e-03	7.0555631135e-06	1.6184395555e-05
8.8000000000e+01	6.0883785718e-03	5.4510762966e-03	7.2420713089e-06	1.6454173304e-05
8.9000000000e+01	6.1049663198e-03	5.4437405842e-03	7.4295026470e-06	1.6720794575e-05
9.0000000000e+01	6.1218191013e-03	5.4362170023e-03	7.6178011002e-06	1.6984237104e-05
9.1000000000e+01	6.1389337286e-03	5.4285047111e-03	7.8069122801e-06	1.7244483605e-05
9.2000000000e+01	6.1563069989e-03	5.4206029245e-03	7.9967834183e-06	1.7501521446e-05
9.3000000000e+01	6.1739356992e-03	5.4125109081e-03	8.1873633452e-06	1.7755342338e-05
9.4000000000e+01	6.1918166098e-03	5.4042279781e-03	8.3786024659e-06	1.8005942034e-05
9.5000000000e+01	6.2099465093e-03	5.3957534994e-03	8.5704527354e-06	1.8253320052e-05
9.6000000000e+01	6.2283221770e-03	5.3870868844e-03	8.7628676316e-06	1.8497479404e-05
9.7000000000e+01	6.2469403973e-03	5.3782275910e-03	8.9558021266e-06	1.8738426339e-05
9.8000000000e+01	6.2657979620e-03	5.3691751215e-03	9.1492126579e-06	1.8976170105e-05
9.9000000000e+01	6.2848916737e-03	5.3599290210e-03	9.3430570978e-06	1.9210722721e-05
1.0000000000e+02	6.3042183485e-03	5.3504888762e-03	9.5372947227e-06	1.9442098756e-05
1.0100000000e+02	6.3237748180e-03	5.3408543137e-03	9.7318861815e-06	1.9670315129e-05
1.0200000000e+02	6.3435579319e-03	5.3310249986e-03	9.9267934634e-06	1.9895390913e-05
1.0300000000e+02	6.3635645600e-03	5.3210006337e-03	1.0121979866e-05	2.0117347158e-05
1.0400000000e+02	6.3837915939e-03	5.3107809577e-03	1.0317409964e-05	2.0336206714e-05
1.0500000000e+02	6.4042359493e-03	5.3003657440e-03	1.0513049575e-05	2.0551994071e-05
1.0600000000e+02	6.4248945667e-03	5.2897547997e-03	1.0708865726e-05	2.0764735212e-05
1.0700000000e+02	6.4457644134e-03	5.2789479643e-03	1.0904826628e-05	2.0974457465e-05
1.0800000000e+02	6.4668424848e-03	5.2679451084e-03	1.1100901633e-05	2.1181189370e-05
1.0900000000e+02	6.4881258052e-03	5.2567461328e-03	1.1297061215e-05	2.1384960559e-05
1.1000000000e+02	6.5096114292e-03	5.2453509673e-03	1.1493276927e-05	2.1585801630e-05
1.1100000000e+02	6.5312964423e-03	5.2337595694e-03	1.1689521377e-05	2.1783744047e-05
1.1200000000e+02	6.5531779618e-03	5.2219719237e-03	1.1885768197e-05	2.1978820027e-05
1.1300000000e+02	6.5752531378e-03	5.2099880407e-03	1.2081992010e-05	2.2171062451e-05
1.1400000000e+02	6.5975191533e-03	5.1978079555e-03	1.2278168402e-05	2.2360504774e-05
1.1500000000e+02	6.6199732253e-03	5.1854317275e-03	1.2474273894e-05	2.2547180936e-05
1.1600000000e+02	6.6426126046e-03	5.1728594389e-03	1.2670285911e-05	2.2731125292e-05
1.1700000000e+02	6.6654345768e-03	5.1600911941e-03	1.2866182758e-05	2.2912372531e-05
1.1800000000e+02	6.6884364623e-03	5.1471271187e-03	1.3061943589e-05	2.3090957618e-05
1.1900000000e+02	6.7116156164e-03	5.1339673589e-03	1.3257548382e-05	2.3266915722e-05
1.2000000000e+02	6.7349694298e-03	5.1206120804e-03	1.3452977912e-05	2.3440282165e-05
1.2100000000e+02	6.7584953287e-03	5.1070614677e-03	1.3648213727e-05	2.3611092365e-05
1.2200000000e+02	6.7821907743e-03	5.0933157234e-03	1.3843238122e-05	2.3779381788e-05
1.2300000000e+02	6.8060532638e-03	5.0793750676e-03	1.4038034115e-05	2.3945185899e-05
1.2400000000e+02	6.8300803295e-03	5.0652397368e-03	1.4232585425e-05	2.4108540124e-05
1.2500000000e+02	6.8542695392e-03	5.0509099835e-03	1.4426876445e-05	2.4269479808e-05
1.2600000000e+02	6.8786184960e-03	5.0363860756e-03	1.4620892225e-05	2.4428040179e-05
1.2700000000e+02	6.9031248381e-03	5.0216682956e-03	1.4814618445e-05	2.4584256317e-05
1.2800000000e+02	6.9277862389e-03	5.0067569398e-03	1.5008041399e-05	2.4738163122e-05
1.2900000000e+02	6.9526004062e-03	4.9916523183e-03	1.5201147968e-05	2.4889795287e-05
1.3000000000e+02	6.9775650827e-03	4.9763547536e-03	1.5393925609e-05	2.5039187274e-05
1.3100000000e+02	7.0026780454e-03	4.9608645807e-03	1.5586362326e-05	2.5186373288e-05
1.3200000000e+02	7.0279371053e-03	4.9451821464e-03	1.5778446658e-05	2.5331387259e-05
1.3300000000e+02	7.0533401071e-03	4.9293078085e-03	1.5970167659e-05	2.5474262824e-05
1.3400000000e+02	7.0788849292e-03	4.9132419357e-03	1.6161514877e-05	2.5615033305e-05
1.3500000000e+02	7.1045694830e-03	4.8969849067e-03	1.6352478344e-05	2.5753731700e-05
1.3600000000e+02	7.1303917128e-03	4.8805371101e-03	1.6543048550e-05	2.5890390666e-05
1.3700000000e+02	7.1563495953e-03	4.8638989437e-03	1.6733216435e-05	2.6025042507e-05
1.3800000000e+02	7.1824411394e-03	4.8470708142e-03	1.6922973372e-05	2.6157719162e-05
1.3900000000e+02	7.2086643858e-03	4.8300531367e-03	1.7112311145e-05	2.6288452202e-05
1.4000000000e+02	7.2350174064e-03	4.8128463342e-03	1.7301221944e-05	2.6417272812e-05
1.4100000000e+02	7.2614983042e-03	4.7954508376e-03	1.7489698345e-05	2.6544211792e-05
1.4200000000e+02	7.2881052129e-03	4.7778670847e-03	1.7677733297e-05	2.6669299548e-05
1.4300000000e+02	7.3148362962e-03	4.7600955204e-03	1.7865320111e-05	2.6792566086e-05
1.4400000000e+02	7.3416897479e-03	4.7421365960e-03	1.8052452444e-05	2.6914041011e-05
1.4500000000e+02	7.3686637908e-03	4.7239907690e-03	1.8239124288e-05	2.7033753519e-05
1.4600000000e+02	7.3957566770e-03	4.7056585028e-03	1.8425329961e-05	2.7151732400e-05
1.4700000000e+02	7.4229666872e-03	4.6871402662e-03	1.8611064088e-05	2.7268006030e-05
1.4800000000e+02	7.4502921300e-03	4.6684365335e-03	1.8796321598e-05	2.7382602378e-05
1.4900000000e+02	7.4777313420e-03	4.6495477835e-03	1.8981097708e-05	2.7495548996e-05
1.5000000000e+02	7.5052826871e-03	4.6304745000e-03	1.9165387914e-05	2.7606873028e-05
1.5100000000e+02	7.5329445561e-03	4.6112171711e-03	1.9349187981e-05	2.7716601203e-05
1.5200000000e+02	7.5607153664e-03	4.5917762888e-03	1.9532493932e-05	2.7824759843e-05
1.5300000000e+02	7.5885935613e-03	4.5721523492e-03	1.9715302040e-05	2.7931374857e-05
1.5400000000e+02	7.6165776100e-03	4.5523458518e-03	1.9897608820e-05	2.8036471750e-05
1.5500000000e+02	7.6446660071e-03	4.5323572997e-03	2.0079411016e-05	2.8140075621e-05
1.5600000000e+02	7.6728572719e-03	4.5121871990e-03	2.0260705595e-05	2.8242211167e-05
1.5700000000e+02	7.7011499481e-03	4.4918360587e-03	2.0441489742e-05	2.8342902685e-05
1.5800000000e+02	7.7295426039e-03	4.4713043905e-03	2.0621760844e-05	2.8442174076e-05
1.5900000000e+02	7.7580338307e-03	4.4505927088e-03	2.0801516490e-05	2.8540048849e-05
1.6000000000e+02	7.7866222437e-03	4.4297015301e-03	2.0980754460e-05	2.8636550122e-05
1.6100000000e+02	7.8153064807e-03	4.4086313731e-03	2.1159472718e-05	2.8731700630e-05
1.6200000000e+02	7.8440852022e-03	4.3873827585e-03	2.1337669405e-05	2.8825522725e-05
1.6300000000e+02	7.8729570907e-03	4.3659562087e-03	2.1515342834e-05	2.8918038381e-05
1.6400000000e+02	7.9019208507e-03	4.3443522478e-03	2.1692491481e-05	2.9009269202e-05
1.6500000000e+02	7.9309752079e-03	4.3225714012e-03	2.1869113980e-05	2.9099236421e-05
1.6600000000e+02	7.9601189093e-03	4.3006141956e-03	2.2045209118e-05	2.9187960907e-05
1.6700000000e+02	7.9893507223e-03	4.2784811591e-03	2.2220775828e-05	2.9275463172e-05
1.6800000000e+02	8.0186694349e-03	4.2561728204e-03	2.2395813182e-05	2.9361763372e-05
1.6900000000e+02	8.0480738550e-03	4.2336897094e-03	2.2570320388e-05	2.9446881312e-05
1.7000000000e+02	8.0775628100e-03	4.2110323566e-03	2.2744296785e-05	2.9530836456e-05
1.7100000000e+02	8.1071351467e-03	4.1882012930e-03	2.2917741835e-05	2.9613647923e-05
1.7200000000e+02	8.1367897308e-03	4.1651970502e-03	2.3090655120e-05	2.9695334500e-05
1.7300000000e+02	8.1665254469e-03	4.1420201601e-03	2.3263036340e-05	2.9775914643e-05
1.7400000000e+02	8.1963411974e-03	4.1186711549e-03	2.3434885302e-05	2.9855406484e-05
1.7500000000e+02	8.2262359030e-03	4.0951505669e-03	2.3606201920e-05	2.9933827833e-05
1.7600000000e+02	8.2562085020e-03	4.0714589285e-03	2.3776986213e-05	3.0011196186e-05
1.7700000000e+02	8.2862579501e-03	4.0475967719e-03	2.3947238295e-05	3.0087528728e-05
1.7800000000e+02	8.3163832199e-03	4.0235646292e-03	2.4116958374e-05	3.0162842338e-05
1.7900000000e+02	8.3465833007e-03	3.9993630324e-03	2.4286146750e-05	3.0237153597e-05
1.8000000000e+02	8.3768571984e-03	3.9749925129e-03	2.4454803808e-05	3.0310478788e-05
1.8100000000e+02	8.4072039349e-03	3.9504536017e-03	2.4622930017e-05	3.0382833905e-05
1.8200000000e+02	8.4376225480e-03	3.9257468296e-03	2.4790525926e-05	3.0454234655e-05
1.8300000000e+02	8.4681120912e-03	3.9008727264e-03	2.4957592157e-05	3.0524696466e-05
1.8400000000e+02	8.4986716331e-03	3.8758318216e-03	2.5124129410e-05	3.0594234489e-05
1.8500000000e+02	8.5293002572e-03	3.8506246437e-03	2.5290138452e-05	3.0662863603e-05
1.8600000000e+02	8.5599970622e-03	3.8252517205e-03	2.5455620117e-05	3.0730598420e-05
1.8700000000e+02	8.5907611608e-03	3.7997135789e-03	2.5620575304e-05	3.0797453292e-05
1.8800000000e+02	8.6215916801e-03	3.7740107451e-03	2.5785004974e-05	3.0863442312e-05
1.8900000000e+02	8.6524877614e-03	3.7481437438e-03	2.5948910146e-05	3.0928579321e-05
1.9000000000e+02	8.6834485593e-03	3.7221130992e-03	2.6112291895e-05	3.0992877911e-05
1.9100000000e+02	8.7144732422e-03	3.6959193341e-03	2.6275151351e-05	3.1056351430e-05
1.9200000000e+02	8.7455609915e-03	3.6695629702e-03	2.6437489694e-05	3.1119012987e-05
1.9300000000e+02	8.7767110018e-03	3.6430445280e-03	2.6599308154e-05	3.1180875456e-05
1.9400000000e+02	8.8079224803e-03	3.6163645268e-03	2.6760608008e-05	3.1241951480e-05
1.9500000000e+02	8.8391946468e-03	3.5895234845e-03	2.6921390576e-05	3.1302253476e-05
1.9600000000e+02	8.8705267333e-03	3.5625219176e-03	2.7081657223e-05	3.1361793635e-05
1.9700000000e+02	8.9019179841e-03	3.5353603415e-03	2.7241409353e-05	3.1420583934e-05
1.9800000000e+02	8.9333676551e-03	3.5080392699e-03	2.7400648410e-05	3.1478636134e-05
1.9900000000e+02	8.9648750142e-03	3.4805592152e-03	2.7559375874e-05	3.1535961785e-05
2.0000000000e+02	8.9964393403e-03	3.4529206882e-03	2.7717593260e-05	3.1592572231e-05
2.0100000000e+02	9.0280599239e-03	3.4251241982e-03	2.7875302118e-05	3.1648478612e-05
2.0200000000e+02	9.0597360665e-03	3.3971702530e-03	2.8032504027e-05	3.1703691871e-05
2.0300000000e+02	9.0914670802e-03	3.3690593586e-03	2.8189200599e-05	3.1758222756e-05
2.0400000000e+02	9.1232522881e-03	3.3407920197e-03	2.8345393473e-05	3.1812081822e-05
2.0500000000e+02	9.1550910234e-03	3.3123687390e-03	2.8501084314e-05	3.1865279436e-05
2.0600000000e+02	9.1869826298e-03	3.2837900178e-03	2.8656274816e-05	3.1917825782e-05
2.0700000000e+02	9.2189264612e-03	3.2550563556e-03	2.8810966694e-05	3.1969730862e-05
2.0800000000e+02	9.2509218811e-03	3.2261682501e-03	2.8965161688e-05	3.2021004501e-05
2.0900000000e+02	9.2829682629e-03	3.1971261973e-03	2.9118861558e-05	3.2071656351e-05
2.1000000000e+02	9.3150649897e-03	3.1679306914e-03	2.9272068087e-05	3.2121695891e-05
2.1100000000e+02	9.3472114537e-03	3.1385822249e-03	2.9424783075e-05	3.2171132434e-05
2.1200000000e+02	9.3794070566e-03	3.1090812885e-03	2.9577008340e-05	3.2219975127e-05
2.1300000000e+02	9.4116512090e-03	3.0794283709e-03	2.9728745719e-05	3.2268232959e-05
2.1400000000e+02	9.4439433305e-03	3.0496239591e-03	2.9879997063e-05	3.2315914757e-05
2.1500000000e+02	9.4762828494e-03	3.0196685381e-03	3.0030764239e-05	3.2363029195e-05
2.1600000000e+02	9.5086692026e-03	2.9895625913e-03	3.0181049126e-05	3.2409584794e-05
2.1700000000e+02	9.5411018355e-03	2.9593066000e-03	3.0330853620e-05	3.2455589926e-05
2.1800000000e+02	9.5735802017e-03	2.9289010436e-03	3.0480179624e-05	3.2501052818e-05
2.1900000000e+02	9.6061037631e-03	2.8983463996e-03	3.0629029057e-05	3.2545981550e-05
2.2000000000e+02	9.6386719894e-03	2.8676431437e-03	3.0777403844e-05	3.2590384064e-05
2.2100000000e+02	9.6712843584e-03	2.8367917495e-03	3.0925305923e-05	3.2634268162e-05
2.2200000000e+02	9.7039403555e-03	2.8057926888e-03	3.1072737238e-05	3.2677641511e-05
2.2300000000e+02	9.7366394737e-03	2.7746464313e-03	3.1219699742e-05	3.2720511646e-05
2.2400000000e+02	9.7693812135e-03	2.7433534449e-03	3.1366195396e-05	3.2762885970e-05
2.2500000000e+02	9.8021650828e-03	2.7119141955e-03	3.1512226166e-05	3.2804771759e-05
2.2600000000e+02	9.8349905966e-03	2.6803291469e-03	3.1657794025e-05	3.2846176162e-05
2.2700000000e+02	9.8678572770e-03	2.6485987611e-03	3.1802900951e-05	3.2887106207e-05
2.2800000000e+02	9.9007646532e-03	2.6167234980e-03	3.1947548926e-05	3.2927568799e-05
2.2900000000e+02	9.9337122611e-03	2.5847038155e-03	3.2091739937e-05	3.2967570726e-05
2.3000000000e+02	9.9666996433e-03	2.5525401697e-03	3.2235475972e-05	3.3007118660e-05
2.3100000000e+02	9.9997263492e-03	2.5202330146e-03	3.2378759024e-05	3.3046219157e-05
2.3200000000e+02	1.0032791935e-02	2.4877828020e-03	3.2521591089e-05	3.3084878663e-05
2.3300000000e+02	1.0065895962e-02	2.4551899821e-03	3.2663974161e-05	3.3123103513e-05
2.3400000000e+02	1.0099037999e-02	2.4224550027e-03	3.2805910240e-05	3.3160899936e-05
2.3500000000e+02	1.0132217621e-02	2.3895783099e-03	3.2947401323e-05	3.3198274054e-05
2.3600000000e+02	1.0165434408e-02	2.3565603477e-03	3.3088449409e-05	3.3235231885e-05
2.3700000000e+02	1.0198687948e-02	2.3234015581e-03	3.3229056496e-05	3.3271779346e-05
2.3800000000e+02	1.0231977832e-02	2.2901023811e-03	3.3369224584e-05	3.3307922255e-05
2.3900000000e+02	1.0265303659e-02	2.2566632546e-03	3.3508955668e-05	3.3343666331e-05
2.4000000000e+02	1.0298665034e-02	2.2230846147e-03	3.3648251745e-05	3.3379017197e-05
2.4100000000e+02	1.0332061564e-02	2.1893668955e-03	3.3787114809e-05	3.3413980382e-05
2.4200000000e+02	1.0365492867e-02	2.1555105288e-03	3.3925546852e-05	3.3448561324e-05
2.4300000000e+02	1.0398958562e-02	2.1215159448e-03	3.4063549863e-05	3.3482765368e-05
2.4400000000e+02	1.0432458274e-02	2.0873835714e-03	3.4201125830e-05	3.3516597771e-05
2.4500000000e+02	1.0465991635e-02	2.0531138348e-03	3.4338276735e-05	3.3550063704e-05
2.4600000000e+02	1.0499558281e-02	2.0187071590e-03	3.4475004560e-05	3.3583168249e-05
2.4700000000e+02	1.0533157853e-02	1.9841639660e-03	3.4611311282e-05	3.3615916407e-05
2.4800000000e+02	1.0566789996e-02	1.9494846761e-03	3.4747198872e-05	3.3648313096e-05
2.4900000000e+02	1.0600454363e-02	1.9146697073e-03	3.4882669301e-05	3.3680363152e-05
2.5000000000e+02	1.0634150609e-02	1.8797194759e-03	3.5017724531e-05	3.3712071331e-05
2.5100000000e+02	1.0667878394e-02	1.8446343960e-03	3.5152366524e-05	3.3743442314e-05
2.5200000000e+02	1.0701637383e-02	1.8094148800e-03	3.5286597233e-05	3.3774480702e-05
2.5300000000e+02	1.0735427246e-02	1.7740613380e-03	3.5420418607e-05	3.3805191023e-05
2.5400000000e+02	1.0769247657e-02	1.7385741785e-03	3.5553832591e-05	3.3835577730e-05
2.5500000000e+02	1.0803098295e-02	1.7029538080e-03	3.5686841124e-05	3.3865645206e-05
2.5600000000e+02	1.0836978842e-02	1.6672006308e-03	3.5819446138e-05	3.3895397759e-05
2.5700000000e+02	1.0870888987e-02	1.6313150496e-03	3.5951649560e-05	3.3924839631e-05
2.5800000000e+02	1.0904828419e-02	1.5952974649e-03	3.6083453311e-05	3.3953974994e-05
2.5900000000e+02	1.0938796836e-02	1.5591482755e-03	3.6214859306e-05	3.3982807953e-05
2.6000000000e+02	1.0972793936e-02	1.5228678782e-03	3.6345869452e-05	3.4011342547e-05
2.6100000000e+02	1.1006819423e-02	1.4864566679e-03	3.6476485651e-05	3.4039582749e-05
2.6200000000e+02	1.1040873004e-02	1.4499150376e-03	3.6606709797e-05	3.4067532472e-05
2.6300000000e+02	1.1074954392e-02	1.4132433784e-03	3.6736543778e-05	3.4095195563e-05
2.6400000000e+02	1.1109063301e-02	1.3764420795e-03	3.6865989476e-05	3.4122575810e-05
2.6500000000e+02	1.1143199451e-02	1.3395115282e-03	3.6995048764e-05	3.4149676939e-05
2.6600000000e+02	1.1177362563e-02	1.3024521101e-03	3.7123723508e-05	3.4176502618e-05
2.6700000000e+02	1.1211552365e-02	1.2652642088e-03	3.7252015568e-05	3.4203056458e-05
2.6800000000e+02	1.1245768587e-02	1.2279482060e-03	3.7379926794e-05	3.4229342011e-05
2.6900000000e+02	1.1280010961e-02	1.1905044815e-03	3.7507459032e-05	3.4255362775e-05
2.7000000000e+02	1.1314279225e-02	1.1529334136e-03	3.7634614117e-05	3.4281122192e-05
2.7100000000e+02	1.1348573119e-02	1.1152353784e-03	3.7761393879e-05	3.4306623650e-05
2.7200000000e+02	1.1382892388e-02	1.0774107503e-03	3.7887800137e-05	3.4331870485e-05
2.7300000000e+02	1.1417236777e-02	1.0394599020e-03	3.8013834706e-05	3.4356865980e-05
2.7400000000e+02	1.1451606037e-02	1.0013832042e-03	3.8139499389e-05	3.4381613368e-05
2.7500000000e+02	1.1485999922e-02	9.6318102595e-04	3.8264795985e-05	3.4406115830e-05
2.7600000000e+02	1.1520418188e-02	9.2485373436e-04	3.8389726281e-05	3.4430376501e-05
2.7700000000e+02	1.1554860595e-02	8.8640169489e-04	3.8514292059e-05	3.4454398464e-05
2.7800000000e+02	1.1589326906e-02	8.4782527116e-04	3.8638495091e-05	3.4478184757e-05
2.7900000000e+02	1.1623816887e-02	8.0912482504e-04	3.8762337140e-05	3.4501738371e-05
2.8000000000e+02	1.1658330306e-02	7.7030071662e-04	3.8885819964e-05	3.4525062249e-05
2.8100000000e+02	1.1692866936e-02	7.3135330427e-04	3.9008945309e-05	3.4548159292e-05
2.8200000000e+02	1.1727426550e-02	6.9228294458e-04	3.9131714914e-05	3.4571032356e-05
2.8300000000e+02	1.1762008927e-02	6.5308999244e-04	3.9254130511e-05	3.4593684251e-05
2.8400000000e+02	1.1796613846e-02	6.1377480099e-04	3.9376193821e-05	3.4616117747e-05
2.8500000000e+02	1.1831241091e-02	5.7433772166e-04	3.9497906558e-05	3.4638335572e-05
2.8600000000e+02	1.1865890446e-02	5.3477910417e-04	3.9619270427e-05	3.4660340412e-05
2.8700000000e+02	1.1900561701e-02	4.9509929653e-04	3.9740287125e-05	3.4682134912e-05
2.8800000000e+02	1.1935254647e-02	4.5529864508e-04	3.9860958340e-05	3.4703721678e-05
2.8900000000e+02	1.1969969076e-02	4.1537749445e-04	3.9981285750e-05	3.4725103277e-05
2.9000000000e+02	1.2004704786e-02	3.7533618762e-04	4.0101271028e-05	3.4746282237e-05
2.9100000000e+02	1.2039461574e-02	3.3517506588e-04	4.0220915836e-05	3.4767261049e-05
2.9200000000e+02	1.2074239242e-02	2.9489446889e-04	4.0340221826e-05	3.4788042166e-05
2.9300000000e+02	1.2109037593e-02	2.5449473462e-04	4.0459190644e-05	3.4808628005e-05
2.9400000000e+02	1.2143856434e-02	2.1397619944e-04	4.0577823926e-05	3.4829020948e-05
2.9500000000e+02	1.2178695572e-02	1.7333919807e-04	4.0696123300e-05	3.4849223339e-05
2.9600000000e+02	1.2213554818e-02	1.3258406361e-04	4.0814090385e-05	3.4869237491e-05
2.9700000000e+02	1.2248433985e-02	9.1711127528e-05	4.0931726792e-05	3.4889065682e-05
2.9800000000e+02	1.2283332888e-02	5.0720719715e-05	4.1049034121e-05	3.4908710153e-05
2.9900000000e+02	1.2318251345e-02	9.6131684469e-06	4.1166013967e-05	3.4928173118e-05
3.0000000000e+02	1.2353189174e-02	-3.1611199585e-05	4.1282667913e-05	3.4947456754e-05
3.0100000000e+02	1.2388146199e-02	-7.2952059271e-05	4.1398997536e-05	3.4966563209e-05
3.0200000000e+02	1.2423122242e-02	-1.1440908707e-04	4.1515004402e-05	3.4985494597e-05
3.0300000000e+02	1.2458117130e-02	-1.5598196101e-04	4.1630690071e-05	3.5004253005e-05
3.0400000000e+02	1.2493130691e-02	-1.9767036066e-04	4.1746056092e-05	3.5022840486e-05
3.0500000000e+02	1.2528162755e-02	-2.3947396716e-04	4.1861104008e-05	3.5041259066e-05
3.0600000000e+02	1.2563213154e-02	-2.8139246315e-04	4.1975835350e-05	3.5059510742e-05
3.0700000000e+02	1.2598281722e-02	-3.2342553284e-04	4.2090251643e-05	3.5077597480e-05
3.0800000000e+02	1.2633368295e-02	-3.6557286193e-04	4.2204354404e-05	3.5095521219e-05
3.0900000000e+02	1.2668472710e-02	-4.0783413764e-04	4.2318145139e-05	3.5113283871e-05
3.1000000000e+02	1.2703594809e-02	-4.5020904870e-04	4.2431625348e-05	3.5130887319e-05
3.1100000000e+02	1.2738734433e-02	-4.9269728533e-04	4.2544796521e-05	3.5148333422e-05
3.1200000000e+02	1.2773891424e-02	-5.3529853922e-04	4.2657660139e-05	3.5165624009e-05
3.1300000000e+02	1.2809065629e-02	-5.7801250358e-04	4.2770217677e-05	3.5182760886e-05
3.1400000000e+02	1.2844256895e-02	-6.2083887304e-04	4.2882470600e-05	3.5199745832e-05
3.1500000000e+02	1.2879465071e-02	-6.6377734372e-04	4.2994420364e-05	3.5216580602e-05
3.1600000000e+02	1.2914690007e-02	-7.0682761320e-04	4.3106068418e-05	3.5233266925e-05
3.1700000000e+02	1.2949931556e-02	-7.4998938047e-04	4.3217416203e-05	3.5249806507e-05
3.1800000000e+02	1.2985189572e-02	-7.9326234599e-04	4.3328465150e-05	3.5266201028e-05
3.1900000000e+02	1.3020463910e-02	-8.3664621163e-04	4.3439216683e-05	3.5282452147e-05
3.2000000000e+02	1.3055754429e-02	-8.8014068069e-04	4.3549672217e-05	3.5298561500e-05
3.2100000000e+02	1.3091060986e-02	-9.2374545787e-04	4.3659833160e-05	3.5314530697e-05
3.2200000000e+02	1.3126383444e-02	-9.6746024928e-04	4.3769700911e-05	3.5330361329e-05
3.2300000000e+02	1.3161721663e-02	-1.0112847624e-03	4.3879276860e-05	3.5346054963e-05
3.2400000000e+02	1.3197075509e-02	-1.0552187062e-03	4.3988562392e-05	3.5361613147e-05
3.2500000000e+02	1.3232444845e-02	-1.0992617909e-03	4.4097558880e-05	3.5377037404e-05
3.2600000000e+02	1.3267829539e-02	-1.1434137281e-03	4.4206267692e-05	3.5392329238e-05
3.2700000000e+02	1.3303229460e-02	-1.1876742308e-03	4.4314690186e-05	3.5407490133e-05
3.2800000000e+02	1.3338644476e-02	-1.2320430134e-03	4.4422827713e-05	3.5422521553e-05
3.2900000000e+02	1.3374074460e-02	-1.2765197917e-03	4.4530681617e-05	3.5437424939e-05
3.3000000000e+02	1.3409519284e-02	-1.3211042826e-03	4.4638253233e-05	3.5452201715e-05
3.3100000000e+02	1.3444978822e-02	-1.3657962045e-03	4.4745543887e-05	3.5466853285e-05
3.3200000000e+02	1.3480452949e-02	-1.4105952771e-03	4.4852554899e-05	3.5481381035e-05
3.3300000000e+02	1.3515941543e-02	-1.4555012215e-03	4.4959287582e-05	3.5495786331e-05
3.3400000000e+02	1.3551444482e-02	-1.5005137600e-03	4.5065743239e-05	3.5510070520e-05
3.3500000000e+02	1.3586961644e-02	-1.5456326161e-03	4.5171923166e-05	3.5524234933e-05
3.3600000000e+02	1.3622492912e-02	-1.5908575148e-03	4.5277828652e-05	3.5538280881e-05
3.3700000000e+02	1.3658038167e-02	-1.6361881823e-03	4.5383460978e-05	3.5552209658e-05
3.3800000000e+02	1.3693597293e-02	-1.6816243461e-03	4.5488821417e-05	3.5566022543e-05
3.3900000000e+02	1.3729170174e-02	-1.7271657350e-03	4.5593911236e-05	3.5579720794e-05
3.4000000000e+02	1.3764756697e-02	-1.7728120788e-03	4.5698731692e-05	3.5593305655e-05
3.4100000000e+02	1.3800356748e-02	-1.8185631090e-03	4.5803284038e-05	3.5606778353e-05
3.4200000000e+02	1.3835970216e-02	-1.8644185579e-03	4.5907569515e-05	3.5620140098e-05
3.4300000000e+02	1.3871596992e-02	-1.9103781595e-03	4.6011589362e-05	3.5633392085e-05
3.4400000000e+02	1.3907236964e-02	-1.9564416485e-03	4.6115344805e-05	3.5646535493e-05
3.4500000000e+02	1.3942890027e-02	-2.0026087614e-03	4.6218837067e-05	3.5659571484e-05
3.4600000000e+02	1.3978556072e-02	-2.0488792353e-03	4.6322067362e-05	3.5672501208e-05
3.4700000000e+02	1.4014234994e-02	-2.0952528092e-03	4.6425036897e-05	3.5685325797e-05
3.4800000000e+02	1.4049926689e-02	-2.1417292226e-03	4.6527746872e-05	3.5698046370e-05
3.4900000000e+02	1.4085631053e-02	-2.1883082168e-03	4.6630198479e-05	3.5710664029e-05
3.5000000000e+02	1.4121347983e-02	-2.2349895339e-03	4.6732392905e-05	3.5723179865e-05
3.5100000000e+02	1.4157077379e-02	-2.2817729173e-03	4.6834331327e-05	3.5735594952e-05
3.5200000000e+02	1.4192819140e-02	-2.3286581116e-03	4.6936014918e-05	3.5747910353e-05
3.5300000000e+02	1.4228573166e-02	-2.3756448625e-03	4.7037444841e-05	3.5760127114e-05
3.5400000000e+02	1.4264339361e-02	-2.4227329171e-03	4.7138622255e-05	3.5772246269e-05
3.5500000000e+02	1.4300117627e-02	-2.4699220233e-03	4.7239548310e-05	3.5784268840e-05
3.5600000000e+02	1.4335907867e-02	-2.5172119303e-03	4.7340224150e-05	3.5796195834e-05
3.5700000000e+02	1.4371709987e-02	-2.5646023885e-03	4.7440650912e-05	3.5808028246e-05
3.5800000000e+02	1.4407523892e-02	-2.6120931495e-03	4.7540829726e-05	3.5819767058e-05
3.5900000000e+02	1.4443349490e-02	-2.6596839657e-03	4.7640761716e-05	3.5831413240e-05
3.6000000000e+02	1.4479186688e-02	-2.7073745910e-03	4.7740447998e-05	3.5842967749e-05
3.6100000000e+02	1.4515035395e-02	-2.7551647802e-03	4.7839889683e-05	3.5854431531e-05
3.6200000000e+02	1.4550895521e-02	-2.8030542892e-03	4.7939087875e-05	3.5865805518e-05
3.6300000000e+02	1.4586766977e-02	-2.8510428751e-03	4.8038043669e-05	3.5877090632e-05
3.6400000000e+02	1.4622649673e-02	-2.8991302961e-03	4.8136758158e-05	3.5888287783e-05
3.6500000000e+02	1.4658543523e-02	-2.9473163114e-03	4.8235232424e-05	3.5899397870e-05
3.6600000000e+02	1.4694448440e-02	-2.9956006812e-03	4.8333467545e-05	3.5910421779e-05
3.6700000000e+02	1.4730364339e-02	-3.0439831671e-03	4.8431464593e-05	3.5921360387e-05
3.6800000000e+02	1.4766291133e-02	-3.0924635314e-03	4.8529224632e-05	3.5932214558e-05
3.6900000000e+02	1.4802228740e-02	-3.1410415377e-03	4.8626748720e-05	3.5942985147e-05
3.7000000000e+02	1.4838177076e-02	-3.1897169506e-03	4.8724037909e-05	3.5953672999e-05
3.7100000000e+02	1.4874136058e-02	-3.2384895356e-03	4.8821093245e-05	3.5964278945e-05
3.7200000000e+02	1.4910105607e-02	-3.2873590594e-03	4.8917915769e-05	3.5974803810e-05
3.7300000000e+02	1.4946085639e-02	-3.3363252899e-03	4.9014506513e-05	3.5985248406e-05
3.7400000000e+02	1.4982076077e-02	-3.3853879956e-03	4.9110866504e-05	3.5995613536e-05
3.7500000000e+02	1.5018076840e-02	-3.4345469463e-03	4.9206996764e-05	3.6005899992e-05
3.7600000000e+02	1.5054087851e-02	-3.4838019128e-03	4.9302898308e-05	3.6016108559e-05
3.7700000000e+02	1.5090109032e-02	-3.5331526670e-03	4.9398572145e-05	3.6026240010e-05
3.7800000000e+02	1.5126140306e-02	-3.5825989816e-03	4.9494019278e-05	3.6036295108e-05
3.7900000000e+02	1.5162181597e-02	-3.6321406303e-03	4.9589240704e-05	3.6046274610e-05
3.8000000000e+02	1.5198232830e-02	-3.6817773881e-03	4.9684237415e-05	3.6056179260e-05
3.8100000000e+02	1.5234293930e-02	-3.7315090306e-03	4.9779010396e-05	3.6066009796e-05
3.8200000000e+02	1.5270364825e-02	-3.7813353346e-03	4.9873560627e-05	3.6075766945e-05
3.8300000000e+02	1.5306445440e-02	-3.8312560779e-03	4.9967889081e-05	3.6085451426e-05
3.8400000000e+02	1.5342535704e-02	-3.8812710392e-03	5.0061996726e-05	3.6095063949e-05
3.8500000000e+02	1.5378635544e-02	-3.9313799981e-03	5.0155884526e-05	3.6104605217e-05
3.8600000000e+02	1.5414744891e-02	-3.9815827353e-03	5.0249553435e-05	3.6114075923e-05
3.8700000000e+02	1.5450863673e-02	-4.0318790323e-03	5.0343004406e-05	3.6123476752e-05
3.8800000000e+02	1.5486991821e-02	-4.0822686717e-03	5.0436238384e-05	3.6132808381e-05
3.8900000000e+02	1.5523129267e-02	-4.1327514370e-03	5.0529256308e-05	3.6142071478e-05
3.9000000000e+02	1.5559275941e-02	-4.1833271126e-03	5.0622059113e-05	3.6151266705e-05
3.9100000000e+02	1.5595431778e-02	-4.2339954839e-03	5.0714647728e-05	3.6160394715e-05
3.9200000000e+02	1.5631596709e-02	-4.2847563370e-03	5.0807023076e-05	3.6169456152e-05
3.9300000000e+02	1.5667770668e-02	-4.3356094592e-03	5.0899186075e-05	3.6178451655e-05
3.9400000000e+02	1.5703953590e-02	-4.3865546387e-03	5.0991137637e-05	3.6187381855e-05
3.9500000000e+02	1.5740145410e-02	-4.4375916643e-03	5.1082878670e-05	3.6196247373e-05
3.9600000000e+02	1.5776346064e-02	-4.4887203261e-03	5.1174410075e-05	3.6205048825e-05
3.9700000000e+02	1.5812555487e-02	-4.5399404149e-03	5.1265732750e-05	3.6213786819e-05
3.9800000000e+02	1.5848773616e-02	-4.5912517224e-03	5.1356847585e-05	3.6222461957e-05
3.9900000000e+02	1.5885000390e-02	-4.6426540411e-03	5.1447755466e-05	3.6231074833e-05
4.0000000000e+02	1.5921235745e-02	-4.6941471646e-03	5.1538457275e-05	3.6239626034e-05
4.0100000000e+02	1.5957479622e-02	-4.7457308873e-03	5.1628953887e-05	3.6248116141e-05
4.0200000000e+02	1.5993731958e-02	-4.7974050043e-03	5.1719246174e-05	3.6256545726e-05
4.0300000000e+02	1.6029992693e-02	-4.8491693118e-03	5.1809335000e-05	3.6264915357e-05
4.0400000000e+02	1.6066261768e-02	-4.9010236067e-03	5.1899221226e-05	3.6273225596e-05
4.0500000000e+02	1.6102539125e-02	-4.9529676870e-03	5.1988905708e-05	3.6281476995e-05
4.0600000000e+02	1.6138824703e-02	-5.0050013512e-03	5.2078389296e-05	3.6289670102e-05
4.0700000000e+02	1.6175118446e-02	-5.0571243989e-03	5.2167672837e-05	3.6297805459e-05
4.0800000000e+02	1.6211420295e-02	-5.1093366305e-03	5.2256757170e-05	3.6305883602e-05
4.0900000000e+02	1.6247730194e-02	-5.1616378471e-03	5.2345643132e-05	3.6313905058e-05
4.1000000000e+02	1.6284048086e-02	-5.2140278509e-03	5.2434331554e-05	3.6321870352e-05
4.1100000000e+02	1.6320373916e-02	-5.2665064446e-03	5.2522823262e-05	3.6329780000e-05
4.1200000000e+02	1.6356707628e-02	-5.3190734321e-03	5.2611119078e-05	3.6337634514e-05
4.1300000000e+02	1.6393049167e-02	-5.3717286178e-03	5.2699219818e-05	3.6345434399e-05
4.1400000000e+02	1.6429398479e-02	-5.4244718070e-03	5.2787126294e-05	3.6353180155e-05
4.1500000000e+02	1.6465755509e-02	-5.4773028059e-03	5.2874839314e-05	3.6360872277e-05
4.1600000000e+02	1.6502120205e-02	-5.5302214214e-03	5.2962359680e-05	3.6368511251e-05
4.1700000000e+02	1.6538492514e-02	-5.5832274613e-03	5.3049688191e-05	3.6376097563e-05
4.1800000000e+02	1.6574872383e-02	-5.6363207341e-03	5.3136825639e-05	3.6383631689e-05
4.1900000000e+02	1.6611259760e-02	-5.6895010491e-03	5.3223772815e-05	3.6391114102e-05
4.2000000000e+02	1.6647654594e-02	-5.7427682166e-03	5.3310530502e-05	3.6398545268e-05
4.2100000000e+02	1.6684056834e-02	-5.7961220472e-03	5.3397099480e-05	3.6405925650e-05
4.2200000000e+02	1.6720466429e-02	-5.8495623529e-03	5.3483480525e-05	3.6413255705e-05
4.2300000000e+02	1.6756883329e-02	-5.9030889459e-03	5.3569674408e-05	3.6420535884e-05
4.2400000000e+02	1.6793307484e-02	-5.9567016396e-03	5.3655681896e-05	3.6427766633e-05
4.2500000000e+02	1.6829738846e-02	-6.0104002478e-03	5.3741503750e-05	3.6434948395e-05
4.2600000000e+02	1.6866177365e-02	-6.0641845854e-03	5.3827140728e-05	3.6442081607e-05
4.2700000000e+02	1.6902622993e-02	-6.1180544679e-03	5.3912593585e-05	3.6449166700e-05
4.2800000000e+02	1.6939075682e-02	-6.1720097115e-03	5.3997863069e-05	3.6456204101e-05
4.2900000000e+02	1.6975535385e-02	-6.2260501332e-03	5.4082949927e-05	3.6463194235e-05
4.3000000000e+02	1.7012002055e-02	-6.2801755507e-03	5.4167854897e-05	3.6470137517e-05
4.3100000000e+02	1.7048475645e-02	-6.3343857826e-03	5.4252578718e-05	3.6477034362e-05
4.3200000000e+02	1.7084956108e-02	-6.3886806480e-03	5.4337122121e-05	3.6483885180e-05
4.3300000000e+02	1.7121443400e-02	-6.4430599669e-03	5.4421485836e-05	3.6490690373e-05
4.3400000000e+02	1.7157937474e-02	-6.4975235600e-03	5.4505670586e-05	3.6497450343e-05
4.3500000000e+02	1.7194438286e-02	-6.5520712487e-03	5.4589677091e-05	3.6504165485e-05
4.3600000000e+02	1.7230945790e-02	-6.6067028550e-03	5.4673506067e-05	3.6510836191e-05
4.3700000000e+02	1.7267459943e-02	-6.6614182019e-03	5.4757158227e-05	3.6517462849e-05
4.3800000000e+02	1.7303980701e-02	-6.7162171128e-03	5.4840634279e-05	3.6524045840e-05
4.3900000000e+02	1.7340508021e-02	-6.7710994120e-03	5.4923934926e-05	3.6530585545e-05
4.4000000000e+02	1.7377041858e-02	-6.8260649244e-03	5.5007060870e-05	3.6537082337e-05
4.4100000000e+02	1.7413582171e-02	-6.8811134757e-03	5.5090012805e-05	3.6543536589e-05
4.4200000000e+02	1.7450128917e-02	-6.9362448922e-03	5.5172791424e-05	3.6549948668e-05
4.4300000000e+02	1.7486682055e-02	-6.9914590010e-03	5.5255397417e-05	3.6556318935e-05
4.4400000000e+02	1.7523241541e-02	-7.0467556298e-03	5.5337831467e-05	3.6562647751e-05
4.4500000000e+02	1.7559807336e-02	-7.1021346069e-03	5.5420094255e-05	3.6568935471e-05
4.4600000000e+02	1.7596379399e-02	-7.1575957614e-03	5.5502186458e-05	3.6575182446e-05
4.4700000000e+02	1.7632957688e-02	-7.2131389231e-03	5.5584108749e-05	3.6581389024e-05
4.4800000000e+02	1.7669542163e-02	-7.2687639225e-03	5.5665861799e-05	3.6587555551e-05
4.4900000000e+02	1.7706132786e-02	-7.3244705905e-03	5.5747446272e-05	3.6593682366e-05
4.5000000000e+02	1.7742729515e-02	-7.3802587591e-03	5.5828862831e-05	3.6599769806e-05
4.5100000000e+02	1.7779332312e-02	-7.4361282605e-03	5.5910112135e-05	3.6605818205e-05
4.5200000000e+02	1.7815941139e-02	-7.4920789278e-03	5.5991194837e-05	3.6611827893e-05
4.5300000000e+02	1.7852555955e-02	-7.5481105948e-03	5.6072111590e-05	3.6617799197e-05
4.5400000000e+02	1.7889176724e-02	-7.6042230959e-03	5.6152863040e-05	3.6623732440e-05
4.5500000000e+02	1.7925803408e-02	-7.6604162660e-03	5.6233449832e-05	3.6629627941e-05
4.5600000000e+02	1.7962435968e-02	-7.7166899409e-03	5.6313872607e-05	3.6635486017e-05
4.5700000000e+02	1.7999074367e-02	-7.7730439568e-03	5.6394132000e-05	3.6641306982e-05
4.5800000000e+02	1.8035718569e-02	-7.8294781506e-03	5.6474228646e-05	3.6647091145e-05
4.5900000000e+02	1.8072368537e-02	-7.8859923600e-03	5.6554163175e-05	3.6652838813e-05
4.6000000000e+02	1.8109024235e-02	-7.9425864231e-03	5.6633936213e-05	3.6658550290e-05
4.6100000000e+02	1.8145685626e-02	-7.9992601788e-03	5.6713548384e-05	3.6664225876e-05
4.6200000000e+02	1.8182352675e-02	-8.0560134665e-03	5.6793000306e-05	3.6669865869e-05
4.6300000000e+02	1.8219025346e-02	-8.1128461262e-03	5.6872292597e-05	3.6675470563e-05
4.6400000000e+02	1.8255703604e-02	-8.1697579987e-03	5.6951425868e-05	3.6681040250e-05
4.6500000000e+02	1.8292387415e-02	-8.2267489251e-03	5.7030400731e-05	3.6686575217e-05
4.6600000000e+02	1.8329076743e-02	-8.2838187475e-03	5.7109217791e-05	3.6692075751e-05
4.6700000000e+02	1.8365771555e-02	-8.3409673083e-03	5.7187877652e-05	3.6697542133e-05
4.6800000000e+02	1.8402471816e-02	-8.3981944506e-03	5.7266380912e-05	3.6702974644e-05
4.6900000000e+02	1.8439177493e-02	-8.4555000182e-03	5.7344728169e-05	3.6708373561e-05
4.7000000000e+02	1.8475888552e-02	-8.5128838552e-03	5.7422920016e-05	3.6713739157e-05
4.7100000000e+02	1.8512604960e-02	-8.5703458066e-03	5.7500957042e-05	3.6719071704e-05
4.7200000000e+02	1.8549326685e-02	-8.6278857178e-03	5.7578839836e-05	3.6724371470e-05
4.7300000000e+02	1.8586053693e-02	-8.6855034350e-03	5.7656568980e-05	3.6729638722e-05
4.7400000000e+02	1.8622785951e-02	-8.7431988048e-03	5.7734145055e-05	3.6734873721e-05
4.7500000000e+02	1.8659523429e-02	-8.8009716743e-03	5.7811568639e-05	3.6740076730e-05
4.7600000000e+02	1.8696266094e-02	-8.8588218914e-03	5.7888840306e-05	3.6745248006e-05
4.7700000000e+02	1.8733013915e-02	-8.9167493045e-03	5.7965960627e-05	3.6750387805e-05
4.7800000000e+02	1.8769766860e-02	-8.9747537624e-03	5.8042930171e-05	3.6755496378e-05
4.7900000000e+02	1.8806524897e-02	-9.0328351148e-03	5.8119749503e-05	3.6760573977e-05
4.8000000000e+02	1.8843287997e-02	-9.0909932115e-03	5.8196419185e-05	3.6765620850e-05
4.8100000000e+02	1.8880056129e-02	-9.1492279034e-03	5.8272939776e-05	3.6770637241e-05
4.8200000000e+02	1.8916829262e-02	-9.2075390416e-03	5.8349311832e-05	3.6775623394e-05
4.8300000000e+02	1.8953607366e-02	-9.2659264778e-03	5.8425535908e-05	3.6780579549e-05
4.8400000000e+02	1.8990390411e-02	-9.3243900643e-03	5.8501612552e-05	3.6785505946e-05
4.8500000000e+02	1.9027178368e-02	-9.3829296539e-03	5.8577542312e-05	3.6790402818e-05
4.8600000000e+02	1.9063971207e-02	-9.4415451001e-03	5.8653325734e-05	3.6795270401e-05
4.8700000000e+02	1.9100768899e-02	-9.5002362568e-03	5.8728963358e-05	3.6800108925e-05
4.8800000000e+02	1.9137571415e-02	-9.5590029784e-03	5.8804455724e-05	3.6804918619e-05
4.8900000000e+02	1.9174378726e-02	-9.6178451200e-03	5.8879803367e-05	3.6809699710e-05
4.9000000000e+02	1.9211190805e-02	-9.6767625371e-03	5.8955006820e-05	3.6814452423e-05
4.9100000000e+02	1.9248007622e-02	-9.7357550857e-03	5.9030066614e-05	3.6819176981e-05
4.9200000000e+02	1.9284829150e-02	-9.7948226226e-03	5.9104983277e-05	3.6823873602e-05
4.9300000000e+02	1.9321655360e-02	-9.8539650048e-03	5.9179757332e-05	3.6828542506e-05
4.9400000000e+02	1.9358486225e-02	-9.9131820899e-03	5.9254389302e-05	3.6833183909e-05
4.9500000000e+02	1.9395321719e-02	-9.9724737362e-03	5.9328879707e-05	3.6837798023e-05
4.9600000000e+02	1.9432161812e-02	-1.0031839802e-02	5.9403229062e-05	3.6842385062e-05
4.9700000000e+02	1.9469006480e-02	-1.0091280147e-02	5.9477437882e-05	3.6846945235e-05
4.9800000000e+02	1.9505855694e-02	-1.0150794631e-02	5.9551506677e-05	3.6851478750e-05
4.9900000000e+02	1.9542709428e-02	-1.0210383114e-02	5.9625435957e-05	3.6855985813e-05
5.0000000000e+02	1.9579567657e-02	-1.0270045457e-02	5.9699226228e-05	3.6860466627e-05
5.0100000000e+02	1.9616430353e-02	-1.0329781521e-02	5.9772877991e-05	3.6864921394e-05
5.0200000000e+02	1.9653297491e-02	-1.0389591167e-02	5.9846391749e-05	3.6869350315e-05
5.0300000000e+02	1.9690169045e-02	-1.0449474258e-02	5.9919767999e-05	3.6873753587e-05
5.0400000000e+02	1.9727044990e-02	-1.0509430657e-02	5.9993007236e-05	3.6878131407e-05
5.0500000000e+02	1.9763925300e-02	-1.0569460227e-02	6.0066109954e-05	3.6882483969e-05
5.0600000000e+02	1.9800809949e-02	-1.0629562832e-02	6.0139076643e-05	3.6886811466e-05
5.0700000000e+02	1.9837698914e-02	-1.0689738335e-02	6.0211907790e-05	3.6891114088e-05
5.0800000000e+02	1.9874592169e-02	-1.0749986602e-02	6.0284603881e-05	3.6895392024e-05
5.0900000000e+02	1.9911489690e-02	-1.0810307498e-02	6.0357165399e-05	3.6899645461e-05
5.1000000000e+02	1.9948391452e-02	-1.0870700888e-02	6.0429592825e-05	3.6903874585e-05
5.1100000000e+02	1.9985297431e-02	-1.0931166639e-02	6.0501886635e-05	3.6908079579e-05
5.1200000000e+02	2.0022207603e-02	-1.0991704617e-02	6.0574047306e-05	3.6912260625e-05
5.1300000000e+02	2.0059121944e-02	-1.1052314690e-02	6.0646075310e-05	3.6916417903e-05
5.1400000000e+02	2.0096040431e-02	-1.1112996724e-02	6.0717971119e-05	3.6920551593e-05
5.1500000000e+02	2.0132963040e-02	-1.1173750588e-02	6.0789735200e-05	3.6924661870e-05
5.1600000000e+02	2.0169889747e-02	-1.1234576151e-02	6.0861368019e-05	3.6928748910e-05
5.1700000000e+02	2.0206820530e-02	-1.1295473280e-02	6.0932870040e-05	3.6932812887e-05
5.1800000000e+02	2.0243755365e-02	-1.1356441847e-02	6.1004241723e-05	3.6936853973e-05
5.1900000000e+02	2.0280694230e-02	-1.1417481721e-02	6.1075483528e-05	3.6940872337e-05
5.2000000000e+02	2.0317637102e-02	-1.1478592771e-02	6.1146595911e-05	3.6944868149e-05
5.2100000000e+02	2.0354583959e-02	-1.1539774869e-02	6.1217579326e-05	3.6948841576e-05
5.2200000000e+02	2.0391534778e-02	-1.1601027887e-02	6.1288434224e-05	3.6952792785e-05
5.2300000000e+02	2.0428489537e-02	-1.1662351695e-02	6.1359161057e-05	3.6956721938e-05
5.2400000000e+02	2.0465448215e-02	-1.1723746167e-02	6.1429760270e-05	3.6960629199e-05
5.2500000000e+02	2.0502410789e-02	-1.1785211173e-02	6.1500232308e-05	3.6964514729e-05
5.2600000000e+02	2.0539377237e-02	-1.1846746589e-02	6.1570577616e-05	3.6968378688e-05
5.2700000000e+02	2.0576347539e-02	-1.1908352287e-02	6.1640796632e-05	3.6972221234e-05
5.2800000000e+02	2.0613321672e-02	-1.1970028140e-02	6.1710889797e-05	3.6976042524e-05
5.2900000000e+02	2.0650299617e-02	-1.2031774024e-02	6.1780857545e-05	3.6979842714e-05
5.3000000000e+02	2.0687281351e-02	-1.2093589814e-02	6.1850700310e-05	3.6983621957e-05
5.3100000000e+02	2.0724266854e-02	-1.2155475383e-02	6.1920418526e-05	3.6987380406e-05
5.3200000000e+02	2.0761256105e-02	-1.2217430609e-02	6.1990012621e-05	3.6991118212e-05
5.3300000000e+02	2.0798249083e-02	-1.2279455367e-02	6.2059483022e-05	3.6994835526e-05
5.3400000000e+02	2.0835245769e-02	-1.2341549534e-02	6.2128830156e-05	3.6998532495e-05
5.3500000000e+02	2.0872246142e-02	-1.2403712987e-02	6.2198054446e-05	3.7002209268e-05
5.3600000000e+02	2.0909250181e-02	-1.2465945602e-02	6.2267156312e-05	3.7005865989e-05
5.3700000000e+02	2.0946257867e-02	-1.2528247259e-02	6.2336136175e-05	3.7009502804e-05
5.3800000000e+02	2.0983269180e-02	-1.2590617834e-02	6.2404994450e-05	3.7013119856e-05
5.3900000000e+02	2.1020284100e-02	-1.2653057207e-02	6.2473731554e-05	3.7016717287e-05
5.4000000000e+02	2.1057302608e-02	-1.2715565257e-02	6.2542347898e-05	3.7020295237e-05
5.4100000000e+02	2.1094324684e-02	-1.2778141863e-02	6.2610843895e-05	3.7023853846e-05
5.4200000000e+02	2.1131350309e-02	-1.2840786905e-02	6.2679219952e-05	3.7027393253e-05
5.4300000000e+02	2.1168379464e-02	-1.2903500263e-02	6.2747476478e-05	3.7030913594e-05
5.4400000000e+02	2.1205412130e-02	-1.2966281818e-02	6.2815613876e-05	3.7034415006e-05
5.4500000000e+02	2.1242448288e-02	-1.3029131451e-02	6.2883632549e-05	3.7037897622e-05
5.4600000000e+02	2.1279487919e-02	-1.3092049044e-02	6.2951532899e-05	3.7041361576e-05
5.4700000000e+02	2.1316531005e-02	-1.3155034478e-02	6.3019315325e-05	3.7044807001e-05
5.4800000000e+02	2.1353577527e-02	-1.3218087635e-02	6.3086980223e-05	3.7048234028e-05
5.4900000000e+02	2.1390627467e-02	-1.3281208399e-02	6.3154527989e-05	3.7051642786e-05
5.5000000000e+02	2.1427680807e-02	-1.3344396652e-02	6.3221959016e-05	3.7055033405e-05
5.5100000000e+02	2.1464737528e-02	-1.3407652278e-02	6.3289273695e-05	3.7058406012e-05
5.5200000000e+02	2.1501797613e-02	-1.3470975161e-02	6.3356472416e-05	3.7061760734e-05
5.5300000000e+02	2.1538861043e-02	-1.3534365185e-02	6.3423555566e-05	3.7065097695e-05
5.5400000000e+02	2.1575927802e-02	-1.3597822234e-02	6.3490523531e-05	3.7068417022e-05
5.5500000000e+02	2.1612997872e-02	-1.3661346193e-02	6.3557376694e-05	3.7071718836e-05
5.5600000000e+02	2.1650071234e-02	-1.3724936949e-02	6.3624115437e-05	3.7075003260e-05
5.5700000000e+02	2.1687147872e-02	-1.3788594386e-02	6.3690740141e-05	3.7078270415e-05
5.5800000000e+02	2.1724227769e-02	-1.3852318391e-02	6.3757251184e-05	3.7081520422e-05
5.5900000000e+02	2.1761310908e-02	-1.3916108851e-02	6.3823648942e-05	3.7084753400e-05
5.6000000000e+02	2.1798397270e-02	-1.3979965652e-02	6.3889933789e-05	3.7087969465e-05
5.6100000000e+02	2.1835486841e-02	-1.4043888681e-02	6.3956106099e-05	3.7091168737e-05
5.6200000000e+02	2.1872579602e-02	-1.4107877826e-02	6.4022166243e-05	3.7094351330e-05
5.6300000000e+02	2.1909675538e-02	-1.4171932976e-02	6.4088114590e-05	3.7097517360e-05
5.6400000000e+02	2.1946774632e-02	-1.4236054018e-02	6.4153951507e-05	3.7100666940e-05
5.6500000000e+02	2.1983876866e-02	-1.4300240842e-02	6.4219677360e-05	3.7103800185e-05
5.6600000000e+02	2.2020982226e-02	-1.4364493336e-02	6.4285292514e-05	3.7106917205e-05
5.6700000000e+02	2.2058090695e-02	-1.4428811390e-02	6.4350797330e-05	3.7110018112e-05
5.6800000000e+02	2.2095202257e-02	-1.4493194894e-02	6.4416192168e-05	3.7113103017e-05
5.6900000000e+02	2.2132316896e-02	-1.4557643738e-02	6.4481477389e-05	3.7116172028e-05
5.7000000000e+02	2.2169434596e-02	-1.4622157813e-02	6.4546653349e-05	3.7119225255e-05
5.7100000000e+02	2.2206555341e-02	-1.4686737009e-02	6.4611720403e-05	3.7122262804e-05
5.7200000000e+02	2.2243679117e-02	-1.4751381217e-02	6.4676678905e-05	3.7125284782e-05
5.7300000000e+02	2.2280805906e-02	-1.4816090330e-02	6.4741529208e-05	3.7128291294e-05
5.7400000000e+02	2.2317935694e-02	-1.4880864240e-02	6.4806271662e-05	3.7131282446e-05
5.7500000000e+02	2.2355068466e-02	-1.4945702838e-02	6.4870906615e-05	3.7134258341e-05
5.7600000000e+02	2.2392204206e-02	-1.5010606017e-02	6.4935434415e-05	3.7137219083e-05
5.7700000000e+02	2.2429342899e-02	-1.5075573671e-02	6.4999855407e-05	3.7140164773e-05
5.7800000000e+02	2.2466484530e-02	-1.5140605693e-02	6.5064169936e-05	3.7143095513e-05
5.7900000000e+02	2.2503629085e-02	-1.5205701976e-02	6.5128378343e-05	3.7146011402e-05
5.8000000000e+02	2.2540776548e-02	-1.5270862414e-02	6.5192480969e-05	3.7148912542e-05
5.8100000000e+02	2.2577926905e-02	-1.5336086902e-02	6.5256478154e-05	3.7151799030e-05
5.8200000000e+02	2.2615080141e-02	-1.5401375335e-02	6.5320370235e-05	3.7154670965e-05
5.8300000000e+02	2.2652236242e-02	-1.5466727608e-02	6.5384157547e-05	3.7157528443e-05
5.8400000000e+02	2.2689395193e-02	-1.5532143616e-02	6.5447840426e-05	3.7160371561e-05
5.8500000000e+02	2.2726556981e-02	-1.5597623254e-02	6.5511419205e-05	3.7163200415e-05
5.8600000000e+02	2.2763721590e-02	-1.5663166419e-02	6.5574894213e-05	3.7166015098e-05
5.8700000000e+02	2.2800889006e-02	-1.5728773008e-02	6.5638265782e-05	3.7168815707e-05
5.8800000000e+02	2.2838059216e-02	-1.5794442917e-02	6.5701534240e-05	3.7171602332e-05
5.8900000000e+02	2.2875232206e-02	-1.5860176042e-02	6.5764699912e-05	3.7174375067e-05
5.9000000000e+02	2.2912407962e-02	-1.5925972282e-02	6.5827763126e-05	3.7177134004e-05
5.9100000000e+02	2.2949586470e-02	-1.5991831534e-02	6.5890724203e-05	3.7179879233e-05
5.9200000000e+02	2.2986767716e-02	-1.6057753697e-02	6.5953583467e-05	3.7182610845e-05
5.9300000000e+02	2.3023951687e-02	-1.6123738668e-02	6.6016341238e-05	3.7185328929e-05
5.9400000000e+02	2.3061138369e-02	-1.6189786345e-02	6.6078997836e-05	3.7188033574e-05
5.9500000000e+02	2.3098327749e-02	-1.6255896630e-02	6.6141553578e-05	3.7190724867e-05
5.9600000000e+02	2.3135519814e-02	-1.6322069419e-02	6.6204008781e-05	3.7193402897e-05
5.9700000000e+02	2.3172714551e-02	-1.6388304614e-02	6.6266363760e-05	3.7196067749e-05
5.9800000000e+02	2.3209911946e-02	-1.6454602113e-02	6.6328618828e-05	3.7198719509e-05
5.9900000000e+02	2.3247111986e-02	-1.6520961818e-02	6.6390774297e-05	3.7201358263e-05
6.0000000000e+02	2.3284314658e-02	-1.6587383629e-02	6.6452830478e-05	3.7203984096e-05
6.0100000000e+02	2.3321519949e-02	-1.6653867446e-02	6.6514787680e-05	3.7206597090e-05
6.0200000000e+02	2.3358727848e-02	-1.6720413171e-02	6.6576646211e-05	3.7209197329e-05
6.0300000000e+02	2.3395938340e-02	-1.6787020706e-02	6.6638406378e-05	3.7211784896e-05
6.0400000000e+02	2.3433151413e-02	-1.6853689951e-02	6.6700068485e-05	3.7214359872e-05
6.0500000000e+02	2.3470367055e-02	-1.6920420810e-02	6.6761632836e-05	3.7216922338e-05
6.0600000000e+02	2.3507585254e-02	-1.6987213185e-02	6.6823099733e-05	3.7219472375e-05
6.0700000000e+02	2.3544805996e-02	-1.7054066977e-02	6.6884469478e-05	3.7222010063e-05
6.0800000000e+02	2.3582029270e-02	-1.7120982091e-02	6.6945742370e-05	3.7224535481e-05
6.0900000000e+02	2.3619255063e-02	-1.7187958430e-02	6.7006918707e-05	3.7227048708e-05
6.1000000000e+02	2.3656483363e-02	-1.7254995897e-02	6.7067998787e-05	3.7229549821e-05
6.1100000000e+02	2.3693714159e-02	-1.7322094395e-02	6.7128982903e-05	3.7232038898e-05
6.1200000000e+02	2.3730947437e-02	-1.7389253830e-02	6.7189871352e-05	3.7234516016e-05
6.1300000000e+02	2.3768183187e-02	-1.7456474106e-02	6.7250664426e-05	3.7236981250e-05
6.1400000000e+02	2.3805421396e-02	-1.7523755128e-02	6.7311362416e-05	3.7239434677e-05
6.1500000000e+02	2.3842662052e-02	-1.7591096800e-02	6.7371965612e-05	3.7241876370e-05
6.1600000000e+02	2.3879905145e-02	-1.7658499027e-02	6.7432474305e-05	3.7244306405e-05
6.1700000000e+02	2.3917150661e-02	-1.7725961717e-02	6.7492888781e-05	3.7246724856e-05
6.1800000000e+02	2.3954398590e-02	-1.7793484774e-02	6.7553209327e-05	3.7249131795e-05
6.1900000000e+02	2.3991648921e-02	-1.7861068104e-02	6.7613436228e-05	3.7251527294e-05
6.2000000000e+02	2.4028901641e-02	-1.7928711615e-02	6.7673569768e-05	3.7253911427e-05
6.2100000000e+02	2.4066156740e-02	-1.7996415213e-02	6.7733610230e-05	3.7256284264e-05
6.2200000000e+02	2.4103414206e-02	-1.8064178804e-02	6.7793557895e-05	3.7258645877e-05
6.2300000000e+02	2.4140674028e-02	-1.8132002298e-02	6.7853413043e-05	3.7260996335e-05
6.2400000000e+02	2.4177936195e-02	-1.8199885600e-02	6.7913175953e-05	3.7263335709e-05
6.2500000000e+02	2.4215200696e-02	-1.8267828619e-02	6.7972846903e-05	3.7265664067e-05
6.2600000000e+02	2.4252467519e-02	-1.8335831263e-02	6.8032426170e-05	3.7267981479e-05
6.2700000000e+02	2.4289736655e-02	-1.8403893441e-02	6.8091914028e-05	3.7270288013e-05
6.2800000000e+02	2.4327008092e-02	-1.8472015061e-02	6.8151310753e-05	3.7272583736e-05
6.2900000000e+02	2.4364281819e-02	-1.8540196032e-02	6.8210616615e-05	3.7274868715e-05
6.3000000000e+02	2.4401557826e-02	-1.8608436264e-02	6.8269831888e-05	3.7277143018e-05
6.3100000000e+02	2.4438836101e-02	-1.8676735666e-02	6.8328956842e-05	3.7279406709e-05
6.3200000000e+02	2.4476116636e-02	-1.8745094147e-02	6.8387991745e-05	3.7281659856e-05
6.3300000000e+02	2.4513399418e-02	-1.8813511619e-02	6.8446936867e-05	3.7283902523e-05
6.3400000000e+02	2.4550684437e-02	-1.8881987991e-02	6.8505792474e-05	3.7286134773e-05
6.3500000000e+02	2.4587971684e-02	-1.8950523174e-02	6.8564558832e-05	3.7288356673e-05
6.3600000000e+02	2.4625261147e-02	-1.9019117079e-02	6.8623236205e-05	3.7290568285e-05
6.3700000000e+02	2.4662552817e-02	-1.9087769617e-02	6.8681824857e-05	3.7292769672e-05
6.3800000000e+02	2.4699846683e-02	-1.9156480700e-02	6.8740325051e-05	3.7294960897e-05
6.3900000000e+02	2.4737142735e-02	-1.9225250238e-02	6.8798737047e-05	3.7297142022e-05
6.4000000000e+02	2.4774440964e-02	-1.9294078144e-02	6.8857061106e-05	3.7299313109e-05
6.4100000000e+02	2.4811741358e-02	-1.9362964331e-02	6.8915297487e-05	3.7301474220e-05
6.4200000000e+02	2.4849043909e-02	-1.9431908710e-02	6.8973446447e-05	3.7303625414e-05
6.4300000000e+02	2.4886348606e-02	-1.9500911195e-02	6.9031508244e-05	3.7305766752e-05
6.4400000000e+02	2.4923655439e-02	-1.9569971698e-02	6.9089483132e-05	3.7307898294e-05
6.4500000000e+02	2.4960964399e-02	-1.9639090132e-02	6.9147371366e-05	3.7310020099e-05
6.4600000000e+02	2.4998275476e-02	-1.9708266412e-02	6.9205173201e-05	3.7312132227e-05
6.4700000000e+02	2.5035588660e-02	-1.9777500450e-02	6.9262888888e-05	3.7314234736e-05
6.4800000000e+02	2.5072903942e-02	-1.9846792161e-02	6.9320518678e-05	3.7316327684e-05
6.4900000000e+02	2.5110221313e-02	-1.9916141459e-02	6.9378062822e-05	3.7318411128e-05
6.5000000000e+02	2.5147540762e-02	-1.9985548258e-02	6.9435521568e-05	3.7320485126e-05
6.5100000000e+02	2.5184862280e-02	-2.0055012473e-02	6.9492895166e-05	3.7322549734e-05
6.5200000000e+02	2.5222185858e-02	-2.0124534020e-02	6.9550183862e-05	3.7324605009e-05
6.5300000000e+02	2.5259511487e-02	-2.0194112813e-02	6.9607387901e-05	3.7326651007e-05
6.5400000000e+02	2.5296839157e-02	-2.0263748768e-02	6.9664507530e-05	3.7328687783e-05
6.5500000000e+02	2.5334168859e-02	-2.0333441800e-02	6.9721542991e-05	3.7330715393e-05
6.5600000000e+02	2.5371500585e-02	-2.0403191826e-02	6.9778494528e-05	3.7332733891e-05
6.5700000000e+02	2.5408834324e-02	-2.0472998761e-02	6.9835362382e-05	3.7334743331e-05
6.5800000000e+02	2.5446170068e-02	-2.0542862523e-02	6.9892146795e-05	3.7336743767e-05
6.5900000000e+02	2.5483507808e-02	-2.0612783027e-02	6.9948848005e-05	3.7338735254e-05
6.6000000000e+02	2.5520847536e-02	-2.0682760191e-02	7.0005466253e-05	3.7340717842e-05
6.6100000000e+02	2.5558189241e-02	-2.0752793932e-02	7.0062001775e-05	3.7342691587e-05
6.6200000000e+02	2.5595532916e-02	-2.0822884167e-02	7.0118454808e-05	3.7344656539e-05
6.6300000000e+02	2.5632878551e-02	-2.0893030814e-02	7.0174825589e-05	3.7346612751e-05
6.6400000000e+02	2.5670226139e-02	-2.0963233791e-02	7.0231114352e-05	3.7348560274e-05
6.6500000000e+02	2.5707575669e-02	-2.1033493016e-02	7.0287321330e-05	3.7350499160e-05
6.6600000000e+02	2.5744927134e-02	-2.1103808406e-02	7.0343446757e-05	3.7352429459e-05
6.6700000000e+02	2.5782280525e-02	-2.1174179882e-02	7.0399490865e-05	3.7354351222e-05
6.6800000000e+02	2.5819635834e-02	-2.1244607361e-02	7.0455453884e-05	3.7356264498e-05
6.6900000000e+02	2.5856993051e-02	-2.1315090763e-02	7.0511336045e-05	3.7358169338e-05
6.7000000000e+02	2.5894352170e-02	-2.1385630006e-02	7.0567137576e-05	3.7360065791e-05
6.7100000000e+02	2.5931713180e-02	-2.1456225011e-02	7.0622858705e-05	3.7361953905e-05
6.7200000000e+02	2.5969076075e-02	-2.1526875697e-02	7.0678499660e-05	3.7363833729e-05
6.7300000000e+02	2.6006440845e-02	-2.1597581984e-02	7.0734060667e-05	3.7365705312e-05
6.7400000000e+02	2.6043807482e-02	-2.1668343792e-02	7.0789541950e-05	3.7367568702e-05
6.7500000000e+02	2.6081175979e-02	-2.1739161041e-02	7.0844943734e-05	3.7369423946e-05
6.7600000000e+02	2.6118546328e-02	-2.1810033653e-02	7.0900266243e-05	3.7371271091e-05
6.7700000000e+02	2.6155918519e-02	-2.1880961547e-02	7.0955509699e-05	3.7373110184e-05
6.7800000000e+02	2.6193292545e-02	-2.1951944646e-02	7.1010674323e-05	3.7374941271e-05
6.7900000000e+02	2.6230668399e-02	-2.2022982870e-02	7.1065760337e-05	3.7376764400e-05
6.8000000000e+02	2.6268046072e-02	-2.2094076140e-02	7.1120767959e-05	3.7378579615e-05
6.8100000000e+02	2.6305425555e-02	-2.2165224380e-02	7.1175697408e-05	3.7380386963e-05
6.8200000000e+02	2.6342806843e-02	-2.2236427509e-02	7.1230548903e-05	3.7382186488e-05
6.8300000000e+02	2.6380189926e-02	-2.2307685451e-02	7.1285322661e-05	3.7383978236e-05
6.8400000000e+02	2.6417574797e-02	-2.2378998129e-02	7.1340018897e-05	3.7385762251e-05
6.8500000000e+02	2.6454961448e-02	-2.2450365464e-02	7.1394637827e-05	3.7387538577e-05
6.8600000000e+02	2.6492349871e-02	-2.2521787379e-02	7.1449179665e-05	3.7389307258e-05
6.8700000000e+02	2.6529740060e-02	-2.2593263797e-02	7.1503644624e-05	3.7391068338e-05
6.8800000000e+02	2.6567132006e-02	-2.2664794642e-02	7.1558032918e-05	3.7392821861e-05
6.8900000000e+02	2.6604525701e-02	-2.2736379838e-02	7.1612344758e-05	3.7394567868e-05
6.9000000000e+02	2.6641921139e-02	-2.2808019306e-02	7.1666580355e-05	3.7396306404e-05
6.9100000000e+02	2.6679318311e-02	-2.2879712973e-02	7.1720739919e-05	3.7398037510e-05
6.9200000000e+02	2.6716717211e-02	-2.2951460761e-02	7.1774823659e-05	3.7399761228e-05
6.9300000000e+02	2.6754117831e-02	-2.3023262595e-02	7.1828831784e-05	3.7401477600e-05
6.9400000000e+02	2.6791520164e-02	-2.3095118399e-02	7.1882764501e-05	3.7403186669e-05
6.9500000000e+02	2.6828924202e-02	-2.3167028099e-02	7.1936622016e-05	3.7404888474e-05
6.9600000000e+02	2.6866329939e-02	-2.3238991618e-02	7.1990404536e-05	3.7406583057e-05
6.9700000000e+02	2.6903737366e-02	-2.3311008883e-02	7.2044112266e-05	3.7408270459e-05
6.9800000000e+02	2.6941146477e-02	-2.3383079818e-02	7.2097745409e-05	3.7409950720e-05
6.9900000000e+02	2.6978557265e-02	-2.3455204349e-02	7.2151304169e-05	3.7411623880e-05
7.0000000000e+02	2.7015969723e-02	-2.3527382402e-02	7.2204788749e-05	3.7413289979e-05
7.0100000000e+02	2.7053383843e-02	-2.3599613902e-02	7.2258199350e-05	3.7414949056e-05
7.0200000000e+02	2.7090799618e-02	-2.3671898776e-02	7.2311536174e-05	3.7416601151e-05
7.0300000000e+02	2.7128217043e-02	-2.3744236950e-02	7.2364799420e-05	3.7418246302e-05
7.0400000000e+02	2.7165636109e-02	-2.3816628350e-02	7.2417989288e-05	3.7419884549e-05
7.0500000000e+02	2.7203056809e-02	-2.3889072904e-02	7.2471105977e-05	3.7421515929e-05
7.0600000000e+02	2.7240479138e-02	-2.3961570538e-02	7.2524149683e-05	3.7423140482e-05
7.0700000000e+02	2.7277903088e-02	-2.4034121179e-02	7.2577120604e-05	3.7424758244e-05
7.0800000000e+02	2.7315328652e-02	-2.4106724755e-02	7.2630018937e-05	3.7426369254e-05
7.0900000000e+02	2.7352755824e-02	-2.4179381193e-02	7.2682844876e-05	3.7427973549e-05
7.1000000000e+02	2.7390184597e-02	-2.4252090421e-02	7.2735598617e-05	3.7429571166e-05
7.1100000000e+02	2.7427614965e-02	-2.4324852366e-02	7.2788280352e-05	3.7431162142e-05
7.1200000000e+02	2.7465046919e-02	-2.4397666957e-02	7.2840890276e-05	3.7432746513e-05
7.1300000000e+02	2.7502480455e-02	-2.4470534123e-02	7.2893428581e-05	3.7434324316e-05
7.1400000000e+02	2.7539915566e-02	-2.4543453791e-02	7.2945895457e-05	3.7435895588e-05
7.1500000000e+02	2.7577352244e-02	-2.4616425890e-02	7.2998291097e-05	3.7437460363e-05
7.1600000000e+02	2.7614790484e-02	-2.4689450349e-02	7.3050615690e-05	3.7439018677e-05
7.1700000000e+02	2.7652230280e-02	-2.4762527098e-02	7.3102869424e-05	3.7440570567e-05
7.1800000000e+02	2.7689671623e-02	-2.4835656065e-02	7.3155052490e-05	3.7442116067e-05
7.1900000000e+02	2.7727114510e-02	-2.4908837179e-02	7.3207165075e-05	3.7443655212e-05
7.2000000000e+02	2.7764558932e-02	-2.4982070371e-02	7.3259207365e-05	3.7445188036e-05
7.2100000000e+02	2.7802004884e-02	-2.5055355571e-02	7.3311179548e-05	3.7446714575e-05
7.2200000000e+02	2.7839452359e-02	-2.5128692707e-02	7.3363081809e-05	3.7448234861e-05
7.2300000000e+02	2.7876901351e-02	-2.5202081711e-02	7.3414914332e-05	3.7449748931e-05
7.2400000000e+02	2.7914351855e-02	-2.5275522512e-02	7.3466677303e-05	3.7451256816e-05
7.2500000000e+02	2.7951803863e-02	-2.5349015042e-02	7.3518370904e-05	3.7452758550e-05
7.2600000000e+02	2.7989257370e-02	-2.5422559231e-02	7.3569995318e-05	3.7454254168e-05
7.2700000000e+02	2.8026712369e-02	-2.5496155010e-02	7.3621550728e-05	3.7455743701e-05
7.2800000000e+02	2.8064168855e-02	-2.5569802310e-02	7.3673037314e-05	3.7457227183e-05
7.2900000000e+02	2.8101626822e-02	-2.5643501062e-02	7.3724455258e-05	3.7458704647e-05
7.3000000000e+02	2.8139086262e-02	-2.5717251197e-02	7.3775804740e-05	3.7460176124e-05
7.3100000000e+02	2.8176547172e-02	-2.5791052648e-02	7.3827085937e-05	3.7461641647e-05
7.3200000000e+02	2.8214009544e-02	-2.5864905347e-02	7.3878299031e-05	3.7463101248e-05
7.3300000000e+02	2.8251473372e-02	-2.5938809224e-02	7.3929444197e-05	3.7464554958e-05
7.3400000000e+02	2.8288938652e-02	-2.6012764212e-02	7.3980521613e-05	3.7466002810e-05
7.3500000000e+02	2.8326405376e-02	-2.6086770245e-02	7.4031531457e-05	3.7467444835e-05
7.3600000000e+02	2.8363873539e-02	-2.6160827253e-02	7.4082473903e-05	3.7468881063e-05
7.3700000000e+02	2.8401343136e-02	-2.6234935170e-02	7.4133349126e-05	3.7470311525e-05
7.3800000000e+02	2.8438814161e-02	-2.6309093929e-02	7.4184157303e-05	3.7471736253e-05
7.3900000000e+02	2.8476286607e-02	-2.6383303462e-02	7.4234898605e-05	3.7473155277e-05
7.4000000000e+02	2.8513760469e-02	-2.6457563704e-02	7.4285573207e-05	3.7474568626e-05
7.4100000000e+02	2.8551235742e-02	-2.6531874587e-02	7.4336181280e-05	3.7475976332e-05
7.4200000000e+02	2.8588712420e-02	-2.6606236044e-02	7.4386722998e-05	3.7477378425e-05
7.4300000000e+02	2.8626190497e-02	-2.6680648010e-02	7.4437198530e-05	3.7478774933e-05
7.4400000000e+02	2.8663669968e-02	-2.6755110419e-02	7.4487608047e-05	3.7480165886e-05
7.4500000000e+02	2.8701150827e-02	-2.6829623205e-02	7.4537951720e-05	3.7481551314e-05
7.4600000000e+02	2.8738633069e-02	-2.6904186301e-02	7.4588229718e-05	3.7482931246e-05
7.4700000000e+02	2.8776116688e-02	-2.6978799642e-02	7.4638442209e-05	3.7484305710e-05
7.4800000000e+02	2.8813601678e-02	-2.7053463163e-02	7.4688589361e-05	3.7485674736e-05
7.4900000000e+02	2.8851088035e-02	-2.7128176799e-02	7.4738671341e-05	3.7487038353e-05
7.5000000000e+02	2.8888575753e-02	-2.7202940484e-02	7.4788688317e-05	3.7488396587e-05
7.5100000000e+02	2.8926064827e-02	-2.7277754154e-02	7.4838640454e-05	3.7489749468e-05
7.5200000000e+02	2.8963555251e-02	-2.7352617744e-02	7.4888527918e-05	3.7491097024e-05
7.5300000000e+02	2.9001047019e-02	-2.7427531189e-02	7.4938350873e-05	3.7492439282e-05
7.5400000000e+02	2.9038540127e-02	-2.7502494424e-02	7.4988109485e-05	3.7493776271e-05
7.5500000000e+02	2.9076034570e-02	-2.7577507386e-02	7.5037803915e-05	3.7495108017e-05
7.5600000000e+02	2.9113530342e-02	-2.7652570011e-02	7.5087434328e-05	3.7496434547e-05
7.5700000000e+02	2.9151027437e-02	-2.7727682234e-02	7.5137000886e-05	3.7497755890e-05
7.5800000000e+02	2.9188525852e-02	-2.7802843991e-02	7.5186503750e-05	3.7499072071e-05
7.5900000000e+02	2.9226025580e-02	-2.7878055220e-02	7.5235943082e-05	3.7500383119e-05
7.6000000000e+02	2.9263526616e-02	-2.7953315856e-02	7.5285319043e-05	3.7501689058e-05
7.6100000000e+02	2.9301028956e-02	-2.8028625837e-02	7.5334631791e-05	3.7502989916e-05
7.6200000000e+02	2.9338532594e-02	-2.8103985099e-02	7.5383881487e-05	3.7504285719e-05
7.6300000000e+02	2.9376037526e-02	-2.8179393579e-02	7.5433068289e-05	3.7505576493e-05
7.6400000000e+02	2.9413543746e-02	-2.8254851214e-02	7.5482192356e-05	3.7506862264e-05
7.6500000000e+02	2.9451051249e-02	-2.8330357943e-02	7.5531253845e-05	3.7508143057e-05
7.6600000000e+02	2.9488560030e-02	-2.8405913701e-02	7.5580252913e-05	3.7509418899e-05
7.6700000000e+02	2.9526070085e-02	-2.8481518428e-02	7.5629189717e-05	3.7510689814e-05
7.6800000000e+02	2.9563581408e-02	-2.8557172060e-02	7.5678064412e-05	3.7511955828e-05
7.6900000000e+02	2.9601093995e-02	-2.8632874536e-02	7.5726877153e-05	3.7513216966e-05
7.7000000000e+02	2.9638607840e-02	-2.8708625794e-02	7.5775628096e-05	3.7514473253e-05
7.7100000000e+02	2.9676122940e-02	-2.8784425772e-02	7.5824317395e-05	3.7515724713e-05
7.7200000000e+02	2.9713639288e-02	-2.8860274408e-02	7.5872945202e-05	3.7516971372e-05
7.7300000000e+02	2.9751156881e-02	-2.8936171642e-02	7.5921511672e-05	3.7518213253e-05
7.7400000000e+02	2.9788675713e-02	-2.9012117411e-02	7.5970016956e-05	3.7519450382e-05
7.7500000000e+02	2.9826195780e-02	-2.9088111655e-02	7.6018461207e-05	3.7520682781e-05
7.7600000000e+02	2.9863717077e-02	-2.9164154313e-02	7.6066844575e-05	3.7521910476e-05
7.7700000000e+02	2.9901239600e-02	-2.9240245324e-02	7.6115167212e-05	3.7523133490e-05
7.7800000000e+02	2.9938763343e-02	-2.9316384627e-02	7.6163429267e-05	3.7524351847e-05
7.7900000000e+02	2.9976288302e-02	-2.9392572162e-02	7.6211630891e-05	3.7525565569e-05
7.8000000000e+02	3.0013814472e-02	-2.9468807869e-02	7.6259772232e-05	3.7526774682e-05
7.8100000000e+02	3.0051341850e-02	-2.9545091687e-02	7.6307853440e-05	3.7527979207e-05
7.8200000000e+02	3.0088870429e-02	-2.9621423556e-02	7.6355874661e-05	3.7529179169e-05
7.8300000000e+02	3.0126400206e-02	-2.9697803416e-02	7.6403836044e-05	3.7530374589e-05
7.8400000000e+02	3.0163931177e-02	-2.9774231208e-02	7.6451737736e-05	3.7531565491e-05
7.8500000000e+02	3.0201463336e-02	-2.9850706872e-02	7.6499579882e-05	3.7532751898e-05
7.8600000000e+02	3.0238996679e-02	-2.9927230348e-02	7.6547362630e-05	3.7533933831e-05
7.8700000000e+02	3.0276531202e-02	-3.0003801577e-02	7.6595086124e-05	3.7535111314e-05
7.8800000000e+02	3.0314066900e-02	-3.0080420501e-02	7.6642750509e-05	3.7536284369e-05
7.8900000000e+02	3.0351603769e-02	-3.0157087059e-02	7.6690355929e-05	3.7537453017e-05
7.9000000000e+02	3.0389141805e-02	-3.0233801193e-02	7.6737902529e-05	3.7538617281e-05
7.9100000000e+02	3.0426681002e-02	-3.0310562844e-02	7.6785390451e-05	3.7539777183e-05
7.9200000000e+02	3.0464221358e-02	-3.0387371954e-02	7.6832819838e-05	3.7540932744e-05
7.9300000000e+02	3.0501762866e-02	-3.0464228464e-02	7.6880190833e-05	3.7542083986e-05
7.9400000000e+02	3.0539305524e-02	-3.0541132316e-02	7.6927503578e-05	3.7543230930e-05
7.9500000000e+02	3.0576849327e-02	-3.0618083452e-02	7.6974758213e-05	3.7544373597e-05
7.9600000000e+02	3.0614394270e-02	-3.0695081814e-02	7.7021954879e-05	3.7545512010e-05
7.9700000000e+02	3.0651940349e-02	-3.0772127343e-02	7.7069093717e-05	3.7546646188e-05
7.9800000000e+02	3.0689487561e-02	-3.0849219982e-02	7.7116174866e-05	3.7547776152e-05
7.9900000000e+02	3.0727035900e-02	-3.0926359673e-02	7.7163198465e-05	3.7548901925e-05
8.0000000000e+02	3.0764585363e-02	-3.1003546360e-02	7.7210164654e-05	3.7550023525e-05
8.0100000000e+02	3.0802135946e-02	-3.1080779983e-02	7.7257073570e-05	3.7551140974e-05
8.0200000000e+02	3.0839687644e-02	-3.1158060488e-02	7.7303925351e-05	3.7552254293e-05
8.0300000000e+02	3.0877240453e-02	-3.1235387815e-02	7.7350720135e-05	3.7553363500e-05
8.0400000000e+02	3.0914794370e-02	-3.1312761909e-02	7.7397458058e-05	3.7554468617e-05
8.0500000000e+02	3.0952349389e-02	-3.1390182712e-02	7.7444139257e-05	3.7555569664e-05
8.0600000000e+02	3.0989905508e-02	-3.1467650169e-02	7.7490763866e-05	3.7556666660e-05
8.0700000000e+02	3.1027462721e-02	-3.1545164221e-02	7.7537332023e-05	3.7557759625e-05
8.0800000000e+02	3.1065021026e-02	-3.1622724814e-02	7.7583843861e-05	3.7558848579e-05
8.0900000000e+02	3.1102580417e-02	-3.1700331890e-02	7.7630299515e-05	3.7559933542e-05
8.1000000000e+02	3.1140140891e-02	-3.1777985394e-02	7.7676699118e-05	3.7561014532e-05
8.1100000000e+02	3.1177702445e-02	-3.1855685270e-02	7.7723042805e-05	3.7562091570e-05
8.1200000000e+02	3.1215265073e-02	-3.1933431461e-02	7.7769330707e-05	3.7563164674e-05
8.1300000000e+02	3.1252828773e-02	-3.2011223913e-02	7.7815562959e-05	3.7564233864e-05
8.1400000000e+02	3.1290393540e-02	-3.2089062569e-02	7.7861739691e-05	3.7565299158e-05
8.1500000000e+02	3.1327959370e-02	-3.2166947374e-02	7.7907861035e-05	3.7566360575e-05
8.1600000000e+02	3.1365526259e-02	-3.2244878272e-02	7.7953927122e-05	3.7567418134e-05
8.1700000000e+02	3.1403094205e-02	-3.2322855210e-02	7.7999938084e-05	3.7568471854e-05
8.1800000000e+02	3.1440663202e-02	-3.2400878130e-02	7.8045894049e-05	3.7569521753e-05
8.1900000000e+02	3.1478233247e-02	-3.2478946979e-02	7.8091795148e-05	3.7570567850e-05
8.2000000000e+02	3.1515804336e-02	-3.2557061702e-02	7.8137641510e-05	3.7571610162e-05
8.2100000000e+02	3.1553376466e-02	-3.2635222244e-02	7.8183433265e-05	3.7572648709e-05
8.2200000000e+02	3.1590949632e-02	-3.2713428551e-02	7.8229170539e-05	3.7573683508e-05
8.2300000000e+02	3.1628523832e-02	-3.2791680567e-02	7.8274853462e-05	3.7574714576e-05
8.2400000000e+02	3.1666099060e-02	-3.2869978239e-02	7.8320482160e-05	3.7575741933e-05
8.2500000000e+02	3.1703675314e-02	-3.2948321513e-02	7.8366056761e-05	3.7576765595e-05
8.2600000000e+02	3.1741252590e-02	-3.3026710335e-02	7.8411577391e-05	3.7577785581e-05
8.2700000000e+02	3.1778830884e-02	-3.3105144650e-02	7.8457044177e-05	3.7578801907e-05
8.2800000000e+02	3.1816410193e-02	-3.3183624405e-02	7.8502457244e-05	3.7579814592e-05
8.2900000000e+02	3.1853990512e-02	-3.3262149547e-02	7.8547816718e-05	3.7580823652e-05
8.3000000000e+02	3.1891571839e-02	-3.3340720021e-02	7.8593122723e-05	3.7581829105e-05
8.3100000000e+02	3.1929154169e-02	-3.3419335775e-02	7.8638375384e-05	3.7582830968e-05
8.3200000000e+02	3.1966737500e-02	-3.3497996754e-02	7.8683574824e-05	3.7583829259e-05
8.3300000000e+02	3.2004321827e-02	-3.3576702906e-02	7.8728721168e-05	3.7584823993e-05
8.3400000000e+02	3.2041907147e-02	-3.3655454179e-02	7.8773814539e-05	3.7585815187e-05
8.3500000000e+02	3.2079493456e-02	-3.3734250518e-02	7.8818855059e-05	3.7586802860e-05
8.3600000000e+02	3.2117080751e-02	-3.3813091871e-02	7.8863842850e-05	3.7587787026e-05
8.3700000000e+02	3.2154669029e-02	-3.3891978186e-02	7.8908778035e-05	3.7588767703e-05
8.3800000000e+02	3.2192258285e-02	-3.3970909410e-02	7.8953660734e-05	3.7589744907e-05
8.3900000000e+02	3.2229848517e-02	-3.4049885490e-02	7.8998491070e-05	3.7590718655e-05
8.4000000000e+02	3.2267439722e-02	-3.4128906375e-02	7.9043269162e-05	3.7591688962e-05
8.4100000000e+02	3.2305031894e-02	-3.4207972011e-02	7.9087995131e-05	3.7592655845e-05
8.4200000000e+02	3.2342625032e-02	-3.4287082348e-02	7.9132669097e-05	3.7593619320e-05
8.4300000000e+02	3.2380219132e-02	-3.4366237332e-02	7.9177291179e-05	3.7594579402e-05
8.4400000000e+02	3.2417814190e-02	-3.4445436913e-02	7.9221861496e-05	3.7595536108e-05
8.4500000000e+02	3.2455410203e-02	-3.4524681038e-02	7.9266380166e-05	3.7596489454e-05
8.4600000000e+02	3.2493007168e-02	-3.4603969656e-02	7.9310847309e-05	3.7597439455e-05
8.4700000000e+02	3.2530605081e-02	-3.4683302715e-02	7.9355263041e-05	3.7598386127e-05
8.4800000000e+02	3.2568203939e-02	-3.4762680165e-02	7.9399627481e-05	3.7599329484e-05
8.4900000000e+02	3.2605803739e-02	-3.4842101953e-02	7.9443940744e-05	3.7600269544e-05
8.5000000000e+02	3.2643404477e-02	-3.4921568029e-02	7.9488202948e-05	3.7601206320e-05
8.5100000000e+02	3.2681006150e-02	-3.5001078342e-02	7.9532414209e-05	3.7602139828e-05
8.5200000000e+02	3.2718608755e-02	-3.5080632841e-02	7.9576574643e-05	3.7603070084e-05
8.5300000000e+02	3.2756212289e-02	-3.5160231474e-02	7.9620684365e-05	3.7603997102e-05
8.5400000000e+02	3.2793816748e-02	-3.5239874193e-02	7.9664743491e-05	3.7604920898e-05
8.5500000000e+02	3.2831422130e-02	-3.5319560945e-02	7.9708752134e-05	3.7605841485e-05
8.5600000000e+02	3.2869028430e-02	-3.5399291680e-02	7.9752710409e-05	3.7606758880e-05
8.5700000000e+02	3.2906635647e-02	-3.5479066349e-02	7.9796618431e-05	3.7607673097e-05
8.5800000000e+02	3.2944243775e-02	-3.5558884900e-02	7.9840476312e-05	3.7608584149e-05
8.5900000000e+02	3.2981852814e-02	-3.5638747285e-02	7.9884284166e-05	3.7609492053e-05
8.6000000000e+02	3.3019462759e-02	-3.5718653452e-02	7.9928042105e-05	3.7610396822e-05
8.6100000000e+02	3.3057073606e-02	-3.5798603352e-02	7.9971750242e-05	3.7611298471e-05
8.6200000000e+02	3.3094685354e-02	-3.5878596936e-02	8.0015408689e-05	3.7612197014e-05
8.6300000000e+02	3.3132297999e-02	-3.5958634153e-02	8.0059017558e-05	3.7613092465e-05
8.6400000000e+02	3.3169911538e-02	-3.6038714954e-02	8.0102576959e-05	3.7613984838e-05
8.6500000000e+02	3.3207525968e-02	-3.6118839291e-02	8.0146087004e-05	3.7614874148e-05
8.6600000000e+02	3.3245141286e-02	-3.6199007112e-02	8.0189547803e-05	3.7615760409e-05
8.6700000000e+02	3.3282757488e-02	-3.6279218370e-02	8.0232959467e-05	3.7616643633e-05
8.6800000000e+02	3.3320374572e-02	-3.6359473015e-02	8.0276322104e-05	3.7617523836e-05
8.6900000000e+02	3.3357992535e-02	-3.6439770998e-02	8.0319635825e-05	3.7618401031e-05
8.7000000000e+02	3.3395611373e-02	-3.6520112270e-02	8.0362900739e-05	3.7619275231e-05
8.7100000000e+02	3.3433231084e-02	-3.6600496783e-02	8.0406116954e-05	3.7620146450e-05
8.7200000000e+02	3.3470851665e-02	-3.6680924488e-02	8.0449284579e-05	3.7621014702e-05
8.7300000000e+02	3.3508473112e-02	-3.6761395336e-02	8.0492403721e-05	3.7621880000e-05
8.7400000000e+02	3.3546095424e-02	-3.6841909279e-02	8.0535474488e-05	3.7622742357e-05
8.7500000000e+02	3.3583718596e-02	-3.6922466269e-02	8.0578496989e-05	3.7623601787e-05
8.7600000000e+02	3.3621342627e-02	-3.7003066257e-02	8.0621471328e-05	3.7624458303e-05
8.7700000000e+02	3.3658967512e-02	-3.7083709195e-02	8.0664397614e-05	3.7625311918e-05
8.7800000000e+02	3.3696593249e-02	-3.7164395036e-02	8.0707275952e-05	3.7626162645e-05
8.7900000000e+02	3.3734219836e-02	-3.7245123731e-02	8.0750106448e-05	3.7627010497e-05
8.8000000000e+02	3.3771847269e-02	-3.7325895233e-02	8.0792889208e-05	3.7627855486e-05
8.8100000000e+02	3.3809475546e-02	-3.7406709494e-02	8.0835624336e-05	3.7628697627e-05
8.8200000000e+02	3.3847104664e-02	-3.7487566466e-02	8.0878311938e-05	3.7629536931e-05
8.8300000000e+02	3.3884734619e-02	-3.7568466102e-02	8.0920952119e-05	3.7630373411e-05
8.8400000000e+02	3.3922365410e-02	-3.7649408354e-02	8.0963544982e-05	3.7631207081e-05
8.8500000000e+02	3.3959997032e-02	-3.7730393176e-02	8.1006090631e-05	3.7632037951e-05
8.8600000000e+02	3.3997629485e-02	-3.7811420520e-02	8.1048589170e-05	3.7632866036e-05
8.8700000000e+02	3.4035262764e-02	-3.7892490339e-02	8.1091040702e-05	3.7633691347e-05
8.8800000000e+02	3.4072896866e-02	-3.7973602586e-02	8.1133445329e-05	3.7634513896e-05
8.8900000000e+02	3.4110531790e-02	-3.8054757214e-02	8.1175803154e-05	3.7635333697e-05
8.9000000000e+02	3.4148167533e-02	-3.8135954177e-02	8.1218114280e-05	3.7636150760e-05
8.9100000000e+02	3.4185804091e-02	-3.8217193427e-02	8.1260378808e-05	3.7636965099e-05
8.9200000000e+02	3.4223441462e-02	-3.8298474919e-02	8.1302596839e-05	3.7637776725e-05
8.9300000000e+02	3.4261079644e-02	-3.8379798605e-02	8.1344768476e-05	3.7638585651e-05
8.9400000000e+02	3.4298718633e-02	-3.8461164440e-02	8.1386893817e-05	3.7639391888e-05
8.9500000000e+02	3.4336358426e-02	-3.8542572377e-02	8.1428972965e-05	3.7640195448e-05
8.9600000000e+02	3.4373999023e-02	-3.8624022371e-02	8.1471006019e-05	3.7640996343e-05
8.9700000000e+02	3.4411640418e-02	-3.8705514374e-02	8.1512993080e-05	3.7641794585e-05
8.9800000000e+02	3.4449282611e-02	-3.8787048342e-02	8.1554934245e-05	3.7642590185e-05
8.9900000000e+02	3.4486925598e-02	-3.8868624227e-02	8.1596829616e-05	3.7643383155e-05
9.0000000000e+02	3.4524569376e-02	-3.8950241986e-02	8.1638679291e-05	3.7644173507e-05
9.0100000000e+02	3.4562213944e-02	-3.9031901571e-02	8.1680483368e-05	3.7644961252e-05
9.0200000000e+02	3.4599859298e-02	-3.9113602937e-02	8.1722241946e-05	3.7645746401e-05
9.0300000000e+02	3.4637505436e-02	-3.9195346040e-02	8.1763955122e-05	3.7646528967e-05
9.0400000000e+02	3.4675152355e-02	-3.9277130832e-02	8.1805622995e-05	3.7647308959e-05
9.0500000000e+02	3.4712800053e-02	-3.9358957270e-02	8.1847245661e-05	3.7648086390e-05
9.0600000000e+02	3.4750448527e-02	-3.9440825309e-02	8.1888823218e-05	3.7648861270e-05
9.0700000000e+02	3.4788097775e-02	-3.9522734902e-02	8.1930355762e-05	3.7649633611e-05
9.0800000000e+02	3.4825747793e-02	-3.9604686005e-02	8.1971843390e-05	3.7650403424e-05
9.0900000000e+02	3.4863398581e-02	-3.9686678574e-02	8.2013286198e-05	3.7651170720e-05
9.1000000000e+02	3.4901050134e-02	-3.9768712563e-02	8.2054684282e-05	3.7651935509e-05
9.1100000000e+02	3.4938702451e-02	-3.9850787927e-02	8.2096037737e-05	3.7652697803e-05
9.1200000000e+02	3.4976355529e-02	-3.9932904623e-02	8.2137346658e-05	3.7653457613e-05
9.1300000000e+02	3.5014009365e-02	-4.0015062606e-02	8.2178611140e-05	3.7654214948e-05
9.1400000000e+02	3.5051663958e-02	-4.0097261831e-02	8.2219831278e-05	3.7654969821e-05
9.1500000000e+02	3.5089319304e-02	-4.0179502254e-02	8.2261007167e-05	3.7655722241e-05
9.1600000000e+02	3.5126975401e-02	-4.0261783830e-02	8.2302138899e-05	3.7656472219e-05
9.1700000000e+02	3.5164632248e-02	-4.0344106517e-02	8.2343226570e-05	3.7657219765e-05
9.1800000000e+02	3.5202289840e-02	-4.0426470269e-02	8.2384270271e-05	3.7657964891e-05
9.1900000000e+02	3.5239948177e-02	-4.0508875043e-02	8.2425270097e-05	3.7658707606e-05
9.2000000000e+02	3.5277607255e-02	-4.0591320794e-02	8.2466226140e-05	3.7659447921e-05
9.2100000000e+02	3.5315267072e-02	-4.0673807480e-02	8.2507138493e-05	3.7660185847e-05
9.2200000000e+02	3.5352927625e-02	-4.0756335057e-02	8.2548007248e-05	3.7660921393e-05
9.2300000000e+02	3.5390588914e-02	-4.0838903480e-02	8.2588832496e-05	3.7661654569e-05
9.2400000000e+02	3.5428250934e-02	-4.0921512707e-02	8.2629614330e-05	3.7662385387e-05
9.2500000000e+02	3.5465913684e-02	-4.1004162695e-02	8.2670352841e-05	3.7663113855e-05
9.2600000000e+02	3.5503577161e-02	-4.1086853399e-02	8.2711048120e-05	3.7663839984e-05
9.2700000000e+02	3.5541241363e-02	-4.1169584777e-02	8.2751700258e-05	3.7664563784e-05
9.2800000000e+02	3.5578906288e-02	-4.1252356785e-02	8.2792309345e-05	3.7665285265e-05
9.2900000000e+02	3.5616571933e-02	-4.1335169381e-02	8.2832875472e-05	3.7666004436e-05
9.3000000000e+02	3.5654238296e-02	-4.1418022522e-02	8.2873398728e-05	3.7666721309e-05
9.3100000000e+02	3.5691905374e-02	-4.1500916164e-02	8.2913879204e-05	3.7667435891e-05
9.3200000000e+02	3.5729573167e-02	-4.1583850266e-02	8.2954316988e-05	3.7668148194e-05
9.3300000000e+02	3.5767241670e-02	-4.1666824784e-02	8.2994712169e-05	3.7668858226e-05
9.3400000000e+02	3.5804910882e-02	-4.1749839676e-02	8.3035064838e-05	3.7669565997e-05
9.3500000000e+02	3.5842580801e-02	-4.1832894899e-02	8.3075375081e-05	3.7670271518e-05
9.3600000000e+02	3.5880251425e-02	-4.1915990412e-02	8.3115642988e-05	3.7670974796e-05
9.3700000000e+02	3.5917922750e-02	-4.1999126171e-02	8.3155868646e-05	3.7671675843e-05
9.3800000000e+02	3.5955594776e-02	-4.2082302135e-02	8.3196052144e-05	3.7672374667e-05
9.3900000000e+02	3.5993267499e-02	-4.2165518262e-02	8.3236193568e-05	3.7673071277e-05
9.4000000000e+02	3.6030940917e-02	-4.2248774508e-02	8.3276293006e-05	3.7673765684e-05
9.4100000000e+02	3.6068615029e-02	-4.2332070834e-02	8.3316350545e-05	3.7674457896e-05
9.4200000000e+02	3.6106289832e-02	-4.2415407195e-02	8.3356366272e-05	3.7675147922e-05
9.4300000000e+02	3.6143965325e-02	-4.2498783552e-02	8.3396340272e-05	3.7675835772e-05
9.4400000000e+02	3.6181641503e-02	-4.2582199862e-02	8.3436272633e-05	3.7676521454e-05
9.4500000000e+02	3.6219318367e-02	-4.2665656084e-02	8.3476163440e-05	3.7677204979e-05
9.4600000000e+02	3.6256995913e-02	-4.2749152175e-02	8.3516012778e-05	3.7677886354e-05
9.4700000000e+02	3.6294674139e-02	-4.2832688095e-02	8.3555820733e-05	3.7678565589e-05
9.4800000000e+02	3.6332353043e-02	-4.2916263803e-02	8.3595587390e-05	3.7679242693e-05
9.4900000000e+02	3.6370032623e-02	-4.2999879256e-02	8.3635312834e-05	3.7679917675e-05
9.5000000000e+02	3.6407712878e-02	-4.3083534415e-02	8.3674997150e-05	3.7680590543e-05
9.5100000000e+02	3.6445393804e-02	-4.3167229237e-02	8.3714640421e-05	3.7681261306e-05
9.5200000000e+02	3.6483075400e-02	-4.3250963682e-02	8.3754242733e-05	3.7681929974e-05
9.5300000000e+02	3.6520757663e-02	-4.3334737709e-02	8.3793804168e-05	3.7682596554e-05
9.5400000000e+02	3.6558440592e-02	-4.3418551277e-02	8.3833324810e-05	3.7683261056e-05
9.5500000000e+02	3.6596124184e-02	-4.3502404345e-02	8.3872804743e-05	3.7683923487e-05
9.5600000000e+02	3.6633808438e-02	-4.3586296873e-02	8.3912244049e-05	3.7684583858e-05
9.5700000000e+02	3.6671493351e-02	-4.3670228820e-02	8.3951642812e-05	3.7685242175e-05
9.5800000000e+02	3.6709178922e-02	-4.3754200145e-02	8.3991001114e-05	3.7685898448e-05
9.5900000000e+02	3.6746865148e-02	-4.3838210808e-02	8.4030319036e-05	3.7686552685e-05
9.6000000000e+02	3.6784552027e-02	-4.3922260770e-02	8.4069596663e-05	3.7687204895e-05
9.6100000000e+02	3.6822239557e-02	-4.4006349988e-02	8.4108834074e-05	3.7687855085e-05
9.6200000000e+02	3.6859927736e-02	-4.4090478424e-02	8.4148031352e-05	3.7688503265e-05
9.6300000000e+02	3.6897616563e-02	-4.4174646038e-02	8.4187188578e-05	3.7689149441e-05
9.6400000000e+02	3.6935306034e-02	-4.4258852788e-02	8.4226305832e-05	3.7689793624e-05
9.6500000000e+02	3.6972996149e-02	-4.4343098636e-02	8.4265383197e-05	3.7690435820e-05
9.6600000000e+02	3.7010686905e-02	-4.4427383541e-02	8.4304420752e-05	3.7691076038e-05
9.6700000000e+02	3.7048378301e-02	-4.4511707464e-02	8.4343418578e-05	3.7691714287e-05
9.6800000000e+02	3.7086070333e-02	-4.4596070365e-02	8.4382376755e-05	3.7692350573e-05
9.6900000000e+02	3.7123763001e-02	-4.4680472205e-02	8.4421295362e-05	3.7692984905e-05
9.7000000000e+02	3.7161456302e-02	-4.4764912943e-02	8.4460174480e-05	3.7693617292e-05
9.7100000000e+02	3.7199150235e-02	-4.4849392540e-02	8.4499014187e-05	3.7694247741e-05
9.7200000000e+02	3.7236844797e-02	-4.4933910958e-02	8.4537814563e-05	3.7694876259e-05
9.7300000000e+02	3.7274539987e-02	-4.5018468156e-02	8.4576575687e-05	3.7695502855e-05
9.7400000000e+02	3.7312235802e-02	-4.5103064096e-02	8.4615297637e-05	3.7696127537e-05
9.7500000000e+02	3.7349932241e-02	-4.5187698739e-02	8.4653980492e-05	3.7696750312e-05
9.7600000000e+02	3.7387629302e-02	-4.5272372044e-02	8.4692624331e-05	3.7697371189e-05
9.7700000000e+02	3.7425326983e-02	-4.5357083974e-02	8.4731229230e-05	3.7697990174e-05
9.7800000000e+02	3.7463025282e-02	-4.5441834490e-02	8.4769795268e-05	3.7698607275e-05
9.7900000000e+02	3.7500724197e-02	-4.5526623552e-02	8.4808322522e-05	3.7699222501e-05
9.8000000000e+02	3.7538423726e-02	-4.5611451122e-02	8.4846811070e-05	3.7699835858e-05
9.8100000000e+02	3.7576123868e-02	-4.5696317161e-02	8.4885260988e-05	3.7700447355e-05
9.8200000000e+02	3.7613824621e-02	-4.5781221631e-02	8.4923672354e-05	3.7701056998e-05
9.8300000000e+02	3.7651525982e-02	-4.5866164493e-02	8.4962045244e-05	3.7701664795e-05
9.8400000000e+02	3.7689227949e-02	-4.5951145709e-02	8.5000379734e-05	3.7702270754e-05
9.8500000000e+02	3.7726930522e-02	-4.6036165240e-02	8.5038675901e-05	3.7702874882e-05
9.8600000000e+02	3.7764633699e-02	-4.6121223048e-02	8.5076933820e-05	3.7703477187e-05
9.8700000000e+02	3.7802337476e-02	-4.6206319095e-02	8.5115153567e-05	3.7704077675e-05
9.8800000000e+02	3.7840041853e-02	-4.6291453342e-02	8.5153335218e-05	3.7704676354e-05
9.8900000000e+02	3.7877746828e-02	-4.6376625752e-02	8.5191478848e-05	3.7705273231e-05
9.9000000000e+02	3.7915452399e-02	-4.6461836287e-02	8.5229584532e-05	3.7705868313e-05
9.9100000000e+02	3.7953158564e-02	-4.6547084909e-02	8.5267652344e-05	3.7706461608e-05
9.9200000000e+02	3.7990865322e-02	-4.6632371579e-02	8.5305682360e-05	3.7707053123e-05
9.9300000000e+02	3.8028572670e-02	-4.6717696261e-02	8.5343674654e-05	3.7707642865e-05
9.9400000000e+02	3.8066280607e-02	-4.6803058916e-02	8.5381629299e-05	3.7708230841e-05
9.9500000000e+02	3.8103989131e-02	-4.6888459507e-02	8.5419546370e-05	3.7708817057e-05
9.9600000000e+02	3.8141698241e-02	-4.6973897996e-02	8.5457425941e-05	3.7709401522e-05
9.9700000000e+02	3.8179407934e-02	-4.7059374347e-02	8.5495268084e-05	3.7709984241e-05
9.9800000000e+02	3.8217118208e-02	-4.7144888520e-02	8.5533072874e-05	3.7710565222e-05
9.9900000000e+02	3.8254829063e-02	-4.7230440480e-02	8.5570840384e-05	3.7711144472e-05
