# T (K)	Beta=1/V dV/dT (1/K)
1.0000000000e+00		2.4782610497e-07
2.0000000000e+00		2.1394925604e-08
3.0000000000e+00		-3.7362961834e-07
4.0000000000e+00		-1.8662785061e-07
5.0000000000e+00		1.5081608182e-07
6.0000000000e+00		3.7253554482e-07
7.0000000000e+00		2.2252378683e-07
8.0000000000e+00		-1.2860917904e-07
9.0000000000e+00		1.4687825530e-08
1.0000000000e+01		-9.0591078114e-08
1.1000000000e+01		1.4026385607e-08
1.2000000000e+01		1.7048463188e-07
1.3000000000e+01		-1.2857625204e-07
1.4000000000e+01		-2.5988779605e-07
1.5000000000e+01		4.4283304057e-08
1.6000000000e+01		8.4240122190e-08
1.7000000000e+01		1.7716834821e-07
1.8000000000e+01		1.7765173186e-07
1.9000000000e+01		8.3306099899e-08
2.0000000000e+01		1.0999873779e-07
2.1000000000e+01		-1.8557361357e-08
2.2000000000e+01		1.1636882905e-07
2.3000000000e+01		9.4948856235e-08
2.4000000000e+01		1.6118225966e-07
2.5000000000e+01		4.4648448804e-07
2.6000000000e+01		2.6801092730e-07
2.7000000000e+01		4.0470202747e-07
2.8000000000e+01		5.3406205377e-07
2.9000000000e+01		2.2204117478e-07
3.0000000000e+01		6.5013915333e-07
3.1000000000e+01		9.0228665800e-07
3.2000000000e+01		7.3523365980e-07
3.3000000000e+01		5.2701703365e-07
3.4000000000e+01		9.2294345214e-07
3.5000000000e+01		1.0684585391e-06
3.6000000000e+01		8.3255120365e-07
3.7000000000e+01		1.2501416017e-06
3.8000000000e+01		1.3335765520e-06
3.9000000000e+01		1.4194821206e-06
4.0000000000e+01		1.5170488045e-06
4.1000000000e+01		1.9395575278e-06
4.2000000000e+01		1.9209442703e-06
4.3000000000e+01		1.7865677788e-06
4.4000000000e+01		2.2790186188e-06
4.5000000000e+01		2.2180513267e-06
4.6000000000e+01		2.3653442244e-06
4.7000000000e+01		2.7841160344e-06
4.8000000000e+01		2.6206379184e-06
4.9000000000e+01		2.6142065391e-06
5.0000000000e+01		2.9600213307e-06
5.1000000000e+01		3.5188771465e-06
5.2000000000e+01		3.6185463700e-06
5.3000000000e+01		3.2708504968e-06
5.4000000000e+01		3.5369667710e-06
5.5000000000e+01		3.6298898123e-06
5.6000000000e+01		4.0198818161e-06
5.7000000000e+01		4.2500395355e-06
5.8000000000e+01		3.9727972940e-06
5.9000000000e+01		4.2954912065e-06
6.0000000000e+01		4.6720187062e-06
6.1000000000e+01		4.6360718312e-06
6.2000000000e+01		4.7426511249e-06
6.3000000000e+01		5.1652468940e-06
6.4000000000e+01		5.2365509458e-06
6.5000000000e+01		5.0474694369e-06
6.6000000000e+01		5.4612284182e-06
6.7000000000e+01		5.7456819525e-06
6.8000000000e+01		5.5024384661e-06
6.9000000000e+01		5.7155101021e-06
7.0000000000e+01		6.0923906235e-06
7.1000000000e+01		6.3431525391e-06
7.2000000000e+01		6.3499875604e-06
7.3000000000e+01		6.1065779801e-06
7.4000000000e+01		6.4567685786e-06
7.5000000000e+01		6.7129615330e-06
7.6000000000e+01		6.6912670286e-06
7.7000000000e+01		6.7105777591e-06
7.8000000000e+01		7.0603407747e-06
7.9000000000e+01		7.2923434733e-06
8.0000000000e+01		7.2402802059e-06
8.1000000000e+01		7.4251961614e-06
8.2000000000e+01		7.4581645970e-06
8.3000000000e+01		7.6977148238e-06
8.4000000000e+01		7.7654756283e-06
8.5000000000e+01		7.8083118200e-06
8.6000000000e+01		8.0231467948e-06
8.7000000000e+01		7.9754232327e-06
8.8000000000e+01		8.0762609581e-06
8.9000000000e+01		8.4538095473e-06
9.0000000000e+01		8.2847655652e-06
9.1000000000e+01		8.3630692903e-06
9.2000000000e+01		8.5064018238e-06
9.3000000000e+01		8.4448114062e-06
9.4000000000e+01		8.8796311678e-06
9.5000000000e+01		8.9025339546e-06
9.6000000000e+01		8.7930522224e-06
9.7000000000e+01		9.0289808672e-06
9.8000000000e+01		9.0632641195e-06
9.9000000000e+01		9.1762394731e-06
1.0000000000e+02		9.4081319306e-06
1.0100000000e+02		9.4344042487e-06
1.0200000000e+02		9.1956408338e-06
1.0300000000e+02		9.4802882897e-06
1.0400000000e+02		9.8950977717e-06
1.0500000000e+02		9.4467527832e-06
1.0600000000e+02		9.8090324550e-06
1.0700000000e+02		9.8003875449e-06
1.0800000000e+02		9.5143104833e-06
1.0900000000e+02		1.0082295722e-05
1.1000000000e+02		1.0235794041e-05
1.1100000000e+02		1.0117585027e-05
1.1200000000e+02		1.0078475755e-05
1.1300000000e+02		1.0330807760e-05
1.1400000000e+02		1.0367107253e-05
1.1500000000e+02		1.0399131006e-05
1.1600000000e+02		1.0425197456e-05
1.1700000000e+02		1.0435575343e-05
1.1800000000e+02		1.0800296528e-05
1.1900000000e+02		1.0620708620e-05
1.2000000000e+02		1.0469410134e-05
1.2100000000e+02		1.0733029700e-05
1.2200000000e+02		1.0834988791e-05
1.2300000000e+02		1.0885676226e-05
1.2400000000e+02		1.0868340228e-05
1.2500000000e+02		1.0956178971e-05
1.2600000000e+02		1.1084506057e-05
1.2700000000e+02		1.0950951396e-05
1.2800000000e+02		1.1122409752e-05
1.2900000000e+02		1.1332641913e-05
1.3000000000e+02		1.1187288307e-05
1.3100000000e+02		1.1259444858e-05
1.3200000000e+02		1.1360181925e-05
1.3300000000e+02		1.1460261202e-05
1.3400000000e+02		1.1392100259e-05
1.3500000000e+02		1.1498066429e-05
1.3600000000e+02		1.1510089411e-05
1.3700000000e+02		1.1548668668e-05
1.3800000000e+02		1.1668562413e-05
1.3900000000e+02		1.1386370774e-05
1.4000000000e+02		1.1744428942e-05
1.4100000000e+02		1.1912718642e-05
1.4200000000e+02		1.1656876638e-05
1.4300000000e+02		1.1839586854e-05
1.4400000000e+02		1.2003695862e-05
1.4500000000e+02		1.2048451514e-05
1.4600000000e+02		1.2014454513e-05
1.4700000000e+02		1.1818805944e-05
1.4800000000e+02		1.1881939645e-05
1.4900000000e+02		1.2095868642e-05
1.5000000000e+02		1.2122905847e-05
1.5100000000e+02		1.2229457073e-05
1.5200000000e+02		1.1966577357e-05
1.5300000000e+02		1.2035585053e-05
1.5400000000e+02		1.2441154465e-05
1.5500000000e+02		1.2244597856e-05
1.5600000000e+02		1.2388618599e-05
1.5700000000e+02		1.2475329696e-05
1.5800000000e+02		1.2236495728e-05
1.5900000000e+02		1.2349661588e-05
1.6000000000e+02		1.2426625864e-05
1.6100000000e+02		1.2503859857e-05
1.6200000000e+02		1.2520337876e-05
1.6300000000e+02		1.2344494183e-05
1.6400000000e+02		1.2454592395e-05
1.6500000000e+02		1.2676147619e-05
1.6600000000e+02		1.2741614809e-05
1.6700000000e+02		1.2761243069e-05
1.6800000000e+02		1.2595714055e-05
1.6900000000e+02		1.2564842873e-05
1.7000000000e+02		1.2747419257e-05
1.7100000000e+02		1.2877776112e-05
1.7200000000e+02		1.2848153592e-05
1.7300000000e+02		1.2778745834e-05
1.7400000000e+02		1.2760481751e-05
1.7500000000e+02		1.2854118596e-05
1.7600000000e+02		1.2859786052e-05
1.7700000000e+02		1.2729149388e-05
1.7800000000e+02		1.2947272766e-05
1.7900000000e+02		1.3192341960e-05
1.8000000000e+02		1.2835992516e-05
1.8100000000e+02		1.2884270234e-05
1.8200000000e+02		1.3137297395e-05
1.8300000000e+02		1.3009859563e-05
1.8400000000e+02		1.3076416566e-05
1.8500000000e+02		1.3062978801e-05
1.8600000000e+02		1.3149676255e-05
1.8700000000e+02		1.3160555029e-05
1.8800000000e+02		1.3015059609e-05
1.8900000000e+02		1.3299421586e-05
1.9000000000e+02		1.3354039144e-05
1.9100000000e+02		1.3137284665e-05
1.9200000000e+02		1.3265093417e-05
1.9300000000e+02		1.3077784085e-05
1.9400000000e+02		1.3154131669e-05
1.9500000000e+02		1.3437143502e-05
1.9600000000e+02		1.3312662333e-05
1.9700000000e+02		1.3382534334e-05
1.9800000000e+02		1.3443152025e-05
1.9900000000e+02		1.3365573516e-05
2.0000000000e+02		1.3309472086e-05
2.0100000000e+02		1.3422148868e-05
2.0200000000e+02		1.3626712040e-05
2.0300000000e+02		1.3436427183e-05
2.0400000000e+02		1.3450526352e-05
2.0500000000e+02		1.3520882441e-05
2.0600000000e+02		1.3614062181e-05
2.0700000000e+02		1.3619559875e-05
2.0800000000e+02		1.3414566197e-05
2.0900000000e+02		1.3352155264e-05
2.1000000000e+02		1.3413332756e-05
2.1100000000e+02		1.3691881715e-05
2.1200000000e+02		1.3686625665e-05
2.1300000000e+02		1.3675005133e-05
2.1400000000e+02		1.3605537103e-05
2.1500000000e+02		1.3543342482e-05
2.1600000000e+02		1.3752136544e-05
2.1700000000e+02		1.3775088069e-05
2.1800000000e+02		1.3384814445e-05
2.1900000000e+02		1.3670840462e-05
2.2000000000e+02		1.3945465982e-05
2.2100000000e+02		1.3698970244e-05
2.2200000000e+02		1.3820073277e-05
2.2300000000e+02		1.3734055176e-05
2.2400000000e+02		1.3650002802e-05
2.2500000000e+02		1.3797498810e-05
2.2600000000e+02		1.3945884937e-05
2.2700000000e+02		1.3814956118e-05
2.2800000000e+02		1.3751823225e-05
2.2900000000e+02		1.3939765136e-05
2.3000000000e+02		1.3972463016e-05
2.3100000000e+02		1.3883826298e-05
2.3200000000e+02		1.3869937492e-05
2.3300000000e+02		1.3874608097e-05
2.3400000000e+02		1.3894841834e-05
2.3500000000e+02		1.3953537146e-05
2.3600000000e+02		1.3827271931e-05
2.3700000000e+02		1.3783090243e-05
2.3800000000e+02		1.3993308376e-05
2.3900000000e+02		1.4127838234e-05
2.4000000000e+02		1.4077648512e-05
2.4100000000e+02		1.3780521215e-05
2.4200000000e+02		1.4039484884e-05
2.4300000000e+02		1.4136588050e-05
2.4400000000e+02		1.4007548714e-05
2.4500000000e+02		1.4030082089e-05
2.4600000000e+02		1.4079259027e-05
2.4700000000e+02		1.4117796162e-05
2.4800000000e+02		1.4151712769e-05
2.4900000000e+02		1.4225598466e-05
2.5000000000e+02		1.4034340694e-05
2.5100000000e+02		1.3999962609e-05
2.5200000000e+02		1.3949432492e-05
2.5300000000e+02		1.4215948916e-05
2.5400000000e+02		1.4338837530e-05
2.5500000000e+02		1.4037822968e-05
2.5600000000e+02		1.4134779089e-05
2.5700000000e+02		1.4243382863e-05
2.5800000000e+02		1.4158672614e-05
2.5900000000e+02		1.4217275703e-05
2.6000000000e+02		1.4244248025e-05
2.6100000000e+02		1.4228091039e-05
2.6200000000e+02		1.4054979118e-05
2.6300000000e+02		1.4148055918e-05
2.6400000000e+02		1.4274717182e-05
2.6500000000e+02		1.4357247795e-05
2.6600000000e+02		1.4248498131e-05
2.6700000000e+02		1.4161344094e-05
2.6800000000e+02		1.4417799419e-05
2.6900000000e+02		1.4356294220e-05
2.7000000000e+02		1.4281870381e-05
2.7100000000e+02		1.4319434780e-05
2.7200000000e+02		1.4230403835e-05
2.7300000000e+02		1.4279968912e-05
2.7400000000e+02		1.4410269094e-05
2.7500000000e+02		1.4390513924e-05
2.7600000000e+02		1.4281335163e-05
2.7700000000e+02		1.4371471353e-05
2.7800000000e+02		1.4292876161e-05
2.7900000000e+02		1.4390740035e-05
2.8000000000e+02		1.4545080386e-05
2.8100000000e+02		1.4307283035e-05
2.8200000000e+02		1.4336195531e-05
2.8300000000e+02		1.4365940238e-05
2.8400000000e+02		1.4496994053e-05
2.8500000000e+02		1.4520423207e-05
2.8600000000e+02		1.4346695633e-05
2.8700000000e+02		1.4384176816e-05
2.8800000000e+02		1.4494763608e-05
2.8900000000e+02		1.4601642732e-05
2.9000000000e+02		1.4393396682e-05
2.9100000000e+02		1.4456247930e-05
2.9200000000e+02		1.4502908616e-05
2.9300000000e+02		1.4458712791e-05
2.9400000000e+02		1.4558936774e-05
2.9500000000e+02		1.4523459876e-05
2.9600000000e+02		1.4342079835e-05
2.9700000000e+02		1.4444219374e-05
2.9800000000e+02		1.4699949256e-05
2.9900000000e+02		1.4501914200e-05
3.0000000000e+02		1.4298913621e-05
3.0100000000e+02		1.4538180823e-05
3.0200000000e+02		1.4886056142e-05
3.0300000000e+02		1.4566597547e-05
3.0400000000e+02		1.4425278679e-05
3.0500000000e+02		1.4582665118e-05
3.0600000000e+02		1.4626135622e-05
3.0700000000e+02		1.4452400082e-05
3.0800000000e+02		1.4560368554e-05
3.0900000000e+02		1.4847792675e-05
3.1000000000e+02		1.4546799299e-05
3.1100000000e+02		1.4576752571e-05
3.1200000000e+02		1.4742553404e-05
3.1300000000e+02		1.4508636528e-05
3.1400000000e+02		1.4669565978e-05
3.1500000000e+02		1.4616865806e-05
3.1600000000e+02		1.4515599888e-05
3.1700000000e+02		1.4687856021e-05
3.1800000000e+02		1.4742047287e-05
3.1900000000e+02		1.4694915428e-05
3.2000000000e+02		1.4433886956e-05
3.2100000000e+02		1.4688043474e-05
3.2200000000e+02		1.4928479814e-05
3.2300000000e+02		1.4660359328e-05
3.2400000000e+02		1.4605653416e-05
3.2500000000e+02		1.4699549909e-05
3.2600000000e+02		1.4771932241e-05
3.2700000000e+02		1.4886199170e-05
3.2800000000e+02		1.4792015134e-05
3.2900000000e+02		1.4483362506e-05
3.3000000000e+02		1.4761493953e-05
3.3100000000e+02		1.4770560044e-05
3.3200000000e+02		1.4854656731e-05
3.3300000000e+02		1.5032722877e-05
3.3400000000e+02		1.4514880899e-05
3.3500000000e+02		1.4485624697e-05
3.3600000000e+02		1.4814188614e-05
3.3700000000e+02		1.4896599136e-05
3.3800000000e+02		1.4877859633e-05
3.3900000000e+02		1.4680458777e-05
3.4000000000e+02		1.4671523014e-05
3.4100000000e+02		1.5050649511e-05
3.4200000000e+02		1.4789925640e-05
3.4300000000e+02		1.4740121459e-05
3.4400000000e+02		1.4941233911e-05
3.4500000000e+02		1.4729984278e-05
3.4600000000e+02		1.4712662907e-05
3.4700000000e+02		1.4786148932e-05
3.4800000000e+02		1.4943879420e-05
3.4900000000e+02		1.4898263329e-05
3.5000000000e+02		1.4769316863e-05
3.5100000000e+02		1.4876933618e-05
3.5200000000e+02		1.4739099490e-05
3.5300000000e+02		1.4794539876e-05
3.5400000000e+02		1.5053742472e-05
3.5500000000e+02		1.4942709793e-05
3.5600000000e+02		1.4690965642e-05
3.5700000000e+02		1.4942749445e-05
3.5800000000e+02		1.5036000174e-05
3.5900000000e+02		1.4801118293e-05
3.6000000000e+02		1.4845849911e-05
3.6100000000e+02		1.4929003199e-05
3.6200000000e+02		1.4749494424e-05
3.6300000000e+02		1.4755438629e-05
3.6400000000e+02		1.5008910958e-05
3.6500000000e+02		1.5098383366e-05
3.6600000000e+02		1.4865971799e-05
3.6700000000e+02		1.4659089590e-05
3.6800000000e+02		1.5027759452e-05
3.6900000000e+02		1.5041117780e-05
3.7000000000e+02		1.4913408865e-05
3.7100000000e+02		1.4942734142e-05
3.7200000000e+02		1.5066318263e-05
3.7300000000e+02		1.5007167397e-05
3.7400000000e+02		1.5017059483e-05
3.7500000000e+02		1.5165531280e-05
3.7600000000e+02		1.4618959776e-05
3.7700000000e+02		1.4921751828e-05
3.7800000000e+02		1.5346232820e-05
3.7900000000e+02		1.4855420470e-05
3.8000000000e+02		1.4862527063e-05
3.8100000000e+02		1.4963730067e-05
3.8200000000e+02		1.5095318359e-05
3.8300000000e+02		1.4938459208e-05
3.8400000000e+02		1.4781730398e-05
3.8500000000e+02		1.5205164748e-05
3.8600000000e+02		1.5207698863e-05
3.8700000000e+02		1.4819054756e-05
3.8800000000e+02		1.4924224741e-05
3.8900000000e+02		1.5365114854e-05
3.9000000000e+02		1.5076389655e-05
3.9100000000e+02		1.4740653371e-05
3.9200000000e+02		1.5003304324e-05
3.9300000000e+02		1.4942394990e-05
3.9400000000e+02		1.5165083334e-05
3.9500000000e+02		1.5161753525e-05
3.9600000000e+02		1.4861919485e-05
3.9700000000e+02		1.5204413698e-05
3.9800000000e+02		1.5030871308e-05
3.9900000000e+02		1.5008453166e-05
4.0000000000e+02		1.5316195380e-05
4.0100000000e+02		1.4918808973e-05
4.0200000000e+02		1.4968724895e-05
4.0300000000e+02		1.5331652140e-05
4.0400000000e+02		1.5032863774e-05
4.0500000000e+02		1.4800551308e-05
4.0600000000e+02		1.5273033791e-05
4.0700000000e+02		1.5446568336e-05
4.0800000000e+02		1.5141950415e-05
4.0900000000e+02		1.5025768990e-05
4.1000000000e+02		1.4749939615e-05
4.1100000000e+02		1.5127519467e-05
4.1200000000e+02		1.5315947182e-05
4.1300000000e+02		1.5083320986e-05
4.1400000000e+02		1.5148388064e-05
4.1500000000e+02		1.5056663809e-05
4.1600000000e+02		1.5248943850e-05
4.1700000000e+02		1.5228822148e-05
4.1800000000e+02		1.5081141282e-05
4.1900000000e+02		1.5268981987e-05
4.2000000000e+02		1.5336830049e-05
4.2100000000e+02		1.4981352092e-05
4.2200000000e+02		1.4947717423e-05
4.2300000000e+02		1.5182415861e-05
4.2400000000e+02		1.5002205672e-05
4.2500000000e+02		1.5174526619e-05
4.2600000000e+02		1.5497028513e-05
4.2700000000e+02		1.5163403475e-05
4.2800000000e+02		1.5200561666e-05
4.2900000000e+02		1.5091358059e-05
4.3000000000e+02		1.4902257763e-05
4.3100000000e+02		1.5463722450e-05
4.3200000000e+02		1.5270313708e-05
4.3300000000e+02		1.5086477046e-05
4.3400000000e+02		1.5177498942e-05
4.3500000000e+02		1.5209516904e-05
4.3600000000e+02		1.5461057254e-05
4.3700000000e+02		1.5270862144e-05
4.3800000000e+02		1.5204993287e-05
4.3900000000e+02		1.5127583854e-05
4.4000000000e+02		1.5188015232e-05
4.4100000000e+02		1.5125198644e-05
4.4200000000e+02		1.4921003304e-05
4.4300000000e+02		1.5405393088e-05
4.4400000000e+02		1.5374023885e-05
4.4500000000e+02		1.5280212132e-05
4.4600000000e+02		1.5440073508e-05
4.4700000000e+02		1.5044236599e-05
4.4800000000e+02		1.5040544905e-05
4.4900000000e+02		1.5506771332e-05
4.5000000000e+02		1.5174297268e-05
4.5100000000e+02		1.5164078692e-05
4.5200000000e+02		1.5395529130e-05
4.5300000000e+02		1.4950331306e-05
4.5400000000e+02		1.5232175057e-05
4.5500000000e+02		1.5704539899e-05
4.5600000000e+02		1.5239496959e-05
4.5700000000e+02		1.5162410494e-05
4.5800000000e+02		1.5526056447e-05
4.5900000000e+02		1.5284347099e-05
4.6000000000e+02		1.5134365491e-05
4.6100000000e+02		1.5272034404e-05
4.6200000000e+02		1.5332857023e-05
4.6300000000e+02		1.5418776014e-05
4.6400000000e+02		1.5208980366e-05
4.6500000000e+02		1.5128050283e-05
4.6600000000e+02		1.5717623676e-05
4.6700000000e+02		1.5394975690e-05
4.6800000000e+02		1.5204064689e-05
4.6900000000e+02		1.5465878738e-05
4.7000000000e+02		1.4995240234e-05
4.7100000000e+02		1.4956316541e-05
4.7200000000e+02		1.5397832226e-05
4.7300000000e+02		1.5718731966e-05
4.7400000000e+02		1.5475535098e-05
4.7500000000e+02		1.5277255125e-05
4.7600000000e+02		1.5498177217e-05
4.7700000000e+02		1.5429178123e-05
4.7800000000e+02		1.5278772927e-05
4.7900000000e+02		1.5244002707e-05
4.8000000000e+02		1.5148839600e-05
4.8100000000e+02		1.5531245876e-05
4.8200000000e+02		1.5411887500e-05
4.8300000000e+02		1.5227073205e-05
4.8400000000e+02		1.5322712950e-05
4.8500000000e+02		1.5440211228e-05
4.8600000000e+02		1.5688960207e-05
4.8700000000e+02		1.5158109806e-05
4.8800000000e+02		1.4989513559e-05
4.8900000000e+02		1.5323725098e-05
4.9000000000e+02		1.5711065818e-05
4.9100000000e+02		1.5609906805e-05
4.9200000000e+02		1.5237735118e-05
4.9300000000e+02		1.5546302615e-05
4.9400000000e+02		1.5347377382e-05
4.9500000000e+02		1.5508687892e-05
4.9600000000e+02		1.5378173042e-05
4.9700000000e+02		1.5140748185e-05
4.9800000000e+02		1.5479273048e-05
4.9900000000e+02		1.5242305675e-05
5.0000000000e+02		1.5224189711e-05
5.0100000000e+02		1.5736032065e-05
5.0200000000e+02		1.5858197628e-05
5.0300000000e+02		1.5302065446e-05
5.0400000000e+02		1.5346305294e-05
5.0500000000e+02		1.5301464368e-05
5.0600000000e+02		1.5283081902e-05
5.0700000000e+02		1.5440821622e-05
5.0800000000e+02		1.5372801517e-05
5.0900000000e+02		1.5495290865e-05
5.1000000000e+02		1.5657224983e-05
5.1100000000e+02		1.5451850030e-05
5.1200000000e+02		1.5307538201e-05
5.1300000000e+02		1.5592210909e-05
5.1400000000e+02		1.5362606185e-05
5.1500000000e+02		1.5528341567e-05
5.1600000000e+02		1.5724206801e-05
5.1700000000e+02		1.5218216874e-05
5.1800000000e+02		1.5321211742e-05
5.1900000000e+02		1.5441135263e-05
5.2000000000e+02		1.5508351303e-05
5.2100000000e+02		1.5673901186e-05
5.2200000000e+02		1.5582838276e-05
5.2300000000e+02		1.5779762306e-05
5.2400000000e+02		1.5133418341e-05
5.2500000000e+02		1.5321287117e-05
5.2600000000e+02		1.5626004436e-05
5.2700000000e+02		1.5254798709e-05
5.2800000000e+02		1.5572979742e-05
5.2900000000e+02		1.5529535623e-05
5.3000000000e+02		1.5600601268e-05
5.3100000000e+02		1.5412161725e-05
5.3200000000e+02		1.5394828645e-05
5.3300000000e+02		1.5587325510e-05
5.3400000000e+02		1.5851222823e-05
5.3500000000e+02		1.5749540240e-05
5.3600000000e+02		1.5306989450e-05
5.3700000000e+02		1.5351992324e-05
5.3800000000e+02		1.5553354997e-05
5.3900000000e+02		1.5454487303e-05
5.4000000000e+02		1.5448396897e-05
5.4100000000e+02		1.5643420084e-05
5.4200000000e+02		1.5731223204e-05
5.4300000000e+02		1.5602685807e-05
5.4400000000e+02		1.5498776434e-05
5.4500000000e+02		1.5547950037e-05
5.4600000000e+02		1.5527197959e-05
5.4700000000e+02		1.5574678110e-05
5.4800000000e+02		1.5885000087e-05
5.4900000000e+02		1.5576346053e-05
5.5000000000e+02		1.5257660793e-05
5.5100000000e+02		1.5349212973e-05
5.5200000000e+02		1.5604245282e-05
5.5300000000e+02		1.5772352314e-05
5.5400000000e+02		1.5402334692e-05
5.5500000000e+02		1.5432171688e-05
5.5600000000e+02		1.5535311397e-05
5.5700000000e+02		1.5682484492e-05
5.5800000000e+02		1.5967295269e-05
5.5900000000e+02		1.5447324856e-05
5.6000000000e+02		1.5189856453e-05
5.6100000000e+02		1.5730939762e-05
5.6200000000e+02		1.5661034766e-05
5.6300000000e+02		1.5698395338e-05
5.6400000000e+02		1.5677955169e-05
5.6500000000e+02		1.5270152446e-05
5.6600000000e+02		1.5620915752e-05
5.6700000000e+02		1.5926167978e-05
5.6800000000e+02		1.5709523250e-05
5.6900000000e+02		1.5539000817e-05
5.7000000000e+02		1.5496238570e-05
5.7100000000e+02		1.5316959969e-05
5.7200000000e+02		1.5767295534e-05
5.7300000000e+02		1.6060410252e-05
5.7400000000e+02		1.5663884824e-05
5.7500000000e+02		1.5675792994e-05
5.7600000000e+02		1.5486739746e-05
5.7700000000e+02		1.5276512218e-05
5.7800000000e+02		1.5667239607e-05
5.7900000000e+02		1.5742342418e-05
5.8000000000e+02		1.5520513187e-05
5.8100000000e+02		1.5766308407e-05
5.8200000000e+02		1.5557952905e-05
5.8300000000e+02		1.5878213276e-05
5.8400000000e+02		1.5836557326e-05
5.8500000000e+02		1.5334392416e-05
5.8600000000e+02		1.5667759934e-05
5.8700000000e+02		1.5488647492e-05
5.8800000000e+02		1.5695192601e-05
5.8900000000e+02		1.6029628803e-05
5.9000000000e+02		1.5415578701e-05
5.9100000000e+02		1.5522650564e-05
5.9200000000e+02		1.5768233161e-05
5.9300000000e+02		1.5561086667e-05
5.9400000000e+02		1.5914929250e-05
5.9500000000e+02		1.5811822873e-05
5.9600000000e+02		1.5822432811e-05
5.9700000000e+02		1.5666610993e-05
5.9800000000e+02		1.5473891135e-05
5.9900000000e+02		1.5524022009e-05
6.0000000000e+02		1.5612679417e-05
6.0100000000e+02		1.5917237295e-05
6.0200000000e+02		1.5714362554e-05
6.0300000000e+02		1.5979766564e-05
6.0400000000e+02		1.5858326700e-05
6.0500000000e+02		1.5361889723e-05
6.0600000000e+02		1.5456641972e-05
6.0700000000e+02		1.5625638339e-05
6.0800000000e+02		1.5841288336e-05
6.0900000000e+02		1.5654369965e-05
6.1000000000e+02		1.5735762113e-05
6.1100000000e+02		1.5945618553e-05
6.1200000000e+02		1.5700393577e-05
6.1300000000e+02		1.5657330805e-05
6.1400000000e+02		1.5769129333e-05
6.1500000000e+02		1.5626629615e-05
6.1600000000e+02		1.5865804642e-05
6.1700000000e+02		1.6052197807e-05
6.1800000000e+02		1.5645850312e-05
6.1900000000e+02		1.5610591406e-05
6.2000000000e+02		1.5375190958e-05
6.2100000000e+02		1.6096181575e-05
6.2200000000e+02		1.6205363020e-05
6.2300000000e+02		1.5460767742e-05
6.2400000000e+02		1.5558992881e-05
6.2500000000e+02		1.5709606425e-05
6.2600000000e+02		1.5903806648e-05
6.2700000000e+02		1.5882229413e-05
6.2800000000e+02		1.5855285150e-05
6.2900000000e+02		1.5479214959e-05
6.3000000000e+02		1.5401806602e-05
6.3100000000e+02		1.5752873877e-05
6.3200000000e+02		1.5828036917e-05
6.3300000000e+02		1.6001383856e-05
6.3400000000e+02		1.5902079620e-05
6.3500000000e+02		1.6025316751e-05
6.3600000000e+02		1.5871343162e-05
6.3700000000e+02		1.5381523870e-05
6.3800000000e+02		1.5942486567e-05
6.3900000000e+02		1.5993521672e-05
6.4000000000e+02		1.5891365832e-05
6.4100000000e+02		1.5805526703e-05
6.4200000000e+02		1.5517269234e-05
6.4300000000e+02		1.5679617110e-05
6.4400000000e+02		1.5910211493e-05
6.4500000000e+02		1.5846566064e-05
6.4600000000e+02		1.5813847324e-05
6.4700000000e+02		1.5506185076e-05
6.4800000000e+02		1.5556078860e-05
6.4900000000e+02		1.6217669900e-05
6.5000000000e+02		1.5691404369e-05
6.5100000000e+02		1.5773745813e-05
6.5200000000e+02		1.5894280756e-05
6.5300000000e+02		1.5661132462e-05
6.5400000000e+02		1.6063558485e-05
6.5500000000e+02		1.5848872259e-05
6.5600000000e+02		1.5746314522e-05
6.5700000000e+02		1.6057717171e-05
6.5800000000e+02		1.5837102090e-05
6.5900000000e+02		1.5997978622e-05
6.6000000000e+02		1.5737245181e-05
6.6100000000e+02		1.5670954991e-05
6.6200000000e+02		1.5783996060e-05
6.6300000000e+02		1.5496375039e-05
6.6400000000e+02		1.6190660656e-05
6.6500000000e+02		1.6078005429e-05
6.6600000000e+02		1.5970620204e-05
6.6700000000e+02		1.5812520647e-05
6.6800000000e+02		1.5243169757e-05
6.6900000000e+02		1.5573757803e-05
6.7000000000e+02		1.6199587559e-05
6.7100000000e+02		1.6447240806e-05
6.7200000000e+02		1.5980514267e-05
6.7300000000e+02		1.5731374715e-05
6.7400000000e+02		1.6020786099e-05
6.7500000000e+02		1.5794088727e-05
6.7600000000e+02		1.5504043831e-05
6.7700000000e+02		1.5780464526e-05
6.7800000000e+02		1.6118010663e-05
6.7900000000e+02		1.5809510268e-05
6.8000000000e+02		1.5603263749e-05
6.8100000000e+02		1.6058573350e-05
6.8200000000e+02		1.5993662589e-05
6.8300000000e+02		1.6141866453e-05
6.8400000000e+02		1.5724461424e-05
6.8500000000e+02		1.5683163664e-05
6.8600000000e+02		1.6178428946e-05
6.8700000000e+02		1.5821527912e-05
6.8800000000e+02		1.5715482503e-05
6.8900000000e+02		1.5823422616e-05
6.9000000000e+02		1.6159114569e-05
6.9100000000e+02		1.6104121690e-05
6.9200000000e+02		1.5924644537e-05
6.9300000000e+02		1.5767833584e-05
6.9400000000e+02		1.5929425257e-05
6.9500000000e+02		1.6154070062e-05
6.9600000000e+02		1.5764341641e-05
6.9700000000e+02		1.5921532366e-05
6.9800000000e+02		1.6229339521e-05
6.9900000000e+02		1.5554045027e-05
7.0000000000e+02		1.5654913834e-05
7.0100000000e+02		1.6273416170e-05
7.0200000000e+02		1.6002795231e-05
7.0300000000e+02		1.5971044984e-05
7.0400000000e+02		1.6097473365e-05
7.0500000000e+02		1.5772182475e-05
7.0600000000e+02		1.5982693102e-05
7.0700000000e+02		1.5798233349e-05
7.0800000000e+02		1.5994165113e-05
7.0900000000e+02		1.6099425102e-05
7.1000000000e+02		1.5555973488e-05
7.1100000000e+02		1.5655438818e-05
7.1200000000e+02		1.6299392437e-05
7.1300000000e+02		1.6385473092e-05
7.1400000000e+02		1.5899357436e-05
7.1500000000e+02		1.5691592988e-05
7.1600000000e+02		1.5981619958e-05
7.1700000000e+02		1.6476163223e-05
7.1800000000e+02		1.5954078644e-05
7.1900000000e+02		1.5578522414e-05
7.2000000000e+02		1.6115167484e-05
7.2100000000e+02		1.6139876237e-05
7.2200000000e+02		1.5796735607e-05
7.2300000000e+02		1.6119895351e-05
7.2400000000e+02		1.5953410467e-05
7.2500000000e+02		1.5992371883e-05
7.2600000000e+02		1.6085431425e-05
7.2700000000e+02		1.5777675748e-05
7.2800000000e+02		1.5923791723e-05
7.2900000000e+02		1.6076972244e-05
7.3000000000e+02		1.5834822401e-05
7.3100000000e+02		1.6084882968e-05
7.3200000000e+02		1.6058108819e-05
7.3300000000e+02		1.6035896745e-05
7.3400000000e+02		1.6320307649e-05
7.3500000000e+02		1.6019256122e-05
7.3600000000e+02		1.5871285160e-05
7.3700000000e+02		1.6058381974e-05
7.3800000000e+02		1.6145138412e-05
7.3900000000e+02		1.5865911103e-05
7.4000000000e+02		1.5833489539e-05
7.4100000000e+02		1.5803484132e-05
7.4200000000e+02		1.6196068555e-05
7.4300000000e+02		1.6304058155e-05
7.4400000000e+02		1.6030562839e-05
7.4500000000e+02		1.5843713329e-05
7.4600000000e+02		1.5940361374e-05
7.4700000000e+02		1.6187097943e-05
7.4800000000e+02		1.6118336911e-05
7.4900000000e+02		1.6129212519e-05
7.5000000000e+02		1.5981291878e-05
7.5100000000e+02		1.6410889461e-05
7.5200000000e+02		1.6012624528e-05
7.5300000000e+02		1.5666684839e-05
7.5400000000e+02		1.5980785761e-05
7.5500000000e+02		1.6034361490e-05
7.5600000000e+02		1.6071128416e-05
7.5700000000e+02		1.5923158450e-05
7.5800000000e+02		1.6056204513e-05
7.5900000000e+02		1.6154587342e-05
7.6000000000e+02		1.6331354439e-05
7.6100000000e+02		1.6178342714e-05
7.6200000000e+02		1.5944044872e-05
7.6300000000e+02		1.5929272582e-05
7.6400000000e+02		1.6087245396e-05
7.6500000000e+02		1.5918084436e-05
7.6600000000e+02		1.6003087428e-05
7.6700000000e+02		1.6308554451e-05
7.6800000000e+02		1.6351570702e-05
7.6900000000e+02		1.5972494012e-05
7.7000000000e+02		1.5725849422e-05
7.7100000000e+02		1.6284880878e-05
7.7200000000e+02		1.6146487562e-05
7.7300000000e+02		1.6339276574e-05
7.7400000000e+02		1.5984039256e-05
7.7500000000e+02		1.5895937711e-05
7.7600000000e+02		1.6167400039e-05
7.7700000000e+02		1.5953351802e-05
7.7800000000e+02		1.6389581747e-05
7.7900000000e+02		1.6451166299e-05
7.8000000000e+02		1.5938491716e-05
7.8100000000e+02		1.5969982535e-05
7.8200000000e+02		1.6341590238e-05
7.8300000000e+02		1.5921202002e-05
7.8400000000e+02		1.5709707959e-05
7.8500000000e+02		1.6088333219e-05
7.8600000000e+02		1.6560615815e-05
7.8700000000e+02		1.6276356576e-05
7.8800000000e+02		1.6071222923e-05
7.8900000000e+02		1.5972217749e-05
7.9000000000e+02		1.6052046569e-05
7.9100000000e+02		1.6485375562e-05
7.9200000000e+02		1.6218082961e-05
7.9300000000e+02		1.6134069727e-05
7.9400000000e+02		1.5948454823e-05
7.9500000000e+02		1.5859954836e-05
7.9600000000e+02		1.6223925800e-05
7.9700000000e+02		1.6309005941e-05
7.9800000000e+02		1.6233495333e-05
7.9900000000e+02		1.6105894286e-05
8.0000000000e+02		1.6181660354e-05
8.0100000000e+02		1.6161886471e-05
8.0200000000e+02		1.6119130539e-05
8.0300000000e+02		1.6150991937e-05
8.0400000000e+02		1.6231339353e-05
8.0500000000e+02		1.6373866086e-05
8.0600000000e+02		1.6026523779e-05
8.0700000000e+02		1.5987136643e-05
8.0800000000e+02		1.5869347591e-05
8.0900000000e+02		1.5931732634e-05
8.1000000000e+02		1.6521763263e-05
8.1100000000e+02		1.6377215814e-05
8.1200000000e+02		1.6224313618e-05
8.1300000000e+02		1.6169577448e-05
8.1400000000e+02		1.6333207591e-05
8.1500000000e+02		1.6231323927e-05
8.1600000000e+02		1.5947567200e-05
8.1700000000e+02		1.6243476581e-05
8.1800000000e+02		1.6517392066e-05
8.1900000000e+02		1.6357971065e-05
8.2000000000e+02		1.5907690325e-05
8.2100000000e+02		1.6015185634e-05
8.2200000000e+02		1.6226565347e-05
8.2300000000e+02		1.6193028678e-05
8.2400000000e+02		1.6409815136e-05
8.2500000000e+02		1.6304775252e-05
8.2600000000e+02		1.6121536092e-05
8.2700000000e+02		1.6298982333e-05
8.2800000000e+02		1.6129525632e-05
8.2900000000e+02		1.6062094024e-05
8.3000000000e+02		1.6539718757e-05
8.3100000000e+02		1.6180412927e-05
8.3200000000e+02		1.5957171460e-05
8.3300000000e+02		1.6423999144e-05
8.3400000000e+02		1.6168404027e-05
8.3500000000e+02		1.6097760280e-05
8.3600000000e+02		1.6429886659e-05
8.3700000000e+02		1.6388526223e-05
8.3800000000e+02		1.6342522401e-05
8.3900000000e+02		1.6091725207e-05
8.4000000000e+02		1.6161293590e-05
8.4100000000e+02		1.6407935846e-05
8.4200000000e+02		1.6384057225e-05
8.4300000000e+02		1.6058591088e-05
8.4400000000e+02		1.6015212803e-05
8.4500000000e+02		1.6574183194e-05
8.4600000000e+02		1.6328279219e-05
8.4700000000e+02		1.5985678834e-05
8.4800000000e+02		1.6080021851e-05
8.4900000000e+02		1.6228877234e-05
8.5000000000e+02		1.6693684012e-05
8.5100000000e+02		1.6243761490e-05
8.5200000000e+02		1.6094278079e-05
8.5300000000e+02		1.6537936642e-05
8.5400000000e+02		1.6327686184e-05
8.5500000000e+02		1.6315464435e-05
8.5600000000e+02		1.6196273215e-05
8.5700000000e+02		1.6294818952e-05
8.5800000000e+02		1.6093769409e-05
8.5900000000e+02		1.5949982924e-05
8.6000000000e+02		1.6613747884e-05
8.6100000000e+02		1.6346321409e-05
8.6200000000e+02		1.6100893035e-05
8.6300000000e+02		1.6293331774e-05
8.6400000000e+02		1.6212387927e-05
8.6500000000e+02		1.6326958187e-05
8.6600000000e+02		1.6184566803e-05
8.6700000000e+02		1.6378758382e-05
8.6800000000e+02		1.6412892268e-05
8.6900000000e+02		1.6335485830e-05
8.7000000000e+02		1.6465113906e-05
8.7100000000e+02		1.6320292052e-05
8.7200000000e+02		1.6440090150e-05
8.7300000000e+02		1.6373725781e-05
8.7400000000e+02		1.6267124055e-05
8.7500000000e+02		1.6517389260e-05
8.7600000000e+02		1.5818716837e-05
8.7700000000e+02		1.6058796402e-05
8.7800000000e+02		1.6793365046e-05
8.7900000000e+02		1.6492909766e-05
8.8000000000e+02		1.6378202064e-05
8.8100000000e+02		1.5958411645e-05
8.8200000000e+02		1.6166421015e-05
8.8300000000e+02		1.7008006810e-05
8.8400000000e+02		1.6479464815e-05
8.8500000000e+02		1.5833738732e-05
8.8600000000e+02		1.6375608769e-05
8.8700000000e+02		1.6669057195e-05
8.8800000000e+02		1.6339795993e-05
8.8900000000e+02		1.6301761365e-05
8.9000000000e+02		1.6602622649e-05
8.9100000000e+02		1.6170182286e-05
8.9200000000e+02		1.5997459418e-05
8.9300000000e+02		1.6419318603e-05
8.9400000000e+02		1.6480553357e-05
8.9500000000e+02		1.6596896333e-05
8.9600000000e+02		1.6292640081e-05
8.9700000000e+02		1.6271034992e-05
8.9800000000e+02		1.6530829869e-05
8.9900000000e+02		1.6078940946e-05
9.0000000000e+02		1.6309236652e-05
9.0100000000e+02		1.6487369985e-05
9.0200000000e+02		1.6110937477e-05
9.0300000000e+02		1.6225544956e-05
9.0400000000e+02		1.6624777430e-05
9.0500000000e+02		1.6492232810e-05
9.0600000000e+02		1.6266204883e-05
9.0700000000e+02		1.6573052989e-05
9.0800000000e+02		1.6725940772e-05
9.0900000000e+02		1.6368390089e-05
9.1000000000e+02		1.6530380989e-05
9.1100000000e+02		1.6283116113e-05
9.1200000000e+02		1.5977900929e-05
9.1300000000e+02		1.6773820773e-05
9.1400000000e+02		1.6440161443e-05
9.1500000000e+02		1.5939086780e-05
9.1600000000e+02		1.6463791866e-05
9.1700000000e+02		1.6778619907e-05
9.1800000000e+02		1.6491741327e-05
9.1900000000e+02		1.6230874299e-05
9.2000000000e+02		1.6538526263e-05
9.2100000000e+02		1.6368462768e-05
9.2200000000e+02		1.6135085037e-05
9.2300000000e+02		1.6601633122e-05
9.2400000000e+02		1.6306189572e-05
9.2500000000e+02		1.6330220993e-05
9.2600000000e+02		1.6601370322e-05
9.2700000000e+02		1.6396711643e-05
9.2800000000e+02		1.6655949673e-05
9.2900000000e+02		1.6570596911e-05
9.3000000000e+02		1.6431422077e-05
9.3100000000e+02		1.6306962735e-05
9.3200000000e+02		1.6470053780e-05
9.3300000000e+02		1.6424937472e-05
9.3400000000e+02		1.6084771650e-05
9.3500000000e+02		1.6905725263e-05
9.3600000000e+02		1.6661036427e-05
9.3700000000e+02		1.6318210202e-05
9.3800000000e+02		1.6453904416e-05
9.3900000000e+02		1.6059497182e-05
9.4000000000e+02		1.6171906712e-05
9.4100000000e+02		1.6536972010e-05
9.4200000000e+02		1.6906560074e-05
9.4300000000e+02		1.6585688054e-05
9.4400000000e+02		1.6138578058e-05
9.4500000000e+02		1.6528797541e-05
9.4600000000e+02		1.6803965386e-05
9.4700000000e+02		1.6223176025e-05
9.4800000000e+02		1.6261316693e-05
9.4900000000e+02		1.6819031616e-05
9.5000000000e+02		1.6254849736e-05
9.5100000000e+02		1.6428267292e-05
9.5200000000e+02		1.7073830314e-05
9.5300000000e+02		1.6820065962e-05
9.5400000000e+02		1.6325273527e-05
9.5500000000e+02		1.5930107004e-05
9.5600000000e+02		1.6166627335e-05
9.5700000000e+02		1.6713813666e-05
9.5800000000e+02		1.6856854230e-05
9.5900000000e+02		1.6597930826e-05
9.6000000000e+02		1.6775704301e-05
9.6100000000e+02		1.6248794797e-05
9.6200000000e+02		1.6274517003e-05
9.6300000000e+02		1.6535630139e-05
9.6400000000e+02		1.6310708844e-05
9.6500000000e+02		1.6544872716e-05
9.6600000000e+02		1.6893165165e-05
9.6700000000e+02		1.6704422860e-05
9.6800000000e+02		1.6093126833e-05
9.6900000000e+02		1.6586054550e-05
9.7000000000e+02		1.6694432718e-05
9.7100000000e+02		1.6698744249e-05
9.7200000000e+02		1.6622868869e-05
9.7300000000e+02		1.6075955714e-05
9.7400000000e+02		1.6651719324e-05
9.7500000000e+02		1.6915390557e-05
9.7600000000e+02		1.6192633716e-05
9.7700000000e+02		1.6214427510e-05
9.7800000000e+02		1.6633605440e-05
9.7900000000e+02		1.6649397242e-05
9.8000000000e+02		1.6444889784e-05
9.8100000000e+02		1.6455332913e-05
9.8200000000e+02		1.6892100055e-05
9.8300000000e+02		1.6841554947e-05
9.8400000000e+02		1.6525132218e-05
9.8500000000e+02		1.6410302051e-05
9.8600000000e+02		1.6431465626e-05
9.8700000000e+02		1.6635952808e-05
9.8800000000e+02		1.6281059799e-05
9.8900000000e+02		1.6852760610e-05
9.9000000000e+02		1.6875944898e-05
9.9100000000e+02		1.6146461256e-05
9.9200000000e+02		1.6622457454e-05
9.9300000000e+02		1.6521303277e-05
9.9400000000e+02		1.6912991192e-05
9.9500000000e+02		1.6726620066e-05
9.9600000000e+02		1.6175995991e-05
9.9700000000e+02		1.6546311998e-05
9.9800000000e+02		1.6696772402e-05
9.9900000000e+02		1.6839685996e-05
