# T (K)	Fmin (Ryd/cell)
1.0000000000e+00		-1.6277787590e+03
2.0000000000e+00		-1.6277787590e+03
3.0000000000e+00		-1.6277787590e+03
4.0000000000e+00		-1.6277787590e+03
5.0000000000e+00		-1.6277787590e+03
6.0000000000e+00		-1.6277787590e+03
7.0000000000e+00		-1.6277787590e+03
8.0000000000e+00		-1.6277787590e+03
9.0000000000e+00		-1.6277787590e+03
1.0000000000e+01		-1.6277787590e+03
1.1000000000e+01		-1.6277787590e+03
1.2000000000e+01		-1.6277787590e+03
1.3000000000e+01		-1.6277787591e+03
1.4000000000e+01		-1.6277787591e+03
1.5000000000e+01		-1.6277787591e+03
1.6000000000e+01		-1.6277787592e+03
1.7000000000e+01		-1.6277787592e+03
1.8000000000e+01		-1.6277787593e+03
1.9000000000e+01		-1.6277787593e+03
2.0000000000e+01		-1.6277787594e+03
2.1000000000e+01		-1.6277787595e+03
2.2000000000e+01		-1.6277787596e+03
2.3000000000e+01		-1.6277787597e+03
2.4000000000e+01		-1.6277787599e+03
2.5000000000e+01		-1.6277787600e+03
2.6000000000e+01		-1.6277787602e+03
2.7000000000e+01		-1.6277787605e+03
2.8000000000e+01		-1.6277787608e+03
2.9000000000e+01		-1.6277787611e+03
3.0000000000e+01		-1.6277787615e+03
3.1000000000e+01		-1.6277787619e+03
3.2000000000e+01		-1.6277787624e+03
3.3000000000e+01		-1.6277787629e+03
3.4000000000e+01		-1.6277787635e+03
3.5000000000e+01		-1.6277787642e+03
3.6000000000e+01		-1.6277787649e+03
3.7000000000e+01		-1.6277787658e+03
3.8000000000e+01		-1.6277787667e+03
3.9000000000e+01		-1.6277787678e+03
4.0000000000e+01		-1.6277787689e+03
4.1000000000e+01		-1.6277787701e+03
4.2000000000e+01		-1.6277787715e+03
4.3000000000e+01		-1.6277787730e+03
4.4000000000e+01		-1.6277787746e+03
4.5000000000e+01		-1.6277787764e+03
4.6000000000e+01		-1.6277787782e+03
4.7000000000e+01		-1.6277787802e+03
4.8000000000e+01		-1.6277787824e+03
4.9000000000e+01		-1.6277787847e+03
5.0000000000e+01		-1.6277787872e+03
5.1000000000e+01		-1.6277787898e+03
5.2000000000e+01		-1.6277787926e+03
5.3000000000e+01		-1.6277787956e+03
5.4000000000e+01		-1.6277787987e+03
5.5000000000e+01		-1.6277788020e+03
5.6000000000e+01		-1.6277788055e+03
5.7000000000e+01		-1.6277788092e+03
5.8000000000e+01		-1.6277788131e+03
5.9000000000e+01		-1.6277788172e+03
6.0000000000e+01		-1.6277788214e+03
6.1000000000e+01		-1.6277788259e+03
6.2000000000e+01		-1.6277788306e+03
6.3000000000e+01		-1.6277788354e+03
6.4000000000e+01		-1.6277788405e+03
6.5000000000e+01		-1.6277788458e+03
6.6000000000e+01		-1.6277788513e+03
6.7000000000e+01		-1.6277788570e+03
6.8000000000e+01		-1.6277788629e+03
6.9000000000e+01		-1.6277788691e+03
7.0000000000e+01		-1.6277788755e+03
7.1000000000e+01		-1.6277788820e+03
7.2000000000e+01		-1.6277788889e+03
7.3000000000e+01		-1.6277788959e+03
7.4000000000e+01		-1.6277789032e+03
7.5000000000e+01		-1.6277789107e+03
7.6000000000e+01		-1.6277789184e+03
7.7000000000e+01		-1.6277789264e+03
7.8000000000e+01		-1.6277789345e+03
7.9000000000e+01		-1.6277789430e+03
8.0000000000e+01		-1.6277789516e+03
8.1000000000e+01		-1.6277789605e+03
8.2000000000e+01		-1.6277789696e+03
8.3000000000e+01		-1.6277789790e+03
8.4000000000e+01		-1.6277789886e+03
8.5000000000e+01		-1.6277789985e+03
8.6000000000e+01		-1.6277790085e+03
8.7000000000e+01		-1.6277790188e+03
8.8000000000e+01		-1.6277790293e+03
8.9000000000e+01		-1.6277790402e+03
9.0000000000e+01		-1.6277790512e+03
9.1000000000e+01		-1.6277790624e+03
9.2000000000e+01		-1.6277790739e+03
9.3000000000e+01		-1.6277790857e+03
9.4000000000e+01		-1.6277790977e+03
9.5000000000e+01		-1.6277791099e+03
9.6000000000e+01		-1.6277791223e+03
9.7000000000e+01		-1.6277791350e+03
9.8000000000e+01		-1.6277791480e+03
9.9000000000e+01		-1.6277791611e+03
1.0000000000e+02		-1.6277791745e+03
1.0100000000e+02		-1.6277791882e+03
1.0200000000e+02		-1.6277792021e+03
1.0300000000e+02		-1.6277792162e+03
1.0400000000e+02		-1.6277792306e+03
1.0500000000e+02		-1.6277792451e+03
1.0600000000e+02		-1.6277792600e+03
1.0700000000e+02		-1.6277792750e+03
1.0800000000e+02		-1.6277792904e+03
1.0900000000e+02		-1.6277793059e+03
1.1000000000e+02		-1.6277793217e+03
1.1100000000e+02		-1.6277793376e+03
1.1200000000e+02		-1.6277793539e+03
1.1300000000e+02		-1.6277793703e+03
1.1400000000e+02		-1.6277793870e+03
1.1500000000e+02		-1.6277794040e+03
1.1600000000e+02		-1.6277794211e+03
1.1700000000e+02		-1.6277794385e+03
1.1800000000e+02		-1.6277794561e+03
1.1900000000e+02		-1.6277794740e+03
1.2000000000e+02		-1.6277794920e+03
1.2100000000e+02		-1.6277795103e+03
1.2200000000e+02		-1.6277795289e+03
1.2300000000e+02		-1.6277795476e+03
1.2400000000e+02		-1.6277795666e+03
1.2500000000e+02		-1.6277795858e+03
1.2600000000e+02		-1.6277796052e+03
1.2700000000e+02		-1.6277796248e+03
1.2800000000e+02		-1.6277796447e+03
1.2900000000e+02		-1.6277796648e+03
1.3000000000e+02		-1.6277796851e+03
1.3100000000e+02		-1.6277797057e+03
1.3200000000e+02		-1.6277797264e+03
1.3300000000e+02		-1.6277797474e+03
1.3400000000e+02		-1.6277797685e+03
1.3500000000e+02		-1.6277797899e+03
1.3600000000e+02		-1.6277798116e+03
1.3700000000e+02		-1.6277798334e+03
1.3800000000e+02		-1.6277798554e+03
1.3900000000e+02		-1.6277798777e+03
1.4000000000e+02		-1.6277799002e+03
1.4100000000e+02		-1.6277799229e+03
1.4200000000e+02		-1.6277799458e+03
1.4300000000e+02		-1.6277799689e+03
1.4400000000e+02		-1.6277799922e+03
1.4500000000e+02		-1.6277800157e+03
1.4600000000e+02		-1.6277800394e+03
1.4700000000e+02		-1.6277800634e+03
1.4800000000e+02		-1.6277800875e+03
1.4900000000e+02		-1.6277801119e+03
1.5000000000e+02		-1.6277801364e+03
1.5100000000e+02		-1.6277801612e+03
1.5200000000e+02		-1.6277801861e+03
1.5300000000e+02		-1.6277802113e+03
1.5400000000e+02		-1.6277802367e+03
1.5500000000e+02		-1.6277802622e+03
1.5600000000e+02		-1.6277802880e+03
1.5700000000e+02		-1.6277803140e+03
1.5800000000e+02		-1.6277803402e+03
1.5900000000e+02		-1.6277803665e+03
1.6000000000e+02		-1.6277803931e+03
1.6100000000e+02		-1.6277804199e+03
1.6200000000e+02		-1.6277804468e+03
1.6300000000e+02		-1.6277804740e+03
1.6400000000e+02		-1.6277805013e+03
1.6500000000e+02		-1.6277805288e+03
1.6600000000e+02		-1.6277805566e+03
1.6700000000e+02		-1.6277805845e+03
1.6800000000e+02		-1.6277806126e+03
1.6900000000e+02		-1.6277806409e+03
1.7000000000e+02		-1.6277806694e+03
1.7100000000e+02		-1.6277806981e+03
1.7200000000e+02		-1.6277807270e+03
1.7300000000e+02		-1.6277807560e+03
1.7400000000e+02		-1.6277807853e+03
1.7500000000e+02		-1.6277808147e+03
1.7600000000e+02		-1.6277808444e+03
1.7700000000e+02		-1.6277808741e+03
1.7800000000e+02		-1.6277809041e+03
1.7900000000e+02		-1.6277809343e+03
1.8000000000e+02		-1.6277809647e+03
1.8100000000e+02		-1.6277809952e+03
1.8200000000e+02		-1.6277810259e+03
1.8300000000e+02		-1.6277810568e+03
1.8400000000e+02		-1.6277810879e+03
1.8500000000e+02		-1.6277811191e+03
1.8600000000e+02		-1.6277811506e+03
1.8700000000e+02		-1.6277811822e+03
1.8800000000e+02		-1.6277812140e+03
1.8900000000e+02		-1.6277812460e+03
1.9000000000e+02		-1.6277812781e+03
1.9100000000e+02		-1.6277813104e+03
1.9200000000e+02		-1.6277813429e+03
1.9300000000e+02		-1.6277813756e+03
1.9400000000e+02		-1.6277814084e+03
1.9500000000e+02		-1.6277814414e+03
1.9600000000e+02		-1.6277814746e+03
1.9700000000e+02		-1.6277815080e+03
1.9800000000e+02		-1.6277815415e+03
1.9900000000e+02		-1.6277815752e+03
2.0000000000e+02		-1.6277816090e+03
2.0100000000e+02		-1.6277816431e+03
2.0200000000e+02		-1.6277816773e+03
2.0300000000e+02		-1.6277817116e+03
2.0400000000e+02		-1.6277817462e+03
2.0500000000e+02		-1.6277817809e+03
2.0600000000e+02		-1.6277818157e+03
2.0700000000e+02		-1.6277818508e+03
2.0800000000e+02		-1.6277818860e+03
2.0900000000e+02		-1.6277819214e+03
2.1000000000e+02		-1.6277819569e+03
2.1100000000e+02		-1.6277819925e+03
2.1200000000e+02		-1.6277820284e+03
2.1300000000e+02		-1.6277820644e+03
2.1400000000e+02		-1.6277821006e+03
2.1500000000e+02		-1.6277821369e+03
2.1600000000e+02		-1.6277821734e+03
2.1700000000e+02		-1.6277822100e+03
2.1800000000e+02		-1.6277822468e+03
2.1900000000e+02		-1.6277822838e+03
2.2000000000e+02		-1.6277823209e+03
2.2100000000e+02		-1.6277823582e+03
2.2200000000e+02		-1.6277823956e+03
2.2300000000e+02		-1.6277824332e+03
2.2400000000e+02		-1.6277824710e+03
2.2500000000e+02		-1.6277825089e+03
2.2600000000e+02		-1.6277825469e+03
2.2700000000e+02		-1.6277825852e+03
2.2800000000e+02		-1.6277826235e+03
2.2900000000e+02		-1.6277826620e+03
2.3000000000e+02		-1.6277827007e+03
2.3100000000e+02		-1.6277827395e+03
2.3200000000e+02		-1.6277827785e+03
2.3300000000e+02		-1.6277828176e+03
2.3400000000e+02		-1.6277828569e+03
2.3500000000e+02		-1.6277828963e+03
2.3600000000e+02		-1.6277829358e+03
2.3700000000e+02		-1.6277829756e+03
2.3800000000e+02		-1.6277830154e+03
2.3900000000e+02		-1.6277830554e+03
2.4000000000e+02		-1.6277830956e+03
2.4100000000e+02		-1.6277831359e+03
2.4200000000e+02		-1.6277831763e+03
2.4300000000e+02		-1.6277832169e+03
2.4400000000e+02		-1.6277832577e+03
2.4500000000e+02		-1.6277832985e+03
2.4600000000e+02		-1.6277833395e+03
2.4700000000e+02		-1.6277833807e+03
2.4800000000e+02		-1.6277834220e+03
2.4900000000e+02		-1.6277834635e+03
2.5000000000e+02		-1.6277835051e+03
2.5100000000e+02		-1.6277835468e+03
2.5200000000e+02		-1.6277835887e+03
2.5300000000e+02		-1.6277836307e+03
2.5400000000e+02		-1.6277836729e+03
2.5500000000e+02		-1.6277837152e+03
2.5600000000e+02		-1.6277837576e+03
2.5700000000e+02		-1.6277838002e+03
2.5800000000e+02		-1.6277838428e+03
2.5900000000e+02		-1.6277838857e+03
2.6000000000e+02		-1.6277839287e+03
2.6100000000e+02		-1.6277839718e+03
2.6200000000e+02		-1.6277840151e+03
2.6300000000e+02		-1.6277840585e+03
2.6400000000e+02		-1.6277841020e+03
2.6500000000e+02		-1.6277841457e+03
2.6600000000e+02		-1.6277841894e+03
2.6700000000e+02		-1.6277842334e+03
2.6800000000e+02		-1.6277842775e+03
2.6900000000e+02		-1.6277843217e+03
2.7000000000e+02		-1.6277843660e+03
2.7100000000e+02		-1.6277844105e+03
2.7200000000e+02		-1.6277844551e+03
2.7300000000e+02		-1.6277844998e+03
2.7400000000e+02		-1.6277845447e+03
2.7500000000e+02		-1.6277845897e+03
2.7600000000e+02		-1.6277846348e+03
2.7700000000e+02		-1.6277846801e+03
2.7800000000e+02		-1.6277847254e+03
2.7900000000e+02		-1.6277847709e+03
2.8000000000e+02		-1.6277848166e+03
2.8100000000e+02		-1.6277848624e+03
2.8200000000e+02		-1.6277849082e+03
2.8300000000e+02		-1.6277849543e+03
2.8400000000e+02		-1.6277850005e+03
2.8500000000e+02		-1.6277850467e+03
2.8600000000e+02		-1.6277850931e+03
2.8700000000e+02		-1.6277851396e+03
2.8800000000e+02		-1.6277851863e+03
2.8900000000e+02		-1.6277852331e+03
2.9000000000e+02		-1.6277852800e+03
2.9100000000e+02		-1.6277853270e+03
2.9200000000e+02		-1.6277853742e+03
2.9300000000e+02		-1.6277854215e+03
2.9400000000e+02		-1.6277854689e+03
2.9500000000e+02		-1.6277855164e+03
2.9600000000e+02		-1.6277855641e+03
2.9700000000e+02		-1.6277856118e+03
2.9800000000e+02		-1.6277856597e+03
2.9900000000e+02		-1.6277857077e+03
3.0000000000e+02		-1.6277857559e+03
3.0100000000e+02		-1.6277858041e+03
3.0200000000e+02		-1.6277858525e+03
3.0300000000e+02		-1.6277859010e+03
3.0400000000e+02		-1.6277859496e+03
3.0500000000e+02		-1.6277859984e+03
3.0600000000e+02		-1.6277860472e+03
3.0700000000e+02		-1.6277860962e+03
3.0800000000e+02		-1.6277861453e+03
3.0900000000e+02		-1.6277861945e+03
3.1000000000e+02		-1.6277862438e+03
3.1100000000e+02		-1.6277862933e+03
3.1200000000e+02		-1.6277863428e+03
3.1300000000e+02		-1.6277863925e+03
3.1400000000e+02		-1.6277864423e+03
3.1500000000e+02		-1.6277864922e+03
3.1600000000e+02		-1.6277865423e+03
3.1700000000e+02		-1.6277865924e+03
3.1800000000e+02		-1.6277866426e+03
3.1900000000e+02		-1.6277866930e+03
3.2000000000e+02		-1.6277867435e+03
3.2100000000e+02		-1.6277867941e+03
3.2200000000e+02		-1.6277868448e+03
3.2300000000e+02		-1.6277868957e+03
3.2400000000e+02		-1.6277869466e+03
3.2500000000e+02		-1.6277869977e+03
3.2600000000e+02		-1.6277870489e+03
3.2700000000e+02		-1.6277871002e+03
3.2800000000e+02		-1.6277871515e+03
3.2900000000e+02		-1.6277872031e+03
3.3000000000e+02		-1.6277872546e+03
3.3100000000e+02		-1.6277873064e+03
3.3200000000e+02		-1.6277873582e+03
3.3300000000e+02		-1.6277874102e+03
3.3400000000e+02		-1.6277874622e+03
3.3500000000e+02		-1.6277875144e+03
3.3600000000e+02		-1.6277875667e+03
3.3700000000e+02		-1.6277876190e+03
3.3800000000e+02		-1.6277876716e+03
3.3900000000e+02		-1.6277877242e+03
3.4000000000e+02		-1.6277877769e+03
3.4100000000e+02		-1.6277878297e+03
3.4200000000e+02		-1.6277878827e+03
3.4300000000e+02		-1.6277879357e+03
3.4400000000e+02		-1.6277879889e+03
3.4500000000e+02		-1.6277880421e+03
3.4600000000e+02		-1.6277880955e+03
3.4700000000e+02		-1.6277881489e+03
3.4800000000e+02		-1.6277882025e+03
3.4900000000e+02		-1.6277882562e+03
3.5000000000e+02		-1.6277883100e+03
3.5100000000e+02		-1.6277883639e+03
3.5200000000e+02		-1.6277884179e+03
3.5300000000e+02		-1.6277884720e+03
3.5400000000e+02		-1.6277885262e+03
3.5500000000e+02		-1.6277885805e+03
3.5600000000e+02		-1.6277886349e+03
3.5700000000e+02		-1.6277886894e+03
3.5800000000e+02		-1.6277887440e+03
3.5900000000e+02		-1.6277887987e+03
3.6000000000e+02		-1.6277888536e+03
3.6100000000e+02		-1.6277889085e+03
3.6200000000e+02		-1.6277889635e+03
3.6300000000e+02		-1.6277890187e+03
3.6400000000e+02		-1.6277890739e+03
3.6500000000e+02		-1.6277891293e+03
3.6600000000e+02		-1.6277891847e+03
3.6700000000e+02		-1.6277892403e+03
3.6800000000e+02		-1.6277892959e+03
3.6900000000e+02		-1.6277893516e+03
3.7000000000e+02		-1.6277894075e+03
3.7100000000e+02		-1.6277894634e+03
3.7200000000e+02		-1.6277895195e+03
3.7300000000e+02		-1.6277895756e+03
3.7400000000e+02		-1.6277896319e+03
3.7500000000e+02		-1.6277896882e+03
3.7600000000e+02		-1.6277897446e+03
3.7700000000e+02		-1.6277898011e+03
3.7800000000e+02		-1.6277898578e+03
3.7900000000e+02		-1.6277899145e+03
3.8000000000e+02		-1.6277899714e+03
3.8100000000e+02		-1.6277900283e+03
3.8200000000e+02		-1.6277900853e+03
3.8300000000e+02		-1.6277901425e+03
3.8400000000e+02		-1.6277901997e+03
3.8500000000e+02		-1.6277902570e+03
3.8600000000e+02		-1.6277903144e+03
3.8700000000e+02		-1.6277903719e+03
3.8800000000e+02		-1.6277904296e+03
3.8900000000e+02		-1.6277904873e+03
3.9000000000e+02		-1.6277905451e+03
3.9100000000e+02		-1.6277906030e+03
3.9200000000e+02		-1.6277906609e+03
3.9300000000e+02		-1.6277907190e+03
3.9400000000e+02		-1.6277907772e+03
3.9500000000e+02		-1.6277908355e+03
3.9600000000e+02		-1.6277908939e+03
3.9700000000e+02		-1.6277909523e+03
3.9800000000e+02		-1.6277910109e+03
3.9900000000e+02		-1.6277910696e+03
4.0000000000e+02		-1.6277911283e+03
4.0100000000e+02		-1.6277911871e+03
4.0200000000e+02		-1.6277912461e+03
4.0300000000e+02		-1.6277913051e+03
4.0400000000e+02		-1.6277913642e+03
4.0500000000e+02		-1.6277914234e+03
4.0600000000e+02		-1.6277914827e+03
4.0700000000e+02		-1.6277915422e+03
4.0800000000e+02		-1.6277916016e+03
4.0900000000e+02		-1.6277916612e+03
4.1000000000e+02		-1.6277917209e+03
4.1100000000e+02		-1.6277917807e+03
4.1200000000e+02		-1.6277918405e+03
4.1300000000e+02		-1.6277919005e+03
4.1400000000e+02		-1.6277919604e+03
4.1500000000e+02		-1.6277920206e+03
4.1600000000e+02		-1.6277920808e+03
4.1700000000e+02		-1.6277921411e+03
4.1800000000e+02		-1.6277922015e+03
4.1900000000e+02		-1.6277922620e+03
4.2000000000e+02		-1.6277923226e+03
4.2100000000e+02		-1.6277923832e+03
4.2200000000e+02		-1.6277924440e+03
4.2300000000e+02		-1.6277925048e+03
4.2400000000e+02		-1.6277925658e+03
4.2500000000e+02		-1.6277926267e+03
4.2600000000e+02		-1.6277926879e+03
4.2700000000e+02		-1.6277927490e+03
4.2800000000e+02		-1.6277928103e+03
4.2900000000e+02		-1.6277928717e+03
4.3000000000e+02		-1.6277929331e+03
4.3100000000e+02		-1.6277929947e+03
4.3200000000e+02		-1.6277930563e+03
4.3300000000e+02		-1.6277931181e+03
4.3400000000e+02		-1.6277931799e+03
4.3500000000e+02		-1.6277932418e+03
4.3600000000e+02		-1.6277933037e+03
4.3700000000e+02		-1.6277933658e+03
4.3800000000e+02		-1.6277934280e+03
4.3900000000e+02		-1.6277934902e+03
4.4000000000e+02		-1.6277935525e+03
4.4100000000e+02		-1.6277936149e+03
4.4200000000e+02		-1.6277936774e+03
4.4300000000e+02		-1.6277937400e+03
4.4400000000e+02		-1.6277938026e+03
4.4500000000e+02		-1.6277938654e+03
4.4600000000e+02		-1.6277939282e+03
4.4700000000e+02		-1.6277939911e+03
4.4800000000e+02		-1.6277940541e+03
4.4900000000e+02		-1.6277941172e+03
4.5000000000e+02		-1.6277941804e+03
4.5100000000e+02		-1.6277942436e+03
4.5200000000e+02		-1.6277943069e+03
4.5300000000e+02		-1.6277943704e+03
4.5400000000e+02		-1.6277944339e+03
4.5500000000e+02		-1.6277944975e+03
4.5600000000e+02		-1.6277945611e+03
4.5700000000e+02		-1.6277946249e+03
4.5800000000e+02		-1.6277946887e+03
4.5900000000e+02		-1.6277947526e+03
4.6000000000e+02		-1.6277948166e+03
4.6100000000e+02		-1.6277948807e+03
4.6200000000e+02		-1.6277949448e+03
4.6300000000e+02		-1.6277950091e+03
4.6400000000e+02		-1.6277950734e+03
4.6500000000e+02		-1.6277951378e+03
4.6600000000e+02		-1.6277952023e+03
4.6700000000e+02		-1.6277952669e+03
4.6800000000e+02		-1.6277953315e+03
4.6900000000e+02		-1.6277953963e+03
4.7000000000e+02		-1.6277954610e+03
4.7100000000e+02		-1.6277955259e+03
4.7200000000e+02		-1.6277955909e+03
4.7300000000e+02		-1.6277956559e+03
4.7400000000e+02		-1.6277957211e+03
4.7500000000e+02		-1.6277957863e+03
4.7600000000e+02		-1.6277958516e+03
4.7700000000e+02		-1.6277959170e+03
4.7800000000e+02		-1.6277959824e+03
4.7900000000e+02		-1.6277960479e+03
4.8000000000e+02		-1.6277961135e+03
4.8100000000e+02		-1.6277961792e+03
4.8200000000e+02		-1.6277962450e+03
4.8300000000e+02		-1.6277963108e+03
4.8400000000e+02		-1.6277963767e+03
4.8500000000e+02		-1.6277964428e+03
4.8600000000e+02		-1.6277965088e+03
4.8700000000e+02		-1.6277965750e+03
4.8800000000e+02		-1.6277966412e+03
4.8900000000e+02		-1.6277967075e+03
4.9000000000e+02		-1.6277967739e+03
4.9100000000e+02		-1.6277968403e+03
4.9200000000e+02		-1.6277969069e+03
4.9300000000e+02		-1.6277969735e+03
4.9400000000e+02		-1.6277970402e+03
4.9500000000e+02		-1.6277971069e+03
4.9600000000e+02		-1.6277971738e+03
4.9700000000e+02		-1.6277972407e+03
4.9800000000e+02		-1.6277973077e+03
4.9900000000e+02		-1.6277973748e+03
5.0000000000e+02		-1.6277974420e+03
5.0100000000e+02		-1.6277975091e+03
5.0200000000e+02		-1.6277975765e+03
5.0300000000e+02		-1.6277976439e+03
5.0400000000e+02		-1.6277977113e+03
5.0500000000e+02		-1.6277977788e+03
5.0600000000e+02		-1.6277978464e+03
5.0700000000e+02		-1.6277979141e+03
5.0800000000e+02		-1.6277979819e+03
5.0900000000e+02		-1.6277980497e+03
5.1000000000e+02		-1.6277981176e+03
5.1100000000e+02		-1.6277981855e+03
5.1200000000e+02		-1.6277982537e+03
5.1300000000e+02		-1.6277983217e+03
5.1400000000e+02		-1.6277983899e+03
5.1500000000e+02		-1.6277984582e+03
5.1600000000e+02		-1.6277985266e+03
5.1700000000e+02		-1.6277985949e+03
5.1800000000e+02		-1.6277986635e+03
5.1900000000e+02		-1.6277987320e+03
5.2000000000e+02		-1.6277988007e+03
5.2100000000e+02		-1.6277988694e+03
5.2200000000e+02		-1.6277989382e+03
5.2300000000e+02		-1.6277990071e+03
5.2400000000e+02		-1.6277990759e+03
5.2500000000e+02		-1.6277991450e+03
5.2600000000e+02		-1.6277992140e+03
5.2700000000e+02		-1.6277992832e+03
5.2800000000e+02		-1.6277993524e+03
5.2900000000e+02		-1.6277994217e+03
5.3000000000e+02		-1.6277994911e+03
5.3100000000e+02		-1.6277995605e+03
5.3200000000e+02		-1.6277996300e+03
5.3300000000e+02		-1.6277996995e+03
5.3400000000e+02		-1.6277997692e+03
5.3500000000e+02		-1.6277998389e+03
5.3600000000e+02		-1.6277999087e+03
5.3700000000e+02		-1.6277999786e+03
5.3800000000e+02		-1.6278000486e+03
5.3900000000e+02		-1.6278001186e+03
5.4000000000e+02		-1.6278001887e+03
5.4100000000e+02		-1.6278002587e+03
5.4200000000e+02		-1.6278003290e+03
5.4300000000e+02		-1.6278003993e+03
5.4400000000e+02		-1.6278004696e+03
5.4500000000e+02		-1.6278005401e+03
5.4600000000e+02		-1.6278006105e+03
5.4700000000e+02		-1.6278006811e+03
5.4800000000e+02		-1.6278007517e+03
5.4900000000e+02		-1.6278008224e+03
5.5000000000e+02		-1.6278008932e+03
5.5100000000e+02		-1.6278009641e+03
5.5200000000e+02		-1.6278010350e+03
5.5300000000e+02		-1.6278011059e+03
5.5400000000e+02		-1.6278011770e+03
5.5500000000e+02		-1.6278012481e+03
5.5600000000e+02		-1.6278013193e+03
5.5700000000e+02		-1.6278013906e+03
5.5800000000e+02		-1.6278014619e+03
5.5900000000e+02		-1.6278015333e+03
5.6000000000e+02		-1.6278016047e+03
5.6100000000e+02		-1.6278016763e+03
5.6200000000e+02		-1.6278017479e+03
5.6300000000e+02		-1.6278018195e+03
5.6400000000e+02		-1.6278018913e+03
5.6500000000e+02		-1.6278019631e+03
5.6600000000e+02		-1.6278020349e+03
5.6700000000e+02		-1.6278021069e+03
5.6800000000e+02		-1.6278021789e+03
5.6900000000e+02		-1.6278022510e+03
5.7000000000e+02		-1.6278023231e+03
5.7100000000e+02		-1.6278023953e+03
5.7200000000e+02		-1.6278024675e+03
5.7300000000e+02		-1.6278025399e+03
5.7400000000e+02		-1.6278026123e+03
5.7500000000e+02		-1.6278026848e+03
5.7600000000e+02		-1.6278027574e+03
5.7700000000e+02		-1.6278028300e+03
5.7800000000e+02		-1.6278029026e+03
5.7900000000e+02		-1.6278029754e+03
5.8000000000e+02		-1.6278030481e+03
5.8100000000e+02		-1.6278031210e+03
5.8200000000e+02		-1.6278031940e+03
5.8300000000e+02		-1.6278032669e+03
5.8400000000e+02		-1.6278033400e+03
5.8500000000e+02		-1.6278034131e+03
5.8600000000e+02		-1.6278034864e+03
5.8700000000e+02		-1.6278035596e+03
5.8800000000e+02		-1.6278036329e+03
5.8900000000e+02		-1.6278037063e+03
5.9000000000e+02		-1.6278037798e+03
5.9100000000e+02		-1.6278038533e+03
5.9200000000e+02		-1.6278039269e+03
5.9300000000e+02		-1.6278040005e+03
5.9400000000e+02		-1.6278040742e+03
5.9500000000e+02		-1.6278041480e+03
5.9600000000e+02		-1.6278042219e+03
5.9700000000e+02		-1.6278042958e+03
5.9800000000e+02		-1.6278043697e+03
5.9900000000e+02		-1.6278044438e+03
6.0000000000e+02		-1.6278045178e+03
6.0100000000e+02		-1.6278045920e+03
6.0200000000e+02		-1.6278046663e+03
6.0300000000e+02		-1.6278047405e+03
6.0400000000e+02		-1.6278048150e+03
6.0500000000e+02		-1.6278048893e+03
6.0600000000e+02		-1.6278049638e+03
6.0700000000e+02		-1.6278050384e+03
6.0800000000e+02		-1.6278051129e+03
6.0900000000e+02		-1.6278051876e+03
6.1000000000e+02		-1.6278052624e+03
6.1100000000e+02		-1.6278053372e+03
6.1200000000e+02		-1.6278054120e+03
6.1300000000e+02		-1.6278054870e+03
6.1400000000e+02		-1.6278055619e+03
6.1500000000e+02		-1.6278056369e+03
6.1600000000e+02		-1.6278057121e+03
6.1700000000e+02		-1.6278057873e+03
6.1800000000e+02		-1.6278058625e+03
6.1900000000e+02		-1.6278059378e+03
6.2000000000e+02		-1.6278060131e+03
6.2100000000e+02		-1.6278060886e+03
6.2200000000e+02		-1.6278061640e+03
6.2300000000e+02		-1.6278062396e+03
6.2400000000e+02		-1.6278063152e+03
6.2500000000e+02		-1.6278063908e+03
6.2600000000e+02		-1.6278064666e+03
6.2700000000e+02		-1.6278065424e+03
6.2800000000e+02		-1.6278066182e+03
6.2900000000e+02		-1.6278066942e+03
6.3000000000e+02		-1.6278067701e+03
6.3100000000e+02		-1.6278068461e+03
6.3200000000e+02		-1.6278069222e+03
6.3300000000e+02		-1.6278069984e+03
6.3400000000e+02		-1.6278070746e+03
6.3500000000e+02		-1.6278071508e+03
6.3600000000e+02		-1.6278072272e+03
6.3700000000e+02		-1.6278073036e+03
6.3800000000e+02		-1.6278073800e+03
6.3900000000e+02		-1.6278074566e+03
6.4000000000e+02		-1.6278075331e+03
6.4100000000e+02		-1.6278076098e+03
6.4200000000e+02		-1.6278076865e+03
6.4300000000e+02		-1.6278077632e+03
6.4400000000e+02		-1.6278078400e+03
6.4500000000e+02		-1.6278079169e+03
6.4600000000e+02		-1.6278079938e+03
6.4700000000e+02		-1.6278080708e+03
6.4800000000e+02		-1.6278081479e+03
6.4900000000e+02		-1.6278082250e+03
6.5000000000e+02		-1.6278083022e+03
6.5100000000e+02		-1.6278083794e+03
6.5200000000e+02		-1.6278084567e+03
6.5300000000e+02		-1.6278085340e+03
6.5400000000e+02		-1.6278086114e+03
6.5500000000e+02		-1.6278086889e+03
6.5600000000e+02		-1.6278087664e+03
6.5700000000e+02		-1.6278088440e+03
6.5800000000e+02		-1.6278089217e+03
6.5900000000e+02		-1.6278089993e+03
6.6000000000e+02		-1.6278090771e+03
6.6100000000e+02		-1.6278091549e+03
6.6200000000e+02		-1.6278092328e+03
6.6300000000e+02		-1.6278093108e+03
6.6400000000e+02		-1.6278093887e+03
6.6500000000e+02		-1.6278094667e+03
6.6600000000e+02		-1.6278095449e+03
6.6700000000e+02		-1.6278096231e+03
6.6800000000e+02		-1.6278097013e+03
6.6900000000e+02		-1.6278097796e+03
6.7000000000e+02		-1.6278098579e+03
6.7100000000e+02		-1.6278099362e+03
6.7200000000e+02		-1.6278100147e+03
6.7300000000e+02		-1.6278100933e+03
6.7400000000e+02		-1.6278101718e+03
6.7500000000e+02		-1.6278102504e+03
6.7600000000e+02		-1.6278103291e+03
6.7700000000e+02		-1.6278104079e+03
6.7800000000e+02		-1.6278104867e+03
6.7900000000e+02		-1.6278105655e+03
6.8000000000e+02		-1.6278106444e+03
6.8100000000e+02		-1.6278107234e+03
6.8200000000e+02		-1.6278108024e+03
6.8300000000e+02		-1.6278108814e+03
6.8400000000e+02		-1.6278109607e+03
6.8500000000e+02		-1.6278110398e+03
6.8600000000e+02		-1.6278111190e+03
6.8700000000e+02		-1.6278111983e+03
6.8800000000e+02		-1.6278112778e+03
6.8900000000e+02		-1.6278113572e+03
6.9000000000e+02		-1.6278114366e+03
6.9100000000e+02		-1.6278115161e+03
6.9200000000e+02		-1.6278115957e+03
6.9300000000e+02		-1.6278116754e+03
6.9400000000e+02		-1.6278117550e+03
6.9500000000e+02		-1.6278118347e+03
6.9600000000e+02		-1.6278119146e+03
6.9700000000e+02		-1.6278119945e+03
6.9800000000e+02		-1.6278120744e+03
6.9900000000e+02		-1.6278121543e+03
7.0000000000e+02		-1.6278122343e+03
7.0100000000e+02		-1.6278123145e+03
7.0200000000e+02		-1.6278123946e+03
7.0300000000e+02		-1.6278124748e+03
7.0400000000e+02		-1.6278125551e+03
7.0500000000e+02		-1.6278126353e+03
7.0600000000e+02		-1.6278127157e+03
7.0700000000e+02		-1.6278127961e+03
7.0800000000e+02		-1.6278128766e+03
7.0900000000e+02		-1.6278129571e+03
7.1000000000e+02		-1.6278130376e+03
7.1100000000e+02		-1.6278131183e+03
7.1200000000e+02		-1.6278131990e+03
7.1300000000e+02		-1.6278132797e+03
7.1400000000e+02		-1.6278133605e+03
7.1500000000e+02		-1.6278134413e+03
7.1600000000e+02		-1.6278135222e+03
7.1700000000e+02		-1.6278136032e+03
7.1800000000e+02		-1.6278136842e+03
7.1900000000e+02		-1.6278137652e+03
7.2000000000e+02		-1.6278138464e+03
7.2100000000e+02		-1.6278139275e+03
7.2200000000e+02		-1.6278140087e+03
7.2300000000e+02		-1.6278140900e+03
7.2400000000e+02		-1.6278141713e+03
7.2500000000e+02		-1.6278142527e+03
7.2600000000e+02		-1.6278143341e+03
7.2700000000e+02		-1.6278144157e+03
7.2800000000e+02		-1.6278144972e+03
7.2900000000e+02		-1.6278145788e+03
7.3000000000e+02		-1.6278146605e+03
7.3100000000e+02		-1.6278147421e+03
7.3200000000e+02		-1.6278148238e+03
7.3300000000e+02		-1.6278149057e+03
7.3400000000e+02		-1.6278149876e+03
7.3500000000e+02		-1.6278150695e+03
7.3600000000e+02		-1.6278151514e+03
7.3700000000e+02		-1.6278152335e+03
7.3800000000e+02		-1.6278153155e+03
7.3900000000e+02		-1.6278153976e+03
7.4000000000e+02		-1.6278154798e+03
7.4100000000e+02		-1.6278155621e+03
7.4200000000e+02		-1.6278156443e+03
7.4300000000e+02		-1.6278157267e+03
7.4400000000e+02		-1.6278158091e+03
7.4500000000e+02		-1.6278158915e+03
7.4600000000e+02		-1.6278159740e+03
7.4700000000e+02		-1.6278160565e+03
7.4800000000e+02		-1.6278161391e+03
7.4900000000e+02		-1.6278162218e+03
7.5000000000e+02		-1.6278163044e+03
7.5100000000e+02		-1.6278163872e+03
7.5200000000e+02		-1.6278164700e+03
7.5300000000e+02		-1.6278165528e+03
7.5400000000e+02		-1.6278166357e+03
7.5500000000e+02		-1.6278167186e+03
7.5600000000e+02		-1.6278168017e+03
7.5700000000e+02		-1.6278168846e+03
7.5800000000e+02		-1.6278169678e+03
7.5900000000e+02		-1.6278170510e+03
7.6000000000e+02		-1.6278171342e+03
7.6100000000e+02		-1.6278172174e+03
7.6200000000e+02		-1.6278173008e+03
7.6300000000e+02		-1.6278173841e+03
7.6400000000e+02		-1.6278174675e+03
7.6500000000e+02		-1.6278175510e+03
7.6600000000e+02		-1.6278176345e+03
7.6700000000e+02		-1.6278177180e+03
7.6800000000e+02		-1.6278178017e+03
7.6900000000e+02		-1.6278178853e+03
7.7000000000e+02		-1.6278179690e+03
7.7100000000e+02		-1.6278180528e+03
7.7200000000e+02		-1.6278181366e+03
7.7300000000e+02		-1.6278182204e+03
7.7400000000e+02		-1.6278183043e+03
7.7500000000e+02		-1.6278183883e+03
7.7600000000e+02		-1.6278184724e+03
7.7700000000e+02		-1.6278185564e+03
7.7800000000e+02		-1.6278186406e+03
7.7900000000e+02		-1.6278187247e+03
7.8000000000e+02		-1.6278188089e+03
7.8100000000e+02		-1.6278188932e+03
7.8200000000e+02		-1.6278189775e+03
7.8300000000e+02		-1.6278190619e+03
7.8400000000e+02		-1.6278191462e+03
7.8500000000e+02		-1.6278192308e+03
7.8600000000e+02		-1.6278193152e+03
7.8700000000e+02		-1.6278193998e+03
7.8800000000e+02		-1.6278194844e+03
7.8900000000e+02		-1.6278195691e+03
7.9000000000e+02		-1.6278196537e+03
7.9100000000e+02		-1.6278197385e+03
7.9200000000e+02		-1.6278198233e+03
7.9300000000e+02		-1.6278199082e+03
7.9400000000e+02		-1.6278199931e+03
7.9500000000e+02		-1.6278200780e+03
7.9600000000e+02		-1.6278201630e+03
7.9700000000e+02		-1.6278202481e+03
7.9800000000e+02		-1.6278203332e+03
7.9900000000e+02		-1.6278204183e+03
8.0000000000e+02		-1.6278205035e+03
8.0100000000e+02		-1.6278205888e+03
8.0200000000e+02		-1.6278206741e+03
8.0300000000e+02		-1.6278207594e+03
8.0400000000e+02		-1.6278208448e+03
8.0500000000e+02		-1.6278209302e+03
8.0600000000e+02		-1.6278210158e+03
8.0700000000e+02		-1.6278211013e+03
8.0800000000e+02		-1.6278211868e+03
8.0900000000e+02		-1.6278212725e+03
8.1000000000e+02		-1.6278213582e+03
8.1100000000e+02		-1.6278214439e+03
8.1200000000e+02		-1.6278215296e+03
8.1300000000e+02		-1.6278216155e+03
8.1400000000e+02		-1.6278217013e+03
8.1500000000e+02		-1.6278217872e+03
8.1600000000e+02		-1.6278218732e+03
8.1700000000e+02		-1.6278219592e+03
8.1800000000e+02		-1.6278220453e+03
8.1900000000e+02		-1.6278221314e+03
8.2000000000e+02		-1.6278222175e+03
8.2100000000e+02		-1.6278223038e+03
8.2200000000e+02		-1.6278223900e+03
8.2300000000e+02		-1.6278224763e+03
8.2400000000e+02		-1.6278225627e+03
8.2500000000e+02		-1.6278226490e+03
8.2600000000e+02		-1.6278227355e+03
8.2700000000e+02		-1.6278228219e+03
8.2800000000e+02		-1.6278229085e+03
8.2900000000e+02		-1.6278229950e+03
8.3000000000e+02		-1.6278230817e+03
8.3100000000e+02		-1.6278231683e+03
8.3200000000e+02		-1.6278232551e+03
8.3300000000e+02		-1.6278233418e+03
8.3400000000e+02		-1.6278234287e+03
8.3500000000e+02		-1.6278235155e+03
8.3600000000e+02		-1.6278236025e+03
8.3700000000e+02		-1.6278236893e+03
8.3800000000e+02		-1.6278237763e+03
8.3900000000e+02		-1.6278238634e+03
8.4000000000e+02		-1.6278239505e+03
8.4100000000e+02		-1.6278240377e+03
8.4200000000e+02		-1.6278241249e+03
8.4300000000e+02		-1.6278242121e+03
8.4400000000e+02		-1.6278242994e+03
8.4500000000e+02		-1.6278243867e+03
8.4600000000e+02		-1.6278244740e+03
8.4700000000e+02		-1.6278245615e+03
8.4800000000e+02		-1.6278246489e+03
8.4900000000e+02		-1.6278247364e+03
8.5000000000e+02		-1.6278248240e+03
8.5100000000e+02		-1.6278249116e+03
8.5200000000e+02		-1.6278249992e+03
8.5300000000e+02		-1.6278250870e+03
8.5400000000e+02		-1.6278251747e+03
8.5500000000e+02		-1.6278252624e+03
8.5600000000e+02		-1.6278253502e+03
8.5700000000e+02		-1.6278254381e+03
8.5800000000e+02		-1.6278255261e+03
8.5900000000e+02		-1.6278256140e+03
8.6000000000e+02		-1.6278257021e+03
8.6100000000e+02		-1.6278257901e+03
8.6200000000e+02		-1.6278258782e+03
8.6300000000e+02		-1.6278259664e+03
8.6400000000e+02		-1.6278260545e+03
8.6500000000e+02		-1.6278261428e+03
8.6600000000e+02		-1.6278262310e+03
8.6700000000e+02		-1.6278263194e+03
8.6800000000e+02		-1.6278264077e+03
8.6900000000e+02		-1.6278264962e+03
8.7000000000e+02		-1.6278265846e+03
8.7100000000e+02		-1.6278266731e+03
8.7200000000e+02		-1.6278267617e+03
8.7300000000e+02		-1.6278268503e+03
8.7400000000e+02		-1.6278269389e+03
8.7500000000e+02		-1.6278270276e+03
8.7600000000e+02		-1.6278271164e+03
8.7700000000e+02		-1.6278272051e+03
8.7800000000e+02		-1.6278272940e+03
8.7900000000e+02		-1.6278273828e+03
8.8000000000e+02		-1.6278274717e+03
8.8100000000e+02		-1.6278275606e+03
8.8200000000e+02		-1.6278276496e+03
8.8300000000e+02		-1.6278277387e+03
8.8400000000e+02		-1.6278278277e+03
8.8500000000e+02		-1.6278279168e+03
8.8600000000e+02		-1.6278280061e+03
8.8700000000e+02		-1.6278280952e+03
8.8800000000e+02		-1.6278281845e+03
8.8900000000e+02		-1.6278282738e+03
8.9000000000e+02		-1.6278283631e+03
8.9100000000e+02		-1.6278284526e+03
8.9200000000e+02		-1.6278285419e+03
8.9300000000e+02		-1.6278286314e+03
8.9400000000e+02		-1.6278287209e+03
8.9500000000e+02		-1.6278288105e+03
8.9600000000e+02		-1.6278289001e+03
8.9700000000e+02		-1.6278289898e+03
8.9800000000e+02		-1.6278290795e+03
8.9900000000e+02		-1.6278291692e+03
9.0000000000e+02		-1.6278292590e+03
9.0100000000e+02		-1.6278293488e+03
9.0200000000e+02		-1.6278294387e+03
9.0300000000e+02		-1.6278295286e+03
9.0400000000e+02		-1.6278296186e+03
9.0500000000e+02		-1.6278297086e+03
9.0600000000e+02		-1.6278297986e+03
9.0700000000e+02		-1.6278298888e+03
9.0800000000e+02		-1.6278299789e+03
9.0900000000e+02		-1.6278300689e+03
9.1000000000e+02		-1.6278301592e+03
9.1100000000e+02		-1.6278302494e+03
9.1200000000e+02		-1.6278303398e+03
9.1300000000e+02		-1.6278304302e+03
9.1400000000e+02		-1.6278305205e+03
9.1500000000e+02		-1.6278306109e+03
9.1600000000e+02		-1.6278307014e+03
9.1700000000e+02		-1.6278307919e+03
9.1800000000e+02		-1.6278308825e+03
9.1900000000e+02		-1.6278309731e+03
9.2000000000e+02		-1.6278310638e+03
9.2100000000e+02		-1.6278311544e+03
9.2200000000e+02		-1.6278312452e+03
9.2300000000e+02		-1.6278313358e+03
9.2400000000e+02		-1.6278314268e+03
9.2500000000e+02		-1.6278315176e+03
9.2600000000e+02		-1.6278316084e+03
9.2700000000e+02		-1.6278316994e+03
9.2800000000e+02		-1.6278317903e+03
9.2900000000e+02		-1.6278318814e+03
9.3000000000e+02		-1.6278319724e+03
9.3100000000e+02		-1.6278320635e+03
9.3200000000e+02		-1.6278321547e+03
9.3300000000e+02		-1.6278322459e+03
9.3400000000e+02		-1.6278323371e+03
9.3500000000e+02		-1.6278324283e+03
9.3600000000e+02		-1.6278325198e+03
9.3700000000e+02		-1.6278326111e+03
9.3800000000e+02		-1.6278327024e+03
9.3900000000e+02		-1.6278327939e+03
9.4000000000e+02		-1.6278328854e+03
9.4100000000e+02		-1.6278329769e+03
9.4200000000e+02		-1.6278330686e+03
9.4300000000e+02		-1.6278331601e+03
9.4400000000e+02		-1.6278332517e+03
9.4500000000e+02		-1.6278333434e+03
9.4600000000e+02		-1.6278334352e+03
9.4700000000e+02		-1.6278335269e+03
9.4800000000e+02		-1.6278336187e+03
9.4900000000e+02		-1.6278337106e+03
9.5000000000e+02		-1.6278338025e+03
9.5100000000e+02		-1.6278338944e+03
9.5200000000e+02		-1.6278339864e+03
9.5300000000e+02		-1.6278340785e+03
9.5400000000e+02		-1.6278341705e+03
9.5500000000e+02		-1.6278342626e+03
9.5600000000e+02		-1.6278343548e+03
9.5700000000e+02		-1.6278344469e+03
9.5800000000e+02		-1.6278345392e+03
9.5900000000e+02		-1.6278346314e+03
9.6000000000e+02		-1.6278347237e+03
9.6100000000e+02		-1.6278348161e+03
9.6200000000e+02		-1.6278349085e+03
9.6300000000e+02		-1.6278350009e+03
9.6400000000e+02		-1.6278350934e+03
9.6500000000e+02		-1.6278351859e+03
9.6600000000e+02		-1.6278352785e+03
9.6700000000e+02		-1.6278353710e+03
9.6800000000e+02		-1.6278354637e+03
9.6900000000e+02		-1.6278355564e+03
9.7000000000e+02		-1.6278356490e+03
9.7100000000e+02		-1.6278357418e+03
9.7200000000e+02		-1.6278358346e+03
9.7300000000e+02		-1.6278359274e+03
9.7400000000e+02		-1.6278360203e+03
9.7500000000e+02		-1.6278361132e+03
9.7600000000e+02		-1.6278362062e+03
9.7700000000e+02		-1.6278362992e+03
9.7800000000e+02		-1.6278363922e+03
9.7900000000e+02		-1.6278364853e+03
9.8000000000e+02		-1.6278365784e+03
9.8100000000e+02		-1.6278366715e+03
9.8200000000e+02		-1.6278367647e+03
9.8300000000e+02		-1.6278368580e+03
9.8400000000e+02		-1.6278369512e+03
9.8500000000e+02		-1.6278370446e+03
9.8600000000e+02		-1.6278371380e+03
9.8700000000e+02		-1.6278372313e+03
9.8800000000e+02		-1.6278373248e+03
9.8900000000e+02		-1.6278374182e+03
9.9000000000e+02		-1.6278375117e+03
9.9100000000e+02		-1.6278376052e+03
9.9200000000e+02		-1.6278376989e+03
9.9300000000e+02		-1.6278377926e+03
9.9400000000e+02		-1.6278378862e+03
9.9500000000e+02		-1.6278379799e+03
9.9600000000e+02		-1.6278380736e+03
9.9700000000e+02		-1.6278381674e+03
9.9800000000e+02		-1.6278382613e+03
9.9900000000e+02		-1.6278383551e+03
