# total modes from dos = 5.9999789407e+00
# ZPE = 5.5975067195e-03 Ry/cell
# Multiply by 13.6058 to have energies in eV/cell etc..
# Multiply by 13.6058 x 23060.35 = 313 754.5 to have energies in cal/(N mol).
# Multiply by 13.6058 x 96526.0 = 1 313 313 to have energies in J/(N mol).
# N is the number of formula units per cell.
#
# T (K) 	Evib (Ry/cell)	Fvib (Ry/cell)	Svib (Ry/cell/K)	Cvib (Ry/cell/K)
1.0000000000e+00	5.5975067290e-03	5.5975066615e-03	6.7522769040e-11	2.7282562508e-11
2.0000000000e+00	5.5975068117e-03	5.5975065726e-03	1.1954961566e-10	1.6584766804e-10
3.0000000000e+00	5.5975071346e-03	5.5975063977e-03	2.4562761845e-10	5.2608880711e-10
4.0000000000e+00	5.5975079746e-03	5.5975060444e-03	4.8255062827e-10	1.2185104810e-09
5.0000000000e+00	5.5975097193e-03	5.5975053834e-03	8.6718932379e-10	2.3540700579e-09
6.0000000000e+00	5.5975128677e-03	5.5975042485e-03	1.4365392260e-09	4.0445187694e-09
7.0000000000e+00	5.5975180311e-03	5.5975024363e-03	2.2278202024e-09	6.4031732641e-09
8.0000000000e+00	5.5975259354e-03	5.5974997063e-03	3.2786355203e-09	9.5460384142e-09
9.0000000000e+00	5.5975374246e-03	5.5974957798e-03	4.6271944999e-09	1.3593388757e-08
1.0000000000e+01	5.5975534659e-03	5.5974903397e-03	6.3126205170e-09	1.8672115877e-08
1.1000000000e+01	5.5975751582e-03	5.5974830288e-03	8.3753948683e-09	2.4919451083e-08
1.2000000000e+01	5.5976037452e-03	5.5974734490e-03	1.0858018918e-08	3.2488837911e-08
1.3000000000e+01	5.5976406355e-03	5.5974611577e-03	1.3805983807e-08	4.1558396730e-08
1.4000000000e+01	5.5976874327e-03	5.5974456653e-03	1.7269094042e-08	5.2341554502e-08
1.5000000000e+01	5.5977459759e-03	5.5974264293e-03	2.1303104559e-08	6.5098422997e-08
1.6000000000e+01	5.5978183923e-03	5.5974028478e-03	2.5971535449e-08	8.0145919688e-08
1.7000000000e+01	5.5979071574e-03	5.5973742505e-03	3.1347462782e-08	9.7864680608e-08
1.8000000000e+01	5.5980151603e-03	5.5973398891e-03	3.7515067863e-08	1.1870140650e-07
1.9000000000e+01	5.5981457689e-03	5.5972989245e-03	4.4570758212e-08	1.4316612097e-07
2.0000000000e+01	5.5983028900e-03	5.5972504153e-03	5.2623734910e-08	1.7182461824e-07
2.1000000000e+01	5.5984910191e-03	5.5971933041e-03	6.1795952598e-08	2.0528696336e-07
2.2000000000e+01	5.5987152784e-03	5.5971264057e-03	7.2221484537e-08	2.4419322567e-07
2.3000000000e+01	5.5989814383e-03	5.5970483951e-03	8.4045356273e-08	2.8919770338e-07
2.4000000000e+01	5.5992959242e-03	5.5969577975e-03	9.7421944604e-08	3.4095280176e-07
2.5000000000e+01	5.5996658062e-03	5.5968529798e-03	1.1251305460e-07	4.0009353056e-07
2.6000000000e+01	5.6000987748e-03	5.5967321442e-03	1.2948578981e-07	4.6722334864e-07
2.7000000000e+01	5.6006031030e-03	5.5965933243e-03	1.4851032331e-07	5.4290184745e-07
2.8000000000e+01	5.6011875972e-03	5.5964343826e-03	1.6975766388e-07	6.2763455393e-07
2.9000000000e+01	5.6018615388e-03	5.5962530114e-03	1.9339749502e-07	7.2186496060e-07
3.0000000000e+01	5.6026346191e-03	5.5960467347e-03	2.1959614751e-07	8.2596875721e-07
3.1000000000e+01	5.6035168696e-03	5.5958129124e-03	2.4851474959e-07	9.4025014256e-07
3.2000000000e+01	5.6045185897e-03	5.5955487470e-03	2.8030758431e-07	1.0649400316e-06
3.3000000000e+01	5.6056502725e-03	5.5952512904e-03	3.1512067069e-07	1.2001959358e-06
3.4000000000e+01	5.6069225328e-03	5.5949174533e-03	3.5309057509e-07	1.3461032763e-06
3.5000000000e+01	5.6083460356e-03	5.5945440148e-03	3.9434345076e-07	1.5026778889e-06
3.6000000000e+01	5.6099314283e-03	5.5941276336e-03	4.3899429731e-07	1.6698694875e-06
3.7000000000e+01	5.6116892768e-03	5.5936648590e-03	4.8714642713e-07	1.8475658668e-06
3.8000000000e+01	5.6136300057e-03	5.5931521431e-03	5.3889112266e-07	2.0355976467e-06
3.9000000000e+01	5.6157638439e-03	5.5925858527e-03	5.9430746665e-07	2.2337433830e-06
4.0000000000e+01	5.6181007749e-03	5.5919622818e-03	6.5346232624e-07	2.4417348902e-06
4.1000000000e+01	5.6206504928e-03	5.5912776635e-03	7.1641047175e-07	2.6592626452e-06
4.2000000000e+01	5.6234223641e-03	5.5905281820e-03	7.8319481125e-07	2.8859811648e-06
4.3000000000e+01	5.6264253936e-03	5.5897099846e-03	8.5384672294e-07	3.1215142660e-06
4.4000000000e+01	5.6296681971e-03	5.5888191925e-03	9.2838646820e-07	3.3654601387e-06
4.5000000000e+01	5.6331589775e-03	5.5878519123e-03	1.0068236696e-06	3.6173961776e-06
4.6000000000e+01	5.6369055067e-03	5.5868042461e-03	1.0891578397e-06	3.8768835298e-06
4.7000000000e+01	5.6409151114e-03	5.5856723009e-03	1.1753789473e-06	4.1434713342e-06
4.8000000000e+01	5.6451946632e-03	5.5844521988e-03	1.2654680101e-06	4.4167006317e-06
4.9000000000e+01	5.6497505721e-03	5.5831400846e-03	1.3593977032e-06	4.6961079395e-06
5.0000000000e+01	5.6545887835e-03	5.5817321347e-03	1.4571329754e-06	4.9812284879e-06
5.1000000000e+01	5.6597147790e-03	5.5802245641e-03	1.5586316649e-06	5.2715991242e-06
5.2000000000e+01	5.6651335787e-03	5.5786136331e-03	1.6638451084e-06	5.5667608917e-06
5.3000000000e+01	5.6708497469e-03	5.5768956538e-03	1.7727187387e-06	5.8662612992e-06
5.4000000000e+01	5.6768673994e-03	5.5750669955e-03	1.8851926657e-06	6.1696562939e-06
5.5000000000e+01	5.6831902129e-03	5.5731240898e-03	2.0012022380e-06	6.4765119566e-06
5.6000000000e+01	5.6898214360e-03	5.5710634354e-03	2.1206785821e-06	6.7864059372e-06
5.7000000000e+01	5.6967639009e-03	5.5688816013e-03	2.2435491167e-06	7.0989286500e-06
5.8000000000e+01	5.7040200374e-03	5.5665752310e-03	2.3697380418e-06	7.4136842483e-06
5.9000000000e+01	5.7115918864e-03	5.5641410452e-03	2.4991668003e-06	7.7302913974e-06
6.0000000000e+01	5.7194811151e-03	5.5615758444e-03	2.6317545127e-06	8.0483838649e-06
6.1000000000e+01	5.7276890322e-03	5.5588765108e-03	2.7674183837e-06	8.3676109468e-06
6.2000000000e+01	5.7362166034e-03	5.5560400103e-03	2.9060740823e-06	8.6876377465e-06
6.3000000000e+01	5.7450644677e-03	5.5530633938e-03	3.0476360941e-06	9.0081453237e-06
6.4000000000e+01	5.7542329532e-03	5.5499437981e-03	3.1920180473e-06	9.3288307277e-06
6.5000000000e+01	5.7637220926e-03	5.5466784467e-03	3.3391330140e-06	9.6494069308e-06
6.6000000000e+01	5.7735316400e-03	5.5432646502e-03	3.4888937857e-06	9.9696026737e-06
6.7000000000e+01	5.7836610857e-03	5.5396998063e-03	3.6412131261e-06	1.0289162237e-05
6.8000000000e+01	5.7941096721e-03	5.5359814001e-03	3.7960040006e-06	1.0607845149e-05
6.9000000000e+01	5.8048764085e-03	5.5321070033e-03	3.9531797847e-06	1.0925425837e-05
7.0000000000e+01	5.8159600859e-03	5.5280742742e-03	4.1126544522e-06	1.1241693242e-05
7.1000000000e+01	5.8273592914e-03	5.5238809566e-03	4.2743427440e-06	1.1556450386e-05
7.2000000000e+01	5.8390724220e-03	5.5195248790e-03	4.4381603192e-06	1.1869513923e-05
7.3000000000e+01	5.8510976978e-03	5.5150039539e-03	4.6040238889e-06	1.2180713660e-05
7.4000000000e+01	5.8634331754e-03	5.5103161766e-03	4.7718513348e-06	1.2489892066e-05
7.5000000000e+01	5.8760767596e-03	5.5054596236e-03	4.9415618132e-06	1.2796903768e-05
7.6000000000e+01	5.8890262160e-03	5.5004324518e-03	5.1130758444e-06	1.3101615044e-05
7.7000000000e+01	5.9022791819e-03	5.4952328968e-03	5.2863153913e-06	1.3403903309e-05
7.8000000000e+01	5.9158331775e-03	5.4898592714e-03	5.4612039246e-06	1.3703656611e-05
7.9000000000e+01	5.9296856161e-03	5.4843099643e-03	5.6376664787e-06	1.4000773119e-05
8.0000000000e+01	5.9438338140e-03	5.4785834382e-03	5.8156296969e-06	1.4295160627e-05
8.1000000000e+01	5.9582749999e-03	5.4726782286e-03	5.9950218681e-06	1.4586736068e-05
8.2000000000e+01	5.9730063238e-03	5.4665929415e-03	6.1757729552e-06	1.4875425027e-05
8.3000000000e+01	5.9880248656e-03	5.4603262525e-03	6.3578146160e-06	1.5161161280e-05
8.4000000000e+01	6.0033276426e-03	5.4538769043e-03	6.5410802175e-06	1.5443886340e-05
8.5000000000e+01	6.0189116174e-03	5.4472437057e-03	6.7255048435e-06	1.5723549012e-05
8.6000000000e+01	6.0347737050e-03	5.4404255294e-03	6.9110252976e-06	1.6000104973e-05
8.7000000000e+01	6.0509107791e-03	5.4334213104e-03	7.0975801005e-06	1.6273516360e-05
8.8000000000e+01	6.0673196788e-03	5.4262300443e-03	7.2851094830e-06	1.6543751377e-05
8.9000000000e+01	6.0839972143e-03	5.4188507859e-03	7.4735553752e-06	1.6810783912e-05
9.0000000000e+01	6.1009401722e-03	5.4112826469e-03	7.6628613921e-06	1.7074593184e-05
9.1000000000e+01	6.1181453209e-03	5.4035247947e-03	7.8529728160e-06	1.7335163384e-05
9.2000000000e+01	6.1356094155e-03	5.3955764505e-03	8.0438365760e-06	1.7592483355e-05
9.3000000000e+01	6.1533292019e-03	5.3874368879e-03	8.2354012258e-06	1.7846546268e-05
9.4000000000e+01	6.1713014214e-03	5.3791054311e-03	8.4276169183e-06	1.8097349328e-05
9.5000000000e+01	6.1895228142e-03	5.3705814532e-03	8.6204353795e-06	1.8344893483e-05
9.6000000000e+01	6.2079901235e-03	5.3618643750e-03	8.8138098803e-06	1.8589183155e-05
9.7000000000e+01	6.2267000982e-03	5.3529536632e-03	9.0076952069e-06	1.8830225985e-05
9.8000000000e+01	6.2456494967e-03	5.3438488289e-03	9.2020476306e-06	1.9068032584e-05
9.9000000000e+01	6.2648350891e-03	5.3345494263e-03	9.3968248765e-06	1.9302616308e-05
1.0000000000e+02	6.2842536603e-03	5.3250550512e-03	9.5919860912e-06	1.9533993036e-05
1.0100000000e+02	6.3039020122e-03	5.3153653393e-03	9.7874918108e-06	1.9762180967e-05
1.0200000000e+02	6.3237769660e-03	5.3054799654e-03	9.9833039276e-06	1.9987200427e-05
1.0300000000e+02	6.3438753643e-03	5.2953986416e-03	1.0179385657e-05	2.0209073682e-05
1.0400000000e+02	6.3641940727e-03	5.2851211161e-03	1.0375701506e-05	2.0427824770e-05
1.0500000000e+02	6.3847299816e-03	5.2746471720e-03	1.0572217235e-05	2.0643479336e-05
1.0600000000e+02	6.4054800082e-03	5.2639766260e-03	1.0768899832e-05	2.0856064486e-05
1.0700000000e+02	6.4264410969e-03	5.2531093273e-03	1.0965717473e-05	2.1065608636e-05
1.0800000000e+02	6.4476102216e-03	5.2420451563e-03	1.1162639494e-05	2.1272141385e-05
1.0900000000e+02	6.4689843861e-03	5.2307840234e-03	1.1359636355e-05	2.1475693388e-05
1.1000000000e+02	6.4905606253e-03	5.2193258681e-03	1.1556679611e-05	2.1676296236e-05
1.1100000000e+02	6.5123360063e-03	5.2076706578e-03	1.1753741878e-05	2.1873982351e-05
1.1200000000e+02	6.5343076288e-03	5.1958183868e-03	1.1950796804e-05	2.2068784879e-05
1.1300000000e+02	6.5564726261e-03	5.1837690751e-03	1.2147819036e-05	2.2260737599e-05
1.1400000000e+02	6.5788281655e-03	5.1715227678e-03	1.2344784191e-05	2.2449874828e-05
1.1500000000e+02	6.6013714489e-03	5.1590795336e-03	1.2541668829e-05	2.2636231345e-05
1.1600000000e+02	6.6240997130e-03	5.1464394645e-03	1.2738450419e-05	2.2819842307e-05
1.1700000000e+02	6.6470102301e-03	5.1336026743e-03	1.2935107315e-05	2.3000743181e-05
1.1800000000e+02	6.6701003079e-03	5.1205692983e-03	1.3131618725e-05	2.3178969677e-05
1.1900000000e+02	6.6933672900e-03	5.1073394920e-03	1.3327964689e-05	2.3354557686e-05
1.2000000000e+02	6.7168085558e-03	5.0939134305e-03	1.3524126044e-05	2.3527543221e-05
1.2100000000e+02	6.7404215210e-03	5.0802913076e-03	1.3720084408e-05	2.3697962366e-05
1.2200000000e+02	6.7642036371e-03	5.0664733352e-03	1.3915822147e-05	2.3865851225e-05
1.2300000000e+02	6.7881523920e-03	5.0524597425e-03	1.4111322354e-05	2.4031245879e-05
1.2400000000e+02	6.8122653095e-03	5.0382507751e-03	1.4306568826e-05	2.4194182344e-05
1.2500000000e+02	6.8365399493e-03	5.0238466946e-03	1.4501546037e-05	2.4354696530e-05
1.2600000000e+02	6.8609739070e-03	5.0092477778e-03	1.4696239121e-05	2.4512824209e-05
1.2700000000e+02	6.8855648141e-03	4.9944543158e-03	1.4890633844e-05	2.4668600982e-05
1.2800000000e+02	6.9103103372e-03	4.9794666141e-03	1.5084716587e-05	2.4822062247e-05
1.2900000000e+02	6.9352081785e-03	4.9642849910e-03	1.5278474321e-05	2.4973243176e-05
1.3000000000e+02	6.9602560751e-03	4.9489097779e-03	1.5471894593e-05	2.5122178687e-05
1.3100000000e+02	6.9854517989e-03	4.9333413183e-03	1.5664965501e-05	2.5268903426e-05
1.3200000000e+02	7.0107931564e-03	4.9175799672e-03	1.5857675676e-05	2.5413451741e-05
1.3300000000e+02	7.0362779883e-03	4.9016260908e-03	1.6050014267e-05	2.5555857669e-05
1.3400000000e+02	7.0619041689e-03	4.8854800660e-03	1.6241970917e-05	2.5696154918e-05
1.3500000000e+02	7.0876696063e-03	4.8691422796e-03	1.6433535754e-05	2.5834376850e-05
1.3600000000e+02	7.1135722418e-03	4.8526131282e-03	1.6624699365e-05	2.5970556472e-05
1.3700000000e+02	7.1396100494e-03	4.8358930176e-03	1.6815452787e-05	2.6104726423e-05
1.3800000000e+02	7.1657810355e-03	4.8189823622e-03	1.7005787488e-05	2.6236918961e-05
1.3900000000e+02	7.1920832388e-03	4.8018815849e-03	1.7195695352e-05	2.6367165960e-05
1.4000000000e+02	7.2185147294e-03	4.7845911164e-03	1.7385168665e-05	2.6495498895e-05
1.4100000000e+02	7.2450736089e-03	4.7671113949e-03	1.7574200100e-05	2.6621948844e-05
1.4200000000e+02	7.2717580097e-03	4.7494428658e-03	1.7762782704e-05	2.6746546475e-05
1.4300000000e+02	7.2985660945e-03	4.7315859813e-03	1.7950909883e-05	2.6869322046e-05
1.4400000000e+02	7.3254960564e-03	4.7135411999e-03	1.8138575392e-05	2.6990305398e-05
1.4500000000e+02	7.3525461177e-03	4.6953089863e-03	1.8325773320e-05	2.7109525956e-05
1.4600000000e+02	7.3797145304e-03	4.6768898110e-03	1.8512498078e-05	2.7227012726e-05
1.4700000000e+02	7.4069995748e-03	4.6582841497e-03	1.8698744389e-05	2.7342794288e-05
1.4800000000e+02	7.4343995599e-03	4.6394924834e-03	1.8884507274e-05	2.7456898806e-05
1.4900000000e+02	7.4619128226e-03	4.6205152978e-03	1.9069782046e-05	2.7569354019e-05
1.5000000000e+02	7.4895377273e-03	4.6013530834e-03	1.9254564293e-05	2.7680187243e-05
1.5100000000e+02	7.5172726654e-03	4.5820063348e-03	1.9438849872e-05	2.7789425376e-05
1.5200000000e+02	7.5451160552e-03	4.5624755505e-03	1.9622634899e-05	2.7897094895e-05
1.5300000000e+02	7.5730663411e-03	4.5427612331e-03	1.9805915738e-05	2.8003221862e-05
1.5400000000e+02	7.6011219933e-03	4.5228638883e-03	1.9988688994e-05	2.8107831920e-05
1.5500000000e+02	7.6292815077e-03	4.5027840253e-03	2.0170951499e-05	2.8210950303e-05
1.5600000000e+02	7.6575434050e-03	4.4825221565e-03	2.0352700311e-05	2.8312601834e-05
1.5700000000e+02	7.6859062305e-03	4.4620787969e-03	2.0533932699e-05	2.8412810928e-05
1.5800000000e+02	7.7143685540e-03	4.4414544641e-03	2.0714646139e-05	2.8511601600e-05
1.5900000000e+02	7.7429289688e-03	4.4206496783e-03	2.0894838305e-05	2.8608997464e-05
1.6000000000e+02	7.7715860917e-03	4.3996649620e-03	2.1074507061e-05	2.8705021739e-05
1.6100000000e+02	7.8003385627e-03	4.3785008393e-03	2.1253650456e-05	2.8799697251e-05
1.6200000000e+02	7.8291850441e-03	4.3571578368e-03	2.1432266712e-05	2.8893046442e-05
1.6300000000e+02	7.8581242208e-03	4.3356364822e-03	2.1610354225e-05	2.8985091369e-05
1.6400000000e+02	7.8871547994e-03	4.3139373050e-03	2.1787911551e-05	2.9075853713e-05
1.6500000000e+02	7.9162755078e-03	4.2920608362e-03	2.1964937404e-05	2.9165354778e-05
1.6600000000e+02	7.9454850955e-03	4.2700076078e-03	2.2141430649e-05	2.9253615503e-05
1.6700000000e+02	7.9747823323e-03	4.2477781528e-03	2.2317390296e-05	2.9340656462e-05
1.6800000000e+02	8.0041660086e-03	4.2253730053e-03	2.2492815495e-05	2.9426497870e-05
1.6900000000e+02	8.0336349348e-03	4.2027927002e-03	2.2667705530e-05	2.9511159588e-05
1.7000000000e+02	8.0631879410e-03	4.1800377729e-03	2.2842059813e-05	2.9594661128e-05
1.7100000000e+02	8.0928238767e-03	4.1571087593e-03	2.3015877879e-05	2.9677021659e-05
1.7200000000e+02	8.1225416103e-03	4.1340061959e-03	2.3189159386e-05	2.9758260011e-05
1.7300000000e+02	8.1523400288e-03	4.1107306195e-03	2.3361904100e-05	2.9838394679e-05
1.7400000000e+02	8.1822180378e-03	4.0872825667e-03	2.3534111903e-05	2.9917443831e-05
1.7500000000e+02	8.2121745606e-03	4.0636625746e-03	2.3705782777e-05	2.9995425312e-05
1.7600000000e+02	8.2422085384e-03	4.0398711801e-03	2.3876916808e-05	3.0072356647e-05
1.7700000000e+02	8.2723189296e-03	4.0159089199e-03	2.4047514179e-05	3.0148255050e-05
1.7800000000e+02	8.3025047098e-03	3.9917763306e-03	2.4217575164e-05	3.0223137426e-05
1.7900000000e+02	8.3327648713e-03	3.9674739483e-03	2.4387100129e-05	3.0297020377e-05
1.8000000000e+02	8.3630984228e-03	3.9430023088e-03	2.4556089522e-05	3.0369920206e-05
1.8100000000e+02	8.3935043893e-03	3.9183619476e-03	2.4724543877e-05	3.0441852925e-05
1.8200000000e+02	8.4239818116e-03	3.8935533992e-03	2.4892463804e-05	3.0512834258e-05
1.8300000000e+02	8.4545297459e-03	3.8685771979e-03	2.5059849989e-05	3.0582879643e-05
1.8400000000e+02	8.4851472639e-03	3.8434338769e-03	2.5226703190e-05	3.0652004244e-05
1.8500000000e+02	8.5158334524e-03	3.8181239689e-03	2.5393024235e-05	3.0720222950e-05
1.8600000000e+02	8.5465874127e-03	3.7926480055e-03	2.5558814017e-05	3.0787550380e-05
1.8700000000e+02	8.5774082609e-03	3.7670065176e-03	2.5724073493e-05	3.0854000891e-05
1.8800000000e+02	8.6082951269e-03	3.7412000350e-03	2.5888803681e-05	3.0919588581e-05
1.8900000000e+02	8.6392471550e-03	3.7152290863e-03	2.6053005655e-05	3.0984327293e-05
1.9000000000e+02	8.6702635030e-03	3.6890941993e-03	2.6216680546e-05	3.1048230621e-05
1.9100000000e+02	8.7013433423e-03	3.6627959005e-03	2.6379829538e-05	3.1111311912e-05
1.9200000000e+02	8.7324858572e-03	3.6363347152e-03	2.6542453865e-05	3.1173584274e-05
1.9300000000e+02	8.7636902455e-03	3.6097111673e-03	2.6704554809e-05	3.1235060577e-05
1.9400000000e+02	8.7949557172e-03	3.5829257796e-03	2.6866133699e-05	3.1295753461e-05
1.9500000000e+02	8.8262814954e-03	3.5559790734e-03	2.7027191908e-05	3.1355675336e-05
1.9600000000e+02	8.8576668150e-03	3.5288715688e-03	2.7187730848e-05	3.1414838390e-05
1.9700000000e+02	8.8891109232e-03	3.5016037843e-03	2.7347751974e-05	3.1473254590e-05
1.9800000000e+02	8.9206130791e-03	3.4741762370e-03	2.7507256779e-05	3.1530935689e-05
1.9900000000e+02	8.9521725534e-03	3.4465894424e-03	2.7666246789e-05	3.1587893228e-05
2.0000000000e+02	8.9837886282e-03	3.4188439145e-03	2.7824723568e-05	3.1644138542e-05
2.0100000000e+02	9.0154605968e-03	3.3909401658e-03	2.7982688712e-05	3.1699682759e-05
2.0200000000e+02	9.0471877636e-03	3.3628787071e-03	2.8140143844e-05	3.1754536811e-05
2.0300000000e+02	9.0789694439e-03	3.3346600475e-03	2.8297090623e-05	3.1808711433e-05
2.0400000000e+02	9.1108049636e-03	3.3062846947e-03	2.8453530730e-05	3.1862217168e-05
2.0500000000e+02	9.1426936588e-03	3.2777531544e-03	2.8609465875e-05	3.1915064368e-05
2.0600000000e+02	9.1746348762e-03	3.2490659307e-03	2.8764897794e-05	3.1967263205e-05
2.0700000000e+02	9.2066279724e-03	3.2202235260e-03	2.8919828244e-05	3.2018823664e-05
2.0800000000e+02	9.2386723140e-03	3.1912264408e-03	2.9074259006e-05	3.2069755557e-05
2.0900000000e+02	9.2707672772e-03	3.1620751739e-03	2.9228191882e-05	3.2120068518e-05
2.1000000000e+02	9.3029122479e-03	3.1327702224e-03	2.9381628693e-05	3.2169772011e-05
2.1100000000e+02	9.3351066212e-03	3.1033120813e-03	2.9534571279e-05	3.2218875331e-05
2.1200000000e+02	9.3673498015e-03	3.0737012439e-03	2.9687021498e-05	3.2267387611e-05
2.1300000000e+02	9.3996412024e-03	3.0439382018e-03	2.9838981223e-05	3.2315317820e-05
2.1400000000e+02	9.4319802461e-03	3.0140234444e-03	2.9990452344e-05	3.2362674768e-05
2.1500000000e+02	9.4643663637e-03	2.9839574593e-03	3.0141436765e-05	3.2409467111e-05
2.1600000000e+02	9.4967989949e-03	2.9537407324e-03	3.0291936400e-05	3.2455703353e-05
2.1700000000e+02	9.5292775878e-03	2.9233737475e-03	3.0441953181e-05	3.2501391846e-05
2.1800000000e+02	9.5618015988e-03	2.8928569864e-03	3.0591489048e-05	3.2546540798e-05
2.1900000000e+02	9.5943704923e-03	2.8621909290e-03	3.0740545951e-05	3.2591158271e-05
2.2000000000e+02	9.6269837408e-03	2.8313760535e-03	3.0889125852e-05	3.2635252187e-05
2.2100000000e+02	9.6596408247e-03	2.8004128357e-03	3.1037230720e-05	3.2678830330e-05
2.2200000000e+02	9.6923412321e-03	2.7693017497e-03	3.1184862533e-05	3.2721900347e-05
2.2300000000e+02	9.7250844585e-03	2.7380432676e-03	3.1332023278e-05	3.2764469752e-05
2.2400000000e+02	9.7578700072e-03	2.7066378595e-03	3.1478714945e-05	3.2806545929e-05
2.2500000000e+02	9.7906973884e-03	2.6750859934e-03	3.1624939533e-05	3.2848136133e-05
2.2600000000e+02	9.8235661198e-03	2.6433881355e-03	3.1770699046e-05	3.2889247496e-05
2.2700000000e+02	9.8564757261e-03	2.6115447497e-03	3.1915995491e-05	3.2929887024e-05
2.2800000000e+02	9.8894257389e-03	2.5795562982e-03	3.2060830880e-05	3.2970061601e-05
2.2900000000e+02	9.9224156966e-03	2.5474232410e-03	3.2205207230e-05	3.3009777997e-05
2.3000000000e+02	9.9554451444e-03	2.5151460361e-03	3.2349126558e-05	3.3049042862e-05
2.3100000000e+02	9.9885136340e-03	2.4827251395e-03	3.2492590885e-05	3.3087862733e-05
2.3200000000e+02	1.0021620724e-02	2.4501610053e-03	3.2635602234e-05	3.3126244035e-05
2.3300000000e+02	1.0054765978e-02	2.4174540854e-03	3.2778162629e-05	3.3164193083e-05
2.3400000000e+02	1.0087948968e-02	2.3846048297e-03	3.2920274095e-05	3.3201716086e-05
2.3500000000e+02	1.0121169270e-02	2.3516136861e-03	3.3061938655e-05	3.3238819144e-05
2.3600000000e+02	1.0154426468e-02	2.3184811006e-03	3.3203158337e-05	3.3275508257e-05
2.3700000000e+02	1.0187720151e-02	2.2852075171e-03	3.3343935163e-05	3.3311789321e-05
2.3800000000e+02	1.0221049913e-02	2.2517933773e-03	3.3484271157e-05	3.3347668133e-05
2.3900000000e+02	1.0254415355e-02	2.2182391210e-03	3.3624168342e-05	3.3383150393e-05
2.4000000000e+02	1.0287816083e-02	2.1845451862e-03	3.3763628737e-05	3.3418241704e-05
2.4100000000e+02	1.0321251710e-02	2.1507120085e-03	3.3902654362e-05	3.3452947575e-05
2.4200000000e+02	1.0354721852e-02	2.1167400217e-03	3.4041247231e-05	3.3487273422e-05
2.4300000000e+02	1.0388226132e-02	2.0826296576e-03	3.4179409358e-05	3.3521224573e-05
2.4400000000e+02	1.0421764178e-02	2.0483813459e-03	3.4317142753e-05	3.3554806264e-05
2.4500000000e+02	1.0455335623e-02	2.0139955143e-03	3.4454449422e-05	3.3588023645e-05
2.4600000000e+02	1.0488940105e-02	1.9794725886e-03	3.4591331368e-05	3.3620881780e-05
2.4700000000e+02	1.0522577268e-02	1.9448129925e-03	3.4727790590e-05	3.3653385651e-05
2.4800000000e+02	1.0556246760e-02	1.9100171477e-03	3.4863829082e-05	3.3685540155e-05
2.4900000000e+02	1.0589948234e-02	1.8750854739e-03	3.4999448834e-05	3.3717350109e-05
2.5000000000e+02	1.0623681347e-02	1.8400183889e-03	3.5134651832e-05	3.3748820251e-05
2.5100000000e+02	1.0657445762e-02	1.8048163085e-03	3.5269440055e-05	3.3779955241e-05
2.5200000000e+02	1.0691241147e-02	1.7694796464e-03	3.5403815479e-05	3.3810759662e-05
2.5300000000e+02	1.0725067173e-02	1.7340088145e-03	3.5537780073e-05	3.3841238024e-05
2.5400000000e+02	1.0758923516e-02	1.6984042226e-03	3.5671335801e-05	3.3871394760e-05
2.5500000000e+02	1.0792809857e-02	1.6626662785e-03	3.5804484621e-05	3.3901234233e-05
2.5600000000e+02	1.0826725880e-02	1.6267953883e-03	3.5937228484e-05	3.3930760736e-05
2.5700000000e+02	1.0860671275e-02	1.5907919559e-03	3.6069569337e-05	3.3959978490e-05
2.5800000000e+02	1.0894645736e-02	1.5546563833e-03	3.6201509118e-05	3.3988891650e-05
2.5900000000e+02	1.0928648959e-02	1.5183890707e-03	3.6333049760e-05	3.4017504301e-05
2.6000000000e+02	1.0962680645e-02	1.4819904162e-03	3.6464193189e-05	3.4045820466e-05
2.6100000000e+02	1.0996740502e-02	1.4454608161e-03	3.6594941325e-05	3.4073844100e-05
2.6200000000e+02	1.1030828237e-02	1.4088006647e-03	3.6725296079e-05	3.4101579096e-05
2.6300000000e+02	1.1064943565e-02	1.3720103544e-03	3.6855259357e-05	3.4129029286e-05
2.6400000000e+02	1.1099086202e-02	1.3350902758e-03	3.6984833055e-05	3.4156198439e-05
2.6500000000e+02	1.1133255870e-02	1.2980408176e-03	3.7114019065e-05	3.4183090265e-05
2.6600000000e+02	1.1167452292e-02	1.2608623663e-03	3.7242819268e-05	3.4209708413e-05
2.6700000000e+02	1.1201675196e-02	1.2235553070e-03	3.7371235541e-05	3.4236056478e-05
2.6800000000e+02	1.1235924316e-02	1.1861200226e-03	3.7499269751e-05	3.4262137996e-05
2.6900000000e+02	1.1270199385e-02	1.1485568942e-03	3.7626923757e-05	3.4287956446e-05
2.7000000000e+02	1.1304500142e-02	1.1108663012e-03	3.7754199411e-05	3.4313515255e-05
2.7100000000e+02	1.1338826330e-02	1.0730486209e-03	3.7881098557e-05	3.4338817794e-05
2.7200000000e+02	1.1373177693e-02	1.0351042290e-03	3.8007623031e-05	3.4363867382e-05
2.7300000000e+02	1.1407553981e-02	9.9703349913e-04	3.8133774660e-05	3.4388667287e-05
2.7400000000e+02	1.1441954946e-02	9.5883680332e-04	3.8259555264e-05	3.4413220725e-05
2.7500000000e+02	1.1476380342e-02	9.2051451167e-04	3.8384966655e-05	3.4437530862e-05
2.7600000000e+02	1.1510829927e-02	8.8206699248e-04	3.8510010634e-05	3.4461600816e-05
2.7700000000e+02	1.1545303464e-02	8.4349461227e-04	3.8634688997e-05	3.4485433656e-05
2.7800000000e+02	1.1579800717e-02	8.0479773577e-04	3.8759003529e-05	3.4509032403e-05
2.7900000000e+02	1.1614321452e-02	7.6597672590e-04	3.8882956008e-05	3.4532400033e-05
2.8000000000e+02	1.1648865441e-02	7.2703194384e-04	3.9006548203e-05	3.4555539474e-05
2.8100000000e+02	1.1683432456e-02	6.8796374900e-04	3.9129781875e-05	3.4578453612e-05
2.8200000000e+02	1.1718022274e-02	6.4877249902e-04	3.9252658776e-05	3.4601145287e-05
2.8300000000e+02	1.1752634673e-02	6.0945854979e-04	3.9375180648e-05	3.4623617296e-05
2.8400000000e+02	1.1787269436e-02	5.7002225549e-04	3.9497349227e-05	3.4645872394e-05
2.8500000000e+02	1.1821926347e-02	5.3046396853e-04	3.9619166239e-05	3.4667913294e-05
2.8600000000e+02	1.1856605192e-02	4.9078403962e-04	3.9740633401e-05	3.4689742666e-05
2.8700000000e+02	1.1891305762e-02	4.5098281777e-04	3.9861752420e-05	3.4711363144e-05
2.8800000000e+02	1.1926027850e-02	4.1106065026e-04	3.9982524998e-05	3.4732777317e-05
2.8900000000e+02	1.1960771249e-02	3.7101788269e-04	4.0102952825e-05	3.4753987740e-05
2.9000000000e+02	1.1995535758e-02	3.3085485897e-04	4.0223037583e-05	3.4774996926e-05
2.9100000000e+02	1.2030321177e-02	2.9057192133e-04	4.0342780946e-05	3.4795807353e-05
2.9200000000e+02	1.2065127307e-02	2.5016941032e-04	4.0462184579e-05	3.4816421460e-05
2.9300000000e+02	1.2099953955e-02	2.0964766486e-04	4.0581250137e-05	3.4836841651e-05
2.9400000000e+02	1.2134800927e-02	1.6900702219e-04	4.0699979267e-05	3.4857070294e-05
2.9500000000e+02	1.2169668032e-02	1.2824781792e-04	4.0818373609e-05	3.4877109722e-05
2.9600000000e+02	1.2204555084e-02	8.7370386026e-05	4.0936434790e-05	3.4896962232e-05
2.9700000000e+02	1.2239461895e-02	4.6375058853e-05	4.1054164433e-05	3.4916630090e-05
2.9800000000e+02	1.2274388283e-02	5.2621671356e-06	4.1171564148e-05	3.4936115526e-05
2.9900000000e+02	1.2309334066e-02	-3.5967960002e-05	4.1288635540e-05	3.4955420739e-05
3.0000000000e+02	1.2344299065e-02	-7.7314995034e-05	4.1405380202e-05	3.4974547895e-05
3.0100000000e+02	1.2379283104e-02	-1.1877861202e-04	4.1521799719e-05	3.4993499129e-05
3.0200000000e+02	1.2414286006e-02	-1.6035848662e-04	4.1637895670e-05	3.5012276544e-05
3.0300000000e+02	1.2449307599e-02	-2.0205429603e-04	4.1753669622e-05	3.5030882212e-05
3.0400000000e+02	1.2484347714e-02	-2.4386571905e-04	4.1869123134e-05	3.5049318178e-05
3.0500000000e+02	1.2519406180e-02	-2.8579243600e-04	4.1984257757e-05	3.5067586453e-05
3.0600000000e+02	1.2554482831e-02	-3.2783412878e-04	4.2099075033e-05	3.5085689022e-05
3.0700000000e+02	1.2589577503e-02	-3.6999048080e-04	4.2213576495e-05	3.5103627842e-05
3.0800000000e+02	1.2624690033e-02	-4.1226117701e-04	4.2327763669e-05	3.5121404838e-05
3.0900000000e+02	1.2659820260e-02	-4.5464590388e-04	4.2441638070e-05	3.5139021912e-05
3.1000000000e+02	1.2694968024e-02	-4.9714434939e-04	4.2555201205e-05	3.5156480937e-05
3.1100000000e+02	1.2730133169e-02	-5.3975620303e-04	4.2668454574e-05	3.5173783757e-05
3.1200000000e+02	1.2765315540e-02	-5.8248115578e-04	4.2781399667e-05	3.5190932194e-05
3.1300000000e+02	1.2800514983e-02	-6.2531890010e-04	4.2894037965e-05	3.5207928041e-05
3.1400000000e+02	1.2835731346e-02	-6.6826912994e-04	4.3006370943e-05	3.5224773066e-05
3.1500000000e+02	1.2870964479e-02	-7.1133154070e-04	4.3118400064e-05	3.5241469014e-05
3.1600000000e+02	1.2906214235e-02	-7.5450582927e-04	4.3230126786e-05	3.5258017603e-05
3.1700000000e+02	1.2941480466e-02	-7.9779169396e-04	4.3341552555e-05	3.5274420528e-05
3.1800000000e+02	1.2976763028e-02	-8.4118883454e-04	4.3452678813e-05	3.5290679460e-05
3.1900000000e+02	1.3012061778e-02	-8.8469695222e-04	4.3563506990e-05	3.5306796048e-05
3.2000000000e+02	1.3047376573e-02	-9.2831574963e-04	4.3674038509e-05	3.5322771916e-05
3.2100000000e+02	1.3082707275e-02	-9.7204493082e-04	4.3784274785e-05	3.5338608665e-05
3.2200000000e+02	1.3118053745e-02	-1.0158842013e-03	4.3894217223e-05	3.5354307877e-05
3.2300000000e+02	1.3153415845e-02	-1.0598332678e-03	4.4003867224e-05	3.5369871108e-05
3.2400000000e+02	1.3188793442e-02	-1.1038918387e-03	4.4113226175e-05	3.5385299895e-05
3.2500000000e+02	1.3224186401e-02	-1.1480596236e-03	4.4222295460e-05	3.5400595754e-05
3.2600000000e+02	1.3259594590e-02	-1.1923363335e-03	4.4331076452e-05	3.5415760179e-05
3.2700000000e+02	1.3295017878e-02	-1.2367216808e-03	4.4439570516e-05	3.5430794644e-05
3.2800000000e+02	1.3330456136e-02	-1.2812153794e-03	4.4547779011e-05	3.5445700602e-05
3.2900000000e+02	1.3365909237e-02	-1.3258171441e-03	4.4655703286e-05	3.5460479487e-05
3.3000000000e+02	1.3401377053e-02	-1.3705266916e-03	4.4763344682e-05	3.5475132714e-05
3.3100000000e+02	1.3436859461e-02	-1.4153437396e-03	4.4870704533e-05	3.5489661678e-05
3.3200000000e+02	1.3472356336e-02	-1.4602680073e-03	4.4977784166e-05	3.5504067754e-05
3.3300000000e+02	1.3507867556e-02	-1.5052992150e-03	4.5084584897e-05	3.5518352300e-05
3.3400000000e+02	1.3543393000e-02	-1.5504370846e-03	4.5191108038e-05	3.5532516656e-05
3.3500000000e+02	1.3578932550e-02	-1.5956813390e-03	4.5297354891e-05	3.5546562143e-05
3.3600000000e+02	1.3614486085e-02	-1.6410317027e-03	4.5403326750e-05	3.5560490063e-05
3.3700000000e+02	1.3650053491e-02	-1.6864879013e-03	4.5509024902e-05	3.5574301703e-05
3.3800000000e+02	1.3685634650e-02	-1.7320496617e-03	4.5614450627e-05	3.5587998332e-05
3.3900000000e+02	1.3721229450e-02	-1.7777167121e-03	4.5719605197e-05	3.5601581201e-05
3.4000000000e+02	1.3756837775e-02	-1.8234887821e-03	4.5824489875e-05	3.5615051545e-05
3.4100000000e+02	1.3792459516e-02	-1.8693656023e-03	4.5929105918e-05	3.5628410583e-05
3.4200000000e+02	1.3828094560e-02	-1.9153469048e-03	4.6033454575e-05	3.5641659518e-05
3.4300000000e+02	1.3863742798e-02	-1.9614324228e-03	4.6137537088e-05	3.5654799536e-05
3.4400000000e+02	1.3899404123e-02	-2.0076218907e-03	4.6241354691e-05	3.5667831808e-05
3.4500000000e+02	1.3935078426e-02	-2.0539150443e-03	4.6344908611e-05	3.5680757489e-05
3.4600000000e+02	1.3970765603e-02	-2.1003116204e-03	4.6448200067e-05	3.5693577721e-05
3.4700000000e+02	1.4006465547e-02	-2.1468113573e-03	4.6551230272e-05	3.5706293628e-05
3.4800000000e+02	1.4042178156e-02	-2.1934139943e-03	4.6654000431e-05	3.5718906322e-05
3.4900000000e+02	1.4077903326e-02	-2.2401192719e-03	4.6756511741e-05	3.5731416897e-05
3.5000000000e+02	1.4113640956e-02	-2.2869269319e-03	4.6858765393e-05	3.5743826438e-05
3.5100000000e+02	1.4149390945e-02	-2.3338367172e-03	4.6960762571e-05	3.5756136010e-05
3.5200000000e+02	1.4185153195e-02	-2.3808483719e-03	4.7062504451e-05	3.5768346669e-05
3.5300000000e+02	1.4220927606e-02	-2.4279616414e-03	4.7163992202e-05	3.5780459455e-05
3.5400000000e+02	1.4256714081e-02	-2.4751762720e-03	4.7265226987e-05	3.5792475395e-05
3.5500000000e+02	1.4292512525e-02	-2.5224920114e-03	4.7366209961e-05	3.5804395502e-05
3.5600000000e+02	1.4328322841e-02	-2.5699086084e-03	4.7466942273e-05	3.5816220778e-05
3.5700000000e+02	1.4364144935e-02	-2.6174258128e-03	4.7567425064e-05	3.5827952211e-05
3.5800000000e+02	1.4399978714e-02	-2.6650433757e-03	4.7667659469e-05	3.5839590776e-05
3.5900000000e+02	1.4435824086e-02	-2.7127610493e-03	4.7767646616e-05	3.5851137436e-05
3.6000000000e+02	1.4471680959e-02	-2.7605785869e-03	4.7867387627e-05	3.5862593142e-05
3.6100000000e+02	1.4507549242e-02	-2.8084957429e-03	4.7966883615e-05	3.5873958832e-05
3.6200000000e+02	1.4543428847e-02	-2.8565122728e-03	4.8066135690e-05	3.5885235433e-05
3.6300000000e+02	1.4579319684e-02	-2.9046279333e-03	4.8165144951e-05	3.5896423860e-05
3.6400000000e+02	1.4615221665e-02	-2.9528424821e-03	4.8263912493e-05	3.5907525018e-05
3.6500000000e+02	1.4651134705e-02	-3.0011556781e-03	4.8362439406e-05	3.5918539796e-05
3.6600000000e+02	1.4687058717e-02	-3.0495672811e-03	4.8460726769e-05	3.5929469078e-05
3.6700000000e+02	1.4722993615e-02	-3.0980770521e-03	4.8558775660e-05	3.5940313733e-05
3.6800000000e+02	1.4758939316e-02	-3.1466847533e-03	4.8656587145e-05	3.5951074619e-05
3.6900000000e+02	1.4794895737e-02	-3.1953901477e-03	4.8754162288e-05	3.5961752586e-05
3.7000000000e+02	1.4830862794e-02	-3.2441929994e-03	4.8851502144e-05	3.5972348470e-05
3.7100000000e+02	1.4866840406e-02	-3.2930930739e-03	4.8948607763e-05	3.5982863100e-05
3.7200000000e+02	1.4902828493e-02	-3.3420901372e-03	4.9045480189e-05	3.5993297293e-05
3.7300000000e+02	1.4938826974e-02	-3.3911839569e-03	4.9142120459e-05	3.6003651855e-05
3.7400000000e+02	1.4974835771e-02	-3.4403743011e-03	4.9238529604e-05	3.6013927584e-05
3.7500000000e+02	1.5010854804e-02	-3.4896609394e-03	4.9334708648e-05	3.6024125267e-05
3.7600000000e+02	1.5046883995e-02	-3.5390436420e-03	4.9430658610e-05	3.6034245682e-05
3.7700000000e+02	1.5082923269e-02	-3.5885221806e-03	4.9526380504e-05	3.6044289597e-05
3.7800000000e+02	1.5118972549e-02	-3.6380963274e-03	4.9621875335e-05	3.6054257771e-05
3.7900000000e+02	1.5155031760e-02	-3.6877658559e-03	4.9717144105e-05	3.6064150952e-05
3.8000000000e+02	1.5191100827e-02	-3.7375305405e-03	4.9812187808e-05	3.6073969883e-05
3.8100000000e+02	1.5227179675e-02	-3.7873901568e-03	4.9907007433e-05	3.6083715293e-05
3.8200000000e+02	1.5263268233e-02	-3.8373444810e-03	5.0001603963e-05	3.6093387906e-05
3.8300000000e+02	1.5299366427e-02	-3.8873932907e-03	5.0095978375e-05	3.6102988436e-05
3.8400000000e+02	1.5335474186e-02	-3.9375363641e-03	5.0190131641e-05	3.6112517587e-05
3.8500000000e+02	1.5371591439e-02	-3.9877734806e-03	5.0284064725e-05	3.6121976056e-05
3.8600000000e+02	1.5407718115e-02	-4.0381044205e-03	5.0377778589e-05	3.6131364532e-05
3.8700000000e+02	1.5443854145e-02	-4.0885289650e-03	5.0471274185e-05	3.6140683695e-05
3.8800000000e+02	1.5479999459e-02	-4.1390468964e-03	5.0564552463e-05	3.6149934216e-05
3.8900000000e+02	1.5516153990e-02	-4.1896579978e-03	5.0657614366e-05	3.6159116761e-05
3.9000000000e+02	1.5552317670e-02	-4.2403620533e-03	5.0750460830e-05	3.6168231984e-05
3.9100000000e+02	1.5588490432e-02	-4.2911588480e-03	5.0843092788e-05	3.6177280534e-05
3.9200000000e+02	1.5624672209e-02	-4.3420481677e-03	5.0935511166e-05	3.6186263053e-05
3.9300000000e+02	1.5660862936e-02	-4.3930297994e-03	5.1027716885e-05	3.6195180171e-05
3.9400000000e+02	1.5697062548e-02	-4.4441035309e-03	5.1119710860e-05	3.6204032517e-05
3.9500000000e+02	1.5733270980e-02	-4.4952691508e-03	5.1211494002e-05	3.6212820707e-05
3.9600000000e+02	1.5769488168e-02	-4.5465264489e-03	5.1303067215e-05	3.6221545352e-05
3.9700000000e+02	1.5805714050e-02	-4.5978752156e-03	5.1394431399e-05	3.6230207057e-05
3.9800000000e+02	1.5841948562e-02	-4.6493152423e-03	5.1485587447e-05	3.6238806417e-05
3.9900000000e+02	1.5878191642e-02	-4.7008463214e-03	5.1576536249e-05	3.6247344023e-05
4.0000000000e+02	1.5914443229e-02	-4.7524682460e-03	5.1667278689e-05	3.6255820458e-05
4.0100000000e+02	1.5950703263e-02	-4.8041808103e-03	5.1757815644e-05	3.6264236298e-05
4.0200000000e+02	1.5986971682e-02	-4.8559838091e-03	5.1848147988e-05	3.6272592112e-05
4.0300000000e+02	1.6023248427e-02	-4.9078770384e-03	5.1938276589e-05	3.6280888462e-05
4.0400000000e+02	1.6059533439e-02	-4.9598602947e-03	5.2028202312e-05	3.6289125906e-05
4.0500000000e+02	1.6095826660e-02	-5.0119333756e-03	5.2117926013e-05	3.6297304993e-05
4.0600000000e+02	1.6132128030e-02	-5.0640960796e-03	5.2207448546e-05	3.6305426267e-05
4.0700000000e+02	1.6168437493e-02	-5.1163482060e-03	5.2296770759e-05	3.6313490266e-05
4.0800000000e+02	1.6204754992e-02	-5.1686895547e-03	5.2385893496e-05	3.6321497519e-05
4.0900000000e+02	1.6241080469e-02	-5.2211199267e-03	5.2474817594e-05	3.6329448553e-05
4.1000000000e+02	1.6277413870e-02	-5.2736391239e-03	5.2563543888e-05	3.6337343887e-05
4.1100000000e+02	1.6313755139e-02	-5.3262469489e-03	5.2652073206e-05	3.6345184034e-05
4.1200000000e+02	1.6350104220e-02	-5.3789432050e-03	5.2740406371e-05	3.6352969501e-05
4.1300000000e+02	1.6386461060e-02	-5.4317276965e-03	5.2828544204e-05	3.6360700789e-05
4.1400000000e+02	1.6422825604e-02	-5.4846002285e-03	5.2916487517e-05	3.6368378396e-05
4.1500000000e+02	1.6459197799e-02	-5.5375606070e-03	5.3004237122e-05	3.6376002812e-05
4.1600000000e+02	1.6495577592e-02	-5.5906086385e-03	5.3091793823e-05	3.6383574520e-05
4.1700000000e+02	1.6531964930e-02	-5.6437441306e-03	5.3179158419e-05	3.6391094001e-05
4.1800000000e+02	1.6568359762e-02	-5.6969668915e-03	5.3266331708e-05	3.6398561729e-05
4.1900000000e+02	1.6604762037e-02	-5.7502767305e-03	5.3353314480e-05	3.6405978173e-05
4.2000000000e+02	1.6641171702e-02	-5.8036734573e-03	5.3440107522e-05	3.6413343795e-05
4.2100000000e+02	1.6677588707e-02	-5.8571568825e-03	5.3526711615e-05	3.6420659055e-05
4.2200000000e+02	1.6714013003e-02	-5.9107268178e-03	5.3613127538e-05	3.6427924405e-05
4.2300000000e+02	1.6750444540e-02	-5.9643830751e-03	5.3699356064e-05	3.6435140294e-05
4.2400000000e+02	1.6786883268e-02	-6.0181254677e-03	5.3785397961e-05	3.6442307165e-05
4.2500000000e+02	1.6823329138e-02	-6.0719538091e-03	5.3871253993e-05	3.6449425456e-05
4.2600000000e+02	1.6859782102e-02	-6.1258679140e-03	5.3956924921e-05	3.6456495602e-05
4.2700000000e+02	1.6896242113e-02	-6.1798675975e-03	5.4042411501e-05	3.6463518029e-05
4.2800000000e+02	1.6932709123e-02	-6.2339526758e-03	5.4127714482e-05	3.6470493164e-05
4.2900000000e+02	1.6969183084e-02	-6.2881229655e-03	5.4212834614e-05	3.6477421424e-05
4.3000000000e+02	1.7005663950e-02	-6.3423782843e-03	5.4297772638e-05	3.6484303226e-05
4.3100000000e+02	1.7042151675e-02	-6.3967184503e-03	5.4382529293e-05	3.6491138978e-05
4.3200000000e+02	1.7078646213e-02	-6.4511432827e-03	5.4467105314e-05	3.6497929088e-05
4.3300000000e+02	1.7115147518e-02	-6.5056526010e-03	5.4551501430e-05	3.6504673955e-05
4.3400000000e+02	1.7151655546e-02	-6.5602462258e-03	5.4635718368e-05	3.6511373978e-05
4.3500000000e+02	1.7188170251e-02	-6.6149239782e-03	5.4719756849e-05	3.6518029549e-05
4.3600000000e+02	1.7224691590e-02	-6.6696856802e-03	5.4803617593e-05	3.6524641057e-05
4.3700000000e+02	1.7261219519e-02	-6.7245311544e-03	5.4887301312e-05	3.6531208885e-05
4.3800000000e+02	1.7297753994e-02	-6.7794602241e-03	5.4970808716e-05	3.6537733414e-05
4.3900000000e+02	1.7334294971e-02	-6.8344727133e-03	5.5054140512e-05	3.6544215021e-05
4.4000000000e+02	1.7370842409e-02	-6.8895684468e-03	5.5137297401e-05	3.6550654076e-05
4.4100000000e+02	1.7407396265e-02	-6.9447472501e-03	5.5220280080e-05	3.6557050948e-05
4.4200000000e+02	1.7443956497e-02	-7.0000089491e-03	5.5303089246e-05	3.6563406002e-05
4.4300000000e+02	1.7480523064e-02	-7.0553533709e-03	5.5385725586e-05	3.6569719597e-05
4.4400000000e+02	1.7517095923e-02	-7.1107803429e-03	5.5468189788e-05	3.6575992090e-05
4.4500000000e+02	1.7553675034e-02	-7.1662896934e-03	5.5550482534e-05	3.6582223834e-05
4.4600000000e+02	1.7590260357e-02	-7.2218812511e-03	5.5632604503e-05	3.6588415177e-05
4.4700000000e+02	1.7626851851e-02	-7.2775548457e-03	5.5714556369e-05	3.6594566465e-05
4.4800000000e+02	1.7663449477e-02	-7.3333103073e-03	5.5796338804e-05	3.6600678038e-05
4.4900000000e+02	1.7700053194e-02	-7.3891474670e-03	5.5877952475e-05	3.6606750236e-05
4.5000000000e+02	1.7736662964e-02	-7.4450661563e-03	5.5959398045e-05	3.6612783393e-05
4.5100000000e+02	1.7773278748e-02	-7.5010662073e-03	5.6040676176e-05	3.6618777839e-05
4.5200000000e+02	1.7809900507e-02	-7.5571474530e-03	5.6121787522e-05	3.6624733902e-05
4.5300000000e+02	1.7846528203e-02	-7.6133097270e-03	5.6202732738e-05	3.6630651906e-05
4.5400000000e+02	1.7883161798e-02	-7.6695528633e-03	5.6283512471e-05	3.6636532171e-05
4.5500000000e+02	1.7919801255e-02	-7.7258766970e-03	5.6364127367e-05	3.6642375015e-05
4.5600000000e+02	1.7956446536e-02	-7.7822810633e-03	5.6444578069e-05	3.6648180752e-05
4.5700000000e+02	1.7993097604e-02	-7.8387657986e-03	5.6524865214e-05	3.6653949693e-05
4.5800000000e+02	1.8029754423e-02	-7.8953307395e-03	5.6604989438e-05	3.6659682145e-05
4.5900000000e+02	1.8066416956e-02	-7.9519757234e-03	5.6684951372e-05	3.6665378412e-05
4.6000000000e+02	1.8103085168e-02	-8.0087005883e-03	5.6764751644e-05	3.6671038796e-05
4.6100000000e+02	1.8139759022e-02	-8.0655051730e-03	5.6844390879e-05	3.6676663595e-05
4.6200000000e+02	1.8176438484e-02	-8.1223893166e-03	5.6923869697e-05	3.6682253103e-05
4.6300000000e+02	1.8213123517e-02	-8.1793528591e-03	5.7003188717e-05	3.6687807614e-05
4.6400000000e+02	1.8249814087e-02	-8.2363956410e-03	5.7082348552e-05	3.6693327415e-05
4.6500000000e+02	1.8286510160e-02	-8.2935175033e-03	5.7161349814e-05	3.6698812794e-05
4.6600000000e+02	1.8323211701e-02	-8.3507182879e-03	5.7240193110e-05	3.6704264033e-05
4.6700000000e+02	1.8359918677e-02	-8.4079978371e-03	5.7318879045e-05	3.6709681412e-05
4.6800000000e+02	1.8396631053e-02	-8.4653559938e-03	5.7397408220e-05	3.6715065209e-05
4.6900000000e+02	1.8433348796e-02	-8.5227926015e-03	5.7475781232e-05	3.6720415699e-05
4.7000000000e+02	1.8470071873e-02	-8.5803075044e-03	5.7553998676e-05	3.6725733154e-05
4.7100000000e+02	1.8506800252e-02	-8.6379005472e-03	5.7632061144e-05	3.6731017842e-05
4.7200000000e+02	1.8543533898e-02	-8.6955715752e-03	5.7709969223e-05	3.6736270030e-05
4.7300000000e+02	1.8580272781e-02	-8.7533204344e-03	5.7787723500e-05	3.6741489982e-05
4.7400000000e+02	1.8617016868e-02	-8.8111469711e-03	5.7865324554e-05	3.6746677959e-05
4.7500000000e+02	1.8653766126e-02	-8.8690510326e-03	5.7942772966e-05	3.6751834219e-05
4.7600000000e+02	1.8690520525e-02	-8.9270324664e-03	5.8020069311e-05	3.6756959018e-05
4.7700000000e+02	1.8727280034e-02	-8.9850911207e-03	5.8097214161e-05	3.6762052610e-05
4.7800000000e+02	1.8764044620e-02	-9.0432268444e-03	5.8174208085e-05	3.6767115245e-05
4.7900000000e+02	1.8800814254e-02	-9.1014394868e-03	5.8251051651e-05	3.6772147172e-05
4.8000000000e+02	1.8837588905e-02	-9.1597288978e-03	5.8327745422e-05	3.6777148636e-05
4.8100000000e+02	1.8874368541e-02	-9.2180949279e-03	5.8404289957e-05	3.6782119882e-05
4.8200000000e+02	1.8911153134e-02	-9.2765374281e-03	5.8480685814e-05	3.6787061149e-05
4.8300000000e+02	1.8947942654e-02	-9.3350562501e-03	5.8556933548e-05	3.6791972677e-05
4.8400000000e+02	1.8984737070e-02	-9.3936512460e-03	5.8633033711e-05	3.6796854702e-05
4.8500000000e+02	1.9021536353e-02	-9.4523222685e-03	5.8708986849e-05	3.6801707457e-05
4.8600000000e+02	1.9058340475e-02	-9.5110691709e-03	5.8784793510e-05	3.6806531175e-05
4.8700000000e+02	1.9095149406e-02	-9.5698918069e-03	5.8860454236e-05	3.6811326086e-05
4.8800000000e+02	1.9131963118e-02	-9.6287900309e-03	5.8935969567e-05	3.6816092415e-05
4.8900000000e+02	1.9168781582e-02	-9.6877636978e-03	5.9011340039e-05	3.6820830388e-05
4.9000000000e+02	1.9205604769e-02	-9.7468126629e-03	5.9086566188e-05	3.6825540228e-05
4.9100000000e+02	1.9242432653e-02	-9.8059367822e-03	5.9161648543e-05	3.6830222155e-05
4.9200000000e+02	1.9279265204e-02	-9.8651359122e-03	5.9236587635e-05	3.6834876388e-05
4.9300000000e+02	1.9316102396e-02	-9.9244099099e-03	5.9311383988e-05	3.6839503143e-05
4.9400000000e+02	1.9352944201e-02	-9.9837586328e-03	5.9386038126e-05	3.6844102635e-05
4.9500000000e+02	1.9389790593e-02	-1.0043181939e-02	5.9460550569e-05	3.6848675075e-05
4.9600000000e+02	1.9426641543e-02	-1.0102679687e-02	5.9534921834e-05	3.6853220673e-05
4.9700000000e+02	1.9463497025e-02	-1.0162251736e-02	5.9609152436e-05	3.6857739638e-05
4.9800000000e+02	1.9500357013e-02	-1.0221897945e-02	5.9683242888e-05	3.6862232177e-05
4.9900000000e+02	1.9537221481e-02	-1.0281618175e-02	5.9757193698e-05	3.6866698492e-05
5.0000000000e+02	1.9574090401e-02	-1.0341412286e-02	5.9831005375e-05	3.6871138786e-05
5.0100000000e+02	1.9610963750e-02	-1.0401280139e-02	5.9904678421e-05	3.6875553260e-05
5.0200000000e+02	1.9647841499e-02	-1.0461221597e-02	5.9978213339e-05	3.6879942111e-05
5.0300000000e+02	1.9684723625e-02	-1.0521236520e-02	6.0051610627e-05	3.6884305537e-05
5.0400000000e+02	1.9721610102e-02	-1.0581324772e-02	6.0124870783e-05	3.6888643731e-05
5.0500000000e+02	1.9758500904e-02	-1.0641486216e-02	6.0197994298e-05	3.6892956887e-05
5.0600000000e+02	1.9795396008e-02	-1.0701720716e-02	6.0270981666e-05	3.6897245196e-05
5.0700000000e+02	1.9832295387e-02	-1.0762028134e-02	6.0343833375e-05	3.6901508846e-05
5.0800000000e+02	1.9869199017e-02	-1.0822408337e-02	6.0416549910e-05	3.6905748025e-05
5.0900000000e+02	1.9906106875e-02	-1.0882861189e-02	6.0489131756e-05	3.6909962918e-05
5.1000000000e+02	1.9943018935e-02	-1.0943386556e-02	6.0561579394e-05	3.6914153710e-05
5.1100000000e+02	1.9979935174e-02	-1.1003984304e-02	6.0633893302e-05	3.6918320582e-05
5.1200000000e+02	2.0016855568e-02	-1.1064654298e-02	6.0706073958e-05	3.6922463715e-05
5.1300000000e+02	2.0053780094e-02	-1.1125396407e-02	6.0778121834e-05	3.6926583288e-05
5.1400000000e+02	2.0090708727e-02	-1.1186210498e-02	6.0850037402e-05	3.6930679477e-05
5.1500000000e+02	2.0127641445e-02	-1.1247096438e-02	6.0921821132e-05	3.6934752459e-05
5.1600000000e+02	2.0164578224e-02	-1.1308054096e-02	6.0993473489e-05	3.6938802406e-05
5.1700000000e+02	2.0201519042e-02	-1.1369083341e-02	6.1064994939e-05	3.6942829491e-05
5.1800000000e+02	2.0238463876e-02	-1.1430184043e-02	6.1136385943e-05	3.6946833884e-05
5.1900000000e+02	2.0275412702e-02	-1.1491356070e-02	6.1207646960e-05	3.6950815756e-05
5.2000000000e+02	2.0312365500e-02	-1.1552599293e-02	6.1278778448e-05	3.6954775272e-05
5.2100000000e+02	2.0349322245e-02	-1.1613913584e-02	6.1349780862e-05	3.6958712599e-05
5.2200000000e+02	2.0386282917e-02	-1.1675298812e-02	6.1420654655e-05	3.6962627901e-05
5.2300000000e+02	2.0423247494e-02	-1.1736754850e-02	6.1491400276e-05	3.6966521341e-05
5.2400000000e+02	2.0460215953e-02	-1.1798281570e-02	6.1562018174e-05	3.6970393081e-05
5.2500000000e+02	2.0497188273e-02	-1.1859878844e-02	6.1632508795e-05	3.6974243280e-05
5.2600000000e+02	2.0534164432e-02	-1.1921546546e-02	6.1702872582e-05	3.6978072097e-05
5.2700000000e+02	2.0571144410e-02	-1.1983284547e-02	6.1773109976e-05	3.6981879688e-05
5.2800000000e+02	2.0608128185e-02	-1.2045092724e-02	6.1843221417e-05	3.6985666210e-05
5.2900000000e+02	2.0645115735e-02	-1.2106970948e-02	6.1913207342e-05	3.6989431817e-05
5.3000000000e+02	2.0682107041e-02	-1.2168919097e-02	6.1983068185e-05	3.6993176660e-05
5.3100000000e+02	2.0719102082e-02	-1.2230937043e-02	6.2052804379e-05	3.6996900893e-05
5.3200000000e+02	2.0756100836e-02	-1.2293024664e-02	6.2122416354e-05	3.7000604663e-05
5.3300000000e+02	2.0793103284e-02	-1.2355181835e-02	6.2191904539e-05	3.7004288121e-05
5.3400000000e+02	2.0830109406e-02	-1.2417408432e-02	6.2261269359e-05	3.7007951414e-05
5.3500000000e+02	2.0867119181e-02	-1.2479704332e-02	6.2330511239e-05	3.7011594687e-05
5.3600000000e+02	2.0904132589e-02	-1.2542069413e-02	6.2399630601e-05	3.7015218085e-05
5.3700000000e+02	2.0941149610e-02	-1.2604503553e-02	6.2468627864e-05	3.7018821752e-05
5.3800000000e+02	2.0978170226e-02	-1.2667006629e-02	6.2537503447e-05	3.7022405829e-05
5.3900000000e+02	2.1015194415e-02	-1.2729578519e-02	6.2606257764e-05	3.7025970458e-05
5.4000000000e+02	2.1052222160e-02	-1.2792219104e-02	6.2674891230e-05	3.7029515779e-05
5.4100000000e+02	2.1089253441e-02	-1.2854928262e-02	6.2743404255e-05	3.7033041928e-05
5.4200000000e+02	2.1126288238e-02	-1.2917705872e-02	6.2811797251e-05	3.7036549044e-05
5.4300000000e+02	2.1163326532e-02	-1.2980551816e-02	6.2880070624e-05	3.7040037262e-05
5.4400000000e+02	2.1200368306e-02	-1.3043465974e-02	6.2948224779e-05	3.7043506718e-05
5.4500000000e+02	2.1237413540e-02	-1.3106448226e-02	6.3016260121e-05	3.7046957544e-05
5.4600000000e+02	2.1274462215e-02	-1.3169498455e-02	6.3084177050e-05	3.7050389872e-05
5.4700000000e+02	2.1311514313e-02	-1.3232616541e-02	6.3151975967e-05	3.7053803835e-05
5.4800000000e+02	2.1348569816e-02	-1.3295802367e-02	6.3219657270e-05	3.7057199562e-05
5.4900000000e+02	2.1385628706e-02	-1.3359055816e-02	6.3287221353e-05	3.7060577182e-05
5.5000000000e+02	2.1422690965e-02	-1.3422376771e-02	6.3354668611e-05	3.7063936822e-05
5.5100000000e+02	2.1459756574e-02	-1.3485765115e-02	6.3421999435e-05	3.7067278610e-05
5.5200000000e+02	2.1496825516e-02	-1.3549220731e-02	6.3489214216e-05	3.7070602670e-05
5.5300000000e+02	2.1533897773e-02	-1.3612743505e-02	6.3556313342e-05	3.7073909128e-05
5.5400000000e+02	2.1570973329e-02	-1.3676333320e-02	6.3623297199e-05	3.7077198106e-05
5.5500000000e+02	2.1608052164e-02	-1.3739990061e-02	6.3690166171e-05	3.7080469726e-05
5.5600000000e+02	2.1645134262e-02	-1.3803713614e-02	6.3756920640e-05	3.7083724111e-05
5.5700000000e+02	2.1682219606e-02	-1.3867503864e-02	6.3823560988e-05	3.7086961380e-05
5.5800000000e+02	2.1719308179e-02	-1.3931360698e-02	6.3890087593e-05	3.7090181651e-05
5.5900000000e+02	2.1756399964e-02	-1.3995284001e-02	6.3956500833e-05	3.7093385045e-05
5.6000000000e+02	2.1793494944e-02	-1.4059273662e-02	6.4022801082e-05	3.7096571676e-05
5.6100000000e+02	2.1830593102e-02	-1.4123329566e-02	6.4088988713e-05	3.7099741662e-05
5.6200000000e+02	2.1867694422e-02	-1.4187451602e-02	6.4155064099e-05	3.7102895117e-05
5.6300000000e+02	2.1904798887e-02	-1.4251639657e-02	6.4221027609e-05	3.7106032156e-05
5.6400000000e+02	2.1941906481e-02	-1.4315893620e-02	6.4286879611e-05	3.7109152891e-05
5.6500000000e+02	2.1979017187e-02	-1.4380213379e-02	6.4352620471e-05	3.7112257435e-05
5.6600000000e+02	2.2016130990e-02	-1.4444598824e-02	6.4418250555e-05	3.7115345899e-05
5.6700000000e+02	2.2053247873e-02	-1.4509049843e-02	6.4483770224e-05	3.7118418393e-05
5.6800000000e+02	2.2090367822e-02	-1.4573566328e-02	6.4549179840e-05	3.7121475027e-05
5.6900000000e+02	2.2127490818e-02	-1.4638148167e-02	6.4614479763e-05	3.7124515908e-05
5.7000000000e+02	2.2164616848e-02	-1.4702795251e-02	6.4679670349e-05	3.7127541144e-05
5.7100000000e+02	2.2201745895e-02	-1.4767507471e-02	6.4744751955e-05	3.7130550843e-05
5.7200000000e+02	2.2238877945e-02	-1.4832284718e-02	6.4809724936e-05	3.7133545108e-05
5.7300000000e+02	2.2276012981e-02	-1.4897126885e-02	6.4874589643e-05	3.7136524046e-05
5.7400000000e+02	2.2313150988e-02	-1.4962033862e-02	6.4939346428e-05	3.7139487760e-05
5.7500000000e+02	2.2350291951e-02	-1.5027005542e-02	6.5003995640e-05	3.7142436353e-05
5.7600000000e+02	2.2387435855e-02	-1.5092041817e-02	6.5068537626e-05	3.7145369927e-05
5.7700000000e+02	2.2424582686e-02	-1.5157142581e-02	6.5132972734e-05	3.7148288583e-05
5.7800000000e+02	2.2461732428e-02	-1.5222307727e-02	6.5197301306e-05	3.7151192422e-05
5.7900000000e+02	2.2498885066e-02	-1.5287537149e-02	6.5261523686e-05	3.7154081543e-05
5.8000000000e+02	2.2536040586e-02	-1.5352830739e-02	6.5325640216e-05	3.7156956046e-05
5.8100000000e+02	2.2573198973e-02	-1.5418188394e-02	6.5389651234e-05	3.7159816027e-05
5.8200000000e+02	2.2610360213e-02	-1.5483610007e-02	6.5453557079e-05	3.7162661585e-05
5.8300000000e+02	2.2647524291e-02	-1.5549095473e-02	6.5517358087e-05	3.7165492815e-05
5.8400000000e+02	2.2684691194e-02	-1.5614644688e-02	6.5581054593e-05	3.7168309814e-05
5.8500000000e+02	2.2721860906e-02	-1.5680257548e-02	6.5644646930e-05	3.7171112674e-05
5.8600000000e+02	2.2759033415e-02	-1.5745933947e-02	6.5708135430e-05	3.7173901492e-05
5.8700000000e+02	2.2796208705e-02	-1.5811673784e-02	6.5771520423e-05	3.7176676359e-05
5.8800000000e+02	2.2833386763e-02	-1.5877476954e-02	6.5834802239e-05	3.7179437369e-05
5.8900000000e+02	2.2870567575e-02	-1.5943343354e-02	6.5897981204e-05	3.7182184612e-05
5.9000000000e+02	2.2907751127e-02	-1.6009272882e-02	6.5961057643e-05	3.7184918180e-05
5.9100000000e+02	2.2944937407e-02	-1.6075265435e-02	6.6024031882e-05	3.7187638163e-05
5.9200000000e+02	2.2982126399e-02	-1.6141320912e-02	6.6086904242e-05	3.7190344650e-05
5.9300000000e+02	2.3019318092e-02	-1.6207439210e-02	6.6149675045e-05	3.7193037730e-05
5.9400000000e+02	2.3056512470e-02	-1.6273620228e-02	6.6212344610e-05	3.7195717491e-05
5.9500000000e+02	2.3093709522e-02	-1.6339863866e-02	6.6274913256e-05	3.7198384020e-05
5.9600000000e+02	2.3130909234e-02	-1.6406170021e-02	6.6337381300e-05	3.7201037404e-05
5.9700000000e+02	2.3168111593e-02	-1.6472538595e-02	6.6399749057e-05	3.7203677728e-05
5.9800000000e+02	2.3205316585e-02	-1.6538969486e-02	6.6462016841e-05	3.7206305078e-05
5.9900000000e+02	2.3242524198e-02	-1.6605462595e-02	6.6524184964e-05	3.7208919538e-05
6.0000000000e+02	2.3279734420e-02	-1.6672017823e-02	6.6586253738e-05	3.7211521191e-05
6.0100000000e+02	2.3316947237e-02	-1.6738635070e-02	6.6648223471e-05	3.7214110122e-05
6.0200000000e+02	2.3354162636e-02	-1.6805314237e-02	6.6710094473e-05	3.7216686411e-05
6.0300000000e+02	2.3391380605e-02	-1.6872055226e-02	6.6771867050e-05	3.7219250142e-05
6.0400000000e+02	2.3428601132e-02	-1.6938857938e-02	6.6833541507e-05	3.7221801395e-05
6.0500000000e+02	2.3465824204e-02	-1.7005722276e-02	6.6895118149e-05	3.7224340250e-05
6.0600000000e+02	2.3503049808e-02	-1.7072648142e-02	6.6956597278e-05	3.7226866788e-05
6.0700000000e+02	2.3540277933e-02	-1.7139635438e-02	6.7017979195e-05	3.7229381087e-05
6.0800000000e+02	2.3577508567e-02	-1.7206684068e-02	6.7079264202e-05	3.7231883226e-05
6.0900000000e+02	2.3614741696e-02	-1.7273793935e-02	6.7140452595e-05	3.7234373283e-05
6.1000000000e+02	2.3651977309e-02	-1.7340964941e-02	6.7201544672e-05	3.7236851335e-05
6.1100000000e+02	2.3689215394e-02	-1.7408196992e-02	6.7262540730e-05	3.7239317459e-05
6.1200000000e+02	2.3726455940e-02	-1.7475489991e-02	6.7323441063e-05	3.7241771731e-05
6.1300000000e+02	2.3763698934e-02	-1.7542843842e-02	6.7384245964e-05	3.7244214226e-05
6.1400000000e+02	2.3800944365e-02	-1.7610258451e-02	6.7444955726e-05	3.7246645020e-05
6.1500000000e+02	2.3838192220e-02	-1.7677733722e-02	6.7505570638e-05	3.7249064186e-05
6.1600000000e+02	2.3875442489e-02	-1.7745269561e-02	6.7566090990e-05	3.7251471799e-05
6.1700000000e+02	2.3912695160e-02	-1.7812865873e-02	6.7626517070e-05	3.7253867930e-05
6.1800000000e+02	2.3949950221e-02	-1.7880522563e-02	6.7686849166e-05	3.7256252654e-05
6.1900000000e+02	2.3987207661e-02	-1.7948239540e-02	6.7747087562e-05	3.7258626041e-05
6.2000000000e+02	2.4024467469e-02	-1.8016016707e-02	6.7807232543e-05	3.7260988163e-05
6.2100000000e+02	2.4061729634e-02	-1.8083853974e-02	6.7867284392e-05	3.7263339092e-05
6.2200000000e+02	2.4098994144e-02	-1.8151751245e-02	6.7927243391e-05	3.7265678897e-05
6.2300000000e+02	2.4136260988e-02	-1.8219708430e-02	6.7987109820e-05	3.7268007648e-05
6.2400000000e+02	2.4173530156e-02	-1.8287725434e-02	6.8046883958e-05	3.7270325414e-05
6.2500000000e+02	2.4210801635e-02	-1.8355802167e-02	6.8106566084e-05	3.7272632264e-05
6.2600000000e+02	2.4248075417e-02	-1.8423938536e-02	6.8166156473e-05	3.7274928266e-05
6.2700000000e+02	2.4285351488e-02	-1.8492134449e-02	6.8225655403e-05	3.7277213488e-05
6.2800000000e+02	2.4322629840e-02	-1.8560389816e-02	6.8285063147e-05	3.7279487996e-05
6.2900000000e+02	2.4359910461e-02	-1.8628704545e-02	6.8344379978e-05	3.7281751858e-05
6.3000000000e+02	2.4397193340e-02	-1.8697078546e-02	6.8403606168e-05	3.7284005139e-05
6.3100000000e+02	2.4434478468e-02	-1.8765511728e-02	6.8462741989e-05	3.7286247904e-05
6.3200000000e+02	2.4471765832e-02	-1.8834004000e-02	6.8521787709e-05	3.7288480220e-05
6.3300000000e+02	2.4509055424e-02	-1.8902555273e-02	6.8580743598e-05	3.7290702150e-05
6.3400000000e+02	2.4546347233e-02	-1.8971165457e-02	6.8639609922e-05	3.7292913759e-05
6.3500000000e+02	2.4583641249e-02	-1.9039834463e-02	6.8698386947e-05	3.7295115109e-05
6.3600000000e+02	2.4620937460e-02	-1.9108562201e-02	6.8757074940e-05	3.7297306264e-05
6.3700000000e+02	2.4658235858e-02	-1.9177348583e-02	6.8815674162e-05	3.7299487287e-05
6.3800000000e+02	2.4695536431e-02	-1.9246193520e-02	6.8874184877e-05	3.7301658240e-05
6.3900000000e+02	2.4732839171e-02	-1.9315096924e-02	6.8932607347e-05	3.7303819184e-05
6.4000000000e+02	2.4770144066e-02	-1.9384058706e-02	6.8990941831e-05	3.7305970180e-05
6.4100000000e+02	2.4807451108e-02	-1.9453078778e-02	6.9049188590e-05	3.7308111290e-05
6.4200000000e+02	2.4844760286e-02	-1.9522157054e-02	6.9107347881e-05	3.7310242573e-05
6.4300000000e+02	2.4882071590e-02	-1.9591293445e-02	6.9165419961e-05	3.7312364089e-05
6.4400000000e+02	2.4919385011e-02	-1.9660487865e-02	6.9223405086e-05	3.7314475898e-05
6.4500000000e+02	2.4956700538e-02	-1.9729740226e-02	6.9281303511e-05	3.7316578058e-05
6.4600000000e+02	2.4994018164e-02	-1.9799050443e-02	6.9339115490e-05	3.7318670628e-05
6.4700000000e+02	2.5031337876e-02	-1.9868418428e-02	6.9396841275e-05	3.7320753665e-05
6.4800000000e+02	2.5068659668e-02	-1.9937844097e-02	6.9454481118e-05	3.7322827228e-05
6.4900000000e+02	2.5105983528e-02	-2.0007327362e-02	6.9512035269e-05	3.7324891374e-05
6.5000000000e+02	2.5143309447e-02	-2.0076868139e-02	6.9569503979e-05	3.7326946158e-05
6.5100000000e+02	2.5180637417e-02	-2.0146466342e-02	6.9626887494e-05	3.7328991638e-05
6.5200000000e+02	2.5217967428e-02	-2.0216121885e-02	6.9684186063e-05	3.7331027870e-05
6.5300000000e+02	2.5255299470e-02	-2.0285834685e-02	6.9741399931e-05	3.7333054908e-05
6.5400000000e+02	2.5292633534e-02	-2.0355604657e-02	6.9798529345e-05	3.7335072808e-05
6.5500000000e+02	2.5329969612e-02	-2.0425431716e-02	6.9855574547e-05	3.7337081624e-05
6.5600000000e+02	2.5367307695e-02	-2.0495315778e-02	6.9912535782e-05	3.7339081411e-05
6.5700000000e+02	2.5404647772e-02	-2.0565256760e-02	6.9969413290e-05	3.7341072222e-05
6.5800000000e+02	2.5441989836e-02	-2.0635254577e-02	7.0026207315e-05	3.7343054111e-05
6.5900000000e+02	2.5479333877e-02	-2.0705309147e-02	7.0082918094e-05	3.7345027131e-05
6.6000000000e+02	2.5516679887e-02	-2.0775420385e-02	7.0139545868e-05	3.7346991334e-05
6.6100000000e+02	2.5554027857e-02	-2.0845588211e-02	7.0196090874e-05	3.7348946773e-05
6.6200000000e+02	2.5591377778e-02	-2.0915812540e-02	7.0252553350e-05	3.7350893499e-05
6.6300000000e+02	2.5628729641e-02	-2.0986093290e-02	7.0308933531e-05	3.7352831565e-05
6.6400000000e+02	2.5666083438e-02	-2.1056430379e-02	7.0365231653e-05	3.7354761020e-05
6.6500000000e+02	2.5703439160e-02	-2.1126823726e-02	7.0421447950e-05	3.7356681916e-05
6.6600000000e+02	2.5740796799e-02	-2.1197273248e-02	7.0477582654e-05	3.7358594304e-05
6.6700000000e+02	2.5778156346e-02	-2.1267778864e-02	7.0533635998e-05	3.7360498232e-05
6.6800000000e+02	2.5815517793e-02	-2.1338340493e-02	7.0589608213e-05	3.7362393751e-05
6.6900000000e+02	2.5852881131e-02	-2.1408958054e-02	7.0645499529e-05	3.7364280911e-05
6.7000000000e+02	2.5890246352e-02	-2.1479631465e-02	7.0701310175e-05	3.7366159759e-05
6.7100000000e+02	2.5927613448e-02	-2.1550360647e-02	7.0757040380e-05	3.7368030344e-05
6.7200000000e+02	2.5964982410e-02	-2.1621145519e-02	7.0812690371e-05	3.7369892715e-05
6.7300000000e+02	2.6002353230e-02	-2.1691986001e-02	7.0868260374e-05	3.7371746919e-05
6.7400000000e+02	2.6039725901e-02	-2.1762882013e-02	7.0923750615e-05	3.7373593005e-05
6.7500000000e+02	2.6077100414e-02	-2.1833833476e-02	7.0979161318e-05	3.7375431018e-05
6.7600000000e+02	2.6114476760e-02	-2.1904840310e-02	7.1034492707e-05	3.7377261006e-05
6.7700000000e+02	2.6151854933e-02	-2.1975902435e-02	7.1089745005e-05	3.7379083016e-05
6.7800000000e+02	2.6189234924e-02	-2.2047019773e-02	7.1144918432e-05	3.7380897093e-05
6.7900000000e+02	2.6226616725e-02	-2.2118192246e-02	7.1200013211e-05	3.7382703283e-05
6.8000000000e+02	2.6264000328e-02	-2.2189419774e-02	7.1255029561e-05	3.7384501632e-05
6.8100000000e+02	2.6301385725e-02	-2.2260702279e-02	7.1309967701e-05	3.7386292185e-05
6.8200000000e+02	2.6338772910e-02	-2.2332039683e-02	7.1364827848e-05	3.7388074986e-05
6.8300000000e+02	2.6376161873e-02	-2.2403431909e-02	7.1419610221e-05	3.7389850081e-05
6.8400000000e+02	2.6413552607e-02	-2.2474878878e-02	7.1474315036e-05	3.7391617513e-05
6.8500000000e+02	2.6450945105e-02	-2.2546380513e-02	7.1528942508e-05	3.7393377326e-05
6.8600000000e+02	2.6488339359e-02	-2.2617936737e-02	7.1583492852e-05	3.7395129565e-05
6.8700000000e+02	2.6525735362e-02	-2.2689547473e-02	7.1637966281e-05	3.7396874271e-05
6.8800000000e+02	2.6563133105e-02	-2.2761212644e-02	7.1692363008e-05	3.7398611488e-05
6.8900000000e+02	2.6600532582e-02	-2.2832932173e-02	7.1746683245e-05	3.7400341259e-05
6.9000000000e+02	2.6637933785e-02	-2.2904705985e-02	7.1800927203e-05	3.7402063625e-05
6.9100000000e+02	2.6675336707e-02	-2.2976534002e-02	7.1855095093e-05	3.7403778630e-05
6.9200000000e+02	2.6712741340e-02	-2.3048416150e-02	7.1909187124e-05	3.7405486315e-05
6.9300000000e+02	2.6750147677e-02	-2.3120352352e-02	7.1963203505e-05	3.7407186720e-05
6.9400000000e+02	2.6787555711e-02	-2.3192342532e-02	7.2017144442e-05	3.7408879888e-05
6.9500000000e+02	2.6824965435e-02	-2.3264386615e-02	7.2071010144e-05	3.7410565859e-05
6.9600000000e+02	2.6862376841e-02	-2.3336484527e-02	7.2124800815e-05	3.7412244674e-05
6.9700000000e+02	2.6899789922e-02	-2.3408636192e-02	7.2178516662e-05	3.7413916373e-05
6.9800000000e+02	2.6937204671e-02	-2.3480841535e-02	7.2232157889e-05	3.7415580996e-05
6.9900000000e+02	2.6974621081e-02	-2.3553100483e-02	7.2285724699e-05	3.7417238583e-05
7.0000000000e+02	2.7012039146e-02	-2.3625412960e-02	7.2339217294e-05	3.7418889173e-05
7.0100000000e+02	2.7049458857e-02	-2.3697778893e-02	7.2392635878e-05	3.7420532806e-05
7.0200000000e+02	2.7086880209e-02	-2.3770198207e-02	7.2445980650e-05	3.7422169520e-05
7.0300000000e+02	2.7124303194e-02	-2.3842670830e-02	7.2499251812e-05	3.7423799354e-05
7.0400000000e+02	2.7161727805e-02	-2.3915196686e-02	7.2552449562e-05	3.7425422346e-05
7.0500000000e+02	2.7199154036e-02	-2.3987775704e-02	7.2605574101e-05	3.7427038535e-05
7.0600000000e+02	2.7236581880e-02	-2.4060407810e-02	7.2658625624e-05	3.7428647958e-05
7.0700000000e+02	2.7274011330e-02	-2.4133092931e-02	7.2711604330e-05	3.7430250653e-05
7.0800000000e+02	2.7311442379e-02	-2.4205830995e-02	7.2764510415e-05	3.7431846657e-05
7.0900000000e+02	2.7348875021e-02	-2.4278621928e-02	7.2817344075e-05	3.7433436007e-05
7.1000000000e+02	2.7386309249e-02	-2.4351465659e-02	7.2870105504e-05	3.7435018740e-05
7.1100000000e+02	2.7423745057e-02	-2.4424362115e-02	7.2922794897e-05	3.7436594893e-05
7.1200000000e+02	2.7461182437e-02	-2.4497311225e-02	7.2975412446e-05	3.7438164502e-05
7.1300000000e+02	2.7498621383e-02	-2.4570312916e-02	7.3027958344e-05	3.7439727602e-05
7.1400000000e+02	2.7536061890e-02	-2.4643367118e-02	7.3080432783e-05	3.7441284231e-05
7.1500000000e+02	2.7573503950e-02	-2.4716473758e-02	7.3132835955e-05	3.7442834422e-05
7.1600000000e+02	2.7610947557e-02	-2.4789632766e-02	7.3185168048e-05	3.7444378212e-05
7.1700000000e+02	2.7648392704e-02	-2.4862844070e-02	7.3237429253e-05	3.7445915636e-05
7.1800000000e+02	2.7685839386e-02	-2.4936107601e-02	7.3289619758e-05	3.7447446729e-05
7.1900000000e+02	2.7723287595e-02	-2.5009423286e-02	7.3341739752e-05	3.7448971524e-05
7.2000000000e+02	2.7760737327e-02	-2.5082791057e-02	7.3393789421e-05	3.7450490057e-05
7.2100000000e+02	2.7798188573e-02	-2.5156210842e-02	7.3445768953e-05	3.7452002362e-05
7.2200000000e+02	2.7835641329e-02	-2.5229682571e-02	7.3497678533e-05	3.7453508472e-05
7.2300000000e+02	2.7873095588e-02	-2.5303206176e-02	7.3549518346e-05	3.7455008421e-05
7.2400000000e+02	2.7910551344e-02	-2.5376781585e-02	7.3601288576e-05	3.7456502243e-05
7.2500000000e+02	2.7948008591e-02	-2.5450408730e-02	7.3652989407e-05	3.7457989970e-05
7.2600000000e+02	2.7985467322e-02	-2.5524087541e-02	7.3704621023e-05	3.7459471637e-05
7.2700000000e+02	2.8022927532e-02	-2.5597817949e-02	7.3756183605e-05	3.7460947275e-05
7.2800000000e+02	2.8060389215e-02	-2.5671599885e-02	7.3807677334e-05	3.7462416917e-05
7.2900000000e+02	2.8097852364e-02	-2.5745433280e-02	7.3859102393e-05	3.7463880595e-05
7.3000000000e+02	2.8135316974e-02	-2.5819318067e-02	7.3910458960e-05	3.7465338342e-05
7.3100000000e+02	2.8172783039e-02	-2.5893254176e-02	7.3961747215e-05	3.7466790190e-05
7.3200000000e+02	2.8210250552e-02	-2.5967241539e-02	7.4012967337e-05	3.7468236170e-05
7.3300000000e+02	2.8247719509e-02	-2.6041280088e-02	7.4064119504e-05	3.7469676313e-05
7.3400000000e+02	2.8285189903e-02	-2.6115369755e-02	7.4115203894e-05	3.7471110651e-05
7.3500000000e+02	2.8322661728e-02	-2.6189510473e-02	7.4166220682e-05	3.7472539215e-05
7.3600000000e+02	2.8360134979e-02	-2.6263702174e-02	7.4217170045e-05	3.7473962036e-05
7.3700000000e+02	2.8397609651e-02	-2.6337944791e-02	7.4268052159e-05	3.7475379144e-05
7.3800000000e+02	2.8435085736e-02	-2.6412238256e-02	7.4318867197e-05	3.7476790571e-05
7.3900000000e+02	2.8472563230e-02	-2.6486582503e-02	7.4369615335e-05	3.7478196345e-05
7.4000000000e+02	2.8510042127e-02	-2.6560977464e-02	7.4420296744e-05	3.7479596497e-05
7.4100000000e+02	2.8547522421e-02	-2.6635423074e-02	7.4470911599e-05	3.7480991058e-05
7.4200000000e+02	2.8585004107e-02	-2.6709919265e-02	7.4521460070e-05	3.7482380056e-05
7.4300000000e+02	2.8622487179e-02	-2.6784465972e-02	7.4571942330e-05	3.7483763521e-05
7.4400000000e+02	2.8659971632e-02	-2.6859063128e-02	7.4622358548e-05	3.7485141482e-05
7.4500000000e+02	2.8697457460e-02	-2.6933710667e-02	7.4672708896e-05	3.7486513969e-05
7.4600000000e+02	2.8734944658e-02	-2.7008408524e-02	7.4722993542e-05	3.7487881010e-05
7.4700000000e+02	2.8772433221e-02	-2.7083156632e-02	7.4773212655e-05	3.7489242633e-05
7.4800000000e+02	2.8809923142e-02	-2.7157954927e-02	7.4823366403e-05	3.7490598869e-05
7.4900000000e+02	2.8847414416e-02	-2.7232803343e-02	7.4873454953e-05	3.7491949744e-05
7.5000000000e+02	2.8884907039e-02	-2.7307701816e-02	7.4923478473e-05	3.7493295286e-05
7.5100000000e+02	2.8922401005e-02	-2.7382650279e-02	7.4973437129e-05	3.7494635525e-05
7.5200000000e+02	2.8959896309e-02	-2.7457648668e-02	7.5023331086e-05	3.7495970487e-05
7.5300000000e+02	2.8997392944e-02	-2.7532696919e-02	7.5073160510e-05	3.7497300200e-05
7.5400000000e+02	2.9034890907e-02	-2.7607794968e-02	7.5122925564e-05	3.7498624692e-05
7.5500000000e+02	2.9072390192e-02	-2.7682942749e-02	7.5172626412e-05	3.7499943989e-05
7.5600000000e+02	2.9109890794e-02	-2.7758140199e-02	7.5222263218e-05	3.7501258119e-05
7.5700000000e+02	2.9147392707e-02	-2.7833387254e-02	7.5271836144e-05	3.7502567109e-05
7.5800000000e+02	2.9184895926e-02	-2.7908683850e-02	7.5321345352e-05	3.7503870985e-05
7.5900000000e+02	2.9222400447e-02	-2.7984029924e-02	7.5370791002e-05	3.7505169774e-05
7.6000000000e+02	2.9259906264e-02	-2.8059425411e-02	7.5420173257e-05	3.7506463502e-05
7.6100000000e+02	2.9297413372e-02	-2.8134870249e-02	7.5469492275e-05	3.7507752195e-05
7.6200000000e+02	2.9334921767e-02	-2.8210364375e-02	7.5518748217e-05	3.7509035880e-05
7.6300000000e+02	2.9372431442e-02	-2.8285907725e-02	7.5567941241e-05	3.7510314582e-05
7.6400000000e+02	2.9409942394e-02	-2.8361500236e-02	7.5617071506e-05	3.7511588327e-05
7.6500000000e+02	2.9447454617e-02	-2.8437141847e-02	7.5666139169e-05	3.7512857140e-05
7.6600000000e+02	2.9484968107e-02	-2.8512832494e-02	7.5715144387e-05	3.7514121047e-05
7.6700000000e+02	2.9522482858e-02	-2.8588572115e-02	7.5764087318e-05	3.7515380073e-05
7.6800000000e+02	2.9559998865e-02	-2.8664360648e-02	7.5812968116e-05	3.7516634242e-05
7.6900000000e+02	2.9597516125e-02	-2.8740198030e-02	7.5861786938e-05	3.7517883581e-05
7.7000000000e+02	2.9635034631e-02	-2.8816084201e-02	7.5910543938e-05	3.7519128113e-05
7.7100000000e+02	2.9672554379e-02	-2.8892019098e-02	7.5959239270e-05	3.7520367863e-05
7.7200000000e+02	2.9710075365e-02	-2.8968002659e-02	7.6007873088e-05	3.7521602856e-05
7.7300000000e+02	2.9747597583e-02	-2.9044034824e-02	7.6056445546e-05	3.7522833115e-05
7.7400000000e+02	2.9785121030e-02	-2.9120115530e-02	7.6104956795e-05	3.7524058665e-05
7.7500000000e+02	2.9822645699e-02	-2.9196244717e-02	7.6153406988e-05	3.7525279529e-05
7.7600000000e+02	2.9860171587e-02	-2.9272422323e-02	7.6201796277e-05	3.7526495733e-05
7.7700000000e+02	2.9897698689e-02	-2.9348648289e-02	7.6250124811e-05	3.7527707298e-05
7.7800000000e+02	2.9935227000e-02	-2.9424922553e-02	7.6298392742e-05	3.7528914249e-05
7.7900000000e+02	2.9972756516e-02	-2.9501245054e-02	7.6346600219e-05	3.7530116609e-05
7.8000000000e+02	3.0010287232e-02	-2.9577615733e-02	7.6394747391e-05	3.7531314401e-05
7.8100000000e+02	3.0047819143e-02	-2.9654034529e-02	7.6442834408e-05	3.7532507648e-05
7.8200000000e+02	3.0085352246e-02	-2.9730501382e-02	7.6490861417e-05	3.7533696373e-05
7.8300000000e+02	3.0122886535e-02	-2.9807016232e-02	7.6538828565e-05	3.7534880599e-05
7.8400000000e+02	3.0160422006e-02	-2.9883579019e-02	7.6586736001e-05	3.7536060348e-05
7.8500000000e+02	3.0197958654e-02	-2.9960189684e-02	7.6634583870e-05	3.7537235644e-05
7.8600000000e+02	3.0235496475e-02	-3.0036848167e-02	7.6682372319e-05	3.7538406507e-05
7.8700000000e+02	3.0273035465e-02	-3.0113554409e-02	7.6730101492e-05	3.7539572961e-05
7.8800000000e+02	3.0310575620e-02	-3.0190308350e-02	7.6777771536e-05	3.7540735027e-05
7.8900000000e+02	3.0348116934e-02	-3.0267109932e-02	7.6825382594e-05	3.7541892728e-05
7.9000000000e+02	3.0385659404e-02	-3.0343959096e-02	7.6872934810e-05	3.7543046085e-05
7.9100000000e+02	3.0423203025e-02	-3.0420855782e-02	7.6920428328e-05	3.7544195120e-05
7.9200000000e+02	3.0460747793e-02	-3.0497799933e-02	7.6967863290e-05	3.7545339854e-05
7.9300000000e+02	3.0498293703e-02	-3.0574791490e-02	7.7015239839e-05	3.7546480308e-05
7.9400000000e+02	3.0535840752e-02	-3.0651830393e-02	7.7062558117e-05	3.7547616505e-05
7.9500000000e+02	3.0573388935e-02	-3.0728916586e-02	7.7109818266e-05	3.7548748464e-05
7.9600000000e+02	3.0610938247e-02	-3.0806050011e-02	7.7157020425e-05	3.7549876208e-05
7.9700000000e+02	3.0648488686e-02	-3.0883230608e-02	7.7204164735e-05	3.7550999756e-05
7.9800000000e+02	3.0686040245e-02	-3.0960458321e-02	7.7251251336e-05	3.7552119130e-05
7.9900000000e+02	3.0723592923e-02	-3.1037733092e-02	7.7298280368e-05	3.7553234350e-05
8.0000000000e+02	3.0761146713e-02	-3.1115054862e-02	7.7345251969e-05	3.7554345437e-05
8.0100000000e+02	3.0798701612e-02	-3.1192423576e-02	7.7392166278e-05	3.7555452411e-05
8.0200000000e+02	3.0836257616e-02	-3.1269839176e-02	7.7439023432e-05	3.7556555292e-05
8.0300000000e+02	3.0873814721e-02	-3.1347301604e-02	7.7485823568e-05	3.7557654100e-05
8.0400000000e+02	3.0911372923e-02	-3.1424810804e-02	7.7532566825e-05	3.7558748856e-05
8.0500000000e+02	3.0948932218e-02	-3.1502366719e-02	7.7579253337e-05	3.7559839579e-05
8.0600000000e+02	3.0986492601e-02	-3.1579969292e-02	7.7625883242e-05	3.7560926288e-05
8.0700000000e+02	3.1024054069e-02	-3.1657618467e-02	7.7672456673e-05	3.7562009004e-05
8.0800000000e+02	3.1061616618e-02	-3.1735314187e-02	7.7718973767e-05	3.7563087746e-05
8.0900000000e+02	3.1099180243e-02	-3.1813056395e-02	7.7765434658e-05	3.7564162533e-05
8.1000000000e+02	3.1136744941e-02	-3.1890845037e-02	7.7811839480e-05	3.7565233385e-05
8.1100000000e+02	3.1174310709e-02	-3.1968680056e-02	7.7858188365e-05	3.7566300321e-05
8.1200000000e+02	3.1211877541e-02	-3.2046561395e-02	7.7904481448e-05	3.7567363359e-05
8.1300000000e+02	3.1249445434e-02	-3.2124489000e-02	7.7950718861e-05	3.7568422519e-05
8.1400000000e+02	3.1287014384e-02	-3.2202462814e-02	7.7996900736e-05	3.7569477819e-05
8.1500000000e+02	3.1324584388e-02	-3.2280482783e-02	7.8043027204e-05	3.7570529279e-05
8.1600000000e+02	3.1362155442e-02	-3.2358548850e-02	7.8089098397e-05	3.7571576916e-05
8.1700000000e+02	3.1399727541e-02	-3.2436660961e-02	7.8135114446e-05	3.7572620749e-05
8.1800000000e+02	3.1437300682e-02	-3.2514819061e-02	7.8181075480e-05	3.7573660797e-05
8.1900000000e+02	3.1474874861e-02	-3.2593023094e-02	7.8226981630e-05	3.7574697078e-05
8.2000000000e+02	3.1512450075e-02	-3.2671273006e-02	7.8272833025e-05	3.7575729609e-05
8.2100000000e+02	3.1550026319e-02	-3.2749568742e-02	7.8318629794e-05	3.7576758409e-05
8.2200000000e+02	3.1587603590e-02	-3.2827910247e-02	7.8364372066e-05	3.7577783496e-05
8.2300000000e+02	3.1625181885e-02	-3.2906297468e-02	7.8410059967e-05	3.7578804888e-05
8.2400000000e+02	3.1662761199e-02	-3.2984730349e-02	7.8455693627e-05	3.7579822601e-05
8.2500000000e+02	3.1700341529e-02	-3.3063208837e-02	7.8501273171e-05	3.7580836655e-05
8.2600000000e+02	3.1737922871e-02	-3.3141732878e-02	7.8546798727e-05	3.7581847066e-05
8.2700000000e+02	3.1775505222e-02	-3.3220302417e-02	7.8592270421e-05	3.7582853851e-05
8.2800000000e+02	3.1813088578e-02	-3.3298917401e-02	7.8637688379e-05	3.7583857029e-05
8.2900000000e+02	3.1850672935e-02	-3.3377577776e-02	7.8683052727e-05	3.7584856616e-05
8.3000000000e+02	3.1888258290e-02	-3.3456283488e-02	7.8728363588e-05	3.7585852629e-05
8.3100000000e+02	3.1925844639e-02	-3.3535034485e-02	7.8773621088e-05	3.7586845085e-05
8.3200000000e+02	3.1963431979e-02	-3.3613830713e-02	7.8818825350e-05	3.7587834001e-05
8.3300000000e+02	3.2001020306e-02	-3.3692672118e-02	7.8863976499e-05	3.7588819394e-05
8.3400000000e+02	3.2038609616e-02	-3.3771558648e-02	7.8909074657e-05	3.7589801281e-05
8.3500000000e+02	3.2076199907e-02	-3.3850490250e-02	7.8954119948e-05	3.7590779678e-05
8.3600000000e+02	3.2113791174e-02	-3.3929466870e-02	7.8999112494e-05	3.7591754601e-05
8.3700000000e+02	3.2151383415e-02	-3.4008488457e-02	7.9044052416e-05	3.7592726067e-05
8.3800000000e+02	3.2188976625e-02	-3.4087554958e-02	7.9088939837e-05	3.7593694093e-05
8.3900000000e+02	3.2226570802e-02	-3.4166666319e-02	7.9133774877e-05	3.7594658693e-05
8.4000000000e+02	3.2264165942e-02	-3.4245822490e-02	7.9178557657e-05	3.7595619886e-05
8.4100000000e+02	3.2301762041e-02	-3.4325023417e-02	7.9223288297e-05	3.7596577686e-05
8.4200000000e+02	3.2339359096e-02	-3.4404269049e-02	7.9267966918e-05	3.7597532109e-05
8.4300000000e+02	3.2376957104e-02	-3.4483559334e-02	7.9312593639e-05	3.7598483171e-05
8.4400000000e+02	3.2414556061e-02	-3.4562894219e-02	7.9357168579e-05	3.7599430889e-05
8.4500000000e+02	3.2452155965e-02	-3.4642273654e-02	7.9401691856e-05	3.7600375277e-05
8.4600000000e+02	3.2489756811e-02	-3.4721697586e-02	7.9446163589e-05	3.7601316351e-05
8.4700000000e+02	3.2527358596e-02	-3.4801165964e-02	7.9490583896e-05	3.7602254127e-05
8.4800000000e+02	3.2564961318e-02	-3.4880678736e-02	7.9534952894e-05	3.7603188620e-05
8.4900000000e+02	3.2602564972e-02	-3.4960235852e-02	7.9579270701e-05	3.7604119844e-05
8.5000000000e+02	3.2640169556e-02	-3.5039837261e-02	7.9623537432e-05	3.7605047817e-05
8.5100000000e+02	3.2677775067e-02	-3.5119482910e-02	7.9667753205e-05	3.7605972551e-05
8.5200000000e+02	3.2715381500e-02	-3.5199172750e-02	7.9711918135e-05	3.7606894063e-05
8.5300000000e+02	3.2752988854e-02	-3.5278906730e-02	7.9756032337e-05	3.7607812368e-05
8.5400000000e+02	3.2790597124e-02	-3.5358684798e-02	7.9800095928e-05	3.7608727480e-05
8.5500000000e+02	3.2828206308e-02	-3.5438506905e-02	7.9844109020e-05	3.7609639414e-05
8.5600000000e+02	3.2865816402e-02	-3.5518372999e-02	7.9888071730e-05	3.7610548184e-05
8.5700000000e+02	3.2903427403e-02	-3.5598283031e-02	7.9931984171e-05	3.7611453805e-05
8.5800000000e+02	3.2941039308e-02	-3.5678236951e-02	7.9975846456e-05	3.7612356293e-05
8.5900000000e+02	3.2978652115e-02	-3.5758234708e-02	8.0019658699e-05	3.7613255660e-05
8.6000000000e+02	3.3016265819e-02	-3.5838276252e-02	8.0063421012e-05	3.7614151922e-05
8.6100000000e+02	3.3053880417e-02	-3.5918361533e-02	8.0107133508e-05	3.7615045093e-05
8.6200000000e+02	3.3091495908e-02	-3.5998490502e-02	8.0150796299e-05	3.7615935186e-05
8.6300000000e+02	3.3129112287e-02	-3.6078663109e-02	8.0194409497e-05	3.7616822216e-05
8.6400000000e+02	3.3166729551e-02	-3.6158879305e-02	8.0237973213e-05	3.7617706198e-05
8.6500000000e+02	3.3204347698e-02	-3.6239139039e-02	8.0281487558e-05	3.7618587144e-05
8.6600000000e+02	3.3241966725e-02	-3.6319442263e-02	8.0324952642e-05	3.7619465069e-05
8.6700000000e+02	3.3279586627e-02	-3.6399788928e-02	8.0368368576e-05	3.7620339986e-05
8.6800000000e+02	3.3317207404e-02	-3.6480178984e-02	8.0411735470e-05	3.7621211910e-05
8.6900000000e+02	3.3354829050e-02	-3.6560612383e-02	8.0455053432e-05	3.7622080853e-05
8.7000000000e+02	3.3392451564e-02	-3.6641089075e-02	8.0498322574e-05	3.7622946830e-05
8.7100000000e+02	3.3430074943e-02	-3.6721609012e-02	8.0541543002e-05	3.7623809853e-05
8.7200000000e+02	3.3467699183e-02	-3.6802172145e-02	8.0584714825e-05	3.7624669937e-05
8.7300000000e+02	3.3505324282e-02	-3.6882778425e-02	8.0627838152e-05	3.7625527094e-05
8.7400000000e+02	3.3542950236e-02	-3.6963427805e-02	8.0670913090e-05	3.7626381337e-05
8.7500000000e+02	3.3580577043e-02	-3.7044120235e-02	8.0713939747e-05	3.7627232681e-05
8.7600000000e+02	3.3618204701e-02	-3.7124855668e-02	8.0756918229e-05	3.7628081137e-05
8.7700000000e+02	3.3655833205e-02	-3.7205634056e-02	8.0799848643e-05	3.7628926720e-05
8.7800000000e+02	3.3693462553e-02	-3.7286455349e-02	8.0842731096e-05	3.7629769441e-05
8.7900000000e+02	3.3731092743e-02	-3.7367319502e-02	8.0885565693e-05	3.7630609314e-05
8.8000000000e+02	3.3768723771e-02	-3.7448226465e-02	8.0928352541e-05	3.7631446352e-05
8.8100000000e+02	3.3806355634e-02	-3.7529176191e-02	8.0971091743e-05	3.7632280567e-05
8.8200000000e+02	3.3843988331e-02	-3.7610168633e-02	8.1013783405e-05	3.7633111972e-05
8.8300000000e+02	3.3881621857e-02	-3.7691203742e-02	8.1056427632e-05	3.7633940579e-05
8.8400000000e+02	3.3919256211e-02	-3.7772281472e-02	8.1099024529e-05	3.7634766401e-05
8.8500000000e+02	3.3956891389e-02	-3.7853401775e-02	8.1141574197e-05	3.7635589451e-05
8.8600000000e+02	3.3994527389e-02	-3.7934564605e-02	8.1184076743e-05	3.7636409740e-05
8.8700000000e+02	3.4032164208e-02	-3.8015769913e-02	8.1226532267e-05	3.7637227282e-05
8.8800000000e+02	3.4069801843e-02	-3.8097017654e-02	8.1268940874e-05	3.7638042088e-05
8.8900000000e+02	3.4107440291e-02	-3.8178307779e-02	8.1311302666e-05	3.7638854170e-05
8.9000000000e+02	3.4145079550e-02	-3.8259640243e-02	8.1353617746e-05	3.7639663541e-05
8.9100000000e+02	3.4182719617e-02	-3.8341014999e-02	8.1395886214e-05	3.7640470213e-05
8.9200000000e+02	3.4220360490e-02	-3.8422432000e-02	8.1438108173e-05	3.7641274197e-05
8.9300000000e+02	3.4258002165e-02	-3.8503891200e-02	8.1480283723e-05	3.7642075505e-05
8.9400000000e+02	3.4295644640e-02	-3.8585392552e-02	8.1522412967e-05	3.7642874150e-05
8.9500000000e+02	3.4333287912e-02	-3.8666936011e-02	8.1564496003e-05	3.7643670143e-05
8.9600000000e+02	3.4370931979e-02	-3.8748521529e-02	8.1606532933e-05	3.7644463496e-05
8.9700000000e+02	3.4408576838e-02	-3.8830149061e-02	8.1648523857e-05	3.7645254220e-05
8.9800000000e+02	3.4446222487e-02	-3.8911818561e-02	8.1690468873e-05	3.7646042328e-05
8.9900000000e+02	3.4483868922e-02	-3.8993529984e-02	8.1732368082e-05	3.7646827829e-05
9.0000000000e+02	3.4521516142e-02	-3.9075283282e-02	8.1774221582e-05	3.7647610737e-05
9.0100000000e+02	3.4559164143e-02	-3.9157078412e-02	8.1816029472e-05	3.7648391062e-05
9.0200000000e+02	3.4596812923e-02	-3.9238915326e-02	8.1857791850e-05	3.7649168816e-05
9.0300000000e+02	3.4634462480e-02	-3.9320793980e-02	8.1899508815e-05	3.7649944009e-05
9.0400000000e+02	3.4672112810e-02	-3.9402714329e-02	8.1941180463e-05	3.7650716654e-05
9.0500000000e+02	3.4709763912e-02	-3.9484676326e-02	8.1982806893e-05	3.7651486761e-05
9.0600000000e+02	3.4747415783e-02	-3.9566679927e-02	8.2024388201e-05	3.7652254341e-05
9.0700000000e+02	3.4785068420e-02	-3.9648725087e-02	8.2065924484e-05	3.7653019406e-05
9.0800000000e+02	3.4822721821e-02	-3.9730811761e-02	8.2107415839e-05	3.7653781966e-05
9.0900000000e+02	3.4860375983e-02	-3.9812939904e-02	8.2148862362e-05	3.7654542032e-05
9.1000000000e+02	3.4898030904e-02	-3.9895109471e-02	8.2190264148e-05	3.7655299615e-05
9.1100000000e+02	3.4935686581e-02	-3.9977320418e-02	8.2231621294e-05	3.7656054726e-05
9.1200000000e+02	3.4973343013e-02	-4.0059572699e-02	8.2272933894e-05	3.7656807375e-05
9.1300000000e+02	3.5011000195e-02	-4.0141866271e-02	8.2314202044e-05	3.7657557574e-05
9.1400000000e+02	3.5048658127e-02	-4.0224201088e-02	8.2355425837e-05	3.7658305333e-05
9.1500000000e+02	3.5086316805e-02	-4.0306577107e-02	8.2396605369e-05	3.7659050661e-05
9.1600000000e+02	3.5123976227e-02	-4.0388994284e-02	8.2437740733e-05	3.7659793571e-05
9.1700000000e+02	3.5161636391e-02	-4.0471452574e-02	8.2478832024e-05	3.7660534072e-05
9.1800000000e+02	3.5199297295e-02	-4.0553951934e-02	8.2519879334e-05	3.7661272175e-05
9.1900000000e+02	3.5236958935e-02	-4.0636492318e-02	8.2560882757e-05	3.7662007890e-05
9.2000000000e+02	3.5274621310e-02	-4.0719073685e-02	8.2601842385e-05	3.7662741226e-05
9.2100000000e+02	3.5312284417e-02	-4.0801695988e-02	8.2642758312e-05	3.7663472196e-05
9.2200000000e+02	3.5349948253e-02	-4.0884359187e-02	8.2683630629e-05	3.7664200808e-05
9.2300000000e+02	3.5387612818e-02	-4.0967063235e-02	8.2724459429e-05	3.7664927073e-05
9.2400000000e+02	3.5425278107e-02	-4.1049808091e-02	8.2765244803e-05	3.7665651000e-05
9.2500000000e+02	3.5462944119e-02	-4.1132593710e-02	8.2805986842e-05	3.7666372600e-05
9.2600000000e+02	3.5500610851e-02	-4.1215420050e-02	8.2846685639e-05	3.7667091884e-05
9.2700000000e+02	3.5538278302e-02	-4.1298287067e-02	8.2887341283e-05	3.7667808859e-05
9.2800000000e+02	3.5575946468e-02	-4.1381194718e-02	8.2927953865e-05	3.7668523537e-05
9.2900000000e+02	3.5613615348e-02	-4.1464142961e-02	8.2968523476e-05	3.7669235928e-05
9.3000000000e+02	3.5651284939e-02	-4.1547131751e-02	8.3009050205e-05	3.7669946040e-05
9.3100000000e+02	3.5688955239e-02	-4.1630161047e-02	8.3049534142e-05	3.7670653884e-05
9.3200000000e+02	3.5726626246e-02	-4.1713230805e-02	8.3089975377e-05	3.7671359469e-05
9.3300000000e+02	3.5764297958e-02	-4.1796340983e-02	8.3130373999e-05	3.7672062805e-05
9.3400000000e+02	3.5801970371e-02	-4.1879491539e-02	8.3170730096e-05	3.7672763902e-05
9.3500000000e+02	3.5839643485e-02	-4.1962682429e-02	8.3211043758e-05	3.7673462768e-05
9.3600000000e+02	3.5877317296e-02	-4.2045913612e-02	8.3251315073e-05	3.7674159414e-05
9.3700000000e+02	3.5914991803e-02	-4.2129185046e-02	8.3291544128e-05	3.7674853849e-05
9.3800000000e+02	3.5952667003e-02	-4.2212496687e-02	8.3331731012e-05	3.7675546081e-05
9.3900000000e+02	3.5990342894e-02	-4.2295848494e-02	8.3371875812e-05	3.7676236121e-05
9.4000000000e+02	3.6028019474e-02	-4.2379240424e-02	8.3411978616e-05	3.7676923977e-05
9.4100000000e+02	3.6065696741e-02	-4.2462672437e-02	8.3452039509e-05	3.7677609659e-05
9.4200000000e+02	3.6103374693e-02	-4.2546144489e-02	8.3492058580e-05	3.7678293176e-05
9.4300000000e+02	3.6141053327e-02	-4.2629656540e-02	8.3532035914e-05	3.7678974536e-05
9.4400000000e+02	3.6178732641e-02	-4.2713208547e-02	8.3571971598e-05	3.7679653750e-05
9.4500000000e+02	3.6216412634e-02	-4.2796800469e-02	8.3611865718e-05	3.7680330826e-05
9.4600000000e+02	3.6254093302e-02	-4.2880432265e-02	8.3651718358e-05	3.7681005772e-05
9.4700000000e+02	3.6291774645e-02	-4.2964103892e-02	8.3691529606e-05	3.7681678599e-05
9.4800000000e+02	3.6329456659e-02	-4.3047815310e-02	8.3731299545e-05	3.7682349314e-05
9.4900000000e+02	3.6367139343e-02	-4.3131566478e-02	8.3771028262e-05	3.7683017926e-05
9.5000000000e+02	3.6404822694e-02	-4.3215357353e-02	8.3810715839e-05	3.7683684445e-05
9.5100000000e+02	3.6442506711e-02	-4.3299187896e-02	8.3850362362e-05	3.7684348879e-05
9.5200000000e+02	3.6480191391e-02	-4.3383058064e-02	8.3889967915e-05	3.7685011236e-05
9.5300000000e+02	3.6517876733e-02	-4.3466967818e-02	8.3929532582e-05	3.7685671526e-05
9.5400000000e+02	3.6555562733e-02	-4.3550917116e-02	8.3969056446e-05	3.7686329756e-05
9.5500000000e+02	3.6593249391e-02	-4.3634905917e-02	8.4008539590e-05	3.7686985936e-05
9.5600000000e+02	3.6630936705e-02	-4.3718934181e-02	8.4047982098e-05	3.7687640074e-05
9.5700000000e+02	3.6668624671e-02	-4.3803001868e-02	8.4087384053e-05	3.7688292178e-05
9.5800000000e+02	3.6706313288e-02	-4.3887108936e-02	8.4126745537e-05	3.7688942256e-05
9.5900000000e+02	3.6744002555e-02	-4.3971255345e-02	8.4166066632e-05	3.7689590318e-05
9.6000000000e+02	3.6781692468e-02	-4.4055441056e-02	8.4205347421e-05	3.7690236371e-05
9.6100000000e+02	3.6819383027e-02	-4.4139666027e-02	8.4244587985e-05	3.7690880424e-05
9.6200000000e+02	3.6857074228e-02	-4.4223930218e-02	8.4283788406e-05	3.7691522485e-05
9.6300000000e+02	3.6894766071e-02	-4.4308233590e-02	8.4322948766e-05	3.7692162561e-05
9.6400000000e+02	3.6932458553e-02	-4.4392576103e-02	8.4362069145e-05	3.7692800662e-05
9.6500000000e+02	3.6970151672e-02	-4.4476957715e-02	8.4401149624e-05	3.7693436796e-05
9.6600000000e+02	3.7007845426e-02	-4.4561378389e-02	8.4440190284e-05	3.7694070970e-05
9.6700000000e+02	3.7045539813e-02	-4.4645838083e-02	8.4479191205e-05	3.7694703192e-05
9.6800000000e+02	3.7083234832e-02	-4.4730336758e-02	8.4518152468e-05	3.7695333471e-05
9.6900000000e+02	3.7120930479e-02	-4.4814874374e-02	8.4557074152e-05	3.7695961814e-05
9.7000000000e+02	3.7158626755e-02	-4.4899450893e-02	8.4595956338e-05	3.7696588229e-05
9.7100000000e+02	3.7196323655e-02	-4.4984066274e-02	8.4634799103e-05	3.7697212724e-05
9.7200000000e+02	3.7234021179e-02	-4.5068720478e-02	8.4673602528e-05	3.7697835308e-05
9.7300000000e+02	3.7271719325e-02	-4.5153413466e-02	8.4712366692e-05	3.7698455987e-05
9.7400000000e+02	3.7309418091e-02	-4.5238145198e-02	8.4751091672e-05	3.7699074769e-05
9.7500000000e+02	3.7347117474e-02	-4.5322915636e-02	8.4789777549e-05	3.7699691663e-05
9.7600000000e+02	3.7384817473e-02	-4.5407724740e-02	8.4828424399e-05	3.7700306676e-05
9.7700000000e+02	3.7422518087e-02	-4.5492572472e-02	8.4867032302e-05	3.7700919815e-05
9.7800000000e+02	3.7460219312e-02	-4.5577458792e-02	8.4905601334e-05	3.7701531088e-05
9.7900000000e+02	3.7497921148e-02	-4.5662383662e-02	8.4944131573e-05	3.7702140503e-05
9.8000000000e+02	3.7535623593e-02	-4.5747347042e-02	8.4982623097e-05	3.7702748067e-05
9.8100000000e+02	3.7573326644e-02	-4.5832348895e-02	8.5021075983e-05	3.7703353787e-05
9.8200000000e+02	3.7611030300e-02	-4.5917389181e-02	8.5059490307e-05	3.7703957672e-05
9.8300000000e+02	3.7648734559e-02	-4.6002467863e-02	8.5097866146e-05	3.7704559728e-05
9.8400000000e+02	3.7686439419e-02	-4.6087584901e-02	8.5136203577e-05	3.7705159962e-05
9.8500000000e+02	3.7724144878e-02	-4.6172740257e-02	8.5174502675e-05	3.7705758383e-05
9.8600000000e+02	3.7761850935e-02	-4.6257933893e-02	8.5212763517e-05	3.7706354998e-05
9.8700000000e+02	3.7799557587e-02	-4.6343165772e-02	8.5250986179e-05	3.7706949813e-05
9.8800000000e+02	3.7837264834e-02	-4.6428435853e-02	8.5289170736e-05	3.7707542835e-05
9.8900000000e+02	3.7874972672e-02	-4.6513744100e-02	8.5327317263e-05	3.7708134073e-05
9.9000000000e+02	3.7912681101e-02	-4.6599090475e-02	8.5365425835e-05	3.7708723533e-05
9.9100000000e+02	3.7950390119e-02	-4.6684474939e-02	8.5403496527e-05	3.7709311223e-05
9.9200000000e+02	3.7988099723e-02	-4.6769897455e-02	8.5441529414e-05	3.7709897148e-05
9.9300000000e+02	3.8025809913e-02	-4.6855357986e-02	8.5479524570e-05	3.7710481318e-05
9.9400000000e+02	3.8063520685e-02	-4.6940856492e-02	8.5517482070e-05	3.7711063737e-05
9.9500000000e+02	3.8101232039e-02	-4.7026392937e-02	8.5555401987e-05	3.7711644414e-05
9.9600000000e+02	3.8138943973e-02	-4.7111967284e-02	8.5593284395e-05	3.7712223355e-05
9.9700000000e+02	3.8176656486e-02	-4.7197579494e-02	8.5631129367e-05	3.7712800568e-05
9.9800000000e+02	3.8214369574e-02	-4.7283229530e-02	8.5668936978e-05	3.7713376058e-05
9.9900000000e+02	3.8252083237e-02	-4.7368917355e-02	8.5706707299e-05	3.7713949834e-05
