# total modes from dos = 5.9999825970e+00
# ZPE = 5.2745303230e-03 Ry/cell
# Multiply by 13.6058 to have energies in eV/cell etc..
# Multiply by 13.6058 x 23060.35 = 313 754.5 to have energies in cal/(N mol).
# Multiply by 13.6058 x 96526.0 = 1 313 313 to have energies in J/(N mol).
# N is the number of formula units per cell.
#
# T (K) 	Evib (Ry/cell)	Fvib (Ry/cell)	Svib (Ry/cell/K)	Cvib (Ry/cell/K)
1.0000000000e+00	5.2745303338e-03	5.2745302626e-03	7.1183349961e-11	3.0973678788e-11
2.0000000000e+00	5.2745304277e-03	5.2745301671e-03	1.3028445943e-10	1.8839932036e-10
3.0000000000e+00	5.2745307945e-03	5.2745299740e-03	2.7350073293e-10	5.9759931772e-10
4.0000000000e+00	5.2745317487e-03	5.2745295781e-03	5.4263882603e-10	1.3842588650e-09
5.0000000000e+00	5.2745337309e-03	5.2745288327e-03	9.7963433766e-10	2.6747280064e-09
6.0000000000e+00	5.2745373086e-03	5.2745275489e-03	1.6266172656e-09	4.5965652151e-09
7.0000000000e+00	5.2745431777e-03	5.2745254954e-03	2.5260531472e-09	7.2795986084e-09
8.0000000000e+00	5.2745521660e-03	5.2745223983e-03	3.7209632356e-09	1.0857481384e-08
9.0000000000e+00	5.2745652375e-03	5.2745179403e-03	5.2552373191e-09	1.5469983177e-08
1.0000000000e+01	5.2745835005e-03	5.2745117596e-03	7.1740865850e-09	2.1266647414e-08
1.1000000000e+01	5.2746082203e-03	5.2745034482e-03	9.5247355586e-09	2.8412910555e-08
1.2000000000e+01	5.2746408394e-03	5.2744925495e-03	1.2357492355e-08	3.7099753970e-08
1.3000000000e+01	5.2746830094e-03	5.2744785543e-03	1.5727311923e-08	4.7556980307e-08
1.4000000000e+01	5.2747366374e-03	5.2744608954e-03	1.9695857096e-08	6.0068619368e-08
1.5000000000e+01	5.2748039482e-03	5.2744389396e-03	2.4333908464e-08	7.4987689845e-08
1.6000000000e+01	5.2748875587e-03	5.2744119771e-03	2.9723846553e-08	9.2747246072e-08
1.7000000000e+01	5.2749905613e-03	5.2743792093e-03	3.5961877711e-08	1.1386534326e-07
1.8000000000e+01	5.2751166083e-03	5.2743397336e-03	4.3159705695e-08	1.3894281678e-07
1.9000000000e+01	5.2752699908e-03	5.2742925275e-03	5.1445439724e-08	1.6865407009e-07
2.0000000000e+01	5.2754557049e-03	5.2742364321e-03	6.0963641931e-08	2.0373205274e-07
2.1000000000e+01	5.2756795011e-03	5.2741701361e-03	7.1874523105e-08	2.4494915783e-07
2.2000000000e+01	5.2759479132e-03	5.2740921609e-03	8.4352378095e-08	2.9309591505e-07
2.3000000000e+01	5.2762682654e-03	5.2740008471e-03	9.8583404924e-08	3.4895921224e-07
2.4000000000e+01	5.2766486584e-03	5.2738943446e-03	1.1476307645e-07	4.1330147070e-07
2.5000000000e+01	5.2770979350e-03	5.2737706041e-03	1.3309323588e-07	4.8684182854e-07
2.6000000000e+01	5.2776256288e-03	5.2736273729e-03	1.5377907464e-07	5.7024002162e-07
2.7000000000e+01	5.2782418977e-03	5.2734621922e-03	1.7702612893e-07	6.6408333231e-07
2.8000000000e+01	5.2789574465e-03	5.2732723992e-03	2.0303740527e-07	7.6887671834e-07
2.9000000000e+01	5.2797834408e-03	5.2730551300e-03	2.3201071865e-07	8.8503604124e-07
3.0000000000e+01	5.2807314159e-03	5.2728073268e-03	2.6413630179e-07	1.0128841784e-06
3.1000000000e+01	5.2818131827e-03	5.2725257463e-03	2.9959472198e-07	1.1526497176e-06
3.2000000000e+01	5.2830407339e-03	5.2722069699e-03	3.3855512358e-07	1.3044678861e-06
3.3000000000e+01	5.2844261519e-03	5.2718474165e-03	3.8117379917e-07	1.4683833496e-06
3.4000000000e+01	5.2859815201e-03	5.2714433553e-03	4.2759308098e-07	1.6443545213e-06
3.5000000000e+01	5.2877188395e-03	5.2709909208e-03	4.7794053567e-07	1.8322590398e-06
3.6000000000e+01	5.2896499511e-03	5.2704861272e-03	5.3232843963e-07	2.0319001043e-06
3.7000000000e+01	5.2917864645e-03	5.2699248847e-03	5.9085350832e-07	2.2430133888e-06
3.8000000000e+01	5.2941396943e-03	5.2693030140e-03	6.5359685119e-07	2.4652742940e-06
3.9000000000e+01	5.2967206036e-03	5.2686162628e-03	7.2062412290e-07	2.6983053315e-06
4.0000000000e+01	5.2995397544e-03	5.2678603207e-03	7.9198584232e-07	2.9416834695e-06
4.1000000000e+01	5.3026072661e-03	5.2670308342e-03	8.6771785167e-07	3.1949473042e-06
4.2000000000e+01	5.3059327803e-03	5.2661234209e-03	9.4784188991e-07	3.4576039468e-06
4.3000000000e+01	5.3095254325e-03	5.2651336835e-03	1.0323662567e-06	3.7291355469e-06
4.4000000000e+01	5.3133938309e-03	5.2640572229e-03	1.1212865451e-06	4.0090053915e-06
4.5000000000e+01	5.3175460395e-03	5.2628896504e-03	1.2145864242e-06	4.2966635429e-06
4.6000000000e+01	5.3219895681e-03	5.2616265992e-03	1.3122384540e-06	4.5915519919e-06
4.7000000000e+01	5.3267313664e-03	5.2602637353e-03	1.4142049187e-06	4.8931093181e-06
4.8000000000e+01	5.3317778228e-03	5.2587967669e-03	1.5204386647e-06	5.2007748595e-06
4.9000000000e+01	5.3371347667e-03	5.2572214540e-03	1.6308839334e-06	5.5139924040e-06
5.0000000000e+01	5.3428074753e-03	5.2555336163e-03	1.7454771804e-06	5.8322134186e-06
5.1000000000e+01	5.3488006819e-03	5.2537291404e-03	1.8641478721e-06	6.1548998411e-06
5.2000000000e+01	5.3551185882e-03	5.2518039869e-03	1.9868192559e-06	6.4815264596e-06
5.3000000000e+01	5.3617648779e-03	5.2497541957e-03	2.1134090983e-06	6.8115829092e-06
5.4000000000e+01	5.3687427325e-03	5.2475758915e-03	2.2438303883e-06	7.1445753150e-06
5.5000000000e+01	5.3760548483e-03	5.2452652881e-03	2.3779920034e-06	7.4800276135e-06
5.6000000000e+01	5.3837034551e-03	5.2428186922e-03	2.5157993360e-06	7.8174825799e-06
5.7000000000e+01	5.3916903349e-03	5.2402325067e-03	2.6571548814e-06	8.1565025930e-06
5.8000000000e+01	5.4000168425e-03	5.2375032330e-03	2.8019587850e-06	8.4966701651e-06
5.9000000000e+01	5.4086839252e-03	5.2346274735e-03	2.9501093501e-06	8.8375882634e-06
6.0000000000e+01	5.4176921435e-03	5.2316019331e-03	3.1015035071e-06	9.1788804489e-06
6.1000000000e+01	5.4270416919e-03	5.2284234200e-03	3.2560372450e-06	9.5201908557e-06
6.2000000000e+01	5.4367324193e-03	5.2250888469e-03	3.4136060055e-06	9.8611840332e-06
6.3000000000e+01	5.4467638489e-03	5.2215952312e-03	3.5741050431e-06	1.0201544671e-05
6.4000000000e+01	5.4571351990e-03	5.2179396950e-03	3.7374297512e-06	1.0540977222e-05
6.5000000000e+01	5.4678454017e-03	5.2141194646e-03	3.9034759564e-06	1.0879205448e-05
6.6000000000e+01	5.4788931225e-03	5.2101318704e-03	4.0721401831e-06	1.1215971894e-05
6.7000000000e+01	5.4902767783e-03	5.2059743457e-03	4.2433198895e-06	1.1551037306e-05
6.8000000000e+01	5.5019945560e-03	5.2016444259e-03	4.4169136774e-06	1.1884180011e-05
6.9000000000e+01	5.5140444290e-03	5.1971397471e-03	4.5928214777e-06	1.2215195262e-05
7.0000000000e+01	5.5264241744e-03	5.1924580445e-03	4.7709447121e-06	1.2543894559e-05
7.1000000000e+01	5.5391313883e-03	5.1875971515e-03	4.9511864345e-06	1.2870104961e-05
7.2000000000e+01	5.5521635018e-03	5.1825549972e-03	5.1334514523e-06	1.3193668380e-05
7.3000000000e+01	5.5655177946e-03	5.1773296053e-03	5.3176464296e-06	1.3514440885e-05
7.4000000000e+01	5.5791914096e-03	5.1719190915e-03	5.5036799742e-06	1.3832291999e-05
7.5000000000e+01	5.5931813655e-03	5.1663216623e-03	5.6914627090e-06	1.4147104008e-05
7.6000000000e+01	5.6074845693e-03	5.1605356122e-03	5.8809073301e-06	1.4458771285e-05
7.7000000000e+01	5.6220978283e-03	5.1545593221e-03	6.0719286517e-06	1.4767199622e-05
7.8000000000e+01	5.6370178609e-03	5.1483912570e-03	6.2644436401e-06	1.5072305580e-05
7.9000000000e+01	5.6522413074e-03	5.1420299639e-03	6.4583714372e-06	1.5374015862e-05
8.0000000000e+01	5.6677647394e-03	5.1354740694e-03	6.6536333746e-06	1.5672266704e-05
8.1000000000e+01	5.6835846693e-03	5.1287222779e-03	6.8501529800e-06	1.5967003283e-05
8.2000000000e+01	5.6996975590e-03	5.1217733690e-03	7.0478559749e-06	1.6258179154e-05
8.3000000000e+01	5.7160998278e-03	5.1146261956e-03	7.2466702674e-06	1.6545755708e-05
8.4000000000e+01	5.7327878601e-03	5.1072796814e-03	7.4465259371e-06	1.6829701649e-05
8.5000000000e+01	5.7497580126e-03	5.0997328192e-03	7.6473552170e-06	1.7109992501e-05
8.6000000000e+01	5.7670066207e-03	5.0919846683e-03	7.8490924688e-06	1.7386610131e-05
8.7000000000e+01	5.7845300044e-03	5.0840343528e-03	8.0516741558e-06	1.7659542302e-05
8.8000000000e+01	5.8023244745e-03	5.0758810591e-03	8.2550388114e-06	1.7928782243e-05
8.9000000000e+01	5.8203863375e-03	5.0675240340e-03	8.4591270051e-06	1.8194328241e-05
9.0000000000e+01	5.8387119006e-03	5.0589625830e-03	8.6638813059e-06	1.8456183263e-05
9.1000000000e+01	5.8572974761e-03	5.0501960679e-03	8.8692462436e-06	1.8714354585e-05
9.2000000000e+01	5.8761393856e-03	5.0412239049e-03	9.0751682682e-06	1.8968853453e-05
9.3000000000e+01	5.8952339637e-03	5.0320455629e-03	9.2815957079e-06	1.9219694759e-05
9.4000000000e+01	5.9145775619e-03	5.0226605616e-03	9.4884787266e-06	1.9466896735e-05
9.5000000000e+01	5.9341665512e-03	5.0130684696e-03	9.6957692794e-06	1.9710480665e-05
9.6000000000e+01	5.9539973252e-03	5.0032689027e-03	9.9034210684e-06	1.9950470620e-05
9.7000000000e+01	5.9740663033e-03	4.9932615220e-03	1.0111389498e-05	2.0186893200e-05
9.8000000000e+01	5.9943699321e-03	4.9830460325e-03	1.0319631629e-05	2.0419777298e-05
9.9000000000e+01	6.0149046887e-03	4.9726221813e-03	1.0528106135e-05	2.0649153880e-05
1.0000000000e+02	6.0356670816e-03	4.9619897560e-03	1.0736773256e-05	2.0875055775e-05
1.0100000000e+02	6.0566536535e-03	4.9511485833e-03	1.0945594754e-05	2.1097517480e-05
1.0200000000e+02	6.0778609818e-03	4.9400985273e-03	1.1154533868e-05	2.1316574984e-05
1.0300000000e+02	6.0992856811e-03	4.9288394882e-03	1.1363555271e-05	2.1532265589e-05
1.0400000000e+02	6.1209244035e-03	4.9173714007e-03	1.1572625028e-05	2.1744627764e-05
1.0500000000e+02	6.1427738403e-03	4.9056942329e-03	1.1781710547e-05	2.1953700988e-05
1.0600000000e+02	6.1648307226e-03	4.8938079848e-03	1.1990780546e-05	2.2159525621e-05
1.0700000000e+02	6.1870918224e-03	4.8817126870e-03	1.2199805004e-05	2.2362142772e-05
1.0800000000e+02	6.2095539529e-03	4.8694083995e-03	1.2408755124e-05	2.2561594187e-05
1.0900000000e+02	6.2322139696e-03	4.8568952107e-03	1.2617603293e-05	2.2757922133e-05
1.1000000000e+02	6.2550687703e-03	4.8441732358e-03	1.2826323041e-05	2.2951169306e-05
1.1100000000e+02	6.2781152956e-03	4.8312426159e-03	1.3034889007e-05	2.3141378729e-05
1.1200000000e+02	6.3013505296e-03	4.8181035171e-03	1.3243276897e-05	2.3328593672e-05
1.1300000000e+02	6.3247714993e-03	4.8047561292e-03	1.3451463452e-05	2.3512857571e-05
1.1400000000e+02	6.3483752755e-03	4.7912006648e-03	1.3659426410e-05	2.3694213954e-05
1.1500000000e+02	6.3721589725e-03	4.7774373581e-03	1.3867144474e-05	2.3872706375e-05
1.1600000000e+02	6.3961197481e-03	4.7634664643e-03	1.4074597275e-05	2.4048378353e-05
1.1700000000e+02	6.4202548036e-03	4.7492882584e-03	1.4281765343e-05	2.4221273313e-05
1.1800000000e+02	6.4445613835e-03	4.7349030347e-03	1.4488630075e-05	2.4391434538e-05
1.1900000000e+02	6.4690367758e-03	4.7203111053e-03	1.4695173701e-05	2.4558905117e-05
1.2000000000e+02	6.4936783112e-03	4.7055128000e-03	1.4901379260e-05	2.4723727909e-05
1.2100000000e+02	6.5184833632e-03	4.6905084649e-03	1.5107230565e-05	2.4885945496e-05
1.2200000000e+02	6.5434493479e-03	4.6752984621e-03	1.5312712178e-05	2.5045600156e-05
1.2300000000e+02	6.5685737232e-03	4.6598831687e-03	1.5517809386e-05	2.5202733823e-05
1.2400000000e+02	6.5938539890e-03	4.6442629761e-03	1.5722508168e-05	2.5357388064e-05
1.2500000000e+02	6.6192876866e-03	4.6284382896e-03	1.5926795176e-05	2.5509604052e-05
1.2600000000e+02	6.6448723980e-03	4.6124095273e-03	1.6130657704e-05	2.5659422541e-05
1.2700000000e+02	6.6706057459e-03	4.5961771197e-03	1.6334083671e-05	2.5806883847e-05
1.2800000000e+02	6.6964853932e-03	4.5797415093e-03	1.6537061593e-05	2.5952027831e-05
1.2900000000e+02	6.7225090423e-03	4.5631031495e-03	1.6739580564e-05	2.6094893879e-05
1.3000000000e+02	6.7486744346e-03	4.5462625046e-03	1.6941630231e-05	2.6235520895e-05
1.3100000000e+02	6.7749793505e-03	4.5292200488e-03	1.7143200777e-05	2.6373947281e-05
1.3200000000e+02	6.8014216083e-03	4.5119762659e-03	1.7344282897e-05	2.6510210932e-05
1.3300000000e+02	6.8279990639e-03	4.4945316487e-03	1.7544867784e-05	2.6644349226e-05
1.3400000000e+02	6.8547096106e-03	4.4768866988e-03	1.7744947103e-05	2.6776399018e-05
1.3500000000e+02	6.8815511779e-03	4.4590419257e-03	1.7944512980e-05	2.6906396630e-05
1.3600000000e+02	6.9085217317e-03	4.4409978465e-03	1.8143557980e-05	2.7034377852e-05
1.3700000000e+02	6.9356192733e-03	4.4227549857e-03	1.8342075092e-05	2.7160377935e-05
1.3800000000e+02	6.9628418388e-03	4.4043138745e-03	1.8540057712e-05	2.7284431589e-05
1.3900000000e+02	6.9901874990e-03	4.3856750505e-03	1.8737499630e-05	2.7406572984e-05
1.4000000000e+02	7.0176543586e-03	4.3668390574e-03	1.8934395008e-05	2.7526835746e-05
1.4100000000e+02	7.0452405553e-03	4.3478064445e-03	1.9130738375e-05	2.7645252962e-05
1.4200000000e+02	7.0729442601e-03	4.3285777664e-03	1.9326524604e-05	2.7761857175e-05
1.4300000000e+02	7.1007636760e-03	4.3091535826e-03	1.9521748905e-05	2.7876680392e-05
1.4400000000e+02	7.1286970378e-03	4.2895344574e-03	1.9716406808e-05	2.7989754083e-05
1.4500000000e+02	7.1567426113e-03	4.2697209592e-03	1.9910494153e-05	2.8101109184e-05
1.4600000000e+02	7.1848986934e-03	4.2497136605e-03	2.0104007074e-05	2.8210776103e-05
1.4700000000e+02	7.2131636108e-03	4.2295131377e-03	2.0296941994e-05	2.8318784720e-05
1.4800000000e+02	7.2415357199e-03	4.2091199703e-03	2.0489295605e-05	2.8425164396e-05
1.4900000000e+02	7.2700134062e-03	4.1885347413e-03	2.0681064865e-05	2.8529943974e-05
1.5000000000e+02	7.2985950839e-03	4.1677580363e-03	2.0872246984e-05	2.8633151786e-05
1.5100000000e+02	7.3272791951e-03	4.1467904439e-03	2.1062839412e-05	2.8734815659e-05
1.5200000000e+02	7.3560642097e-03	4.1256325548e-03	2.1252839835e-05	2.8834962919e-05
1.5300000000e+02	7.3849486244e-03	4.1042849622e-03	2.1442246158e-05	2.8933620397e-05
1.5400000000e+02	7.4139309627e-03	4.0827482612e-03	2.1631056503e-05	2.9030814437e-05
1.5500000000e+02	7.4430097741e-03	4.0610230484e-03	2.1819269198e-05	2.9126570902e-05
1.5600000000e+02	7.4721836338e-03	4.0391099225e-03	2.2006882765e-05	2.9220915177e-05
1.5700000000e+02	7.5014511420e-03	4.0170094831e-03	2.2193895917e-05	2.9313872181e-05
1.5800000000e+02	7.5308109239e-03	3.9947223312e-03	2.2380307549e-05	2.9405466368e-05
1.5900000000e+02	7.5602616285e-03	3.9722490688e-03	2.2566116728e-05	2.9495721741e-05
1.6000000000e+02	7.5898019289e-03	3.9495902988e-03	2.2751322688e-05	2.9584661850e-05
1.6100000000e+02	7.6194305215e-03	3.9267466247e-03	2.2935924825e-05	2.9672309807e-05
1.6200000000e+02	7.6491461254e-03	3.9037186506e-03	2.3119922684e-05	2.9758688287e-05
1.6300000000e+02	7.6789474823e-03	3.8805069808e-03	2.3303315960e-05	2.9843819540e-05
1.6400000000e+02	7.7088333560e-03	3.8571122202e-03	2.3486104486e-05	2.9927725393e-05
1.6500000000e+02	7.7388025318e-03	3.8335349735e-03	2.3668288232e-05	3.0010427262e-05
1.6600000000e+02	7.7688538162e-03	3.8097758453e-03	2.3849867294e-05	3.0091946155e-05
1.6700000000e+02	7.7989860366e-03	3.7858354404e-03	2.4030841894e-05	3.0172302680e-05
1.6800000000e+02	7.8291980408e-03	3.7617143629e-03	2.4211212369e-05	3.0251517054e-05
1.6900000000e+02	7.8594886966e-03	3.7374132169e-03	2.4390979170e-05	3.0329609107e-05
1.7000000000e+02	7.8898568914e-03	3.7129326056e-03	2.4570142858e-05	3.0406598291e-05
1.7100000000e+02	7.9203015320e-03	3.6882731320e-03	2.4748704094e-05	3.0482503686e-05
1.7200000000e+02	7.9508215438e-03	3.6634353980e-03	2.4926663638e-05	3.0557344006e-05
1.7300000000e+02	7.9814158711e-03	3.6384200050e-03	2.5104022347e-05	3.0631137608e-05
1.7400000000e+02	8.0120834761e-03	3.6132275533e-03	2.5280781166e-05	3.0703902496e-05
1.7500000000e+02	8.0428233390e-03	3.5878586422e-03	2.5456941125e-05	3.0775656328e-05
1.7600000000e+02	8.0736344575e-03	3.5623138703e-03	2.5632503337e-05	3.0846416425e-05
1.7700000000e+02	8.1045158463e-03	3.5365938344e-03	2.5807468994e-05	3.0916199775e-05
1.7800000000e+02	8.1354665370e-03	3.5106991307e-03	2.5981839362e-05	3.0985023039e-05
1.7900000000e+02	8.1664855778e-03	3.4846303537e-03	2.6155615777e-05	3.1052902560e-05
1.8000000000e+02	8.1975720329e-03	3.4583880967e-03	2.6328799646e-05	3.1119854365e-05
1.8100000000e+02	8.2287249826e-03	3.4319729514e-03	2.6501392437e-05	3.1185894175e-05
1.8200000000e+02	8.2599435224e-03	3.4053855083e-03	2.6673395682e-05	3.1251037409e-05
1.8300000000e+02	8.2912267636e-03	3.3786263560e-03	2.6844810970e-05	3.1315299190e-05
1.8400000000e+02	8.3225738319e-03	3.3516960818e-03	2.7015639946e-05	3.1378694353e-05
1.8500000000e+02	8.3539838682e-03	3.3245952710e-03	2.7185884309e-05	3.1441237446e-05
1.8600000000e+02	8.3854560276e-03	3.2973245075e-03	2.7355545807e-05	3.1502942740e-05
1.8700000000e+02	8.4169894791e-03	3.2698843731e-03	2.7524626235e-05	3.1563824234e-05
1.8800000000e+02	8.4485834060e-03	3.2422754481e-03	2.7693127436e-05	3.1623895656e-05
1.8900000000e+02	8.4802370049e-03	3.2144983107e-03	2.7861051292e-05	3.1683170476e-05
1.9000000000e+02	8.5119494858e-03	3.1865535373e-03	2.8028399729e-05	3.1741661904e-05
1.9100000000e+02	8.5437200719e-03	3.1584417024e-03	2.8195174710e-05	3.1799382901e-05
1.9200000000e+02	8.5755479991e-03	3.1301633784e-03	2.8361378233e-05	3.1856346177e-05
1.9300000000e+02	8.6074325158e-03	3.1017191357e-03	2.8527012332e-05	3.1912564204e-05
1.9400000000e+02	8.6393728831e-03	3.0731095428e-03	2.8692079074e-05	3.1968049216e-05
1.9500000000e+02	8.6713683739e-03	3.0443351660e-03	2.8856580554e-05	3.2022813215e-05
1.9600000000e+02	8.7034182732e-03	3.0153965694e-03	2.9020518897e-05	3.2076867974e-05
1.9700000000e+02	8.7355218773e-03	2.9862943152e-03	2.9183896255e-05	3.2130225047e-05
1.9800000000e+02	8.7676784945e-03	2.9570289632e-03	2.9346714804e-05	3.2182895765e-05
1.9900000000e+02	8.7998874438e-03	2.9276010711e-03	2.9508976747e-05	3.2234891249e-05
2.0000000000e+02	8.8321480555e-03	2.8980111945e-03	2.9670684305e-05	3.2286222409e-05
2.0100000000e+02	8.8644596707e-03	2.8682598866e-03	2.9831839722e-05	3.2336899949e-05
2.0200000000e+02	8.8968216411e-03	2.8383476983e-03	2.9992445261e-05	3.2386934373e-05
2.0300000000e+02	8.9292333285e-03	2.8082751786e-03	3.0152503202e-05	3.2436335989e-05
2.0400000000e+02	8.9616941055e-03	2.7780428737e-03	3.0312015842e-05	3.2485114911e-05
2.0500000000e+02	8.9942033541e-03	2.7476513279e-03	3.0470985494e-05	3.2533281063e-05
2.0600000000e+02	9.0267604666e-03	2.7171010829e-03	3.0629414484e-05	3.2580844186e-05
2.0700000000e+02	9.0593648447e-03	2.6863926784e-03	3.0787305151e-05	3.2627813839e-05
2.0800000000e+02	9.0920158996e-03	2.6555266513e-03	3.0944659848e-05	3.2674199401e-05
2.0900000000e+02	9.1247130518e-03	2.6245035365e-03	3.1101480935e-05	3.2720010082e-05
2.1000000000e+02	9.1574557311e-03	2.5933238665e-03	3.1257770784e-05	3.2765254916e-05
2.1100000000e+02	9.1902433760e-03	2.5619881712e-03	3.1413531776e-05	3.2809942775e-05
2.1200000000e+02	9.2230754339e-03	2.5304969784e-03	3.1568766299e-05	3.2854082363e-05
2.1300000000e+02	9.2559513608e-03	2.4988508133e-03	3.1723476749e-05	3.2897682227e-05
2.1400000000e+02	9.2888706213e-03	2.4670501988e-03	3.1877665525e-05	3.2940750755e-05
2.1500000000e+02	9.3218326880e-03	2.4350956554e-03	3.2031335035e-05	3.2983296184e-05
2.1600000000e+02	9.3548370420e-03	2.4029877010e-03	3.2184487689e-05	3.3025326596e-05
2.1700000000e+02	9.3878831722e-03	2.3707268515e-03	3.2337125902e-05	3.3066849930e-05
2.1800000000e+02	9.4209705754e-03	2.3383136199e-03	3.2489252089e-05	3.3107873977e-05
2.1900000000e+02	9.4540987562e-03	2.3057485172e-03	3.2640868672e-05	3.3148406388e-05
2.2000000000e+02	9.4872672268e-03	2.2730320516e-03	3.2791978069e-05	3.3188454675e-05
2.2100000000e+02	9.5204755067e-03	2.2401647293e-03	3.2942582703e-05	3.3228026214e-05
2.2200000000e+02	9.5537231227e-03	2.2071470537e-03	3.3092684996e-05	3.3267128248e-05
2.2300000000e+02	9.5870096090e-03	2.1739795259e-03	3.3242287368e-05	3.3305767888e-05
2.2400000000e+02	9.6203345067e-03	2.1406626448e-03	3.3391392241e-05	3.3343952119e-05
2.2500000000e+02	9.6536973638e-03	2.1071969065e-03	3.3540002032e-05	3.3381687800e-05
2.2600000000e+02	9.6870977350e-03	2.0735828049e-03	3.3688119160e-05	3.3418981668e-05
2.2700000000e+02	9.7205351820e-03	2.0398208316e-03	3.3835746037e-05	3.3455840337e-05
2.2800000000e+02	9.7540092728e-03	2.0059114755e-03	3.3982885076e-05	3.3492270307e-05
2.2900000000e+02	9.7875195819e-03	1.9718552232e-03	3.4129538684e-05	3.3528277960e-05
2.3000000000e+02	9.8210656900e-03	1.9376525591e-03	3.4275709265e-05	3.3563869565e-05
2.3100000000e+02	9.8546471844e-03	1.9033039649e-03	3.4421399218e-05	3.3599051281e-05
2.3200000000e+02	9.8882636580e-03	1.8688099201e-03	3.4566610939e-05	3.3633829156e-05
2.3300000000e+02	9.9219147101e-03	1.8341709016e-03	3.4711346817e-05	3.3668209135e-05
2.3400000000e+02	9.9555999456e-03	1.7993873843e-03	3.4855609236e-05	3.3702197056e-05
2.3500000000e+02	9.9893189754e-03	1.7644598402e-03	3.4999400575e-05	3.3735798655e-05
2.3600000000e+02	1.0023071416e-02	1.7293887393e-03	3.5142723206e-05	3.3769019569e-05
2.3700000000e+02	1.0056856889e-02	1.6941745492e-03	3.5285579495e-05	3.3801865335e-05
2.3800000000e+02	1.0090675023e-02	1.6588177350e-03	3.5427971800e-05	3.3834341395e-05
2.3900000000e+02	1.0124525451e-02	1.6233187595e-03	3.5569902474e-05	3.3866453095e-05
2.4000000000e+02	1.0158407810e-02	1.5876780832e-03	3.5711373861e-05	3.3898205689e-05
2.4100000000e+02	1.0192321744e-02	1.5518961641e-03	3.5852388299e-05	3.3929604342e-05
2.4200000000e+02	1.0226266902e-02	1.5159734581e-03	3.5992948117e-05	3.3960654127e-05
2.4300000000e+02	1.0260242938e-02	1.4799104186e-03	3.6133055635e-05	3.3991360033e-05
2.4400000000e+02	1.0294249509e-02	1.4437074968e-03	3.6272713166e-05	3.4021726960e-05
2.4500000000e+02	1.0328286280e-02	1.4073651415e-03	3.6411923016e-05	3.4051759726e-05
2.4600000000e+02	1.0362352919e-02	1.3708837993e-03	3.6550687479e-05	3.4081463068e-05
2.4700000000e+02	1.0396449098e-02	1.3342639143e-03	3.6689008842e-05	3.4110841641e-05
2.4800000000e+02	1.0430574496e-02	1.2975059285e-03	3.6826889383e-05	3.4139900019e-05
2.4900000000e+02	1.0464728793e-02	1.2606102817e-03	3.6964331371e-05	3.4168642702e-05
2.5000000000e+02	1.0498911677e-02	1.2235774112e-03	3.7101337064e-05	3.4197074113e-05
2.5100000000e+02	1.0533122839e-02	1.1864077522e-03	3.7237908712e-05	3.4225198598e-05
2.5200000000e+02	1.0567361974e-02	1.1491017377e-03	3.7374048555e-05	3.4253020434e-05
2.5300000000e+02	1.0601628780e-02	1.1116597983e-03	3.7509758822e-05	3.4280543822e-05
2.5400000000e+02	1.0635922963e-02	1.0740823625e-03	3.7645041734e-05	3.4307772897e-05
2.5500000000e+02	1.0670244229e-02	1.0363698566e-03	3.7779899501e-05	3.4334711721e-05
2.5600000000e+02	1.0704592291e-02	9.9852270451e-04	3.7914334323e-05	3.4361364291e-05
2.5700000000e+02	1.0738966864e-02	9.6054132818e-04	3.8048348388e-05	3.4387734537e-05
2.5800000000e+02	1.0773367667e-02	9.2242614726e-04	3.8181943876e-05	3.4413826324e-05
2.5900000000e+02	1.0807794425e-02	8.8417757923e-04	3.8315122957e-05	3.4439643452e-05
2.6000000000e+02	1.0842246864e-02	8.4579603943e-04	3.8447887787e-05	3.4465189661e-05
2.6100000000e+02	1.0876724715e-02	8.0728194103e-04	3.8580240514e-05	3.4490468626e-05
2.6200000000e+02	1.0911227713e-02	7.6863569506e-04	3.8712183276e-05	3.4515483964e-05
2.6300000000e+02	1.0945755596e-02	7.2985771042e-04	3.8843718198e-05	3.4540239234e-05
2.6400000000e+02	1.0980308106e-02	6.9094839390e-04	3.8974847395e-05	3.4564737934e-05
2.6500000000e+02	1.1014884988e-02	6.5190815017e-04	3.9105572973e-05	3.4588983507e-05
2.6600000000e+02	1.1049485990e-02	6.1273738180e-04	3.9235897024e-05	3.4612979339e-05
2.6700000000e+02	1.1084110865e-02	5.7343648927e-04	3.9365821630e-05	3.4636728763e-05
2.6800000000e+02	1.1118759367e-02	5.3400587099e-04	3.9495348864e-05	3.4660235056e-05
2.6900000000e+02	1.1153431255e-02	4.9444592331e-04	3.9624480786e-05	3.4683501445e-05
2.7000000000e+02	1.1188126291e-02	4.5475704051e-04	3.9753219444e-05	3.4706531101e-05
2.7100000000e+02	1.1222844239e-02	4.1493961483e-04	3.9881566879e-05	3.4729327148e-05
2.7200000000e+02	1.1257584868e-02	3.7499403649e-04	4.0009525116e-05	3.4751892659e-05
2.7300000000e+02	1.1292347948e-02	3.3492069366e-04	4.0137096171e-05	3.4774230657e-05
2.7400000000e+02	1.1327133254e-02	2.9471997254e-04	4.0264282051e-05	3.4796344118e-05
2.7500000000e+02	1.1361940563e-02	2.5439225729e-04	4.0391084747e-05	3.4818235970e-05
2.7600000000e+02	1.1396769653e-02	2.1393793011e-04	4.0517506244e-05	3.4839909096e-05
2.7700000000e+02	1.1431620309e-02	1.7335737121e-04	4.0643548512e-05	3.4861366333e-05
2.7800000000e+02	1.1466492315e-02	1.3265095884e-04	4.0769213512e-05	3.4882610472e-05
2.7900000000e+02	1.1501385460e-02	9.1819069291e-05	4.0894503192e-05	3.4903644261e-05
2.8000000000e+02	1.1536299534e-02	5.0862076915e-05	4.1019419491e-05	3.4924470406e-05
2.8100000000e+02	1.1571234332e-02	9.7803541271e-06	4.1143964335e-05	3.4945091569e-05
2.8200000000e+02	1.1606189650e-02	-3.1425728576e-05	4.1268139641e-05	3.4965510373e-05
2.8300000000e+02	1.1641165287e-02	-7.2755802610e-05	4.1391947311e-05	3.4985729398e-05
2.8400000000e+02	1.1676161043e-02	-1.1420950129e-04	4.1515389241e-05	3.5005751184e-05
2.8500000000e+02	1.1711176724e-02	-1.5578645981e-04	4.1638467312e-05	3.5025578234e-05
2.8600000000e+02	1.1746212136e-02	-1.9748631525e-04	4.1761183394e-05	3.5045213009e-05
2.8700000000e+02	1.1781267087e-02	-2.3930870655e-04	4.1883539349e-05	3.5064657935e-05
2.8800000000e+02	1.1816341389e-02	-2.8125327452e-04	4.2005537026e-05	3.5083915400e-05
2.8900000000e+02	1.1851434856e-02	-3.2331966179e-04	4.2127178262e-05	3.5102987755e-05
2.9000000000e+02	1.1886547303e-02	-3.6550751284e-04	4.2248464884e-05	3.5121877315e-05
2.9100000000e+02	1.1921678550e-02	-4.0781647396e-04	4.2369398709e-05	3.5140586361e-05
2.9200000000e+02	1.1956828417e-02	-4.5024619326e-04	4.2489981541e-05	3.5159117138e-05
2.9300000000e+02	1.1991996726e-02	-4.9279632064e-04	4.2610215176e-05	3.5177471857e-05
2.9400000000e+02	1.2027183303e-02	-5.3546650780e-04	4.2730101396e-05	3.5195652697e-05
2.9500000000e+02	1.2062387974e-02	-5.7825640822e-04	4.2849641974e-05	3.5213661803e-05
2.9600000000e+02	1.2097610570e-02	-6.2116567713e-04	4.2968838671e-05	3.5231501288e-05
2.9700000000e+02	1.2132850921e-02	-6.6419397152e-04	4.3087693240e-05	3.5249173233e-05
2.9800000000e+02	1.2168108861e-02	-7.0734095014e-04	4.3206207420e-05	3.5266679689e-05
2.9900000000e+02	1.2203384226e-02	-7.5060627347e-04	4.3324382940e-05	3.5284022674e-05
3.0000000000e+02	1.2238676852e-02	-7.9398960371e-04	4.3442221520e-05	3.5301204179e-05
3.0100000000e+02	1.2273986581e-02	-8.3749060477e-04	4.3559724869e-05	3.5318226164e-05
3.0200000000e+02	1.2309313252e-02	-8.8110894227e-04	4.3676894684e-05	3.5335090560e-05
3.0300000000e+02	1.2344656710e-02	-9.2484428352e-04	4.3793732652e-05	3.5351799268e-05
3.0400000000e+02	1.2380016799e-02	-9.6869629752e-04	4.3910240451e-05	3.5368354164e-05
3.0500000000e+02	1.2415393368e-02	-1.0126646549e-03	4.4026419746e-05	3.5384757095e-05
3.0600000000e+02	1.2450786264e-02	-1.0567490281e-03	4.4142272195e-05	3.5401009880e-05
3.0700000000e+02	1.2486195338e-02	-1.1009490909e-03	4.4257799443e-05	3.5417114313e-05
3.0800000000e+02	1.2521620443e-02	-1.1452645191e-03	4.4373003125e-05	3.5433072161e-05
3.0900000000e+02	1.2557061434e-02	-1.1896949898e-03	4.4487884867e-05	3.5448885165e-05
3.1000000000e+02	1.2592518166e-02	-1.2342401821e-03	4.4602446284e-05	3.5464555041e-05
3.1100000000e+02	1.2627990497e-02	-1.2788997762e-03	4.4716688981e-05	3.5480083481e-05
3.1200000000e+02	1.2663478286e-02	-1.3236734543e-03	4.4830614554e-05	3.5495472151e-05
3.1300000000e+02	1.2698981395e-02	-1.3685609001e-03	4.4944224586e-05	3.5510722694e-05
3.1400000000e+02	1.2734499686e-02	-1.4135617988e-03	4.5057520653e-05	3.5525836730e-05
3.1500000000e+02	1.2770033024e-02	-1.4586758373e-03	4.5170504321e-05	3.5540815854e-05
3.1600000000e+02	1.2805581274e-02	-1.5039027038e-03	4.5283177144e-05	3.5555661641e-05
3.1700000000e+02	1.2841144303e-02	-1.5492420885e-03	4.5395540667e-05	3.5570375640e-05
3.1800000000e+02	1.2876721981e-02	-1.5946936826e-03	4.5507596428e-05	3.5584959380e-05
3.1900000000e+02	1.2912314179e-02	-1.6402571792e-03	4.5619345950e-05	3.5599414368e-05
3.2000000000e+02	1.2947920768e-02	-1.6859322729e-03	4.5730790752e-05	3.5613742091e-05
3.2100000000e+02	1.2983541621e-02	-1.7317186597e-03	4.5841932339e-05	3.5627944013e-05
3.2200000000e+02	1.3019176614e-02	-1.7776160370e-03	4.5952772209e-05	3.5642021577e-05
3.2300000000e+02	1.3054825623e-02	-1.8236241040e-03	4.6063311849e-05	3.5655976208e-05
3.2400000000e+02	1.3090488526e-02	-1.8697425611e-03	4.6173552739e-05	3.5669809310e-05
3.2500000000e+02	1.3126165202e-02	-1.9159711104e-03	4.6283496346e-05	3.5683522267e-05
3.2600000000e+02	1.3161855531e-02	-1.9623094552e-03	4.6393144130e-05	3.5697116443e-05
3.2700000000e+02	1.3197559396e-02	-2.0087573005e-03	4.6502497542e-05	3.5710593185e-05
3.2800000000e+02	1.3233276679e-02	-2.0553143527e-03	4.6611558023e-05	3.5723953820e-05
3.2900000000e+02	1.3269007265e-02	-2.1019803194e-03	4.6720327004e-05	3.5737199657e-05
3.3000000000e+02	1.3304751040e-02	-2.1487549100e-03	4.6828805910e-05	3.5750331987e-05
3.3100000000e+02	1.3340507892e-02	-2.1956378350e-03	4.6936996153e-05	3.5763352082e-05
3.3200000000e+02	1.3376277707e-02	-2.2426288065e-03	4.7044899139e-05	3.5776261199e-05
3.3300000000e+02	1.3412060377e-02	-2.2897275380e-03	4.7152516263e-05	3.5789060574e-05
3.3400000000e+02	1.3447855792e-02	-2.3369337442e-03	4.7259848912e-05	3.5801751431e-05
3.3500000000e+02	1.3483663845e-02	-2.3842471415e-03	4.7366898466e-05	3.5814334974e-05
3.3600000000e+02	1.3519484427e-02	-2.4316674473e-03	4.7473666292e-05	3.5826812390e-05
3.3700000000e+02	1.3555317434e-02	-2.4791943806e-03	4.7580153753e-05	3.5839184852e-05
3.3800000000e+02	1.3591162762e-02	-2.5268276618e-03	4.7686362201e-05	3.5851453517e-05
3.3900000000e+02	1.3627020307e-02	-2.5745670124e-03	4.7792292978e-05	3.5863619525e-05
3.4000000000e+02	1.3662889967e-02	-2.6224121556e-03	4.7897947420e-05	3.5875684001e-05
3.4100000000e+02	1.3698771642e-02	-2.6703628156e-03	4.8003326854e-05	3.5887648056e-05
3.4200000000e+02	1.3734665230e-02	-2.7184187181e-03	4.8108432598e-05	3.5899512784e-05
3.4300000000e+02	1.3770570634e-02	-2.7665795900e-03	4.8213265961e-05	3.5911279267e-05
3.4400000000e+02	1.3806487756e-02	-2.8148451596e-03	4.8317828245e-05	3.5922948571e-05
3.4500000000e+02	1.3842416500e-02	-2.8632151566e-03	4.8422120742e-05	3.5934521747e-05
3.4600000000e+02	1.3878356768e-02	-2.9116893116e-03	4.8526144740e-05	3.5945999833e-05
3.4700000000e+02	1.3914308468e-02	-2.9602673570e-03	4.8629901513e-05	3.5957383855e-05
3.4800000000e+02	1.3950271505e-02	-3.0089490260e-03	4.8733392330e-05	3.5968674821e-05
3.4900000000e+02	1.3986245787e-02	-3.0577340534e-03	4.8836618453e-05	3.5979873731e-05
3.5000000000e+02	1.4022231222e-02	-3.1066221751e-03	4.8939581135e-05	3.5990981568e-05
3.5100000000e+02	1.4058227720e-02	-3.1556131283e-03	4.9042281619e-05	3.6001999303e-05
3.5200000000e+02	1.4094235191e-02	-3.2047066514e-03	4.9144721143e-05	3.6012927895e-05
3.5300000000e+02	1.4130253546e-02	-3.2539024840e-03	4.9246900936e-05	3.6023768291e-05
3.5400000000e+02	1.4166282698e-02	-3.3032003671e-03	4.9348822219e-05	3.6034521423e-05
3.5500000000e+02	1.4202322560e-02	-3.3526000427e-03	4.9450486206e-05	3.6045188213e-05
3.5600000000e+02	1.4238373046e-02	-3.4021012541e-03	4.9551894102e-05	3.6055769571e-05
3.5700000000e+02	1.4274434071e-02	-3.4517037459e-03	4.9653047107e-05	3.6066266396e-05
3.5800000000e+02	1.4310505551e-02	-3.5014072637e-03	4.9753946411e-05	3.6076679572e-05
3.5900000000e+02	1.4346587403e-02	-3.5512115545e-03	4.9854593196e-05	3.6087009975e-05
3.6000000000e+02	1.4382679544e-02	-3.6011163664e-03	4.9954988640e-05	3.6097258468e-05
3.6100000000e+02	1.4418781893e-02	-3.6511214484e-03	5.0055133909e-05	3.6107425905e-05
3.6200000000e+02	1.4454894369e-02	-3.7012265512e-03	5.0155030166e-05	3.6117513126e-05
3.6300000000e+02	1.4491016893e-02	-3.7514314261e-03	5.0254678564e-05	3.6127520962e-05
3.6400000000e+02	1.4527149385e-02	-3.8017358261e-03	5.0354080249e-05	3.6137450234e-05
3.6500000000e+02	1.4563291767e-02	-3.8521395048e-03	5.0453236362e-05	3.6147301752e-05
3.6600000000e+02	1.4599443963e-02	-3.9026422173e-03	5.0552148033e-05	3.6157076314e-05
3.6700000000e+02	1.4635605894e-02	-3.9532437197e-03	5.0650816387e-05	3.6166774711e-05
3.6800000000e+02	1.4671777487e-02	-4.0039437694e-03	5.0749242544e-05	3.6176397722e-05
3.6900000000e+02	1.4707958665e-02	-4.0547421245e-03	5.0847427614e-05	3.6185946117e-05
3.7000000000e+02	1.4744149355e-02	-4.1056385446e-03	5.0945372700e-05	3.6195420655e-05
3.7100000000e+02	1.4780349482e-02	-4.1566327902e-03	5.1043078901e-05	3.6204822087e-05
3.7200000000e+02	1.4816558975e-02	-4.2077246231e-03	5.1140547306e-05	3.6214151155e-05
3.7300000000e+02	1.4852777760e-02	-4.2589138060e-03	5.1237778998e-05	3.6223408590e-05
3.7400000000e+02	1.4889005768e-02	-4.3102001026e-03	5.1334775055e-05	3.6232595115e-05
3.7500000000e+02	1.4925242927e-02	-4.3615832779e-03	5.1431536547e-05	3.6241711443e-05
3.7600000000e+02	1.4961489168e-02	-4.4130630978e-03	5.1528064536e-05	3.6250758279e-05
3.7700000000e+02	1.4997744421e-02	-4.4646393295e-03	5.1624360080e-05	3.6259736321e-05
3.7800000000e+02	1.5034008618e-02	-4.5163117409e-03	5.1720424229e-05	3.6268646255e-05
3.7900000000e+02	1.5070281691e-02	-4.5680801011e-03	5.1816258026e-05	3.6277488760e-05
3.8000000000e+02	1.5106563573e-02	-4.6199441805e-03	5.1911862509e-05	3.6286264507e-05
3.8100000000e+02	1.5142854198e-02	-4.6719037501e-03	5.2007238708e-05	3.6294974160e-05
3.8200000000e+02	1.5179153500e-02	-4.7239585821e-03	5.2102387648e-05	3.6303618371e-05
3.8300000000e+02	1.5215461413e-02	-4.7761084499e-03	5.2197310347e-05	3.6312197789e-05
3.8400000000e+02	1.5251777874e-02	-4.8283531278e-03	5.2292007816e-05	3.6320713051e-05
3.8500000000e+02	1.5288102818e-02	-4.8806923908e-03	5.2386481062e-05	3.6329164788e-05
3.8600000000e+02	1.5324436182e-02	-4.9331260155e-03	5.2480731082e-05	3.6337553625e-05
3.8700000000e+02	1.5360777904e-02	-4.9856537789e-03	5.2574758872e-05	3.6345880175e-05
3.8800000000e+02	1.5397127922e-02	-5.0382754595e-03	5.2668565416e-05	3.6354145048e-05
3.8900000000e+02	1.5433486174e-02	-5.0909908363e-03	5.2762151698e-05	3.6362348845e-05
3.9000000000e+02	1.5469852600e-02	-5.1437996898e-03	5.2855518691e-05	3.6370492159e-05
3.9100000000e+02	1.5506227138e-02	-5.1967018009e-03	5.2948667364e-05	3.6378575577e-05
3.9200000000e+02	1.5542609731e-02	-5.2496969520e-03	5.3041598681e-05	3.6386599678e-05
3.9300000000e+02	1.5579000318e-02	-5.3027849262e-03	5.3134313599e-05	3.6394565036e-05
3.9400000000e+02	1.5615398842e-02	-5.3559655074e-03	5.3226813069e-05	3.6402472216e-05
3.9500000000e+02	1.5651805244e-02	-5.4092384808e-03	5.3319098036e-05	3.6410321778e-05
3.9600000000e+02	1.5688219466e-02	-5.4626036323e-03	5.3411169441e-05	3.6418114273e-05
3.9700000000e+02	1.5724641453e-02	-5.5160607488e-03	5.3503028217e-05	3.6425850248e-05
3.9800000000e+02	1.5761071148e-02	-5.5696096182e-03	5.3594675292e-05	3.6433530242e-05
3.9900000000e+02	1.5797508495e-02	-5.6232500291e-03	5.3686111590e-05	3.6441154789e-05
4.0000000000e+02	1.5833953439e-02	-5.6769817714e-03	5.3777338027e-05	3.6448724416e-05
4.0100000000e+02	1.5870405926e-02	-5.7308046355e-03	5.3868355515e-05	3.6456239643e-05
4.0200000000e+02	1.5906865901e-02	-5.7847184131e-03	5.3959164960e-05	3.6463700985e-05
4.0300000000e+02	1.5943333310e-02	-5.8387228964e-03	5.4049767262e-05	3.6471108950e-05
4.0400000000e+02	1.5979808101e-02	-5.8928178789e-03	5.4140163316e-05	3.6478464042e-05
4.0500000000e+02	1.6016290221e-02	-5.9470031546e-03	5.4230354013e-05	3.6485766758e-05
4.0600000000e+02	1.6052779617e-02	-6.0012785187e-03	5.4320340236e-05	3.6493017588e-05
4.0700000000e+02	1.6089276239e-02	-6.0556437672e-03	5.4410122865e-05	3.6500217018e-05
4.0800000000e+02	1.6125780034e-02	-6.1100986969e-03	5.4499702772e-05	3.6507365527e-05
4.0900000000e+02	1.6162290953e-02	-6.1646431055e-03	5.4589080828e-05	3.6514463591e-05
4.1000000000e+02	1.6198808945e-02	-6.2192767915e-03	5.4678257893e-05	3.6521511678e-05
4.1100000000e+02	1.6235333960e-02	-6.2739995545e-03	5.4767234828e-05	3.6528510251e-05
4.1200000000e+02	1.6271865949e-02	-6.3288111948e-03	5.4856012485e-05	3.6535459769e-05
4.1300000000e+02	1.6308404863e-02	-6.3837115134e-03	5.4944591711e-05	3.6542360685e-05
4.1400000000e+02	1.6344950654e-02	-6.4387003123e-03	5.5032973349e-05	3.6549213446e-05
4.1500000000e+02	1.6381503274e-02	-6.4937773945e-03	5.5121158238e-05	3.6556018495e-05
4.1600000000e+02	1.6418062675e-02	-6.5489425635e-03	5.5209147209e-05	3.6562776270e-05
4.1700000000e+02	1.6454628811e-02	-6.6041956239e-03	5.5296941091e-05	3.6569487204e-05
4.1800000000e+02	1.6491201634e-02	-6.6595363809e-03	5.5384540707e-05	3.6576151724e-05
4.1900000000e+02	1.6527781099e-02	-6.7149646408e-03	5.5471946874e-05	3.6582770253e-05
4.2000000000e+02	1.6564367160e-02	-6.7704802105e-03	5.5559160405e-05	3.6589343210e-05
4.2100000000e+02	1.6600959771e-02	-6.8260828977e-03	5.5646182110e-05	3.6595871008e-05
4.2200000000e+02	1.6637558887e-02	-6.8817725110e-03	5.5733012791e-05	3.6602354056e-05
4.2300000000e+02	1.6674164464e-02	-6.9375488598e-03	5.5819653248e-05	3.6608792759e-05
4.2400000000e+02	1.6710776458e-02	-6.9934117544e-03	5.5906104274e-05	3.6615187516e-05
4.2500000000e+02	1.6747394824e-02	-7.0493610055e-03	5.5992366659e-05	3.6621538722e-05
4.2600000000e+02	1.6784019521e-02	-7.1053964251e-03	5.6078441187e-05	3.6627846769e-05
4.2700000000e+02	1.6820650504e-02	-7.1615178255e-03	5.6164328640e-05	3.6634112043e-05
4.2800000000e+02	1.6857287731e-02	-7.2177250202e-03	5.6250029792e-05	3.6640334927e-05
4.2900000000e+02	1.6893931160e-02	-7.2740178233e-03	5.6335545415e-05	3.6646515798e-05
4.3000000000e+02	1.6930580748e-02	-7.3303960495e-03	5.6420876274e-05	3.6652655031e-05
4.3100000000e+02	1.6967236456e-02	-7.3868595145e-03	5.6506023133e-05	3.6658752996e-05
4.3200000000e+02	1.7003898241e-02	-7.4434080347e-03	5.6590986749e-05	3.6664810058e-05
4.3300000000e+02	1.7040566062e-02	-7.5000414272e-03	5.6675767874e-05	3.6670826579e-05
4.3400000000e+02	1.7077239881e-02	-7.5567595098e-03	5.6760367259e-05	3.6676802917e-05
4.3500000000e+02	1.7113919655e-02	-7.6135621013e-03	5.6844785647e-05	3.6682739426e-05
4.3600000000e+02	1.7150605346e-02	-7.6704490210e-03	5.6929023778e-05	3.6688636456e-05
4.3700000000e+02	1.7187296915e-02	-7.7274200891e-03	5.7013082389e-05	3.6694494354e-05
4.3800000000e+02	1.7223994322e-02	-7.7844751262e-03	5.7096962211e-05	3.6700313461e-05
4.3900000000e+02	1.7260697529e-02	-7.8416139541e-03	5.7180663971e-05	3.6706094117e-05
4.4000000000e+02	1.7297406498e-02	-7.8988363951e-03	5.7264188392e-05	3.6711836656e-05
4.4100000000e+02	1.7334121190e-02	-7.9561422720e-03	5.7347536194e-05	3.6717541411e-05
4.4200000000e+02	1.7370841568e-02	-8.0135314088e-03	5.7430708092e-05	3.6723208709e-05
4.4300000000e+02	1.7407567595e-02	-8.0710036298e-03	5.7513704796e-05	3.6728838875e-05
4.4400000000e+02	1.7444299233e-02	-8.1285587602e-03	5.7596527013e-05	3.6734432230e-05
4.4500000000e+02	1.7481036447e-02	-8.1861966259e-03	5.7679175445e-05	3.6739989091e-05
4.4600000000e+02	1.7517779199e-02	-8.2439170534e-03	5.7761650791e-05	3.6745509772e-05
4.4700000000e+02	1.7554527455e-02	-8.3017198700e-03	5.7843953746e-05	3.6750994585e-05
4.4800000000e+02	1.7591281177e-02	-8.3596049037e-03	5.7926085001e-05	3.6756443837e-05
4.4900000000e+02	1.7628040331e-02	-8.4175719830e-03	5.8008045242e-05	3.6761857831e-05
4.5000000000e+02	1.7664804881e-02	-8.4756209374e-03	5.8089835152e-05	3.6767236870e-05
4.5100000000e+02	1.7701574793e-02	-8.5337515968e-03	5.8171455409e-05	3.6772581251e-05
4.5200000000e+02	1.7738350032e-02	-8.5919637919e-03	5.8252906690e-05	3.6777891269e-05
4.5300000000e+02	1.7775130564e-02	-8.6502573541e-03	5.8334189664e-05	3.6783167215e-05
4.5400000000e+02	1.7811916355e-02	-8.7086321153e-03	5.8415305001e-05	3.6788409377e-05
4.5500000000e+02	1.7848707372e-02	-8.7670879084e-03	5.8496253362e-05	3.6793618043e-05
4.5600000000e+02	1.7885503580e-02	-8.8256245666e-03	5.8577035409e-05	3.6798793493e-05
4.5700000000e+02	1.7922304948e-02	-8.8842419240e-03	5.8657651798e-05	3.6803936008e-05
4.5800000000e+02	1.7959111441e-02	-8.9429398152e-03	5.8738103180e-05	3.6809045864e-05
4.5900000000e+02	1.7995923028e-02	-9.0017180756e-03	5.8818390205e-05	3.6814123335e-05
4.6000000000e+02	1.8032739677e-02	-9.0605765411e-03	5.8898513518e-05	3.6819168692e-05
4.6100000000e+02	1.8069561355e-02	-9.1195150483e-03	5.8978473760e-05	3.6824182204e-05
4.6200000000e+02	1.8106388031e-02	-9.1785334344e-03	5.9058271570e-05	3.6829164135e-05
4.6300000000e+02	1.8143219673e-02	-9.2376315375e-03	5.9137907582e-05	3.6834114749e-05
4.6400000000e+02	1.8180056250e-02	-9.2968091959e-03	5.9217382427e-05	3.6839034304e-05
4.6500000000e+02	1.8216897731e-02	-9.3560662488e-03	5.9296696732e-05	3.6843923060e-05
4.6600000000e+02	1.8253744086e-02	-9.4154025360e-03	5.9375851120e-05	3.6848781269e-05
4.6700000000e+02	1.8290595284e-02	-9.4748178980e-03	5.9454846214e-05	3.6853609185e-05
4.6800000000e+02	1.8327451294e-02	-9.5343121756e-03	5.9533682628e-05	3.6858407057e-05
4.6900000000e+02	1.8364312088e-02	-9.5938852105e-03	5.9612360978e-05	3.6863175131e-05
4.7000000000e+02	1.8401177635e-02	-9.6535368450e-03	5.9690881872e-05	3.6867913652e-05
4.7100000000e+02	1.8438047906e-02	-9.7132669220e-03	5.9769245918e-05	3.6872622862e-05
4.7200000000e+02	1.8474922871e-02	-9.7730752848e-03	5.9847453720e-05	3.6877303001e-05
4.7300000000e+02	1.8511802502e-02	-9.8329617775e-03	5.9925505876e-05	3.6881954305e-05
4.7400000000e+02	1.8548686770e-02	-9.8929262449e-03	6.0003402985e-05	3.6886577010e-05
4.7500000000e+02	1.8585575647e-02	-9.9529685320e-03	6.0081145639e-05	3.6891171347e-05
4.7600000000e+02	1.8622469103e-02	-1.0013088485e-02	6.0158734429e-05	3.6895737546e-05
4.7700000000e+02	1.8659367112e-02	-1.0073285950e-02	6.0236169941e-05	3.6900275836e-05
4.7800000000e+02	1.8696269646e-02	-1.0133560774e-02	6.0313452761e-05	3.6904786441e-05
4.7900000000e+02	1.8733176676e-02	-1.0193912805e-02	6.0390583467e-05	3.6909269584e-05
4.8000000000e+02	1.8770088176e-02	-1.0254341890e-02	6.0467562638e-05	3.6913725487e-05
4.8100000000e+02	1.8807004118e-02	-1.0314847880e-02	6.0544390847e-05	3.6918154369e-05
4.8200000000e+02	1.8843924476e-02	-1.0375430622e-02	6.0621068667e-05	3.6922556445e-05
4.8300000000e+02	1.8880849222e-02	-1.0436089967e-02	6.0697596665e-05	3.6926931930e-05
4.8400000000e+02	1.8917778331e-02	-1.0496825765e-02	6.0773975405e-05	3.6931281037e-05
4.8500000000e+02	1.8954711775e-02	-1.0557637868e-02	6.0850205451e-05	3.6935603975e-05
4.8600000000e+02	1.8991649530e-02	-1.0618526127e-02	6.0926287360e-05	3.6939900953e-05
4.8700000000e+02	1.9028591569e-02	-1.0679490394e-02	6.1002221689e-05	3.6944172176e-05
4.8800000000e+02	1.9065537866e-02	-1.0740530521e-02	6.1078008990e-05	3.6948417849e-05
4.8900000000e+02	1.9102488396e-02	-1.0801646363e-02	6.1153649814e-05	3.6952638174e-05
4.9000000000e+02	1.9139443134e-02	-1.0862837772e-02	6.1229144706e-05	3.6956833350e-05
4.9100000000e+02	1.9176402054e-02	-1.0924104604e-02	6.1304494212e-05	3.6961003576e-05
4.9200000000e+02	1.9213365133e-02	-1.0985446712e-02	6.1379698872e-05	3.6965149048e-05
4.9300000000e+02	1.9250332344e-02	-1.1046863953e-02	6.1454759225e-05	3.6969269959e-05
4.9400000000e+02	1.9287303664e-02	-1.1108356183e-02	6.1529675805e-05	3.6973366504e-05
4.9500000000e+02	1.9324279069e-02	-1.1169923257e-02	6.1604449144e-05	3.6977438871e-05
4.9600000000e+02	1.9361258534e-02	-1.1231565034e-02	6.1679079774e-05	3.6981487249e-05
4.9700000000e+02	1.9398242036e-02	-1.1293281369e-02	6.1753568220e-05	3.6985511826e-05
4.9800000000e+02	1.9435229550e-02	-1.1355072123e-02	6.1827915006e-05	3.6989512787e-05
4.9900000000e+02	1.9472221054e-02	-1.1416937152e-02	6.1902120653e-05	3.6993490313e-05
5.0000000000e+02	1.9509216523e-02	-1.1478876317e-02	6.1976185680e-05	3.6997444588e-05
5.0100000000e+02	1.9546215935e-02	-1.1540889477e-02	6.2050110603e-05	3.7001375790e-05
5.0200000000e+02	1.9583219267e-02	-1.1602976492e-02	6.2123895934e-05	3.7005284099e-05
5.0300000000e+02	1.9620226496e-02	-1.1665137223e-02	6.2197542183e-05	3.7009169689e-05
5.0400000000e+02	1.9657237599e-02	-1.1727371530e-02	6.2271049859e-05	3.7013032735e-05
5.0500000000e+02	1.9694252554e-02	-1.1789679276e-02	6.2344419465e-05	3.7016873411e-05
5.0600000000e+02	1.9731271338e-02	-1.1852060323e-02	6.2417651505e-05	3.7020691888e-05
5.0700000000e+02	1.9768293930e-02	-1.1914514534e-02	6.2490746477e-05	3.7024488336e-05
5.0800000000e+02	1.9805320308e-02	-1.1977041771e-02	6.2563704878e-05	3.7028262922e-05
5.0900000000e+02	1.9842350449e-02	-1.2039641898e-02	6.2636527204e-05	3.7032015813e-05
5.1000000000e+02	1.9879384332e-02	-1.2102314780e-02	6.2709213945e-05	3.7035747174e-05
5.1100000000e+02	1.9916421936e-02	-1.2165060281e-02	6.2781765591e-05	3.7039457169e-05
5.1200000000e+02	1.9953463239e-02	-1.2227878266e-02	6.2854182628e-05	3.7043145958e-05
5.1300000000e+02	1.9990508221e-02	-1.2290768601e-02	6.2926465540e-05	3.7046813704e-05
5.1400000000e+02	2.0027556860e-02	-1.2353731153e-02	6.2998614810e-05	3.7050460563e-05
5.1500000000e+02	2.0064609135e-02	-1.2416765787e-02	6.3070630916e-05	3.7054086694e-05
5.1600000000e+02	2.0101665026e-02	-1.2479872370e-02	6.3142514334e-05	3.7057692252e-05
5.1700000000e+02	2.0138724513e-02	-1.2543050771e-02	6.3214265540e-05	3.7061277392e-05
5.1800000000e+02	2.0175787574e-02	-1.2606300857e-02	6.3285885003e-05	3.7064842266e-05
5.1900000000e+02	2.0212854191e-02	-1.2669622498e-02	6.3357373195e-05	3.7068387027e-05
5.2000000000e+02	2.0249924342e-02	-1.2733015560e-02	6.3428730581e-05	3.7071911825e-05
5.2100000000e+02	2.0286998008e-02	-1.2796479915e-02	6.3499957625e-05	3.7075416807e-05
5.2200000000e+02	2.0324075169e-02	-1.2860015432e-02	6.3571054791e-05	3.7078902122e-05
5.2300000000e+02	2.0361155805e-02	-1.2923621982e-02	6.3642022537e-05	3.7082367916e-05
5.2400000000e+02	2.0398239898e-02	-1.2987299434e-02	6.3712861321e-05	3.7085814332e-05
5.2500000000e+02	2.0435327428e-02	-1.3051047661e-02	6.3783571598e-05	3.7089241515e-05
5.2600000000e+02	2.0472418375e-02	-1.3114866535e-02	6.3854153820e-05	3.7092649607e-05
5.2700000000e+02	2.0509512720e-02	-1.3178755927e-02	6.3924608438e-05	3.7096038748e-05
5.2800000000e+02	2.0546610446e-02	-1.3242715709e-02	6.3994935900e-05	3.7099409077e-05
5.2900000000e+02	2.0583711532e-02	-1.3306745756e-02	6.4065136651e-05	3.7102760733e-05
5.3000000000e+02	2.0620815961e-02	-1.3370845941e-02	6.4135211135e-05	3.7106093853e-05
5.3100000000e+02	2.0657923714e-02	-1.3435016136e-02	6.4205159794e-05	3.7109408572e-05
5.3200000000e+02	2.0695034772e-02	-1.3499256218e-02	6.4274983065e-05	3.7112705025e-05
5.3300000000e+02	2.0732149118e-02	-1.3563566061e-02	6.4344681386e-05	3.7115983345e-05
5.3400000000e+02	2.0769266733e-02	-1.3627945540e-02	6.4414255192e-05	3.7119243664e-05
5.3500000000e+02	2.0806387599e-02	-1.3692394530e-02	6.4483704915e-05	3.7122486113e-05
5.3600000000e+02	2.0843511699e-02	-1.3756912908e-02	6.4553030984e-05	3.7125710821e-05
5.3700000000e+02	2.0880639015e-02	-1.3821500551e-02	6.4622233829e-05	3.7128917917e-05
5.3800000000e+02	2.0917769529e-02	-1.3886157335e-02	6.4691313874e-05	3.7132107528e-05
5.3900000000e+02	2.0954903224e-02	-1.3950883138e-02	6.4760271544e-05	3.7135279781e-05
5.4000000000e+02	2.0992040083e-02	-1.4015677837e-02	6.4829107260e-05	3.7138434800e-05
5.4100000000e+02	2.1029180088e-02	-1.4080541312e-02	6.4897821442e-05	3.7141572709e-05
5.4200000000e+02	2.1066323223e-02	-1.4145473440e-02	6.4966414507e-05	3.7144693631e-05
5.4300000000e+02	2.1103469470e-02	-1.4210474101e-02	6.5034886870e-05	3.7147797688e-05
5.4400000000e+02	2.1140618813e-02	-1.4275543174e-02	6.5103238945e-05	3.7150885001e-05
5.4500000000e+02	2.1177771234e-02	-1.4340680539e-02	6.5171471143e-05	3.7153955689e-05
5.4600000000e+02	2.1214926719e-02	-1.4405886076e-02	6.5239583873e-05	3.7157009870e-05
5.4700000000e+02	2.1252085249e-02	-1.4471159667e-02	6.5307577542e-05	3.7160047662e-05
5.4800000000e+02	2.1289246808e-02	-1.4536501192e-02	6.5375452555e-05	3.7163069182e-05
5.4900000000e+02	2.1326411382e-02	-1.4601910532e-02	6.5443209315e-05	3.7166074544e-05
5.5000000000e+02	2.1363578952e-02	-1.4667387571e-02	6.5510848224e-05	3.7169063864e-05
5.5100000000e+02	2.1400749504e-02	-1.4732932190e-02	6.5578369680e-05	3.7172037254e-05
5.5200000000e+02	2.1437923021e-02	-1.4798544271e-02	6.5645774081e-05	3.7174994827e-05
5.5300000000e+02	2.1475099488e-02	-1.4864223699e-02	6.5713061822e-05	3.7177936694e-05
5.5400000000e+02	2.1512278890e-02	-1.4929970356e-02	6.5780233296e-05	3.7180862967e-05
5.5500000000e+02	2.1549461209e-02	-1.4995784127e-02	6.5847288894e-05	3.7183773753e-05
5.5600000000e+02	2.1586646432e-02	-1.5061664895e-02	6.5914229006e-05	3.7186669162e-05
5.5700000000e+02	2.1623834542e-02	-1.5127612546e-02	6.5981054020e-05	3.7189549302e-05
5.5800000000e+02	2.1661025526e-02	-1.5193626965e-02	6.6047764320e-05	3.7192414278e-05
5.5900000000e+02	2.1698219366e-02	-1.5259708037e-02	6.6114360292e-05	3.7195264198e-05
5.6000000000e+02	2.1735416049e-02	-1.5325855648e-02	6.6180842316e-05	3.7198099164e-05
5.6100000000e+02	2.1772615559e-02	-1.5392069684e-02	6.6247210772e-05	3.7200919282e-05
5.6200000000e+02	2.1809817883e-02	-1.5458350032e-02	6.6313466040e-05	3.7203724654e-05
5.6300000000e+02	2.1847023004e-02	-1.5524696578e-02	6.6379608494e-05	3.7206515383e-05
5.6400000000e+02	2.1884230909e-02	-1.5591109211e-02	6.6445638510e-05	3.7209291569e-05
5.6500000000e+02	2.1921441582e-02	-1.5657587818e-02	6.6511556460e-05	3.7212053313e-05
5.6600000000e+02	2.1958655010e-02	-1.5724132287e-02	6.6577362716e-05	3.7214800715e-05
5.6700000000e+02	2.1995871179e-02	-1.5790742506e-02	6.6643057646e-05	3.7217533872e-05
5.6800000000e+02	2.2033090073e-02	-1.5857418365e-02	6.6708641617e-05	3.7220252884e-05
5.6900000000e+02	2.2070311680e-02	-1.5924159753e-02	6.6774114996e-05	3.7222957847e-05
5.7000000000e+02	2.2107535984e-02	-1.5990966558e-02	6.6839478145e-05	3.7225648856e-05
5.7100000000e+02	2.2144762973e-02	-1.6057838672e-02	6.6904731428e-05	3.7228326009e-05
5.7200000000e+02	2.2181992632e-02	-1.6124775985e-02	6.6969875204e-05	3.7230989397e-05
5.7300000000e+02	2.2219224947e-02	-1.6191778386e-02	6.7034909832e-05	3.7233639117e-05
5.7400000000e+02	2.2256459906e-02	-1.6258845768e-02	6.7099835668e-05	3.7236275260e-05
5.7500000000e+02	2.2293697493e-02	-1.6325978022e-02	6.7164653069e-05	3.7238897919e-05
5.7600000000e+02	2.2330937697e-02	-1.6393175038e-02	6.7229362387e-05	3.7241507185e-05
5.7700000000e+02	2.2368180503e-02	-1.6460436710e-02	6.7293963975e-05	3.7244103148e-05
5.7800000000e+02	2.2405425899e-02	-1.6527762930e-02	6.7358458182e-05	3.7246685899e-05
5.7900000000e+02	2.2442673871e-02	-1.6595153591e-02	6.7422845357e-05	3.7249255526e-05
5.8000000000e+02	2.2479924406e-02	-1.6662608586e-02	6.7487125847e-05	3.7251812119e-05
5.8100000000e+02	2.2517177491e-02	-1.6730127807e-02	6.7551299996e-05	3.7254355763e-05
5.8200000000e+02	2.2554433113e-02	-1.6797711150e-02	6.7615368149e-05	3.7256886548e-05
5.8300000000e+02	2.2591691259e-02	-1.6865358508e-02	6.7679330648e-05	3.7259404557e-05
5.8400000000e+02	2.2628951918e-02	-1.6933069776e-02	6.7743187832e-05	3.7261909878e-05
5.8500000000e+02	2.2666215075e-02	-1.7000844849e-02	6.7806940041e-05	3.7264402594e-05
5.8600000000e+02	2.2703480719e-02	-1.7068683622e-02	6.7870587611e-05	3.7266882790e-05
5.8700000000e+02	2.2740748836e-02	-1.7136585990e-02	6.7934130879e-05	3.7269350549e-05
5.8800000000e+02	2.2778019416e-02	-1.7204551849e-02	6.7997570177e-05	3.7271805953e-05
5.8900000000e+02	2.2815292444e-02	-1.7272581095e-02	6.8060905840e-05	3.7274249085e-05
5.9000000000e+02	2.2852567910e-02	-1.7340673626e-02	6.8124138196e-05	3.7276680026e-05
5.9100000000e+02	2.2889845800e-02	-1.7408829337e-02	6.8187267576e-05	3.7279098856e-05
5.9200000000e+02	2.2927126103e-02	-1.7477048127e-02	6.8250294308e-05	3.7281505656e-05
5.9300000000e+02	2.2964408808e-02	-1.7545329892e-02	6.8313218717e-05	3.7283900504e-05
5.9400000000e+02	2.3001693901e-02	-1.7613674530e-02	6.8376041129e-05	3.7286283480e-05
5.9500000000e+02	2.3038981371e-02	-1.7682081940e-02	6.8438761867e-05	3.7288654661e-05
5.9600000000e+02	2.3076271206e-02	-1.7750552020e-02	6.8501381252e-05	3.7291014124e-05
5.9700000000e+02	2.3113563395e-02	-1.7819084669e-02	6.8563899605e-05	3.7293361947e-05
5.9800000000e+02	2.3150857926e-02	-1.7887679786e-02	6.8626317244e-05	3.7295698206e-05
5.9900000000e+02	2.3188154788e-02	-1.7956337270e-02	6.8688634487e-05	3.7298022975e-05
6.0000000000e+02	2.3225453968e-02	-1.8025057022e-02	6.8750851649e-05	3.7300336330e-05
6.0100000000e+02	2.3262755456e-02	-1.8093838940e-02	6.8812969046e-05	3.7302638346e-05
6.0200000000e+02	2.3300059241e-02	-1.8162682926e-02	6.8874986989e-05	3.7304929095e-05
6.0300000000e+02	2.3337365311e-02	-1.8231588881e-02	6.8936905791e-05	3.7307208651e-05
6.0400000000e+02	2.3374673655e-02	-1.8300556705e-02	6.8998725761e-05	3.7309477086e-05
6.0500000000e+02	2.3411984261e-02	-1.8369586300e-02	6.9060447208e-05	3.7311734473e-05
6.0600000000e+02	2.3449297120e-02	-1.8438677567e-02	6.9122070440e-05	3.7313980882e-05
6.0700000000e+02	2.3486612219e-02	-1.8507830408e-02	6.9183595762e-05	3.7316216385e-05
6.0800000000e+02	2.3523929549e-02	-1.8577044726e-02	6.9245023478e-05	3.7318441051e-05
6.0900000000e+02	2.3561249098e-02	-1.8646320423e-02	6.9306353893e-05	3.7320654950e-05
6.1000000000e+02	2.3598570855e-02	-1.8715657401e-02	6.9367587306e-05	3.7322858151e-05
6.1100000000e+02	2.3635894811e-02	-1.8785055565e-02	6.9428724019e-05	3.7325050723e-05
6.1200000000e+02	2.3673220953e-02	-1.8854514817e-02	6.9489764331e-05	3.7327232734e-05
6.1300000000e+02	2.3710549273e-02	-1.8924035062e-02	6.9550708539e-05	3.7329404251e-05
6.1400000000e+02	2.3747879758e-02	-1.8993616202e-02	6.9611556939e-05	3.7331565341e-05
6.1500000000e+02	2.3785212400e-02	-1.9063258144e-02	6.9672309827e-05	3.7333716070e-05
6.1600000000e+02	2.3822547187e-02	-1.9132960790e-02	6.9732967496e-05	3.7335856504e-05
6.1700000000e+02	2.3859884110e-02	-1.9202724047e-02	6.9793530237e-05	3.7337986710e-05
6.1800000000e+02	2.3897223157e-02	-1.9272547819e-02	6.9853998343e-05	3.7340106750e-05
6.1900000000e+02	2.3934564320e-02	-1.9342432012e-02	6.9914372103e-05	3.7342216690e-05
6.2000000000e+02	2.3971907587e-02	-1.9412376532e-02	6.9974651805e-05	3.7344316594e-05
6.2100000000e+02	2.4009252950e-02	-1.9482381285e-02	7.0034837736e-05	3.7346406524e-05
6.2200000000e+02	2.4046600397e-02	-1.9552446176e-02	7.0094930182e-05	3.7348486544e-05
6.2300000000e+02	2.4083949919e-02	-1.9622571114e-02	7.0154929427e-05	3.7350556715e-05
6.2400000000e+02	2.4121301507e-02	-1.9692756004e-02	7.0214835755e-05	3.7352617101e-05
6.2500000000e+02	2.4158655150e-02	-1.9763000754e-02	7.0274649448e-05	3.7354667761e-05
6.2600000000e+02	2.4196010839e-02	-1.9833305272e-02	7.0334370785e-05	3.7356708757e-05
6.2700000000e+02	2.4233368565e-02	-1.9903669465e-02	7.0394000048e-05	3.7358740149e-05
6.2800000000e+02	2.4270728316e-02	-1.9974093242e-02	7.0453537513e-05	3.7360761998e-05
6.2900000000e+02	2.4308090085e-02	-2.0044576510e-02	7.0512983458e-05	3.7362774362e-05
6.3000000000e+02	2.4345453862e-02	-2.0115119178e-02	7.0572338159e-05	3.7364777301e-05
6.3100000000e+02	2.4382819637e-02	-2.0185721156e-02	7.0631601890e-05	3.7366770873e-05
6.3200000000e+02	2.4420187401e-02	-2.0256382352e-02	7.0690774925e-05	3.7368755136e-05
6.3300000000e+02	2.4457557144e-02	-2.0327102676e-02	7.0749857535e-05	3.7370730148e-05
6.3400000000e+02	2.4494928858e-02	-2.0397882037e-02	7.0808849992e-05	3.7372695965e-05
6.3500000000e+02	2.4532302533e-02	-2.0468720346e-02	7.0867752565e-05	3.7374652646e-05
6.3600000000e+02	2.4569678160e-02	-2.0539617512e-02	7.0926565522e-05	3.7376600246e-05
6.3700000000e+02	2.4607055730e-02	-2.0610573447e-02	7.0985289132e-05	3.7378538821e-05
6.3800000000e+02	2.4644435235e-02	-2.0681588061e-02	7.1043923661e-05	3.7380468426e-05
6.3900000000e+02	2.4681816664e-02	-2.0752661265e-02	7.1102469372e-05	3.7382389117e-05
6.4000000000e+02	2.4719200010e-02	-2.0823792970e-02	7.1160926531e-05	3.7384300947e-05
6.4100000000e+02	2.4756585263e-02	-2.0894983088e-02	7.1219295400e-05	3.7386203972e-05
6.4200000000e+02	2.4793972415e-02	-2.0966231531e-02	7.1277576241e-05	3.7388098245e-05
6.4300000000e+02	2.4831361457e-02	-2.1037538211e-02	7.1335769313e-05	3.7389983820e-05
6.4400000000e+02	2.4868752380e-02	-2.1108903041e-02	7.1393874877e-05	3.7391860749e-05
6.4500000000e+02	2.4906145176e-02	-2.1180325932e-02	7.1451893190e-05	3.7393729085e-05
6.4600000000e+02	2.4943539835e-02	-2.1251806798e-02	7.1509824510e-05	3.7395588880e-05
6.4700000000e+02	2.4980936350e-02	-2.1323345552e-02	7.1567669092e-05	3.7397440186e-05
6.4800000000e+02	2.5018334713e-02	-2.1394942108e-02	7.1625427192e-05	3.7399283055e-05
6.4900000000e+02	2.5055734914e-02	-2.1466596378e-02	7.1683099063e-05	3.7401117536e-05
6.5000000000e+02	2.5093136945e-02	-2.1538308277e-02	7.1740684957e-05	3.7402943682e-05
6.5100000000e+02	2.5130540798e-02	-2.1610077719e-02	7.1798185127e-05	3.7404761542e-05
6.5200000000e+02	2.5167946465e-02	-2.1681904619e-02	7.1855599822e-05	3.7406571166e-05
6.5300000000e+02	2.5205353938e-02	-2.1753788890e-02	7.1912929293e-05	3.7408372603e-05
6.5400000000e+02	2.5242763208e-02	-2.1825730449e-02	7.1970173787e-05	3.7410165904e-05
6.5500000000e+02	2.5280174267e-02	-2.1897729210e-02	7.2027333552e-05	3.7411951115e-05
6.5600000000e+02	2.5317587107e-02	-2.1969785088e-02	7.2084408835e-05	3.7413728287e-05
6.5700000000e+02	2.5355001721e-02	-2.2041897999e-02	7.2141399879e-05	3.7415497466e-05
6.5800000000e+02	2.5392418100e-02	-2.2114067860e-02	7.2198306929e-05	3.7417258701e-05
6.5900000000e+02	2.5429836236e-02	-2.2186294585e-02	7.2255130229e-05	3.7419012038e-05
6.6000000000e+02	2.5467256121e-02	-2.2258578092e-02	7.2311870021e-05	3.7420757526e-05
6.6100000000e+02	2.5504677748e-02	-2.2330918298e-02	7.2368526544e-05	3.7422495210e-05
6.6200000000e+02	2.5542101109e-02	-2.2403315118e-02	7.2425100041e-05	3.7424225136e-05
6.6300000000e+02	2.5579526196e-02	-2.2475768470e-02	7.2481590748e-05	3.7425947351e-05
6.6400000000e+02	2.5616953001e-02	-2.2548278272e-02	7.2537998905e-05	3.7427661901e-05
6.6500000000e+02	2.5654381517e-02	-2.2620844440e-02	7.2594324748e-05	3.7429368830e-05
6.6600000000e+02	2.5691811736e-02	-2.2693466894e-02	7.2650568514e-05	3.7431068183e-05
6.6700000000e+02	2.5729243651e-02	-2.2766145550e-02	7.2706730437e-05	3.7432760006e-05
6.6800000000e+02	2.5766677254e-02	-2.2838880328e-02	7.2762810751e-05	3.7434444342e-05
6.6900000000e+02	2.5804112537e-02	-2.2911671145e-02	7.2818809689e-05	3.7436121235e-05
6.7000000000e+02	2.5841549494e-02	-2.2984517920e-02	7.2874727483e-05	3.7437790729e-05
6.7100000000e+02	2.5878988116e-02	-2.3057420573e-02	7.2930564365e-05	3.7439452867e-05
6.7200000000e+02	2.5916428397e-02	-2.3130379022e-02	7.2986320564e-05	3.7441107692e-05
6.7300000000e+02	2.5953870329e-02	-2.3203393187e-02	7.3041996309e-05	3.7442755248e-05
6.7400000000e+02	2.5991313905e-02	-2.3276462988e-02	7.3097591829e-05	3.7444395575e-05
6.7500000000e+02	2.6028759118e-02	-2.3349588344e-02	7.3153107351e-05	3.7446028717e-05
6.7600000000e+02	2.6066205960e-02	-2.3422769176e-02	7.3208543101e-05	3.7447654715e-05
6.7700000000e+02	2.6103654425e-02	-2.3496005404e-02	7.3263899304e-05	3.7449273611e-05
6.7800000000e+02	2.6141104505e-02	-2.3569296948e-02	7.3319176184e-05	3.7450885445e-05
6.7900000000e+02	2.6178556194e-02	-2.3642643730e-02	7.3374373966e-05	3.7452490259e-05
6.8000000000e+02	2.6216009483e-02	-2.3716045670e-02	7.3429492872e-05	3.7454088093e-05
6.8100000000e+02	2.6253464367e-02	-2.3789502689e-02	7.3484533123e-05	3.7455678987e-05
6.8200000000e+02	2.6290920839e-02	-2.3863014710e-02	7.3539494939e-05	3.7457262982e-05
6.8300000000e+02	2.6328378891e-02	-2.3936581653e-02	7.3594378542e-05	3.7458840117e-05
6.8400000000e+02	2.6365838517e-02	-2.4010203441e-02	7.3649184149e-05	3.7460410432e-05
6.8500000000e+02	2.6403299710e-02	-2.4083879995e-02	7.3703911978e-05	3.7461973965e-05
6.8600000000e+02	2.6440762463e-02	-2.4157611239e-02	7.3758562247e-05	3.7463530756e-05
6.8700000000e+02	2.6478226769e-02	-2.4231397094e-02	7.3813135172e-05	3.7465080843e-05
6.8800000000e+02	2.6515692622e-02	-2.4305237483e-02	7.3867630967e-05	3.7466624264e-05
6.8900000000e+02	2.6553160015e-02	-2.4379132330e-02	7.3922049848e-05	3.7468161058e-05
6.9000000000e+02	2.6590628942e-02	-2.4453081558e-02	7.3976392028e-05	3.7469691262e-05
6.9100000000e+02	2.6628099396e-02	-2.4527085089e-02	7.4030657720e-05	3.7471214914e-05
6.9200000000e+02	2.6665571370e-02	-2.4601142848e-02	7.4084847135e-05	3.7472732051e-05
6.9300000000e+02	2.6703044858e-02	-2.4675254758e-02	7.4138960484e-05	3.7474242710e-05
6.9400000000e+02	2.6740519853e-02	-2.4749420743e-02	7.4192997977e-05	3.7475746927e-05
6.9500000000e+02	2.6777996349e-02	-2.4823640728e-02	7.4246959824e-05	3.7477244739e-05
6.9600000000e+02	2.6815474340e-02	-2.4897914638e-02	7.4300846233e-05	3.7478736183e-05
6.9700000000e+02	2.6852953820e-02	-2.4972242396e-02	7.4354657411e-05	3.7480221294e-05
6.9800000000e+02	2.6890434781e-02	-2.5046623928e-02	7.4408393565e-05	3.7481700108e-05
6.9900000000e+02	2.6927917218e-02	-2.5121059158e-02	7.4462054901e-05	3.7483172660e-05
7.0000000000e+02	2.6965401124e-02	-2.5195548013e-02	7.4515641624e-05	3.7484638986e-05
7.0100000000e+02	2.7002886494e-02	-2.5270090416e-02	7.4569153937e-05	3.7486099120e-05
7.0200000000e+02	2.7040373320e-02	-2.5344686296e-02	7.4622592045e-05	3.7487553097e-05
7.0300000000e+02	2.7077861598e-02	-2.5419335576e-02	7.4675956150e-05	3.7489000952e-05
7.0400000000e+02	2.7115351320e-02	-2.5494038183e-02	7.4729246454e-05	3.7490442719e-05
7.0500000000e+02	2.7152842481e-02	-2.5568794044e-02	7.4782463157e-05	3.7491878431e-05
7.0600000000e+02	2.7190335075e-02	-2.5643603085e-02	7.4835606459e-05	3.7493308123e-05
7.0700000000e+02	2.7227829095e-02	-2.5718465233e-02	7.4888676561e-05	3.7494731829e-05
7.0800000000e+02	2.7265324537e-02	-2.5793380414e-02	7.4941673659e-05	3.7496149580e-05
7.0900000000e+02	2.7302821393e-02	-2.5868348556e-02	7.4994597953e-05	3.7497561411e-05
7.1000000000e+02	2.7340319658e-02	-2.5943369586e-02	7.5047449638e-05	3.7498967354e-05
7.1100000000e+02	2.7377819325e-02	-2.6018443431e-02	7.5100228912e-05	3.7500367442e-05
7.1200000000e+02	2.7415320390e-02	-2.6093570019e-02	7.5152935969e-05	3.7501761707e-05
7.1300000000e+02	2.7452822847e-02	-2.6168749279e-02	7.5205571004e-05	3.7503150181e-05
7.1400000000e+02	2.7490326689e-02	-2.6243981138e-02	7.5258134211e-05	3.7504532896e-05
7.1500000000e+02	2.7527831911e-02	-2.6319265523e-02	7.5310625782e-05	3.7505909885e-05
7.1600000000e+02	2.7565338507e-02	-2.6394602365e-02	7.5363045911e-05	3.7507281178e-05
7.1700000000e+02	2.7602846471e-02	-2.6469991592e-02	7.5415394788e-05	3.7508646806e-05
7.1800000000e+02	2.7640355799e-02	-2.6545433131e-02	7.5467672604e-05	3.7510006801e-05
7.1900000000e+02	2.7677866483e-02	-2.6620926913e-02	7.5519879550e-05	3.7511361194e-05
7.2000000000e+02	2.7715378519e-02	-2.6696472867e-02	7.5572015814e-05	3.7512710015e-05
7.2100000000e+02	2.7752891901e-02	-2.6772070921e-02	7.5624081584e-05	3.7514053295e-05
7.2200000000e+02	2.7790406624e-02	-2.6847721006e-02	7.5676077050e-05	3.7515391063e-05
7.2300000000e+02	2.7827922681e-02	-2.6923423052e-02	7.5728002398e-05	3.7516723350e-05
7.2400000000e+02	2.7865440069e-02	-2.6999176988e-02	7.5779857813e-05	3.7518050186e-05
7.2500000000e+02	2.7902958780e-02	-2.7074982744e-02	7.5831643482e-05	3.7519371601e-05
7.2600000000e+02	2.7940478810e-02	-2.7150840252e-02	7.5883359589e-05	3.7520687623e-05
7.2700000000e+02	2.7978000153e-02	-2.7226749440e-02	7.5935006319e-05	3.7521998282e-05
7.2800000000e+02	2.8015522805e-02	-2.7302710241e-02	7.5986583855e-05	3.7523303607e-05
7.2900000000e+02	2.8053046759e-02	-2.7378722585e-02	7.6038092379e-05	3.7524603626e-05
7.3000000000e+02	2.8090572010e-02	-2.7454786403e-02	7.6089532073e-05	3.7525898369e-05
7.3100000000e+02	2.8128098554e-02	-2.7530901626e-02	7.6140903119e-05	3.7527187864e-05
7.3200000000e+02	2.8165626384e-02	-2.7607068186e-02	7.6192205698e-05	3.7528472139e-05
7.3300000000e+02	2.8203155496e-02	-2.7683286015e-02	7.6243439988e-05	3.7529751222e-05
7.3400000000e+02	2.8240685885e-02	-2.7759555044e-02	7.6294606170e-05	3.7531025141e-05
7.3500000000e+02	2.8278217545e-02	-2.7835875205e-02	7.6345704421e-05	3.7532293924e-05
7.3600000000e+02	2.8315750471e-02	-2.7912246430e-02	7.6396734920e-05	3.7533557597e-05
7.3700000000e+02	2.8353284659e-02	-2.7988668652e-02	7.6447697843e-05	3.7534816189e-05
7.3800000000e+02	2.8390820102e-02	-2.8065141803e-02	7.6498593367e-05	3.7536069727e-05
7.3900000000e+02	2.8428356796e-02	-2.8141665816e-02	7.6549421668e-05	3.7537318238e-05
7.4000000000e+02	2.8465894737e-02	-2.8218240624e-02	7.6600182920e-05	3.7538561747e-05
7.4100000000e+02	2.8503433918e-02	-2.8294866160e-02	7.6650877298e-05	3.7539800283e-05
7.4200000000e+02	2.8540974336e-02	-2.8371542357e-02	7.6701504976e-05	3.7541033871e-05
7.4300000000e+02	2.8578515984e-02	-2.8448269148e-02	7.6752066126e-05	3.7542262537e-05
7.4400000000e+02	2.8616058859e-02	-2.8525046467e-02	7.6802560922e-05	3.7543486308e-05
7.4500000000e+02	2.8653602955e-02	-2.8601874247e-02	7.6852989534e-05	3.7544705210e-05
7.4600000000e+02	2.8691148268e-02	-2.8678752424e-02	7.6903352134e-05	3.7545919267e-05
7.4700000000e+02	2.8728694792e-02	-2.8755680930e-02	7.6953648892e-05	3.7547128507e-05
7.4800000000e+02	2.8766242523e-02	-2.8832659700e-02	7.7003879977e-05	3.7548332954e-05
7.4900000000e+02	2.8803791457e-02	-2.8909688668e-02	7.7054045560e-05	3.7549532633e-05
7.5000000000e+02	2.8841341587e-02	-2.8986767769e-02	7.7104145808e-05	3.7550727570e-05
7.5100000000e+02	2.8878892910e-02	-2.9063896938e-02	7.7154180889e-05	3.7551917789e-05
7.5200000000e+02	2.8916445421e-02	-2.9141076109e-02	7.7204150971e-05	3.7553103315e-05
7.5300000000e+02	2.8953999115e-02	-2.9218305218e-02	7.7254056219e-05	3.7554284173e-05
7.5400000000e+02	2.8991553988e-02	-2.9295584200e-02	7.7303896801e-05	3.7555460387e-05
7.5500000000e+02	2.9029110034e-02	-2.9372912990e-02	7.7353672880e-05	3.7556631981e-05
7.5600000000e+02	2.9066667250e-02	-2.9450291524e-02	7.7403384622e-05	3.7557798980e-05
7.5700000000e+02	2.9104225631e-02	-2.9527719738e-02	7.7453032191e-05	3.7558961407e-05
7.5800000000e+02	2.9141785172e-02	-2.9605197567e-02	7.7502615751e-05	3.7560119286e-05
7.5900000000e+02	2.9179345868e-02	-2.9682724948e-02	7.7552135463e-05	3.7561272641e-05
7.6000000000e+02	2.9216907715e-02	-2.9760301817e-02	7.7601591490e-05	3.7562421495e-05
7.6100000000e+02	2.9254470709e-02	-2.9837928110e-02	7.7650983994e-05	3.7563565872e-05
7.6200000000e+02	2.9292034846e-02	-2.9915603764e-02	7.7700313136e-05	3.7564705795e-05
7.6300000000e+02	2.9329600119e-02	-2.9993328715e-02	7.7749579076e-05	3.7565841286e-05
7.6400000000e+02	2.9367166527e-02	-3.0071102901e-02	7.7798781973e-05	3.7566972369e-05
7.6500000000e+02	2.9404734063e-02	-3.0148926258e-02	7.7847921988e-05	3.7568099066e-05
7.6600000000e+02	2.9442302723e-02	-3.0226798724e-02	7.7896999279e-05	3.7569221400e-05
7.6700000000e+02	2.9479872504e-02	-3.0304720236e-02	7.7946014003e-05	3.7570339394e-05
7.6800000000e+02	2.9517443401e-02	-3.0382690731e-02	7.7994966318e-05	3.7571453070e-05
7.6900000000e+02	2.9555015409e-02	-3.0460710148e-02	7.8043856381e-05	3.7572562449e-05
7.7000000000e+02	2.9592588524e-02	-3.0538778423e-02	7.8092684348e-05	3.7573667554e-05
7.7100000000e+02	2.9630162743e-02	-3.0616895496e-02	7.8141450374e-05	3.7574768407e-05
7.7200000000e+02	2.9667738060e-02	-3.0695061304e-02	7.8190154615e-05	3.7575865029e-05
7.7300000000e+02	2.9705314471e-02	-3.0773275785e-02	7.8238797226e-05	3.7576957442e-05
7.7400000000e+02	2.9742891973e-02	-3.0851538878e-02	7.8287378360e-05	3.7578045668e-05
7.7500000000e+02	2.9780470561e-02	-3.0929850521e-02	7.8335898170e-05	3.7579129728e-05
7.7600000000e+02	2.9818050231e-02	-3.1008210653e-02	7.8384356810e-05	3.7580209642e-05
7.7700000000e+02	2.9855630979e-02	-3.1086619214e-02	7.8432754431e-05	3.7581285433e-05
7.7800000000e+02	2.9893212801e-02	-3.1165076142e-02	7.8481091186e-05	3.7582357120e-05
7.7900000000e+02	2.9930795692e-02	-3.1243581376e-02	7.8529367225e-05	3.7583424726e-05
7.8000000000e+02	2.9968379649e-02	-3.1322134856e-02	7.8577582699e-05	3.7584488270e-05
7.8100000000e+02	3.0005964667e-02	-3.1400736522e-02	7.8625737758e-05	3.7585547772e-05
7.8200000000e+02	3.0043550743e-02	-3.1479386312e-02	7.8673832551e-05	3.7586603254e-05
7.8300000000e+02	3.0081137872e-02	-3.1558084167e-02	7.8721867227e-05	3.7587654736e-05
7.8400000000e+02	3.0118726051e-02	-3.1636830026e-02	7.8769841935e-05	3.7588702237e-05
7.8500000000e+02	3.0156315275e-02	-3.1715623831e-02	7.8817756823e-05	3.7589745778e-05
7.8600000000e+02	3.0193905541e-02	-3.1794465520e-02	7.8865612037e-05	3.7590785379e-05
7.8700000000e+02	3.0231496845e-02	-3.1873355035e-02	7.8913407725e-05	3.7591821059e-05
7.8800000000e+02	3.0269089182e-02	-3.1952292316e-02	7.8961144033e-05	3.7592852838e-05
7.8900000000e+02	3.0306682549e-02	-3.2031277303e-02	7.9008821106e-05	3.7593880736e-05
7.9000000000e+02	3.0344276942e-02	-3.2110309938e-02	7.9056439089e-05	3.7594904771e-05
7.9100000000e+02	3.0381872358e-02	-3.2189390162e-02	7.9103998128e-05	3.7595924964e-05
7.9200000000e+02	3.0419468791e-02	-3.2268517915e-02	7.9151498366e-05	3.7596941333e-05
7.9300000000e+02	3.0457066239e-02	-3.2347693139e-02	7.9198939947e-05	3.7597953898e-05
7.9400000000e+02	3.0494664698e-02	-3.2426915775e-02	7.9246323013e-05	3.7598962676e-05
7.9500000000e+02	3.0532264163e-02	-3.2506185765e-02	7.9293647709e-05	3.7599967688e-05
7.9600000000e+02	3.0569864632e-02	-3.2585503051e-02	7.9340914174e-05	3.7600968952e-05
7.9700000000e+02	3.0607466100e-02	-3.2664867574e-02	7.9388122552e-05	3.7601966486e-05
7.9800000000e+02	3.0645068563e-02	-3.2744279277e-02	7.9435272983e-05	3.7602960309e-05
7.9900000000e+02	3.0682672019e-02	-3.2823738101e-02	7.9482365607e-05	3.7603950439e-05
8.0000000000e+02	3.0720276463e-02	-3.2903243989e-02	7.9529400565e-05	3.7604936895e-05
8.0100000000e+02	3.0757881892e-02	-3.2982796883e-02	7.9576377996e-05	3.7605919694e-05
8.0200000000e+02	3.0795488301e-02	-3.3062396726e-02	7.9623298039e-05	3.7606898854e-05
8.0300000000e+02	3.0833095688e-02	-3.3142043460e-02	7.9670160832e-05	3.7607874394e-05
8.0400000000e+02	3.0870704049e-02	-3.3221737028e-02	7.9716966514e-05	3.7608846332e-05
8.0500000000e+02	3.0908313380e-02	-3.3301477374e-02	7.9763715222e-05	3.7609814684e-05
8.0600000000e+02	3.0945923677e-02	-3.3381264440e-02	7.9810407093e-05	3.7610779468e-05
8.0700000000e+02	3.0983534937e-02	-3.3461098169e-02	7.9857042264e-05	3.7611740702e-05
8.0800000000e+02	3.1021147157e-02	-3.3540978506e-02	7.9903620870e-05	3.7612698404e-05
8.0900000000e+02	3.1058760333e-02	-3.3620905392e-02	7.9950143047e-05	3.7613652590e-05
8.1000000000e+02	3.1096374461e-02	-3.3700878773e-02	7.9996608931e-05	3.7614603278e-05
8.1100000000e+02	3.1133989538e-02	-3.3780898591e-02	8.0043018656e-05	3.7615550484e-05
8.1200000000e+02	3.1171605561e-02	-3.3860964792e-02	8.0089372355e-05	3.7616494226e-05
8.1300000000e+02	3.1209222526e-02	-3.3941077317e-02	8.0135670164e-05	3.7617434521e-05
8.1400000000e+02	3.1246840429e-02	-3.4021236113e-02	8.0181912214e-05	3.7618371385e-05
8.1500000000e+02	3.1284459267e-02	-3.4101441123e-02	8.0228098639e-05	3.7619304834e-05
8.1600000000e+02	3.1322079037e-02	-3.4181692292e-02	8.0274229571e-05	3.7620234886e-05
8.1700000000e+02	3.1359699736e-02	-3.4261989564e-02	8.0320305141e-05	3.7621161557e-05
8.1800000000e+02	3.1397321359e-02	-3.4342332884e-02	8.0366325481e-05	3.7622084863e-05
8.1900000000e+02	3.1434943905e-02	-3.4422722197e-02	8.0412290722e-05	3.7623004820e-05
8.2000000000e+02	3.1472567368e-02	-3.4503157447e-02	8.0458200994e-05	3.7623921444e-05
8.2100000000e+02	3.1510191746e-02	-3.4583638580e-02	8.0504056427e-05	3.7624834752e-05
8.2200000000e+02	3.1547817036e-02	-3.4664165542e-02	8.0549857151e-05	3.7625744760e-05
8.2300000000e+02	3.1585443235e-02	-3.4744738276e-02	8.0595603294e-05	3.7626651483e-05
8.2400000000e+02	3.1623070338e-02	-3.4825356730e-02	8.0641294986e-05	3.7627554937e-05
8.2500000000e+02	3.1660698344e-02	-3.4906020848e-02	8.0686932354e-05	3.7628455137e-05
8.2600000000e+02	3.1698327247e-02	-3.4986730577e-02	8.0732515526e-05	3.7629352100e-05
8.2700000000e+02	3.1735957047e-02	-3.5067485861e-02	8.0778044629e-05	3.7630245841e-05
8.2800000000e+02	3.1773587738e-02	-3.5148286648e-02	8.0823519790e-05	3.7631136375e-05
8.2900000000e+02	3.1811219318e-02	-3.5229132883e-02	8.0868941136e-05	3.7632023717e-05
8.3000000000e+02	3.1848851784e-02	-3.5310024512e-02	8.0914308791e-05	3.7632907883e-05
8.3100000000e+02	3.1886485133e-02	-3.5390961483e-02	8.0959622883e-05	3.7633788887e-05
8.3200000000e+02	3.1924119361e-02	-3.5471943740e-02	8.1004883536e-05	3.7634666746e-05
8.3300000000e+02	3.1961754466e-02	-3.5552971232e-02	8.1050090873e-05	3.7635541473e-05
8.3400000000e+02	3.1999390443e-02	-3.5634043904e-02	8.1095245021e-05	3.7636413083e-05
8.3500000000e+02	3.2037027291e-02	-3.5715161704e-02	8.1140346102e-05	3.7637281592e-05
8.3600000000e+02	3.2074665005e-02	-3.5796324579e-02	8.1185394239e-05	3.7638147014e-05
8.3700000000e+02	3.2112303584e-02	-3.5877532475e-02	8.1230389557e-05	3.7639009363e-05
8.3800000000e+02	3.2149943023e-02	-3.5958785341e-02	8.1275332176e-05	3.7639868654e-05
8.3900000000e+02	3.2187583320e-02	-3.6040083122e-02	8.1320222219e-05	3.7640724902e-05
8.4000000000e+02	3.2225224472e-02	-3.6121425767e-02	8.1365059809e-05	3.7641578120e-05
8.4100000000e+02	3.2262866475e-02	-3.6202813224e-02	8.1409845065e-05	3.7642428324e-05
8.4200000000e+02	3.2300509327e-02	-3.6284245440e-02	8.1454578109e-05	3.7643275526e-05
8.4300000000e+02	3.2338153025e-02	-3.6365722363e-02	8.1499259061e-05	3.7644119742e-05
8.4400000000e+02	3.2375797566e-02	-3.6447243941e-02	8.1543888041e-05	3.7644960985e-05
8.4500000000e+02	3.2413442946e-02	-3.6528810122e-02	8.1588465169e-05	3.7645799269e-05
8.4600000000e+02	3.2451089163e-02	-3.6610420854e-02	8.1632990564e-05	3.7646634608e-05
8.4700000000e+02	3.2488736214e-02	-3.6692076086e-02	8.1677464345e-05	3.7647467016e-05
8.4800000000e+02	3.2526384096e-02	-3.6773775766e-02	8.1721886630e-05	3.7648296506e-05
8.4900000000e+02	3.2564032807e-02	-3.6855519842e-02	8.1766257537e-05	3.7649123092e-05
8.5000000000e+02	3.2601682342e-02	-3.6937308264e-02	8.1810577183e-05	3.7649946787e-05
8.5100000000e+02	3.2639332699e-02	-3.7019140979e-02	8.1854845686e-05	3.7650767606e-05
8.5200000000e+02	3.2676983876e-02	-3.7101017938e-02	8.1899063162e-05	3.7651585560e-05
8.5300000000e+02	3.2714635869e-02	-3.7182939089e-02	8.1943229728e-05	3.7652400664e-05
8.5400000000e+02	3.2752288676e-02	-3.7264904380e-02	8.1987345500e-05	3.7653212931e-05
8.5500000000e+02	3.2789942294e-02	-3.7346913763e-02	8.2031410593e-05	3.7654022374e-05
8.5600000000e+02	3.2827596720e-02	-3.7428967185e-02	8.2075425123e-05	3.7654829006e-05
8.5700000000e+02	3.2865251951e-02	-3.7511064596e-02	8.2119389204e-05	3.7655632839e-05
8.5800000000e+02	3.2902907985e-02	-3.7593205946e-02	8.2163302950e-05	3.7656433888e-05
8.5900000000e+02	3.2940564818e-02	-3.7675391185e-02	8.2207166477e-05	3.7657232164e-05
8.6000000000e+02	3.2978222448e-02	-3.7757620263e-02	8.2250979897e-05	3.7658027680e-05
8.6100000000e+02	3.3015880873e-02	-3.7839893128e-02	8.2294743323e-05	3.7658820449e-05
8.6200000000e+02	3.3053540088e-02	-3.7922209733e-02	8.2338456869e-05	3.7659610484e-05
8.6300000000e+02	3.3091200093e-02	-3.8004570026e-02	8.2382120647e-05	3.7660397797e-05
8.6400000000e+02	3.3128860883e-02	-3.8086973957e-02	8.2425734769e-05	3.7661182401e-05
8.6500000000e+02	3.3166522457e-02	-3.8169421479e-02	8.2469299347e-05	3.7661964308e-05
8.6600000000e+02	3.3204184811e-02	-3.8251912540e-02	8.2512814492e-05	3.7662743530e-05
8.6700000000e+02	3.3241847943e-02	-3.8334447091e-02	8.2556280316e-05	3.7663520080e-05
8.6800000000e+02	3.3279511850e-02	-3.8417025084e-02	8.2599696928e-05	3.7664293969e-05
8.6900000000e+02	3.3317176530e-02	-3.8499646469e-02	8.2643064440e-05	3.7665065211e-05
8.7000000000e+02	3.3354841980e-02	-3.8582311196e-02	8.2686382961e-05	3.7665833816e-05
8.7100000000e+02	3.3392508197e-02	-3.8665019218e-02	8.2729652600e-05	3.7666599797e-05
8.7200000000e+02	3.3430175178e-02	-3.8747770485e-02	8.2772873467e-05	3.7667363167e-05
8.7300000000e+02	3.3467842922e-02	-3.8830564949e-02	8.2816045671e-05	3.7668123935e-05
8.7400000000e+02	3.3505511425e-02	-3.8913402561e-02	8.2859169320e-05	3.7668882115e-05
8.7500000000e+02	3.3543180685e-02	-3.8996283272e-02	8.2902244522e-05	3.7669637719e-05
8.7600000000e+02	3.3580850700e-02	-3.9079207033e-02	8.2945271385e-05	3.7670390757e-05
8.7700000000e+02	3.3618521466e-02	-3.9162173798e-02	8.2988250016e-05	3.7671141241e-05
8.7800000000e+02	3.3656192981e-02	-3.9245183517e-02	8.3031180523e-05	3.7671889183e-05
8.7900000000e+02	3.3693865244e-02	-3.9328236143e-02	8.3074063011e-05	3.7672634595e-05
8.8000000000e+02	3.3731538250e-02	-3.9411331628e-02	8.3116897588e-05	3.7673377487e-05
8.8100000000e+02	3.3769211998e-02	-3.9494469922e-02	8.3159684359e-05	3.7674117871e-05
8.8200000000e+02	3.3806886485e-02	-3.9577650980e-02	8.3202423430e-05	3.7674855759e-05
8.8300000000e+02	3.3844561708e-02	-3.9660874753e-02	8.3245114906e-05	3.7675591161e-05
8.8400000000e+02	3.3882237666e-02	-3.9744141194e-02	8.3287758892e-05	3.7676324088e-05
8.8500000000e+02	3.3919914356e-02	-3.9827450255e-02	8.3330355493e-05	3.7677054552e-05
8.8600000000e+02	3.3957591775e-02	-3.9910801890e-02	8.3372904813e-05	3.7677782564e-05
8.8700000000e+02	3.3995269920e-02	-3.9994196049e-02	8.3415406955e-05	3.7678508134e-05
8.8800000000e+02	3.4032948790e-02	-4.0077632688e-02	8.3457862025e-05	3.7679231274e-05
8.8900000000e+02	3.4070628382e-02	-4.0161111758e-02	8.3500270123e-05	3.7679951994e-05
8.9000000000e+02	3.4108308693e-02	-4.0244633212e-02	8.3542631355e-05	3.7680670306e-05
8.9100000000e+02	3.4145989722e-02	-4.0328197005e-02	8.3584945821e-05	3.7681386218e-05
8.9200000000e+02	3.4183671465e-02	-4.0411803088e-02	8.3627213625e-05	3.7682099744e-05
8.9300000000e+02	3.4221353920e-02	-4.0495451417e-02	8.3669434868e-05	3.7682810892e-05
8.9400000000e+02	3.4259037086e-02	-4.0579141943e-02	8.3711609652e-05	3.7683519674e-05
8.9500000000e+02	3.4296720959e-02	-4.0662874620e-02	8.3753738077e-05	3.7684226100e-05
8.9600000000e+02	3.4334405537e-02	-4.0746649403e-02	8.3795820246e-05	3.7684930180e-05
8.9700000000e+02	3.4372090818e-02	-4.0830466246e-02	8.3837856259e-05	3.7685631925e-05
8.9800000000e+02	3.4409776800e-02	-4.0914325101e-02	8.3879846215e-05	3.7686331345e-05
8.9900000000e+02	3.4447463480e-02	-4.0998225923e-02	8.3921790215e-05	3.7687028450e-05
9.0000000000e+02	3.4485150856e-02	-4.1082168666e-02	8.3963688358e-05	3.7687723251e-05
9.0100000000e+02	3.4522838926e-02	-4.1166153284e-02	8.4005540744e-05	3.7688415757e-05
9.0200000000e+02	3.4560527687e-02	-4.1250179732e-02	8.4047347471e-05	3.7689105979e-05
9.0300000000e+02	3.4598217137e-02	-4.1334247964e-02	8.4089108639e-05	3.7689793926e-05
9.0400000000e+02	3.4635907274e-02	-4.1418357934e-02	8.4130824346e-05	3.7690479610e-05
9.0500000000e+02	3.4673598096e-02	-4.1502509597e-02	8.4172494689e-05	3.7691163038e-05
9.0600000000e+02	3.4711289600e-02	-4.1586702908e-02	8.4214119766e-05	3.7691844223e-05
9.0700000000e+02	3.4748981783e-02	-4.1670937822e-02	8.4255699675e-05	3.7692523172e-05
9.0800000000e+02	3.4786674645e-02	-4.1755214293e-02	8.4297234513e-05	3.7693199896e-05
9.0900000000e+02	3.4824368183e-02	-4.1839532276e-02	8.4338724377e-05	3.7693874405e-05
9.1000000000e+02	3.4862062393e-02	-4.1923891727e-02	8.4380169362e-05	3.7694546708e-05
9.1100000000e+02	3.4899757275e-02	-4.2008292600e-02	8.4421569566e-05	3.7695216815e-05
9.1200000000e+02	3.4937452826e-02	-4.2092734851e-02	8.4462925084e-05	3.7695884736e-05
9.1300000000e+02	3.4975149044e-02	-4.2177218435e-02	8.4504236012e-05	3.7696550479e-05
9.1400000000e+02	3.5012845926e-02	-4.2261743308e-02	8.4545502445e-05	3.7697214055e-05
9.1500000000e+02	3.5050543471e-02	-4.2346309425e-02	8.4586724477e-05	3.7697875472e-05
9.1600000000e+02	3.5088241677e-02	-4.2430916742e-02	8.4627902204e-05	3.7698534741e-05
9.1700000000e+02	3.5125940540e-02	-4.2515565215e-02	8.4669035720e-05	3.7699191869e-05
9.1800000000e+02	3.5163640060e-02	-4.2600254799e-02	8.4710125118e-05	3.7699846868e-05
9.1900000000e+02	3.5201340233e-02	-4.2684985450e-02	8.4751170494e-05	3.7700499745e-05
9.2000000000e+02	3.5239041058e-02	-4.2769757125e-02	8.4792171939e-05	3.7701150509e-05
9.2100000000e+02	3.5276742533e-02	-4.2854569780e-02	8.4833129547e-05	3.7701799171e-05
9.2200000000e+02	3.5314444656e-02	-4.2939423370e-02	8.4874043412e-05	3.7702445739e-05
9.2300000000e+02	3.5352147424e-02	-4.3024317852e-02	8.4914913625e-05	3.7703090222e-05
9.2400000000e+02	3.5389850836e-02	-4.3109253183e-02	8.4955740280e-05	3.7703732628e-05
9.2500000000e+02	3.5427554889e-02	-4.3194229318e-02	8.4996523467e-05	3.7704372968e-05
9.2600000000e+02	3.5465259581e-02	-4.3279246215e-02	8.5037263279e-05	3.7705011249e-05
9.2700000000e+02	3.5502964911e-02	-4.3364303830e-02	8.5077959807e-05	3.7705647481e-05
9.2800000000e+02	3.5540670875e-02	-4.3449402120e-02	8.5118613142e-05	3.7706281671e-05
9.2900000000e+02	3.5578377473e-02	-4.3534541042e-02	8.5159223375e-05	3.7706913830e-05
9.3000000000e+02	3.5616084702e-02	-4.3619720553e-02	8.5199790597e-05	3.7707543965e-05
9.3100000000e+02	3.5653792561e-02	-4.3704940609e-02	8.5240314897e-05	3.7708172085e-05
9.3200000000e+02	3.5691501046e-02	-4.3790201168e-02	8.5280796367e-05	3.7708798199e-05
9.3300000000e+02	3.5729210156e-02	-4.3875502187e-02	8.5321235095e-05	3.7709422316e-05
9.3400000000e+02	3.5766919890e-02	-4.3960843624e-02	8.5361631171e-05	3.7710044443e-05
9.3500000000e+02	3.5804630245e-02	-4.4046225436e-02	8.5401984685e-05	3.7710664589e-05
9.3600000000e+02	3.5842341218e-02	-4.4131647579e-02	8.5442295724e-05	3.7711282763e-05
9.3700000000e+02	3.5880052809e-02	-4.4217110013e-02	8.5482564378e-05	3.7711898972e-05
9.3800000000e+02	3.5917765016e-02	-4.4302612694e-02	8.5522790735e-05	3.7712513226e-05
9.3900000000e+02	3.5955477835e-02	-4.4388155580e-02	8.5562974883e-05	3.7713125532e-05
9.4000000000e+02	3.5993191266e-02	-4.4473738630e-02	8.5603116910e-05	3.7713735899e-05
9.4100000000e+02	3.6030905306e-02	-4.4559361800e-02	8.5643216904e-05	3.7714344335e-05
9.4200000000e+02	3.6068619954e-02	-4.4645025050e-02	8.5683274951e-05	3.7714950847e-05
9.4300000000e+02	3.6106335207e-02	-4.4730728336e-02	8.5723291138e-05	3.7715555445e-05
9.4400000000e+02	3.6144051064e-02	-4.4816471618e-02	8.5763265553e-05	3.7716158135e-05
9.4500000000e+02	3.6181767523e-02	-4.4902254853e-02	8.5803198282e-05	3.7716758927e-05
9.4600000000e+02	3.6219484582e-02	-4.4988078001e-02	8.5843089410e-05	3.7717357828e-05
9.4700000000e+02	3.6257202238e-02	-4.5073941018e-02	8.5882939025e-05	3.7717954845e-05
9.4800000000e+02	3.6294920491e-02	-4.5159843865e-02	8.5922747210e-05	3.7718549987e-05
9.4900000000e+02	3.6332639337e-02	-4.5245786499e-02	8.5962514053e-05	3.7719143262e-05
9.5000000000e+02	3.6370358777e-02	-4.5331768879e-02	8.6002239638e-05	3.7719734678e-05
9.5100000000e+02	3.6408078806e-02	-4.5417790964e-02	8.6041924049e-05	3.7720324241e-05
9.5200000000e+02	3.6445799424e-02	-4.5503852714e-02	8.6081567372e-05	3.7720911961e-05
9.5300000000e+02	3.6483520629e-02	-4.5589954086e-02	8.6121169690e-05	3.7721497843e-05
9.5400000000e+02	3.6521242420e-02	-4.5676095039e-02	8.6160731089e-05	3.7722081898e-05
9.5500000000e+02	3.6558964793e-02	-4.5762275534e-02	8.6200251651e-05	3.7722664130e-05
9.5600000000e+02	3.6596687747e-02	-4.5848495529e-02	8.6239731460e-05	3.7723244550e-05
9.5700000000e+02	3.6634411281e-02	-4.5934754983e-02	8.6279170600e-05	3.7723823163e-05
9.5800000000e+02	3.6672135393e-02	-4.6021053857e-02	8.6318569154e-05	3.7724399977e-05
9.5900000000e+02	3.6709860081e-02	-4.6107392108e-02	8.6357927204e-05	3.7724975000e-05
9.6000000000e+02	3.6747585342e-02	-4.6193769698e-02	8.6397244833e-05	3.7725548239e-05
9.6100000000e+02	3.6785311176e-02	-4.6280186584e-02	8.6436522124e-05	3.7726119702e-05
9.6200000000e+02	3.6823037581e-02	-4.6366642728e-02	8.6475759158e-05	3.7726689395e-05
9.6300000000e+02	3.6860764555e-02	-4.6453138089e-02	8.6514956017e-05	3.7727257326e-05
9.6400000000e+02	3.6898492095e-02	-4.6539672627e-02	8.6554112782e-05	3.7727823503e-05
9.6500000000e+02	3.6936220201e-02	-4.6626246302e-02	8.6593229536e-05	3.7728387933e-05
9.6600000000e+02	3.6973948870e-02	-4.6712859073e-02	8.6632306360e-05	3.7728950622e-05
9.6700000000e+02	3.7011678102e-02	-4.6799510901e-02	8.6671343333e-05	3.7729511578e-05
9.6800000000e+02	3.7049407893e-02	-4.6886201746e-02	8.6710340537e-05	3.7730070808e-05
9.6900000000e+02	3.7087138243e-02	-4.6972931569e-02	8.6749298051e-05	3.7730628318e-05
9.7000000000e+02	3.7124869149e-02	-4.7059700329e-02	8.6788215957e-05	3.7731184117e-05
9.7100000000e+02	3.7162600610e-02	-4.7146507988e-02	8.6827094334e-05	3.7731738211e-05
9.7200000000e+02	3.7200332625e-02	-4.7233354505e-02	8.6865933261e-05	3.7732290607e-05
9.7300000000e+02	3.7238065191e-02	-4.7320239841e-02	8.6904732818e-05	3.7732841312e-05
9.7400000000e+02	3.7275798307e-02	-4.7407163957e-02	8.6943493084e-05	3.7733390333e-05
9.7500000000e+02	3.7313531971e-02	-4.7494126814e-02	8.6982214139e-05	3.7733937676e-05
9.7600000000e+02	3.7351266182e-02	-4.7581128373e-02	8.7020896060e-05	3.7734483349e-05
9.7700000000e+02	3.7389000937e-02	-4.7668168593e-02	8.7059538926e-05	3.7735027358e-05
9.7800000000e+02	3.7426736236e-02	-4.7755247437e-02	8.7098142815e-05	3.7735569710e-05
9.7900000000e+02	3.7464472076e-02	-4.7842364866e-02	8.7136707806e-05	3.7736110411e-05
9.8000000000e+02	3.7502208456e-02	-4.7929520840e-02	8.7175233976e-05	3.7736649469e-05
9.8100000000e+02	3.7539945375e-02	-4.8016715321e-02	8.7213721402e-05	3.7737186890e-05
9.8200000000e+02	3.7577682829e-02	-4.8103948270e-02	8.7252170162e-05	3.7737722681e-05
9.8300000000e+02	3.7615420819e-02	-4.8191219648e-02	8.7290580333e-05	3.7738256847e-05
9.8400000000e+02	3.7653159343e-02	-4.8278529418e-02	8.7328951992e-05	3.7738789397e-05
9.8500000000e+02	3.7690898398e-02	-4.8365877540e-02	8.7367285215e-05	3.7739320336e-05
9.8600000000e+02	3.7728637983e-02	-4.8453263975e-02	8.7405580079e-05	3.7739849670e-05
9.8700000000e+02	3.7766378096e-02	-4.8540688687e-02	8.7443836660e-05	3.7740377407e-05
9.8800000000e+02	3.7804118737e-02	-4.8628151636e-02	8.7482055033e-05	3.7740903552e-05
9.8900000000e+02	3.7841859903e-02	-4.8715652784e-02	8.7520235275e-05	3.7741428113e-05
9.9000000000e+02	3.7879601593e-02	-4.8803192094e-02	8.7558377461e-05	3.7741951094e-05
9.9100000000e+02	3.7917343805e-02	-4.8890769527e-02	8.7596481666e-05	3.7742472503e-05
9.9200000000e+02	3.7955086537e-02	-4.8978385045e-02	8.7634547966e-05	3.7742992346e-05
9.9300000000e+02	3.7992829789e-02	-4.9066038610e-02	8.7672576434e-05	3.7743510630e-05
9.9400000000e+02	3.8030573558e-02	-4.9153730185e-02	8.7710567146e-05	3.7744027360e-05
9.9500000000e+02	3.8068317843e-02	-4.9241459732e-02	8.7748520176e-05	3.7744542542e-05
9.9600000000e+02	3.8106062643e-02	-4.9329227213e-02	8.7786435598e-05	3.7745056183e-05
9.9700000000e+02	3.8143807955e-02	-4.9417032590e-02	8.7824313486e-05	3.7745568289e-05
9.9800000000e+02	3.8181553779e-02	-4.9504875827e-02	8.7862153914e-05	3.7746078866e-05
9.9900000000e+02	3.8219300112e-02	-4.9592756886e-02	8.7899956955e-05	3.7746587920e-05
