# total modes from dos = 5.9999690145e+00
# ZPE = 4.0553837294e-03 Ry/cell
# Multiply by 13.6058 to have energies in eV/cell etc..
# Multiply by 13.6058 x 23060.35 = 313 754.5 to have energies in cal/(N mol).
# Multiply by 13.6058 x 96526.0 = 1 313 313 to have energies in J/(N mol).
# N is the number of formula units per cell.
#
# T (K) 	Evib (Ry/cell)	Fvib (Ry/cell)	Svib (Ry/cell/K)	Cvib (Ry/cell/K)
1.0000000000e+00	4.0553837472e-03	4.0553836538e-03	9.3375796782e-11	5.2858992942e-11
2.0000000000e+00	4.0553839077e-03	4.0553835189e-03	1.9438639584e-10	3.2204089269e-10
3.0000000000e+00	4.0553845347e-03	4.0553832171e-03	4.3921814735e-10	1.0217604123e-09
4.0000000000e+00	4.0553861668e-03	4.0553825687e-03	8.9953444802e-10	2.3683300362e-09
5.0000000000e+00	4.0553895601e-03	4.0553813221e-03	1.6475884428e-09	4.5810471212e-09
6.0000000000e+00	4.0553956925e-03	4.0553791532e-03	2.7565433467e-09	7.8847885251e-09
7.0000000000e+00	4.0554057714e-03	4.0553756639e-03	4.3010816952e-09	1.2514509349e-08
8.0000000000e+00	4.0554212476e-03	4.0553703801e-03	6.3584335509e-09	1.8723805921e-08
9.0000000000e+00	4.0554438417e-03	4.0553627489e-03	9.0103167511e-09	2.6803624747e-08
1.0000000000e+01	4.0554755987e-03	4.0553521315e-03	1.2346718171e-08	3.7119223842e-08
1.1000000000e+01	4.0555189887e-03	4.0553377926e-03	1.6472366325e-08	5.0166821781e-08
1.2000000000e+01	4.0555770708e-03	4.0553188812e-03	2.1515801092e-08	6.6638348930e-08
1.3000000000e+01	4.0556537171e-03	4.0552944014e-03	2.7639671099e-08	8.7474305410e-08
1.4000000000e+01	4.0557538755e-03	4.0552631736e-03	3.5050135553e-08	1.1388708349e-07
1.5000000000e+01	4.0558838379e-03	4.0552237874e-03	4.4003366551e-08	1.4734694208e-07
1.6000000000e+01	4.0560514767e-03	4.0551745503e-03	5.4807899910e-08	1.8953341922e-07
1.7000000000e+01	4.0562664182e-03	4.0551134354e-03	6.7822517697e-08	2.4226195733e-07
1.8000000000e+01	4.0565401369e-03	4.0550380347e-03	8.3450122766e-08	3.0739799560e-07
1.9000000000e+01	4.0568859608e-03	4.0549455185e-03	1.0212854268e-07	3.8676989435e-07
2.0000000000e+01	4.0573189946e-03	4.0548326069e-03	1.2431938448e-07	4.8208941781e-07
2.1000000000e+01	4.0578559678e-03	4.0546955512e-03	1.5049602947e-07	5.9488539686e-07
2.2000000000e+01	4.0585150257e-03	4.0545301284e-03	1.8113169690e-07	7.2645337523e-07
2.3000000000e+01	4.0593154779e-03	4.0543316472e-03	2.1668828944e-07	8.7782183566e-07
2.4000000000e+01	4.0602775205e-03	4.0540949643e-03	2.5760651155e-07	1.0497340634e-06
2.5000000000e+01	4.0614219483e-03	4.0538145095e-03	3.0429755164e-07	1.2426437586e-06
2.6000000000e+01	4.0627698672e-03	4.0534843194e-03	3.5713645416e-07	1.4567220309e-06
2.7000000000e+01	4.0643424194e-03	4.0530980755e-03	4.1645718185e-07	1.6918732762e-06
2.8000000000e+01	4.0661605272e-03	4.0526491474e-03	4.8254927809e-07	1.9477575247e-06
2.9000000000e+01	4.0682446617e-03	4.0521306382e-03	5.5565598076e-07	2.2238170861e-06
3.0000000000e+01	4.0706146394e-03	4.0515354313e-03	6.3597360553e-07	2.5193056221e-06
3.1000000000e+01	4.0732894490e-03	4.0508562369e-03	7.2365200234e-07	2.8333181080e-06
3.2000000000e+01	4.0762871067e-03	4.0500856383e-03	8.1879588869e-07	3.1648204728e-06
3.3000000000e+01	4.0796245425e-03	4.0492161357e-03	9.2146687338e-07	3.5126780031e-06
3.4000000000e+01	4.0833175121e-03	4.0482401881e-03	1.0316859996e-06	3.8756818663e-06
3.5000000000e+01	4.0873805357e-03	4.0471502528e-03	1.1494366559e-06	4.2525733253e-06
3.6000000000e+01	4.0918268590e-03	4.0459388210e-03	1.2746677242e-06	4.6420654041e-06
3.7000000000e+01	4.0966684346e-03	4.0445984510e-03	1.4072968541e-06	5.0428619071e-06
3.8000000000e+01	4.1019159211e-03	4.0431217977e-03	1.5472137726e-06	5.4536738041e-06
3.9000000000e+01	4.1075786976e-03	4.0415016389e-03	1.6942835567e-06	5.8732330764e-06
4.0000000000e+01	4.1136648907e-03	4.0397308982e-03	1.8483498115e-06	6.3003041741e-06
4.1000000000e+01	4.1201814114e-03	4.0378026652e-03	2.0092377119e-06	6.7336932713e-06
4.2000000000e+01	4.1271340010e-03	4.0357102123e-03	2.1767568755e-06	7.1722555289e-06
4.3000000000e+01	4.1345272828e-03	4.0334470087e-03	2.3507040480e-06	7.6149005789e-06
4.4000000000e+01	4.1423648184e-03	4.0310067326e-03	2.5308655871e-06	8.0605964467e-06
4.5000000000e+01	4.1506491682e-03	4.0283832799e-03	2.7170197402e-06	8.5083721205e-06
4.6000000000e+01	4.1593819524e-03	4.0255707715e-03	2.9089387151e-06	8.9573189619e-06
4.7000000000e+01	4.1685639139e-03	4.0225635582e-03	3.1063905474e-06	9.4065911415e-06
4.8000000000e+01	4.1781949813e-03	4.0193562242e-03	3.3091407718e-06	9.8554052630e-06
4.9000000000e+01	4.1882743304e-03	4.0159435890e-03	3.5169539064e-06	1.0303039326e-05
5.0000000000e+01	4.1988004452e-03	4.0123207072e-03	3.7295947603e-06	1.0748831157e-05
5.1000000000e+01	4.2097711766e-03	4.0084828682e-03	3.9468295765e-06	1.1192176426e-05
5.2000000000e+01	4.2211837990e-03	4.0044255939e-03	4.1684270222e-06	1.1632526350e-05
5.3000000000e+01	4.2330350650e-03	4.0001446360e-03	4.3941590383e-06	1.2069385161e-05
5.4000000000e+01	4.2453212566e-03	3.9956359724e-03	4.6238015610e-06	1.2502307427e-05
5.5000000000e+01	4.2580382346e-03	3.9908958026e-03	4.8571351271e-06	1.2930895271e-05
5.6000000000e+01	4.2711814842e-03	3.9859205433e-03	5.0939453738e-06	1.3354795548e-05
5.7000000000e+01	4.2847461590e-03	3.9807068226e-03	5.3340234446e-06	1.3773697022e-05
5.8000000000e+01	4.2987271209e-03	3.9752514748e-03	5.5771663107e-06	1.4187327576e-05
5.9000000000e+01	4.3131189782e-03	3.9695515341e-03	5.8231770181e-06	1.4595451472e-05
6.0000000000e+01	4.3279161206e-03	3.9636042285e-03	6.0718648680e-06	1.4997866708e-05
6.1000000000e+01	4.3431127515e-03	3.9574069735e-03	6.3230455399e-06	1.5394402449e-05
6.2000000000e+01	4.3587029180e-03	3.9509573658e-03	6.5765411636e-06	1.5784916586e-05
6.3000000000e+01	4.3746805386e-03	3.9442531767e-03	6.8321803467e-06	1.6169293397e-05
6.4000000000e+01	4.3910394282e-03	3.9372923457e-03	7.0897981651e-06	1.6547441331e-05
6.5000000000e+01	4.4077733216e-03	3.9300729738e-03	7.3492361200e-06	1.6919290921e-05
6.6000000000e+01	4.4248758940e-03	3.9225933175e-03	7.6103420678e-06	1.7284792815e-05
6.7000000000e+01	4.4423407808e-03	3.9148517823e-03	7.8729701257e-06	1.7643915928e-05
6.8000000000e+01	4.4601615946e-03	3.9068469165e-03	8.1369805593e-06	1.7996645720e-05
6.9000000000e+01	4.4783319411e-03	3.8985774051e-03	8.4022396524e-06	1.8342982590e-05
7.0000000000e+01	4.4968454332e-03	3.8900420637e-03	8.6686195652e-06	1.8682940373e-05
7.1000000000e+01	4.5156957040e-03	3.8812398331e-03	8.9359981814e-06	1.9016544965e-05
7.2000000000e+01	4.5348764176e-03	3.8721697733e-03	9.2042589476e-06	1.9343833030e-05
7.3000000000e+01	4.5543812798e-03	3.8628310583e-03	9.4732907067e-06	1.9664850821e-05
7.4000000000e+01	4.5742040473e-03	3.8532229703e-03	9.7429875269e-06	1.9979653086e-05
7.5000000000e+01	4.5943385349e-03	3.8433448952e-03	1.0013248529e-05	2.0288302065e-05
7.6000000000e+01	4.6147786232e-03	3.8331963172e-03	1.0283977710e-05	2.0590866566e-05
7.7000000000e+01	4.6355182646e-03	3.8227768142e-03	1.0555083772e-05	2.0887421124e-05
7.8000000000e+01	4.6565514886e-03	3.8120860530e-03	1.0826479943e-05	2.1178045226e-05
7.9000000000e+01	4.6778724061e-03	3.8011237851e-03	1.1098083810e-05	2.1462822605e-05
8.0000000000e+01	4.6994752139e-03	3.7898898423e-03	1.1369817146e-05	2.1741840600e-05
8.1000000000e+01	4.7213541976e-03	3.7783841325e-03	1.1641605743e-05	2.2015189568e-05
8.2000000000e+01	4.7435037343e-03	3.7666066359e-03	1.1913379250e-05	2.2282962356e-05
8.3000000000e+01	4.7659182952e-03	3.7545574012e-03	1.2185071011e-05	2.2545253816e-05
8.4000000000e+01	4.7885924470e-03	3.7422365422e-03	1.2456617914e-05	2.2802160374e-05
8.5000000000e+01	4.8115208535e-03	3.7296442337e-03	1.2727960234e-05	2.3053779633e-05
8.6000000000e+01	4.8346982766e-03	3.7167807088e-03	1.2999041487e-05	2.3300210019e-05
8.7000000000e+01	4.8581195769e-03	3.7036462555e-03	1.3269808292e-05	2.3541550466e-05
8.8000000000e+01	4.8817797140e-03	3.6902412138e-03	1.3540210229e-05	2.3777900127e-05
8.9000000000e+01	4.9056737466e-03	3.6765659726e-03	1.3810199708e-05	2.4009358121e-05
9.0000000000e+01	4.9297968326e-03	3.6626209669e-03	1.4079731841e-05	2.4236023302e-05
9.1000000000e+01	4.9541442284e-03	3.6484066755e-03	1.4348764318e-05	2.4457994062e-05
9.2000000000e+01	4.9787112885e-03	3.6339236181e-03	1.4617257287e-05	2.4675368147e-05
9.3000000000e+01	5.0034934648e-03	3.6191723533e-03	1.4885173242e-05	2.4888242499e-05
9.4000000000e+01	5.0284863056e-03	3.6041534758e-03	1.5152476913e-05	2.5096713121e-05
9.5000000000e+01	5.0536854548e-03	3.5888676146e-03	1.5419135160e-05	2.5300874951e-05
9.6000000000e+01	5.0790866505e-03	3.5733154310e-03	1.5685116870e-05	2.5500821760e-05
9.7000000000e+01	5.1046857242e-03	3.5574976161e-03	1.5950392866e-05	2.5696646056e-05
9.8000000000e+01	5.1304785989e-03	3.5414148896e-03	1.6214935809e-05	2.5888439012e-05
9.9000000000e+01	5.1564612883e-03	3.5250679974e-03	1.6478720110e-05	2.6076290397e-05
1.0000000000e+02	5.1826298953e-03	3.5084577103e-03	1.6741721850e-05	2.6260288519e-05
1.0100000000e+02	5.2089806099e-03	3.4915848220e-03	1.7003918692e-05	2.6440520183e-05
1.0200000000e+02	5.2355097086e-03	3.4744501481e-03	1.7265289808e-05	2.6617070650e-05
1.0300000000e+02	5.2622135521e-03	3.4570545241e-03	1.7525815805e-05	2.6790023611e-05
1.0400000000e+02	5.2890885840e-03	3.4393988043e-03	1.7785478652e-05	2.6959461167e-05
1.0500000000e+02	5.3161313294e-03	3.4214838601e-03	1.8044261612e-05	2.7125463806e-05
1.0600000000e+02	5.3433383930e-03	3.4033105795e-03	1.8302149184e-05	2.7288110401e-05
1.0700000000e+02	5.3707064573e-03	3.3848798650e-03	1.8559127031e-05	2.7447478203e-05
1.0800000000e+02	5.3982322817e-03	3.3661926331e-03	1.8815181931e-05	2.7603642837e-05
1.0900000000e+02	5.4259127000e-03	3.3472498129e-03	1.9070301716e-05	2.7756678313e-05
1.1000000000e+02	5.4537446194e-03	3.3280523451e-03	1.9324475221e-05	2.7906657027e-05
1.1100000000e+02	5.4817250187e-03	3.3086011813e-03	1.9577692229e-05	2.8053649774e-05
1.1200000000e+02	5.5098509467e-03	3.2888972826e-03	1.9829943429e-05	2.8197725763e-05
1.1300000000e+02	5.5381195205e-03	3.2689416192e-03	2.0081220366e-05	2.8338952630e-05
1.1400000000e+02	5.5665279243e-03	3.2487351692e-03	2.0331515396e-05	2.8477396459e-05
1.1500000000e+02	5.5950734073e-03	3.2282789180e-03	2.0580821646e-05	2.8613121798e-05
1.1600000000e+02	5.6237532828e-03	3.2075738575e-03	2.0829132976e-05	2.8746191684e-05
1.1700000000e+02	5.6525649261e-03	3.1866209855e-03	2.1076443936e-05	2.8876667665e-05
1.1800000000e+02	5.6815057735e-03	3.1654213047e-03	2.1322749735e-05	2.9004609821e-05
1.1900000000e+02	5.7105733207e-03	3.1439758225e-03	2.1568046203e-05	2.9130076794e-05
1.2000000000e+02	5.7397651211e-03	3.1222855500e-03	2.1812329760e-05	2.9253125808e-05
1.2100000000e+02	5.7690787849e-03	3.1003515016e-03	2.2055597383e-05	2.9373812700e-05
1.2200000000e+02	5.7985119773e-03	3.0781746947e-03	2.2297846579e-05	2.9492191944e-05
1.2300000000e+02	5.8280624173e-03	3.0557561486e-03	2.2539075355e-05	2.9608316678e-05
1.2400000000e+02	5.8577278765e-03	3.0330968846e-03	2.2779282192e-05	2.9722238733e-05
1.2500000000e+02	5.8875061774e-03	3.0101979252e-03	2.3018466018e-05	2.9834008659e-05
1.2600000000e+02	5.9173951928e-03	2.9870602938e-03	2.3256626183e-05	2.9943675756e-05
1.2700000000e+02	5.9473928440e-03	2.9636850142e-03	2.3493762440e-05	3.0051288095e-05
1.2800000000e+02	5.9774970998e-03	2.9400731102e-03	2.3729874918e-05	3.0156892552e-05
1.2900000000e+02	6.0077059751e-03	2.9162256054e-03	2.3964964106e-05	3.0260534831e-05
1.3000000000e+02	6.0380175302e-03	2.8921435228e-03	2.4199030826e-05	3.0362259495e-05
1.3100000000e+02	6.0684298694e-03	2.8678278842e-03	2.4432076222e-05	3.0462109989e-05
1.3200000000e+02	6.0989411396e-03	2.8432797103e-03	2.4664101737e-05	3.0560128668e-05
1.3300000000e+02	6.1295495299e-03	2.8185000201e-03	2.4895109096e-05	3.0656356826e-05
1.3400000000e+02	6.1602532698e-03	2.7934898309e-03	2.5125100291e-05	3.0750834718e-05
1.3500000000e+02	6.1910506290e-03	2.7682501575e-03	2.5354077566e-05	3.0843601587e-05
1.3600000000e+02	6.2219399154e-03	2.7427820129e-03	2.5582043401e-05	3.0934695690e-05
1.3700000000e+02	6.2529194752e-03	2.7170864070e-03	2.5809000498e-05	3.1024154322e-05
1.3800000000e+02	6.2839876911e-03	2.6911643472e-03	2.6034951767e-05	3.1112013840e-05
1.3900000000e+02	6.3151429817e-03	2.6650168377e-03	2.6259900316e-05	3.1198309688e-05
1.4000000000e+02	6.3463838007e-03	2.6386448797e-03	2.6483849436e-05	3.1283076419e-05
1.4100000000e+02	6.3777086360e-03	2.6120494708e-03	2.6706802590e-05	3.1366347718e-05
1.4200000000e+02	6.4091160087e-03	2.5852316053e-03	2.6928763404e-05	3.1448156427e-05
1.4300000000e+02	6.4406044721e-03	2.5581922735e-03	2.7149735654e-05	3.1528534563e-05
1.4400000000e+02	6.4721726113e-03	2.5309324622e-03	2.7369723258e-05	3.1607513341e-05
1.4500000000e+02	6.5038190424e-03	2.5034531539e-03	2.7588730266e-05	3.1685123197e-05
1.4600000000e+02	6.5355424113e-03	2.4757553271e-03	2.7806760851e-05	3.1761393807e-05
1.4700000000e+02	6.5673413933e-03	2.4478399562e-03	2.8023819300e-05	3.1836354104e-05
1.4800000000e+02	6.5992146922e-03	2.4197080111e-03	2.8239910007e-05	3.1910032305e-05
1.4900000000e+02	6.6311610397e-03	2.3913604573e-03	2.8455037466e-05	3.1982455921e-05
1.5000000000e+02	6.6631791948e-03	2.3627982557e-03	2.8669206260e-05	3.2053651783e-05
1.5100000000e+02	6.6952679428e-03	2.3340223628e-03	2.8882421060e-05	3.2123646057e-05
1.5200000000e+02	6.7274260949e-03	2.3050337300e-03	2.9094686611e-05	3.2192464261e-05
1.5300000000e+02	6.7596524876e-03	2.2758333043e-03	2.9306007733e-05	3.2260131285e-05
1.5400000000e+02	6.7919459818e-03	2.2464220277e-03	2.9516389312e-05	3.2326671403e-05
1.5500000000e+02	6.8243054626e-03	2.2168008373e-03	2.9725836293e-05	3.2392108296e-05
1.5600000000e+02	6.8567298384e-03	2.1869706650e-03	2.9934353675e-05	3.2456465062e-05
1.5700000000e+02	6.8892180402e-03	2.1569324381e-03	3.0141946510e-05	3.2519764234e-05
1.5800000000e+02	6.9217690216e-03	2.1266870785e-03	3.0348619893e-05	3.2582027797e-05
1.5900000000e+02	6.9543817578e-03	2.0962355031e-03	3.0554378960e-05	3.2643277198e-05
1.6000000000e+02	6.9870552450e-03	2.0655786236e-03	3.0759228883e-05	3.2703533365e-05
1.6100000000e+02	7.0197885002e-03	2.0347173466e-03	3.0963174867e-05	3.2762816717e-05
1.6200000000e+02	7.0525805608e-03	2.0036525734e-03	3.1166222144e-05	3.2821147183e-05
1.6300000000e+02	7.0854304835e-03	1.9723852001e-03	3.1368375971e-05	3.2878544207e-05
1.6400000000e+02	7.1183373444e-03	1.9409161176e-03	3.1569641627e-05	3.2935026769e-05
1.6500000000e+02	7.1513002384e-03	1.9092462112e-03	3.1770024407e-05	3.2990613392e-05
1.6600000000e+02	7.1843182785e-03	1.8773763613e-03	3.1969529622e-05	3.3045322158e-05
1.6700000000e+02	7.2173905959e-03	1.8453074427e-03	3.2168162594e-05	3.3099170715e-05
1.6800000000e+02	7.2505163390e-03	1.8130403250e-03	3.2365928654e-05	3.3152176295e-05
1.6900000000e+02	7.2836946731e-03	1.7805758726e-03	3.2562833139e-05	3.3204355717e-05
1.7000000000e+02	7.3169247805e-03	1.7479149442e-03	3.2758881390e-05	3.3255725406e-05
1.7100000000e+02	7.3502058594e-03	1.7150583934e-03	3.2954078748e-05	3.3306301399e-05
1.7200000000e+02	7.3835371240e-03	1.6820070685e-03	3.3148430555e-05	3.3356099354e-05
1.7300000000e+02	7.4169178039e-03	1.6487618124e-03	3.3341942147e-05	3.3405134565e-05
1.7400000000e+02	7.4503471438e-03	1.6153234625e-03	3.3534618858e-05	3.3453421966e-05
1.7500000000e+02	7.4838244034e-03	1.5816928512e-03	3.3726466013e-05	3.3500976145e-05
1.7600000000e+02	7.5173488565e-03	1.5478708053e-03	3.3917488927e-05	3.3547811350e-05
1.7700000000e+02	7.5509197911e-03	1.5138581463e-03	3.4107692908e-05	3.3593941500e-05
1.7800000000e+02	7.5845365090e-03	1.4796556906e-03	3.4297083249e-05	3.3639380191e-05
1.7900000000e+02	7.6181983254e-03	1.4452642493e-03	3.4485665230e-05	3.3684140709e-05
1.8000000000e+02	7.6519045687e-03	1.4106846279e-03	3.4673444115e-05	3.3728236032e-05
1.8100000000e+02	7.6856545800e-03	1.3759176270e-03	3.4860425155e-05	3.3771678845e-05
1.8200000000e+02	7.7194477130e-03	1.3409640418e-03	3.5046613578e-05	3.3814481539e-05
1.8300000000e+02	7.7532833337e-03	1.3058246623e-03	3.5232014598e-05	3.3856656228e-05
1.8400000000e+02	7.7871608201e-03	1.2705002733e-03	3.5416633406e-05	3.3898214749e-05
1.8500000000e+02	7.8210795617e-03	1.2349916545e-03	3.5600475174e-05	3.3939168672e-05
1.8600000000e+02	7.8550389596e-03	1.1992995803e-03	3.5783545050e-05	3.3979529308e-05
1.8700000000e+02	7.8890384262e-03	1.1634248200e-03	3.5965848162e-05	3.4019307712e-05
1.8800000000e+02	7.9230773846e-03	1.1273681378e-03	3.6147389610e-05	3.4058514694e-05
1.8900000000e+02	7.9571552687e-03	1.0911302930e-03	3.6328174475e-05	3.4097160822e-05
1.9000000000e+02	7.9912715227e-03	1.0547120394e-03	3.6508207807e-05	3.4135256429e-05
1.9100000000e+02	8.0254256014e-03	1.0181141262e-03	3.6687494635e-05	3.4172811621e-05
1.9200000000e+02	8.0596169691e-03	9.8133729730e-04	3.6866039957e-05	3.4209836277e-05
1.9300000000e+02	8.0938451003e-03	9.4438229177e-04	3.7043848749e-05	3.4246340063e-05
1.9400000000e+02	8.1281094788e-03	9.0724984366e-04	3.7220925954e-05	3.4282332431e-05
1.9500000000e+02	8.1624095978e-03	8.6994068209e-04	3.7397276491e-05	3.4317822626e-05
1.9600000000e+02	8.1967449597e-03	8.3245553127e-04	3.7572905247e-05	3.4352819693e-05
1.9700000000e+02	8.2311150757e-03	7.9479511057e-04	3.7747817082e-05	3.4387332480e-05
1.9800000000e+02	8.2655194661e-03	7.5696013447e-04	3.7922016826e-05	3.4421369644e-05
1.9900000000e+02	8.2999576593e-03	7.1895131268e-04	3.8095509280e-05	3.4454939653e-05
2.0000000000e+02	8.3344291924e-03	6.8076935009e-04	3.8268299212e-05	3.4488050797e-05
2.0100000000e+02	8.3689336107e-03	6.4241494685e-04	3.8440391362e-05	3.4520711185e-05
2.0200000000e+02	8.4034704672e-03	6.0388879839e-04	3.8611790440e-05	3.4552928755e-05
2.0300000000e+02	8.4380393232e-03	5.6519159543e-04	3.8782501122e-05	3.4584711274e-05
2.0400000000e+02	8.4726397473e-03	5.2632402406e-04	3.8952528055e-05	3.4616066346e-05
2.0500000000e+02	8.5072713159e-03	4.8728676570e-04	3.9121875854e-05	3.4647001415e-05
2.0600000000e+02	8.5419336125e-03	4.4808049720e-04	3.9290549104e-05	3.4677523766e-05
2.0700000000e+02	8.5766262282e-03	4.0870589083e-04	3.9458552354e-05	3.4707640531e-05
2.0800000000e+02	8.6113487607e-03	3.6916361432e-04	3.9625890127e-05	3.4737358696e-05
2.0900000000e+02	8.6461008150e-03	3.2945433090e-04	3.9792566910e-05	3.4766685097e-05
2.1000000000e+02	8.6808820026e-03	2.8957869934e-04	3.9958587158e-05	3.4795626431e-05
2.1100000000e+02	8.7156919417e-03	2.4953737395e-04	4.0123955297e-05	3.4824189255e-05
2.1200000000e+02	8.7505302571e-03	2.0933100465e-04	4.0288675719e-05	3.4852379991e-05
2.1300000000e+02	8.7853965797e-03	1.6896023697e-04	4.0452752783e-05	3.4880204929e-05
2.1400000000e+02	8.8202905470e-03	1.2842571210e-04	4.0616190817e-05	3.4907670229e-05
2.1500000000e+02	8.8552118023e-03	8.7728066912e-05	4.0778994118e-05	3.4934781926e-05
2.1600000000e+02	8.8901599950e-03	4.6867934016e-05	4.0941166949e-05	3.4961545932e-05
2.1700000000e+02	8.9251347802e-03	5.8459417595e-06	4.1102713541e-05	3.4987968040e-05
2.1800000000e+02	8.9601358190e-03	-3.5337285721e-05	4.1263638095e-05	3.5014053922e-05
2.1900000000e+02	8.9951627779e-03	-7.6681128474e-05	4.1423944778e-05	3.5039809141e-05
2.2000000000e+02	9.0302153289e-03	-1.1818497070e-04	4.1583637725e-05	3.5065239143e-05
2.2100000000e+02	9.0652931495e-03	-1.5984820071e-04	4.1742721042e-05	3.5090349269e-05
2.2200000000e+02	9.1003959225e-03	-2.0167021093e-04	4.1901198799e-05	3.5115144751e-05
2.2300000000e+02	9.1355233358e-03	-2.4365039781e-04	4.2059075039e-05	3.5139630718e-05
2.2400000000e+02	9.1706750825e-03	-2.8578816184e-04	4.2216353769e-05	3.5163812195e-05
2.2500000000e+02	9.2058508604e-03	-3.2808290750e-04	4.2373038968e-05	3.5187694112e-05
2.2600000000e+02	9.2410503725e-03	-3.7053404325e-04	4.2529134583e-05	3.5211281298e-05
2.2700000000e+02	9.2762733263e-03	-4.1314098145e-04	4.2684644528e-05	3.5234578488e-05
2.2800000000e+02	9.3115194343e-03	-4.5590313837e-04	4.2839572687e-05	3.5257590326e-05
2.2900000000e+02	9.3467884134e-03	-4.9881993418e-04	4.2993922915e-05	3.5280321363e-05
2.3000000000e+02	9.3820799849e-03	-5.4189079283e-04	4.3147699034e-05	3.5302776064e-05
2.3100000000e+02	9.4173938748e-03	-5.8511514214e-04	4.3300904835e-05	3.5324958805e-05
2.3200000000e+02	9.4527298133e-03	-6.2849241365e-04	4.3453544082e-05	3.5346873880e-05
2.3300000000e+02	9.4880875348e-03	-6.7202204269e-04	4.3605620504e-05	3.5368525498e-05
2.3400000000e+02	9.5234667779e-03	-7.1570346829e-04	4.3757137804e-05	3.5389917789e-05
2.3500000000e+02	9.5588672853e-03	-7.5953613315e-04	4.3908099653e-05	3.5411054802e-05
2.3600000000e+02	9.5942888037e-03	-8.0351948366e-04	4.4058509692e-05	3.5431940512e-05
2.3700000000e+02	9.6297310838e-03	-8.4765296980e-04	4.4208371534e-05	3.5452578815e-05
2.3800000000e+02	9.6651938801e-03	-8.9193604519e-04	4.4357688762e-05	3.5472973536e-05
2.3900000000e+02	9.7006769510e-03	-9.3636816698e-04	4.4506464929e-05	3.5493128425e-05
2.4000000000e+02	9.7361800583e-03	-9.8094879587e-04	4.4654703559e-05	3.5513047165e-05
2.4100000000e+02	9.7717029678e-03	-1.0256773961e-03	4.4802408149e-05	3.5532733367e-05
2.4200000000e+02	9.8072454487e-03	-1.0705534353e-03	4.4949582165e-05	3.5552190575e-05
2.4300000000e+02	9.8428072738e-03	-1.1155763847e-03	4.5096229047e-05	3.5571422268e-05
2.4400000000e+02	9.8783882192e-03	-1.1607457188e-03	4.5242352205e-05	3.5590431860e-05
2.4500000000e+02	9.9139880646e-03	-1.2060609157e-03	4.5387955021e-05	3.5609222702e-05
2.4600000000e+02	9.9496065928e-03	-1.2515214565e-03	4.5533040851e-05	3.5627798082e-05
2.4700000000e+02	9.9852435900e-03	-1.2971268261e-03	4.5677613021e-05	3.5646161229e-05
2.4800000000e+02	1.0020898846e-02	-1.3428765125e-03	4.5821674831e-05	3.5664315312e-05
2.4900000000e+02	1.0056572152e-02	-1.3887700068e-03	4.5965229553e-05	3.5682263442e-05
2.5000000000e+02	1.0092263305e-02	-1.4348068036e-03	4.6108280434e-05	3.5700008674e-05
2.5100000000e+02	1.0127972103e-02	-1.4809864008e-03	4.6250830691e-05	3.5717554006e-05
2.5200000000e+02	1.0163698347e-02	-1.5273082992e-03	4.6392883517e-05	3.5734902385e-05
2.5300000000e+02	1.0199441843e-02	-1.5737720031e-03	4.6534442078e-05	3.5752056701e-05
2.5400000000e+02	1.0235202397e-02	-1.6203770196e-03	4.6675509514e-05	3.5769019795e-05
2.5500000000e+02	1.0270979820e-02	-1.6671228594e-03	4.6816088937e-05	3.5785794455e-05
2.5600000000e+02	1.0306773924e-02	-1.7140090359e-03	4.6956183436e-05	3.5802383420e-05
2.5700000000e+02	1.0342584525e-02	-1.7610350657e-03	4.7095796074e-05	3.5818789380e-05
2.5800000000e+02	1.0378411442e-02	-1.8082004684e-03	4.7234929887e-05	3.5835014978e-05
2.5900000000e+02	1.0414254496e-02	-1.8555047668e-03	4.7373587888e-05	3.5851062810e-05
2.6000000000e+02	1.0450113510e-02	-1.9029474866e-03	4.7511773063e-05	3.5866935425e-05
2.6100000000e+02	1.0485988309e-02	-1.9505281563e-03	4.7649488374e-05	3.5882635329e-05
2.6200000000e+02	1.0521878724e-02	-1.9982463077e-03	4.7786736761e-05	3.5898164983e-05
2.6300000000e+02	1.0557784583e-02	-2.0461014752e-03	4.7923521135e-05	3.5913526804e-05
2.6400000000e+02	1.0593705722e-02	-2.0940931963e-03	4.8059844388e-05	3.5928723169e-05
2.6500000000e+02	1.0629641975e-02	-2.1422210112e-03	4.8195709383e-05	3.5943756412e-05
2.6600000000e+02	1.0665593181e-02	-2.1904844632e-03	4.8331118964e-05	3.5958628828e-05
2.6700000000e+02	1.0701559180e-02	-2.2388830983e-03	4.8466075949e-05	3.5973342672e-05
2.6800000000e+02	1.0737539814e-02	-2.2874164652e-03	4.8600583133e-05	3.5987900158e-05
2.6900000000e+02	1.0773534929e-02	-2.3360841155e-03	4.8734643288e-05	3.6002303466e-05
2.7000000000e+02	1.0809544371e-02	-2.3848856037e-03	4.8868259164e-05	3.6016554736e-05
2.7100000000e+02	1.0845567989e-02	-2.4338204867e-03	4.9001433488e-05	3.6030656072e-05
2.7200000000e+02	1.0881605634e-02	-2.4828883244e-03	4.9134168963e-05	3.6044609542e-05
2.7300000000e+02	1.0917657159e-02	-2.5320886792e-03	4.9266468272e-05	3.6058417180e-05
2.7400000000e+02	1.0953722420e-02	-2.5814211164e-03	4.9398334075e-05	3.6072080984e-05
2.7500000000e+02	1.0989801274e-02	-2.6308852037e-03	4.9529769009e-05	3.6085602920e-05
2.7600000000e+02	1.1025893579e-02	-2.6804805117e-03	4.9660775692e-05	3.6098984921e-05
2.7700000000e+02	1.1061999198e-02	-2.7302066132e-03	4.9791356718e-05	3.6112228885e-05
2.7800000000e+02	1.1098117992e-02	-2.7800630841e-03	4.9921514661e-05	3.6125336683e-05
2.7900000000e+02	1.1134249826e-02	-2.8300495024e-03	5.0051252074e-05	3.6138310150e-05
2.8000000000e+02	1.1170394568e-02	-2.8801654489e-03	5.0180571488e-05	3.6151151093e-05
2.8100000000e+02	1.1206552085e-02	-2.9304105069e-03	5.0309475415e-05	3.6163861290e-05
2.8200000000e+02	1.1242722247e-02	-2.9807842621e-03	5.0437966345e-05	3.6176442487e-05
2.8300000000e+02	1.1278904927e-02	-3.0312863027e-03	5.0566046749e-05	3.6188896404e-05
2.8400000000e+02	1.1315099998e-02	-3.0819162195e-03	5.0693719077e-05	3.6201224731e-05
2.8500000000e+02	1.1351307335e-02	-3.1326736056e-03	5.0820985758e-05	3.6213429132e-05
2.8600000000e+02	1.1387526816e-02	-3.1835580566e-03	5.0947849204e-05	3.6225511242e-05
2.8700000000e+02	1.1423758318e-02	-3.2345691704e-03	5.1074311805e-05	3.6237472671e-05
2.8800000000e+02	1.1460001721e-02	-3.2857065474e-03	5.1200375933e-05	3.6249315001e-05
2.8900000000e+02	1.1496256909e-02	-3.3369697903e-03	5.1326043940e-05	3.6261039791e-05
2.9000000000e+02	1.1532523762e-02	-3.3883585040e-03	5.1451318160e-05	3.6272648574e-05
2.9100000000e+02	1.1568802167e-02	-3.4398722961e-03	5.1576200906e-05	3.6284142857e-05
2.9200000000e+02	1.1605092010e-02	-3.4915107761e-03	5.1700694474e-05	3.6295524124e-05
2.9300000000e+02	1.1641393179e-02	-3.5432735561e-03	5.1824801142e-05	3.6306793836e-05
2.9400000000e+02	1.1677705561e-02	-3.5951602502e-03	5.1948523168e-05	3.6317953430e-05
2.9500000000e+02	1.1714029049e-02	-3.6471704749e-03	5.2071862794e-05	3.6329004319e-05
2.9600000000e+02	1.1750363534e-02	-3.6993038491e-03	5.2194822241e-05	3.6339947897e-05
2.9700000000e+02	1.1786708910e-02	-3.7515599934e-03	5.2317403714e-05	3.6350785532e-05
2.9800000000e+02	1.1823065070e-02	-3.8039385312e-03	5.2439609401e-05	3.6361518573e-05
2.9900000000e+02	1.1859431912e-02	-3.8564390877e-03	5.2561441472e-05	3.6372148347e-05
3.0000000000e+02	1.1895809333e-02	-3.9090612903e-03	5.2682902078e-05	3.6382676162e-05
3.0100000000e+02	1.1932197231e-02	-3.9618047687e-03	5.2803993355e-05	3.6393103302e-05
3.0200000000e+02	1.1968595507e-02	-4.0146691547e-03	5.2924717421e-05	3.6403431034e-05
3.0300000000e+02	1.2005004061e-02	-4.0676540819e-03	5.3045076378e-05	3.6413660604e-05
3.0400000000e+02	1.2041422795e-02	-4.1207591864e-03	5.3165072309e-05	3.6423793241e-05
3.0500000000e+02	1.2077851615e-02	-4.1739841062e-03	5.3284707283e-05	3.6433830152e-05
3.0600000000e+02	1.2114290424e-02	-4.2273284813e-03	5.3403983352e-05	3.6443772526e-05
3.0700000000e+02	1.2150739129e-02	-4.2807919539e-03	5.3522902550e-05	3.6453621536e-05
3.0800000000e+02	1.2187197637e-02	-4.3343741681e-03	5.3641466898e-05	3.6463378335e-05
3.0900000000e+02	1.2223665855e-02	-4.3880747701e-03	5.3759678399e-05	3.6473044060e-05
3.1000000000e+02	1.2260143695e-02	-4.4418934080e-03	5.3877539041e-05	3.6482619828e-05
3.1100000000e+02	1.2296631065e-02	-4.4958297319e-03	5.3995050795e-05	3.6492106742e-05
3.1200000000e+02	1.2333127879e-02	-4.5498833939e-03	5.4112215618e-05	3.6501505887e-05
3.1300000000e+02	1.2369634048e-02	-4.6040540481e-03	5.4229035452e-05	3.6510818332e-05
3.1400000000e+02	1.2406149487e-02	-4.6583413505e-03	5.4345512221e-05	3.6520045129e-05
3.1500000000e+02	1.2442674110e-02	-4.7127449589e-03	5.4461647839e-05	3.6529187317e-05
3.1600000000e+02	1.2479207834e-02	-4.7672645331e-03	5.4577444199e-05	3.6538245915e-05
3.1700000000e+02	1.2515750575e-02	-4.8218997348e-03	5.4692903184e-05	3.6547221931e-05
3.1800000000e+02	1.2552302250e-02	-4.8766502276e-03	5.4808026661e-05	3.6556116356e-05
3.1900000000e+02	1.2588862780e-02	-4.9315156769e-03	5.4922816481e-05	3.6564930167e-05
3.2000000000e+02	1.2625432084e-02	-4.9864957500e-03	5.5037274482e-05	3.6573664326e-05
3.2100000000e+02	1.2662010083e-02	-5.0415901159e-03	5.5151402488e-05	3.6582319780e-05
3.2200000000e+02	1.2698596698e-02	-5.0967984455e-03	5.5265202309e-05	3.6590897465e-05
3.2300000000e+02	1.2735191852e-02	-5.1521204117e-03	5.5378675739e-05	3.6599398301e-05
3.2400000000e+02	1.2771795469e-02	-5.2075556888e-03	5.5491824562e-05	3.6607823194e-05
3.2500000000e+02	1.2808407474e-02	-5.2631039532e-03	5.5604650544e-05	3.6616173038e-05
3.2600000000e+02	1.2845027791e-02	-5.3187648829e-03	5.5717155440e-05	3.6624448715e-05
3.2700000000e+02	1.2881656347e-02	-5.3745381576e-03	5.5829340991e-05	3.6632651092e-05
3.2800000000e+02	1.2918293069e-02	-5.4304234590e-03	5.5941208926e-05	3.6640781025e-05
3.2900000000e+02	1.2954937885e-02	-5.4864204702e-03	5.6052760957e-05	3.6648839357e-05
3.3000000000e+02	1.2991590724e-02	-5.5425288762e-03	5.6163998788e-05	3.6656826919e-05
3.3100000000e+02	1.3028251515e-02	-5.5987483636e-03	5.6274924105e-05	3.6664744530e-05
3.3200000000e+02	1.3064920190e-02	-5.6550786208e-03	5.6385538586e-05	3.6672592998e-05
3.3300000000e+02	1.3101596678e-02	-5.7115193377e-03	5.6495843892e-05	3.6680373119e-05
3.3400000000e+02	1.3138280913e-02	-5.7680702060e-03	5.6605841675e-05	3.6688085676e-05
3.3500000000e+02	1.3174972828e-02	-5.8247309191e-03	5.6715533572e-05	3.6695731445e-05
3.3600000000e+02	1.3211672354e-02	-5.8815011718e-03	5.6824921209e-05	3.6703311186e-05
3.3700000000e+02	1.3248379428e-02	-5.9383806606e-03	5.6934006198e-05	3.6710825652e-05
3.3800000000e+02	1.3285093984e-02	-5.9953690838e-03	5.7042790142e-05	3.6718275585e-05
3.3900000000e+02	1.3321815958e-02	-6.0524661411e-03	5.7151274629e-05	3.6725661714e-05
3.4000000000e+02	1.3358545287e-02	-6.1096715338e-03	5.7259461236e-05	3.6732984761e-05
3.4100000000e+02	1.3395281907e-02	-6.1669849648e-03	5.7367351530e-05	3.6740245436e-05
3.4200000000e+02	1.3432025757e-02	-6.2244061386e-03	5.7474947063e-05	3.6747444440e-05
3.4300000000e+02	1.3468776775e-02	-6.2819347612e-03	5.7582249378e-05	3.6754582463e-05
3.4400000000e+02	1.3505534902e-02	-6.3395705401e-03	5.7689260005e-05	3.6761660187e-05
3.4500000000e+02	1.3542300076e-02	-6.3973131845e-03	5.7795980465e-05	3.6768678283e-05
3.4600000000e+02	1.3579072239e-02	-6.4551624048e-03	5.7902412264e-05	3.6775637416e-05
3.4700000000e+02	1.3615851331e-02	-6.5131179133e-03	5.8008556901e-05	3.6782538237e-05
3.4800000000e+02	1.3652637296e-02	-6.5711794234e-03	5.8114415860e-05	3.6789381392e-05
3.4900000000e+02	1.3689430075e-02	-6.6293466503e-03	5.8219990617e-05	3.6796167516e-05
3.5000000000e+02	1.3726229612e-02	-6.6876193104e-03	5.8325282636e-05	3.6802897237e-05
3.5100000000e+02	1.3763035851e-02	-6.7459971218e-03	5.8430293369e-05	3.6809571173e-05
3.5200000000e+02	1.3799848736e-02	-6.8044798038e-03	5.8535024261e-05	3.6816189934e-05
3.5300000000e+02	1.3836668213e-02	-6.8630670775e-03	5.8639476742e-05	3.6822754122e-05
3.5400000000e+02	1.3873494226e-02	-6.9217586650e-03	5.8743652235e-05	3.6829264331e-05
3.5500000000e+02	1.3910326723e-02	-6.9805542901e-03	5.8847552151e-05	3.6835721148e-05
3.5600000000e+02	1.3947165651e-02	-7.0394536779e-03	5.8951177890e-05	3.6842125149e-05
3.5700000000e+02	1.3984010956e-02	-7.0984565550e-03	5.9054530844e-05	3.6848476905e-05
3.5800000000e+02	1.4020862588e-02	-7.1575626491e-03	5.9157612393e-05	3.6854776979e-05
3.5900000000e+02	1.4057720493e-02	-7.2167716897e-03	5.9260423908e-05	3.6861025926e-05
3.6000000000e+02	1.4094584623e-02	-7.2760834074e-03	5.9362966750e-05	3.6867224293e-05
3.6100000000e+02	1.4131454925e-02	-7.3354975341e-03	5.9465242269e-05	3.6873372622e-05
3.6200000000e+02	1.4168331351e-02	-7.3950138033e-03	5.9567251808e-05	3.6879471445e-05
3.6300000000e+02	1.4205213852e-02	-7.4546319495e-03	5.9668996698e-05	3.6885521288e-05
3.6400000000e+02	1.4242102378e-02	-7.5143517089e-03	5.9770478260e-05	3.6891522671e-05
3.6500000000e+02	1.4278996881e-02	-7.5741728187e-03	5.9871697808e-05	3.6897476108e-05
3.6600000000e+02	1.4315897314e-02	-7.6340950176e-03	5.9972656644e-05	3.6903382102e-05
3.6700000000e+02	1.4352803630e-02	-7.6941180455e-03	6.0073356063e-05	3.6909241154e-05
3.6800000000e+02	1.4389715781e-02	-7.7542416437e-03	6.0173797349e-05	3.6915053757e-05
3.6900000000e+02	1.4426633722e-02	-7.8144655546e-03	6.0273981779e-05	3.6920820396e-05
3.7000000000e+02	1.4463557407e-02	-7.8747895220e-03	6.0373910618e-05	3.6926541552e-05
3.7100000000e+02	1.4500486790e-02	-7.9352132911e-03	6.0473585124e-05	3.6932217699e-05
3.7200000000e+02	1.4537421827e-02	-7.9957366079e-03	6.0573006546e-05	3.6937849304e-05
3.7300000000e+02	1.4574362474e-02	-8.0563592202e-03	6.0672176123e-05	3.6943436829e-05
3.7400000000e+02	1.4611308686e-02	-8.1170808766e-03	6.0771095088e-05	3.6948980730e-05
3.7500000000e+02	1.4648260421e-02	-8.1779013272e-03	6.0869764662e-05	3.6954481457e-05
3.7600000000e+02	1.4685217635e-02	-8.2388203232e-03	6.0968186059e-05	3.6959939453e-05
3.7700000000e+02	1.4722180286e-02	-8.2998376170e-03	6.1066360485e-05	3.6965355158e-05
3.7800000000e+02	1.4759148331e-02	-8.3609529623e-03	6.1164289136e-05	3.6970729005e-05
3.7900000000e+02	1.4796121730e-02	-8.4221661138e-03	6.1261973202e-05	3.6976061420e-05
3.8000000000e+02	1.4833100440e-02	-8.4834768276e-03	6.1359413863e-05	3.6981352826e-05
3.8100000000e+02	1.4870084422e-02	-8.5448848608e-03	6.1456612291e-05	3.6986603640e-05
3.8200000000e+02	1.4907073634e-02	-8.6063899718e-03	6.1553569649e-05	3.6991814273e-05
3.8300000000e+02	1.4944068037e-02	-8.6679919201e-03	6.1650287095e-05	3.6996985132e-05
3.8400000000e+02	1.4981067591e-02	-8.7296904664e-03	6.1746765776e-05	3.7002116618e-05
3.8500000000e+02	1.5018072258e-02	-8.7914853724e-03	6.1843006831e-05	3.7007209126e-05
3.8600000000e+02	1.5055081997e-02	-8.8533764012e-03	6.1939011394e-05	3.7012263049e-05
3.8700000000e+02	1.5092096771e-02	-8.9153633168e-03	6.2034780588e-05	3.7017278772e-05
3.8800000000e+02	1.5129116542e-02	-8.9774458843e-03	6.2130315531e-05	3.7022256678e-05
3.8900000000e+02	1.5166141272e-02	-9.0396238701e-03	6.2225617331e-05	3.7027197143e-05
3.9000000000e+02	1.5203170924e-02	-9.1018970416e-03	6.2320687091e-05	3.7032100539e-05
3.9100000000e+02	1.5240205461e-02	-9.1642651673e-03	6.2415525903e-05	3.7036967234e-05
3.9200000000e+02	1.5277244846e-02	-9.2267280168e-03	6.2510134854e-05	3.7041797592e-05
3.9300000000e+02	1.5314289044e-02	-9.2892853608e-03	6.2604515024e-05	3.7046591971e-05
3.9400000000e+02	1.5351338018e-02	-9.3519369710e-03	6.2698667485e-05	3.7051350724e-05
3.9500000000e+02	1.5388391734e-02	-9.4146826202e-03	6.2792593301e-05	3.7056074204e-05
3.9600000000e+02	1.5425450155e-02	-9.4775220824e-03	6.2886293528e-05	3.7060762754e-05
3.9700000000e+02	1.5462513247e-02	-9.5404551324e-03	6.2979769219e-05	3.7065416716e-05
3.9800000000e+02	1.5499580977e-02	-9.6034815463e-03	6.3073021415e-05	3.7070036428e-05
3.9900000000e+02	1.5536653309e-02	-9.6666011011e-03	6.3166051153e-05	3.7074622224e-05
4.0000000000e+02	1.5573730210e-02	-9.7298135748e-03	6.3258859462e-05	3.7079174432e-05
4.0100000000e+02	1.5610811647e-02	-9.7931187465e-03	6.3351447365e-05	3.7083693377e-05
4.0200000000e+02	1.5647897586e-02	-9.8565163964e-03	6.3443815876e-05	3.7088179382e-05
4.0300000000e+02	1.5684987995e-02	-9.9200063055e-03	6.3535966005e-05	3.7092632763e-05
4.0400000000e+02	1.5722082841e-02	-9.9835882559e-03	6.3627898754e-05	3.7097053835e-05
4.0500000000e+02	1.5759182092e-02	-1.0047262031e-02	6.3719615117e-05	3.7101442908e-05
4.0600000000e+02	1.5796285716e-02	-1.0111027414e-02	6.3811116085e-05	3.7105800287e-05
4.0700000000e+02	1.5833393682e-02	-1.0174884192e-02	6.3902402637e-05	3.7110126276e-05
4.0800000000e+02	1.5870505958e-02	-1.0238832149e-02	6.3993475752e-05	3.7114421173e-05
4.0900000000e+02	1.5907622514e-02	-1.0302871072e-02	6.4084336396e-05	3.7118685275e-05
4.1000000000e+02	1.5944743319e-02	-1.0367000751e-02	6.4174985535e-05	3.7122918873e-05
4.1100000000e+02	1.5981868342e-02	-1.0431220973e-02	6.4265424123e-05	3.7127122256e-05
4.1200000000e+02	1.6018997553e-02	-1.0495531529e-02	6.4355653112e-05	3.7131295709e-05
4.1300000000e+02	1.6056130923e-02	-1.0559932210e-02	6.4445673445e-05	3.7135439515e-05
4.1400000000e+02	1.6093268422e-02	-1.0624422807e-02	6.4535486061e-05	3.7139553951e-05
4.1500000000e+02	1.6130410021e-02	-1.0689003113e-02	6.4625091890e-05	3.7143639293e-05
4.1600000000e+02	1.6167555691e-02	-1.0753672922e-02	6.4714491859e-05	3.7147695814e-05
4.1700000000e+02	1.6204705403e-02	-1.0818432028e-02	6.4803686887e-05	3.7151723783e-05
4.1800000000e+02	1.6241859129e-02	-1.0883280228e-02	6.4892677888e-05	3.7155723465e-05
4.1900000000e+02	1.6279016841e-02	-1.0948217316e-02	6.4981465770e-05	3.7159695123e-05
4.2000000000e+02	1.6316178510e-02	-1.1013243092e-02	6.5070051434e-05	3.7163639017e-05
4.2100000000e+02	1.6353344110e-02	-1.1078357352e-02	6.5158435777e-05	3.7167555404e-05
4.2200000000e+02	1.6390513612e-02	-1.1143559897e-02	6.5246619689e-05	3.7171444538e-05
4.2300000000e+02	1.6427686990e-02	-1.1208850525e-02	6.5334604055e-05	3.7175306670e-05
4.2400000000e+02	1.6464864217e-02	-1.1274229039e-02	6.5422389752e-05	3.7179142047e-05
4.2500000000e+02	1.6502045265e-02	-1.1339695239e-02	6.5509977656e-05	3.7182950916e-05
4.2600000000e+02	1.6539230110e-02	-1.1405248928e-02	6.5597368633e-05	3.7186733518e-05
4.2700000000e+02	1.6576418724e-02	-1.1470889911e-02	6.5684563546e-05	3.7190490093e-05
4.2800000000e+02	1.6613611081e-02	-1.1536617990e-02	6.5771563251e-05	3.7194220879e-05
4.2900000000e+02	1.6650807157e-02	-1.1602432972e-02	6.5858368599e-05	3.7197926110e-05
4.3000000000e+02	1.6688006925e-02	-1.1668334663e-02	6.5944980437e-05	3.7201606017e-05
4.3100000000e+02	1.6725210360e-02	-1.1734322869e-02	6.6031399604e-05	3.7205260830e-05
4.3200000000e+02	1.6762417438e-02	-1.1800397398e-02	6.6117626936e-05	3.7208890774e-05
4.3300000000e+02	1.6799628134e-02	-1.1866558059e-02	6.6203663263e-05	3.7212496075e-05
4.3400000000e+02	1.6836842422e-02	-1.1932804661e-02	6.6289509409e-05	3.7216076953e-05
4.3500000000e+02	1.6874060280e-02	-1.1999137015e-02	6.6375166194e-05	3.7219633628e-05
4.3600000000e+02	1.6911281682e-02	-1.2065554931e-02	6.6460634432e-05	3.7223166316e-05
4.3700000000e+02	1.6948506604e-02	-1.2132058221e-02	6.6545914933e-05	3.7226675231e-05
4.3800000000e+02	1.6985735024e-02	-1.2198646698e-02	6.6631008499e-05	3.7230160586e-05
4.3900000000e+02	1.7022966918e-02	-1.2265320176e-02	6.6715915931e-05	3.7233622589e-05
4.4000000000e+02	1.7060202262e-02	-1.2332078468e-02	6.6800638023e-05	3.7237061447e-05
4.4100000000e+02	1.7097441033e-02	-1.2398921391e-02	6.6885175564e-05	3.7240477366e-05
4.4200000000e+02	1.7134683209e-02	-1.2465848758e-02	6.6969529338e-05	3.7243870549e-05
4.4300000000e+02	1.7171928767e-02	-1.2532860388e-02	6.7053700124e-05	3.7247241195e-05
4.4400000000e+02	1.7209177684e-02	-1.2599956098e-02	6.7137688697e-05	3.7250589502e-05
4.4500000000e+02	1.7246429938e-02	-1.2667135705e-02	6.7221495828e-05	3.7253915668e-05
4.4600000000e+02	1.7283685508e-02	-1.2734399029e-02	6.7305122280e-05	3.7257219885e-05
4.4700000000e+02	1.7320944371e-02	-1.2801745890e-02	6.7388568816e-05	3.7260502346e-05
4.4800000000e+02	1.7358206505e-02	-1.2869176107e-02	6.7471836189e-05	3.7263763239e-05
4.4900000000e+02	1.7395471890e-02	-1.2936689503e-02	6.7554925151e-05	3.7267002754e-05
4.5000000000e+02	1.7432740504e-02	-1.3004285898e-02	6.7637836449e-05	3.7270221076e-05
4.5100000000e+02	1.7470012325e-02	-1.3071965117e-02	6.7720570825e-05	3.7273418387e-05
4.5200000000e+02	1.7507287334e-02	-1.3139726981e-02	6.7803129015e-05	3.7276594870e-05
4.5300000000e+02	1.7544565508e-02	-1.3207571316e-02	6.7885511753e-05	3.7279750705e-05
4.5400000000e+02	1.7581846828e-02	-1.3275497946e-02	6.7967719768e-05	3.7282886069e-05
4.5500000000e+02	1.7619131273e-02	-1.3343506698e-02	6.8049753783e-05	3.7286001138e-05
4.5600000000e+02	1.7656418824e-02	-1.3411597396e-02	6.8131614518e-05	3.7289096086e-05
4.5700000000e+02	1.7693709459e-02	-1.3479769869e-02	6.8213302688e-05	3.7292171086e-05
4.5800000000e+02	1.7731003159e-02	-1.3548023944e-02	6.8294819004e-05	3.7295226307e-05
4.5900000000e+02	1.7768299905e-02	-1.3616359450e-02	6.8376164173e-05	3.7298261918e-05
4.6000000000e+02	1.7805599677e-02	-1.3684776216e-02	6.8457338897e-05	3.7301278087e-05
4.6100000000e+02	1.7842902455e-02	-1.3753274071e-02	6.8538343875e-05	3.7304274977e-05
4.6200000000e+02	1.7880208220e-02	-1.3821852847e-02	6.8619179800e-05	3.7307252752e-05
4.6300000000e+02	1.7917516954e-02	-1.3890512375e-02	6.8699847363e-05	3.7310211574e-05
4.6400000000e+02	1.7954828637e-02	-1.3959252486e-02	6.8780347248e-05	3.7313151602e-05
4.6500000000e+02	1.7992143251e-02	-1.4028073014e-02	6.8860680139e-05	3.7316072995e-05
4.6600000000e+02	1.8029460777e-02	-1.4096973791e-02	6.8940846712e-05	3.7318975909e-05
4.6700000000e+02	1.8066781197e-02	-1.4165954652e-02	6.9020847642e-05	3.7321860499e-05
4.6800000000e+02	1.8104104492e-02	-1.4235015431e-02	6.9100683597e-05	3.7324726918e-05
4.6900000000e+02	1.8141430645e-02	-1.4304155964e-02	6.9180355243e-05	3.7327575318e-05
4.7000000000e+02	1.8178759637e-02	-1.4373376087e-02	6.9259863242e-05	3.7330405849e-05
4.7100000000e+02	1.8216091450e-02	-1.4442675636e-02	6.9339208252e-05	3.7333218659e-05
4.7200000000e+02	1.8253426068e-02	-1.4512054450e-02	6.9418390927e-05	3.7336013896e-05
4.7300000000e+02	1.8290763472e-02	-1.4581512364e-02	6.9497411917e-05	3.7338791705e-05
4.7400000000e+02	1.8328103646e-02	-1.4651049220e-02	6.9576271868e-05	3.7341552230e-05
4.7500000000e+02	1.8365446571e-02	-1.4720664855e-02	6.9654971423e-05	3.7344295613e-05
4.7600000000e+02	1.8402792231e-02	-1.4790359109e-02	6.9733511220e-05	3.7347021996e-05
4.7700000000e+02	1.8440140609e-02	-1.4860131824e-02	6.9811891894e-05	3.7349731518e-05
4.7800000000e+02	1.8477491689e-02	-1.4929982840e-02	6.9890114077e-05	3.7352424317e-05
4.7900000000e+02	1.8514845453e-02	-1.4999912000e-02	6.9968178397e-05	3.7355100531e-05
4.8000000000e+02	1.8552201884e-02	-1.5069919145e-02	7.0046085477e-05	3.7357760294e-05
4.8100000000e+02	1.8589560968e-02	-1.5140004118e-02	7.0123835938e-05	3.7360403740e-05
4.8200000000e+02	1.8626922686e-02	-1.5210166765e-02	7.0201430396e-05	3.7363031003e-05
4.8300000000e+02	1.8664287024e-02	-1.5280406927e-02	7.0278869465e-05	3.7365642213e-05
4.8400000000e+02	1.8701653966e-02	-1.5350724452e-02	7.0356153755e-05	3.7368237501e-05
4.8500000000e+02	1.8739023494e-02	-1.5421119184e-02	7.0433283871e-05	3.7370816994e-05
4.8600000000e+02	1.8776395594e-02	-1.5491590968e-02	7.0510260417e-05	3.7373380822e-05
4.8700000000e+02	1.8813770251e-02	-1.5562139653e-02	7.0587083992e-05	3.7375929109e-05
4.8800000000e+02	1.8851147447e-02	-1.5632765086e-02	7.0663755191e-05	3.7378461981e-05
4.8900000000e+02	1.8888527169e-02	-1.5703467113e-02	7.0740274606e-05	3.7380979560e-05
4.9000000000e+02	1.8925909401e-02	-1.5774245584e-02	7.0816642828e-05	3.7383481971e-05
4.9100000000e+02	1.8963294128e-02	-1.5845100349e-02	7.0892860442e-05	3.7385969333e-05
4.9200000000e+02	1.9000681335e-02	-1.5916031255e-02	7.0968928029e-05	3.7388441767e-05
4.9300000000e+02	1.9038071007e-02	-1.5987038155e-02	7.1044846170e-05	3.7390899391e-05
4.9400000000e+02	1.9075463129e-02	-1.6058120898e-02	7.1120615439e-05	3.7393342323e-05
4.9500000000e+02	1.9112857687e-02	-1.6129279336e-02	7.1196236410e-05	3.7395770680e-05
4.9600000000e+02	1.9150254666e-02	-1.6200513322e-02	7.1271709652e-05	3.7398184576e-05
4.9700000000e+02	1.9187654051e-02	-1.6271822707e-02	7.1347035730e-05	3.7400584127e-05
4.9800000000e+02	1.9225055829e-02	-1.6343207344e-02	7.1422215207e-05	3.7402969444e-05
4.9900000000e+02	1.9262459985e-02	-1.6414667088e-02	7.1497248644e-05	3.7405340640e-05
5.0000000000e+02	1.9299866506e-02	-1.6486201793e-02	7.1572136597e-05	3.7407697826e-05
5.0100000000e+02	1.9337275376e-02	-1.6557811313e-02	7.1646879620e-05	3.7410041112e-05
5.0200000000e+02	1.9374686583e-02	-1.6629495504e-02	7.1721478262e-05	3.7412370605e-05
5.0300000000e+02	1.9412100113e-02	-1.6701254222e-02	7.1795933071e-05	3.7414686415e-05
5.0400000000e+02	1.9449515952e-02	-1.6773087322e-02	7.1870244591e-05	3.7416988647e-05
5.0500000000e+02	1.9486934086e-02	-1.6844994663e-02	7.1944413364e-05	3.7419277406e-05
5.0600000000e+02	1.9524354502e-02	-1.6916976102e-02	7.2018439928e-05	3.7421552799e-05
5.0700000000e+02	1.9561777187e-02	-1.6989031496e-02	7.2092324818e-05	3.7423814927e-05
5.0800000000e+02	1.9599202127e-02	-1.7061160704e-02	7.2166068567e-05	3.7426063893e-05
5.0900000000e+02	1.9636629310e-02	-1.7133363586e-02	7.2239671703e-05	3.7428299800e-05
5.1000000000e+02	1.9674058723e-02	-1.7205640001e-02	7.2313134753e-05	3.7430522748e-05
5.1100000000e+02	1.9711490352e-02	-1.7277989809e-02	7.2386458240e-05	3.7432732835e-05
5.1200000000e+02	1.9748924184e-02	-1.7350412871e-02	7.2459642686e-05	3.7434930162e-05
5.1300000000e+02	1.9786360208e-02	-1.7422909048e-02	7.2532688608e-05	3.7437114825e-05
5.1400000000e+02	1.9823798410e-02	-1.7495478202e-02	7.2605596521e-05	3.7439286922e-05
5.1500000000e+02	1.9861238777e-02	-1.7568120196e-02	7.2678366938e-05	3.7441446547e-05
5.1600000000e+02	1.9898681299e-02	-1.7640834891e-02	7.2751000367e-05	3.7443593798e-05
5.1700000000e+02	1.9936125961e-02	-1.7713622151e-02	7.2823497315e-05	3.7445728766e-05
5.1800000000e+02	1.9973572752e-02	-1.7786481840e-02	7.2895858286e-05	3.7447851546e-05
5.1900000000e+02	2.0011021660e-02	-1.7859413822e-02	7.2968083781e-05	3.7449962229e-05
5.2000000000e+02	2.0048472672e-02	-1.7932417963e-02	7.3040174298e-05	3.7452060908e-05
5.2100000000e+02	2.0085925778e-02	-1.8005494126e-02	7.3112130334e-05	3.7454147672e-05
5.2200000000e+02	2.0123380964e-02	-1.8078642179e-02	7.3183952380e-05	3.7456222612e-05
5.2300000000e+02	2.0160838219e-02	-1.8151861986e-02	7.3255640928e-05	3.7458285816e-05
5.2400000000e+02	2.0198297532e-02	-1.8225153416e-02	7.3327196465e-05	3.7460337372e-05
5.2500000000e+02	2.0235758890e-02	-1.8298516335e-02	7.3398619476e-05	3.7462377368e-05
5.2600000000e+02	2.0273222283e-02	-1.8371950611e-02	7.3469910444e-05	3.7464405890e-05
5.2700000000e+02	2.0310687698e-02	-1.8445456112e-02	7.3541069848e-05	3.7466423023e-05
5.2800000000e+02	2.0348155125e-02	-1.8519032707e-02	7.3612098166e-05	3.7468428853e-05
5.2900000000e+02	2.0385624552e-02	-1.8592680265e-02	7.3682995873e-05	3.7470423464e-05
5.3000000000e+02	2.0423095968e-02	-1.8666398655e-02	7.3753763440e-05	3.7472406937e-05
5.3100000000e+02	2.0460569362e-02	-1.8740187749e-02	7.3824401338e-05	3.7474379357e-05
5.3200000000e+02	2.0498044723e-02	-1.8814047415e-02	7.3894910034e-05	3.7476340805e-05
5.3300000000e+02	2.0535522040e-02	-1.8887977526e-02	7.3965289992e-05	3.7478291362e-05
5.3400000000e+02	2.0573001302e-02	-1.8961977952e-02	7.4035541675e-05	3.7480231108e-05
5.3500000000e+02	2.0610482499e-02	-1.9036048566e-02	7.4105665542e-05	3.7482160122e-05
5.3600000000e+02	2.0647965619e-02	-1.9110189241e-02	7.4175662052e-05	3.7484078483e-05
5.3700000000e+02	2.0685450652e-02	-1.9184399848e-02	7.4245531658e-05	3.7485986270e-05
5.3800000000e+02	2.0722937588e-02	-1.9258680262e-02	7.4315274814e-05	3.7487883560e-05
5.3900000000e+02	2.0760426416e-02	-1.9333030356e-02	7.4384891970e-05	3.7489770429e-05
5.4000000000e+02	2.0797917125e-02	-1.9407450004e-02	7.4454383573e-05	3.7491646953e-05
5.4100000000e+02	2.0835409706e-02	-1.9481939081e-02	7.4523750070e-05	3.7493513208e-05
5.4200000000e+02	2.0872904148e-02	-1.9556497463e-02	7.4592991902e-05	3.7495369267e-05
5.4300000000e+02	2.0910400441e-02	-1.9631125024e-02	7.4662109512e-05	3.7497215206e-05
5.4400000000e+02	2.0947898575e-02	-1.9705821640e-02	7.4731103338e-05	3.7499051097e-05
5.4500000000e+02	2.0985398540e-02	-1.9780587189e-02	7.4799973816e-05	3.7500877012e-05
5.4600000000e+02	2.1022900326e-02	-1.9855421547e-02	7.4868721380e-05	3.7502693024e-05
5.4700000000e+02	2.1060403923e-02	-1.9930324591e-02	7.4937346461e-05	3.7504499204e-05
5.4800000000e+02	2.1097909321e-02	-2.0005296199e-02	7.5005849490e-05	3.7506295623e-05
5.4900000000e+02	2.1135416511e-02	-2.0080336250e-02	7.5074230894e-05	3.7508082350e-05
5.5000000000e+02	2.1172925483e-02	-2.0155444621e-02	7.5142491097e-05	3.7509859456e-05
5.5100000000e+02	2.1210436227e-02	-2.0230621192e-02	7.5210630523e-05	3.7511627007e-05
5.5200000000e+02	2.1247948734e-02	-2.0305865842e-02	7.5278649593e-05	3.7513385074e-05
5.5300000000e+02	2.1285462994e-02	-2.0381178451e-02	7.5346548724e-05	3.7515133723e-05
5.5400000000e+02	2.1322978998e-02	-2.0456558899e-02	7.5414328334e-05	3.7516873022e-05
5.5500000000e+02	2.1360496737e-02	-2.0532007068e-02	7.5481988837e-05	3.7518603036e-05
5.5600000000e+02	2.1398016201e-02	-2.0607522837e-02	7.5549530645e-05	3.7520323832e-05
5.5700000000e+02	2.1435537381e-02	-2.0683106090e-02	7.5616954167e-05	3.7522035474e-05
5.5800000000e+02	2.1473060269e-02	-2.0758756706e-02	7.5684259812e-05	3.7523738027e-05
5.5900000000e+02	2.1510584854e-02	-2.0834474570e-02	7.5751447987e-05	3.7525431556e-05
5.6000000000e+02	2.1548111129e-02	-2.0910259563e-02	7.5818519094e-05	3.7527116124e-05
5.6100000000e+02	2.1585639084e-02	-2.0986111569e-02	7.5885473535e-05	3.7528791793e-05
5.6200000000e+02	2.1623168710e-02	-2.1062030472e-02	7.5952311711e-05	3.7530458626e-05
5.6300000000e+02	2.1660699998e-02	-2.1138016154e-02	7.6019034018e-05	3.7532116686e-05
5.6400000000e+02	2.1698232940e-02	-2.1214068501e-02	7.6085640853e-05	3.7533766032e-05
5.6500000000e+02	2.1735767527e-02	-2.1290187398e-02	7.6152132610e-05	3.7535406727e-05
5.6600000000e+02	2.1773303751e-02	-2.1366372728e-02	7.6218509680e-05	3.7537038830e-05
5.6700000000e+02	2.1810841602e-02	-2.1442624379e-02	7.6284772453e-05	3.7538662400e-05
5.6800000000e+02	2.1848381073e-02	-2.1518942235e-02	7.6350921317e-05	3.7540277498e-05
5.6900000000e+02	2.1885922154e-02	-2.1595326184e-02	7.6416956657e-05	3.7541884182e-05
5.7000000000e+02	2.1923464838e-02	-2.1671776111e-02	7.6482878858e-05	3.7543482510e-05
5.7100000000e+02	2.1961009116e-02	-2.1748291904e-02	7.6548688302e-05	3.7545072539e-05
5.7200000000e+02	2.1998554981e-02	-2.1824873450e-02	7.6614385368e-05	3.7546654327e-05
5.7300000000e+02	2.2036102422e-02	-2.1901520637e-02	7.6679970435e-05	3.7548227931e-05
5.7400000000e+02	2.2073651434e-02	-2.1978233354e-02	7.6745443880e-05	3.7549793407e-05
5.7500000000e+02	2.2111202007e-02	-2.2055011488e-02	7.6810806077e-05	3.7551350810e-05
5.7600000000e+02	2.2148754133e-02	-2.2131854929e-02	7.6876057398e-05	3.7552900196e-05
5.7700000000e+02	2.2186307804e-02	-2.2208763566e-02	7.6941198215e-05	3.7554441620e-05
5.7800000000e+02	2.2223863013e-02	-2.2285737288e-02	7.7006228896e-05	3.7555975135e-05
5.7900000000e+02	2.2261419752e-02	-2.2362775987e-02	7.7071149808e-05	3.7557500796e-05
5.8000000000e+02	2.2298978012e-02	-2.2439879552e-02	7.7135961317e-05	3.7559018656e-05
5.8100000000e+02	2.2336537787e-02	-2.2517047873e-02	7.7200663786e-05	3.7560528769e-05
5.8200000000e+02	2.2374099067e-02	-2.2594280843e-02	7.7265257578e-05	3.7562031186e-05
5.8300000000e+02	2.2411661846e-02	-2.2671578352e-02	7.7329743051e-05	3.7563525959e-05
5.8400000000e+02	2.2449226117e-02	-2.2748940293e-02	7.7394120565e-05	3.7565013141e-05
5.8500000000e+02	2.2486791870e-02	-2.2826366558e-02	7.7458390475e-05	3.7566492782e-05
5.8600000000e+02	2.2524359100e-02	-2.2903857038e-02	7.7522553137e-05	3.7567964934e-05
5.8700000000e+02	2.2561927798e-02	-2.2981411628e-02	7.7586608903e-05	3.7569429646e-05
5.8800000000e+02	2.2599497957e-02	-2.3059030221e-02	7.7650558124e-05	3.7570886968e-05
5.8900000000e+02	2.2637069569e-02	-2.3136712709e-02	7.7714401151e-05	3.7572336951e-05
5.9000000000e+02	2.2674642628e-02	-2.3214458988e-02	7.7778138332e-05	3.7573779642e-05
5.9100000000e+02	2.2712217126e-02	-2.3292268951e-02	7.7841770011e-05	3.7575215091e-05
5.9200000000e+02	2.2749793056e-02	-2.3370142493e-02	7.7905296534e-05	3.7576643346e-05
5.9300000000e+02	2.2787370410e-02	-2.3448079509e-02	7.7968718244e-05	3.7578064455e-05
5.9400000000e+02	2.2824949182e-02	-2.3526079894e-02	7.8032035482e-05	3.7579478465e-05
5.9500000000e+02	2.2862529365e-02	-2.3604143545e-02	7.8095248588e-05	3.7580885424e-05
5.9600000000e+02	2.2900110951e-02	-2.3682270357e-02	7.8158357899e-05	3.7582285377e-05
5.9700000000e+02	2.2937693933e-02	-2.3760460226e-02	7.8221363751e-05	3.7583678372e-05
5.9800000000e+02	2.2975278305e-02	-2.3838713050e-02	7.8284266480e-05	3.7585064455e-05
5.9900000000e+02	2.3012864060e-02	-2.3917028725e-02	7.8347066419e-05	3.7586443670e-05
6.0000000000e+02	2.3050451190e-02	-2.3995407149e-02	7.8409763898e-05	3.7587816063e-05
6.0100000000e+02	2.3088039690e-02	-2.4073848219e-02	7.8472359249e-05	3.7589181679e-05
6.0200000000e+02	2.3125629551e-02	-2.4152351833e-02	7.8534852798e-05	3.7590540562e-05
6.0300000000e+02	2.3163220769e-02	-2.4230917890e-02	7.8597244874e-05	3.7591892757e-05
6.0400000000e+02	2.3200813335e-02	-2.4309546289e-02	7.8659535801e-05	3.7593238307e-05
6.0500000000e+02	2.3238407243e-02	-2.4388236928e-02	7.8721725903e-05	3.7594577255e-05
6.0600000000e+02	2.3276002487e-02	-2.4466989708e-02	7.8783815503e-05	3.7595909644e-05
6.0700000000e+02	2.3313599060e-02	-2.4545804526e-02	7.8845804920e-05	3.7597235518e-05
6.0800000000e+02	2.3351196956e-02	-2.4624681284e-02	7.8907694474e-05	3.7598554918e-05
6.0900000000e+02	2.3388796168e-02	-2.4703619882e-02	7.8969484482e-05	3.7599867886e-05
6.1000000000e+02	2.3426396690e-02	-2.4782620220e-02	7.9031175262e-05	3.7601174465e-05
6.1100000000e+02	2.3463998515e-02	-2.4861682199e-02	7.9092767126e-05	3.7602474694e-05
6.1200000000e+02	2.3501601637e-02	-2.4940805721e-02	7.9154260389e-05	3.7603768616e-05
6.1300000000e+02	2.3539206050e-02	-2.5019990687e-02	7.9215655363e-05	3.7605056271e-05
6.1400000000e+02	2.3576811747e-02	-2.5099236999e-02	7.9276952356e-05	3.7606337699e-05
6.1500000000e+02	2.3614418723e-02	-2.5178544560e-02	7.9338151679e-05	3.7607612941e-05
6.1600000000e+02	2.3652026971e-02	-2.5257913270e-02	7.9399253639e-05	3.7608882035e-05
6.1700000000e+02	2.3689636485e-02	-2.5337343034e-02	7.9460258541e-05	3.7610145021e-05
6.1800000000e+02	2.3727247259e-02	-2.5416833755e-02	7.9521166690e-05	3.7611401939e-05
6.1900000000e+02	2.3764859287e-02	-2.5496385336e-02	7.9581978389e-05	3.7612652826e-05
6.2000000000e+02	2.3802472563e-02	-2.5575997680e-02	7.9642693940e-05	3.7613897722e-05
6.2100000000e+02	2.3840087081e-02	-2.5655670692e-02	7.9703313643e-05	3.7615136665e-05
6.2200000000e+02	2.3877702834e-02	-2.5735404275e-02	7.9763837797e-05	3.7616369691e-05
6.2300000000e+02	2.3915319818e-02	-2.5815198335e-02	7.9824266699e-05	3.7617596840e-05
6.2400000000e+02	2.3952938026e-02	-2.5895052777e-02	7.9884600646e-05	3.7618818148e-05
6.2500000000e+02	2.3990557452e-02	-2.5974967505e-02	7.9944839932e-05	3.7620033651e-05
6.2600000000e+02	2.4028178091e-02	-2.6054942425e-02	8.0004984851e-05	3.7621243388e-05
6.2700000000e+02	2.4065799937e-02	-2.6134977444e-02	8.0065035695e-05	3.7622447393e-05
6.2800000000e+02	2.4103422984e-02	-2.6215072466e-02	8.0124992755e-05	3.7623645703e-05
6.2900000000e+02	2.4141047227e-02	-2.6295227398e-02	8.0184856319e-05	3.7624838354e-05
6.3000000000e+02	2.4178672659e-02	-2.6375442147e-02	8.0244626677e-05	3.7626025382e-05
6.3100000000e+02	2.4216299276e-02	-2.6455716620e-02	8.0304304114e-05	3.7627206820e-05
6.3200000000e+02	2.4253927071e-02	-2.6536050725e-02	8.0363888917e-05	3.7628382706e-05
6.3300000000e+02	2.4291556039e-02	-2.6616444367e-02	8.0423381369e-05	3.7629553072e-05
6.3400000000e+02	2.4329186175e-02	-2.6696897457e-02	8.0482781754e-05	3.7630717954e-05
6.3500000000e+02	2.4366817473e-02	-2.6777409900e-02	8.0542090352e-05	3.7631877386e-05
6.3600000000e+02	2.4404449928e-02	-2.6857981607e-02	8.0601307445e-05	3.7633031401e-05
6.3700000000e+02	2.4442083534e-02	-2.6938612485e-02	8.0660433311e-05	3.7634180034e-05
6.3800000000e+02	2.4479718286e-02	-2.7019302443e-02	8.0719468228e-05	3.7635323317e-05
6.3900000000e+02	2.4517354179e-02	-2.7100051391e-02	8.0778412473e-05	3.7636461283e-05
6.4000000000e+02	2.4554991207e-02	-2.7180859238e-02	8.0837266321e-05	3.7637593966e-05
6.4100000000e+02	2.4592629365e-02	-2.7261725894e-02	8.0896030045e-05	3.7638721398e-05
6.4200000000e+02	2.4630268648e-02	-2.7342651268e-02	8.0954703920e-05	3.7639843611e-05
6.4300000000e+02	2.4667909051e-02	-2.7423635272e-02	8.1013288215e-05	3.7640960638e-05
6.4400000000e+02	2.4705550568e-02	-2.7504677815e-02	8.1071783203e-05	3.7642072510e-05
6.4500000000e+02	2.4743193194e-02	-2.7585778808e-02	8.1130189151e-05	3.7643179259e-05
6.4600000000e+02	2.4780836925e-02	-2.7666938163e-02	8.1188506328e-05	3.7644280917e-05
6.4700000000e+02	2.4818481754e-02	-2.7748155791e-02	8.1246735001e-05	3.7645377513e-05
6.4800000000e+02	2.4856127678e-02	-2.7829431604e-02	8.1304875435e-05	3.7646469080e-05
6.4900000000e+02	2.4893774691e-02	-2.7910765513e-02	8.1362927895e-05	3.7647555648e-05
6.5000000000e+02	2.4931422788e-02	-2.7992157431e-02	8.1420892643e-05	3.7648637247e-05
6.5100000000e+02	2.4969071964e-02	-2.8073607269e-02	8.1478769943e-05	3.7649713908e-05
6.5200000000e+02	2.5006722214e-02	-2.8155114941e-02	8.1536560054e-05	3.7650785660e-05
6.5300000000e+02	2.5044373533e-02	-2.8236680360e-02	8.1594263237e-05	3.7651852533e-05
6.5400000000e+02	2.5082025917e-02	-2.8318303439e-02	8.1651879750e-05	3.7652914557e-05
6.5500000000e+02	2.5119679361e-02	-2.8399984091e-02	8.1709409850e-05	3.7653971760e-05
6.5600000000e+02	2.5157333859e-02	-2.8481722230e-02	8.1766853794e-05	3.7655024173e-05
6.5700000000e+02	2.5194989408e-02	-2.8563517770e-02	8.1824211838e-05	3.7656071824e-05
6.5800000000e+02	2.5232646001e-02	-2.8645370625e-02	8.1881484235e-05	3.7657114741e-05
6.5900000000e+02	2.5270303636e-02	-2.8727280710e-02	8.1938671237e-05	3.7658152953e-05
6.6000000000e+02	2.5307962306e-02	-2.8809247939e-02	8.1995773098e-05	3.7659186489e-05
6.6100000000e+02	2.5345622007e-02	-2.8891272228e-02	8.2052790068e-05	3.7660215375e-05
6.6200000000e+02	2.5383282735e-02	-2.8973353491e-02	8.2109722396e-05	3.7661239640e-05
6.6300000000e+02	2.5420944485e-02	-2.9055491644e-02	8.2166570331e-05	3.7662259312e-05
6.6400000000e+02	2.5458607252e-02	-2.9137686604e-02	8.2223334120e-05	3.7663274418e-05
6.6500000000e+02	2.5496271032e-02	-2.9219938285e-02	8.2280014010e-05	3.7664284984e-05
6.6600000000e+02	2.5533935820e-02	-2.9302246604e-02	8.2336610247e-05	3.7665291039e-05
6.6700000000e+02	2.5571601613e-02	-2.9384611477e-02	8.2393123074e-05	3.7666292608e-05
6.6800000000e+02	2.5609268404e-02	-2.9467032822e-02	8.2449552734e-05	3.7667289719e-05
6.6900000000e+02	2.5646936191e-02	-2.9549510555e-02	8.2505899471e-05	3.7668282397e-05
6.7000000000e+02	2.5684604967e-02	-2.9632044594e-02	8.2562163524e-05	3.7669270669e-05
6.7100000000e+02	2.5722274730e-02	-2.9714634855e-02	8.2618345135e-05	3.7670254561e-05
6.7200000000e+02	2.5759945475e-02	-2.9797281257e-02	8.2674444541e-05	3.7671234098e-05
6.7300000000e+02	2.5797617197e-02	-2.9879983717e-02	8.2730461982e-05	3.7672209307e-05
6.7400000000e+02	2.5835289892e-02	-2.9962742153e-02	8.2786397694e-05	3.7673180213e-05
6.7500000000e+02	2.5872963556e-02	-3.0045556485e-02	8.2842251913e-05	3.7674146840e-05
6.7600000000e+02	2.5910638185e-02	-3.0128426630e-02	8.2898024874e-05	3.7675109214e-05
6.7700000000e+02	2.5948313773e-02	-3.0211352508e-02	8.2953716811e-05	3.7676067360e-05
6.7800000000e+02	2.5985990318e-02	-3.0294334037e-02	8.3009327957e-05	3.7677021303e-05
6.7900000000e+02	2.6023667814e-02	-3.0377371137e-02	8.3064858543e-05	3.7677971066e-05
6.8000000000e+02	2.6061346259e-02	-3.0460463727e-02	8.3120308802e-05	3.7678916675e-05
6.8100000000e+02	2.6099025646e-02	-3.0543611728e-02	8.3175678963e-05	3.7679858154e-05
6.8200000000e+02	2.6136705974e-02	-3.0626815058e-02	8.3230969255e-05	3.7680795525e-05
6.8300000000e+02	2.6174387236e-02	-3.0710073639e-02	8.3286179906e-05	3.7681728814e-05
6.8400000000e+02	2.6212069430e-02	-3.0793387392e-02	8.3341311142e-05	3.7682658044e-05
6.8500000000e+02	2.6249752551e-02	-3.0876756235e-02	8.3396363192e-05	3.7683583238e-05
6.8600000000e+02	2.6287436595e-02	-3.0960180092e-02	8.3451336278e-05	3.7684504420e-05
6.8700000000e+02	2.6325121558e-02	-3.1043658882e-02	8.3506230626e-05	3.7685421613e-05
6.8800000000e+02	2.6362807437e-02	-3.1127192527e-02	8.3561046459e-05	3.7686334839e-05
6.8900000000e+02	2.6400494227e-02	-3.1210780948e-02	8.3615783999e-05	3.7687244122e-05
6.9000000000e+02	2.6438181924e-02	-3.1294424069e-02	8.3670443467e-05	3.7688149484e-05
6.9100000000e+02	2.6475870524e-02	-3.1378121809e-02	8.3725025085e-05	3.7689050947e-05
6.9200000000e+02	2.6513560024e-02	-3.1461874093e-02	8.3779529071e-05	3.7689948534e-05
6.9300000000e+02	2.6551250420e-02	-3.1545680842e-02	8.3833955645e-05	3.7690842268e-05
6.9400000000e+02	2.6588941708e-02	-3.1629541979e-02	8.3888305023e-05	3.7691732169e-05
6.9500000000e+02	2.6626633883e-02	-3.1713457426e-02	8.3942577424e-05	3.7692618261e-05
6.9600000000e+02	2.6664326943e-02	-3.1797427108e-02	8.3996773061e-05	3.7693500563e-05
6.9700000000e+02	2.6702020883e-02	-3.1881450947e-02	8.4050892152e-05	3.7694379099e-05
6.9800000000e+02	2.6739715700e-02	-3.1965528867e-02	8.4104934909e-05	3.7695253890e-05
6.9900000000e+02	2.6777411390e-02	-3.2049660791e-02	8.4158901546e-05	3.7696124956e-05
7.0000000000e+02	2.6815107949e-02	-3.2133846644e-02	8.4212792276e-05	3.7696992319e-05
7.0100000000e+02	2.6852805373e-02	-3.2218086351e-02	8.4266607309e-05	3.7697855999e-05
7.0200000000e+02	2.6890503659e-02	-3.2302379834e-02	8.4320346857e-05	3.7698716018e-05
7.0300000000e+02	2.6928202804e-02	-3.2386727019e-02	8.4374011128e-05	3.7699572396e-05
7.0400000000e+02	2.6965902803e-02	-3.2471127831e-02	8.4427600333e-05	3.7700425153e-05
7.0500000000e+02	2.7003603653e-02	-3.2555582195e-02	8.4481114678e-05	3.7701274311e-05
7.0600000000e+02	2.7041305350e-02	-3.2640090036e-02	8.4534554371e-05	3.7702119888e-05
7.0700000000e+02	2.7079007892e-02	-3.2724651279e-02	8.4587919619e-05	3.7702961906e-05
7.0800000000e+02	2.7116711273e-02	-3.2809265850e-02	8.4641210626e-05	3.7703800384e-05
7.0900000000e+02	2.7154415491e-02	-3.2893933675e-02	8.4694427597e-05	3.7704635341e-05
7.1000000000e+02	2.7192120543e-02	-3.2978654681e-02	8.4747570737e-05	3.7705466799e-05
7.1100000000e+02	2.7229826424e-02	-3.3063428792e-02	8.4800640247e-05	3.7706294775e-05
7.1200000000e+02	2.7267533131e-02	-3.3148255937e-02	8.4853636331e-05	3.7707119289e-05
7.1300000000e+02	2.7305240661e-02	-3.3233136041e-02	8.4906559189e-05	3.7707940361e-05
7.1400000000e+02	2.7342949011e-02	-3.3318069031e-02	8.4959409021e-05	3.7708758010e-05
7.1500000000e+02	2.7380658176e-02	-3.3403054834e-02	8.5012186028e-05	3.7709572255e-05
7.1600000000e+02	2.7418368154e-02	-3.3488093379e-02	8.5064890409e-05	3.7710383114e-05
7.1700000000e+02	2.7456078941e-02	-3.3573184591e-02	8.5117522360e-05	3.7711190606e-05
7.1800000000e+02	2.7493790534e-02	-3.3658328399e-02	8.5170082080e-05	3.7711994750e-05
7.1900000000e+02	2.7531502929e-02	-3.3743524731e-02	8.5222569764e-05	3.7712795564e-05
7.2000000000e+02	2.7569216124e-02	-3.3828773515e-02	8.5274985610e-05	3.7713593067e-05
7.2100000000e+02	2.7606930114e-02	-3.3914074679e-02	8.5327329810e-05	3.7714387277e-05
7.2200000000e+02	2.7644644897e-02	-3.3999428151e-02	8.5379602560e-05	3.7715178212e-05
7.2300000000e+02	2.7682360470e-02	-3.4084833860e-02	8.5431804052e-05	3.7715965889e-05
7.2400000000e+02	2.7720076828e-02	-3.4170291735e-02	8.5483934480e-05	3.7716750327e-05
7.2500000000e+02	2.7757793969e-02	-3.4255801705e-02	8.5535994034e-05	3.7717531543e-05
7.2600000000e+02	2.7795511890e-02	-3.4341363700e-02	8.5587982906e-05	3.7718309556e-05
7.2700000000e+02	2.7833230587e-02	-3.4426977648e-02	8.5639901286e-05	3.7719084381e-05
7.2800000000e+02	2.7870950058e-02	-3.4512643479e-02	8.5691749363e-05	3.7719856038e-05
7.2900000000e+02	2.7908670298e-02	-3.4598361123e-02	8.5743527327e-05	3.7720624542e-05
7.3000000000e+02	2.7946391306e-02	-3.4684130510e-02	8.5795235364e-05	3.7721389912e-05
7.3100000000e+02	2.7984113077e-02	-3.4769951570e-02	8.5846873663e-05	3.7722152164e-05
7.3200000000e+02	2.8021835609e-02	-3.4855824234e-02	8.5898442409e-05	3.7722911314e-05
7.3300000000e+02	2.8059558899e-02	-3.4941748432e-02	8.5949941788e-05	3.7723667381e-05
7.3400000000e+02	2.8097282943e-02	-3.5027724095e-02	8.6001371986e-05	3.7724420380e-05
7.3500000000e+02	2.8135007739e-02	-3.5113751153e-02	8.6052733186e-05	3.7725170327e-05
7.3600000000e+02	2.8172733283e-02	-3.5199829538e-02	8.6104025572e-05	3.7725917241e-05
7.3700000000e+02	2.8210459572e-02	-3.5285959181e-02	8.6155249326e-05	3.7726661135e-05
7.3800000000e+02	2.8248186604e-02	-3.5372140014e-02	8.6206404631e-05	3.7727402028e-05
7.3900000000e+02	2.8285914375e-02	-3.5458371968e-02	8.6257491668e-05	3.7728139935e-05
7.4000000000e+02	2.8323642883e-02	-3.5544654975e-02	8.6308510618e-05	3.7728874872e-05
7.4100000000e+02	2.8361372124e-02	-3.5630988966e-02	8.6359461660e-05	3.7729606855e-05
7.4200000000e+02	2.8399102095e-02	-3.5717373875e-02	8.6410344974e-05	3.7730335899e-05
7.4300000000e+02	2.8436832795e-02	-3.5803809634e-02	8.6461160738e-05	3.7731062021e-05
7.4400000000e+02	2.8474564219e-02	-3.5890296174e-02	8.6511909130e-05	3.7731785236e-05
7.4500000000e+02	2.8512296364e-02	-3.5976833430e-02	8.6562590327e-05	3.7732505559e-05
7.4600000000e+02	2.8550029229e-02	-3.6063421333e-02	8.6613204506e-05	3.7733223006e-05
7.4700000000e+02	2.8587762809e-02	-3.6150059816e-02	8.6663751842e-05	3.7733937593e-05
7.4800000000e+02	2.8625497103e-02	-3.6236748814e-02	8.6714232510e-05	3.7734649333e-05
7.4900000000e+02	2.8663232107e-02	-3.6323488259e-02	8.6764646684e-05	3.7735358243e-05
7.5000000000e+02	2.8700967819e-02	-3.6410278085e-02	8.6814994539e-05	3.7736064337e-05
7.5100000000e+02	2.8738704235e-02	-3.6497118226e-02	8.6865276246e-05	3.7736767630e-05
7.5200000000e+02	2.8776441353e-02	-3.6584008616e-02	8.6915491980e-05	3.7737468137e-05
7.5300000000e+02	2.8814179170e-02	-3.6670949188e-02	8.6965641910e-05	3.7738165872e-05
7.5400000000e+02	2.8851917684e-02	-3.6757939878e-02	8.7015726209e-05	3.7738860851e-05
7.5500000000e+02	2.8889656891e-02	-3.6844980619e-02	8.7065745046e-05	3.7739553087e-05
7.5600000000e+02	2.8927396789e-02	-3.6932071346e-02	8.7115698591e-05	3.7740242596e-05
7.5700000000e+02	2.8965137375e-02	-3.7019211994e-02	8.7165587014e-05	3.7740929391e-05
7.5800000000e+02	2.9002878647e-02	-3.7106402499e-02	8.7215410482e-05	3.7741613486e-05
7.5900000000e+02	2.9040620601e-02	-3.7193642794e-02	8.7265169163e-05	3.7742294896e-05
7.6000000000e+02	2.9078363236e-02	-3.7280932815e-02	8.7314863225e-05	3.7742973634e-05
7.6100000000e+02	2.9116106548e-02	-3.7368272499e-02	8.7364492834e-05	3.7743649715e-05
7.6200000000e+02	2.9153850534e-02	-3.7455661780e-02	8.7414058155e-05	3.7744323153e-05
7.6300000000e+02	2.9191595193e-02	-3.7543100594e-02	8.7463559354e-05	3.7744993960e-05
7.6400000000e+02	2.9229340521e-02	-3.7630588877e-02	8.7512996595e-05	3.7745662152e-05
7.6500000000e+02	2.9267086516e-02	-3.7718126566e-02	8.7562370042e-05	3.7746327740e-05
7.6600000000e+02	2.9304833176e-02	-3.7805713596e-02	8.7611679859e-05	3.7746990740e-05
7.6700000000e+02	2.9342580497e-02	-3.7893349904e-02	8.7660926208e-05	3.7747651164e-05
7.6800000000e+02	2.9380328477e-02	-3.7981035427e-02	8.7710109251e-05	3.7748309025e-05
7.6900000000e+02	2.9418077114e-02	-3.8068770102e-02	8.7759229149e-05	3.7748964337e-05
7.7000000000e+02	2.9455826405e-02	-3.8156553864e-02	8.7808286065e-05	3.7749617113e-05
7.7100000000e+02	2.9493576348e-02	-3.8244386653e-02	8.7857280156e-05	3.7750267366e-05
7.7200000000e+02	2.9531326939e-02	-3.8332268404e-02	8.7906211584e-05	3.7750915109e-05
7.7300000000e+02	2.9569078177e-02	-3.8420199055e-02	8.7955080507e-05	3.7751560354e-05
7.7400000000e+02	2.9606830059e-02	-3.8508178544e-02	8.8003887084e-05	3.7752203116e-05
7.7500000000e+02	2.9644582582e-02	-3.8596206809e-02	8.8052631472e-05	3.7752843405e-05
7.7600000000e+02	2.9682335745e-02	-3.8684283786e-02	8.8101313829e-05	3.7753481235e-05
7.7700000000e+02	2.9720089544e-02	-3.8772409416e-02	8.8149934311e-05	3.7754116619e-05
7.7800000000e+02	2.9757843977e-02	-3.8860583634e-02	8.8198493074e-05	3.7754749569e-05
7.7900000000e+02	2.9795599042e-02	-3.8948806381e-02	8.8246990274e-05	3.7755380098e-05
7.8000000000e+02	2.9833354737e-02	-3.9037077595e-02	8.8295426066e-05	3.7756008217e-05
7.8100000000e+02	2.9871111058e-02	-3.9125397213e-02	8.8343800603e-05	3.7756633938e-05
7.8200000000e+02	2.9908868004e-02	-3.9213765175e-02	8.8392114040e-05	3.7757257275e-05
7.8300000000e+02	2.9946625572e-02	-3.9302181421e-02	8.8440366529e-05	3.7757878240e-05
7.8400000000e+02	2.9984383760e-02	-3.9390645888e-02	8.8488558224e-05	3.7758496843e-05
7.8500000000e+02	3.0022142565e-02	-3.9479158517e-02	8.8536689276e-05	3.7759113098e-05
7.8600000000e+02	3.0059901985e-02	-3.9567719247e-02	8.8584759837e-05	3.7759727015e-05
7.8700000000e+02	3.0097662018e-02	-3.9656328017e-02	8.8632770057e-05	3.7760338607e-05
7.8800000000e+02	3.0135422661e-02	-3.9744984767e-02	8.8680720086e-05	3.7760947886e-05
7.8900000000e+02	3.0173183913e-02	-3.9833689437e-02	8.8728610076e-05	3.7761554863e-05
7.9000000000e+02	3.0210945770e-02	-3.9922441967e-02	8.8776440174e-05	3.7762159550e-05
7.9100000000e+02	3.0248708231e-02	-4.0011242297e-02	8.8824210529e-05	3.7762761957e-05
7.9200000000e+02	3.0286471294e-02	-4.0100090368e-02	8.8871921290e-05	3.7763362098e-05
7.9300000000e+02	3.0324234955e-02	-4.0188986120e-02	8.8919572604e-05	3.7763959982e-05
7.9400000000e+02	3.0361999213e-02	-4.0277929493e-02	8.8967164617e-05	3.7764555621e-05
7.9500000000e+02	3.0399764065e-02	-4.0366920429e-02	8.9014697478e-05	3.7765149027e-05
7.9600000000e+02	3.0437529510e-02	-4.0455958869e-02	8.9062171330e-05	3.7765740211e-05
7.9700000000e+02	3.0475295545e-02	-4.0545044752e-02	8.9109586320e-05	3.7766329183e-05
7.9800000000e+02	3.0513062168e-02	-4.0634178022e-02	8.9156942593e-05	3.7766915955e-05
7.9900000000e+02	3.0550829376e-02	-4.0723358618e-02	8.9204240293e-05	3.7767500537e-05
8.0000000000e+02	3.0588597168e-02	-4.0812586483e-02	8.9251479564e-05	3.7768082941e-05
8.0100000000e+02	3.0626365541e-02	-4.0901861558e-02	8.9298660548e-05	3.7768663177e-05
8.0200000000e+02	3.0664134494e-02	-4.0991183785e-02	8.9345783389e-05	3.7769241256e-05
8.0300000000e+02	3.0701904023e-02	-4.1080553105e-02	8.9392848230e-05	3.7769817189e-05
8.0400000000e+02	3.0739674127e-02	-4.1169969462e-02	8.9439855210e-05	3.7770390985e-05
8.0500000000e+02	3.0777444804e-02	-4.1259432796e-02	8.9486804473e-05	3.7770962657e-05
8.0600000000e+02	3.0815216052e-02	-4.1348943052e-02	8.9533696158e-05	3.7771532214e-05
8.0700000000e+02	3.0852987868e-02	-4.1438500170e-02	8.9580530406e-05	3.7772099666e-05
8.0800000000e+02	3.0890760251e-02	-4.1528104093e-02	8.9627307356e-05	3.7772665025e-05
8.0900000000e+02	3.0928533197e-02	-4.1617754765e-02	8.9674027148e-05	3.7773228299e-05
8.1000000000e+02	3.0966306707e-02	-4.1707452129e-02	8.9720689920e-05	3.7773789500e-05
8.1100000000e+02	3.1004080776e-02	-4.1797196126e-02	8.9767295810e-05	3.7774348638e-05
8.1200000000e+02	3.1041855403e-02	-4.1886986701e-02	8.9813844956e-05	3.7774905722e-05
8.1300000000e+02	3.1079630587e-02	-4.1976823797e-02	8.9860337495e-05	3.7775460763e-05
8.1400000000e+02	3.1117406324e-02	-4.2066707357e-02	8.9906773564e-05	3.7776013771e-05
8.1500000000e+02	3.1155182613e-02	-4.2156637326e-02	8.9953153299e-05	3.7776564756e-05
8.1600000000e+02	3.1192959453e-02	-4.2246613645e-02	8.9999476836e-05	3.7777113726e-05
8.1700000000e+02	3.1230736840e-02	-4.2336636261e-02	9.0045744309e-05	3.7777660693e-05
8.1800000000e+02	3.1268514774e-02	-4.2426705115e-02	9.0091955854e-05	3.7778205666e-05
8.1900000000e+02	3.1306293251e-02	-4.2516820154e-02	9.0138111605e-05	3.7778748655e-05
8.2000000000e+02	3.1344072270e-02	-4.2606981320e-02	9.0184211695e-05	3.7779289669e-05
8.2100000000e+02	3.1381851830e-02	-4.2697188559e-02	9.0230256258e-05	3.7779828718e-05
8.2200000000e+02	3.1419631927e-02	-4.2787441814e-02	9.0276245427e-05	3.7780365810e-05
8.2300000000e+02	3.1457412561e-02	-4.2877741031e-02	9.0322179333e-05	3.7780900957e-05
8.2400000000e+02	3.1495193728e-02	-4.2968086154e-02	9.0368058110e-05	3.7781434167e-05
8.2500000000e+02	3.1532975428e-02	-4.3058477129e-02	9.0413881887e-05	3.7781965449e-05
8.2600000000e+02	3.1570757658e-02	-4.3148913900e-02	9.0459650797e-05	3.7782494813e-05
8.2700000000e+02	3.1608540417e-02	-4.3239396412e-02	9.0505364969e-05	3.7783022267e-05
8.2800000000e+02	3.1646323702e-02	-4.3329924611e-02	9.0551024534e-05	3.7783547822e-05
8.2900000000e+02	3.1684107512e-02	-4.3420498443e-02	9.0596629620e-05	3.7784071486e-05
8.3000000000e+02	3.1721891845e-02	-4.3511117853e-02	9.0642180358e-05	3.7784593268e-05
8.3100000000e+02	3.1759676698e-02	-4.3601782786e-02	9.0687676876e-05	3.7785113178e-05
8.3200000000e+02	3.1797462070e-02	-4.3692493188e-02	9.0733119301e-05	3.7785631223e-05
8.3300000000e+02	3.1835247960e-02	-4.3783249006e-02	9.0778507763e-05	3.7786147414e-05
8.3400000000e+02	3.1873034365e-02	-4.3874050186e-02	9.0823842387e-05	3.7786661758e-05
8.3500000000e+02	3.1910821283e-02	-4.3964896673e-02	9.0869123301e-05	3.7787174265e-05
8.3600000000e+02	3.1948608713e-02	-4.4055788415e-02	9.0914350631e-05	3.7787684943e-05
8.3700000000e+02	3.1986396652e-02	-4.4146725357e-02	9.0959524503e-05	3.7788193802e-05
8.3800000000e+02	3.2024185100e-02	-4.4237707446e-02	9.1004645042e-05	3.7788700849e-05
8.3900000000e+02	3.2061974053e-02	-4.4328734629e-02	9.1049712375e-05	3.7789206093e-05
8.4000000000e+02	3.2099763511e-02	-4.4419806853e-02	9.1094726624e-05	3.7789709543e-05
8.4100000000e+02	3.2137553472e-02	-4.4510924065e-02	9.1139687915e-05	3.7790211207e-05
8.4200000000e+02	3.2175343933e-02	-4.4602086211e-02	9.1184596371e-05	3.7790711095e-05
8.4300000000e+02	3.2213134893e-02	-4.4693293240e-02	9.1229452115e-05	3.7791209213e-05
8.4400000000e+02	3.2250926351e-02	-4.4784545098e-02	9.1274255271e-05	3.7791705570e-05
8.4500000000e+02	3.2288718304e-02	-4.4875841733e-02	9.1319005961e-05	3.7792200175e-05
8.4600000000e+02	3.2326510751e-02	-4.4967183092e-02	9.1363704306e-05	3.7792693036e-05
8.4700000000e+02	3.2364303689e-02	-4.5058569124e-02	9.1408350429e-05	3.7793184161e-05
8.4800000000e+02	3.2402097118e-02	-4.5149999776e-02	9.1452944451e-05	3.7793673558e-05
8.4900000000e+02	3.2439891036e-02	-4.5241474996e-02	9.1497486492e-05	3.7794161236e-05
8.5000000000e+02	3.2477685440e-02	-4.5332994731e-02	9.1541976673e-05	3.7794647202e-05
8.5100000000e+02	3.2515480330e-02	-4.5424558932e-02	9.1586415113e-05	3.7795131464e-05
8.5200000000e+02	3.2553275703e-02	-4.5516167545e-02	9.1630801933e-05	3.7795614030e-05
8.5300000000e+02	3.2591071557e-02	-4.5607820518e-02	9.1675137252e-05	3.7796094909e-05
8.5400000000e+02	3.2628867892e-02	-4.5699517802e-02	9.1719421187e-05	3.7796574107e-05
8.5500000000e+02	3.2666664705e-02	-4.5791259344e-02	9.1763653858e-05	3.7797051634e-05
8.5600000000e+02	3.2704461995e-02	-4.5883045093e-02	9.1807835382e-05	3.7797527496e-05
8.5700000000e+02	3.2742259759e-02	-4.5974874997e-02	9.1851965877e-05	3.7798001701e-05
8.5800000000e+02	3.2780057997e-02	-4.6066749007e-02	9.1896045460e-05	3.7798474257e-05
8.5900000000e+02	3.2817856707e-02	-4.6158667071e-02	9.1940074248e-05	3.7798945172e-05
8.6000000000e+02	3.2855655887e-02	-4.6250629139e-02	9.1984052356e-05	3.7799414453e-05
8.6100000000e+02	3.2893455536e-02	-4.6342635159e-02	9.2027979901e-05	3.7799882107e-05
8.6200000000e+02	3.2931255651e-02	-4.6434685082e-02	9.2071856999e-05	3.7800348143e-05
8.6300000000e+02	3.2969056231e-02	-4.6526778856e-02	9.2115683764e-05	3.7800812568e-05
8.6400000000e+02	3.3006857276e-02	-4.6618916433e-02	9.2159460310e-05	3.7801275388e-05
8.6500000000e+02	3.3044658782e-02	-4.6711097760e-02	9.2203186754e-05	3.7801736612e-05
8.6600000000e+02	3.3082460748e-02	-4.6803322790e-02	9.2246863208e-05	3.7802196247e-05
8.6700000000e+02	3.3120263174e-02	-4.6895591470e-02	9.2290489785e-05	3.7802654300e-05
8.6800000000e+02	3.3158066056e-02	-4.6987903753e-02	9.2334066600e-05	3.7803110778e-05
8.6900000000e+02	3.3195869395e-02	-4.7080259587e-02	9.2377593765e-05	3.7803565689e-05
8.7000000000e+02	3.3233673187e-02	-4.7172658924e-02	9.2421071392e-05	3.7804019039e-05
8.7100000000e+02	3.3271477432e-02	-4.7265101713e-02	9.2464499593e-05	3.7804470836e-05
8.7200000000e+02	3.3309282128e-02	-4.7357587906e-02	9.2507878480e-05	3.7804921087e-05
8.7300000000e+02	3.3347087274e-02	-4.7450117454e-02	9.2551208165e-05	3.7805369799e-05
8.7400000000e+02	3.3384892867e-02	-4.7542690306e-02	9.2594488757e-05	3.7805816979e-05
8.7500000000e+02	3.3422698907e-02	-4.7635306415e-02	9.2637720368e-05	3.7806262633e-05
8.7600000000e+02	3.3460505392e-02	-4.7727965731e-02	9.2680903108e-05	3.7806706770e-05
8.7700000000e+02	3.3498312320e-02	-4.7820668205e-02	9.2724037087e-05	3.7807149395e-05
8.7800000000e+02	3.3536119690e-02	-4.7913413789e-02	9.2767122414e-05	3.7807590515e-05
8.7900000000e+02	3.3573927501e-02	-4.8006202434e-02	9.2810159197e-05	3.7808030138e-05
8.8000000000e+02	3.3611735750e-02	-4.8099034091e-02	9.2853147547e-05	3.7808468270e-05
8.8100000000e+02	3.3649544437e-02	-4.8191908713e-02	9.2896087570e-05	3.7808904917e-05
8.8200000000e+02	3.3687353560e-02	-4.8284826250e-02	9.2938979376e-05	3.7809340087e-05
8.8300000000e+02	3.3725163117e-02	-4.8377786655e-02	9.2981823071e-05	3.7809773787e-05
8.8400000000e+02	3.3762973107e-02	-4.8470789880e-02	9.3024618763e-05	3.7810206022e-05
8.8500000000e+02	3.3800783528e-02	-4.8563835877e-02	9.3067366559e-05	3.7810636799e-05
8.8600000000e+02	3.3838594380e-02	-4.8656924597e-02	9.3110066566e-05	3.7811066125e-05
8.8700000000e+02	3.3876405660e-02	-4.8750055994e-02	9.3152718888e-05	3.7811494007e-05
8.8800000000e+02	3.3914217367e-02	-4.8843230019e-02	9.3195323633e-05	3.7811920450e-05
8.8900000000e+02	3.3952029500e-02	-4.8936446625e-02	9.3237880906e-05	3.7812345461e-05
8.9000000000e+02	3.3989842058e-02	-4.9029705765e-02	9.3280390812e-05	3.7812769048e-05
8.9100000000e+02	3.4027655038e-02	-4.9123007391e-02	9.3322853456e-05	3.7813191215e-05
8.9200000000e+02	3.4065468440e-02	-4.9216351456e-02	9.3365268942e-05	3.7813611969e-05
8.9300000000e+02	3.4103282261e-02	-4.9309737914e-02	9.3407637374e-05	3.7814031318e-05
8.9400000000e+02	3.4141096502e-02	-4.9403166716e-02	9.3449958856e-05	3.7814449266e-05
8.9500000000e+02	3.4178911160e-02	-4.9496637816e-02	9.3492233492e-05	3.7814865820e-05
8.9600000000e+02	3.4216726233e-02	-4.9590151167e-02	9.3534461384e-05	3.7815280986e-05
8.9700000000e+02	3.4254541721e-02	-4.9683706723e-02	9.3576642635e-05	3.7815694771e-05
8.9800000000e+02	3.4292357622e-02	-4.9777304437e-02	9.3618777348e-05	3.7816107181e-05
8.9900000000e+02	3.4330173935e-02	-4.9870944262e-02	9.3660865625e-05	3.7816518221e-05
9.0000000000e+02	3.4367990658e-02	-4.9964626153e-02	9.3702907567e-05	3.7816927897e-05
9.0100000000e+02	3.4405807790e-02	-5.0058350062e-02	9.3744903276e-05	3.7817336217e-05
9.0200000000e+02	3.4443625330e-02	-5.0152115944e-02	9.3786852853e-05	3.7817743185e-05
9.0300000000e+02	3.4481443276e-02	-5.0245923752e-02	9.3828756399e-05	3.7818148808e-05
9.0400000000e+02	3.4519261627e-02	-5.0339773441e-02	9.3870614014e-05	3.7818553091e-05
9.0500000000e+02	3.4557080382e-02	-5.0433664965e-02	9.3912425798e-05	3.7818956040e-05
9.0600000000e+02	3.4594899539e-02	-5.0527598278e-02	9.3954191850e-05	3.7819357662e-05
9.0700000000e+02	3.4632719097e-02	-5.0621573333e-02	9.3995912271e-05	3.7819757963e-05
9.0800000000e+02	3.4670539054e-02	-5.0715590087e-02	9.4037587160e-05	3.7820156946e-05
9.0900000000e+02	3.4708359410e-02	-5.0809648493e-02	9.4079216615e-05	3.7820554620e-05
9.1000000000e+02	3.4746180163e-02	-5.0903748505e-02	9.4120800734e-05	3.7820950989e-05
9.1100000000e+02	3.4784001312e-02	-5.0997890079e-02	9.4162339617e-05	3.7821346059e-05
9.1200000000e+02	3.4821822855e-02	-5.1092073169e-02	9.4203833360e-05	3.7821739836e-05
9.1300000000e+02	3.4859644791e-02	-5.1186297731e-02	9.4245282061e-05	3.7822132325e-05
9.1400000000e+02	3.4897467119e-02	-5.1280563718e-02	9.4286685818e-05	3.7822523532e-05
9.1500000000e+02	3.4935289838e-02	-5.1374871087e-02	9.4328044727e-05	3.7822913463e-05
9.1600000000e+02	3.4973112946e-02	-5.1469219793e-02	9.4369358885e-05	3.7823302122e-05
9.1700000000e+02	3.5010936442e-02	-5.1563609790e-02	9.4410628388e-05	3.7823689517e-05
9.1800000000e+02	3.5048760324e-02	-5.1658041035e-02	9.4451853332e-05	3.7824075651e-05
9.1900000000e+02	3.5086584592e-02	-5.1752513482e-02	9.4493033813e-05	3.7824460531e-05
9.2000000000e+02	3.5124409245e-02	-5.1847027088e-02	9.4534169927e-05	3.7824844162e-05
9.2100000000e+02	3.5162234280e-02	-5.1941581807e-02	9.4575261767e-05	3.7825226549e-05
9.2200000000e+02	3.5200059698e-02	-5.2036177596e-02	9.4616309430e-05	3.7825607698e-05
9.2300000000e+02	3.5237885495e-02	-5.2130814411e-02	9.4657313008e-05	3.7825987614e-05
9.2400000000e+02	3.5275711672e-02	-5.2225492208e-02	9.4698272598e-05	3.7826366302e-05
9.2500000000e+02	3.5313538228e-02	-5.2320210942e-02	9.4739188291e-05	3.7826743768e-05
9.2600000000e+02	3.5351365160e-02	-5.2414970570e-02	9.4780060183e-05	3.7827120017e-05
9.2700000000e+02	3.5389192467e-02	-5.2509771048e-02	9.4820888366e-05	3.7827495053e-05
9.2800000000e+02	3.5427020149e-02	-5.2604612332e-02	9.4861672932e-05	3.7827868884e-05
9.2900000000e+02	3.5464848205e-02	-5.2699494379e-02	9.4902413976e-05	3.7828241512e-05
9.3000000000e+02	3.5502676632e-02	-5.2794417145e-02	9.4943111588e-05	3.7828612944e-05
9.3100000000e+02	3.5540505430e-02	-5.2889380588e-02	9.4983765862e-05	3.7828983185e-05
9.3200000000e+02	3.5578334598e-02	-5.2984384663e-02	9.5024376889e-05	3.7829352240e-05
9.3300000000e+02	3.5616164134e-02	-5.3079429327e-02	9.5064944760e-05	3.7829720113e-05
9.3400000000e+02	3.5653994038e-02	-5.3174514538e-02	9.5105469567e-05	3.7830086811e-05
9.3500000000e+02	3.5691824307e-02	-5.3269640252e-02	9.5145951400e-05	3.7830452337e-05
9.3600000000e+02	3.5729654942e-02	-5.3364806426e-02	9.5186390351e-05	3.7830816697e-05
9.3700000000e+02	3.5767485940e-02	-5.3460013018e-02	9.5226786509e-05	3.7831179896e-05
9.3800000000e+02	3.5805317301e-02	-5.3555259985e-02	9.5267139964e-05	3.7831541938e-05
9.3900000000e+02	3.5843149024e-02	-5.3650547284e-02	9.5307450807e-05	3.7831902830e-05
9.4000000000e+02	3.5880981107e-02	-5.3745874873e-02	9.5347719127e-05	3.7832262574e-05
9.4100000000e+02	3.5918813549e-02	-5.3841242708e-02	9.5387945013e-05	3.7832621177e-05
9.4200000000e+02	3.5956646349e-02	-5.3936650749e-02	9.5428128553e-05	3.7832978644e-05
9.4300000000e+02	3.5994479506e-02	-5.4032098951e-02	9.5468269838e-05	3.7833334978e-05
9.4400000000e+02	3.6032313018e-02	-5.4127587274e-02	9.5508368954e-05	3.7833690185e-05
9.4500000000e+02	3.6070146885e-02	-5.4223115675e-02	9.5548425990e-05	3.7834044269e-05
9.4600000000e+02	3.6107981106e-02	-5.4318684112e-02	9.5588441034e-05	3.7834397236e-05
9.4700000000e+02	3.6145815680e-02	-5.4414292543e-02	9.5628414174e-05	3.7834749089e-05
9.4800000000e+02	3.6183650604e-02	-5.4509940927e-02	9.5668345497e-05	3.7835099834e-05
9.4900000000e+02	3.6221485879e-02	-5.4605629220e-02	9.5708235089e-05	3.7835449475e-05
9.5000000000e+02	3.6259321503e-02	-5.4701357383e-02	9.5748083037e-05	3.7835798017e-05
9.5100000000e+02	3.6297157475e-02	-5.4797125373e-02	9.5787889429e-05	3.7836145465e-05
9.5200000000e+02	3.6334993793e-02	-5.4892933148e-02	9.5827654350e-05	3.7836491822e-05
9.5300000000e+02	3.6372830458e-02	-5.4988780667e-02	9.5867377886e-05	3.7836837095e-05
9.5400000000e+02	3.6410667467e-02	-5.5084667890e-02	9.5907060123e-05	3.7837181286e-05
9.5500000000e+02	3.6448504820e-02	-5.5180594774e-02	9.5946701146e-05	3.7837524400e-05
9.5600000000e+02	3.6486342516e-02	-5.5276561279e-02	9.5986301040e-05	3.7837866443e-05
9.5700000000e+02	3.6524180553e-02	-5.5372567362e-02	9.6025859890e-05	3.7838207418e-05
9.5800000000e+02	3.6562018930e-02	-5.5468612985e-02	9.6065377782e-05	3.7838547331e-05
9.5900000000e+02	3.6599857647e-02	-5.5564698104e-02	9.6104854798e-05	3.7838886184e-05
9.6000000000e+02	3.6637696702e-02	-5.5660822681e-02	9.6144291024e-05	3.7839223983e-05
9.6100000000e+02	3.6675536095e-02	-5.5756986673e-02	9.6183686542e-05	3.7839560733e-05
9.6200000000e+02	3.6713375823e-02	-5.5853190040e-02	9.6223041438e-05	3.7839896437e-05
9.6300000000e+02	3.6751215887e-02	-5.5949432742e-02	9.6262355794e-05	3.7840231099e-05
9.6400000000e+02	3.6789056285e-02	-5.6045714738e-02	9.6301629692e-05	3.7840564725e-05
9.6500000000e+02	3.6826897016e-02	-5.6142035988e-02	9.6340863217e-05	3.7840897318e-05
9.6600000000e+02	3.6864738079e-02	-5.6238396451e-02	9.6380056450e-05	3.7841228883e-05
9.6700000000e+02	3.6902579474e-02	-5.6334796088e-02	9.6419209474e-05	3.7841559423e-05
9.6800000000e+02	3.6940421198e-02	-5.6431234857e-02	9.6458322371e-05	3.7841888944e-05
9.6900000000e+02	3.6978263251e-02	-5.6527712719e-02	9.6497395222e-05	3.7842217449e-05
9.7000000000e+02	3.7016105632e-02	-5.6624229634e-02	9.6536428110e-05	3.7842544942e-05
9.7100000000e+02	3.7053948341e-02	-5.6720785562e-02	9.6575421115e-05	3.7842871427e-05
9.7200000000e+02	3.7091791375e-02	-5.6817380463e-02	9.6614374319e-05	3.7843196910e-05
9.7300000000e+02	3.7129634734e-02	-5.6914014297e-02	9.6653287802e-05	3.7843521393e-05
9.7400000000e+02	3.7167478417e-02	-5.7010687025e-02	9.6692161645e-05	3.7843844881e-05
9.7500000000e+02	3.7205322424e-02	-5.7107398607e-02	9.6730995929e-05	3.7844167378e-05
9.7600000000e+02	3.7243166752e-02	-5.7204149004e-02	9.6769790733e-05	3.7844488888e-05
9.7700000000e+02	3.7281011401e-02	-5.7300938176e-02	9.6808546138e-05	3.7844809414e-05
9.7800000000e+02	3.7318856370e-02	-5.7397766083e-02	9.6847262222e-05	3.7845128962e-05
9.7900000000e+02	3.7356701659e-02	-5.7494632687e-02	9.6885939066e-05	3.7845447535e-05
9.8000000000e+02	3.7394547265e-02	-5.7591537948e-02	9.6924576748e-05	3.7845765136e-05
9.8100000000e+02	3.7432393189e-02	-5.7688481828e-02	9.6963175348e-05	3.7846081771e-05
9.8200000000e+02	3.7470239428e-02	-5.7785464286e-02	9.7001734943e-05	3.7846397442e-05
9.8300000000e+02	3.7508085983e-02	-5.7882485284e-02	9.7040255613e-05	3.7846712154e-05
9.8400000000e+02	3.7545932852e-02	-5.7979544784e-02	9.7078737435e-05	3.7847025910e-05
9.8500000000e+02	3.7583780035e-02	-5.8076642746e-02	9.7117180488e-05	3.7847338715e-05
9.8600000000e+02	3.7621627529e-02	-5.8173779132e-02	9.7155584850e-05	3.7847650572e-05
9.8700000000e+02	3.7659475335e-02	-5.8270953903e-02	9.7193950596e-05	3.7847961485e-05
9.8800000000e+02	3.7697323452e-02	-5.8368167021e-02	9.7232277806e-05	3.7848271459e-05
9.8900000000e+02	3.7735171878e-02	-5.8465418446e-02	9.7270566556e-05	3.7848580495e-05
9.9000000000e+02	3.7773020613e-02	-5.8562708141e-02	9.7308816923e-05	3.7848888599e-05
9.9100000000e+02	3.7810869655e-02	-5.8660036067e-02	9.7347028983e-05	3.7849195775e-05
9.9200000000e+02	3.7848719004e-02	-5.8757402186e-02	9.7385202813e-05	3.7849502025e-05
9.9300000000e+02	3.7886568659e-02	-5.8854806460e-02	9.7423338488e-05	3.7849807353e-05
9.9400000000e+02	3.7924418618e-02	-5.8952248850e-02	9.7461436085e-05	3.7850111764e-05
9.9500000000e+02	3.7962268882e-02	-5.9049729320e-02	9.7499495680e-05	3.7850415261e-05
9.9600000000e+02	3.8000119449e-02	-5.9147247829e-02	9.7537517347e-05	3.7850717848e-05
9.9700000000e+02	3.8037970317e-02	-5.9244804342e-02	9.7575501162e-05	3.7851019528e-05
9.9800000000e+02	3.8075821487e-02	-5.9342398819e-02	9.7613447201e-05	3.7851320305e-05
9.9900000000e+02	3.8113672958e-02	-5.9440031223e-02	9.7651355537e-05	3.7851620182e-05
