# total modes from dos = 5.9999556370e+00
# ZPE = 3.7659446786e-03 Ry/cell
# Multiply by 13.6058 to have energies in eV/cell etc..
# Multiply by 13.6058 x 23060.35 = 313 754.5 to have energies in cal/(N mol).
# Multiply by 13.6058 x 96526.0 = 1 313 313 to have energies in J/(N mol).
# N is the number of formula units per cell.
#
# T (K) 	Evib (Ry/cell)	Fvib (Ry/cell)	Svib (Ry/cell/K)	Cvib (Ry/cell/K)
1.0000000000e+00	3.7659446989e-03	3.7659445977e-03	1.0126959440e-10	6.0861832501e-11
2.0000000000e+00	3.7659448838e-03	3.7659444486e-03	2.1761744116e-10	3.7097334798e-10
3.0000000000e+00	3.7659456062e-03	3.7659441072e-03	4.9967090043e-10	1.1771767818e-09
4.0000000000e+00	3.7659474868e-03	3.7659433665e-03	1.0300664809e-09	2.7292043710e-09
5.0000000000e+00	3.7659513978e-03	3.7659419365e-03	1.8922664754e-09	5.2810633931e-09
6.0000000000e+00	3.7659584694e-03	3.7659394431e-03	3.1710421559e-09	9.0948822629e-09
7.0000000000e+00	3.7659701004e-03	3.7659354266e-03	4.9534056352e-09	1.4448199187e-08
8.0000000000e+00	3.7659879815e-03	3.7659293382e-03	7.3304106759e-09	2.1650856950e-08
9.0000000000e+00	3.7660141444e-03	3.7659205347e-03	1.0401078135e-08	3.1085111600e-08
1.0000000000e+01	3.7660510690e-03	3.7659082668e-03	1.4280217440e-08	4.3279502022e-08
1.1000000000e+01	3.7661018771e-03	3.7658916576e-03	1.9110862615e-08	5.9006148936e-08
1.2000000000e+01	3.7661706227e-03	3.7658696664e-03	2.5079691310e-08	7.9369776425e-08
1.3000000000e+01	3.7662626529e-03	3.7658410379e-03	3.2431924634e-08	1.0585457007e-07
1.4000000000e+01	3.7663849857e-03	3.7658042374e-03	4.1482021553e-08	1.4031104990e-07
1.5000000000e+01	3.7665466456e-03	3.7657573794e-03	5.2617746924e-08	1.8488562090e-07
1.6000000000e+01	3.7667589061e-03	3.7656981548e-03	6.6296959867e-08	2.4190951841e-07
1.7000000000e+01	3.7670354106e-03	3.7656237654e-03	8.3037952587e-08	3.1376872703e-07
1.8000000000e+01	3.7673921612e-03	3.7655308705e-03	1.0340504124e-07	4.0277447194e-07
1.9000000000e+01	3.7678473855e-03	3.7654155490e-03	1.2799139324e-07	5.1104859925e-07
2.0000000000e+01	3.7684212988e-03	3.7652732799e-03	1.5740094624e-07	6.4043227170e-07
2.1000000000e+01	3.7691357894e-03	3.7650989400e-03	1.9223092382e-07	7.9242135856e-07
2.2000000000e+01	3.7700140519e-03	3.7648868193e-03	2.3305602900e-07	9.6812820626e-07
2.3000000000e+01	3.7710801943e-03	3.7646306495e-03	2.8041498926e-07	1.1682671232e-06
2.4000000000e+01	3.7723588415e-03	3.7643236467e-03	3.3479978227e-07	1.3931596596e-06
2.5000000000e+01	3.7738747518e-03	3.7639585616e-03	3.9664760591e-07	1.6427553139e-06
2.6000000000e+01	3.7756524596e-03	3.7635277375e-03	4.6633546751e-07	1.9166633870e-06
2.7000000000e+01	3.7777159549e-03	3.7630231720e-03	5.4417714559e-07	2.2141921162e-06
2.8000000000e+01	3.7800884032e-03	3.7624365813e-03	6.3042220958e-07	2.5343917930e-06
2.9000000000e+01	3.7827919097e-03	3.7617594638e-03	7.2525675544e-07	2.8760992021e-06
3.0000000000e+01	3.7858473279e-03	3.7609831624e-03	8.2880551652e-07	3.2379813262e-06
3.1000000000e+01	3.7892741111e-03	3.7600989252e-03	9.4113502907e-07	3.6185768244e-06
3.2000000000e+01	3.7930902028e-03	3.7590979608e-03	1.0622575633e-06	4.0163342657e-06
3.3000000000e+01	3.7973119648e-03	3.7579714911e-03	1.1921355684e-06	4.4296464975e-06
3.4000000000e+01	3.8019541365e-03	3.7567107983e-03	1.3306864190e-06	4.8568808435e-06
3.5000000000e+01	3.8070298229e-03	3.7553072678e-03	1.4777872873e-06	5.2964050635e-06
3.6000000000e+01	3.8125505062e-03	3.7537524261e-03	1.6332800024e-06	5.7466091846e-06
3.7000000000e+01	3.8185260774e-03	3.7520379732e-03	1.7969757885e-06	6.2059234344e-06
3.8000000000e+01	3.8249648839e-03	3.7501558115e-03	1.9686598004e-06	6.6728325858e-06
3.9000000000e+01	3.8318737902e-03	3.7480980695e-03	2.1480954006e-06	7.1458870659e-06
4.0000000000e+01	3.8392582471e-03	3.7458571215e-03	2.3350281387e-06	7.6237112025e-06
4.1000000000e+01	3.8471223695e-03	3.7434256036e-03	2.5291894120e-06	8.1050089777e-06
4.2000000000e+01	3.8554690177e-03	3.7407964262e-03	2.7302997969e-06	8.5885676486e-06
4.3000000000e+01	3.8642998816e-03	3.7379627833e-03	2.9380720526e-06	9.0732595671e-06
4.4000000000e+01	3.8736155662e-03	3.7349181589e-03	3.1522138024e-06	9.5580425092e-06
4.5000000000e+01	3.8834156768e-03	3.7316563309e-03	3.3724299082e-06	1.0041958787e-05
4.6000000000e+01	3.8936989024e-03	3.7281713730e-03	3.5984245525e-06	1.0524133391e-05
4.7000000000e+01	3.9044630972e-03	3.7244576539e-03	3.8299030485e-06	1.1003771373e-05
4.8000000000e+01	3.9157053594e-03	3.7205098363e-03	4.0665733983e-06	1.1480154663e-05
4.9000000000e+01	3.9274221059e-03	3.7163228726e-03	4.3081476197e-06	1.1952638462e-05
5.0000000000e+01	3.9396091440e-03	3.7118920008e-03	4.5543428639e-06	1.2420647359e-05
5.1000000000e+01	3.9522617383e-03	3.7072127388e-03	4.8048823427e-06	1.2883671277e-05
5.2000000000e+01	3.9653746746e-03	3.7022808781e-03	5.0594960869e-06	1.3341261333e-05
5.3000000000e+01	3.9789423185e-03	3.6970924762e-03	5.3179215531e-06	1.3793025691e-05
5.4000000000e+01	3.9929586706e-03	3.6916438494e-03	5.5799040964e-06	1.4238625469e-05
5.5000000000e+01	4.0074174174e-03	3.6859315645e-03	5.8451973256e-06	1.4677770741e-05
5.6000000000e+01	4.0223119785e-03	3.6799524306e-03	6.1135633559e-06	1.5110216664e-05
5.7000000000e+01	4.0376355494e-03	3.6737034900e-03	6.3847729711e-06	1.5535759771e-05
5.8000000000e+01	4.0533811415e-03	3.6671820103e-03	6.6586057096e-06	1.5954234428e-05
5.9000000000e+01	4.0695416180e-03	3.6603854749e-03	6.9348498836e-06	1.6365509491e-05
6.0000000000e+01	4.0861097270e-03	3.6533115745e-03	7.2133025420e-06	1.6769485141e-05
6.1000000000e+01	4.1030781311e-03	3.6459581985e-03	7.4937693862e-06	1.7166089922e-05
6.2000000000e+01	4.1204394344e-03	3.6383234264e-03	7.7760646455e-06	1.7555277980e-05
6.3000000000e+01	4.1381862070e-03	3.6304055190e-03	8.0600109202e-06	1.7937026479e-05
6.4000000000e+01	4.1563110065e-03	3.6222029107e-03	8.3454389980e-06	1.8311333218e-05
6.5000000000e+01	4.1748063980e-03	3.6137142009e-03	8.6321876485e-06	1.8678214415e-05
6.6000000000e+01	4.1936649709e-03	3.6049381464e-03	8.9201034012e-06	1.9037702676e-05
6.7000000000e+01	4.2128793546e-03	3.5958736538e-03	9.2090403113e-06	1.9389845116e-05
6.8000000000e+01	4.2324422324e-03	3.5865197717e-03	9.4988597156e-06	1.9734701643e-05
6.9000000000e+01	4.2523463529e-03	3.5768756841e-03	9.7894299819e-06	2.0072343379e-05
7.0000000000e+01	4.2725845411e-03	3.5669407031e-03	1.0080626256e-05	2.0402851231e-05
7.1000000000e+01	4.2931497071e-03	3.5567142625e-03	1.0372330206e-05	2.0726314573e-05
7.2000000000e+01	4.3140348542e-03	3.5461959109e-03	1.0664429768e-05	2.1042830062e-05
7.3000000000e+01	4.3352330855e-03	3.5353853065e-03	1.0956818891e-05	2.1352500552e-05
7.4000000000e+01	4.3567376096e-03	3.5242822101e-03	1.1249397290e-05	2.1655434119e-05
7.5000000000e+01	4.3785417455e-03	3.5128864804e-03	1.1542070201e-05	2.1951743175e-05
7.6000000000e+01	4.4006389264e-03	3.5011980681e-03	1.1834748136e-05	2.2241543673e-05
7.7000000000e+01	4.4230227029e-03	3.4892170107e-03	1.2127346652e-05	2.2524954385e-05
7.8000000000e+01	4.4456867455e-03	3.4769434279e-03	1.2419786124e-05	2.2802096262e-05
7.9000000000e+01	4.4686248467e-03	3.4643775165e-03	1.2711991521e-05	2.3073091854e-05
8.0000000000e+01	4.4918309217e-03	3.4515195464e-03	1.3003892191e-05	2.3338064796e-05
8.1000000000e+01	4.5152990101e-03	3.4383698559e-03	1.3295421657e-05	2.3597139347e-05
8.2000000000e+01	4.5390232758e-03	3.4249288477e-03	1.3586517415e-05	2.3850439985e-05
8.3000000000e+01	4.5629980069e-03	3.4111969853e-03	1.3877120742e-05	2.4098091040e-05
8.4000000000e+01	4.5872176159e-03	3.3971747888e-03	1.4167176513e-05	2.4340216380e-05
8.5000000000e+01	4.6116766388e-03	3.3828628320e-03	1.4456633021e-05	2.4576939125e-05
8.6000000000e+01	4.6363697341e-03	3.3682617387e-03	1.4745441806e-05	2.4808381406e-05
8.7000000000e+01	4.6612916818e-03	3.3533721795e-03	1.5033557498e-05	2.5034664145e-05
8.8000000000e+01	4.6864373824e-03	3.3381948689e-03	1.5320937653e-05	2.5255906876e-05
8.9000000000e+01	4.7118018549e-03	3.3227305626e-03	1.5607542610e-05	2.5472227577e-05
9.0000000000e+01	4.7373802356e-03	3.3069800545e-03	1.5893335346e-05	2.5683742541e-05
9.1000000000e+01	4.7631677762e-03	3.2909441742e-03	1.6178281341e-05	2.5890566254e-05
9.2000000000e+01	4.7891598419e-03	3.2746237848e-03	1.6462348447e-05	2.6092811302e-05
9.3000000000e+01	4.8153519095e-03	3.2580197803e-03	1.6745506766e-05	2.6290588289e-05
9.4000000000e+01	4.8417395654e-03	3.2411330835e-03	1.7027728531e-05	2.6484005773e-05
9.5000000000e+01	4.8683185034e-03	3.2239646440e-03	1.7308987994e-05	2.6673170213e-05
9.6000000000e+01	4.8950845229e-03	3.2065154362e-03	1.7589261320e-05	2.6858185932e-05
9.7000000000e+01	4.9220335264e-03	3.1887864574e-03	1.7868526485e-05	2.7039155088e-05
9.8000000000e+01	4.9491615176e-03	3.1707787261e-03	1.8146763179e-05	2.7216177654e-05
9.9000000000e+01	4.9764645988e-03	3.1524932801e-03	1.8423952714e-05	2.7389351409e-05
1.0000000000e+02	5.0039389693e-03	3.1339311754e-03	1.8700077939e-05	2.7558771935e-05
1.0100000000e+02	5.0315809228e-03	3.1150934843e-03	1.8975123154e-05	2.7724532619e-05
1.0200000000e+02	5.0593868451e-03	3.0959812939e-03	1.9249074031e-05	2.7886724666e-05
1.0300000000e+02	5.0873532123e-03	3.0765957053e-03	1.9521917543e-05	2.8045437111e-05
1.0400000000e+02	5.1154765884e-03	3.0569378319e-03	1.9793641889e-05	2.8200756841e-05
1.0500000000e+02	5.1437536233e-03	3.0370087982e-03	2.0064236430e-05	2.8352768613e-05
1.0600000000e+02	5.1721810505e-03	3.0168097388e-03	2.0333691620e-05	2.8501555087e-05
1.0700000000e+02	5.2007556853e-03	2.9963417976e-03	2.0601998951e-05	2.8647196851e-05
1.0800000000e+02	5.2294744222e-03	2.9756061261e-03	2.0869150890e-05	2.8789772454e-05
1.0900000000e+02	5.2583342337e-03	2.9546038831e-03	2.1135140831e-05	2.8929358439e-05
1.1000000000e+02	5.2873321674e-03	2.9333362337e-03	2.1399963034e-05	2.9066029381e-05
1.1100000000e+02	5.3164653450e-03	2.9118043480e-03	2.1663612586e-05	2.9199857919e-05
1.1200000000e+02	5.3457309594e-03	2.8900094008e-03	2.1926085345e-05	2.9330914800e-05
1.1300000000e+02	5.3751262737e-03	2.8679525707e-03	2.2187377903e-05	2.9459268911e-05
1.1400000000e+02	5.4046486187e-03	2.8456350393e-03	2.2447487539e-05	2.9584987326e-05
1.1500000000e+02	5.4342953915e-03	2.8230579906e-03	2.2706412182e-05	2.9708135339e-05
1.1600000000e+02	5.4640640538e-03	2.8002226104e-03	2.2964150374e-05	2.9828776509e-05
1.1700000000e+02	5.4939521296e-03	2.7771300856e-03	2.3220701230e-05	2.9946972696e-05
1.1800000000e+02	5.5239572043e-03	2.7537816038e-03	2.3476064410e-05	3.0062784106e-05
1.1900000000e+02	5.5540769224e-03	2.7301783527e-03	2.3730240082e-05	3.0176269328e-05
1.2000000000e+02	5.5843089865e-03	2.7063215193e-03	2.3983228894e-05	3.0287485375e-05
1.2100000000e+02	5.6146511553e-03	2.6822122901e-03	2.4235031943e-05	3.0396487721e-05
1.2200000000e+02	5.6451012421e-03	2.6578518502e-03	2.4485650753e-05	3.0503330345e-05
1.2300000000e+02	5.6756571136e-03	2.6332413827e-03	2.4735087243e-05	3.0608065766e-05
1.2400000000e+02	5.7063166883e-03	2.6083820690e-03	2.4983343704e-05	3.0710745081e-05
1.2500000000e+02	5.7370779350e-03	2.5832750878e-03	2.5230422777e-05	3.0811418006e-05
1.2600000000e+02	5.7679388716e-03	2.5579216149e-03	2.5476327434e-05	3.0910132908e-05
1.2700000000e+02	5.7988975638e-03	2.5323228233e-03	2.5721060949e-05	3.1006936846e-05
1.2800000000e+02	5.8299521236e-03	2.5064798822e-03	2.5964626886e-05	3.1101875604e-05
1.2900000000e+02	5.8611007082e-03	2.4803939575e-03	2.6207029075e-05	3.1194993725e-05
1.3000000000e+02	5.8923415186e-03	2.4540662107e-03	2.6448271600e-05	3.1286334548e-05
1.3100000000e+02	5.9236727989e-03	2.4274977994e-03	2.6688358775e-05	3.1375940240e-05
1.3200000000e+02	5.9550928344e-03	2.4006898767e-03	2.6927295134e-05	3.1463851828e-05
1.3300000000e+02	5.9865999512e-03	2.3736435911e-03	2.7165085414e-05	3.1550109232e-05
1.3400000000e+02	6.0181925144e-03	2.3463600863e-03	2.7401734539e-05	3.1634751294e-05
1.3500000000e+02	6.0498689279e-03	2.3188405007e-03	2.7637247609e-05	3.1717815814e-05
1.3600000000e+02	6.0816276325e-03	2.2910859680e-03	2.7871629886e-05	3.1799339571e-05
1.3700000000e+02	6.1134671054e-03	2.2630976161e-03	2.8104886783e-05	3.1879358361e-05
1.3800000000e+02	6.1453858592e-03	2.2348765677e-03	2.8337023851e-05	3.1957907017e-05
1.3900000000e+02	6.1773824407e-03	2.2064239398e-03	2.8568046769e-05	3.2035019442e-05
1.4000000000e+02	6.2094554303e-03	2.1777408436e-03	2.8797961334e-05	3.2110728635e-05
1.4100000000e+02	6.2416034409e-03	2.1488283846e-03	2.9026773449e-05	3.2185066713e-05
1.4200000000e+02	6.2738251171e-03	2.1196876622e-03	2.9254489119e-05	3.2258064941e-05
1.4300000000e+02	6.3061191344e-03	2.0903197698e-03	2.9481114437e-05	3.2329753755e-05
1.4400000000e+02	6.3384841981e-03	2.0607257947e-03	2.9706655579e-05	3.2400162783e-05
1.4500000000e+02	6.3709190430e-03	2.0309068180e-03	2.9931118793e-05	3.2469320874e-05
1.4600000000e+02	6.4034224322e-03	2.0008639143e-03	3.0154510396e-05	3.2537256113e-05
1.4700000000e+02	6.4359931567e-03	1.9705981522e-03	3.0376836765e-05	3.2603995852e-05
1.4800000000e+02	6.4686300343e-03	1.9401105937e-03	3.0598104328e-05	3.2669566722e-05
1.4900000000e+02	6.5013319092e-03	1.9094022944e-03	3.0818319562e-05	3.2733994659e-05
1.5000000000e+02	6.5340976511e-03	1.8784743032e-03	3.1037488986e-05	3.2797304925e-05
1.5100000000e+02	6.5669261547e-03	1.8473276628e-03	3.1255619151e-05	3.2859522124e-05
1.5200000000e+02	6.5998163390e-03	1.8159634091e-03	3.1472716644e-05	3.2920670220e-05
1.5300000000e+02	6.6327671465e-03	1.7843825715e-03	3.1688788072e-05	3.2980772563e-05
1.5400000000e+02	6.6657775431e-03	1.7525861728e-03	3.1903840067e-05	3.3039851895e-05
1.5500000000e+02	6.6988465167e-03	1.7205752290e-03	3.2117879276e-05	3.3097930380e-05
1.5600000000e+02	6.7319730774e-03	1.6883507496e-03	3.2330912358e-05	3.3155029608e-05
1.5700000000e+02	6.7651562565e-03	1.6559137374e-03	3.2542945981e-05	3.3211170623e-05
1.5800000000e+02	6.7983951061e-03	1.6232651886e-03	3.2753986820e-05	3.3266373930e-05
1.5900000000e+02	6.8316886985e-03	1.5904060925e-03	3.2964041547e-05	3.3320659515e-05
1.6000000000e+02	6.8650361257e-03	1.5573374320e-03	3.3173116836e-05	3.3374046859e-05
1.6100000000e+02	6.8984364991e-03	1.5240601831e-03	3.3381219354e-05	3.3426554949e-05
1.6200000000e+02	6.9318889487e-03	1.4905753153e-03	3.3588355762e-05	3.3478202298e-05
1.6300000000e+02	6.9653926228e-03	1.4568837914e-03	3.3794532708e-05	3.3529006953e-05
1.6400000000e+02	6.9989466876e-03	1.4229865675e-03	3.3999756830e-05	3.3578986512e-05
1.6500000000e+02	7.0325503266e-03	1.3888845931e-03	3.4204034748e-05	3.3628158134e-05
1.6600000000e+02	7.0662027401e-03	1.3545788112e-03	3.4407373066e-05	3.3676538552e-05
1.6700000000e+02	7.0999031454e-03	1.3200701580e-03	3.4609778367e-05	3.3724144086e-05
1.6800000000e+02	7.1336507753e-03	1.2853595633e-03	3.4811257215e-05	3.3770990654e-05
1.6900000000e+02	7.1674448789e-03	1.2504479502e-03	3.5011816146e-05	3.3817093784e-05
1.7000000000e+02	7.2012847201e-03	1.2153362355e-03	3.5211461675e-05	3.3862468621e-05
1.7100000000e+02	7.2351695783e-03	1.1800253292e-03	3.5410200287e-05	3.3907129944e-05
1.7200000000e+02	7.2690987470e-03	1.1445161350e-03	3.5608038442e-05	3.3951092171e-05
1.7300000000e+02	7.3030715343e-03	1.1088095503e-03	3.5804982566e-05	3.3994369371e-05
1.7400000000e+02	7.3370872620e-03	1.0729064658e-03	3.6001039059e-05	3.4036975274e-05
1.7500000000e+02	7.3711452655e-03	1.0368077659e-03	3.6196214283e-05	3.4078923281e-05
1.7600000000e+02	7.4052448936e-03	1.0005143289e-03	3.6390514572e-05	3.4120226468e-05
1.7700000000e+02	7.4393855078e-03	9.6402702634e-04	3.6583946223e-05	3.4160897602e-05
1.7800000000e+02	7.4735664823e-03	9.2734672387e-04	3.6776515497e-05	3.4200949146e-05
1.7900000000e+02	7.5077872036e-03	8.9047428073e-04	3.6968228619e-05	3.4240393266e-05
1.8000000000e+02	7.5420470703e-03	8.5341054996e-04	3.7159091780e-05	3.4279241842e-05
1.8100000000e+02	7.5763454926e-03	8.1615637844e-04	3.7349111128e-05	3.4317506473e-05
1.8200000000e+02	7.6106818924e-03	7.7871260693e-04	3.7538292777e-05	3.4355198487e-05
1.8300000000e+02	7.6450557024e-03	7.4108007009e-04	3.7726642800e-05	3.4392328947e-05
1.8400000000e+02	7.6794663667e-03	7.0325959653e-04	3.7914167229e-05	3.4428908657e-05
1.8500000000e+02	7.7139133397e-03	6.6525200883e-04	3.8100872059e-05	3.4464948172e-05
1.8600000000e+02	7.7483960864e-03	6.2705812363e-04	3.8286763241e-05	3.4500457801e-05
1.8700000000e+02	7.7829140820e-03	5.8867875160e-04	3.8471846687e-05	3.4535447619e-05
1.8800000000e+02	7.8174668117e-03	5.5011469754e-04	3.8656128267e-05	3.4569927465e-05
1.8900000000e+02	7.8520537702e-03	5.1136676041e-04	3.8839613808e-05	3.4603906956e-05
1.9000000000e+02	7.8866744619e-03	4.7243573334e-04	3.9022309098e-05	3.4637395488e-05
1.9100000000e+02	7.9213284006e-03	4.3332240372e-04	3.9204219879e-05	3.4670402247e-05
1.9200000000e+02	7.9560151088e-03	3.9402755319e-04	3.9385351852e-05	3.4702936206e-05
1.9300000000e+02	7.9907341183e-03	3.5455195773e-04	3.9565710677e-05	3.4735006139e-05
1.9400000000e+02	8.0254849693e-03	3.1489638768e-04	3.9745301967e-05	3.4766620623e-05
1.9500000000e+02	8.0602672105e-03	2.7506160778e-04	3.9924131296e-05	3.4797788042e-05
1.9600000000e+02	8.0950803991e-03	2.3504837723e-04	4.0102204193e-05	3.4828516592e-05
1.9700000000e+02	8.1299241001e-03	1.9485744971e-04	4.0279526144e-05	3.4858814289e-05
1.9800000000e+02	8.1647978866e-03	1.5448957344e-04	4.0456102592e-05	3.4888688970e-05
1.9900000000e+02	8.1997013396e-03	1.1394549123e-04	4.0631938936e-05	3.4918148299e-05
2.0000000000e+02	8.2346340473e-03	7.3225940485e-05	4.0807040534e-05	3.4947199773e-05
2.0100000000e+02	8.2695956056e-03	3.2331653303e-05	4.0981412698e-05	3.4975850723e-05
2.0200000000e+02	8.3045856176e-03	-8.7366435238e-06	4.1155060699e-05	3.5004108321e-05
2.0300000000e+02	8.3396036935e-03	-4.9978228450e-05	4.1327989763e-05	3.5031979582e-05
2.0400000000e+02	8.3746494503e-03	-9.1392385133e-05	4.1500205076e-05	3.5059471371e-05
2.0500000000e+02	8.4097225120e-03	-1.3297840240e-04	4.1671711777e-05	3.5086590402e-05
2.0600000000e+02	8.4448225090e-03	-1.7473557418e-04	4.1842514967e-05	3.5113343247e-05
2.0700000000e+02	8.4799490786e-03	-2.1666319951e-04	4.2012619701e-05	3.5139736335e-05
2.0800000000e+02	8.5151018639e-03	-2.5876058244e-04	4.2182030992e-05	3.5165775960e-05
2.0900000000e+02	8.5502805147e-03	-3.0102703201e-04	4.2350753812e-05	3.5191468280e-05
2.1000000000e+02	8.5854846867e-03	-3.4346186222e-04	4.2518793090e-05	3.5216819323e-05
2.1100000000e+02	8.6207140416e-03	-3.8606439197e-04	4.2686153713e-05	3.5241834990e-05
2.1200000000e+02	8.6559682468e-03	-4.2883394504e-04	4.2852840528e-05	3.5266521058e-05
2.1300000000e+02	8.6912469757e-03	-4.7176985002e-04	4.3018858337e-05	3.5290883181e-05
2.1400000000e+02	8.7265499070e-03	-5.1487144030e-04	4.3184211903e-05	3.5314926897e-05
2.1500000000e+02	8.7618767252e-03	-5.5813805399e-04	4.3348905950e-05	3.5338657627e-05
2.1600000000e+02	8.7972271197e-03	-6.0156903392e-04	4.3512945156e-05	3.5362080681e-05
2.1700000000e+02	8.8326007857e-03	-6.4516372757e-04	4.3676334163e-05	3.5385201258e-05
2.1800000000e+02	8.8679974231e-03	-6.8892148705e-04	4.3839077570e-05	3.5408024449e-05
2.1900000000e+02	8.9034167371e-03	-7.3284166903e-04	4.4001179937e-05	3.5430555243e-05
2.2000000000e+02	8.9388584378e-03	-7.7692363475e-04	4.4162645784e-05	3.5452798525e-05
2.2100000000e+02	8.9743222399e-03	-8.2116674992e-04	4.4323479592e-05	3.5474759080e-05
2.2200000000e+02	9.0098078633e-03	-8.6557038473e-04	4.4483685802e-05	3.5496441597e-05
2.2300000000e+02	9.0453150320e-03	-9.1013391379e-04	4.4643268815e-05	3.5517850670e-05
2.2400000000e+02	9.0808434750e-03	-9.5485671608e-04	4.4802232996e-05	3.5538990800e-05
2.2500000000e+02	9.1163929254e-03	-9.9973817495e-04	4.4960582668e-05	3.5559866396e-05
2.2600000000e+02	9.1519631210e-03	-1.0447776780e-03	4.5118322120e-05	3.5580481780e-05
2.2700000000e+02	9.1875538036e-03	-1.0899746172e-03	4.5275455598e-05	3.5600841189e-05
2.2800000000e+02	9.2231647194e-03	-1.1353283886e-03	4.5431987316e-05	3.5620948774e-05
2.2900000000e+02	9.2587956186e-03	-1.1808383926e-03	4.5587921446e-05	3.5640808604e-05
2.3000000000e+02	9.2944462554e-03	-1.2265040337e-03	4.5743262127e-05	3.5660424667e-05
2.3100000000e+02	9.3301163880e-03	-1.2723247204e-03	4.5898013456e-05	3.5679800873e-05
2.3200000000e+02	9.3658057785e-03	-1.3182998655e-03	4.6052179500e-05	3.5698941056e-05
2.3300000000e+02	9.4015141927e-03	-1.3644288857e-03	4.6205764285e-05	3.5717848973e-05
2.3400000000e+02	9.4372414002e-03	-1.4107112017e-03	4.6358771803e-05	3.5736528311e-05
2.3500000000e+02	9.4729871743e-03	-1.4571462382e-03	4.6511206011e-05	3.5754982682e-05
2.3600000000e+02	9.5087512918e-03	-1.5037334239e-03	4.6663070829e-05	3.5773215631e-05
2.3700000000e+02	9.5445335329e-03	-1.5504721913e-03	4.6814370145e-05	3.5791230631e-05
2.3800000000e+02	9.5803336815e-03	-1.5973619770e-03	4.6965107809e-05	3.5809031092e-05
2.3900000000e+02	9.6161515247e-03	-1.6444022210e-03	4.7115287639e-05	3.5826620357e-05
2.4000000000e+02	9.6519868529e-03	-1.6915923676e-03	4.7264913419e-05	3.5844001705e-05
2.4100000000e+02	9.6878394599e-03	-1.7389318644e-03	4.7413988898e-05	3.5861178353e-05
2.4200000000e+02	9.7237091425e-03	-1.7864201632e-03	4.7562517792e-05	3.5878153456e-05
2.4300000000e+02	9.7595957007e-03	-1.8340567190e-03	4.7710503785e-05	3.5894930111e-05
2.4400000000e+02	9.7954989376e-03	-1.8818409910e-03	4.7857950527e-05	3.5911511355e-05
2.4500000000e+02	9.8314186592e-03	-1.9297724415e-03	4.8004861636e-05	3.5927900170e-05
2.4600000000e+02	9.8673546747e-03	-1.9778505369e-03	4.8151240698e-05	3.5944099480e-05
2.4700000000e+02	9.9033067960e-03	-2.0260747468e-03	4.8297091266e-05	3.5960112156e-05
2.4800000000e+02	9.9392748378e-03	-2.0744445444e-03	4.8442416864e-05	3.5975941016e-05
2.4900000000e+02	9.9752586177e-03	-2.1229594067e-03	4.8587220981e-05	3.5991588823e-05
2.5000000000e+02	1.0011257956e-02	-2.1716188137e-03	4.8731507079e-05	3.6007058293e-05
2.5100000000e+02	1.0047272676e-02	-2.2204222493e-03	4.8875278586e-05	3.6022352088e-05
2.5200000000e+02	1.0083302602e-02	-2.2693692005e-03	4.9018538901e-05	3.6037472824e-05
2.5300000000e+02	1.0119347565e-02	-2.3184591578e-03	4.9161291393e-05	3.6052423069e-05
2.5400000000e+02	1.0155407393e-02	-2.3676916151e-03	4.9303539401e-05	3.6067205343e-05
2.5500000000e+02	1.0191481920e-02	-2.4170660696e-03	4.9445286234e-05	3.6081822121e-05
2.5600000000e+02	1.0227570982e-02	-2.4665820216e-03	4.9586535172e-05	3.6096275832e-05
2.5700000000e+02	1.0263674418e-02	-2.5162389750e-03	4.9727289468e-05	3.6110568863e-05
2.5800000000e+02	1.0299792067e-02	-2.5660364368e-03	4.9867552342e-05	3.6124703558e-05
2.5900000000e+02	1.0335923773e-02	-2.6159739170e-03	5.0007326989e-05	3.6138682216e-05
2.6000000000e+02	1.0372069381e-02	-2.6660509291e-03	5.0146616576e-05	3.6152507100e-05
2.6100000000e+02	1.0408228737e-02	-2.7162669895e-03	5.0285424239e-05	3.6166180427e-05
2.6200000000e+02	1.0444401692e-02	-2.7666216179e-03	5.0423753090e-05	3.6179704380e-05
2.6300000000e+02	1.0480588097e-02	-2.8171143371e-03	5.0561606212e-05	3.6193081100e-05
2.6400000000e+02	1.0516787805e-02	-2.8677446728e-03	5.0698986660e-05	3.6206312690e-05
2.6500000000e+02	1.0553000674e-02	-2.9185121539e-03	5.0835897465e-05	3.6219401219e-05
2.6600000000e+02	1.0589226561e-02	-2.9694163122e-03	5.0972341628e-05	3.6232348718e-05
2.6700000000e+02	1.0625465325e-02	-3.0204566826e-03	5.1108322127e-05	3.6245157181e-05
2.6800000000e+02	1.0661716830e-02	-3.0716328029e-03	5.1243841912e-05	3.6257828569e-05
2.6900000000e+02	1.0697980937e-02	-3.1229442138e-03	5.1378903908e-05	3.6270364810e-05
2.7000000000e+02	1.0734257515e-02	-3.1743904591e-03	5.1513511014e-05	3.6282767796e-05
2.7100000000e+02	1.0770546429e-02	-3.2259710852e-03	5.1647666105e-05	3.6295039389e-05
2.7200000000e+02	1.0806847550e-02	-3.2776856415e-03	5.1781372029e-05	3.6307181416e-05
2.7300000000e+02	1.0843160750e-02	-3.3295336804e-03	5.1914631612e-05	3.6319195677e-05
2.7400000000e+02	1.0879485900e-02	-3.3815147569e-03	5.2047447652e-05	3.6331083937e-05
2.7500000000e+02	1.0915822876e-02	-3.4336284288e-03	5.2179822926e-05	3.6342847933e-05
2.7600000000e+02	1.0952171555e-02	-3.4858742568e-03	5.2311760187e-05	3.6354489372e-05
2.7700000000e+02	1.0988531814e-02	-3.5382518041e-03	5.2443262161e-05	3.6366009932e-05
2.7800000000e+02	1.1024903535e-02	-3.5907606369e-03	5.2574331553e-05	3.6377411265e-05
2.7900000000e+02	1.1061286598e-02	-3.6434003239e-03	5.2704971045e-05	3.6388694991e-05
2.8000000000e+02	1.1097680886e-02	-3.6961704366e-03	5.2835183296e-05	3.6399862706e-05
2.8100000000e+02	1.1134086285e-02	-3.7490705490e-03	5.2964970939e-05	3.6410915978e-05
2.8200000000e+02	1.1170502681e-02	-3.8021002378e-03	5.3094336590e-05	3.6421856350e-05
2.8300000000e+02	1.1206929961e-02	-3.8552590823e-03	5.3223282837e-05	3.6432685338e-05
2.8400000000e+02	1.1243368015e-02	-3.9085466645e-03	5.3351812250e-05	3.6443404433e-05
2.8500000000e+02	1.1279816733e-02	-3.9619625687e-03	5.3479927376e-05	3.6454015104e-05
2.8600000000e+02	1.1316276009e-02	-4.0155063820e-03	5.3607630738e-05	3.6464518792e-05
2.8700000000e+02	1.1352745736e-02	-4.0691776938e-03	5.3734924841e-05	3.6474916917e-05
2.8800000000e+02	1.1389225808e-02	-4.1229760961e-03	5.3861812168e-05	3.6485210875e-05
2.8900000000e+02	1.1425716123e-02	-4.1769011834e-03	5.3988295178e-05	3.6495402038e-05
2.9000000000e+02	1.1462216578e-02	-4.2309525525e-03	5.4114376314e-05	3.6505491758e-05
2.9100000000e+02	1.1498727073e-02	-4.2851298028e-03	5.4240057994e-05	3.6515481363e-05
2.9200000000e+02	1.1535247508e-02	-4.3394325361e-03	5.4365342618e-05	3.6525372162e-05
2.9300000000e+02	1.1571777785e-02	-4.3938603565e-03	5.4490232565e-05	3.6535165440e-05
2.9400000000e+02	1.1608317807e-02	-4.4484128705e-03	5.4614730196e-05	3.6544862464e-05
2.9500000000e+02	1.1644867478e-02	-4.5030896869e-03	5.4738837849e-05	3.6554464478e-05
2.9600000000e+02	1.1681426705e-02	-4.5578904170e-03	5.4862557844e-05	3.6563972709e-05
2.9700000000e+02	1.1717995393e-02	-4.6128146742e-03	5.4985892482e-05	3.6573388362e-05
2.9800000000e+02	1.1754573451e-02	-4.6678620742e-03	5.5108844045e-05	3.6582712625e-05
2.9900000000e+02	1.1791160788e-02	-4.7230322353e-03	5.5231414794e-05	3.6591946665e-05
3.0000000000e+02	1.1827757315e-02	-4.7783247776e-03	5.5353606974e-05	3.6601091633e-05
3.0100000000e+02	1.1864362942e-02	-4.8337393238e-03	5.5475422810e-05	3.6610148660e-05
3.0200000000e+02	1.1900977583e-02	-4.8892754985e-03	5.5596864509e-05	3.6619118860e-05
3.0300000000e+02	1.1937601151e-02	-4.9449329288e-03	5.5717934258e-05	3.6628003330e-05
3.0400000000e+02	1.1974233561e-02	-5.0007112438e-03	5.5838634228e-05	3.6636803148e-05
3.0500000000e+02	1.2010874730e-02	-5.0566100748e-03	5.5958966572e-05	3.6645519378e-05
3.0600000000e+02	1.2047524573e-02	-5.1126290551e-03	5.6078933424e-05	3.6654153066e-05
3.0700000000e+02	1.2084183009e-02	-5.1687678205e-03	5.6198536903e-05	3.6662705242e-05
3.0800000000e+02	1.2120849956e-02	-5.2250260085e-03	5.6317779107e-05	3.6671176919e-05
3.0900000000e+02	1.2157525336e-02	-5.2814032590e-03	5.6436662120e-05	3.6679569097e-05
3.1000000000e+02	1.2194209068e-02	-5.3378992137e-03	5.6555188007e-05	3.6687882758e-05
3.1100000000e+02	1.2230901076e-02	-5.3945135166e-03	5.6673358818e-05	3.6696118872e-05
3.1200000000e+02	1.2267601281e-02	-5.4512458137e-03	5.6791176584e-05	3.6704278391e-05
3.1300000000e+02	1.2304309607e-02	-5.5080957528e-03	5.6908643323e-05	3.6712362254e-05
3.1400000000e+02	1.2341025980e-02	-5.5650629840e-03	5.7025761032e-05	3.6720371386e-05
3.1500000000e+02	1.2377750325e-02	-5.6221471592e-03	5.7142531697e-05	3.6728306698e-05
3.1600000000e+02	1.2414482569e-02	-5.6793479323e-03	5.7258957284e-05	3.6736169087e-05
3.1700000000e+02	1.2451222640e-02	-5.7366649593e-03	5.7375039744e-05	3.6743959437e-05
3.1800000000e+02	1.2487970464e-02	-5.7940978981e-03	5.7490781014e-05	3.6751678618e-05
3.1900000000e+02	1.2524725973e-02	-5.8516464083e-03	5.7606183014e-05	3.6759327487e-05
3.2000000000e+02	1.2561489096e-02	-5.9093101517e-03	5.7721247650e-05	3.6766906889e-05
3.2100000000e+02	1.2598259764e-02	-5.9670887918e-03	5.7835976810e-05	3.6774417656e-05
3.2200000000e+02	1.2635037909e-02	-6.0249819941e-03	5.7950372370e-05	3.6781860608e-05
3.2300000000e+02	1.2671823463e-02	-6.0829894259e-03	5.8064436189e-05	3.6789236553e-05
3.2400000000e+02	1.2708616360e-02	-6.1411107565e-03	5.8178170113e-05	3.6796546285e-05
3.2500000000e+02	1.2745416534e-02	-6.1993456568e-03	5.8291575971e-05	3.6803790591e-05
3.2600000000e+02	1.2782223920e-02	-6.2576937997e-03	5.8404655581e-05	3.6810970241e-05
3.2700000000e+02	1.2819038453e-02	-6.3161548598e-03	5.8517410743e-05	3.6818085997e-05
3.2800000000e+02	1.2855860071e-02	-6.3747285136e-03	5.8629843244e-05	3.6825138610e-05
3.2900000000e+02	1.2892688709e-02	-6.4334144393e-03	5.8741954860e-05	3.6832128819e-05
3.3000000000e+02	1.2929524308e-02	-6.4922123170e-03	5.8853747347e-05	3.6839057352e-05
3.3100000000e+02	1.2966366804e-02	-6.5511218282e-03	5.8965222453e-05	3.6845924928e-05
3.3200000000e+02	1.3003216137e-02	-6.6101426566e-03	5.9076381910e-05	3.6852732255e-05
3.3300000000e+02	1.3040072249e-02	-6.6692744874e-03	5.9187227435e-05	3.6859480029e-05
3.3400000000e+02	1.3076935078e-02	-6.7285170074e-03	5.9297760734e-05	3.6866168939e-05
3.3500000000e+02	1.3113804567e-02	-6.7878699054e-03	5.9407983500e-05	3.6872799662e-05
3.3600000000e+02	1.3150680658e-02	-6.8473328715e-03	5.9517897409e-05	3.6879372867e-05
3.3700000000e+02	1.3187563294e-02	-6.9069055978e-03	5.9627504129e-05	3.6885889212e-05
3.3800000000e+02	1.3224452418e-02	-6.9665877779e-03	5.9736805312e-05	3.6892349346e-05
3.3900000000e+02	1.3261347974e-02	-7.0263791071e-03	5.9845802599e-05	3.6898753910e-05
3.4000000000e+02	1.3298249907e-02	-7.0862792823e-03	5.9954497616e-05	3.6905103535e-05
3.4100000000e+02	1.3335158163e-02	-7.1462880021e-03	6.0062891980e-05	3.6911398842e-05
3.4200000000e+02	1.3372072687e-02	-7.2064049666e-03	6.0170987291e-05	3.6917640447e-05
3.4300000000e+02	1.3408993426e-02	-7.2666298776e-03	6.0278785142e-05	3.6923828952e-05
3.4400000000e+02	1.3445920327e-02	-7.3269624383e-03	6.0386287110e-05	3.6929964956e-05
3.4500000000e+02	1.3482853339e-02	-7.3874023537e-03	6.0493494761e-05	3.6936049046e-05
3.4600000000e+02	1.3519792408e-02	-7.4479493302e-03	6.0600409649e-05	3.6942081802e-05
3.4700000000e+02	1.3556737485e-02	-7.5086030759e-03	6.0707033318e-05	3.6948063796e-05
3.4800000000e+02	1.3593688519e-02	-7.5693633003e-03	6.0813367297e-05	3.6953995593e-05
3.4900000000e+02	1.3630645460e-02	-7.6302297144e-03	6.0919413107e-05	3.6959877749e-05
3.5000000000e+02	1.3667608258e-02	-7.6912020309e-03	6.1025172255e-05	3.6965710812e-05
3.5100000000e+02	1.3704576865e-02	-7.7522799639e-03	6.1130646237e-05	3.6971495324e-05
3.5200000000e+02	1.3741551233e-02	-7.8134632289e-03	6.1235836539e-05	3.6977231818e-05
3.5300000000e+02	1.3778531313e-02	-7.8747515429e-03	6.1340744635e-05	3.6982920822e-05
3.5400000000e+02	1.3815517059e-02	-7.9361446245e-03	6.1445371987e-05	3.6988562855e-05
3.5500000000e+02	1.3852508423e-02	-7.9976421938e-03	6.1549720049e-05	3.6994158428e-05
3.5600000000e+02	1.3889505361e-02	-8.0592439720e-03	6.1653790260e-05	3.6999708049e-05
3.5700000000e+02	1.3926507824e-02	-8.1209496822e-03	6.1757584052e-05	3.7005212214e-05
3.5800000000e+02	1.3963515770e-02	-8.1827590485e-03	6.1861102845e-05	3.7010671417e-05
3.5900000000e+02	1.4000529152e-02	-8.2446717967e-03	6.1964348048e-05	3.7016086142e-05
3.6000000000e+02	1.4037547928e-02	-8.3066876538e-03	6.2067321060e-05	3.7021456868e-05
3.6100000000e+02	1.4074572052e-02	-8.3688063485e-03	6.2170023269e-05	3.7026784069e-05
3.6200000000e+02	1.4111601481e-02	-8.4310276106e-03	6.2272456055e-05	3.7032068209e-05
3.6300000000e+02	1.4148636174e-02	-8.4933511713e-03	6.2374620786e-05	3.7037309750e-05
3.6400000000e+02	1.4185676087e-02	-8.5557767632e-03	6.2476518819e-05	3.7042509144e-05
3.6500000000e+02	1.4222721178e-02	-8.6183041204e-03	6.2578151503e-05	3.7047666841e-05
3.6600000000e+02	1.4259771407e-02	-8.6809329782e-03	6.2679520178e-05	3.7052783282e-05
3.6700000000e+02	1.4296826731e-02	-8.7436630732e-03	6.2780626170e-05	3.7057858903e-05
3.6800000000e+02	1.4333887111e-02	-8.8064941435e-03	6.2881470800e-05	3.7062894134e-05
3.6900000000e+02	1.4370952506e-02	-8.8694259282e-03	6.2982055378e-05	3.7067889402e-05
3.7000000000e+02	1.4408022877e-02	-8.9324581680e-03	6.3082381202e-05	3.7072845124e-05
3.7100000000e+02	1.4445098183e-02	-8.9955906047e-03	6.3182449564e-05	3.7077761715e-05
3.7200000000e+02	1.4482178387e-02	-9.0588229817e-03	6.3282261744e-05	3.7082639584e-05
3.7300000000e+02	1.4519263450e-02	-9.1221550433e-03	6.3381819016e-05	3.7087479134e-05
3.7400000000e+02	1.4556353333e-02	-9.1855865352e-03	6.3481122642e-05	3.7092280762e-05
3.7500000000e+02	1.4593447999e-02	-9.2491172044e-03	6.3580173875e-05	3.7097044861e-05
3.7600000000e+02	1.4630547410e-02	-9.3127467992e-03	6.3678973961e-05	3.7101771821e-05
3.7700000000e+02	1.4667651530e-02	-9.3764750690e-03	6.3777524136e-05	3.7106462022e-05
3.7800000000e+02	1.4704760322e-02	-9.4403017646e-03	6.3875825626e-05	3.7111115844e-05
3.7900000000e+02	1.4741873750e-02	-9.5042266378e-03	6.3973879651e-05	3.7115733660e-05
3.8000000000e+02	1.4778991778e-02	-9.5682494418e-03	6.4071687419e-05	3.7120315838e-05
3.8100000000e+02	1.4816114370e-02	-9.6323699310e-03	6.4169250133e-05	3.7124862741e-05
3.8200000000e+02	1.4853241491e-02	-9.6965878608e-03	6.4266568985e-05	3.7129374729e-05
3.8300000000e+02	1.4890373108e-02	-9.7609029880e-03	6.4363645159e-05	3.7133852157e-05
3.8400000000e+02	1.4927509184e-02	-9.8253150706e-03	6.4460479831e-05	3.7138295375e-05
3.8500000000e+02	1.4964649687e-02	-9.8898238676e-03	6.4557074168e-05	3.7142704728e-05
3.8600000000e+02	1.5001794583e-02	-9.9544291392e-03	6.4653429331e-05	3.7147080559e-05
3.8700000000e+02	1.5038943837e-02	-1.0019130647e-02	6.4749546471e-05	3.7151423203e-05
3.8800000000e+02	1.5076097418e-02	-1.0083928153e-02	6.4845426730e-05	3.7155732994e-05
3.8900000000e+02	1.5113255292e-02	-1.0148821422e-02	6.4941071245e-05	3.7160010261e-05
3.9000000000e+02	1.5150417428e-02	-1.0213810217e-02	6.5036481142e-05	3.7164255329e-05
3.9100000000e+02	1.5187583792e-02	-1.0278894306e-02	6.5131657541e-05	3.7168468518e-05
3.9200000000e+02	1.5224754354e-02	-1.0344073455e-02	6.5226601555e-05	3.7172650146e-05
3.9300000000e+02	1.5261929082e-02	-1.0409347432e-02	6.5321314286e-05	3.7176800524e-05
3.9400000000e+02	1.5299107945e-02	-1.0474716007e-02	6.5415796833e-05	3.7180919962e-05
3.9500000000e+02	1.5336290912e-02	-1.0540178950e-02	6.5510050282e-05	3.7185008765e-05
3.9600000000e+02	1.5373477953e-02	-1.0605736032e-02	6.5604075717e-05	3.7189067235e-05
3.9700000000e+02	1.5410669036e-02	-1.0671387025e-02	6.5697874211e-05	3.7193095669e-05
3.9800000000e+02	1.5447864134e-02	-1.0737131705e-02	6.5791446831e-05	3.7197094362e-05
3.9900000000e+02	1.5485063215e-02	-1.0802969844e-02	6.5884794635e-05	3.7201063604e-05
4.0000000000e+02	1.5522266251e-02	-1.0868901219e-02	6.5977918677e-05	3.7205003682e-05
4.0100000000e+02	1.5559473213e-02	-1.0934925607e-02	6.6070820001e-05	3.7208914880e-05
4.0200000000e+02	1.5596684072e-02	-1.1001042785e-02	6.6163499645e-05	3.7212797478e-05
4.0300000000e+02	1.5633898799e-02	-1.1067252533e-02	6.6255958639e-05	3.7216651752e-05
4.0400000000e+02	1.5671117366e-02	-1.1133554629e-02	6.6348198008e-05	3.7220477978e-05
4.0500000000e+02	1.5708339745e-02	-1.1199948856e-02	6.6440218769e-05	3.7224276423e-05
4.0600000000e+02	1.5745565910e-02	-1.1266434995e-02	6.6532021931e-05	3.7228047356e-05
4.0700000000e+02	1.5782795831e-02	-1.1333012828e-02	6.6623608498e-05	3.7231791041e-05
4.0800000000e+02	1.5820029483e-02	-1.1399682140e-02	6.6714979466e-05	3.7235507737e-05
4.0900000000e+02	1.5857266838e-02	-1.1466442715e-02	6.6806135826e-05	3.7239197703e-05
4.1000000000e+02	1.5894507869e-02	-1.1533294340e-02	6.6897078559e-05	3.7242861192e-05
4.1100000000e+02	1.5931752551e-02	-1.1600236801e-02	6.6987808644e-05	3.7246498458e-05
4.1200000000e+02	1.5969000857e-02	-1.1667269887e-02	6.7078327049e-05	3.7250109747e-05
4.1300000000e+02	1.6006252762e-02	-1.1734393385e-02	6.7168634739e-05	3.7253695306e-05
4.1400000000e+02	1.6043508240e-02	-1.1801607086e-02	6.7258732671e-05	3.7257255377e-05
4.1500000000e+02	1.6080767264e-02	-1.1868910781e-02	6.7348621796e-05	3.7260790201e-05
4.1600000000e+02	1.6118029812e-02	-1.1936304261e-02	6.7438303058e-05	3.7264300014e-05
4.1700000000e+02	1.6155295856e-02	-1.2003787318e-02	6.7527777396e-05	3.7267785050e-05
4.1800000000e+02	1.6192565374e-02	-1.2071359747e-02	6.7617045742e-05	3.7271245542e-05
4.1900000000e+02	1.6229838339e-02	-1.2139021341e-02	6.7706109022e-05	3.7274681718e-05
4.2000000000e+02	1.6267114729e-02	-1.2206771897e-02	6.7794968156e-05	3.7278093805e-05
4.2100000000e+02	1.6304394519e-02	-1.2274611210e-02	6.7883624058e-05	3.7281482025e-05
4.2200000000e+02	1.6341677685e-02	-1.2342539077e-02	6.7972077636e-05	3.7284846601e-05
4.2300000000e+02	1.6378964204e-02	-1.2410555298e-02	6.8060329792e-05	3.7288187751e-05
4.2400000000e+02	1.6416254053e-02	-1.2478659670e-02	6.8148381422e-05	3.7291505690e-05
4.2500000000e+02	1.6453547208e-02	-1.2546851994e-02	6.8236233417e-05	3.7294800632e-05
4.2600000000e+02	1.6490843647e-02	-1.2615132071e-02	6.8323886660e-05	3.7298072789e-05
4.2700000000e+02	1.6528143346e-02	-1.2683499702e-02	6.8411342032e-05	3.7301322369e-05
4.2800000000e+02	1.6565446284e-02	-1.2751954689e-02	6.8498600404e-05	3.7304549578e-05
4.2900000000e+02	1.6602752438e-02	-1.2820496837e-02	6.8585662645e-05	3.7307754621e-05
4.3000000000e+02	1.6640061786e-02	-1.2889125949e-02	6.8672529617e-05	3.7310937699e-05
4.3100000000e+02	1.6677374306e-02	-1.2957841831e-02	6.8759202175e-05	3.7314099011e-05
4.3200000000e+02	1.6714689977e-02	-1.3026644289e-02	6.8845681171e-05	3.7317238754e-05
4.3300000000e+02	1.6752008776e-02	-1.3095533130e-02	6.8931967450e-05	3.7320357125e-05
4.3400000000e+02	1.6789330684e-02	-1.3164508160e-02	6.9018061852e-05	3.7323454314e-05
4.3500000000e+02	1.6826655678e-02	-1.3233569190e-02	6.9103965213e-05	3.7326530514e-05
4.3600000000e+02	1.6863983738e-02	-1.3302716027e-02	6.9189678360e-05	3.7329585912e-05
4.3700000000e+02	1.6901314843e-02	-1.3371948483e-02	6.9275202119e-05	3.7332620694e-05
4.3800000000e+02	1.6938648972e-02	-1.3441266369e-02	6.9360537308e-05	3.7335635046e-05
4.3900000000e+02	1.6975986106e-02	-1.3510669495e-02	6.9445684741e-05	3.7338629148e-05
4.4000000000e+02	1.7013326224e-02	-1.3580157676e-02	6.9530645227e-05	3.7341603182e-05
4.4100000000e+02	1.7050669306e-02	-1.3649730724e-02	6.9615419568e-05	3.7344557326e-05
4.4200000000e+02	1.7088015332e-02	-1.3719388453e-02	6.9700008564e-05	3.7347491756e-05
4.4300000000e+02	1.7125364283e-02	-1.3789130679e-02	6.9784413007e-05	3.7350406646e-05
4.4400000000e+02	1.7162716139e-02	-1.3858957218e-02	6.9868633686e-05	3.7353302168e-05
4.4500000000e+02	1.7200070881e-02	-1.3928867886e-02	6.9952671385e-05	3.7356178494e-05
4.4600000000e+02	1.7237428490e-02	-1.3998862500e-02	7.0036526882e-05	3.7359035791e-05
4.4700000000e+02	1.7274788946e-02	-1.4068940879e-02	7.0120200951e-05	3.7361874227e-05
4.4800000000e+02	1.7312152232e-02	-1.4139102842e-02	7.0203694360e-05	3.7364693967e-05
4.4900000000e+02	1.7349518328e-02	-1.4209348208e-02	7.0287007874e-05	3.7367495173e-05
4.5000000000e+02	1.7386887216e-02	-1.4279676798e-02	7.0370142253e-05	3.7370278008e-05
4.5100000000e+02	1.7424258878e-02	-1.4350088433e-02	7.0453098250e-05	3.7373042631e-05
4.5200000000e+02	1.7461633295e-02	-1.4420582935e-02	7.0535876615e-05	3.7375789199e-05
4.5300000000e+02	1.7499010450e-02	-1.4491160127e-02	7.0618478095e-05	3.7378517870e-05
4.5400000000e+02	1.7536390325e-02	-1.4561819832e-02	7.0700903431e-05	3.7381228797e-05
4.5500000000e+02	1.7573772902e-02	-1.4632561875e-02	7.0783153357e-05	3.7383922134e-05
4.5600000000e+02	1.7611158164e-02	-1.4703386081e-02	7.0865228606e-05	3.7386598032e-05
4.5700000000e+02	1.7648546092e-02	-1.4774292275e-02	7.0947129906e-05	3.7389256640e-05
4.5800000000e+02	1.7685936671e-02	-1.4845280283e-02	7.1028857978e-05	3.7391898107e-05
4.5900000000e+02	1.7723329883e-02	-1.4916349933e-02	7.1110413542e-05	3.7394522579e-05
4.6000000000e+02	1.7760725711e-02	-1.4987501053e-02	7.1191797312e-05	3.7397130202e-05
4.6100000000e+02	1.7798124138e-02	-1.5058733471e-02	7.1273009996e-05	3.7399721117e-05
4.6200000000e+02	1.7835525147e-02	-1.5130047016e-02	7.1354052302e-05	3.7402295469e-05
4.6300000000e+02	1.7872928723e-02	-1.5201441519e-02	7.1434924928e-05	3.7404853395e-05
4.6400000000e+02	1.7910334849e-02	-1.5272916809e-02	7.1515628574e-05	3.7407395037e-05
4.6500000000e+02	1.7947743508e-02	-1.5344472720e-02	7.1596163930e-05	3.7409920530e-05
4.6600000000e+02	1.7985154684e-02	-1.5416109081e-02	7.1676531687e-05	3.7412430012e-05
4.6700000000e+02	1.8022568363e-02	-1.5487825727e-02	7.1756732527e-05	3.7414923616e-05
4.6800000000e+02	1.8059984526e-02	-1.5559622491e-02	7.1836767132e-05	3.7417401477e-05
4.6900000000e+02	1.8097403160e-02	-1.5631499207e-02	7.1916636177e-05	3.7419863724e-05
4.7000000000e+02	1.8134824249e-02	-1.5703455708e-02	7.1996340335e-05	3.7422310490e-05
4.7100000000e+02	1.8172247776e-02	-1.5775491832e-02	7.2075880273e-05	3.7424741903e-05
4.7200000000e+02	1.8209673727e-02	-1.5847607415e-02	7.2155256657e-05	3.7427158091e-05
4.7300000000e+02	1.8247102087e-02	-1.5919802291e-02	7.2234470146e-05	3.7429559181e-05
4.7400000000e+02	1.8284532841e-02	-1.5992076301e-02	7.2313521396e-05	3.7431945296e-05
4.7500000000e+02	1.8321965973e-02	-1.6064429280e-02	7.2392411060e-05	3.7434316562e-05
4.7600000000e+02	1.8359401469e-02	-1.6136861069e-02	7.2471139786e-05	3.7436673100e-05
4.7700000000e+02	1.8396839314e-02	-1.6209371507e-02	7.2549708220e-05	3.7439015033e-05
4.7800000000e+02	1.8434279494e-02	-1.6281960432e-02	7.2628117002e-05	3.7441342479e-05
4.7900000000e+02	1.8471721995e-02	-1.6354627688e-02	7.2706366768e-05	3.7443655559e-05
4.8000000000e+02	1.8509166801e-02	-1.6427373113e-02	7.2784458154e-05	3.7445954389e-05
4.8100000000e+02	1.8546613899e-02	-1.6500196551e-02	7.2862391788e-05	3.7448239085e-05
4.8200000000e+02	1.8584063274e-02	-1.6573097844e-02	7.2940168296e-05	3.7450509764e-05
4.8300000000e+02	1.8621514913e-02	-1.6646076836e-02	7.3017788301e-05	3.7452766539e-05
4.8400000000e+02	1.8658968803e-02	-1.6719133369e-02	7.3095252421e-05	3.7455009523e-05
4.8500000000e+02	1.8696424928e-02	-1.6792267289e-02	7.3172561272e-05	3.7457238828e-05
4.8600000000e+02	1.8733883276e-02	-1.6865478440e-02	7.3249715465e-05	3.7459454564e-05
4.8700000000e+02	1.8771343833e-02	-1.6938766668e-02	7.3326715608e-05	3.7461656842e-05
4.8800000000e+02	1.8808806585e-02	-1.7012131820e-02	7.3403562306e-05	3.7463845768e-05
4.8900000000e+02	1.8846271520e-02	-1.7085573742e-02	7.3480256159e-05	3.7466021452e-05
4.9000000000e+02	1.8883738624e-02	-1.7159092282e-02	7.3556797766e-05	3.7468183998e-05
4.9100000000e+02	1.8921207883e-02	-1.7232687287e-02	7.3633187720e-05	3.7470333513e-05
4.9200000000e+02	1.8958679286e-02	-1.7306358607e-02	7.3709426612e-05	3.7472470100e-05
4.9300000000e+02	1.8996152819e-02	-1.7380106090e-02	7.3785515029e-05	3.7474593863e-05
4.9400000000e+02	1.9033628470e-02	-1.7453929587e-02	7.3861453556e-05	3.7476704903e-05
4.9500000000e+02	1.9071106225e-02	-1.7527828947e-02	7.3937242772e-05	3.7478803322e-05
4.9600000000e+02	1.9108586072e-02	-1.7601804023e-02	7.4012883256e-05	3.7480889220e-05
4.9700000000e+02	1.9146067999e-02	-1.7675854665e-02	7.4088375581e-05	3.7482962695e-05
4.9800000000e+02	1.9183551993e-02	-1.7749980725e-02	7.4163720318e-05	3.7485023847e-05
4.9900000000e+02	1.9221038043e-02	-1.7824182056e-02	7.4238918034e-05	3.7487072772e-05
5.0000000000e+02	1.9258526135e-02	-1.7898458512e-02	7.4313969294e-05	3.7489109566e-05
5.0100000000e+02	1.9296016258e-02	-1.7972809946e-02	7.4388874659e-05	3.7491134325e-05
5.0200000000e+02	1.9333508400e-02	-1.8047236213e-02	7.4463634686e-05	3.7493147143e-05
5.0300000000e+02	1.9371002548e-02	-1.8121737167e-02	7.4538249931e-05	3.7495148113e-05
5.0400000000e+02	1.9408498692e-02	-1.8196312665e-02	7.4612720946e-05	3.7497137328e-05
5.0500000000e+02	1.9445996819e-02	-1.8270962561e-02	7.4687048278e-05	3.7499114880e-05
5.0600000000e+02	1.9483496918e-02	-1.8345686714e-02	7.4761232473e-05	3.7501080859e-05
5.0700000000e+02	1.9520998977e-02	-1.8420484979e-02	7.4835274074e-05	3.7503035356e-05
5.0800000000e+02	1.9558502985e-02	-1.8495357214e-02	7.4909173620e-05	3.7504978458e-05
5.0900000000e+02	1.9596008930e-02	-1.8570303279e-02	7.4982931648e-05	3.7506910255e-05
5.1000000000e+02	1.9633516802e-02	-1.8645323031e-02	7.5056548691e-05	3.7508830833e-05
5.1100000000e+02	1.9671026588e-02	-1.8720416329e-02	7.5130025278e-05	3.7510740279e-05
5.1200000000e+02	1.9708538278e-02	-1.8795583035e-02	7.5203361939e-05	3.7512638679e-05
5.1300000000e+02	1.9746051862e-02	-1.8870823007e-02	7.5276559198e-05	3.7514526117e-05
5.1400000000e+02	1.9783567327e-02	-1.8946136107e-02	7.5349617575e-05	3.7516402677e-05
5.1500000000e+02	1.9821084663e-02	-1.9021522196e-02	7.5422537591e-05	3.7518268443e-05
5.1600000000e+02	1.9858603860e-02	-1.9096981136e-02	7.5495319760e-05	3.7520123497e-05
5.1700000000e+02	1.9896124907e-02	-1.9172512789e-02	7.5567964597e-05	3.7521967920e-05
5.1800000000e+02	1.9933647793e-02	-1.9248117019e-02	7.5640472610e-05	3.7523801793e-05
5.1900000000e+02	1.9971172507e-02	-1.9323793689e-02	7.5712844309e-05	3.7525625197e-05
5.2000000000e+02	2.0008699040e-02	-1.9399542663e-02	7.5785080197e-05	3.7527438211e-05
5.2100000000e+02	2.0046227380e-02	-1.9475363805e-02	7.5857180776e-05	3.7529240913e-05
5.2200000000e+02	2.0083757518e-02	-1.9551256979e-02	7.5929146547e-05	3.7531033381e-05
5.2300000000e+02	2.0121289443e-02	-1.9627222053e-02	7.6000978004e-05	3.7532815693e-05
5.2400000000e+02	2.0158823146e-02	-1.9703258891e-02	7.6072675643e-05	3.7534587923e-05
5.2500000000e+02	2.0196358616e-02	-1.9779367360e-02	7.6144239954e-05	3.7536350150e-05
5.2600000000e+02	2.0233895843e-02	-1.9855547326e-02	7.6215671425e-05	3.7538102446e-05
5.2700000000e+02	2.0271434818e-02	-1.9931798658e-02	7.6286970543e-05	3.7539844887e-05
5.2800000000e+02	2.0308975530e-02	-2.0008121224e-02	7.6358137790e-05	3.7541577545e-05
5.2900000000e+02	2.0346517969e-02	-2.0084514890e-02	7.6429173648e-05	3.7543300495e-05
5.3000000000e+02	2.0384062127e-02	-2.0160979527e-02	7.6500078593e-05	3.7545013808e-05
5.3100000000e+02	2.0421607994e-02	-2.0237515004e-02	7.6570853103e-05	3.7546717555e-05
5.3200000000e+02	2.0459155559e-02	-2.0314121190e-02	7.6641497649e-05	3.7548411808e-05
5.3300000000e+02	2.0496704814e-02	-2.0390797956e-02	7.6712012702e-05	3.7550096637e-05
5.3400000000e+02	2.0534255749e-02	-2.0467545172e-02	7.6782398730e-05	3.7551772110e-05
5.3500000000e+02	2.0571808355e-02	-2.0544362711e-02	7.6852656198e-05	3.7553438299e-05
5.3600000000e+02	2.0609362623e-02	-2.0621250442e-02	7.6922785569e-05	3.7555095269e-05
5.3700000000e+02	2.0646918543e-02	-2.0698208239e-02	7.6992787304e-05	3.7556743090e-05
5.3800000000e+02	2.0684476106e-02	-2.0775235974e-02	7.7062661860e-05	3.7558381828e-05
5.3900000000e+02	2.0722035304e-02	-2.0852333521e-02	7.7132409693e-05	3.7560011550e-05
5.4000000000e+02	2.0759596126e-02	-2.0929500752e-02	7.7202031255e-05	3.7561632322e-05
5.4100000000e+02	2.0797158565e-02	-2.1006737541e-02	7.7271526999e-05	3.7563244208e-05
5.4200000000e+02	2.0834722612e-02	-2.1084043764e-02	7.7340897372e-05	3.7564847274e-05
5.4300000000e+02	2.0872288257e-02	-2.1161419294e-02	7.7410142820e-05	3.7566441583e-05
5.4400000000e+02	2.0909855492e-02	-2.1238864008e-02	7.7479263787e-05	3.7568027199e-05
5.4500000000e+02	2.0947424308e-02	-2.1316377781e-02	7.7548260714e-05	3.7569604186e-05
5.4600000000e+02	2.0984994697e-02	-2.1393960488e-02	7.7617134040e-05	3.7571172604e-05
5.4700000000e+02	2.1022566651e-02	-2.1471612008e-02	7.7685884202e-05	3.7572732517e-05
5.4800000000e+02	2.1060140160e-02	-2.1549332216e-02	7.7754511634e-05	3.7574283985e-05
5.4900000000e+02	2.1097715216e-02	-2.1627120990e-02	7.7823016769e-05	3.7575827069e-05
5.5000000000e+02	2.1135291811e-02	-2.1704978209e-02	7.7891400036e-05	3.7577361829e-05
5.5100000000e+02	2.1172869937e-02	-2.1782903750e-02	7.7959661863e-05	3.7578888325e-05
5.5200000000e+02	2.1210449585e-02	-2.1860897492e-02	7.8027802676e-05	3.7580406616e-05
5.5300000000e+02	2.1248030747e-02	-2.1938959315e-02	7.8095822897e-05	3.7581916760e-05
5.5400000000e+02	2.1285613416e-02	-2.2017089098e-02	7.8163722949e-05	3.7583418815e-05
5.5500000000e+02	2.1323197582e-02	-2.2095286721e-02	7.8231503249e-05	3.7584912840e-05
5.5600000000e+02	2.1360783239e-02	-2.2173552065e-02	7.8299164215e-05	3.7586398890e-05
5.5700000000e+02	2.1398370377e-02	-2.2251885010e-02	7.8366706261e-05	3.7587877023e-05
5.5800000000e+02	2.1435958990e-02	-2.2330285438e-02	7.8434129799e-05	3.7589347295e-05
5.5900000000e+02	2.1473549069e-02	-2.2408753230e-02	7.8501435240e-05	3.7590809760e-05
5.6000000000e+02	2.1511140607e-02	-2.2487288269e-02	7.8568622993e-05	3.7592264474e-05
5.6100000000e+02	2.1548733596e-02	-2.2565890437e-02	7.8635693463e-05	3.7593711492e-05
5.6200000000e+02	2.1586328028e-02	-2.2644559617e-02	7.8702647054e-05	3.7595150867e-05
5.6300000000e+02	2.1623923895e-02	-2.2723295692e-02	7.8769484169e-05	3.7596582654e-05
5.6400000000e+02	2.1661521190e-02	-2.2802098546e-02	7.8836205207e-05	3.7598006905e-05
5.6500000000e+02	2.1699119906e-02	-2.2880968064e-02	7.8902810567e-05	3.7599423673e-05
5.6600000000e+02	2.1736720035e-02	-2.2959904129e-02	7.8969300644e-05	3.7600833010e-05
5.6700000000e+02	2.1774321570e-02	-2.3038906627e-02	7.9035675832e-05	3.7602234968e-05
5.6800000000e+02	2.1811924503e-02	-2.3117975443e-02	7.9101936524e-05	3.7603629598e-05
5.6900000000e+02	2.1849528827e-02	-2.3197110462e-02	7.9168083108e-05	3.7605016951e-05
5.7000000000e+02	2.1887134534e-02	-2.3276311571e-02	7.9234115974e-05	3.7606397078e-05
5.7100000000e+02	2.1924741618e-02	-2.3355578656e-02	7.9300035507e-05	3.7607770028e-05
5.7200000000e+02	2.1962350072e-02	-2.3434911604e-02	7.9365842091e-05	3.7609135851e-05
5.7300000000e+02	2.1999959888e-02	-2.3514310303e-02	7.9431536109e-05	3.7610494597e-05
5.7400000000e+02	2.2037571059e-02	-2.3593774639e-02	7.9497117941e-05	3.7611846313e-05
5.7500000000e+02	2.2075183578e-02	-2.3673304501e-02	7.9562587964e-05	3.7613191048e-05
5.7600000000e+02	2.2112797439e-02	-2.3752899778e-02	7.9627946556e-05	3.7614528850e-05
5.7700000000e+02	2.2150412633e-02	-2.3832560357e-02	7.9693194092e-05	3.7615859767e-05
5.7800000000e+02	2.2188029156e-02	-2.3912286129e-02	7.9758330943e-05	3.7617183846e-05
5.7900000000e+02	2.2225646999e-02	-2.3992076983e-02	7.9823357481e-05	3.7618501132e-05
5.8000000000e+02	2.2263266156e-02	-2.4071932808e-02	7.9888274075e-05	3.7619811673e-05
5.8100000000e+02	2.2300886620e-02	-2.4151853494e-02	7.9953081092e-05	3.7621115515e-05
5.8200000000e+02	2.2338508385e-02	-2.4231838933e-02	8.0017778897e-05	3.7622412702e-05
5.8300000000e+02	2.2376131443e-02	-2.4311889016e-02	8.0082367854e-05	3.7623703280e-05
5.8400000000e+02	2.2413755789e-02	-2.4392003633e-02	8.0146848325e-05	3.7624987294e-05
5.8500000000e+02	2.2451381416e-02	-2.4472182676e-02	8.0211220670e-05	3.7626264787e-05
5.8600000000e+02	2.2489008316e-02	-2.4552426038e-02	8.0275485247e-05	3.7627535805e-05
5.8700000000e+02	2.2526636485e-02	-2.4632733611e-02	8.0339642412e-05	3.7628800390e-05
5.8800000000e+02	2.2564265915e-02	-2.4713105287e-02	8.0403692521e-05	3.7630058586e-05
5.8900000000e+02	2.2601896600e-02	-2.4793540960e-02	8.0467635926e-05	3.7631310436e-05
5.9000000000e+02	2.2639528534e-02	-2.4874040524e-02	8.0531472979e-05	3.7632555982e-05
5.9100000000e+02	2.2677161710e-02	-2.4954603871e-02	8.0595204029e-05	3.7633795266e-05
5.9200000000e+02	2.2714796122e-02	-2.5035230897e-02	8.0658829424e-05	3.7635028330e-05
5.9300000000e+02	2.2752431765e-02	-2.5115921495e-02	8.0722349510e-05	3.7636255216e-05
5.9400000000e+02	2.2790068631e-02	-2.5196675561e-02	8.0785764632e-05	3.7637475964e-05
5.9500000000e+02	2.2827706715e-02	-2.5277492989e-02	8.0849075132e-05	3.7638690616e-05
5.9600000000e+02	2.2865346010e-02	-2.5358373676e-02	8.0912281353e-05	3.7639899212e-05
5.9700000000e+02	2.2902986511e-02	-2.5439317517e-02	8.0975383632e-05	3.7641101792e-05
5.9800000000e+02	2.2940628212e-02	-2.5520324409e-02	8.1038382308e-05	3.7642298396e-05
5.9900000000e+02	2.2978271106e-02	-2.5601394248e-02	8.1101277718e-05	3.7643489063e-05
6.0000000000e+02	2.3015915188e-02	-2.5682526930e-02	8.1164070196e-05	3.7644673833e-05
6.0100000000e+02	2.3053560451e-02	-2.5763722354e-02	8.1226760075e-05	3.7645852743e-05
6.0200000000e+02	2.3091206891e-02	-2.5844980416e-02	8.1289347687e-05	3.7647025834e-05
6.0300000000e+02	2.3128854501e-02	-2.5926301015e-02	8.1351833360e-05	3.7648193142e-05
6.0400000000e+02	2.3166503276e-02	-2.6007684049e-02	8.1414217425e-05	3.7649354705e-05
6.0500000000e+02	2.3204153209e-02	-2.6089129416e-02	8.1476500206e-05	3.7650510562e-05
6.0600000000e+02	2.3241804295e-02	-2.6170637016e-02	8.1538682031e-05	3.7651660750e-05
6.0700000000e+02	2.3279456528e-02	-2.6252206747e-02	8.1600763221e-05	3.7652805305e-05
6.0800000000e+02	2.3317109904e-02	-2.6333838509e-02	8.1662744099e-05	3.7653944264e-05
6.0900000000e+02	2.3354764415e-02	-2.6415532202e-02	8.1724624986e-05	3.7655077663e-05
6.1000000000e+02	2.3392420057e-02	-2.6497287725e-02	8.1786406201e-05	3.7656205539e-05
6.1100000000e+02	2.3430076824e-02	-2.6579104981e-02	8.1848088061e-05	3.7657327927e-05
6.1200000000e+02	2.3467734711e-02	-2.6660983869e-02	8.1909670882e-05	3.7658444863e-05
6.1300000000e+02	2.3505393712e-02	-2.6742924290e-02	8.1971154979e-05	3.7659556381e-05
6.1400000000e+02	2.3543053822e-02	-2.6824926146e-02	8.2032540664e-05	3.7660662518e-05
6.1500000000e+02	2.3580715035e-02	-2.6906989338e-02	8.2093828250e-05	3.7661763306e-05
6.1600000000e+02	2.3618377347e-02	-2.6989113770e-02	8.2155018046e-05	3.7662858782e-05
6.1700000000e+02	2.3656040751e-02	-2.7071299342e-02	8.2216110362e-05	3.7663948978e-05
6.1800000000e+02	2.3693705243e-02	-2.7153545958e-02	8.2277105503e-05	3.7665033929e-05
6.1900000000e+02	2.3731370817e-02	-2.7235853521e-02	8.2338003777e-05	3.7666113668e-05
6.2000000000e+02	2.3769037469e-02	-2.7318221933e-02	8.2398805487e-05	3.7667188228e-05
6.2100000000e+02	2.3806705192e-02	-2.7400651100e-02	8.2459510937e-05	3.7668257643e-05
6.2200000000e+02	2.3844373982e-02	-2.7483140923e-02	8.2520120427e-05	3.7669321945e-05
6.2300000000e+02	2.3882043834e-02	-2.7565691309e-02	8.2580634258e-05	3.7670381167e-05
6.2400000000e+02	2.3919714743e-02	-2.7648302160e-02	8.2641052729e-05	3.7671435340e-05
6.2500000000e+02	2.3957386703e-02	-2.7730973382e-02	8.2701376137e-05	3.7672484497e-05
6.2600000000e+02	2.3995059710e-02	-2.7813704881e-02	8.2761604778e-05	3.7673528670e-05
6.2700000000e+02	2.4032733759e-02	-2.7896496560e-02	8.2821738946e-05	3.7674567889e-05
6.2800000000e+02	2.4070408844e-02	-2.7979348327e-02	8.2881778936e-05	3.7675602187e-05
6.2900000000e+02	2.4108084962e-02	-2.8062260087e-02	8.2941725038e-05	3.7676631594e-05
6.3000000000e+02	2.4145762106e-02	-2.8145231746e-02	8.3001577543e-05	3.7677656140e-05
6.3100000000e+02	2.4183440272e-02	-2.8228263211e-02	8.3061336741e-05	3.7678675857e-05
6.3200000000e+02	2.4221119456e-02	-2.8311354388e-02	8.3121002919e-05	3.7679690775e-05
6.3300000000e+02	2.4258799652e-02	-2.8394505186e-02	8.3180576364e-05	3.7680700923e-05
6.3400000000e+02	2.4296480856e-02	-2.8477715510e-02	8.3240057361e-05	3.7681706332e-05
6.3500000000e+02	2.4334163063e-02	-2.8560985270e-02	8.3299446194e-05	3.7682707031e-05
6.3600000000e+02	2.4371846269e-02	-2.8644314372e-02	8.3358743146e-05	3.7683703048e-05
6.3700000000e+02	2.4409530468e-02	-2.8727702726e-02	8.3417948499e-05	3.7684694415e-05
6.3800000000e+02	2.4447215656e-02	-2.8811150239e-02	8.3477062531e-05	3.7685681158e-05
6.3900000000e+02	2.4484901829e-02	-2.8894656820e-02	8.3536085523e-05	3.7686663307e-05
6.4000000000e+02	2.4522588981e-02	-2.8978222379e-02	8.3595017751e-05	3.7687640891e-05
6.4100000000e+02	2.4560277109e-02	-2.9061846826e-02	8.3653859493e-05	3.7688613937e-05
6.4200000000e+02	2.4597966208e-02	-2.9145530068e-02	8.3712611022e-05	3.7689582474e-05
6.4300000000e+02	2.4635656273e-02	-2.9229272018e-02	8.3771272613e-05	3.7690546528e-05
6.4400000000e+02	2.4673347299e-02	-2.9313072584e-02	8.3829844539e-05	3.7691506129e-05
6.4500000000e+02	2.4711039283e-02	-2.9396931677e-02	8.3888327070e-05	3.7692461303e-05
6.4600000000e+02	2.4748732220e-02	-2.9480849208e-02	8.3946720478e-05	3.7693412077e-05
6.4700000000e+02	2.4786426106e-02	-2.9564825088e-02	8.4005025030e-05	3.7694358478e-05
6.4800000000e+02	2.4824120936e-02	-2.9648859229e-02	8.4063240995e-05	3.7695300533e-05
6.4900000000e+02	2.4861816706e-02	-2.9732951541e-02	8.4121368639e-05	3.7696238269e-05
6.5000000000e+02	2.4899513411e-02	-2.9817101937e-02	8.4179408227e-05	3.7697171711e-05
6.5100000000e+02	2.4937211048e-02	-2.9901310328e-02	8.4237360024e-05	3.7698100886e-05
6.5200000000e+02	2.4974909611e-02	-2.9985576628e-02	8.4295224293e-05	3.7699025820e-05
6.5300000000e+02	2.5012609098e-02	-3.0069900748e-02	8.4353001295e-05	3.7699946539e-05
6.5400000000e+02	2.5050309503e-02	-3.0154282601e-02	8.4410691291e-05	3.7700863067e-05
6.5500000000e+02	2.5088010823e-02	-3.0238722101e-02	8.4468294540e-05	3.7701775432e-05
6.5600000000e+02	2.5125713052e-02	-3.0323219161e-02	8.4525811302e-05	3.7702683656e-05
6.5700000000e+02	2.5163416189e-02	-3.0407773695e-02	8.4583241832e-05	3.7703587766e-05
6.5800000000e+02	2.5201120227e-02	-3.0492385616e-02	8.4640586388e-05	3.7704487787e-05
6.5900000000e+02	2.5238825163e-02	-3.0577054839e-02	8.4697845223e-05	3.7705383742e-05
6.6000000000e+02	2.5276530993e-02	-3.0661781278e-02	8.4755018593e-05	3.7706275657e-05
6.6100000000e+02	2.5314237713e-02	-3.0746564848e-02	8.4812106749e-05	3.7707163555e-05
6.6200000000e+02	2.5351945319e-02	-3.0831405463e-02	8.4869109943e-05	3.7708047460e-05
6.6300000000e+02	2.5389653806e-02	-3.0916303040e-02	8.4926028425e-05	3.7708927397e-05
6.6400000000e+02	2.5427363172e-02	-3.1001257492e-02	8.4982862446e-05	3.7709803389e-05
6.6500000000e+02	2.5465073412e-02	-3.1086268737e-02	8.5039612253e-05	3.7710675460e-05
6.6600000000e+02	2.5502784522e-02	-3.1171336689e-02	8.5096278094e-05	3.7711543632e-05
6.6700000000e+02	2.5540496498e-02	-3.1256461265e-02	8.5152860214e-05	3.7712407930e-05
6.6800000000e+02	2.5578209336e-02	-3.1341642381e-02	8.5209358859e-05	3.7713268376e-05
6.6900000000e+02	2.5615923033e-02	-3.1426879955e-02	8.5265774272e-05	3.7714124992e-05
6.7000000000e+02	2.5653637585e-02	-3.1512173902e-02	8.5322106697e-05	3.7714977802e-05
6.7100000000e+02	2.5691352988e-02	-3.1597524141e-02	8.5378356376e-05	3.7715826828e-05
6.7200000000e+02	2.5729069237e-02	-3.1682930587e-02	8.5434523549e-05	3.7716672092e-05
6.7300000000e+02	2.5766786331e-02	-3.1768393160e-02	8.5490608456e-05	3.7717513617e-05
6.7400000000e+02	2.5804504263e-02	-3.1853911777e-02	8.5546611336e-05	3.7718351424e-05
6.7500000000e+02	2.5842223032e-02	-3.1939486356e-02	8.5602532426e-05	3.7719185535e-05
6.7600000000e+02	2.5879942633e-02	-3.2025116815e-02	8.5658371964e-05	3.7720015973e-05
6.7700000000e+02	2.5917663063e-02	-3.2110803073e-02	8.5714130185e-05	3.7720842758e-05
6.7800000000e+02	2.5955384318e-02	-3.2196545048e-02	8.5769807324e-05	3.7721665911e-05
6.7900000000e+02	2.5993106393e-02	-3.2282342660e-02	8.5825403614e-05	3.7722485455e-05
6.8000000000e+02	2.6030829287e-02	-3.2368195828e-02	8.5880919288e-05	3.7723301410e-05
6.8100000000e+02	2.6068552995e-02	-3.2454104472e-02	8.5936354577e-05	3.7724113796e-05
6.8200000000e+02	2.6106277514e-02	-3.2540068511e-02	8.5991709713e-05	3.7724922635e-05
6.8300000000e+02	2.6144002839e-02	-3.2626087865e-02	8.6046984925e-05	3.7725727948e-05
6.8400000000e+02	2.6181728968e-02	-3.2712162454e-02	8.6102180442e-05	3.7726529754e-05
6.8500000000e+02	2.6219455898e-02	-3.2798292199e-02	8.6157296492e-05	3.7727328074e-05
6.8600000000e+02	2.6257183623e-02	-3.2884477021e-02	8.6212333300e-05	3.7728122929e-05
6.8700000000e+02	2.6294912142e-02	-3.2970716839e-02	8.6267291094e-05	3.7728914337e-05
6.8800000000e+02	2.6332641451e-02	-3.3057011577e-02	8.6322170098e-05	3.7729702320e-05
6.8900000000e+02	2.6370371546e-02	-3.3143361153e-02	8.6376970536e-05	3.7730486896e-05
6.9000000000e+02	2.6408102424e-02	-3.3229765492e-02	8.6431692631e-05	3.7731268085e-05
6.9100000000e+02	2.6445834081e-02	-3.3316224513e-02	8.6486336604e-05	3.7732045907e-05
6.9200000000e+02	2.6483566514e-02	-3.3402738139e-02	8.6540902678e-05	3.7732820382e-05
6.9300000000e+02	2.6521299720e-02	-3.3489306292e-02	8.6595391072e-05	3.7733591527e-05
6.9400000000e+02	2.6559033696e-02	-3.3575928895e-02	8.6649802005e-05	3.7734359362e-05
6.9500000000e+02	2.6596768438e-02	-3.3662605870e-02	8.6704135696e-05	3.7735123907e-05
6.9600000000e+02	2.6634503943e-02	-3.3749337141e-02	8.6758392362e-05	3.7735885179e-05
6.9700000000e+02	2.6672240207e-02	-3.3836122630e-02	8.6812572219e-05	3.7736643198e-05
6.9800000000e+02	2.6709977228e-02	-3.3922962260e-02	8.6866675484e-05	3.7737397982e-05
6.9900000000e+02	2.6747715002e-02	-3.4009855955e-02	8.6920702371e-05	3.7738149549e-05
7.0000000000e+02	2.6785453526e-02	-3.4096803639e-02	8.6974653093e-05	3.7738897917e-05
7.0100000000e+02	2.6823192797e-02	-3.4183805236e-02	8.7028527864e-05	3.7739643105e-05
7.0200000000e+02	2.6860932811e-02	-3.4270860670e-02	8.7082326896e-05	3.7740385131e-05
7.0300000000e+02	2.6898673566e-02	-3.4357969864e-02	8.7136050399e-05	3.7741124012e-05
7.0400000000e+02	2.6936415058e-02	-3.4445132745e-02	8.7189698585e-05	3.7741859766e-05
7.0500000000e+02	2.6974157285e-02	-3.4532349237e-02	8.7243271662e-05	3.7742592411e-05
7.0600000000e+02	2.7011900242e-02	-3.4619619264e-02	8.7296769838e-05	3.7743321964e-05
7.0700000000e+02	2.7049643928e-02	-3.4706942751e-02	8.7350193323e-05	3.7744048443e-05
7.0800000000e+02	2.7087388338e-02	-3.4794319625e-02	8.7403542321e-05	3.7744771864e-05
7.0900000000e+02	2.7125133470e-02	-3.4881749811e-02	8.7456817040e-05	3.7745492245e-05
7.1000000000e+02	2.7162879322e-02	-3.4969233235e-02	8.7510017685e-05	3.7746209603e-05
7.1100000000e+02	2.7200625889e-02	-3.5056769822e-02	8.7563144459e-05	3.7746923954e-05
7.1200000000e+02	2.7238373168e-02	-3.5144359499e-02	8.7616197567e-05	3.7747635317e-05
7.1300000000e+02	2.7276121158e-02	-3.5232002193e-02	8.7669177210e-05	3.7748343706e-05
7.1400000000e+02	2.7313869855e-02	-3.5319697829e-02	8.7722083591e-05	3.7749049138e-05
7.1500000000e+02	2.7351619256e-02	-3.5407446336e-02	8.7774916911e-05	3.7749751631e-05
7.1600000000e+02	2.7389369357e-02	-3.5495247639e-02	8.7827677369e-05	3.7750451200e-05
7.1700000000e+02	2.7427120157e-02	-3.5583101666e-02	8.7880365165e-05	3.7751147862e-05
7.1800000000e+02	2.7464871652e-02	-3.5671008345e-02	8.7932980497e-05	3.7751841632e-05
7.1900000000e+02	2.7502623839e-02	-3.5758967603e-02	8.7985523564e-05	3.7752532526e-05
7.2000000000e+02	2.7540376716e-02	-3.5846979368e-02	8.8037994561e-05	3.7753220561e-05
7.2100000000e+02	2.7578130279e-02	-3.5935043568e-02	8.8090393686e-05	3.7753905752e-05
7.2200000000e+02	2.7615884527e-02	-3.6023160131e-02	8.8142721133e-05	3.7754588115e-05
7.2300000000e+02	2.7653639455e-02	-3.6111328987e-02	8.8194977097e-05	3.7755267665e-05
7.2400000000e+02	2.7691395061e-02	-3.6199550062e-02	8.8247161772e-05	3.7755944417e-05
7.2500000000e+02	2.7729151343e-02	-3.6287823286e-02	8.8299275350e-05	3.7756618388e-05
7.2600000000e+02	2.7766908297e-02	-3.6376148589e-02	8.8351318025e-05	3.7757289591e-05
7.2700000000e+02	2.7804665921e-02	-3.6464525899e-02	8.8403289986e-05	3.7757958043e-05
7.2800000000e+02	2.7842424212e-02	-3.6552955145e-02	8.8455191425e-05	3.7758623758e-05
7.2900000000e+02	2.7880183167e-02	-3.6641436258e-02	8.8507022532e-05	3.7759286751e-05
7.3000000000e+02	2.7917942785e-02	-3.6729969167e-02	8.8558783496e-05	3.7759947037e-05
7.3100000000e+02	2.7955703061e-02	-3.6818553802e-02	8.8610474504e-05	3.7760604631e-05
7.3200000000e+02	2.7993463993e-02	-3.6907190093e-02	8.8662095746e-05	3.7761259547e-05
7.3300000000e+02	2.8031225579e-02	-3.6995877970e-02	8.8713647407e-05	3.7761911800e-05
7.3400000000e+02	2.8068987816e-02	-3.7084617365e-02	8.8765129673e-05	3.7762561404e-05
7.3500000000e+02	2.8106750701e-02	-3.7173408207e-02	8.8816542731e-05	3.7763208373e-05
7.3600000000e+02	2.8144514232e-02	-3.7262250427e-02	8.8867886764e-05	3.7763852722e-05
7.3700000000e+02	2.8182278405e-02	-3.7351143957e-02	8.8919161957e-05	3.7764494465e-05
7.3800000000e+02	2.8220043220e-02	-3.7440088728e-02	8.8970368493e-05	3.7765133616e-05
7.3900000000e+02	2.8257808672e-02	-3.7529084671e-02	8.9021506553e-05	3.7765770188e-05
7.4000000000e+02	2.8295574759e-02	-3.7618131718e-02	8.9072576321e-05	3.7766404196e-05
7.4100000000e+02	2.8333341479e-02	-3.7707229801e-02	8.9123577976e-05	3.7767035653e-05
7.4200000000e+02	2.8371108830e-02	-3.7796378852e-02	8.9174511700e-05	3.7767664573e-05
7.4300000000e+02	2.8408876808e-02	-3.7885578802e-02	8.9225377671e-05	3.7768290969e-05
7.4400000000e+02	2.8446645411e-02	-3.7974829585e-02	8.9276176069e-05	3.7768914856e-05
7.4500000000e+02	2.8484414636e-02	-3.8064131132e-02	8.9326907071e-05	3.7769536245e-05
7.4600000000e+02	2.8522184482e-02	-3.8153483376e-02	8.9377570856e-05	3.7770155151e-05
7.4700000000e+02	2.8559954946e-02	-3.8242886251e-02	8.9428167600e-05	3.7770771587e-05
7.4800000000e+02	2.8597726025e-02	-3.8332339689e-02	8.9478697478e-05	3.7771385566e-05
7.4900000000e+02	2.8635497716e-02	-3.8421843624e-02	8.9529160668e-05	3.7771997101e-05
7.5000000000e+02	2.8673270018e-02	-3.8511397988e-02	8.9579557342e-05	3.7772606205e-05
7.5100000000e+02	2.8711042928e-02	-3.8601002716e-02	8.9629887675e-05	3.7773212890e-05
7.5200000000e+02	2.8748816443e-02	-3.8690657742e-02	8.9680151841e-05	3.7773817170e-05
7.5300000000e+02	2.8786590561e-02	-3.8780362998e-02	8.9730350013e-05	3.7774419057e-05
7.5400000000e+02	2.8824365280e-02	-3.8870118420e-02	8.9780482361e-05	3.7775018564e-05
7.5500000000e+02	2.8862140598e-02	-3.8959923941e-02	8.9830549058e-05	3.7775615703e-05
7.5600000000e+02	2.8899916511e-02	-3.9049779496e-02	8.9880550274e-05	3.7776210487e-05
7.5700000000e+02	2.8937693018e-02	-3.9139685020e-02	8.9930486179e-05	3.7776802927e-05
7.5800000000e+02	2.8975470116e-02	-3.9229640447e-02	8.9980356943e-05	3.7777393038e-05
7.5900000000e+02	2.9013247803e-02	-3.9319645712e-02	9.0030162734e-05	3.7777980829e-05
7.6000000000e+02	2.9051026077e-02	-3.9409700750e-02	9.0079903720e-05	3.7778566315e-05
7.6100000000e+02	2.9088804935e-02	-3.9499805498e-02	9.0129580070e-05	3.7779149506e-05
7.6200000000e+02	2.9126584375e-02	-3.9589959889e-02	9.0179191948e-05	3.7779730414e-05
7.6300000000e+02	2.9164364395e-02	-3.9680163860e-02	9.0228739522e-05	3.7780309052e-05
7.6400000000e+02	2.9202144993e-02	-3.9770417347e-02	9.0278222957e-05	3.7780885432e-05
7.6500000000e+02	2.9239926165e-02	-3.9860720285e-02	9.0327642418e-05	3.7781459564e-05
7.6600000000e+02	2.9277707911e-02	-3.9951072610e-02	9.0376998070e-05	3.7782031461e-05
7.6700000000e+02	2.9315490227e-02	-4.0041474260e-02	9.0426290075e-05	3.7782601135e-05
7.6800000000e+02	2.9353273113e-02	-4.0131925169e-02	9.0475518596e-05	3.7783168596e-05
7.6900000000e+02	2.9391056564e-02	-4.0222425276e-02	9.0524683797e-05	3.7783733856e-05
7.7000000000e+02	2.9428840580e-02	-4.0312974516e-02	9.0573785838e-05	3.7784296927e-05
7.7100000000e+02	2.9466625157e-02	-4.0403572827e-02	9.0622824881e-05	3.7784857820e-05
7.7200000000e+02	2.9504410294e-02	-4.0494220145e-02	9.0671801087e-05	3.7785416546e-05
7.7300000000e+02	2.9542195989e-02	-4.0584916408e-02	9.0720714615e-05	3.7785973116e-05
7.7400000000e+02	2.9579982240e-02	-4.0675661553e-02	9.0769565624e-05	3.7786527541e-05
7.7500000000e+02	2.9617769044e-02	-4.0766455518e-02	9.0818354274e-05	3.7787079832e-05
7.7600000000e+02	2.9655556399e-02	-4.0857298241e-02	9.0867080721e-05	3.7787630000e-05
7.7700000000e+02	2.9693344303e-02	-4.0948189659e-02	9.0915745125e-05	3.7788178057e-05
7.7800000000e+02	2.9731132754e-02	-4.1039129711e-02	9.0964347641e-05	3.7788724012e-05
7.7900000000e+02	2.9768921750e-02	-4.1130118334e-02	9.1012888426e-05	3.7789267877e-05
7.8000000000e+02	2.9806711289e-02	-4.1221155467e-02	9.1061367636e-05	3.7789809661e-05
7.8100000000e+02	2.9844501369e-02	-4.1312241049e-02	9.1109785426e-05	3.7790349377e-05
7.8200000000e+02	2.9882291987e-02	-4.1403375017e-02	9.1158141950e-05	3.7790887033e-05
7.8300000000e+02	2.9920083142e-02	-4.1494557312e-02	9.1206437362e-05	3.7791422642e-05
7.8400000000e+02	2.9957874832e-02	-4.1585787872e-02	9.1254671816e-05	3.7791956212e-05
7.8500000000e+02	2.9995667054e-02	-4.1677066635e-02	9.1302845464e-05	3.7792487755e-05
7.8600000000e+02	3.0033459807e-02	-4.1768393542e-02	9.1350958460e-05	3.7793017280e-05
7.8700000000e+02	3.0071253088e-02	-4.1859768532e-02	9.1399010953e-05	3.7793544798e-05
7.8800000000e+02	3.0109046896e-02	-4.1951191544e-02	9.1447003096e-05	3.7794070319e-05
7.8900000000e+02	3.0146841228e-02	-4.2042662518e-02	9.1494935040e-05	3.7794593853e-05
7.9000000000e+02	3.0184636083e-02	-4.2134181394e-02	9.1542806933e-05	3.7795115410e-05
7.9100000000e+02	3.0222431458e-02	-4.2225748112e-02	9.1590618926e-05	3.7795635000e-05
7.9200000000e+02	3.0260227352e-02	-4.2317362612e-02	9.1638371167e-05	3.7796152632e-05
7.9300000000e+02	3.0298023763e-02	-4.2409024835e-02	9.1686063805e-05	3.7796668317e-05
7.9400000000e+02	3.0335820688e-02	-4.2500734720e-02	9.1733696988e-05	3.7797182064e-05
7.9500000000e+02	3.0373618126e-02	-4.2592492209e-02	9.1781270862e-05	3.7797693884e-05
7.9600000000e+02	3.0411416075e-02	-4.2684297242e-02	9.1828785575e-05	3.7798203785e-05
7.9700000000e+02	3.0449214533e-02	-4.2776149760e-02	9.1876241272e-05	3.7798711777e-05
7.9800000000e+02	3.0487013498e-02	-4.2868049705e-02	9.1923638099e-05	3.7799217869e-05
7.9900000000e+02	3.0524812968e-02	-4.2959997017e-02	9.1970976202e-05	3.7799722072e-05
8.0000000000e+02	3.0562612942e-02	-4.3051991638e-02	9.2018255724e-05	3.7800224395e-05
8.0100000000e+02	3.0600413417e-02	-4.3144033509e-02	9.2065476811e-05	3.7800724846e-05
8.0200000000e+02	3.0638214391e-02	-4.3236122572e-02	9.2112639605e-05	3.7801223435e-05
8.0300000000e+02	3.0676015863e-02	-4.3328258769e-02	9.2159744249e-05	3.7801720172e-05
8.0400000000e+02	3.0713817831e-02	-4.3420442041e-02	9.2206790885e-05	3.7802215065e-05
8.0500000000e+02	3.0751620292e-02	-4.3512672331e-02	9.2253779657e-05	3.7802708124e-05
8.0600000000e+02	3.0789423246e-02	-4.3604949581e-02	9.2300710704e-05	3.7803199357e-05
8.0700000000e+02	3.0827226690e-02	-4.3697273733e-02	9.2347584168e-05	3.7803688774e-05
8.0800000000e+02	3.0865030623e-02	-4.3789644730e-02	9.2394400190e-05	3.7804176383e-05
8.0900000000e+02	3.0902835043e-02	-4.3882062515e-02	9.2441158909e-05	3.7804662194e-05
8.1000000000e+02	3.0940639947e-02	-4.3974527029e-02	9.2487860464e-05	3.7805146215e-05
8.1100000000e+02	3.0978445334e-02	-4.4067038217e-02	9.2534504995e-05	3.7805628455e-05
8.1200000000e+02	3.1016251203e-02	-4.4159596020e-02	9.2581092640e-05	3.7806108923e-05
8.1300000000e+02	3.1054057552e-02	-4.4252200383e-02	9.2627623536e-05	3.7806587627e-05
8.1400000000e+02	3.1091864378e-02	-4.4344851248e-02	9.2674097821e-05	3.7807064576e-05
8.1500000000e+02	3.1129671680e-02	-4.4437548560e-02	9.2720515632e-05	3.7807539779e-05
8.1600000000e+02	3.1167479457e-02	-4.4530292261e-02	9.2766877105e-05	3.7808013244e-05
8.1700000000e+02	3.1205287706e-02	-4.4623082295e-02	9.2813182376e-05	3.7808484979e-05
8.1800000000e+02	3.1243096426e-02	-4.4715918607e-02	9.2859431581e-05	3.7808954994e-05
8.1900000000e+02	3.1280905616e-02	-4.4808801140e-02	9.2905624854e-05	3.7809423295e-05
8.2000000000e+02	3.1318715272e-02	-4.4901729838e-02	9.2951762330e-05	3.7809889892e-05
8.2100000000e+02	3.1356525395e-02	-4.4994704646e-02	9.2997844142e-05	3.7810354793e-05
8.2200000000e+02	3.1394335981e-02	-4.5087725508e-02	9.3043870425e-05	3.7810818006e-05
8.2300000000e+02	3.1432147030e-02	-4.5180792368e-02	9.3089841311e-05	3.7811279539e-05
8.2400000000e+02	3.1469958540e-02	-4.5273905172e-02	9.3135756932e-05	3.7811739401e-05
8.2500000000e+02	3.1507770509e-02	-4.5367063864e-02	9.3181617421e-05	3.7812197599e-05
8.2600000000e+02	3.1545582935e-02	-4.5460268389e-02	9.3227422909e-05	3.7812654141e-05
8.2700000000e+02	3.1583395816e-02	-4.5553518691e-02	9.3273173528e-05	3.7813109035e-05
8.2800000000e+02	3.1621209152e-02	-4.5646814717e-02	9.3318869407e-05	3.7813562290e-05
8.2900000000e+02	3.1659022940e-02	-4.5740156412e-02	9.3364510678e-05	3.7814013913e-05
8.3000000000e+02	3.1696837179e-02	-4.5833543721e-02	9.3410097470e-05	3.7814463912e-05
8.3100000000e+02	3.1734651868e-02	-4.5926976589e-02	9.3455629911e-05	3.7814912294e-05
8.3200000000e+02	3.1772467003e-02	-4.6020454962e-02	9.3501108132e-05	3.7815359068e-05
8.3300000000e+02	3.1810282585e-02	-4.6113978787e-02	9.3546532260e-05	3.7815804240e-05
8.3400000000e+02	3.1848098611e-02	-4.6207548009e-02	9.3591902422e-05	3.7816247820e-05
8.3500000000e+02	3.1885915080e-02	-4.6301162574e-02	9.3637218748e-05	3.7816689814e-05
8.3600000000e+02	3.1923731990e-02	-4.6394822428e-02	9.3682481362e-05	3.7817130229e-05
8.3700000000e+02	3.1961549340e-02	-4.6488527519e-02	9.3727690393e-05	3.7817569074e-05
8.3800000000e+02	3.1999367128e-02	-4.6582277791e-02	9.3772845966e-05	3.7818006356e-05
8.3900000000e+02	3.2037185352e-02	-4.6676073193e-02	9.3817948207e-05	3.7818442082e-05
8.4000000000e+02	3.2075004012e-02	-4.6769913670e-02	9.3862997240e-05	3.7818876259e-05
8.4100000000e+02	3.2112823104e-02	-4.6863799170e-02	9.3907993192e-05	3.7819308895e-05
8.4200000000e+02	3.2150642629e-02	-4.6957729639e-02	9.3952936185e-05	3.7819739998e-05
8.4300000000e+02	3.2188462584e-02	-4.7051705024e-02	9.3997826344e-05	3.7820169574e-05
8.4400000000e+02	3.2226282968e-02	-4.7145725274e-02	9.4042663793e-05	3.7820597630e-05
8.4500000000e+02	3.2264103779e-02	-4.7239790335e-02	9.4087448655e-05	3.7821024174e-05
8.4600000000e+02	3.2301925015e-02	-4.7333900154e-02	9.4132181051e-05	3.7821449213e-05
8.4700000000e+02	3.2339746677e-02	-4.7428054679e-02	9.4176861105e-05	3.7821872754e-05
8.4800000000e+02	3.2377568760e-02	-4.7522253859e-02	9.4221488938e-05	3.7822294803e-05
8.4900000000e+02	3.2415391266e-02	-4.7616497640e-02	9.4266064671e-05	3.7822715369e-05
8.5000000000e+02	3.2453214191e-02	-4.7710785971e-02	9.4310588425e-05	3.7823134457e-05
8.5100000000e+02	3.2491037534e-02	-4.7805118799e-02	9.4355060321e-05	3.7823552076e-05
8.5200000000e+02	3.2528861294e-02	-4.7899496074e-02	9.4399480479e-05	3.7823968230e-05
8.5300000000e+02	3.2566685470e-02	-4.7993917743e-02	9.4443849019e-05	3.7824382929e-05
8.5400000000e+02	3.2604510060e-02	-4.8088383755e-02	9.4488166059e-05	3.7824796177e-05
8.5500000000e+02	3.2642335062e-02	-4.8182894058e-02	9.4532431719e-05	3.7825207982e-05
8.5600000000e+02	3.2680160475e-02	-4.8277448601e-02	9.4576646117e-05	3.7825618351e-05
8.5700000000e+02	3.2717986298e-02	-4.8372047333e-02	9.4620809371e-05	3.7826027291e-05
8.5800000000e+02	3.2755812529e-02	-4.8466690203e-02	9.4664921599e-05	3.7826434807e-05
8.5900000000e+02	3.2793639167e-02	-4.8561377159e-02	9.4708982918e-05	3.7826840907e-05
8.6000000000e+02	3.2831466211e-02	-4.8656108152e-02	9.4752993445e-05	3.7827245597e-05
8.6100000000e+02	3.2869293658e-02	-4.8750883129e-02	9.4796953296e-05	3.7827648883e-05
8.6200000000e+02	3.2907121508e-02	-4.8845702042e-02	9.4840862586e-05	3.7828050773e-05
8.6300000000e+02	3.2944949759e-02	-4.8940564838e-02	9.4884721433e-05	3.7828451272e-05
8.6400000000e+02	3.2982778410e-02	-4.9035471468e-02	9.4928529951e-05	3.7828850387e-05
8.6500000000e+02	3.3020607459e-02	-4.9130421881e-02	9.4972288255e-05	3.7829248124e-05
8.6600000000e+02	3.3058436906e-02	-4.9225416027e-02	9.5015996459e-05	3.7829644490e-05
8.6700000000e+02	3.3096266748e-02	-4.9320453857e-02	9.5059654677e-05	3.7830039491e-05
8.6800000000e+02	3.3134096984e-02	-4.9415535320e-02	9.5103263024e-05	3.7830433133e-05
8.6900000000e+02	3.3171927614e-02	-4.9510660367e-02	9.5146821612e-05	3.7830825422e-05
8.7000000000e+02	3.3209758635e-02	-4.9605828947e-02	9.5190330554e-05	3.7831216365e-05
8.7100000000e+02	3.3247590046e-02	-4.9701041011e-02	9.5233789962e-05	3.7831605968e-05
8.7200000000e+02	3.3285421846e-02	-4.9796296510e-02	9.5277199950e-05	3.7831994236e-05
8.7300000000e+02	3.3323254034e-02	-4.9891595395e-02	9.5320560629e-05	3.7832381176e-05
8.7400000000e+02	3.3361086608e-02	-4.9986937615e-02	9.5363872109e-05	3.7832766794e-05
8.7500000000e+02	3.3398919567e-02	-5.0082323123e-02	9.5407134503e-05	3.7833151097e-05
8.7600000000e+02	3.3436752910e-02	-5.0177751868e-02	9.5450347920e-05	3.7833534089e-05
8.7700000000e+02	3.3474586635e-02	-5.0273223802e-02	9.5493512471e-05	3.7833915776e-05
8.7800000000e+02	3.3512420741e-02	-5.0368738877e-02	9.5536628266e-05	3.7834296166e-05
8.7900000000e+02	3.3550255227e-02	-5.0464297042e-02	9.5579695414e-05	3.7834675264e-05
8.8000000000e+02	3.3588090091e-02	-5.0559898251e-02	9.5622714025e-05	3.7835053074e-05
8.8100000000e+02	3.3625925333e-02	-5.0655542454e-02	9.5665684208e-05	3.7835429604e-05
8.8200000000e+02	3.3663760950e-02	-5.0751229603e-02	9.5708606070e-05	3.7835804860e-05
8.8300000000e+02	3.3701596942e-02	-5.0846959650e-02	9.5751479720e-05	3.7836178846e-05
8.8400000000e+02	3.3739433307e-02	-5.0942732547e-02	9.5794305265e-05	3.7836551568e-05
8.8500000000e+02	3.3777270045e-02	-5.1038548245e-02	9.5837082813e-05	3.7836923033e-05
8.8600000000e+02	3.3815107153e-02	-5.1134406697e-02	9.5879812471e-05	3.7837293246e-05
8.8700000000e+02	3.3852944631e-02	-5.1230307854e-02	9.5922494346e-05	3.7837662212e-05
8.8800000000e+02	3.3890782477e-02	-5.1326251669e-02	9.5965128543e-05	3.7838029937e-05
8.8900000000e+02	3.3928620690e-02	-5.1422238095e-02	9.6007715169e-05	3.7838396426e-05
8.9000000000e+02	3.3966459269e-02	-5.1518267084e-02	9.6050254329e-05	3.7838761686e-05
8.9100000000e+02	3.4004298213e-02	-5.1614338588e-02	9.6092746129e-05	3.7839125722e-05
8.9200000000e+02	3.4042137520e-02	-5.1710452560e-02	9.6135190673e-05	3.7839488538e-05
8.9300000000e+02	3.4079977190e-02	-5.1806608954e-02	9.6177588067e-05	3.7839850142e-05
8.9400000000e+02	3.4117817220e-02	-5.1902807721e-02	9.6219938413e-05	3.7840210537e-05
8.9500000000e+02	3.4155657610e-02	-5.1999048815e-02	9.6262241816e-05	3.7840569729e-05
8.9600000000e+02	3.4193498359e-02	-5.2095332189e-02	9.6304498380e-05	3.7840927724e-05
8.9700000000e+02	3.4231339466e-02	-5.2191657796e-02	9.6346708207e-05	3.7841284527e-05
8.9800000000e+02	3.4269180928e-02	-5.2288025590e-02	9.6388871401e-05	3.7841640143e-05
8.9900000000e+02	3.4307022745e-02	-5.2384435523e-02	9.6430988063e-05	3.7841994577e-05
9.0000000000e+02	3.4344864917e-02	-5.2480887550e-02	9.6473058297e-05	3.7842347835e-05
9.0100000000e+02	3.4382707441e-02	-5.2577381624e-02	9.6515082203e-05	3.7842699923e-05
9.0200000000e+02	3.4420550316e-02	-5.2673917699e-02	9.6557059884e-05	3.7843050844e-05
9.0300000000e+02	3.4458393542e-02	-5.2770495729e-02	9.6598991441e-05	3.7843400604e-05
9.0400000000e+02	3.4496237117e-02	-5.2867115667e-02	9.6640876973e-05	3.7843749209e-05
9.0500000000e+02	3.4534081040e-02	-5.2963777468e-02	9.6682716583e-05	3.7844096663e-05
9.0600000000e+02	3.4571925310e-02	-5.3060481085e-02	9.6724510369e-05	3.7844442971e-05
9.0700000000e+02	3.4609769926e-02	-5.3157226473e-02	9.6766258433e-05	3.7844788139e-05
9.0800000000e+02	3.4647614886e-02	-5.3254013586e-02	9.6807960873e-05	3.7845132172e-05
9.0900000000e+02	3.4685460190e-02	-5.3350842380e-02	9.6849617788e-05	3.7845475073e-05
9.1000000000e+02	3.4723305836e-02	-5.3447712807e-02	9.6891229277e-05	3.7845816850e-05
9.1100000000e+02	3.4761151823e-02	-5.3544624823e-02	9.6932795440e-05	3.7846157505e-05
9.1200000000e+02	3.4798998150e-02	-5.3641578383e-02	9.6974316374e-05	3.7846497045e-05
9.1300000000e+02	3.4836844817e-02	-5.3738573441e-02	9.7015792177e-05	3.7846835474e-05
9.1400000000e+02	3.4874691821e-02	-5.3835609952e-02	9.7057222946e-05	3.7847172796e-05
9.1500000000e+02	3.4912539162e-02	-5.3932687872e-02	9.7098608780e-05	3.7847509017e-05
9.1600000000e+02	3.4950386839e-02	-5.4029807155e-02	9.7139949774e-05	3.7847844142e-05
9.1700000000e+02	3.4988234850e-02	-5.4126967756e-02	9.7181246026e-05	3.7848178175e-05
9.1800000000e+02	3.5026083194e-02	-5.4224169632e-02	9.7222497632e-05	3.7848511121e-05
9.1900000000e+02	3.5063931872e-02	-5.4321412737e-02	9.7263704688e-05	3.7848842985e-05
9.2000000000e+02	3.5101780880e-02	-5.4418697026e-02	9.7304867290e-05	3.7849173771e-05
9.2100000000e+02	3.5139630219e-02	-5.4516022456e-02	9.7345985532e-05	3.7849503484e-05
9.2200000000e+02	3.5177479887e-02	-5.4613388983e-02	9.7387059511e-05	3.7849832128e-05
9.2300000000e+02	3.5215329883e-02	-5.4710796561e-02	9.7428089321e-05	3.7850159709e-05
9.2400000000e+02	3.5253180206e-02	-5.4808245147e-02	9.7469075057e-05	3.7850486231e-05
9.2500000000e+02	3.5291030855e-02	-5.4905734696e-02	9.7510016812e-05	3.7850811698e-05
9.2600000000e+02	3.5328881829e-02	-5.5003265166e-02	9.7550914681e-05	3.7851136115e-05
9.2700000000e+02	3.5366733127e-02	-5.5100836511e-02	9.7591768757e-05	3.7851459487e-05
9.2800000000e+02	3.5404584747e-02	-5.5198448689e-02	9.7632579134e-05	3.7851781817e-05
9.2900000000e+02	3.5442436690e-02	-5.5296101655e-02	9.7673345904e-05	3.7852103111e-05
9.3000000000e+02	3.5480288953e-02	-5.5393795366e-02	9.7714069160e-05	3.7852423373e-05
9.3100000000e+02	3.5518141536e-02	-5.5491529779e-02	9.7754748996e-05	3.7852742606e-05
9.3200000000e+02	3.5555994438e-02	-5.5589304849e-02	9.7795385502e-05	3.7853060817e-05
9.3300000000e+02	3.5593847658e-02	-5.5687120535e-02	9.7835978771e-05	3.7853378008e-05
9.3400000000e+02	3.5631701194e-02	-5.5784976793e-02	9.7876528893e-05	3.7853694185e-05
9.3500000000e+02	3.5669555046e-02	-5.5882873579e-02	9.7917035962e-05	3.7854009351e-05
9.3600000000e+02	3.5707409212e-02	-5.5980810850e-02	9.7957500067e-05	3.7854323512e-05
9.3700000000e+02	3.5745263692e-02	-5.6078788564e-02	9.7997921299e-05	3.7854636670e-05
9.3800000000e+02	3.5783118485e-02	-5.6176806679e-02	9.8038299748e-05	3.7854948831e-05
9.3900000000e+02	3.5820973590e-02	-5.6274865150e-02	9.8078635505e-05	3.7855259999e-05
9.4000000000e+02	3.5858829005e-02	-5.6372963935e-02	9.8118928660e-05	3.7855570177e-05
9.4100000000e+02	3.5896684730e-02	-5.6471102993e-02	9.8159179301e-05	3.7855879371e-05
9.4200000000e+02	3.5934540763e-02	-5.6569282280e-02	9.8199387519e-05	3.7856187584e-05
9.4300000000e+02	3.5972397105e-02	-5.6667501754e-02	9.8239553402e-05	3.7856494820e-05
9.4400000000e+02	3.6010253753e-02	-5.6765761373e-02	9.8279677039e-05	3.7856801084e-05
9.4500000000e+02	3.6048110706e-02	-5.6864061094e-02	9.8319758519e-05	3.7857106379e-05
9.4600000000e+02	3.6085967965e-02	-5.6962400876e-02	9.8359797929e-05	3.7857410710e-05
9.4700000000e+02	3.6123825528e-02	-5.7060780676e-02	9.8399795357e-05	3.7857714081e-05
9.4800000000e+02	3.6161683393e-02	-5.7159200452e-02	9.8439750892e-05	3.7858016495e-05
9.4900000000e+02	3.6199541560e-02	-5.7257660164e-02	9.8479664619e-05	3.7858317958e-05
9.5000000000e+02	3.6237400029e-02	-5.7356159768e-02	9.8519536628e-05	3.7858618472e-05
9.5100000000e+02	3.6275258797e-02	-5.7454699223e-02	9.8559367003e-05	3.7858918042e-05
9.5200000000e+02	3.6313117864e-02	-5.7553278488e-02	9.8599155832e-05	3.7859216671e-05
9.5300000000e+02	3.6350977230e-02	-5.7651897521e-02	9.8638903201e-05	3.7859514364e-05
9.5400000000e+02	3.6388836893e-02	-5.7750556280e-02	9.8678609196e-05	3.7859811125e-05
9.5500000000e+02	3.6426696852e-02	-5.7849254725e-02	9.8718273903e-05	3.7860106957e-05
9.5600000000e+02	3.6464557106e-02	-5.7947992814e-02	9.8757897407e-05	3.7860401864e-05
9.5700000000e+02	3.6502417655e-02	-5.8046770506e-02	9.8797479793e-05	3.7860695850e-05
9.5800000000e+02	3.6540278498e-02	-5.8145587760e-02	9.8837021146e-05	3.7860988919e-05
9.5900000000e+02	3.6578139633e-02	-5.8244444535e-02	9.8876521552e-05	3.7861281075e-05
9.6000000000e+02	3.6616001060e-02	-5.8343340790e-02	9.8915981093e-05	3.7861572322e-05
9.6100000000e+02	3.6653862777e-02	-5.8442276484e-02	9.8955399855e-05	3.7861862663e-05
9.6200000000e+02	3.6691724785e-02	-5.8541251576e-02	9.8994777922e-05	3.7862152102e-05
9.6300000000e+02	3.6729587081e-02	-5.8640266026e-02	9.9034115376e-05	3.7862440643e-05
9.6400000000e+02	3.6767449666e-02	-5.8739319793e-02	9.9073412302e-05	3.7862728289e-05
9.6500000000e+02	3.6805312537e-02	-5.8838412837e-02	9.9112668782e-05	3.7863015044e-05
9.6600000000e+02	3.6843175695e-02	-5.8937545117e-02	9.9151884899e-05	3.7863300912e-05
9.6700000000e+02	3.6881039139e-02	-5.9036716594e-02	9.9191060737e-05	3.7863585897e-05
9.6800000000e+02	3.6918902867e-02	-5.9135927225e-02	9.9230196376e-05	3.7863870002e-05
9.6900000000e+02	3.6956766879e-02	-5.9235176973e-02	9.9269291900e-05	3.7864153231e-05
9.7000000000e+02	3.6994631173e-02	-5.9334465796e-02	9.9308347391e-05	3.7864435587e-05
9.7100000000e+02	3.7032495749e-02	-5.9433793654e-02	9.9347362929e-05	3.7864717073e-05
9.7200000000e+02	3.7070360607e-02	-5.9533160508e-02	9.9386338596e-05	3.7864997695e-05
9.7300000000e+02	3.7108225745e-02	-5.9632566318e-02	9.9425274474e-05	3.7865277454e-05
9.7400000000e+02	3.7146091162e-02	-5.9732011044e-02	9.9464170642e-05	3.7865556355e-05
9.7500000000e+02	3.7183956857e-02	-5.9831494646e-02	9.9503027183e-05	3.7865834401e-05
9.7600000000e+02	3.7221822830e-02	-5.9931017085e-02	9.9541844176e-05	3.7866111596e-05
9.7700000000e+02	3.7259689080e-02	-6.0030578322e-02	9.9580621701e-05	3.7866387942e-05
9.7800000000e+02	3.7297555606e-02	-6.0130178316e-02	9.9619359838e-05	3.7866663444e-05
9.7900000000e+02	3.7335422406e-02	-6.0229817028e-02	9.9658058667e-05	3.7866938105e-05
9.8000000000e+02	3.7373289482e-02	-6.0329494420e-02	9.9696718267e-05	3.7867211929e-05
9.8100000000e+02	3.7411156830e-02	-6.0429210452e-02	9.9735338717e-05	3.7867484918e-05
9.8200000000e+02	3.7449024451e-02	-6.0528965084e-02	9.9773920097e-05	3.7867757076e-05
9.8300000000e+02	3.7486892344e-02	-6.0628758279e-02	9.9812462485e-05	3.7868028407e-05
9.8400000000e+02	3.7524760508e-02	-6.0728589996e-02	9.9850965959e-05	3.7868298913e-05
9.8500000000e+02	3.7562628942e-02	-6.0828460198e-02	9.9889430598e-05	3.7868568599e-05
9.8600000000e+02	3.7600497645e-02	-6.0928368845e-02	9.9927856480e-05	3.7868837467e-05
9.8700000000e+02	3.7638366616e-02	-6.1028315898e-02	9.9966243682e-05	3.7869105520e-05
9.8800000000e+02	3.7676235855e-02	-6.1128301319e-02	1.0000459228e-04	3.7869372763e-05
9.8900000000e+02	3.7714105361e-02	-6.1228325070e-02	1.0004290236e-04	3.7869639198e-05
9.9000000000e+02	3.7751975134e-02	-6.1328387111e-02	1.0008117398e-04	3.7869904829e-05
9.9100000000e+02	3.7789845171e-02	-6.1428487405e-02	1.0011940724e-04	3.7870169659e-05
9.9200000000e+02	3.7827715473e-02	-6.1528625913e-02	1.0015760220e-04	3.7870433690e-05
9.9300000000e+02	3.7865586038e-02	-6.1628802596e-02	1.0019575895e-04	3.7870696927e-05
9.9400000000e+02	3.7903456866e-02	-6.1729017418e-02	1.0023387755e-04	3.7870959372e-05
9.9500000000e+02	3.7941327956e-02	-6.1829270339e-02	1.0027195809e-04	3.7871221029e-05
9.9600000000e+02	3.7979199308e-02	-6.1929561321e-02	1.0031000063e-04	3.7871481900e-05
9.9700000000e+02	3.8017070920e-02	-6.2029890327e-02	1.0034800526e-04	3.7871741989e-05
9.9800000000e+02	3.8054942792e-02	-6.2130257319e-02	1.0038597206e-04	3.7872001300e-05
9.9900000000e+02	3.8092814922e-02	-6.2230662259e-02	1.0042390108e-04	3.7872259834e-05
