# total modes from dos = 6.0000174501e+00
# ZPE = 5.9282524877e-03 Ry/cell
# Multiply by 13.6058 to have energies in eV/cell etc..
# Multiply by 13.6058 x 23060.35 = 313 754.5 to have energies in cal/(N mol).
# Multiply by 13.6058 x 96526.0 = 1 313 313 to have energies in J/(N mol).
# N is the number of formula units per cell.
#
# T (K) 	Evib (Ry/cell)	Fvib (Ry/cell)	Svib (Ry/cell/K)	Cvib (Ry/cell/K)
1.0000000000e+00	5.9282524963e-03	5.9282524319e-03	6.4420897869e-11	2.4128433082e-11
2.0000000000e+00	5.9282525693e-03	5.9282523486e-03	1.1039484026e-10	1.4655118773e-10
3.0000000000e+00	5.9282528547e-03	5.9282521893e-03	2.2181077600e-10	4.6491757498e-10
4.0000000000e+00	5.9282535970e-03	5.9282518723e-03	4.3117944320e-10	1.0767534104e-09
5.0000000000e+00	5.9282551386e-03	5.9282512834e-03	7.7104415522e-10	2.0798786621e-09
6.0000000000e+00	5.9282579199e-03	5.9282502758e-03	1.2740199883e-09	3.5726010026e-09
7.0000000000e+00	5.9282624801e-03	5.9282486701e-03	1.9728639784e-09	5.6542803889e-09
8.0000000000e+00	5.9282694585e-03	5.9282462538e-03	2.9005913948e-09	8.4261563115e-09
9.0000000000e+00	5.9282795972e-03	5.9282427815e-03	4.0906379456e-09	1.1992479017e-08
1.0000000000e+01	5.9282937445e-03	5.9282379737e-03	5.5770774174e-09	1.6462093629e-08
1.1000000000e+01	5.9283128610e-03	5.9282315169e-03	7.3949199195e-09	2.1950802383e-08
1.2000000000e+01	5.9283380278e-03	5.9282230613e-03	9.5805369753e-09	2.8585000408e-08
1.3000000000e+01	5.9283704600e-03	5.9282122204e-03	1.2172273798e-08	3.6507032172e-08
1.4000000000e+01	5.9284115259e-03	5.9281985677e-03	1.5211298240e-08	4.5882310047e-08
1.5000000000e+01	5.9284627742e-03	5.9281816338e-03	1.8742693521e-08	5.6907597474e-08
1.6000000000e+01	5.9285259694e-03	5.9281609015e-03	2.2816740700e-08	6.9819295285e-08
1.7000000000e+01	5.9286031353e-03	5.9281358006e-03	2.7490280232e-08	8.4900338569e-08
1.8000000000e+01	5.9286966039e-03	5.9281056997e-03	3.2828009484e-08	1.0248447519e-07
1.9000000000e+01	5.9288090666e-03	5.9280698987e-03	3.8903571848e-08	1.2295714427e-07
2.0000000000e+01	5.9289436253e-03	5.9280276189e-03	4.5800318807e-08	1.4675272405e-07
2.1000000000e+01	5.9291038383e-03	5.9279779933e-03	5.3611668149e-08	1.7434841711e-07
2.2000000000e+01	5.9292937590e-03	5.9279200564e-03	6.2441027929e-08	2.0625539843e-07
2.3000000000e+01	5.9295179642e-03	5.9278527344e-03	7.2401297912e-08	2.4300804215e-07
2.4000000000e+01	5.9297815722e-03	5.9277748364e-03	8.3613992879e-08	2.8515208671e-07
2.5000000000e+01	5.9300902473e-03	5.9276850460e-03	9.6208053599e-08	3.3323253444e-07
2.6000000000e+01	5.9304501938e-03	5.9275819149e-03	1.1031842214e-07	3.8778195439e-07
2.7000000000e+01	5.9308681377e-03	5.9274638573e-03	1.2608446026e-07	4.4930970160e-07
2.8000000000e+01	5.9313512987e-03	5.9273291467e-03	1.4364828541e-07	5.1829240959e-07
2.9000000000e+01	5.9319073534e-03	5.9271759137e-03	1.6315309060e-07	5.9516597068e-07
3.0000000000e+01	5.9325443911e-03	5.9270021460e-03	1.8474150366e-07	6.8031909980e-07
3.1000000000e+01	5.9332708643e-03	5.9268056893e-03	2.0855403056e-07	7.7408848393e-07
3.2000000000e+01	5.9340955345e-03	5.9265842508e-03	2.3472761598e-07	8.7675545031e-07
3.3000000000e+01	5.9350274163e-03	5.9263354030e-03	2.6339434487e-07	9.8854403865e-07
3.4000000000e+01	5.9360757192e-03	5.9260565890e-03	2.9468029924e-07	1.1096203334e-06
3.5000000000e+01	5.9372497897e-03	5.9257451295e-03	3.2870457776e-07	1.2400928958e-06
3.6000000000e+01	5.9385590551e-03	5.9253982299e-03	3.6557847912e-07	1.3800141313e-06
3.7000000000e+01	5.9400129676e-03	5.9250129883e-03	4.0540484564e-07	1.5293824303e-06
3.8000000000e+01	5.9416209519e-03	5.9245864046e-03	4.4827756017e-07	1.6881449276e-06
3.9000000000e+01	5.9433923557e-03	5.9241153894e-03	4.9428118649e-07	1.8562007398e-06
4.0000000000e+01	5.9453364032e-03	5.9235967735e-03	5.4349074185e-07	2.0334045505e-06
4.1000000000e+01	5.9474621526e-03	5.9230273174e-03	5.9597158927e-07	2.2195704309e-06
4.2000000000e+01	5.9497784576e-03	5.9224037212e-03	6.5177943678e-07	2.4144757952e-06
4.3000000000e+01	5.9522939326e-03	5.9217226340e-03	7.1096043050e-07	2.6178654072e-06
4.4000000000e+01	5.9550169221e-03	5.9209806636e-03	7.7355132910e-07	2.8294553655e-06
4.5000000000e+01	5.9579554741e-03	5.9201743854e-03	8.3957974742e-07	3.0489370103e-06
4.6000000000e+01	5.9611173170e-03	5.9193003519e-03	9.0906445789e-07	3.2759807032e-06
4.7000000000e+01	5.9645098407e-03	5.9183551009e-03	9.8201573915e-07	3.5102394431e-06
4.8000000000e+01	5.9681400807e-03	5.9173351641e-03	1.0584357621e-06	3.7513522912e-06
4.9000000000e+01	5.9720147061e-03	5.9162370749e-03	1.1383190048e-06	3.9989475844e-06
5.0000000000e+01	5.9761400103e-03	5.9150573759e-03	1.2216526877e-06	4.2526459234e-06
5.1000000000e+01	5.9805219042e-03	5.9137926258e-03	1.3084172234e-06	4.5120629293e-06
5.2000000000e+01	5.9851659134e-03	5.9124394064e-03	1.3985866732e-06	4.7768117646e-06
5.3000000000e+01	5.9900771760e-03	5.9109943281e-03	1.4921292065e-06	5.0465054210e-06
5.4000000000e+01	5.9952604441e-03	5.9094540360e-03	1.5890075577e-06	5.3207587774e-06
5.5000000000e+01	6.0007200863e-03	5.9078152151e-03	1.6891794769e-06	5.5991904371e-06
5.6000000000e+01	6.0064600923e-03	5.9060745947e-03	1.7925981712e-06	5.8814243504e-06
5.7000000000e+01	6.0124840792e-03	5.9042289534e-03	1.8992127340e-06	6.1670912362e-06
5.8000000000e+01	6.0187952986e-03	5.9022751221e-03	2.0089685595e-06	6.4558298115e-06
5.9000000000e+01	6.0253966452e-03	5.9002099884e-03	2.1218077419e-06	6.7472878430e-06
6.0000000000e+01	6.0322906665e-03	5.8980304991e-03	2.2376694571e-06	7.0411230321e-06
6.1000000000e+01	6.0394795730e-03	5.8957336631e-03	2.3564903258e-06	7.3370037465e-06
6.2000000000e+01	6.0469652490e-03	5.8933165539e-03	2.4782047586e-06	7.6346096111e-06
6.3000000000e+01	6.0547492642e-03	5.8907763116e-03	2.6027452808e-06	7.9336319700e-06
6.4000000000e+01	6.0628328861e-03	5.8881101443e-03	2.7300428394e-06	8.2337742324e-06
6.5000000000e+01	6.0712170911e-03	5.8853153303e-03	2.8600270894e-06	8.5347521129e-06
6.6000000000e+01	6.0799025781e-03	5.8823892184e-03	2.9926266621e-06	8.8362937779e-06
6.7000000000e+01	6.0888897800e-03	5.8793292292e-03	3.1277694146e-06	9.1381399081e-06
6.8000000000e+01	6.0981788770e-03	5.8761328560e-03	3.2653826607e-06	9.4400436866e-06
6.9000000000e+01	6.1077698083e-03	5.8727976648e-03	3.4053933852e-06	9.7417707215e-06
7.0000000000e+01	6.1176622853e-03	5.8693212945e-03	3.5477284405e-06	1.0043098913e-05
7.1000000000e+01	6.1278558031e-03	5.8657014575e-03	3.6923147270e-06	1.0343818268e-05
7.2000000000e+01	6.1383496528e-03	5.8619359389e-03	3.8390793587e-06	1.0643730679e-05
7.3000000000e+01	6.1491429332e-03	5.8580225968e-03	3.9879498131e-06	1.0942649661e-05
7.4000000000e+01	6.1602345624e-03	5.8539593614e-03	4.1388540682e-06	1.1240400060e-05
7.5000000000e+01	6.1716232889e-03	5.8497442346e-03	4.2917207251e-06	1.1536817740e-05
7.6000000000e+01	6.1833077024e-03	5.8453752894e-03	4.4464791190e-06	1.1831749252e-05
7.7000000000e+01	6.1952862442e-03	5.8408506690e-03	4.6030594183e-06	1.2125051480e-05
7.8000000000e+01	6.2075572178e-03	5.8361685862e-03	4.7613927125e-06	1.2416591280e-05
7.9000000000e+01	6.2201187980e-03	5.8313273219e-03	4.9214110901e-06	1.2706245116e-05
8.0000000000e+01	6.2329690412e-03	5.8263252246e-03	5.0830477067e-06	1.2993898686e-05
8.1000000000e+01	6.2461058934e-03	5.8211607090e-03	5.2462368445e-06	1.3279446542e-05
8.2000000000e+01	6.2595271999e-03	5.8158322549e-03	5.4109139631e-06	1.3562791718e-05
8.3000000000e+01	6.2732307129e-03	5.8103384062e-03	5.5770157434e-06	1.3843845357e-05
8.4000000000e+01	6.2872140997e-03	5.8046777693e-03	5.7444801237e-06	1.4122526341e-05
8.5000000000e+01	6.3014749501e-03	5.7988490120e-03	5.9132463296e-06	1.4398760925e-05
8.6000000000e+01	6.3160107837e-03	5.7928508625e-03	6.0832548980e-06	1.4672482382e-05
8.7000000000e+01	6.3308190570e-03	5.7866821075e-03	6.2544476955e-06	1.4943630653e-05
8.8000000000e+01	6.3458971693e-03	5.7803415913e-03	6.4267679320e-06	1.5212152006e-05
8.9000000000e+01	6.3612424694e-03	5.7738282143e-03	6.6001601695e-06	1.5477998700e-05
9.0000000000e+01	6.3768522611e-03	5.7671409317e-03	6.7745703268e-06	1.5741128671e-05
9.1000000000e+01	6.3927238089e-03	5.7602787520e-03	6.9499456806e-06	1.6001505211e-05
9.2000000000e+01	6.4088543431e-03	5.7532407357e-03	7.1262348628e-06	1.6259096675e-05
9.3000000000e+01	6.4252410649e-03	5.7460259943e-03	7.3033878555e-06	1.6513876185e-05
9.4000000000e+01	6.4418811507e-03	5.7386336883e-03	7.4813559822e-06	1.6765821352e-05
9.5000000000e+01	6.4587717567e-03	5.7310630264e-03	7.6600918975e-06	1.7014914007e-05
9.6000000000e+01	6.4759100231e-03	5.7233132640e-03	7.8395495739e-06	1.7261139945e-05
9.7000000000e+01	6.4932930775e-03	5.7153837016e-03	8.0196842872e-06	1.7504488677e-05
9.8000000000e+01	6.5109180390e-03	5.7072736842e-03	8.2004525997e-06	1.7744953192e-05
9.9000000000e+01	6.5287820212e-03	5.6989825993e-03	8.3818123422e-06	1.7982529737e-05
1.0000000000e+02	6.5468821355e-03	5.6905098760e-03	8.5637225949e-06	1.8217217593e-05
1.0100000000e+02	6.5652154941e-03	5.6818549838e-03	8.7461436663e-06	1.8449018878e-05
1.0200000000e+02	6.5837792126e-03	5.6730174313e-03	8.9290370723e-06	1.8677938349e-05
1.0300000000e+02	6.6025704126e-03	5.6639967647e-03	9.1123655137e-06	1.8903983213e-05
1.0400000000e+02	6.6215862240e-03	5.6547925673e-03	9.2960928531e-06	1.9127162958e-05
1.0500000000e+02	6.6408237873e-03	5.6454044577e-03	9.4801840916e-06	1.9347489176e-05
1.0600000000e+02	6.6602802557e-03	5.6358320891e-03	9.6646053450e-06	1.9564975415e-05
1.0700000000e+02	6.6799527966e-03	5.6260751480e-03	9.8493238190e-06	1.9779637018e-05
1.0800000000e+02	6.6998385938e-03	5.6161333530e-03	1.0034307786e-05	1.9991490991e-05
1.0900000000e+02	6.7199348489e-03	5.6060064541e-03	1.0219526557e-05	2.0200555860e-05
1.1000000000e+02	6.7402387825e-03	5.5956942315e-03	1.0404950463e-05	2.0406851548e-05
1.1100000000e+02	6.7607476359e-03	5.5851964944e-03	1.0590550825e-05	2.0610399257e-05
1.1200000000e+02	6.7814586724e-03	5.5745130803e-03	1.0776299930e-05	2.0811221349e-05
1.1300000000e+02	6.8023691779e-03	5.5636438539e-03	1.0962171009e-05	2.1009341246e-05
1.1400000000e+02	6.8234764623e-03	5.5525887062e-03	1.1148138211e-05	2.1204783325e-05
1.1500000000e+02	6.8447778604e-03	5.5413475537e-03	1.1334176579e-05	2.1397572826e-05
1.1600000000e+02	6.8662707324e-03	5.5299203374e-03	1.1520262026e-05	2.1587735762e-05
1.1700000000e+02	6.8879524652e-03	5.5183070218e-03	1.1706371312e-05	2.1775298836e-05
1.1800000000e+02	6.9098204726e-03	5.5065075943e-03	1.1892482019e-05	2.1960289364e-05
1.1900000000e+02	6.9318721957e-03	5.4945220645e-03	1.2078572532e-05	2.2142735198e-05
1.2000000000e+02	6.9541051042e-03	5.4823504629e-03	1.2264622010e-05	2.2322664663e-05
1.2100000000e+02	6.9765166958e-03	5.4699928408e-03	1.2450610372e-05	2.2500106488e-05
1.2200000000e+02	6.9991044976e-03	5.4574492690e-03	1.2636518267e-05	2.2675089746e-05
1.2300000000e+02	7.0218660656e-03	5.4447198373e-03	1.2822327059e-05	2.2847643802e-05
1.2400000000e+02	7.0447989854e-03	5.4318046539e-03	1.3008018802e-05	2.3017798255e-05
1.2500000000e+02	7.0679008722e-03	5.4187038445e-03	1.3193576221e-05	2.3185582893e-05
1.2600000000e+02	7.0911693712e-03	5.4054175518e-03	1.3378982694e-05	2.3351027645e-05
1.2700000000e+02	7.1146021575e-03	5.3919459348e-03	1.3564222226e-05	2.3514162542e-05
1.2800000000e+02	7.1381969363e-03	5.3782891681e-03	1.3749279439e-05	2.3675017673e-05
1.2900000000e+02	7.1619514430e-03	5.3644474416e-03	1.3934139546e-05	2.3833623150e-05
1.3000000000e+02	7.1858634428e-03	5.3504209595e-03	1.4118788333e-05	2.3990009076e-05
1.3100000000e+02	7.2099307313e-03	5.3362099399e-03	1.4303212148e-05	2.4144205511e-05
1.3200000000e+02	7.2341511340e-03	5.3218146145e-03	1.4487397875e-05	2.4296242446e-05
1.3300000000e+02	7.2585225063e-03	5.3072352277e-03	1.4671332922e-05	2.4446149773e-05
1.3400000000e+02	7.2830427336e-03	5.2924720363e-03	1.4855005204e-05	2.4593957259e-05
1.3500000000e+02	7.3077097308e-03	5.2775253088e-03	1.5038403126e-05	2.4739694528e-05
1.3600000000e+02	7.3325214424e-03	5.2623953252e-03	1.5221515567e-05	2.4883391038e-05
1.3700000000e+02	7.3574758423e-03	5.2470823764e-03	1.5404331868e-05	2.5025076060e-05
1.3800000000e+02	7.3825709337e-03	5.2315867636e-03	1.5586841812e-05	2.5164778661e-05
1.3900000000e+02	7.4078047485e-03	5.2159087981e-03	1.5769035614e-05	2.5302527692e-05
1.4000000000e+02	7.4331753474e-03	5.2000488009e-03	1.5950903904e-05	2.5438351767e-05
1.4100000000e+02	7.4586808198e-03	5.1840071018e-03	1.6132437716e-05	2.5572279254e-05
1.4200000000e+02	7.4843192831e-03	5.1677840398e-03	1.6313628474e-05	2.5704338262e-05
1.4300000000e+02	7.5100888828e-03	5.1513799620e-03	1.6494467978e-05	2.5834556631e-05
1.4400000000e+02	7.5359877920e-03	5.1347952235e-03	1.6674948392e-05	2.5962961920e-05
1.4500000000e+02	7.5620142114e-03	5.1180301874e-03	1.6855062234e-05	2.6089581401e-05
1.4600000000e+02	7.5881663686e-03	5.1010852237e-03	1.7034802362e-05	2.6214442050e-05
1.4700000000e+02	7.6144425181e-03	5.0839607095e-03	1.7214161963e-05	2.6337570542e-05
1.4800000000e+02	7.6408409410e-03	5.0666570287e-03	1.7393134543e-05	2.6458993241e-05
1.4900000000e+02	7.6673599447e-03	5.0491745715e-03	1.7571713914e-05	2.6578736200e-05
1.5000000000e+02	7.6939978621e-03	5.0315137339e-03	1.7749894188e-05	2.6696825153e-05
1.5100000000e+02	7.7207530521e-03	5.0136749180e-03	1.7927669762e-05	2.6813285512e-05
1.5200000000e+02	7.7476238986e-03	4.9956585311e-03	1.8105035313e-05	2.6928142367e-05
1.5300000000e+02	7.7746088106e-03	4.9774649858e-03	1.8281985783e-05	2.7041420480e-05
1.5400000000e+02	7.8017062215e-03	4.9590946995e-03	1.8458516377e-05	2.7153144283e-05
1.5500000000e+02	7.8289145891e-03	4.9405480945e-03	1.8634622546e-05	2.7263337881e-05
1.5600000000e+02	7.8562323951e-03	4.9218255973e-03	1.8810299986e-05	2.7372025044e-05
1.5700000000e+02	7.8836581449e-03	4.9029276388e-03	1.8985544625e-05	2.7479229214e-05
1.5800000000e+02	7.9111903669e-03	4.8838546536e-03	1.9160352616e-05	2.7584973501e-05
1.5900000000e+02	7.9388276128e-03	4.8646070803e-03	1.9334720330e-05	2.7689280683e-05
1.6000000000e+02	7.9665684567e-03	4.8451853609e-03	1.9508644349e-05	2.7792173209e-05
1.6100000000e+02	7.9944114951e-03	4.8255899406e-03	1.9682121456e-05	2.7893673199e-05
1.6200000000e+02	8.0223553462e-03	4.8058212679e-03	1.9855148632e-05	2.7993802443e-05
1.6300000000e+02	8.0503986502e-03	4.7858797942e-03	2.0027723043e-05	2.8092582407e-05
1.6400000000e+02	8.0785400683e-03	4.7657659736e-03	2.0199842041e-05	2.8190034232e-05
1.6500000000e+02	8.1067782829e-03	4.7454802628e-03	2.0371503152e-05	2.8286178735e-05
1.6600000000e+02	8.1351119969e-03	4.7250231207e-03	2.0542704073e-05	2.8381036416e-05
1.6700000000e+02	8.1635399335e-03	4.7043950088e-03	2.0713442663e-05	2.8474627454e-05
1.6800000000e+02	8.1920608362e-03	4.6835963902e-03	2.0883716940e-05	2.8566971716e-05
1.6900000000e+02	8.2206734679e-03	4.6626277303e-03	2.1053525075e-05	2.8658088756e-05
1.7000000000e+02	8.2493766110e-03	4.6414894960e-03	2.1222865383e-05	2.8747997817e-05
1.7100000000e+02	8.2781690672e-03	4.6201821560e-03	2.1391736323e-05	2.8836717839e-05
1.7200000000e+02	8.3070496566e-03	4.5987061803e-03	2.1560136490e-05	2.8924267456e-05
1.7300000000e+02	8.3360172181e-03	4.5770620403e-03	2.1728064611e-05	2.9010665005e-05
1.7400000000e+02	8.3650706086e-03	4.5552502088e-03	2.1895519539e-05	2.9095928526e-05
1.7500000000e+02	8.3942087030e-03	4.5332711593e-03	2.2062500250e-05	2.9180075764e-05
1.7600000000e+02	8.4234303939e-03	4.5111253666e-03	2.2229005836e-05	2.9263124179e-05
1.7700000000e+02	8.4527345908e-03	4.4888133063e-03	2.2395035506e-05	2.9345090941e-05
1.7800000000e+02	8.4821202208e-03	4.4663354545e-03	2.2560588575e-05	2.9425992940e-05
1.7900000000e+02	8.5115862273e-03	4.4436922882e-03	2.2725664464e-05	2.9505846789e-05
1.8000000000e+02	8.5411315705e-03	4.4208842848e-03	2.2890262698e-05	2.9584668823e-05
1.8100000000e+02	8.5707552264e-03	4.3979119221e-03	2.3054382896e-05	2.9662475109e-05
1.8200000000e+02	8.6004561874e-03	4.3747756784e-03	2.3218024774e-05	2.9739281445e-05
1.8300000000e+02	8.6302334612e-03	4.3514760321e-03	2.3381188137e-05	2.9815103367e-05
1.8400000000e+02	8.6600860710e-03	4.3280134617e-03	2.3543872877e-05	2.9889956150e-05
1.8500000000e+02	8.6900130554e-03	4.3043884459e-03	2.3706078970e-05	2.9963854815e-05
1.8600000000e+02	8.7200134676e-03	4.2806014633e-03	2.3867806475e-05	3.0036814129e-05
1.8700000000e+02	8.7500863754e-03	4.2566529924e-03	2.4029055524e-05	3.0108848612e-05
1.8800000000e+02	8.7802308613e-03	4.2325435117e-03	2.4189826328e-05	3.0179972538e-05
1.8900000000e+02	8.8104460216e-03	4.2082734991e-03	2.4350119167e-05	3.0250199943e-05
1.9000000000e+02	8.8407309669e-03	4.1838434325e-03	2.4509934391e-05	3.0319544623e-05
1.9100000000e+02	8.8710848212e-03	4.1592537894e-03	2.4669272418e-05	3.0388020143e-05
1.9200000000e+02	8.9015067219e-03	4.1345050466e-03	2.4828133726e-05	3.0455639837e-05
1.9300000000e+02	8.9319958199e-03	4.1095976807e-03	2.4986518856e-05	3.0522416814e-05
1.9400000000e+02	8.9625512790e-03	4.0845321674e-03	2.5144428410e-05	3.0588363961e-05
1.9500000000e+02	8.9931722755e-03	4.0593089821e-03	2.5301863043e-05	3.0653493944e-05
1.9600000000e+02	9.0238579986e-03	4.0339285994e-03	2.5458823465e-05	3.0717819216e-05
1.9700000000e+02	9.0546076498e-03	4.0083914930e-03	2.5615310440e-05	3.0781352019e-05
1.9800000000e+02	9.0854204425e-03	3.9826981361e-03	2.5771324780e-05	3.0844104386e-05
1.9900000000e+02	9.1162956023e-03	3.9568490007e-03	2.5926867345e-05	3.0906088146e-05
2.0000000000e+02	9.1472323665e-03	3.9308445583e-03	2.6081939041e-05	3.0967314925e-05
2.0100000000e+02	9.1782299837e-03	3.9046852793e-03	2.6236540818e-05	3.1027796155e-05
2.0200000000e+02	9.2092877140e-03	3.8783716330e-03	2.6390673668e-05	3.1087543070e-05
2.0300000000e+02	9.2404048287e-03	3.8519040879e-03	2.6544338625e-05	3.1146566716e-05
2.0400000000e+02	9.2715806100e-03	3.8252831114e-03	2.6697536758e-05	3.1204877948e-05
2.0500000000e+02	9.3028143507e-03	3.7985091696e-03	2.6850269176e-05	3.1262487440e-05
2.0600000000e+02	9.3341053544e-03	3.7715827279e-03	2.7002537022e-05	3.1319405683e-05
2.0700000000e+02	9.3654529351e-03	3.7445042501e-03	2.7154341474e-05	3.1375642990e-05
2.0800000000e+02	9.3968564168e-03	3.7172741990e-03	2.7305683740e-05	3.1431209498e-05
2.0900000000e+02	9.4283151338e-03	3.6898930362e-03	2.7456565060e-05	3.1486115175e-05
2.1000000000e+02	9.4598284302e-03	3.6623612221e-03	2.7606986705e-05	3.1540369816e-05
2.1100000000e+02	9.4913956596e-03	3.6346792156e-03	2.7756949972e-05	3.1593983053e-05
2.1200000000e+02	9.5230161856e-03	3.6068474745e-03	2.7906456185e-05	3.1646964354e-05
2.1300000000e+02	9.5546893808e-03	3.5788664552e-03	2.8055506693e-05	3.1699323027e-05
2.1400000000e+02	9.5864146272e-03	3.5507366126e-03	2.8204102872e-05	3.1751068223e-05
2.1500000000e+02	9.6181913158e-03	3.5224584004e-03	2.8352246118e-05	3.1802208938e-05
2.1600000000e+02	9.6500188465e-03	3.4940322708e-03	2.8499937850e-05	3.1852754016e-05
2.1700000000e+02	9.6818966282e-03	3.4654586747e-03	2.8647179509e-05	3.1902712153e-05
2.1800000000e+02	9.7138240780e-03	3.4367380614e-03	2.8793972554e-05	3.1952091896e-05
2.1900000000e+02	9.7458006220e-03	3.4078708786e-03	2.8940318463e-05	3.2000901653e-05
2.2000000000e+02	9.7778256941e-03	3.3788575730e-03	2.9086218732e-05	3.2049149685e-05
2.2100000000e+02	9.8098987368e-03	3.3496985892e-03	2.9231674876e-05	3.2096844119e-05
2.2200000000e+02	9.8420192005e-03	3.3203943708e-03	2.9376688422e-05	3.2143992944e-05
2.2300000000e+02	9.8741865434e-03	3.2909453594e-03	2.9521260915e-05	3.2190604014e-05
2.2400000000e+02	9.9064002318e-03	3.2613519954e-03	2.9665393912e-05	3.2236685055e-05
2.2500000000e+02	9.9386597394e-03	3.2316147175e-03	2.9809088986e-05	3.2282243661e-05
2.2600000000e+02	9.9709645475e-03	3.2017339629e-03	2.9952347719e-05	3.2327287301e-05
2.2700000000e+02	1.0003314145e-02	3.1717101670e-03	3.0095171708e-05	3.2371823318e-05
2.2800000000e+02	1.0035708027e-02	3.1415437639e-03	3.0237562559e-05	3.2415858935e-05
2.2900000000e+02	1.0068145698e-02	3.1112351857e-03	3.0379521889e-05	3.2459401254e-05
2.3000000000e+02	1.0100626668e-02	3.0807848634e-03	3.0521051323e-05	3.2502457259e-05
2.3100000000e+02	1.0133150453e-02	3.0501932259e-03	3.0662152498e-05	3.2545033819e-05
2.3200000000e+02	1.0165716578e-02	3.0194607006e-03	3.0802827057e-05	3.2587137690e-05
2.3300000000e+02	1.0198324573e-02	2.9885877134e-03	3.0943076651e-05	3.2628775515e-05
2.3400000000e+02	1.0230973976e-02	2.9575746884e-03	3.1082902937e-05	3.2669953828e-05
2.3500000000e+02	1.0263664330e-02	2.9264220481e-03	3.1222307581e-05	3.2710679058e-05
2.3600000000e+02	1.0296395185e-02	2.8951302132e-03	3.1361292253e-05	3.2750957524e-05
2.3700000000e+02	1.0329166098e-02	2.8636996030e-03	3.1499858628e-05	3.2790795445e-05
2.3800000000e+02	1.0361976631e-02	2.8321306348e-03	3.1638008387e-05	3.2830198938e-05
2.3900000000e+02	1.0394826353e-02	2.8004237245e-03	3.1775743215e-05	3.2869174017e-05
2.4000000000e+02	1.0427714838e-02	2.7685792862e-03	3.1913064800e-05	3.2907726602e-05
2.4100000000e+02	1.0460641667e-02	2.7365977321e-03	3.2049974834e-05	3.2945862514e-05
2.4200000000e+02	1.0493606426e-02	2.7044794731e-03	3.2186475013e-05	3.2983587480e-05
2.4300000000e+02	1.0526608707e-02	2.6722249181e-03	3.2322567033e-05	3.3020907134e-05
2.4400000000e+02	1.0559648107e-02	2.6398344745e-03	3.2458252593e-05	3.3057827019e-05
2.4500000000e+02	1.0592724230e-02	2.6073085479e-03	3.2593533395e-05	3.3094352590e-05
2.4600000000e+02	1.0625836683e-02	2.5746475421e-03	3.2728411141e-05	3.3130489211e-05
2.4700000000e+02	1.0658985080e-02	2.5418518594e-03	3.2862887534e-05	3.3166242162e-05
2.4800000000e+02	1.0692169041e-02	2.5089219002e-03	3.2996964277e-05	3.3201616636e-05
2.4900000000e+02	1.0725388189e-02	2.4758580635e-03	3.3130643074e-05	3.3236617745e-05
2.5000000000e+02	1.0758642154e-02	2.4426607462e-03	3.3263925630e-05	3.3271250519e-05
2.5100000000e+02	1.0791930569e-02	2.4093303437e-03	3.3396813646e-05	3.3305519905e-05
2.5200000000e+02	1.0825253074e-02	2.3758672498e-03	3.3529308826e-05	3.3339430774e-05
2.5300000000e+02	1.0858609313e-02	2.3422718565e-03	3.3661412870e-05	3.3372987918e-05
2.5400000000e+02	1.0891998933e-02	2.3085445539e-03	3.3793127478e-05	3.3406196054e-05
2.5500000000e+02	1.0925421590e-02	2.2746857307e-03	3.3924454349e-05	3.3439059824e-05
2.5600000000e+02	1.0958876940e-02	2.2406957739e-03	3.4055395179e-05	3.3471583794e-05
2.5700000000e+02	1.0992364646e-02	2.2065750685e-03	3.4185951662e-05	3.3503772462e-05
2.5800000000e+02	1.1025884374e-02	2.1723239981e-03	3.4316125490e-05	3.3535630253e-05
2.5900000000e+02	1.1059435797e-02	2.1379429445e-03	3.4445918351e-05	3.3567161522e-05
2.6000000000e+02	1.1093018590e-02	2.1034322878e-03	3.4575331932e-05	3.3598370556e-05
2.6100000000e+02	1.1126632432e-02	2.0687924065e-03	3.4704367916e-05	3.3629261577e-05
2.6200000000e+02	1.1160277009e-02	2.0340236773e-03	3.4833027982e-05	3.3659838737e-05
2.6300000000e+02	1.1193952007e-02	1.9991264753e-03	3.4961313808e-05	3.3690106127e-05
2.6400000000e+02	1.1227657119e-02	1.9641011739e-03	3.5089227065e-05	3.3720067771e-05
2.6500000000e+02	1.1261392042e-02	1.9289481448e-03	3.5216769422e-05	3.3749727635e-05
2.6600000000e+02	1.1295156475e-02	1.8936677581e-03	3.5343942544e-05	3.3779089619e-05
2.6700000000e+02	1.1328950123e-02	1.8582603822e-03	3.5470748092e-05	3.3808157565e-05
2.6800000000e+02	1.1362772693e-02	1.8227263839e-03	3.5597187722e-05	3.3836935256e-05
2.6900000000e+02	1.1396623898e-02	1.7870661282e-03	3.5723263084e-05	3.3865426415e-05
2.7000000000e+02	1.1430503452e-02	1.7512799786e-03	3.5848975827e-05	3.3893634710e-05
2.7100000000e+02	1.1464411074e-02	1.7153682969e-03	3.5974327592e-05	3.3921563750e-05
2.7200000000e+02	1.1498346487e-02	1.6793314432e-03	3.6099320016e-05	3.3949217092e-05
2.7300000000e+02	1.1532309418e-02	1.6431697761e-03	3.6223954731e-05	3.3976598237e-05
2.7400000000e+02	1.1566299594e-02	1.6068836524e-03	3.6348233365e-05	3.4003710632e-05
2.7500000000e+02	1.1600316750e-02	1.5704734275e-03	3.6472157538e-05	3.4030557673e-05
2.7600000000e+02	1.1634360622e-02	1.5339394550e-03	3.6595728867e-05	3.4057142704e-05
2.7700000000e+02	1.1668430950e-02	1.4972820869e-03	3.6718948963e-05	3.4083469018e-05
2.7800000000e+02	1.1702527475e-02	1.4605016736e-03	3.6841819430e-05	3.4109539859e-05
2.7900000000e+02	1.1736649945e-02	1.4235985640e-03	3.6964341868e-05	3.4135358422e-05
2.8000000000e+02	1.1770798109e-02	1.3865731053e-03	3.7086517870e-05	3.4160927853e-05
2.8100000000e+02	1.1804971719e-02	1.3494256432e-03	3.7208349024e-05	3.4186251252e-05
2.8200000000e+02	1.1839170531e-02	1.3121565217e-03	3.7329836911e-05	3.4211331672e-05
2.8300000000e+02	1.1873394302e-02	1.2747660833e-03	3.7450983106e-05	3.4236172120e-05
2.8400000000e+02	1.1907642796e-02	1.2372546689e-03	3.7571789179e-05	3.4260775560e-05
2.8500000000e+02	1.1941915775e-02	1.1996226178e-03	3.7692256693e-05	3.4285144910e-05
2.8600000000e+02	1.1976213009e-02	1.1618702678e-03	3.7812387205e-05	3.4309283045e-05
2.8700000000e+02	1.2010534265e-02	1.1239979552e-03	3.7932182265e-05	3.4333192799e-05
2.8800000000e+02	1.2044879319e-02	1.0860060146e-03	3.8051643418e-05	3.4356876962e-05
2.8900000000e+02	1.2079247945e-02	1.0478947791e-03	3.8170772200e-05	3.4380338284e-05
2.9000000000e+02	1.2113639922e-02	1.0096645805e-03	3.8289570144e-05	3.4403579474e-05
2.9100000000e+02	1.2148055031e-02	9.7131574863e-04	3.8408038773e-05	3.4426603204e-05
2.9200000000e+02	1.2182493057e-02	9.3284861219e-04	3.8526179605e-05	3.4449412102e-05
2.9300000000e+02	1.2216953785e-02	8.9426349818e-04	3.8643994153e-05	3.4472008761e-05
2.9400000000e+02	1.2251437005e-02	8.5556073214e-04	3.8761483920e-05	3.4494395736e-05
2.9500000000e+02	1.2285942507e-02	8.1674063810e-04	3.8878650404e-05	3.4516575544e-05
2.9600000000e+02	1.2320470087e-02	7.7780353860e-04	3.8995495097e-05	3.4538550666e-05
2.9700000000e+02	1.2355019541e-02	7.3874975468e-04	3.9112019483e-05	3.4560323546e-05
2.9800000000e+02	1.2389590668e-02	6.9957960591e-04	3.9228225040e-05	3.4581896595e-05
2.9900000000e+02	1.2424183269e-02	6.6029341038e-04	3.9344113238e-05	3.4603272187e-05
3.0000000000e+02	1.2458797147e-02	6.2089148473e-04	3.9459685542e-05	3.4624452663e-05
3.0100000000e+02	1.2493432110e-02	5.8137414411e-04	3.9574943407e-05	3.4645440330e-05
3.0200000000e+02	1.2528087964e-02	5.4174170225e-04	3.9689888285e-05	3.4666237462e-05
3.0300000000e+02	1.2562764522e-02	5.0199447139e-04	3.9804521619e-05	3.4686846300e-05
3.0400000000e+02	1.2597461595e-02	4.6213276238e-04	3.9918844844e-05	3.4707269056e-05
3.0500000000e+02	1.2632178999e-02	4.2215688460e-04	4.0032859390e-05	3.4727507906e-05
3.0600000000e+02	1.2666916550e-02	3.8206714602e-04	4.0146566680e-05	3.4747564999e-05
3.0700000000e+02	1.2701674069e-02	3.4186385318e-04	4.0259968129e-05	3.4767442451e-05
3.0800000000e+02	1.2736451376e-02	3.0154731124e-04	4.0373065145e-05	3.4787142350e-05
3.0900000000e+02	1.2771248295e-02	2.6111782390e-04	4.0485859130e-05	3.4806666753e-05
3.1000000000e+02	1.2806064652e-02	2.2057569352e-04	4.0598351478e-05	3.4826017690e-05
3.1100000000e+02	1.2840900273e-02	1.7992122103e-04	4.0710543576e-05	3.4845197160e-05
3.1200000000e+02	1.2875754989e-02	1.3915470599e-04	4.0822436806e-05	3.4864207135e-05
3.1300000000e+02	1.2910628632e-02	9.8276446585e-05	4.0934032540e-05	3.4883049562e-05
3.1400000000e+02	1.2945521033e-02	5.7286739622e-05	4.1045332145e-05	3.4901726358e-05
3.1500000000e+02	1.2980432030e-02	1.6185880551e-05	4.1156336982e-05	3.4920239413e-05
3.1600000000e+02	1.3015361458e-02	-2.5025836536e-05	4.1267048401e-05	3.4938590593e-05
3.1700000000e+02	1.3050309158e-02	-6.6348118894e-05	4.1377467749e-05	3.4956781737e-05
3.1800000000e+02	1.3085274969e-02	-1.0778067512e-04	4.1487596365e-05	3.4974814658e-05
3.1900000000e+02	1.3120258735e-02	-1.4932321516e-04	4.1597435580e-05	3.4992691146e-05
3.2000000000e+02	1.3155260300e-02	-1.9097545026e-04	4.1706986718e-05	3.5010412964e-05
3.2100000000e+02	1.3190279510e-02	-2.3273709301e-04	4.1816251099e-05	3.5027981852e-05
3.2200000000e+02	1.3225316213e-02	-2.7460785731e-04	4.1925230032e-05	3.5045399528e-05
3.2300000000e+02	1.3260370259e-02	-3.1658745836e-04	4.2033924821e-05	3.5062667683e-05
3.2400000000e+02	1.3295441499e-02	-3.5867561267e-04	4.2142336764e-05	3.5079787987e-05
3.2500000000e+02	1.3330529786e-02	-4.0087203803e-04	4.2250467151e-05	3.5096762087e-05
3.2600000000e+02	1.3365634975e-02	-4.4317645355e-04	4.2358317265e-05	3.5113591608e-05
3.2700000000e+02	1.3400756922e-02	-4.8558857957e-04	4.2465888383e-05	3.5130278153e-05
3.2800000000e+02	1.3435895484e-02	-5.2810813774e-04	4.2573181774e-05	3.5146823302e-05
3.2900000000e+02	1.3471050522e-02	-5.7073485096e-04	4.2680198701e-05	3.5163228617e-05
3.3000000000e+02	1.3506221895e-02	-6.1346844340e-04	4.2786940420e-05	3.5179495634e-05
3.3100000000e+02	1.3541409467e-02	-6.5630864048e-04	4.2893408181e-05	3.5195625874e-05
3.3200000000e+02	1.3576613102e-02	-6.9925516886e-04	4.2999603225e-05	3.5211620833e-05
3.3300000000e+02	1.3611832664e-02	-7.4230775644e-04	4.3105526789e-05	3.5227481990e-05
3.3400000000e+02	1.3647068022e-02	-7.8546613235e-04	4.3211180102e-05	3.5243210802e-05
3.3500000000e+02	1.3682319042e-02	-8.2873002697e-04	4.3316564386e-05	3.5258808710e-05
3.3600000000e+02	1.3717585596e-02	-8.7209917186e-04	4.3421680857e-05	3.5274277132e-05
3.3700000000e+02	1.3752867554e-02	-9.1557329981e-04	4.3526530723e-05	3.5289617470e-05
3.3800000000e+02	1.3788164789e-02	-9.5915214484e-04	4.3631115188e-05	3.5304831106e-05
3.3900000000e+02	1.3823477174e-02	-1.0028354421e-03	4.3735435447e-05	3.5319919405e-05
3.4000000000e+02	1.3858804586e-02	-1.0466229281e-03	4.3839492689e-05	3.5334883712e-05
3.4100000000e+02	1.3894146901e-02	-1.0905143402e-03	4.3943288097e-05	3.5349725358e-05
3.4200000000e+02	1.3929503997e-02	-1.1345094174e-03	4.4046822848e-05	3.5364445653e-05
3.4300000000e+02	1.3964875752e-02	-1.1786078994e-03	4.4150098110e-05	3.5379045891e-05
3.4400000000e+02	1.4000262049e-02	-1.2228095275e-03	4.4253115047e-05	3.5393527351e-05
3.4500000000e+02	1.4035662768e-02	-1.2671140438e-03	4.4355874816e-05	3.5407891293e-05
3.4600000000e+02	1.4071077793e-02	-1.3115211918e-03	4.4458378567e-05	3.5422138961e-05
3.4700000000e+02	1.4106507007e-02	-1.3560307160e-03	4.4560627445e-05	3.5436271583e-05
3.4800000000e+02	1.4141950298e-02	-1.4006423621e-03	4.4662622586e-05	3.5450290374e-05
3.4900000000e+02	1.4177407551e-02	-1.4453558769e-03	4.4764365122e-05	3.5464196528e-05
3.5000000000e+02	1.4212878654e-02	-1.4901710085e-03	4.4865856178e-05	3.5477991229e-05
3.5100000000e+02	1.4248363496e-02	-1.5350875058e-03	4.4967096872e-05	3.5491675642e-05
3.5200000000e+02	1.4283861969e-02	-1.5801051192e-03	4.5068088317e-05	3.5505250919e-05
3.5300000000e+02	1.4319373962e-02	-1.6252235998e-03	4.5168831620e-05	3.5518718197e-05
3.5400000000e+02	1.4354899369e-02	-1.6704427001e-03	4.5269327880e-05	3.5532078598e-05
3.5500000000e+02	1.4390438084e-02	-1.7157621735e-03	4.5369578190e-05	3.5545333230e-05
3.5600000000e+02	1.4425990001e-02	-1.7611817748e-03	4.5469583640e-05	3.5558483188e-05
3.5700000000e+02	1.4461555016e-02	-1.8067012596e-03	4.5569345309e-05	3.5571529551e-05
3.5800000000e+02	1.4497133026e-02	-1.8523203845e-03	4.5668864275e-05	3.5584473386e-05
3.5900000000e+02	1.4532723929e-02	-1.8980389076e-03	4.5768141606e-05	3.5597315746e-05
3.6000000000e+02	1.4568327624e-02	-1.9438565876e-03	4.5867178365e-05	3.5610057671e-05
3.6100000000e+02	1.4603944011e-02	-1.9897731845e-03	4.5965975611e-05	3.5622700187e-05
3.6200000000e+02	1.4639572991e-02	-2.0357884593e-03	4.6064534394e-05	3.5635244310e-05
3.6300000000e+02	1.4675214467e-02	-2.0819021741e-03	4.6162855761e-05	3.5647691040e-05
3.6400000000e+02	1.4710868341e-02	-2.1281140920e-03	4.6260940751e-05	3.5660041366e-05
3.6500000000e+02	1.4746534518e-02	-2.1744239772e-03	4.6358790398e-05	3.5672296265e-05
3.6600000000e+02	1.4782212902e-02	-2.2208315947e-03	4.6456405730e-05	3.5684456701e-05
3.6700000000e+02	1.4817903400e-02	-2.2673367109e-03	4.6553787769e-05	3.5696523627e-05
3.6800000000e+02	1.4853605919e-02	-2.3139390928e-03	4.6650937532e-05	3.5708497983e-05
3.6900000000e+02	1.4889320366e-02	-2.3606385088e-03	4.6747856029e-05	3.5720380699e-05
3.7000000000e+02	1.4925046650e-02	-2.4074347281e-03	4.6844544265e-05	3.5732172692e-05
3.7100000000e+02	1.4960784681e-02	-2.4543275209e-03	4.6941003240e-05	3.5743874869e-05
3.7200000000e+02	1.4996534370e-02	-2.5013166585e-03	4.7037233948e-05	3.5755488125e-05
3.7300000000e+02	1.5032295628e-02	-2.5484019131e-03	4.7133237376e-05	3.5767013345e-05
3.7400000000e+02	1.5068068368e-02	-2.5955830578e-03	4.7229014507e-05	3.5778451402e-05
3.7500000000e+02	1.5103852502e-02	-2.6428598670e-03	4.7324566318e-05	3.5789803160e-05
3.7600000000e+02	1.5139647946e-02	-2.6902321157e-03	4.7419893780e-05	3.5801069471e-05
3.7700000000e+02	1.5175454613e-02	-2.7376995801e-03	4.7514997859e-05	3.5812251177e-05
3.7800000000e+02	1.5211272420e-02	-2.7852620373e-03	4.7609879517e-05	3.5823349110e-05
3.7900000000e+02	1.5247101283e-02	-2.8329192653e-03	4.7704539706e-05	3.5834364092e-05
3.8000000000e+02	1.5282941121e-02	-2.8806710432e-03	4.7798979379e-05	3.5845296936e-05
3.8100000000e+02	1.5318791850e-02	-2.9285171509e-03	4.7893199478e-05	3.5856148444e-05
3.8200000000e+02	1.5354653391e-02	-2.9764573692e-03	4.7987200943e-05	3.5866919408e-05
3.8300000000e+02	1.5390525662e-02	-3.0244914802e-03	4.8080984707e-05	3.5877610612e-05
3.8400000000e+02	1.5426408586e-02	-3.0726192664e-03	4.8174551698e-05	3.5888222830e-05
3.8500000000e+02	1.5462302082e-02	-3.1208405116e-03	4.8267902841e-05	3.5898756827e-05
3.8600000000e+02	1.5498206074e-02	-3.1691550004e-03	4.8361039052e-05	3.5909213358e-05
3.8700000000e+02	1.5534120483e-02	-3.2175625184e-03	4.8453961244e-05	3.5919593169e-05
3.8800000000e+02	1.5570045235e-02	-3.2660628519e-03	4.8546670326e-05	3.5929896999e-05
3.8900000000e+02	1.5605980252e-02	-3.3146557883e-03	4.8639167199e-05	3.5940125577e-05
3.9000000000e+02	1.5641925461e-02	-3.3633411159e-03	4.8731452761e-05	3.5950279624e-05
3.9100000000e+02	1.5677880787e-02	-3.4121186237e-03	4.8823527904e-05	3.5960359850e-05
3.9200000000e+02	1.5713846156e-02	-3.4609881018e-03	4.8915393515e-05	3.5970366961e-05
3.9300000000e+02	1.5749821497e-02	-3.5099493412e-03	4.9007050478e-05	3.5980301652e-05
3.9400000000e+02	1.5785806736e-02	-3.5590021335e-03	4.9098499668e-05	3.5990164609e-05
3.9500000000e+02	1.5821801802e-02	-3.6081462715e-03	4.9189741958e-05	3.5999956513e-05
3.9600000000e+02	1.5857806625e-02	-3.6573815488e-03	4.9280778217e-05	3.6009678035e-05
3.9700000000e+02	1.5893821135e-02	-3.7067077596e-03	4.9371609306e-05	3.6019329838e-05
3.9800000000e+02	1.5929845262e-02	-3.7561246993e-03	4.9462236083e-05	3.6028912578e-05
3.9900000000e+02	1.5965878937e-02	-3.8056321639e-03	4.9552659401e-05	3.6038426905e-05
4.0000000000e+02	1.6001922093e-02	-3.8552299505e-03	4.9642880109e-05	3.6047873457e-05
4.0100000000e+02	1.6037974662e-02	-3.9049178569e-03	4.9732899049e-05	3.6057252870e-05
4.0200000000e+02	1.6074036577e-02	-3.9546956817e-03	4.9822717060e-05	3.6066565769e-05
4.0300000000e+02	1.6110107771e-02	-4.0045632243e-03	4.9912334977e-05	3.6075812774e-05
4.0400000000e+02	1.6146188180e-02	-4.0545202852e-03	5.0001753628e-05	3.6084994496e-05
4.0500000000e+02	1.6182277739e-02	-4.1045666654e-03	5.0090973838e-05	3.6094111541e-05
4.0600000000e+02	1.6218376382e-02	-4.1547021670e-03	5.0179996426e-05	3.6103164505e-05
4.0700000000e+02	1.6254484047e-02	-4.2049265927e-03	5.0268822210e-05	3.6112153982e-05
4.0800000000e+02	1.6290600669e-02	-4.2552397461e-03	5.0357451998e-05	3.6121080555e-05
4.0900000000e+02	1.6326726187e-02	-4.3056414316e-03	5.0445886598e-05	3.6129944802e-05
4.1000000000e+02	1.6362860538e-02	-4.3561314545e-03	5.0534126811e-05	3.6138747295e-05
4.1100000000e+02	1.6399003661e-02	-4.4067096207e-03	5.0622173435e-05	3.6147488599e-05
4.1200000000e+02	1.6435155495e-02	-4.4573757371e-03	5.0710027263e-05	3.6156169272e-05
4.1300000000e+02	1.6471315980e-02	-4.5081296112e-03	5.0797689082e-05	3.6164789867e-05
4.1400000000e+02	1.6507485055e-02	-4.5589710515e-03	5.0885159678e-05	3.6173350929e-05
4.1500000000e+02	1.6543662662e-02	-4.6098998671e-03	5.0972439829e-05	3.6181853000e-05
4.1600000000e+02	1.6579848742e-02	-4.6609158679e-03	5.1059530311e-05	3.6190296612e-05
4.1700000000e+02	1.6616043236e-02	-4.7120188647e-03	5.1146431896e-05	3.6198682295e-05
4.1800000000e+02	1.6652246087e-02	-4.7632086690e-03	5.1233145349e-05	3.6207010569e-05
4.1900000000e+02	1.6688457238e-02	-4.8144850930e-03	5.1319671434e-05	3.6215281952e-05
4.2000000000e+02	1.6724676632e-02	-4.8658479497e-03	5.1406010909e-05	3.6223496955e-05
4.2100000000e+02	1.6760904213e-02	-4.9172970529e-03	5.1492164528e-05	3.6231656081e-05
4.2200000000e+02	1.6797139926e-02	-4.9688322170e-03	5.1578133040e-05	3.6239759832e-05
4.2300000000e+02	1.6833383715e-02	-5.0204532575e-03	5.1663917192e-05	3.6247808700e-05
4.2400000000e+02	1.6869635525e-02	-5.0721599902e-03	5.1749517725e-05	3.6255803175e-05
4.2500000000e+02	1.6905895303e-02	-5.1239522320e-03	5.1834935376e-05	3.6263743740e-05
4.2600000000e+02	1.6942162995e-02	-5.1758298003e-03	5.1920170880e-05	3.6271630871e-05
4.2700000000e+02	1.6978438547e-02	-5.2277925133e-03	5.2005224966e-05	3.6279465043e-05
4.2800000000e+02	1.7014721907e-02	-5.2798401900e-03	5.2090098358e-05	3.6287246723e-05
4.2900000000e+02	1.7051013023e-02	-5.3319726500e-03	5.2174791779e-05	3.6294976373e-05
4.3000000000e+02	1.7087311843e-02	-5.3841897138e-03	5.2259305946e-05	3.6302654450e-05
4.3100000000e+02	1.7123618315e-02	-5.4364912024e-03	5.2343641572e-05	3.6310281407e-05
4.3200000000e+02	1.7159932389e-02	-5.4888769376e-03	5.2427799367e-05	3.6317857693e-05
4.3300000000e+02	1.7196254014e-02	-5.5413467421e-03	5.2511780036e-05	3.6325383748e-05
4.3400000000e+02	1.7232583140e-02	-5.5939004389e-03	5.2595584282e-05	3.6332860012e-05
4.3500000000e+02	1.7268919717e-02	-5.6465378520e-03	5.2679212803e-05	3.6340286918e-05
4.3600000000e+02	1.7305263697e-02	-5.6992588062e-03	5.2762666292e-05	3.6347664894e-05
4.3700000000e+02	1.7341615031e-02	-5.7520631265e-03	5.2845945440e-05	3.6354994365e-05
4.3800000000e+02	1.7377973670e-02	-5.8049506391e-03	5.2929050934e-05	3.6362275750e-05
4.3900000000e+02	1.7414339566e-02	-5.8579211707e-03	5.3011983456e-05	3.6369509463e-05
4.4000000000e+02	1.7450712673e-02	-5.9109745486e-03	5.3094743686e-05	3.6376695917e-05
4.4100000000e+02	1.7487092943e-02	-5.9641106009e-03	5.3177332298e-05	3.6383835516e-05
4.4200000000e+02	1.7523480329e-02	-6.0173291562e-03	5.3259749966e-05	3.6390928663e-05
4.4300000000e+02	1.7559874785e-02	-6.0706300441e-03	5.3341997356e-05	3.6397975756e-05
4.4400000000e+02	1.7596276265e-02	-6.1240130944e-03	5.3424075134e-05	3.6404977188e-05
4.4500000000e+02	1.7632684724e-02	-6.1774781380e-03	5.3505983960e-05	3.6411933349e-05
4.4600000000e+02	1.7669100117e-02	-6.2310250062e-03	5.3587724491e-05	3.6418844624e-05
4.4700000000e+02	1.7705522398e-02	-6.2846535311e-03	5.3669297381e-05	3.6425711393e-05
4.4800000000e+02	1.7741951525e-02	-6.3383635453e-03	5.3750703281e-05	3.6432534035e-05
4.4900000000e+02	1.7778387452e-02	-6.3921548822e-03	5.3831942838e-05	3.6439312923e-05
4.5000000000e+02	1.7814830136e-02	-6.4460273758e-03	5.3913016693e-05	3.6446048425e-05
4.5100000000e+02	1.7851279534e-02	-6.4999808606e-03	5.3993925488e-05	3.6452740908e-05
4.5200000000e+02	1.7887735604e-02	-6.5540151719e-03	5.4074669858e-05	3.6459390734e-05
4.5300000000e+02	1.7924198302e-02	-6.6081301457e-03	5.4155250436e-05	3.6465998260e-05
4.5400000000e+02	1.7960667586e-02	-6.6623256184e-03	5.4235667852e-05	3.6472563840e-05
4.5500000000e+02	1.7997143416e-02	-6.7166014272e-03	5.4315922731e-05	3.6479087826e-05
4.5600000000e+02	1.8033625748e-02	-6.7709574099e-03	5.4396015698e-05	3.6485570564e-05
4.5700000000e+02	1.8070114543e-02	-6.8253934049e-03	5.4475947370e-05	3.6492012398e-05
4.5800000000e+02	1.8106609759e-02	-6.8799092511e-03	5.4555718364e-05	3.6498413668e-05
4.5900000000e+02	1.8143111357e-02	-6.9345047882e-03	5.4635329292e-05	3.6504774710e-05
4.6000000000e+02	1.8179619296e-02	-6.9891798565e-03	5.4714780765e-05	3.6511095857e-05
4.6100000000e+02	1.8216133536e-02	-7.0439342968e-03	5.4794073389e-05	3.6517377438e-05
4.6200000000e+02	1.8252654037e-02	-7.0987679506e-03	5.4873207766e-05	3.6523619781e-05
4.6300000000e+02	1.8289180762e-02	-7.1536806598e-03	5.4952184497e-05	3.6529823207e-05
4.6400000000e+02	1.8325713671e-02	-7.2086722672e-03	5.5031004177e-05	3.6535988037e-05
4.6500000000e+02	1.8362252725e-02	-7.2637426160e-03	5.5109667401e-05	3.6542114586e-05
4.6600000000e+02	1.8398797887e-02	-7.3188915501e-03	5.5188174759e-05	3.6548203169e-05
4.6700000000e+02	1.8435349119e-02	-7.3741189138e-03	5.5266526837e-05	3.6554254095e-05
4.6800000000e+02	1.8471906383e-02	-7.4294245522e-03	5.5344724221e-05	3.6560267670e-05
4.6900000000e+02	1.8508469642e-02	-7.4848083108e-03	5.5422767490e-05	3.6566244200e-05
4.7000000000e+02	1.8545038859e-02	-7.5402700360e-03	5.5500657224e-05	3.6572183984e-05
4.7100000000e+02	1.8581613998e-02	-7.5958095743e-03	5.5578393996e-05	3.6578087320e-05
4.7200000000e+02	1.8618195022e-02	-7.6514267732e-03	5.5655978379e-05	3.6583954503e-05
4.7300000000e+02	1.8654781895e-02	-7.7071214805e-03	5.5733410942e-05	3.6589785825e-05
4.7400000000e+02	1.8691374582e-02	-7.7628935446e-03	5.5810692250e-05	3.6595581575e-05
4.7500000000e+02	1.8727973046e-02	-7.8187428147e-03	5.5887822866e-05	3.6601342039e-05
4.7600000000e+02	1.8764577254e-02	-7.8746691403e-03	5.5964803350e-05	3.6607067499e-05
4.7700000000e+02	1.8801187170e-02	-7.9306723716e-03	5.6041634259e-05	3.6612758237e-05
4.7800000000e+02	1.8837802759e-02	-7.9867523592e-03	5.6118316147e-05	3.6618414530e-05
4.7900000000e+02	1.8874423988e-02	-8.0429089544e-03	5.6194849566e-05	3.6624036652e-05
4.8000000000e+02	1.8911050821e-02	-8.0991420090e-03	5.6271235063e-05	3.6629624877e-05
4.8100000000e+02	1.8947683226e-02	-8.1554513754e-03	5.6347473184e-05	3.6635179473e-05
4.8200000000e+02	1.8984321169e-02	-8.2118369064e-03	5.6423564472e-05	3.6640700707e-05
4.8300000000e+02	1.9020964616e-02	-8.2682984555e-03	5.6499509466e-05	3.6646188844e-05
4.8400000000e+02	1.9057613536e-02	-8.3248358768e-03	5.6575308703e-05	3.6651644145e-05
4.8500000000e+02	1.9094267894e-02	-8.3814490245e-03	5.6650962718e-05	3.6657066870e-05
4.8600000000e+02	1.9130927659e-02	-8.4381377540e-03	5.6726472042e-05	3.6662457274e-05
4.8700000000e+02	1.9167592798e-02	-8.4949019206e-03	5.6801837204e-05	3.6667815611e-05
4.8800000000e+02	1.9204263279e-02	-8.5517413805e-03	5.6877058729e-05	3.6673142135e-05
4.8900000000e+02	1.9240939071e-02	-8.6086559903e-03	5.6952137141e-05	3.6678437092e-05
4.9000000000e+02	1.9277620143e-02	-8.6656456072e-03	5.7027072960e-05	3.6683700731e-05
4.9100000000e+02	1.9314306463e-02	-8.7227100889e-03	5.7101866704e-05	3.6688933296e-05
4.9200000000e+02	1.9350997999e-02	-8.7798492935e-03	5.7176518888e-05	3.6694135028e-05
4.9300000000e+02	1.9387694722e-02	-8.8370630796e-03	5.7251030025e-05	3.6699306168e-05
4.9400000000e+02	1.9424396602e-02	-8.8943513067e-03	5.7325400624e-05	3.6704446952e-05
4.9500000000e+02	1.9461103606e-02	-8.9517138342e-03	5.7399631193e-05	3.6709557616e-05
4.9600000000e+02	1.9497815707e-02	-9.0091505225e-03	5.7473722237e-05	3.6714638392e-05
4.9700000000e+02	1.9534532873e-02	-9.0666612324e-03	5.7547674257e-05	3.6719689512e-05
4.9800000000e+02	1.9571255076e-02	-9.1242458249e-03	5.7621487753e-05	3.6724711203e-05
4.9900000000e+02	1.9607982286e-02	-9.1819041618e-03	5.7695163222e-05	3.6729703692e-05
5.0000000000e+02	1.9644714474e-02	-9.2396361055e-03	5.7768701158e-05	3.6734667203e-05
5.0100000000e+02	1.9681451611e-02	-9.2974415185e-03	5.7842102054e-05	3.6739601957e-05
5.0200000000e+02	1.9718193668e-02	-9.3553202641e-03	5.7915366399e-05	3.6744508176e-05
5.0300000000e+02	1.9754940618e-02	-9.4132722059e-03	5.7988494679e-05	3.6749386075e-05
5.0400000000e+02	1.9791692431e-02	-9.4712972082e-03	5.8061487379e-05	3.6754235872e-05
5.0500000000e+02	1.9828449080e-02	-9.5293951357e-03	5.8134344982e-05	3.6759057780e-05
5.0600000000e+02	1.9865210537e-02	-9.5875658533e-03	5.8207067966e-05	3.6763852010e-05
5.0700000000e+02	1.9901976775e-02	-9.6458092269e-03	5.8279656808e-05	3.6768618773e-05
5.0800000000e+02	1.9938747766e-02	-9.7041251224e-03	5.8352111984e-05	3.6773358275e-05
5.0900000000e+02	1.9975523482e-02	-9.7625134064e-03	5.8424433966e-05	3.6778070724e-05
5.1000000000e+02	2.0012303898e-02	-9.8209739461e-03	5.8496623224e-05	3.6782756321e-05
5.1100000000e+02	2.0049088986e-02	-9.8795066088e-03	5.8568680225e-05	3.6787415271e-05
5.1200000000e+02	2.0085878720e-02	-9.9381112626e-03	5.8640605435e-05	3.6792047772e-05
5.1300000000e+02	2.0122673073e-02	-9.9967877759e-03	5.8712399316e-05	3.6796654022e-05
5.1400000000e+02	2.0159472019e-02	-1.0055536018e-02	5.8784062329e-05	3.6801234219e-05
5.1500000000e+02	2.0196275533e-02	-1.0114355857e-02	5.8855594932e-05	3.6805788557e-05
5.1600000000e+02	2.0233083588e-02	-1.0173247164e-02	5.8926997581e-05	3.6810317228e-05
5.1700000000e+02	2.0269896159e-02	-1.0232209809e-02	5.8998270731e-05	3.6814820424e-05
5.1800000000e+02	2.0306713220e-02	-1.0291243663e-02	5.9069414832e-05	3.6819298334e-05
5.1900000000e+02	2.0343534747e-02	-1.0350348596e-02	5.9140430333e-05	3.6823751144e-05
5.2000000000e+02	2.0380360714e-02	-1.0409524481e-02	5.9211317682e-05	3.6828179042e-05
5.2100000000e+02	2.0417191097e-02	-1.0468771189e-02	5.9282077324e-05	3.6832582211e-05
5.2200000000e+02	2.0454025871e-02	-1.0528088593e-02	5.9352709700e-05	3.6836960833e-05
5.2300000000e+02	2.0490865010e-02	-1.0587476566e-02	5.9423215251e-05	3.6841315090e-05
5.2400000000e+02	2.0527708493e-02	-1.0646934981e-02	5.9493594416e-05	3.6845645160e-05
5.2500000000e+02	2.0564556293e-02	-1.0706463713e-02	5.9563847629e-05	3.6849951220e-05
5.2600000000e+02	2.0601408387e-02	-1.0766062635e-02	5.9633975326e-05	3.6854233447e-05
5.2700000000e+02	2.0638264752e-02	-1.0825731622e-02	5.9703977938e-05	3.6858492015e-05
5.2800000000e+02	2.0675125363e-02	-1.0885470549e-02	5.9773855894e-05	3.6862727096e-05
5.2900000000e+02	2.0711990198e-02	-1.0945279292e-02	5.9843609622e-05	3.6866938862e-05
5.3000000000e+02	2.0748859233e-02	-1.1005157727e-02	5.9913239548e-05	3.6871127482e-05
5.3100000000e+02	2.0785732446e-02	-1.1065105730e-02	5.9982746093e-05	3.6875293124e-05
5.3200000000e+02	2.0822609812e-02	-1.1125123178e-02	6.0052129681e-05	3.6879435955e-05
5.3300000000e+02	2.0859491310e-02	-1.1185209948e-02	6.0121390729e-05	3.6883556139e-05
5.3400000000e+02	2.0896376917e-02	-1.1245365919e-02	6.0190529655e-05	3.6887653840e-05
5.3500000000e+02	2.0933266610e-02	-1.1305590967e-02	6.0259546874e-05	3.6891729221e-05
5.3600000000e+02	2.0970160368e-02	-1.1365884972e-02	6.0328442798e-05	3.6895782442e-05
5.3700000000e+02	2.1007058168e-02	-1.1426247813e-02	6.0397217840e-05	3.6899813662e-05
5.3800000000e+02	2.1043959988e-02	-1.1486679368e-02	6.0465872408e-05	3.6903823039e-05
5.3900000000e+02	2.1080865807e-02	-1.1547179517e-02	6.0534406909e-05	3.6907810729e-05
5.4000000000e+02	2.1117775602e-02	-1.1607748142e-02	6.0602821748e-05	3.6911776887e-05
5.4100000000e+02	2.1154689353e-02	-1.1668385121e-02	6.0671117328e-05	3.6915721668e-05
5.4200000000e+02	2.1191607038e-02	-1.1729090337e-02	6.0739294050e-05	3.6919645222e-05
5.4300000000e+02	2.1228528637e-02	-1.1789863670e-02	6.0807352314e-05	3.6923547702e-05
5.4400000000e+02	2.1265454127e-02	-1.1850705002e-02	6.0875292516e-05	3.6927429257e-05
5.4500000000e+02	2.1302383488e-02	-1.1911614215e-02	6.0943115053e-05	3.6931290035e-05
5.4600000000e+02	2.1339316700e-02	-1.1972591193e-02	6.1010820317e-05	3.6935130182e-05
5.4700000000e+02	2.1376253742e-02	-1.2033635817e-02	6.1078408700e-05	3.6938949846e-05
5.4800000000e+02	2.1413194593e-02	-1.2094747971e-02	6.1145880592e-05	3.6942749169e-05
5.4900000000e+02	2.1450139233e-02	-1.2155927540e-02	6.1213236381e-05	3.6946528296e-05
5.5000000000e+02	2.1487087643e-02	-1.2217174406e-02	6.1280476452e-05	3.6950287368e-05
5.5100000000e+02	2.1524039801e-02	-1.2278488454e-02	6.1347601190e-05	3.6954026526e-05
5.5200000000e+02	2.1560995689e-02	-1.2339869570e-02	6.1414610977e-05	3.6957745910e-05
5.5300000000e+02	2.1597955287e-02	-1.2401317638e-02	6.1481506193e-05	3.6961445657e-05
5.5400000000e+02	2.1634918574e-02	-1.2462832544e-02	6.1548287217e-05	3.6965125904e-05
5.5500000000e+02	2.1671885532e-02	-1.2524414174e-02	6.1614954426e-05	3.6968786788e-05
5.5600000000e+02	2.1708856141e-02	-1.2586062415e-02	6.1681508195e-05	3.6972428443e-05
5.5700000000e+02	2.1745830383e-02	-1.2647777153e-02	6.1747948897e-05	3.6976051003e-05
5.5800000000e+02	2.1782808237e-02	-1.2709558275e-02	6.1814276904e-05	3.6979654600e-05
5.5900000000e+02	2.1819789686e-02	-1.2771405669e-02	6.1880492585e-05	3.6983239366e-05
5.6000000000e+02	2.1856774709e-02	-1.2833319223e-02	6.1946596308e-05	3.6986805429e-05
5.6100000000e+02	2.1893763290e-02	-1.2895298825e-02	6.2012588440e-05	3.6990352921e-05
5.6200000000e+02	2.1930755409e-02	-1.2957344363e-02	6.2078469345e-05	3.6993881967e-05
5.6300000000e+02	2.1967751048e-02	-1.3019455727e-02	6.2144239386e-05	3.6997392696e-05
5.6400000000e+02	2.2004750188e-02	-1.3081632805e-02	6.2209898924e-05	3.7000885233e-05
5.6500000000e+02	2.2041752812e-02	-1.3143875488e-02	6.2275448319e-05	3.7004359702e-05
5.6600000000e+02	2.2078758902e-02	-1.3206183665e-02	6.2340887927e-05	3.7007816227e-05
5.6700000000e+02	2.2115768439e-02	-1.3268557227e-02	6.2406218106e-05	3.7011254931e-05
5.6800000000e+02	2.2152781406e-02	-1.3330996065e-02	6.2471439209e-05	3.7014675935e-05
5.6900000000e+02	2.2189797785e-02	-1.3393500069e-02	6.2536551589e-05	3.7018079360e-05
5.7000000000e+02	2.2226817559e-02	-1.3456069132e-02	6.2601555598e-05	3.7021465325e-05
5.7100000000e+02	2.2263840710e-02	-1.3518703144e-02	6.2666451584e-05	3.7024833948e-05
5.7200000000e+02	2.2300867221e-02	-1.3581401999e-02	6.2731239895e-05	3.7028185348e-05
5.7300000000e+02	2.2337897075e-02	-1.3644165588e-02	6.2795920878e-05	3.7031519640e-05
5.7400000000e+02	2.2374930255e-02	-1.3706993805e-02	6.2860494878e-05	3.7034836940e-05
5.7500000000e+02	2.2411966743e-02	-1.3769886543e-02	6.2924962236e-05	3.7038137363e-05
5.7600000000e+02	2.2449006524e-02	-1.3832843694e-02	6.2989323295e-05	3.7041421022e-05
5.7700000000e+02	2.2486049580e-02	-1.3895865154e-02	6.3053578394e-05	3.7044688030e-05
5.7800000000e+02	2.2523095894e-02	-1.3958950816e-02	6.3117727872e-05	3.7047938498e-05
5.7900000000e+02	2.2560145451e-02	-1.4022100575e-02	6.3181772065e-05	3.7051172537e-05
5.8000000000e+02	2.2597198234e-02	-1.4085314325e-02	6.3245711308e-05	3.7054390258e-05
5.8100000000e+02	2.2634254226e-02	-1.4148591962e-02	6.3309545936e-05	3.7057591769e-05
5.8200000000e+02	2.2671313412e-02	-1.4211933382e-02	6.3373276279e-05	3.7060777177e-05
5.8300000000e+02	2.2708375775e-02	-1.4275338480e-02	6.3436902668e-05	3.7063946591e-05
5.8400000000e+02	2.2745441300e-02	-1.4338807153e-02	6.3500425433e-05	3.7067100117e-05
5.8500000000e+02	2.2782509970e-02	-1.4402339297e-02	6.3563844901e-05	3.7070237859e-05
5.8600000000e+02	2.2819581770e-02	-1.4465934808e-02	6.3627161397e-05	3.7073359922e-05
5.8700000000e+02	2.2856656685e-02	-1.4529593585e-02	6.3690375247e-05	3.7076466411e-05
5.8800000000e+02	2.2893734698e-02	-1.4593315525e-02	6.3753486774e-05	3.7079557427e-05
5.8900000000e+02	2.2930815795e-02	-1.4657100525e-02	6.3816496298e-05	3.7082633074e-05
5.9000000000e+02	2.2967899959e-02	-1.4720948483e-02	6.3879404140e-05	3.7085693451e-05
5.9100000000e+02	2.3004987176e-02	-1.4784859299e-02	6.3942210619e-05	3.7088738659e-05
5.9200000000e+02	2.3042077431e-02	-1.4848832871e-02	6.4004916051e-05	3.7091768798e-05
5.9300000000e+02	2.3079170709e-02	-1.4912869098e-02	6.4067520754e-05	3.7094783966e-05
5.9400000000e+02	2.3116266994e-02	-1.4976967879e-02	6.4130025040e-05	3.7097784262e-05
5.9500000000e+02	2.3153366273e-02	-1.5041129115e-02	6.4192429222e-05	3.7100769782e-05
5.9600000000e+02	2.3190468529e-02	-1.5105352704e-02	6.4254733613e-05	3.7103740622e-05
5.9700000000e+02	2.3227573749e-02	-1.5169638549e-02	6.4316938522e-05	3.7106696879e-05
5.9800000000e+02	2.3264681918e-02	-1.5233986548e-02	6.4379044258e-05	3.7109638646e-05
5.9900000000e+02	2.3301793022e-02	-1.5298396604e-02	6.4441051128e-05	3.7112566019e-05
6.0000000000e+02	2.3338907045e-02	-1.5362868618e-02	6.4502959438e-05	3.7115479090e-05
6.0100000000e+02	2.3376023975e-02	-1.5427402490e-02	6.4564769493e-05	3.7118377951e-05
6.0200000000e+02	2.3413143796e-02	-1.5491998124e-02	6.4626481595e-05	3.7121262694e-05
6.0300000000e+02	2.3450266496e-02	-1.5556655421e-02	6.4688096047e-05	3.7124133411e-05
6.0400000000e+02	2.3487392059e-02	-1.5621374284e-02	6.4749613149e-05	3.7126990191e-05
6.0500000000e+02	2.3524520471e-02	-1.5686154615e-02	6.4811033201e-05	3.7129833125e-05
6.0600000000e+02	2.3561651720e-02	-1.5750996318e-02	6.4872356498e-05	3.7132662301e-05
6.0700000000e+02	2.3598785791e-02	-1.5815899296e-02	6.4933583340e-05	3.7135477806e-05
6.0800000000e+02	2.3635922671e-02	-1.5880863452e-02	6.4994714019e-05	3.7138279729e-05
6.0900000000e+02	2.3673062346e-02	-1.5945888692e-02	6.5055748831e-05	3.7141068157e-05
6.1000000000e+02	2.3710204803e-02	-1.6010974918e-02	6.5116688068e-05	3.7143843175e-05
6.1100000000e+02	2.3747350028e-02	-1.6076122036e-02	6.5177532021e-05	3.7146604868e-05
6.1200000000e+02	2.3784498009e-02	-1.6141329951e-02	6.5238280979e-05	3.7149353322e-05
6.1300000000e+02	2.3821648731e-02	-1.6206598567e-02	6.5298935232e-05	3.7152088621e-05
6.1400000000e+02	2.3858802181e-02	-1.6271927790e-02	6.5359495067e-05	3.7154810847e-05
6.1500000000e+02	2.3895958348e-02	-1.6337317525e-02	6.5419960770e-05	3.7157520084e-05
6.1600000000e+02	2.3933117217e-02	-1.6402767680e-02	6.5480332625e-05	3.7160216413e-05
6.1700000000e+02	2.3970278777e-02	-1.6468278159e-02	6.5540610917e-05	3.7162899916e-05
6.1800000000e+02	2.4007443013e-02	-1.6533848871e-02	6.5600795928e-05	3.7165570674e-05
6.1900000000e+02	2.4044609914e-02	-1.6599479720e-02	6.5660887938e-05	3.7168228767e-05
6.2000000000e+02	2.4081779466e-02	-1.6665170616e-02	6.5720887229e-05	3.7170874274e-05
6.2100000000e+02	2.4118951658e-02	-1.6730921464e-02	6.5780794077e-05	3.7173507275e-05
6.2200000000e+02	2.4156126477e-02	-1.6796732173e-02	6.5840608761e-05	3.7176127847e-05
6.2300000000e+02	2.4193303910e-02	-1.6862602651e-02	6.5900331558e-05	3.7178736069e-05
6.2400000000e+02	2.4230483945e-02	-1.6928532806e-02	6.5959962741e-05	3.7181332017e-05
6.2500000000e+02	2.4267666570e-02	-1.6994522546e-02	6.6019502585e-05	3.7183915768e-05
6.2600000000e+02	2.4304851772e-02	-1.7060571780e-02	6.6078951362e-05	3.7186487397e-05
6.2700000000e+02	2.4342039540e-02	-1.7126680418e-02	6.6138309344e-05	3.7189046981e-05
6.2800000000e+02	2.4379229862e-02	-1.7192848369e-02	6.6197576801e-05	3.7191594594e-05
6.2900000000e+02	2.4416422726e-02	-1.7259075542e-02	6.6256754002e-05	3.7194130309e-05
6.3000000000e+02	2.4453618119e-02	-1.7325361847e-02	6.6315841215e-05	3.7196654201e-05
6.3100000000e+02	2.4490816030e-02	-1.7391707194e-02	6.6374838707e-05	3.7199166342e-05
6.3200000000e+02	2.4528016448e-02	-1.7458111494e-02	6.6433746744e-05	3.7201666806e-05
6.3300000000e+02	2.4565219360e-02	-1.7524574658e-02	6.6492565589e-05	3.7204155663e-05
6.3400000000e+02	2.4602424755e-02	-1.7591096596e-02	6.6551295506e-05	3.7206632985e-05
6.3500000000e+02	2.4639632622e-02	-1.7657677220e-02	6.6609936758e-05	3.7209098844e-05
6.3600000000e+02	2.4676842949e-02	-1.7724316440e-02	6.6668489605e-05	3.7211553308e-05
6.3700000000e+02	2.4714055725e-02	-1.7791014169e-02	6.6726954308e-05	3.7213996449e-05
6.3800000000e+02	2.4751270938e-02	-1.7857770319e-02	6.6785331125e-05	3.7216428335e-05
6.3900000000e+02	2.4788488578e-02	-1.7924584802e-02	6.6843620313e-05	3.7218849035e-05
6.4000000000e+02	2.4825708633e-02	-1.7991457531e-02	6.6901822130e-05	3.7221258617e-05
6.4100000000e+02	2.4862931091e-02	-1.8058388418e-02	6.6959936831e-05	3.7223657148e-05
6.4200000000e+02	2.4900155943e-02	-1.8125377376e-02	6.7017964671e-05	3.7226044697e-05
6.4300000000e+02	2.4937383177e-02	-1.8192424318e-02	6.7075905902e-05	3.7228421329e-05
6.4400000000e+02	2.4974612782e-02	-1.8259529159e-02	6.7133760778e-05	3.7230787110e-05
6.4500000000e+02	2.5011844748e-02	-1.8326691811e-02	6.7191529548e-05	3.7233142106e-05
6.4600000000e+02	2.5049079063e-02	-1.8393912189e-02	6.7249212464e-05	3.7235486383e-05
6.4700000000e+02	2.5086315717e-02	-1.8461190207e-02	6.7306809775e-05	3.7237820005e-05
6.4800000000e+02	2.5123554699e-02	-1.8528525780e-02	6.7364321728e-05	3.7240143036e-05
6.4900000000e+02	2.5160795999e-02	-1.8595918822e-02	6.7421748570e-05	3.7242455539e-05
6.5000000000e+02	2.5198039607e-02	-1.8663369249e-02	6.7479090548e-05	3.7244757579e-05
6.5100000000e+02	2.5235285511e-02	-1.8730876975e-02	6.7536347905e-05	3.7247049217e-05
6.5200000000e+02	2.5272533702e-02	-1.8798441917e-02	6.7593520887e-05	3.7249330516e-05
6.5300000000e+02	2.5309784169e-02	-1.8866063989e-02	6.7650609736e-05	3.7251601538e-05
6.5400000000e+02	2.5347036902e-02	-1.8933743108e-02	6.7707614694e-05	3.7253862345e-05
6.5500000000e+02	2.5384291890e-02	-1.9001479191e-02	6.7764536001e-05	3.7256112996e-05
6.5600000000e+02	2.5421549124e-02	-1.9069272152e-02	6.7821373897e-05	3.7258353552e-05
6.5700000000e+02	2.5458808594e-02	-1.9137121911e-02	6.7878128622e-05	3.7260584074e-05
6.5800000000e+02	2.5496070289e-02	-1.9205028382e-02	6.7934800412e-05	3.7262804621e-05
6.5900000000e+02	2.5533334200e-02	-1.9272991484e-02	6.7991389505e-05	3.7265015252e-05
6.6000000000e+02	2.5570600316e-02	-1.9341011134e-02	6.8047896136e-05	3.7267216026e-05
6.6100000000e+02	2.5607868629e-02	-1.9409087249e-02	6.8104320541e-05	3.7269407001e-05
6.6200000000e+02	2.5645139127e-02	-1.9477219747e-02	6.8160662952e-05	3.7271588234e-05
6.6300000000e+02	2.5682411802e-02	-1.9545408547e-02	6.8216923604e-05	3.7273759784e-05
6.6400000000e+02	2.5719686643e-02	-1.9613653567e-02	6.8273102727e-05	3.7275921707e-05
6.6500000000e+02	2.5756963642e-02	-1.9681954726e-02	6.8329200553e-05	3.7278074060e-05
6.6600000000e+02	2.5794242788e-02	-1.9750311941e-02	6.8385217312e-05	3.7280216898e-05
6.6700000000e+02	2.5831524073e-02	-1.9818725133e-02	6.8441153232e-05	3.7282350278e-05
6.6800000000e+02	2.5868807486e-02	-1.9887194221e-02	6.8497008543e-05	3.7284474255e-05
6.6900000000e+02	2.5906093018e-02	-1.9955719124e-02	6.8552783470e-05	3.7286588884e-05
6.7000000000e+02	2.5943380660e-02	-2.0024299761e-02	6.8608478241e-05	3.7288694220e-05
6.7100000000e+02	2.5980670403e-02	-2.0092936054e-02	6.8664093080e-05	3.7290790315e-05
6.7200000000e+02	2.6017962238e-02	-2.0161627921e-02	6.8719628212e-05	3.7292877225e-05
6.7300000000e+02	2.6055256155e-02	-2.0230375283e-02	6.8775083861e-05	3.7294955003e-05
6.7400000000e+02	2.6092552145e-02	-2.0299178062e-02	6.8830460248e-05	3.7297023701e-05
6.7500000000e+02	2.6129850199e-02	-2.0368036178e-02	6.8885757595e-05	3.7299083373e-05
6.7600000000e+02	2.6167150309e-02	-2.0436949551e-02	6.8940976124e-05	3.7301134069e-05
6.7700000000e+02	2.6204452464e-02	-2.0505918104e-02	6.8996116053e-05	3.7303175843e-05
6.7800000000e+02	2.6241756657e-02	-2.0574941757e-02	6.9051177602e-05	3.7305208746e-05
6.7900000000e+02	2.6279062879e-02	-2.0644020433e-02	6.9106160989e-05	3.7307232828e-05
6.8000000000e+02	2.6316371120e-02	-2.0713154053e-02	6.9161066431e-05	3.7309248141e-05
6.8100000000e+02	2.6353681372e-02	-2.0782342540e-02	6.9215894144e-05	3.7311254734e-05
6.8200000000e+02	2.6390993627e-02	-2.0851585815e-02	6.9270644343e-05	3.7313252659e-05
6.8300000000e+02	2.6428307875e-02	-2.0920883803e-02	6.9325317244e-05	3.7315241963e-05
6.8400000000e+02	2.6465624108e-02	-2.0990236424e-02	6.9379913059e-05	3.7317222698e-05
6.8500000000e+02	2.6502942317e-02	-2.1059643603e-02	6.9434432001e-05	3.7319194911e-05
6.8600000000e+02	2.6540262495e-02	-2.1129105263e-02	6.9488874282e-05	3.7321158652e-05
6.8700000000e+02	2.6577584632e-02	-2.1198621326e-02	6.9543240114e-05	3.7323113968e-05
6.8800000000e+02	2.6614908720e-02	-2.1268191718e-02	6.9597529706e-05	3.7325060908e-05
6.8900000000e+02	2.6652234751e-02	-2.1337816360e-02	6.9651743267e-05	3.7326999518e-05
6.9000000000e+02	2.6689562716e-02	-2.1407495179e-02	6.9705881007e-05	3.7328929847e-05
6.9100000000e+02	2.6726892608e-02	-2.1477228097e-02	6.9759943133e-05	3.7330851941e-05
6.9200000000e+02	2.6764224417e-02	-2.1547015040e-02	6.9813929852e-05	3.7332765847e-05
6.9300000000e+02	2.6801558137e-02	-2.1616855932e-02	6.9867841369e-05	3.7334671611e-05
6.9400000000e+02	2.6838893758e-02	-2.1686750698e-02	6.9921677890e-05	3.7336569279e-05
6.9500000000e+02	2.6876231273e-02	-2.1756699263e-02	6.9975439619e-05	3.7338458896e-05
6.9600000000e+02	2.6913570673e-02	-2.1826701552e-02	7.0029126760e-05	3.7340340508e-05
6.9700000000e+02	2.6950911951e-02	-2.1896757491e-02	7.0082739516e-05	3.7342214160e-05
6.9800000000e+02	2.6988255099e-02	-2.1966867006e-02	7.0136278087e-05	3.7344079896e-05
6.9900000000e+02	2.7025600108e-02	-2.2037030023e-02	7.0189742677e-05	3.7345937761e-05
7.0000000000e+02	2.7062946972e-02	-2.2107246467e-02	7.0243133484e-05	3.7347787799e-05
7.0100000000e+02	2.7100295681e-02	-2.2177516265e-02	7.0296450708e-05	3.7349630053e-05
7.0200000000e+02	2.7137646229e-02	-2.2247839344e-02	7.0349694549e-05	3.7351464567e-05
7.0300000000e+02	2.7174998608e-02	-2.2318215630e-02	7.0402865203e-05	3.7353291384e-05
7.0400000000e+02	2.7212352809e-02	-2.2388645050e-02	7.0455962869e-05	3.7355110547e-05
7.0500000000e+02	2.7249708826e-02	-2.2459127531e-02	7.0508987742e-05	3.7356922099e-05
7.0600000000e+02	2.7287066651e-02	-2.2529663001e-02	7.0561940018e-05	3.7358726081e-05
7.0700000000e+02	2.7324426276e-02	-2.2600251387e-02	7.0614819892e-05	3.7360522535e-05
7.0800000000e+02	2.7361787694e-02	-2.2670892617e-02	7.0667627557e-05	3.7362311504e-05
7.0900000000e+02	2.7399150896e-02	-2.2741586618e-02	7.0720363209e-05	3.7364093028e-05
7.1000000000e+02	2.7436515877e-02	-2.2812333320e-02	7.0773027038e-05	3.7365867149e-05
7.1100000000e+02	2.7473882628e-02	-2.2883132649e-02	7.0825619236e-05	3.7367633908e-05
7.1200000000e+02	2.7511251143e-02	-2.2953984534e-02	7.0878139996e-05	3.7369393344e-05
7.1300000000e+02	2.7548621413e-02	-2.3024888905e-02	7.0930589506e-05	3.7371145498e-05
7.1400000000e+02	2.7585993431e-02	-2.3095845690e-02	7.0982967956e-05	3.7372890411e-05
7.1500000000e+02	2.7623367191e-02	-2.3166854817e-02	7.1035275536e-05	3.7374628122e-05
7.1600000000e+02	2.7660742685e-02	-2.3237916217e-02	7.1087512433e-05	3.7376358669e-05
7.1700000000e+02	2.7698119906e-02	-2.3309029819e-02	7.1139678835e-05	3.7378082094e-05
7.1800000000e+02	2.7735498847e-02	-2.3380195551e-02	7.1191774928e-05	3.7379798433e-05
7.1900000000e+02	2.7772879500e-02	-2.3451413345e-02	7.1243800898e-05	3.7381507727e-05
7.2000000000e+02	2.7810261860e-02	-2.3522683130e-02	7.1295756930e-05	3.7383210012e-05
7.2100000000e+02	2.7847645918e-02	-2.3594004836e-02	7.1347643209e-05	3.7384905329e-05
7.2200000000e+02	2.7885031668e-02	-2.3665378393e-02	7.1399459919e-05	3.7386593713e-05
7.2300000000e+02	2.7922419103e-02	-2.3736803732e-02	7.1451207242e-05	3.7388275203e-05
7.2400000000e+02	2.7959808216e-02	-2.3808280784e-02	7.1502885360e-05	3.7389949837e-05
7.2500000000e+02	2.7997199001e-02	-2.3879809480e-02	7.1554494456e-05	3.7391617651e-05
7.2600000000e+02	2.8034591449e-02	-2.3951389750e-02	7.1606034711e-05	3.7393278681e-05
7.2700000000e+02	2.8071985556e-02	-2.4023021527e-02	7.1657506303e-05	3.7394932966e-05
7.2800000000e+02	2.8109381313e-02	-2.4094704740e-02	7.1708909414e-05	3.7396580541e-05
7.2900000000e+02	2.8146778715e-02	-2.4166439323e-02	7.1760244221e-05	3.7398221441e-05
7.3000000000e+02	2.8184177754e-02	-2.4238225206e-02	7.1811510904e-05	3.7399855704e-05
7.3100000000e+02	2.8221578424e-02	-2.4310062322e-02	7.1862709639e-05	3.7401483364e-05
7.3200000000e+02	2.8258980718e-02	-2.4381950603e-02	7.1913840602e-05	3.7403104458e-05
7.3300000000e+02	2.8296384631e-02	-2.4453889981e-02	7.1964903972e-05	3.7404719019e-05
7.3400000000e+02	2.8333790154e-02	-2.4525880388e-02	7.2015899921e-05	3.7406327083e-05
7.3500000000e+02	2.8371197283e-02	-2.4597921758e-02	7.2066828627e-05	3.7407928686e-05
7.3600000000e+02	2.8408606009e-02	-2.4670014023e-02	7.2117690261e-05	3.7409523860e-05
7.3700000000e+02	2.8446016328e-02	-2.4742157116e-02	7.2168484999e-05	3.7411112641e-05
7.3800000000e+02	2.8483428233e-02	-2.4814350971e-02	7.2219213013e-05	3.7412695062e-05
7.3900000000e+02	2.8520841716e-02	-2.4886595520e-02	7.2269874474e-05	3.7414271157e-05
7.4000000000e+02	2.8558256773e-02	-2.4958890698e-02	7.2320469555e-05	3.7415840960e-05
7.4100000000e+02	2.8595673396e-02	-2.5031236437e-02	7.2370998425e-05	3.7417404505e-05
7.4200000000e+02	2.8633091580e-02	-2.5103632672e-02	7.2421461256e-05	3.7418961823e-05
7.4300000000e+02	2.8670511318e-02	-2.5176079338e-02	7.2471858217e-05	3.7420512948e-05
7.4400000000e+02	2.8707932604e-02	-2.5248576367e-02	7.2522189477e-05	3.7422057913e-05
7.4500000000e+02	2.8745355431e-02	-2.5321123695e-02	7.2572455203e-05	3.7423596750e-05
7.4600000000e+02	2.8782779795e-02	-2.5393721256e-02	7.2622655564e-05	3.7425129492e-05
7.4700000000e+02	2.8820205688e-02	-2.5466368984e-02	7.2672790726e-05	3.7426656170e-05
7.4800000000e+02	2.8857633105e-02	-2.5539066815e-02	7.2722860857e-05	3.7428176816e-05
7.4900000000e+02	2.8895062040e-02	-2.5611814684e-02	7.2772866120e-05	3.7429691462e-05
7.5000000000e+02	2.8932492486e-02	-2.5684612526e-02	7.2822806683e-05	3.7431200139e-05
7.5100000000e+02	2.8969924438e-02	-2.5757460276e-02	7.2872682709e-05	3.7432702879e-05
7.5200000000e+02	2.9007357890e-02	-2.5830357870e-02	7.2922494362e-05	3.7434199712e-05
7.5300000000e+02	2.9044792836e-02	-2.5903305243e-02	7.2972241805e-05	3.7435690670e-05
7.5400000000e+02	2.9082229270e-02	-2.5976302332e-02	7.3021925201e-05	3.7437175782e-05
7.5500000000e+02	2.9119667185e-02	-2.6049349072e-02	7.3071544712e-05	3.7438655080e-05
7.5600000000e+02	2.9157106578e-02	-2.6122445400e-02	7.3121100500e-05	3.7440128594e-05
7.5700000000e+02	2.9194547441e-02	-2.6195591252e-02	7.3170592725e-05	3.7441596353e-05
7.5800000000e+02	2.9231989769e-02	-2.6268786565e-02	7.3220021548e-05	3.7443058387e-05
7.5900000000e+02	2.9269433556e-02	-2.6342031274e-02	7.3269387128e-05	3.7444514726e-05
7.6000000000e+02	2.9306878796e-02	-2.6415325318e-02	7.3318689624e-05	3.7445965399e-05
7.6100000000e+02	2.9344325484e-02	-2.6488668633e-02	7.3367929195e-05	3.7447410437e-05
7.6200000000e+02	2.9381773615e-02	-2.6562061155e-02	7.3417105998e-05	3.7448849867e-05
7.6300000000e+02	2.9419223182e-02	-2.6635502824e-02	7.3466220191e-05	3.7450283718e-05
7.6400000000e+02	2.9456674181e-02	-2.6708993575e-02	7.3515271932e-05	3.7451712020e-05
7.6500000000e+02	2.9494126605e-02	-2.6782533347e-02	7.3564261374e-05	3.7453134800e-05
7.6600000000e+02	2.9531580448e-02	-2.6856122077e-02	7.3613188676e-05	3.7454552088e-05
7.6700000000e+02	2.9569035707e-02	-2.6929759704e-02	7.3662053990e-05	3.7455963911e-05
7.6800000000e+02	2.9606492374e-02	-2.7003446164e-02	7.3710857472e-05	3.7457370297e-05
7.6900000000e+02	2.9643950446e-02	-2.7077181398e-02	7.3759599276e-05	3.7458771274e-05
7.7000000000e+02	2.9681409915e-02	-2.7150965342e-02	7.3808279555e-05	3.7460166870e-05
7.7100000000e+02	2.9718870778e-02	-2.7224797937e-02	7.3856898462e-05	3.7461557111e-05
7.7200000000e+02	2.9756333028e-02	-2.7298679119e-02	7.3905456148e-05	3.7462942026e-05
7.7300000000e+02	2.9793796660e-02	-2.7372608828e-02	7.3953952766e-05	3.7464321641e-05
7.7400000000e+02	2.9831261669e-02	-2.7446587004e-02	7.4002388467e-05	3.7465695984e-05
7.7500000000e+02	2.9868728050e-02	-2.7520613585e-02	7.4050763400e-05	3.7467065080e-05
7.7600000000e+02	2.9906195798e-02	-2.7594688511e-02	7.4099077717e-05	3.7468428957e-05
7.7700000000e+02	2.9943664906e-02	-2.7668811720e-02	7.4147331566e-05	3.7469787641e-05
7.7800000000e+02	2.9981135371e-02	-2.7742983154e-02	7.4195525096e-05	3.7471141159e-05
7.7900000000e+02	3.0018607187e-02	-2.7817202751e-02	7.4243658456e-05	3.7472489535e-05
7.8000000000e+02	3.0056080349e-02	-2.7891470451e-02	7.4291731794e-05	3.7473832797e-05
7.8100000000e+02	3.0093554851e-02	-2.7965786194e-02	7.4339745256e-05	3.7475170970e-05
7.8200000000e+02	3.0131030689e-02	-2.8040149921e-02	7.4387698990e-05	3.7476504079e-05
7.8300000000e+02	3.0168507857e-02	-2.8114561572e-02	7.4435593141e-05	3.7477832151e-05
7.8400000000e+02	3.0205986351e-02	-2.8189021088e-02	7.4483427856e-05	3.7479155209e-05
7.8500000000e+02	3.0243466166e-02	-2.8263528408e-02	7.4531203279e-05	3.7480473280e-05
7.8600000000e+02	3.0280947296e-02	-2.8338083475e-02	7.4578919556e-05	3.7481786389e-05
7.8700000000e+02	3.0318429737e-02	-2.8412686228e-02	7.4626576830e-05	3.7483094559e-05
7.8800000000e+02	3.0355913484e-02	-2.8487336609e-02	7.4674175244e-05	3.7484397816e-05
7.8900000000e+02	3.0393398531e-02	-2.8562034559e-02	7.4721714943e-05	3.7485696185e-05
7.9000000000e+02	3.0430884875e-02	-2.8636780019e-02	7.4769196068e-05	3.7486989689e-05
7.9100000000e+02	3.0468372509e-02	-2.8711572931e-02	7.4816618761e-05	3.7488278353e-05
7.9200000000e+02	3.0505861430e-02	-2.8786413237e-02	7.4863983165e-05	3.7489562201e-05
7.9300000000e+02	3.0543351632e-02	-2.8861300878e-02	7.4911289420e-05	3.7490841256e-05
7.9400000000e+02	3.0580843111e-02	-2.8936235797e-02	7.4958537667e-05	3.7492115543e-05
7.9500000000e+02	3.0618335861e-02	-2.9011217934e-02	7.5005728045e-05	3.7493385085e-05
7.9600000000e+02	3.0655829879e-02	-2.9086247233e-02	7.5052860694e-05	3.7494649905e-05
7.9700000000e+02	3.0693325160e-02	-2.9161323636e-02	7.5099935754e-05	3.7495910028e-05
7.9800000000e+02	3.0730821698e-02	-2.9236447086e-02	7.5146953363e-05	3.7497165475e-05
7.9900000000e+02	3.0768319489e-02	-2.9311617524e-02	7.5193913658e-05	3.7498416270e-05
8.0000000000e+02	3.0805818529e-02	-2.9386834894e-02	7.5240816778e-05	3.7499662437e-05
8.0100000000e+02	3.0843318812e-02	-2.9462099139e-02	7.5287662860e-05	3.7500903996e-05
8.0200000000e+02	3.0880820335e-02	-2.9537410201e-02	7.5334452040e-05	3.7502140973e-05
8.0300000000e+02	3.0918323093e-02	-2.9612768024e-02	7.5381184454e-05	3.7503373387e-05
8.0400000000e+02	3.0955827080e-02	-2.9688172551e-02	7.5427860238e-05	3.7504601263e-05
8.0500000000e+02	3.0993332294e-02	-2.9763623725e-02	7.5474479527e-05	3.7505824622e-05
8.0600000000e+02	3.1030838728e-02	-2.9839121491e-02	7.5521042456e-05	3.7507043487e-05
8.0700000000e+02	3.1068346379e-02	-2.9914665792e-02	7.5567549158e-05	3.7508257878e-05
8.0800000000e+02	3.1105855242e-02	-2.9990256571e-02	7.5613999769e-05	3.7509467819e-05
8.0900000000e+02	3.1143365313e-02	-3.0065893772e-02	7.5660394420e-05	3.7510673330e-05
8.1000000000e+02	3.1180876588e-02	-3.0141577341e-02	7.5706733245e-05	3.7511874434e-05
8.1100000000e+02	3.1218389061e-02	-3.0217307220e-02	7.5753016376e-05	3.7513071151e-05
8.1200000000e+02	3.1255902728e-02	-3.0293083355e-02	7.5799243945e-05	3.7514263502e-05
8.1300000000e+02	3.1293417586e-02	-3.0368905690e-02	7.5845416084e-05	3.7515451510e-05
8.1400000000e+02	3.1330933630e-02	-3.0444774169e-02	7.5891532923e-05	3.7516635195e-05
8.1500000000e+02	3.1368450855e-02	-3.0520688737e-02	7.5937594592e-05	3.7517814578e-05
8.1600000000e+02	3.1405969258e-02	-3.0596649340e-02	7.5983601222e-05	3.7518989679e-05
8.1700000000e+02	3.1443488833e-02	-3.0672655921e-02	7.6029552943e-05	3.7520160520e-05
8.1800000000e+02	3.1481009577e-02	-3.0748708427e-02	7.6075449884e-05	3.7521327120e-05
8.1900000000e+02	3.1518531486e-02	-3.0824806803e-02	7.6121292172e-05	3.7522489501e-05
8.2000000000e+02	3.1556054555e-02	-3.0900950994e-02	7.6167079937e-05	3.7523647682e-05
8.2100000000e+02	3.1593578780e-02	-3.0977140945e-02	7.6212813307e-05	3.7524801683e-05
8.2200000000e+02	3.1631104157e-02	-3.1053376602e-02	7.6258492408e-05	3.7525951525e-05
8.2300000000e+02	3.1668630682e-02	-3.1129657911e-02	7.6304117367e-05	3.7527097228e-05
8.2400000000e+02	3.1706158350e-02	-3.1205984819e-02	7.6349688312e-05	3.7528238811e-05
8.2500000000e+02	3.1743687158e-02	-3.1282357270e-02	7.6395205367e-05	3.7529376294e-05
8.2600000000e+02	3.1781217101e-02	-3.1358775212e-02	7.6440668660e-05	3.7530509697e-05
8.2700000000e+02	3.1818748176e-02	-3.1435238590e-02	7.6486078314e-05	3.7531639038e-05
8.2800000000e+02	3.1856280378e-02	-3.1511747350e-02	7.6531434455e-05	3.7532764338e-05
8.2900000000e+02	3.1893813703e-02	-3.1588301441e-02	7.6576737206e-05	3.7533885615e-05
8.3000000000e+02	3.1931348148e-02	-3.1664900807e-02	7.6621986693e-05	3.7535002889e-05
8.3100000000e+02	3.1968883708e-02	-3.1741545396e-02	7.6667183037e-05	3.7536116178e-05
8.3200000000e+02	3.2006420379e-02	-3.1818235155e-02	7.6712326364e-05	3.7537225502e-05
8.3300000000e+02	3.2043958157e-02	-3.1894970031e-02	7.6757416793e-05	3.7538330878e-05
8.3400000000e+02	3.2081497039e-02	-3.1971749971e-02	7.6802454450e-05	3.7539432327e-05
8.3500000000e+02	3.2119037021e-02	-3.2048574923e-02	7.6847439453e-05	3.7540529866e-05
8.3600000000e+02	3.2156578098e-02	-3.2125444833e-02	7.6892371927e-05	3.7541623514e-05
8.3700000000e+02	3.2194120267e-02	-3.2202359649e-02	7.6937251990e-05	3.7542713289e-05
8.3800000000e+02	3.2231663523e-02	-3.2279319319e-02	7.6982079764e-05	3.7543799209e-05
8.3900000000e+02	3.2269207864e-02	-3.2356323791e-02	7.7026855370e-05	3.7544881293e-05
8.4000000000e+02	3.2306753284e-02	-3.2433373013e-02	7.7071578925e-05	3.7545959558e-05
8.4100000000e+02	3.2344299782e-02	-3.2510466932e-02	7.7116250551e-05	3.7547034023e-05
8.4200000000e+02	3.2381847351e-02	-3.2587605497e-02	7.7160870366e-05	3.7548104704e-05
8.4300000000e+02	3.2419395990e-02	-3.2664788655e-02	7.7205438488e-05	3.7549171620e-05
8.4400000000e+02	3.2456945693e-02	-3.2742016356e-02	7.7249955035e-05	3.7550234789e-05
8.4500000000e+02	3.2494496458e-02	-3.2819288548e-02	7.7294420126e-05	3.7551294228e-05
8.4600000000e+02	3.2532048280e-02	-3.2896605180e-02	7.7338833877e-05	3.7552349953e-05
8.4700000000e+02	3.2569601157e-02	-3.2973966199e-02	7.7383196406e-05	3.7553401984e-05
8.4800000000e+02	3.2607155083e-02	-3.3051371555e-02	7.7427507828e-05	3.7554450336e-05
8.4900000000e+02	3.2644710056e-02	-3.3128821198e-02	7.7471768261e-05	3.7555495027e-05
8.5000000000e+02	3.2682266072e-02	-3.3206315075e-02	7.7515977820e-05	3.7556536073e-05
8.5100000000e+02	3.2719823127e-02	-3.3283853136e-02	7.7560136620e-05	3.7557573492e-05
8.5200000000e+02	3.2757381218e-02	-3.3361435331e-02	7.7604244776e-05	3.7558607301e-05
8.5300000000e+02	3.2794940341e-02	-3.3439061609e-02	7.7648302403e-05	3.7559637515e-05
8.5400000000e+02	3.2832500492e-02	-3.3516731919e-02	7.7692309615e-05	3.7560664153e-05
8.5500000000e+02	3.2870061668e-02	-3.3594446212e-02	7.7736266525e-05	3.7561687229e-05
8.5600000000e+02	3.2907623865e-02	-3.3672204436e-02	7.7780173248e-05	3.7562706762e-05
8.5700000000e+02	3.2945187080e-02	-3.3750006541e-02	7.7824029897e-05	3.7563722766e-05
8.5800000000e+02	3.2982751309e-02	-3.3827852479e-02	7.7867836583e-05	3.7564735258e-05
8.5900000000e+02	3.3020316549e-02	-3.3905742198e-02	7.7911593419e-05	3.7565744254e-05
8.6000000000e+02	3.3057882797e-02	-3.3983675649e-02	7.7955300518e-05	3.7566749771e-05
8.6100000000e+02	3.3095450048e-02	-3.4061652782e-02	7.7998957991e-05	3.7567751824e-05
8.6200000000e+02	3.3133018299e-02	-3.4139673548e-02	7.8042565948e-05	3.7568750429e-05
8.6300000000e+02	3.3170587547e-02	-3.4217737898e-02	7.8086124502e-05	3.7569745602e-05
8.6400000000e+02	3.3208157789e-02	-3.4295845781e-02	7.8129633762e-05	3.7570737358e-05
8.6500000000e+02	3.3245729021e-02	-3.4373997149e-02	7.8173093838e-05	3.7571725714e-05
8.6600000000e+02	3.3283301239e-02	-3.4452191952e-02	7.8216504840e-05	3.7572710684e-05
8.6700000000e+02	3.3320874441e-02	-3.4530430142e-02	7.8259866878e-05	3.7573692284e-05
8.6800000000e+02	3.3358448623e-02	-3.4608711670e-02	7.8303180061e-05	3.7574670529e-05
8.6900000000e+02	3.3396023781e-02	-3.4687036486e-02	7.8346444496e-05	3.7575645434e-05
8.7000000000e+02	3.3433599913e-02	-3.4765404543e-02	7.8389660293e-05	3.7576617016e-05
8.7100000000e+02	3.3471177014e-02	-3.4843815791e-02	7.8432827560e-05	3.7577585288e-05
8.7200000000e+02	3.3508755082e-02	-3.4922270182e-02	7.8475946403e-05	3.7578550266e-05
8.7300000000e+02	3.3546334114e-02	-3.5000767667e-02	7.8519016931e-05	3.7579511964e-05
8.7400000000e+02	3.3583914105e-02	-3.5079308199e-02	7.8562039250e-05	3.7580470397e-05
8.7500000000e+02	3.3621495053e-02	-3.5157891730e-02	7.8605013466e-05	3.7581425581e-05
8.7600000000e+02	3.3659076955e-02	-3.5236518210e-02	7.8647939687e-05	3.7582377530e-05
8.7700000000e+02	3.3696659807e-02	-3.5315187593e-02	7.8690818016e-05	3.7583326257e-05
8.7800000000e+02	3.3734243607e-02	-3.5393899830e-02	7.8733648561e-05	3.7584271779e-05
8.7900000000e+02	3.3771828350e-02	-3.5472654874e-02	7.8776431427e-05	3.7585214108e-05
8.8000000000e+02	3.3809414034e-02	-3.5551452677e-02	7.8819166717e-05	3.7586153260e-05
8.8100000000e+02	3.3847000655e-02	-3.5630293192e-02	7.8861854537e-05	3.7587089249e-05
8.8200000000e+02	3.3884588211e-02	-3.5709176371e-02	7.8904494991e-05	3.7588022089e-05
8.8300000000e+02	3.3922176698e-02	-3.5788102166e-02	7.8947088182e-05	3.7588951793e-05
8.8400000000e+02	3.3959766114e-02	-3.5867070531e-02	7.8989634214e-05	3.7589878377e-05
8.8500000000e+02	3.3997356454e-02	-3.5946081419e-02	7.9032133190e-05	3.7590801853e-05
8.8600000000e+02	3.4034947716e-02	-3.6025134782e-02	7.9074585213e-05	3.7591722236e-05
8.8700000000e+02	3.4072539898e-02	-3.6104230574e-02	7.9116990385e-05	3.7592639539e-05
8.8800000000e+02	3.4110132994e-02	-3.6183368747e-02	7.9159348808e-05	3.7593553777e-05
8.8900000000e+02	3.4147727004e-02	-3.6262549256e-02	7.9201660585e-05	3.7594464962e-05
8.9000000000e+02	3.4185321923e-02	-3.6341772053e-02	7.9243925816e-05	3.7595373108e-05
8.9100000000e+02	3.4222917749e-02	-3.6421037092e-02	7.9286144603e-05	3.7596278229e-05
8.9200000000e+02	3.4260514479e-02	-3.6500344327e-02	7.9328317046e-05	3.7597180339e-05
8.9300000000e+02	3.4298112109e-02	-3.6579693711e-02	7.9370443247e-05	3.7598079450e-05
8.9400000000e+02	3.4335710637e-02	-3.6659085198e-02	7.9412523305e-05	3.7598975575e-05
8.9500000000e+02	3.4373310059e-02	-3.6738518742e-02	7.9454557320e-05	3.7599868728e-05
8.9600000000e+02	3.4410910373e-02	-3.6817994297e-02	7.9496545391e-05	3.7600758923e-05
8.9700000000e+02	3.4448511576e-02	-3.6897511817e-02	7.9538487618e-05	3.7601646171e-05
8.9800000000e+02	3.4486113665e-02	-3.6977071257e-02	7.9580384100e-05	3.7602530486e-05
8.9900000000e+02	3.4523716636e-02	-3.7056672570e-02	7.9622234935e-05	3.7603411881e-05
9.0000000000e+02	3.4561320487e-02	-3.7136315712e-02	7.9664040221e-05	3.7604290369e-05
9.0100000000e+02	3.4598925216e-02	-3.7216000636e-02	7.9705800057e-05	3.7605165962e-05
9.0200000000e+02	3.4636530818e-02	-3.7295727297e-02	7.9747514540e-05	3.7606038672e-05
9.0300000000e+02	3.4674137292e-02	-3.7375495650e-02	7.9789183767e-05	3.7606908514e-05
9.0400000000e+02	3.4711744634e-02	-3.7455305649e-02	7.9830807836e-05	3.7607775499e-05
9.0500000000e+02	3.4749352842e-02	-3.7535157250e-02	7.9872386843e-05	3.7608639639e-05
9.0600000000e+02	3.4786961913e-02	-3.7615050408e-02	7.9913920884e-05	3.7609500948e-05
9.0700000000e+02	3.4824571843e-02	-3.7694985077e-02	7.9955410055e-05	3.7610359436e-05
9.0800000000e+02	3.4862182631e-02	-3.7774961213e-02	7.9996854454e-05	3.7611215118e-05
9.0900000000e+02	3.4899794272e-02	-3.7854978771e-02	8.0038254173e-05	3.7612068004e-05
9.1000000000e+02	3.4937406766e-02	-3.7935037707e-02	8.0079609310e-05	3.7612918107e-05
9.1100000000e+02	3.4975020108e-02	-3.8015137975e-02	8.0120919959e-05	3.7613765439e-05
9.1200000000e+02	3.5012634296e-02	-3.8095279532e-02	8.0162186214e-05	3.7614610012e-05
9.1300000000e+02	3.5050249327e-02	-3.8175462333e-02	8.0203408170e-05	3.7615451838e-05
9.1400000000e+02	3.5087865198e-02	-3.8255686333e-02	8.0244585921e-05	3.7616290929e-05
9.1500000000e+02	3.5125481908e-02	-3.8335951490e-02	8.0285719560e-05	3.7617127297e-05
9.1600000000e+02	3.5163099452e-02	-3.8416257758e-02	8.0326809181e-05	3.7617960953e-05
9.1700000000e+02	3.5200717829e-02	-3.8496605093e-02	8.0367854877e-05	3.7618791909e-05
9.1800000000e+02	3.5238337035e-02	-3.8576993453e-02	8.0408856741e-05	3.7619620176e-05
9.1900000000e+02	3.5275957068e-02	-3.8657422792e-02	8.0449814865e-05	3.7620445767e-05
9.2000000000e+02	3.5313577926e-02	-3.8737893068e-02	8.0490729341e-05	3.7621268693e-05
9.2100000000e+02	3.5351199605e-02	-3.8818404237e-02	8.0531600262e-05	3.7622088965e-05
9.2200000000e+02	3.5388822103e-02	-3.8898956254e-02	8.0572427719e-05	3.7622906594e-05
9.2300000000e+02	3.5426445417e-02	-3.8979549078e-02	8.0613211803e-05	3.7623721592e-05
9.2400000000e+02	3.5464069545e-02	-3.9060182663e-02	8.0653952606e-05	3.7624533970e-05
9.2500000000e+02	3.5501694484e-02	-3.9140856968e-02	8.0694650219e-05	3.7625343740e-05
9.2600000000e+02	3.5539320232e-02	-3.9221571949e-02	8.0735304731e-05	3.7626150912e-05
9.2700000000e+02	3.5576946785e-02	-3.9302327563e-02	8.0775916234e-05	3.7626955497e-05
9.2800000000e+02	3.5614574142e-02	-3.9383123768e-02	8.0816484816e-05	3.7627757507e-05
9.2900000000e+02	3.5652202299e-02	-3.9463960519e-02	8.0857010568e-05	3.7628556952e-05
9.3000000000e+02	3.5689831255e-02	-3.9544837774e-02	8.0897493580e-05	3.7629353844e-05
9.3100000000e+02	3.5727461006e-02	-3.9625755492e-02	8.0937933940e-05	3.7630148193e-05
9.3200000000e+02	3.5765091550e-02	-3.9706713628e-02	8.0978331737e-05	3.7630940010e-05
9.3300000000e+02	3.5802722885e-02	-3.9787712141e-02	8.1018687059e-05	3.7631729305e-05
9.3400000000e+02	3.5840355008e-02	-3.9868750988e-02	8.1058999996e-05	3.7632516090e-05
9.3500000000e+02	3.5877987917e-02	-3.9949830127e-02	8.1099270635e-05	3.7633300375e-05
9.3600000000e+02	3.5915621608e-02	-4.0030949515e-02	8.1139499064e-05	3.7634082170e-05
9.3700000000e+02	3.5953256080e-02	-4.0112109111e-02	8.1179685369e-05	3.7634861487e-05
9.3800000000e+02	3.5990891330e-02	-4.0193308872e-02	8.1219829640e-05	3.7635638335e-05
9.3900000000e+02	3.6028527356e-02	-4.0274548756e-02	8.1259931962e-05	3.7636412725e-05
9.4000000000e+02	3.6066164155e-02	-4.0355828722e-02	8.1299992422e-05	3.7637184667e-05
9.4100000000e+02	3.6103801724e-02	-4.0437148727e-02	8.1340011107e-05	3.7637954171e-05
9.4200000000e+02	3.6141440062e-02	-4.0518508730e-02	8.1379988103e-05	3.7638721248e-05
9.4300000000e+02	3.6179079166e-02	-4.0599908690e-02	8.1419923495e-05	3.7639485908e-05
9.4400000000e+02	3.6216719033e-02	-4.0681348564e-02	8.1459817370e-05	3.7640248161e-05
9.4500000000e+02	3.6254359662e-02	-4.0762828311e-02	8.1499669812e-05	3.7641008017e-05
9.4600000000e+02	3.6292001049e-02	-4.0844347889e-02	8.1539480907e-05	3.7641765487e-05
9.4700000000e+02	3.6329643192e-02	-4.0925907259e-02	8.1579250740e-05	3.7642520579e-05
9.4800000000e+02	3.6367286089e-02	-4.1007506377e-02	8.1618979395e-05	3.7643273304e-05
9.4900000000e+02	3.6404929738e-02	-4.1089145204e-02	8.1658666956e-05	3.7644023672e-05
9.5000000000e+02	3.6442574136e-02	-4.1170823697e-02	8.1698313508e-05	3.7644771693e-05
9.5100000000e+02	3.6480219280e-02	-4.1252541817e-02	8.1737919135e-05	3.7645517376e-05
9.5200000000e+02	3.6517865170e-02	-4.1334299522e-02	8.1777483920e-05	3.7646260731e-05
9.5300000000e+02	3.6555511801e-02	-4.1416096771e-02	8.1817007946e-05	3.7647001768e-05
9.5400000000e+02	3.6593159172e-02	-4.1497933524e-02	8.1856491296e-05	3.7647740497e-05
9.5500000000e+02	3.6630807281e-02	-4.1579809740e-02	8.1895934054e-05	3.7648476926e-05
9.5600000000e+02	3.6668456125e-02	-4.1661725379e-02	8.1935336302e-05	3.7649211066e-05
9.5700000000e+02	3.6706105703e-02	-4.1743680400e-02	8.1974698121e-05	3.7649942925e-05
9.5800000000e+02	3.6743756011e-02	-4.1825674762e-02	8.2014019595e-05	3.7650672514e-05
9.5900000000e+02	3.6781407047e-02	-4.1907708425e-02	8.2053300805e-05	3.7651399842e-05
9.6000000000e+02	3.6819058809e-02	-4.1989781350e-02	8.2092541833e-05	3.7652124918e-05
9.6100000000e+02	3.6856711296e-02	-4.2071893496e-02	8.2131742759e-05	3.7652847750e-05
9.6200000000e+02	3.6894364504e-02	-4.2154044822e-02	8.2170903666e-05	3.7653568350e-05
9.6300000000e+02	3.6932018432e-02	-4.2236235290e-02	8.2210024633e-05	3.7654286725e-05
9.6400000000e+02	3.6969673077e-02	-4.2318464858e-02	8.2249105742e-05	3.7655002884e-05
9.6500000000e+02	3.7007328437e-02	-4.2400733488e-02	8.2288147072e-05	3.7655716838e-05
9.6600000000e+02	3.7044984510e-02	-4.2483041139e-02	8.2327148705e-05	3.7656428595e-05
9.6700000000e+02	3.7082641293e-02	-4.2565387772e-02	8.2366110719e-05	3.7657138163e-05
9.6800000000e+02	3.7120298785e-02	-4.2647773347e-02	8.2405033195e-05	3.7657845552e-05
9.6900000000e+02	3.7157956984e-02	-4.2730197825e-02	8.2443916212e-05	3.7658550771e-05
9.7000000000e+02	3.7195615886e-02	-4.2812661167e-02	8.2482759848e-05	3.7659253829e-05
9.7100000000e+02	3.7233275491e-02	-4.2895163332e-02	8.2521564184e-05	3.7659954733e-05
9.7200000000e+02	3.7270935795e-02	-4.2977704282e-02	8.2560329297e-05	3.7660653494e-05
9.7300000000e+02	3.7308596797e-02	-4.3060283977e-02	8.2599055267e-05	3.7661350120e-05
9.7400000000e+02	3.7346258495e-02	-4.3142902379e-02	8.2637742170e-05	3.7662044619e-05
9.7500000000e+02	3.7383920886e-02	-4.3225559449e-02	8.2676390086e-05	3.7662737001e-05
9.7600000000e+02	3.7421583968e-02	-4.3308255147e-02	8.2714999093e-05	3.7663427273e-05
9.7700000000e+02	3.7459247739e-02	-4.3390989434e-02	8.2753569267e-05	3.7664115444e-05
9.7800000000e+02	3.7496912198e-02	-4.3473762272e-02	8.2792100685e-05	3.7664801524e-05
9.7900000000e+02	3.7534577342e-02	-4.3556573622e-02	8.2830593426e-05	3.7665485519e-05
9.8000000000e+02	3.7572243168e-02	-4.3639423446e-02	8.2869047566e-05	3.7666167439e-05
9.8100000000e+02	3.7609909676e-02	-4.3722311705e-02	8.2907463181e-05	3.7666847292e-05
9.8200000000e+02	3.7647576862e-02	-4.3805238360e-02	8.2945840348e-05	3.7667525086e-05
9.8300000000e+02	3.7685244725e-02	-4.3888203373e-02	8.2984179144e-05	3.7668200830e-05
9.8400000000e+02	3.7722913263e-02	-4.3971206705e-02	8.3022479643e-05	3.7668874532e-05
9.8500000000e+02	3.7760582474e-02	-4.4054248319e-02	8.3060741922e-05	3.7669546200e-05
9.8600000000e+02	3.7798252355e-02	-4.4137328176e-02	8.3098966056e-05	3.7670215842e-05
9.8700000000e+02	3.7835922905e-02	-4.4220446239e-02	8.3137152121e-05	3.7670883467e-05
9.8800000000e+02	3.7873594121e-02	-4.4303602468e-02	8.3175300192e-05	3.7671549081e-05
9.8900000000e+02	3.7911266002e-02	-4.4386796826e-02	8.3213410342e-05	3.7672212695e-05
9.9000000000e+02	3.7948938546e-02	-4.4470029276e-02	8.3251482649e-05	3.7672874314e-05
9.9100000000e+02	3.7986611750e-02	-4.4553299779e-02	8.3289517184e-05	3.7673533949e-05
9.9200000000e+02	3.8024285613e-02	-4.4636608298e-02	8.3327514023e-05	3.7674191605e-05
9.9300000000e+02	3.8061960133e-02	-4.4719954795e-02	8.3365473240e-05	3.7674847292e-05
9.9400000000e+02	3.8099635307e-02	-4.4803339232e-02	8.3403394908e-05	3.7675501017e-05
9.9500000000e+02	3.8137311134e-02	-4.4886761572e-02	8.3441279102e-05	3.7676152788e-05
9.9600000000e+02	3.8174987612e-02	-4.4970221778e-02	8.3479125893e-05	3.7676802612e-05
9.9700000000e+02	3.8212664739e-02	-4.5053719811e-02	8.3516935356e-05	3.7677450498e-05
9.9800000000e+02	3.8250342512e-02	-4.5137255636e-02	8.3554707563e-05	3.7678096452e-05
9.9900000000e+02	3.8288020931e-02	-4.5220829214e-02	8.3592442588e-05	3.7678740484e-05
