# total modes from dos = 5.9999664304e+00
# ZPE = 4.3500512895e-03 Ry/cell
# Multiply by 13.6058 to have energies in eV/cell etc..
# Multiply by 13.6058 x 23060.35 = 313 754.5 to have energies in cal/(N mol).
# Multiply by 13.6058 x 96526.0 = 1 313 313 to have energies in J/(N mol).
# N is the number of formula units per cell.
#
# T (K) 	Evib (Ry/cell)	Fvib (Ry/cell)	Svib (Ry/cell/K)	Cvib (Ry/cell/K)
1.0000000000e+00	4.3500513051e-03	4.3500512187e-03	8.6454526182e-11	4.6053845399e-11
2.0000000000e+00	4.3500514449e-03	4.3500510961e-03	1.7443199536e-10	2.8047135920e-10
3.0000000000e+00	4.3500519910e-03	4.3500508280e-03	3.8764849227e-10	8.8976958971e-10
4.0000000000e+00	4.3500534121e-03	4.3500502582e-03	7.8845889818e-10	2.0619565768e-09
5.0000000000e+00	4.3500563659e-03	4.3500491677e-03	1.4396342967e-09	3.9871077114e-09
6.0000000000e+00	4.3500617018e-03	4.3500472744e-03	2.4045750877e-09	6.8591415349e-09
7.0000000000e+00	4.3500704666e-03	4.3500442325e-03	3.7477258218e-09	1.0878828527e-08
8.0000000000e+00	4.3500839127e-03	4.3500396308e-03	5.5352329015e-09	1.6258846137e-08
9.0000000000e+00	4.3501035154e-03	4.3500329910e-03	7.8360465526e-09	2.3233559842e-08
1.0000000000e+01	4.3501310024e-03	4.3500237632e-03	1.0723919859e-08	3.2078236516e-08
1.1000000000e+01	4.3501684100e-03	4.3500113202e-03	1.4280884005e-08	4.3141073935e-08
1.2000000000e+01	4.3502181765e-03	4.3499949467e-03	1.8602482285e-08	5.6885260981e-08
1.3000000000e+01	4.3502832790e-03	4.3499738221e-03	2.3804374717e-08	7.3931398258e-08
1.4000000000e+01	4.3503674073e-03	4.3499469973e-03	3.0029282245e-08	9.5088184140e-08
1.5000000000e+01	4.3504751591e-03	4.3499133644e-03	3.7452980305e-08	1.2136234952e-07
1.6000000000e+01	4.3506122331e-03	4.3498716213e-03	4.6288235888e-08	1.5394475775e-07
1.7000000000e+01	4.3507855969e-03	4.3498202342e-03	5.6786041384e-08	1.9417519540e-07
1.8000000000e+01	4.3510036118e-03	4.3497573995e-03	6.9234013991e-08	2.4349190592e-07
1.9000000000e+01	4.3512761024e-03	4.3496810097e-03	8.3952249086e-08	3.0337313145e-07
2.0000000000e+01	4.3516143666e-03	4.3495886230e-03	1.0128717861e-07	3.7527743221e-07
2.1000000000e+01	4.3520311274e-03	4.3494774414e-03	1.2160409578e-07	4.6058813388e-07
2.2000000000e+01	4.3525404336e-03	4.3493442955e-03	1.4527900185e-07	5.6056554572e-07
2.3000000000e+01	4.3531575160e-03	4.3491856379e-03	1.7269035217e-07	6.7630898663e-07
2.4000000000e+01	4.3538986128e-03	4.3489975448e-03	2.0421116454e-07	8.0872934251e-07
2.5000000000e+01	4.3547807711e-03	4.3487757254e-03	2.4020182908e-07	9.5853190712e-07
2.6000000000e+01	4.3558216370e-03	4.3485155371e-03	2.8100384214e-07	1.1262086106e-06
2.7000000000e+01	4.3570392417e-03	4.3482120078e-03	3.2693458654e-07	1.3120383609e-06
2.8000000000e+01	4.3584517912e-03	4.3478598617e-03	3.7828319883e-07	1.5160940503e-06
2.9000000000e+01	4.3600774667e-03	4.3474535492e-03	4.3530750307e-07	1.7382547571e-06
3.0000000000e+01	4.3619342379e-03	4.3469872796e-03	4.9823194620e-07	1.9782217510e-06
3.1000000000e+01	4.3640396946e-03	4.3464550549e-03	5.6724644207e-07	2.2355370458e-06
3.2000000000e+01	4.3664108970e-03	4.3458507046e-03	6.4250601404e-07	2.5096034185e-06
3.3000000000e+01	4.3690642476e-03	4.3451679206e-03	7.2413111958e-07	2.7997049925e-06
3.4000000000e+01	4.3720153816e-03	4.3444002912e-03	8.1220854042e-07	3.1050276615e-06
3.5000000000e+01	4.3752790797e-03	4.3435413343e-03	9.0679272663e-07	3.4246787972e-06
3.6000000000e+01	4.3788691983e-03	4.3425845286e-03	1.0079074918e-06	3.7577058314e-06
3.7000000000e+01	4.3827986185e-03	4.3415233437e-03	1.1155479666e-06	4.1031134291e-06
3.8000000000e+01	4.3870792113e-03	4.3403512676e-03	1.2296827287e-06	4.4598790779e-06
3.9000000000e+01	4.3917218174e-03	4.3390618319e-03	1.3502560404e-06	4.8269670042e-06
4.0000000000e+01	4.3967362404e-03	4.3376486351e-03	1.4771901327e-06	5.2033403960e-06
4.1000000000e+01	4.4021312507e-03	4.3361053636e-03	1.6103874902e-06	5.5879719639e-06
4.2000000000e+01	4.4079146005e-03	4.3344258105e-03	1.7497330946e-06	5.9798529114e-06
4.3000000000e+01	4.4140930451e-03	4.3326038913e-03	1.8950965981e-06	6.3780004112e-06
4.4000000000e+01	4.4206723728e-03	4.3306336591e-03	2.0463344031e-06	6.7814637030e-06
4.5000000000e+01	4.4276574393e-03	4.3285093160e-03	2.2032916304e-06	7.1893289363e-06
4.6000000000e+01	4.4350522064e-03	4.3262252240e-03	2.3658039655e-06	7.6007228887e-06
4.7000000000e+01	4.4428597842e-03	4.3237759136e-03	2.5336993748e-06	8.0148156850e-06
4.8000000000e+01	4.4510824753e-03	4.3211560903e-03	2.7067996894e-06	8.4308226425e-06
4.9000000000e+01	4.4597218209e-03	4.3183606402e-03	2.8849220558e-06	8.8480053597e-06
5.0000000000e+01	4.4687786469e-03	4.3153846342e-03	3.0678802547e-06	9.2656721566e-06
5.1000000000e+01	4.4782531110e-03	4.3122233305e-03	3.2554858930e-06	9.6831779695e-06
5.2000000000e+01	4.4881447490e-03	4.3088721764e-03	3.4475494732e-06	1.0099923789e-05
5.3000000000e+01	4.4984525202e-03	4.3053268088e-03	3.6438813467e-06	1.0515355726e-05
5.4000000000e+01	4.5091748520e-03	4.3015830539e-03	3.8442925571e-06	1.0928963777e-05
5.5000000000e+01	4.5203096834e-03	4.2976369264e-03	4.0485955820e-06	1.1340280349e-05
5.6000000000e+01	4.5318545062e-03	4.2934846274e-03	4.2566049792e-06	1.1748878615e-05
5.7000000000e+01	4.5438064049e-03	4.2891225420e-03	4.4681379454e-06	1.2154370724e-05
5.8000000000e+01	4.5561620950e-03	4.2845472369e-03	4.6830147944e-06	1.2556405932e-05
5.9000000000e+01	4.5689179589e-03	4.2797554565e-03	4.9010593618e-06	1.2954668674e-05
6.0000000000e+01	4.5820700803e-03	4.2747441197e-03	5.1220993437e-06	1.3348876609e-05
6.1000000000e+01	4.5956142765e-03	4.2695103155e-03	5.3459665738e-06	1.3738778666e-05
6.2000000000e+01	4.6095461282e-03	4.2640512988e-03	5.5724972477e-06	1.4124153113e-05
6.3000000000e+01	4.6238610085e-03	4.2583644863e-03	5.8015320975e-06	1.4504805658e-05
6.4000000000e+01	4.6385541090e-03	4.2524474515e-03	6.0329165240e-06	1.4880567598e-05
6.5000000000e+01	4.6536204649e-03	4.2462979201e-03	6.2665006898e-06	1.5251294033e-05
6.6000000000e+01	4.6690549774e-03	4.2399137653e-03	6.5021395783e-06	1.5616862142e-05
6.7000000000e+01	4.6848524354e-03	4.2332930028e-03	6.7396930242e-06	1.5977169531e-05
6.8000000000e+01	4.7010075349e-03	4.2264337862e-03	6.9790257161e-06	1.6332132664e-05
6.9000000000e+01	4.7175148971e-03	4.2193344018e-03	7.2200071778e-06	1.6681685362e-05
7.0000000000e+01	4.7343690852e-03	4.2119932642e-03	7.4625117291e-06	1.7025777389e-05
7.1000000000e+01	4.7515646196e-03	4.2044089110e-03	7.7064184308e-06	1.7364373116e-05
7.2000000000e+01	4.7690959918e-03	4.1965799987e-03	7.9516110145e-06	1.7697450261e-05
7.3000000000e+01	4.7869576771e-03	4.1885052976e-03	8.1979778009e-06	1.8024998710e-05
7.4000000000e+01	4.8051441465e-03	4.1801836875e-03	8.4454116080e-06	1.8347019406e-05
7.5000000000e+01	4.8236498769e-03	4.1716141531e-03	8.6938096511e-06	1.8663523321e-05
7.6000000000e+01	4.8424693608e-03	4.1627957797e-03	8.9430734359e-06	1.8974530487e-05
7.7000000000e+01	4.8615971149e-03	4.1537277491e-03	9.1931086473e-06	1.9280069102e-05
7.8000000000e+01	4.8810276879e-03	4.1444093354e-03	9.4438250329e-06	1.9580174694e-05
7.9000000000e+01	4.9007556673e-03	4.1348399008e-03	9.6951362848e-06	1.9874889350e-05
8.0000000000e+01	4.9207756856e-03	4.1250188920e-03	9.9469599191e-06	2.0164261001e-05
8.1000000000e+01	4.9410824259e-03	4.1149458365e-03	1.0199217154e-05	2.0448342760e-05
8.2000000000e+01	4.9616706270e-03	4.1046203383e-03	1.0451832789e-05	2.0727192310e-05
8.3000000000e+01	4.9825350870e-03	4.0940420754e-03	1.0704735080e-05	2.1000871348e-05
8.4000000000e+01	5.0036706679e-03	4.0832107954e-03	1.0957855624e-05	2.1269445061e-05
8.5000000000e+01	5.0250722981e-03	4.0721263131e-03	1.1211129235e-05	2.1532981656e-05
8.6000000000e+01	5.0467349757e-03	4.0607885067e-03	1.1464493826e-05	2.1791551926e-05
8.7000000000e+01	5.0686537708e-03	4.0491973149e-03	1.1717890298e-05	2.2045228845e-05
8.8000000000e+01	5.0908238272e-03	4.0373527342e-03	1.1971262420e-05	2.2294087212e-05
8.9000000000e+01	5.1132403644e-03	4.0252548160e-03	1.2224556724e-05	2.2538203312e-05
9.0000000000e+01	5.1358986789e-03	4.0129036637e-03	1.2477722391e-05	2.2777654618e-05
9.1000000000e+01	5.1587941449e-03	4.0002994302e-03	1.2730711150e-05	2.3012519513e-05
9.2000000000e+01	5.1819222154e-03	3.9874423156e-03	1.2983477172e-05	2.3242877041e-05
9.3000000000e+01	5.2052784230e-03	3.9743325646e-03	1.3235976971e-05	2.3468806679e-05
9.4000000000e+01	5.2288583794e-03	3.9609704642e-03	1.3488169311e-05	2.3690388135e-05
9.5000000000e+01	5.2526577764e-03	3.9473563416e-03	1.3740015104e-05	2.3907701161e-05
9.6000000000e+01	5.2766723855e-03	3.9334905619e-03	1.3991477329e-05	2.4120825389e-05
9.7000000000e+01	5.3008980574e-03	3.9193735265e-03	1.4242520938e-05	2.4329840178e-05
9.8000000000e+01	5.3253307223e-03	3.9050056706e-03	1.4493112773e-05	2.4534824486e-05
9.9000000000e+01	5.3499663890e-03	3.8903874620e-03	1.4743221485e-05	2.4735856746e-05
1.0000000000e+02	5.3748011444e-03	3.8755193986e-03	1.4992817458e-05	2.4933014761e-05
1.0100000000e+02	5.3998311528e-03	3.8604020073e-03	1.5241872728e-05	2.5126375614e-05
1.0200000000e+02	5.4250526554e-03	3.8450358422e-03	1.5490360914e-05	2.5316015578e-05
1.0300000000e+02	5.4504619689e-03	3.8294214828e-03	1.5738257146e-05	2.5502010052e-05
1.0400000000e+02	5.4760554851e-03	3.8135595330e-03	1.5985538001e-05	2.5684433493e-05
1.0500000000e+02	5.5018296700e-03	3.7974506193e-03	1.6232181435e-05	2.5863359359e-05
1.0600000000e+02	5.5277810621e-03	3.7810953895e-03	1.6478166723e-05	2.6038860068e-05
1.0700000000e+02	5.5539062722e-03	3.7644945117e-03	1.6723474397e-05	2.6211006954e-05
1.0800000000e+02	5.5802019815e-03	3.7476486727e-03	1.6968086193e-05	2.6379870235e-05
1.0900000000e+02	5.6066649412e-03	3.7305585770e-03	1.7211984992e-05	2.6545518984e-05
1.1000000000e+02	5.6332919706e-03	3.7132249458e-03	1.7455154772e-05	2.6708021110e-05
1.1100000000e+02	5.6600799568e-03	3.6956485155e-03	1.7697580552e-05	2.6867443336e-05
1.1200000000e+02	5.6870258525e-03	3.6778300373e-03	1.7939248350e-05	2.7023851190e-05
1.1300000000e+02	5.7141266758e-03	3.6597702758e-03	1.8180145133e-05	2.7177308991e-05
1.1400000000e+02	5.7413795082e-03	3.6414700081e-03	1.8420258773e-05	2.7327879850e-05
1.1500000000e+02	5.7687814938e-03	3.6229300231e-03	1.8659578007e-05	2.7475625662e-05
1.1600000000e+02	5.7963298381e-03	3.6041511204e-03	1.8898092394e-05	2.7620607107e-05
1.1700000000e+02	5.8240218064e-03	3.5851341098e-03	1.9135792279e-05	2.7762883657e-05
1.1800000000e+02	5.8518547232e-03	3.5658798103e-03	1.9372668753e-05	2.7902513576e-05
1.1900000000e+02	5.8798259704e-03	3.5463890495e-03	1.9608713621e-05	2.8039553931e-05
1.2000000000e+02	5.9079329865e-03	3.5266626628e-03	1.9843919364e-05	2.8174060601e-05
1.2100000000e+02	5.9361732653e-03	3.5067014928e-03	2.0078279112e-05	2.8306088284e-05
1.2200000000e+02	5.9645443546e-03	3.4865063887e-03	2.0311786606e-05	2.8435690514e-05
1.2300000000e+02	5.9930438553e-03	3.4660782056e-03	2.0544436177e-05	2.8562919673e-05
1.2400000000e+02	6.0216694200e-03	3.4454178040e-03	2.0776222710e-05	2.8687827002e-05
1.2500000000e+02	6.0504187521e-03	3.4245260493e-03	2.1007141622e-05	2.8810462622e-05
1.2600000000e+02	6.0792896044e-03	3.4034038113e-03	2.1237188834e-05	2.8930875545e-05
1.2700000000e+02	6.1082797783e-03	3.3820519634e-03	2.1466360747e-05	2.9049113696e-05
1.2800000000e+02	6.1373871225e-03	3.3604713826e-03	2.1694654218e-05	2.9165223925e-05
1.2900000000e+02	6.1666095321e-03	3.3386629487e-03	2.1922066538e-05	2.9279252030e-05
1.3000000000e+02	6.1959449474e-03	3.3166275441e-03	2.2148595411e-05	2.9391242772e-05
1.3100000000e+02	6.2253913531e-03	3.2943660530e-03	2.2374238932e-05	2.9501239895e-05
1.3200000000e+02	6.2549467769e-03	3.2718793618e-03	2.2598995569e-05	2.9609286145e-05
1.3300000000e+02	6.2846092890e-03	3.2491683579e-03	2.2822864144e-05	2.9715423289e-05
1.3400000000e+02	6.3143770008e-03	3.2262339298e-03	2.3045843813e-05	2.9819692132e-05
1.3500000000e+02	6.3442480638e-03	3.2030769668e-03	2.3267934052e-05	2.9922132541e-05
1.3600000000e+02	6.3742206694e-03	3.1796983583e-03	2.3489134640e-05	3.0022783458e-05
1.3700000000e+02	6.4042930469e-03	3.1560989940e-03	2.3709445642e-05	3.0121682924e-05
1.3800000000e+02	6.4344634638e-03	3.1322797634e-03	2.3928867394e-05	3.0218868097e-05
1.3900000000e+02	6.4647302238e-03	3.1082415555e-03	2.4147400492e-05	3.0314375269e-05
1.4000000000e+02	6.4950916668e-03	3.0839852584e-03	2.4365045775e-05	3.0408239888e-05
1.4100000000e+02	6.5255461676e-03	3.0595117595e-03	2.4581804313e-05	3.0500496573e-05
1.4200000000e+02	6.5560921353e-03	3.0348219449e-03	2.4797677397e-05	3.0591179135e-05
1.4300000000e+02	6.5867280122e-03	3.0099166994e-03	2.5012666523e-05	3.0680320595e-05
1.4400000000e+02	6.6174522735e-03	2.9847969060e-03	2.5226773386e-05	3.0767953201e-05
1.4500000000e+02	6.6482634262e-03	2.9594634460e-03	2.5439999863e-05	3.0854108446e-05
1.4600000000e+02	6.6791600082e-03	2.9339171990e-03	2.5652348008e-05	3.0938817087e-05
1.4700000000e+02	6.7101405882e-03	2.9081590421e-03	2.5863820041e-05	3.1022109159e-05
1.4800000000e+02	6.7412037641e-03	2.8821898502e-03	2.6074418338e-05	3.1104013995e-05
1.4900000000e+02	6.7723481633e-03	2.8560104958e-03	2.6284145419e-05	3.1184560243e-05
1.5000000000e+02	6.8035724411e-03	2.8296218489e-03	2.6493003948e-05	3.1263775877e-05
1.5100000000e+02	6.8348752806e-03	2.8030247765e-03	2.6700996716e-05	3.1341688221e-05
1.5200000000e+02	6.8662553920e-03	2.7762201430e-03	2.6908126638e-05	3.1418323958e-05
1.5300000000e+02	6.8977115117e-03	2.7492088098e-03	2.7114396744e-05	3.1493709149e-05
1.5400000000e+02	6.9292424019e-03	2.7219916351e-03	2.7319810174e-05	3.1567869247e-05
1.5500000000e+02	6.9608468501e-03	2.6945694740e-03	2.7524370169e-05	3.1640829112e-05
1.5600000000e+02	6.9925236682e-03	2.6669431781e-03	2.7728080064e-05	3.1712613024e-05
1.5700000000e+02	7.0242716921e-03	2.6391135961e-03	2.7930943287e-05	3.1783244701e-05
1.5800000000e+02	7.0560897812e-03	2.6110815726e-03	2.8132963346e-05	3.1852747309e-05
1.5900000000e+02	7.0879768179e-03	2.5828479492e-03	2.8334143828e-05	3.1921143477e-05
1.6000000000e+02	7.1199317068e-03	2.5544135636e-03	2.8534488395e-05	3.1988455310e-05
1.6100000000e+02	7.1519533743e-03	2.5257792498e-03	2.8734000773e-05	3.2054704402e-05
1.6200000000e+02	7.1840407683e-03	2.4969458382e-03	2.8932684754e-05	3.2119911851e-05
1.6300000000e+02	7.2161928576e-03	2.4679141552e-03	2.9130544187e-05	3.2184098267e-05
1.6400000000e+02	7.2484086313e-03	2.4386850234e-03	2.9327582975e-05	3.2247283786e-05
1.6500000000e+02	7.2806870981e-03	2.4092592614e-03	2.9523805071e-05	3.2309488082e-05
1.6600000000e+02	7.3130272868e-03	2.3796376841e-03	2.9719214474e-05	3.2370730380e-05
1.6700000000e+02	7.3454282445e-03	2.3498211021e-03	2.9913815224e-05	3.2431029465e-05
1.6800000000e+02	7.3778890374e-03	2.3198103219e-03	3.0107611402e-05	3.2490403693e-05
1.6900000000e+02	7.4104087496e-03	2.2896061461e-03	3.0300607121e-05	3.2548871002e-05
1.7000000000e+02	7.4429864830e-03	2.2592093731e-03	3.0492806529e-05	3.2606448924e-05
1.7100000000e+02	7.4756213567e-03	2.2286207971e-03	3.0684213799e-05	3.2663154593e-05
1.7200000000e+02	7.5083125070e-03	2.1978412081e-03	3.0874833133e-05	3.2719004755e-05
1.7300000000e+02	7.5410590865e-03	2.1668713920e-03	3.1064668754e-05	3.2774015779e-05
1.7400000000e+02	7.5738602642e-03	2.1357121304e-03	3.1253724907e-05	3.2828203667e-05
1.7500000000e+02	7.6067152247e-03	2.1043642006e-03	3.1442005852e-05	3.2881584059e-05
1.7600000000e+02	7.6396231682e-03	2.0728283757e-03	3.1629515867e-05	3.2934172248e-05
1.7700000000e+02	7.6725833101e-03	2.0411054244e-03	3.1816259241e-05	3.2985983183e-05
1.7800000000e+02	7.7055948804e-03	2.0091961113e-03	3.2002240276e-05	3.3037031480e-05
1.7900000000e+02	7.7386571236e-03	1.9771011966e-03	3.2187463280e-05	3.3087331432e-05
1.8000000000e+02	7.7717692984e-03	1.9448214360e-03	3.2371932569e-05	3.3136897015e-05
1.8100000000e+02	7.8049306774e-03	1.9123575812e-03	3.2555652465e-05	3.3185741894e-05
1.8200000000e+02	7.8381405465e-03	1.8797103794e-03	3.2738627291e-05	3.3233879435e-05
1.8300000000e+02	7.8713982048e-03	1.8468805736e-03	3.2920861373e-05	3.3281322709e-05
1.8400000000e+02	7.9047029647e-03	1.8138689022e-03	3.3102359036e-05	3.3328084500e-05
1.8500000000e+02	7.9380541509e-03	1.7806760995e-03	3.3283124602e-05	3.3374177314e-05
1.8600000000e+02	7.9714511004e-03	1.7473028955e-03	3.3463162392e-05	3.3419613384e-05
1.8700000000e+02	8.0048931627e-03	1.7137500159e-03	3.3642476721e-05	3.3464404675e-05
1.8800000000e+02	8.0383796988e-03	1.6800181818e-03	3.3821071899e-05	3.3508562894e-05
1.8900000000e+02	8.0719100813e-03	1.6461081104e-03	3.3998952227e-05	3.3552099496e-05
1.9000000000e+02	8.1054836943e-03	1.6120205142e-03	3.4176122000e-05	3.3595025687e-05
1.9100000000e+02	8.1390999329e-03	1.5777561018e-03	3.4352585503e-05	3.3637352432e-05
1.9200000000e+02	8.1727582029e-03	1.5433155772e-03	3.4528347009e-05	3.3679090464e-05
1.9300000000e+02	8.2064579210e-03	1.5086996403e-03	3.4703410781e-05	3.3720250283e-05
1.9400000000e+02	8.2401985142e-03	1.4739089868e-03	3.4877781069e-05	3.3760842166e-05
1.9500000000e+02	8.2739794194e-03	1.4389443080e-03	3.5051462110e-05	3.3800876174e-05
1.9600000000e+02	8.3078000838e-03	1.4038062909e-03	3.5224458127e-05	3.3840362151e-05
1.9700000000e+02	8.3416599643e-03	1.3684956186e-03	3.5396773328e-05	3.3879309736e-05
1.9800000000e+02	8.3755585270e-03	1.3330129698e-03	3.5568411905e-05	3.3917728365e-05
1.9900000000e+02	8.4094952478e-03	1.2973590190e-03	3.5739378034e-05	3.3955627273e-05
2.0000000000e+02	8.4434696113e-03	1.2615344365e-03	3.5909675874e-05	3.3993015505e-05
2.0100000000e+02	8.4774811115e-03	1.2255398886e-03	3.6079309567e-05	3.4029901916e-05
2.0200000000e+02	8.5115292508e-03	1.1893760374e-03	3.6248283235e-05	3.4066295175e-05
2.0300000000e+02	8.5456135403e-03	1.1530435408e-03	3.6416600983e-05	3.4102203773e-05
2.0400000000e+02	8.5797334995e-03	1.1165430527e-03	3.6584266896e-05	3.4137636025e-05
2.0500000000e+02	8.6138886563e-03	1.0798752229e-03	3.6751285041e-05	3.4172600075e-05
2.0600000000e+02	8.6480785463e-03	1.0430406972e-03	3.6917659462e-05	3.4207103898e-05
2.0700000000e+02	8.6823027133e-03	1.0060401172e-03	3.7083394184e-05	3.4241155308e-05
2.0800000000e+02	8.7165607086e-03	9.6887412072e-04	3.7248493211e-05	3.4274761957e-05
2.0900000000e+02	8.7508520914e-03	9.3154334138e-04	3.7412960527e-05	3.4307931342e-05
2.1000000000e+02	8.7851764280e-03	8.9404840892e-04	3.7576800091e-05	3.4340670808e-05
2.1100000000e+02	8.8195332921e-03	8.5638994913e-04	3.7740015844e-05	3.4372987550e-05
2.1200000000e+02	8.8539222646e-03	8.1856858386e-04	3.7902611701e-05	3.4404888620e-05
2.1300000000e+02	8.8883429331e-03	7.8058493106e-04	3.8064591559e-05	3.4436380927e-05
2.1400000000e+02	8.9227948924e-03	7.4243960479e-04	3.8225959288e-05	3.4467471241e-05
2.1500000000e+02	8.9572777438e-03	7.0413321524e-04	3.8386718738e-05	3.4498166197e-05
2.1600000000e+02	8.9917910952e-03	6.6566636880e-04	3.8546873733e-05	3.4528472297e-05
2.1700000000e+02	9.0263345609e-03	6.2703966799e-04	3.8706428078e-05	3.4558395916e-05
2.1800000000e+02	9.0609077616e-03	5.8825371160e-04	3.8865385551e-05	3.4587943300e-05
2.1900000000e+02	9.0955103242e-03	5.4930909460e-04	3.9023749907e-05	3.4617120572e-05
2.2000000000e+02	9.1301418814e-03	5.1020640825e-04	3.9181524878e-05	3.4645933738e-05
2.2100000000e+02	9.1648020722e-03	4.7094624007e-04	3.9338714173e-05	3.4674388681e-05
2.2200000000e+02	9.1994905413e-03	4.3152917390e-04	3.9495321475e-05	3.4702491172e-05
2.2300000000e+02	9.2342069390e-03	3.9195578990e-04	3.9651350444e-05	3.4730246869e-05
2.2400000000e+02	9.2689509213e-03	3.5222666457e-04	3.9806804717e-05	3.4757661319e-05
2.2500000000e+02	9.3037221497e-03	3.1234237082e-04	3.9961687906e-05	3.4784739963e-05
2.2600000000e+02	9.3385202910e-03	2.7230347793e-04	4.0116003598e-05	3.4811488136e-05
2.2700000000e+02	9.3733450175e-03	2.3211055160e-04	4.0269755357e-05	3.4837911070e-05
2.2800000000e+02	9.4081960065e-03	1.9176415401e-04	4.0422946721e-05	3.4864013896e-05
2.2900000000e+02	9.4430729403e-03	1.5126484379e-04	4.0575581207e-05	3.4889801650e-05
2.3000000000e+02	9.4779755064e-03	1.1061317606e-04	4.0727662306e-05	3.4915279267e-05
2.3100000000e+02	9.5129033971e-03	6.9809702483e-05	4.0879193483e-05	3.4940451592e-05
2.3200000000e+02	9.5478563094e-03	2.8854971253e-05	4.1030178182e-05	3.4965323376e-05
2.3300000000e+02	9.5828339452e-03	-1.2250472861e-05	4.1180619820e-05	3.4989899281e-05
2.3400000000e+02	9.6178360109e-03	-5.3506088498e-05	4.1330521792e-05	3.5014183882e-05
2.3500000000e+02	9.6528622174e-03	-9.4911337680e-05	4.1479887468e-05	3.5038181666e-05
2.3600000000e+02	9.6879122801e-03	-1.3646568579e-04	4.1628720194e-05	3.5061897037e-05
2.3700000000e+02	9.7229859187e-03	-1.7816860153e-04	4.1777023292e-05	3.5085334318e-05
2.3800000000e+02	9.7580828574e-03	-2.2001955693e-04	4.1924800060e-05	3.5108497749e-05
2.3900000000e+02	9.7932028243e-03	-2.6201802730e-04	4.2072053773e-05	3.5131391493e-05
2.4000000000e+02	9.8283455519e-03	-3.0416349120e-04	4.2218787679e-05	3.5154019636e-05
2.4100000000e+02	9.8635107764e-03	-3.4645543046e-04	4.2365005008e-05	3.5176386189e-05
2.4200000000e+02	9.8986982384e-03	-3.8889333009e-04	4.2510708961e-05	3.5198495087e-05
2.4300000000e+02	9.9339076820e-03	-4.3147667832e-04	4.2655902717e-05	3.5220350196e-05
2.4400000000e+02	9.9691388554e-03	-4.7420496652e-04	4.2800589434e-05	3.5241955309e-05
2.4500000000e+02	1.0004391511e-02	-5.1707768922e-04	4.2944772244e-05	3.5263314150e-05
2.4600000000e+02	1.0039665403e-02	-5.6009434407e-04	4.3088454256e-05	3.5284430378e-05
2.4700000000e+02	1.0074960292e-02	-6.0325443183e-04	4.3231638556e-05	3.5305307582e-05
2.4800000000e+02	1.0110275940e-02	-6.4655745630e-04	4.3374328209e-05	3.5325949289e-05
2.4900000000e+02	1.0145612113e-02	-6.9000292437e-04	4.3516526254e-05	3.5346358962e-05
2.5000000000e+02	1.0180968581e-02	-7.3359034595e-04	4.3658235709e-05	3.5366540001e-05
2.5100000000e+02	1.0216345118e-02	-7.7731923393e-04	4.3799459568e-05	3.5386495746e-05
2.5200000000e+02	1.0251741499e-02	-8.2118910421e-04	4.3940200805e-05	3.5406229477e-05
2.5300000000e+02	1.0287157504e-02	-8.6519947565e-04	4.4080462369e-05	3.5425744416e-05
2.5400000000e+02	1.0322592916e-02	-9.0934987003e-04	4.4220247188e-05	3.5445043728e-05
2.5500000000e+02	1.0358047520e-02	-9.5363981208e-04	4.4359558167e-05	3.5464130521e-05
2.5600000000e+02	1.0393521107e-02	-9.9806882938e-04	4.4498398189e-05	3.5483007851e-05
2.5700000000e+02	1.0429013467e-02	-1.0426364524e-03	4.4636770116e-05	3.5501678717e-05
2.5800000000e+02	1.0464524396e-02	-1.0873422145e-03	4.4774676787e-05	3.5520146068e-05
2.5900000000e+02	1.0500053693e-02	-1.1321856518e-03	4.4912121021e-05	3.5538412800e-05
2.6000000000e+02	1.0535601156e-02	-1.1771663034e-03	4.5049105614e-05	3.5556481759e-05
2.6100000000e+02	1.0571166591e-02	-1.2222837108e-03	4.5185633340e-05	3.5574355743e-05
2.6200000000e+02	1.0606749804e-02	-1.2675374187e-03	4.5321706955e-05	3.5592037499e-05
2.6300000000e+02	1.0642350603e-02	-1.3129269742e-03	4.5457329191e-05	3.5609529729e-05
2.6400000000e+02	1.0677968801e-02	-1.3584519275e-03	4.5592502758e-05	3.5626835088e-05
2.6500000000e+02	1.0713604212e-02	-1.4041118311e-03	4.5727230350e-05	3.5643956184e-05
2.6600000000e+02	1.0749256653e-02	-1.4499062404e-03	4.5861514635e-05	3.5660895583e-05
2.6700000000e+02	1.0784925943e-02	-1.4958347135e-03	4.5995358264e-05	3.5677655804e-05
2.6800000000e+02	1.0820611905e-02	-1.5418968109e-03	4.6128763866e-05	3.5694239328e-05
2.6900000000e+02	1.0856314364e-02	-1.5880920961e-03	4.6261734051e-05	3.5710648588e-05
2.7000000000e+02	1.0892033145e-02	-1.6344201348e-03	4.6394271407e-05	3.5726885981e-05
2.7100000000e+02	1.0927768079e-02	-1.6808804955e-03	4.6526378504e-05	3.5742953862e-05
2.7200000000e+02	1.0963518997e-02	-1.7274727492e-03	4.6658057891e-05	3.5758854544e-05
2.7300000000e+02	1.0999285733e-02	-1.7741964695e-03	4.6789312098e-05	3.5774590306e-05
2.7400000000e+02	1.1035068124e-02	-1.8210512325e-03	4.6920143635e-05	3.5790163385e-05
2.7500000000e+02	1.1070866006e-02	-1.8680366167e-03	4.7050554994e-05	3.5805575982e-05
2.7600000000e+02	1.1106679223e-02	-1.9151522033e-03	4.7180548645e-05	3.5820830263e-05
2.7700000000e+02	1.1142507615e-02	-1.9623975756e-03	4.7310127042e-05	3.5835928357e-05
2.7800000000e+02	1.1178351028e-02	-2.0097723197e-03	4.7439292618e-05	3.5850872356e-05
2.7900000000e+02	1.1214209309e-02	-2.0572760240e-03	4.7568047789e-05	3.5865664321e-05
2.8000000000e+02	1.1250082307e-02	-2.1049082793e-03	4.7696394950e-05	3.5880306277e-05
2.8100000000e+02	1.1285969872e-02	-2.1526686787e-03	4.7824336480e-05	3.5894800217e-05
2.8200000000e+02	1.1321871858e-02	-2.2005568179e-03	4.7951874739e-05	3.5909148101e-05
2.8300000000e+02	1.1357788120e-02	-2.2485722946e-03	4.8079012067e-05	3.5923351857e-05
2.8400000000e+02	1.1393718515e-02	-2.2967147091e-03	4.8205750788e-05	3.5937413383e-05
2.8500000000e+02	1.1429662900e-02	-2.3449836640e-03	4.8332093208e-05	3.5951334544e-05
2.8600000000e+02	1.1465621138e-02	-2.3933787642e-03	4.8458041615e-05	3.5965117177e-05
2.8700000000e+02	1.1501593089e-02	-2.4418996167e-03	4.8583598278e-05	3.5978763089e-05
2.8800000000e+02	1.1537578619e-02	-2.4905458309e-03	4.8708765451e-05	3.5992274057e-05
2.8900000000e+02	1.1573577593e-02	-2.5393170185e-03	4.8833545368e-05	3.6005651832e-05
2.9000000000e+02	1.1609589879e-02	-2.5882127933e-03	4.8957940248e-05	3.6018898135e-05
2.9100000000e+02	1.1645615346e-02	-2.6372327714e-03	4.9081952293e-05	3.6032014660e-05
2.9200000000e+02	1.1681653865e-02	-2.6863765710e-03	4.9205583686e-05	3.6045003075e-05
2.9300000000e+02	1.1717705310e-02	-2.7356438126e-03	4.9328836595e-05	3.6057865020e-05
2.9400000000e+02	1.1753769554e-02	-2.7850341188e-03	4.9451713172e-05	3.6070602112e-05
2.9500000000e+02	1.1789846473e-02	-2.8345471142e-03	4.9574215550e-05	3.6083215940e-05
2.9600000000e+02	1.1825935945e-02	-2.8841824258e-03	4.9696345848e-05	3.6095708070e-05
2.9700000000e+02	1.1862037849e-02	-2.9339396826e-03	4.9818106167e-05	3.6108080041e-05
2.9800000000e+02	1.1898152066e-02	-2.9838185155e-03	4.9939498594e-05	3.6120333372e-05
2.9900000000e+02	1.1934278477e-02	-3.0338185578e-03	5.0060525199e-05	3.6132469554e-05
3.0000000000e+02	1.1970416966e-02	-3.0839394447e-03	5.0181188036e-05	3.6144490059e-05
3.0100000000e+02	1.2006567419e-02	-3.1341808133e-03	5.0301489143e-05	3.6156396333e-05
3.0200000000e+02	1.2042729721e-02	-3.1845423031e-03	5.0421430544e-05	3.6168189802e-05
3.0300000000e+02	1.2078903761e-02	-3.2350235552e-03	5.0541014246e-05	3.6179871868e-05
3.0400000000e+02	1.2115089428e-02	-3.2856242130e-03	5.0660242241e-05	3.6191443914e-05
3.0500000000e+02	1.2151286613e-02	-3.3363439218e-03	5.0779116507e-05	3.6202907301e-05
3.0600000000e+02	1.2187495207e-02	-3.3871823287e-03	5.0897639006e-05	3.6214263368e-05
3.0700000000e+02	1.2223715104e-02	-3.4381390832e-03	5.1015811686e-05	3.6225513435e-05
3.0800000000e+02	1.2259946199e-02	-3.4892138362e-03	5.1133636478e-05	3.6236658802e-05
3.0900000000e+02	1.2296188387e-02	-3.5404062408e-03	5.1251115302e-05	3.6247700749e-05
3.1000000000e+02	1.2332441567e-02	-3.5917159521e-03	5.1368250060e-05	3.6258640536e-05
3.1100000000e+02	1.2368705635e-02	-3.6431426269e-03	5.1485042642e-05	3.6269479406e-05
3.1200000000e+02	1.2404980492e-02	-3.6946859239e-03	5.1601494923e-05	3.6280218582e-05
3.1300000000e+02	1.2441266039e-02	-3.7463455039e-03	5.1717608764e-05	3.6290859268e-05
3.1400000000e+02	1.2477562178e-02	-3.7981210293e-03	5.1833386011e-05	3.6301402653e-05
3.1500000000e+02	1.2513868812e-02	-3.8500121643e-03	5.1948828498e-05	3.6311849905e-05
3.1600000000e+02	1.2550185846e-02	-3.9020185753e-03	5.2063938043e-05	3.6322202178e-05
3.1700000000e+02	1.2586513186e-02	-3.9541399300e-03	5.2178716453e-05	3.6332460605e-05
3.1800000000e+02	1.2622850737e-02	-4.0063758984e-03	5.2293165519e-05	3.6342626305e-05
3.1900000000e+02	1.2659198408e-02	-4.0587261519e-03	5.2407287020e-05	3.6352700381e-05
3.2000000000e+02	1.2695556107e-02	-4.1111903638e-03	5.2521082722e-05	3.6362683919e-05
3.2100000000e+02	1.2731923746e-02	-4.1637682093e-03	5.2634554377e-05	3.6372577988e-05
3.2200000000e+02	1.2768301234e-02	-4.2164593652e-03	5.2747703723e-05	3.6382383643e-05
3.2300000000e+02	1.2804688484e-02	-4.2692635099e-03	5.2860532488e-05	3.6392101923e-05
3.2400000000e+02	1.2841085409e-02	-4.3221803238e-03	5.2973042385e-05	3.6401733852e-05
3.2500000000e+02	1.2877491923e-02	-4.3752094889e-03	5.3085235114e-05	3.6411280440e-05
3.2600000000e+02	1.2913907942e-02	-4.4283506889e-03	5.3197112363e-05	3.6420742681e-05
3.2700000000e+02	1.2950333381e-02	-4.4816036091e-03	5.3308675809e-05	3.6430121556e-05
3.2800000000e+02	1.2986768157e-02	-4.5349679365e-03	5.3419927115e-05	3.6439418031e-05
3.2900000000e+02	1.3023212190e-02	-4.5884433598e-03	5.3530867931e-05	3.6448633059e-05
3.3000000000e+02	1.3059665396e-02	-4.6420295694e-03	5.3641499897e-05	3.6457767579e-05
3.3100000000e+02	1.3096127698e-02	-4.6957262572e-03	5.3751824638e-05	3.6466822516e-05
3.3200000000e+02	1.3132599015e-02	-4.7495331168e-03	5.3861843771e-05	3.6475798784e-05
3.3300000000e+02	1.3169079270e-02	-4.8034498434e-03	5.3971558898e-05	3.6484697282e-05
3.3400000000e+02	1.3205568384e-02	-4.8574761338e-03	5.4080971611e-05	3.6493518896e-05
3.3500000000e+02	1.3242066282e-02	-4.9116116863e-03	5.4190083488e-05	3.6502264501e-05
3.3600000000e+02	1.3278572888e-02	-4.9658562010e-03	5.4298896099e-05	3.6510934960e-05
3.3700000000e+02	1.3315088127e-02	-5.0202093793e-03	5.4407410999e-05	3.6519531123e-05
3.3800000000e+02	1.3351611926e-02	-5.0746709243e-03	5.4515629734e-05	3.6528053827e-05
3.3900000000e+02	1.3388144211e-02	-5.1292405406e-03	5.4623553839e-05	3.6536503900e-05
3.4000000000e+02	1.3424684910e-02	-5.1839179343e-03	5.4731184836e-05	3.6544882157e-05
3.4100000000e+02	1.3461233951e-02	-5.2387028130e-03	5.4838524236e-05	3.6553189401e-05
3.4200000000e+02	1.3497791265e-02	-5.2935948860e-03	5.4945573542e-05	3.6561426425e-05
3.4300000000e+02	1.3534356781e-02	-5.3485938639e-03	5.5052334242e-05	3.6569594012e-05
3.4400000000e+02	1.3570930430e-02	-5.4036994588e-03	5.5158807817e-05	3.6577692931e-05
3.4500000000e+02	1.3607512144e-02	-5.4589113843e-03	5.5264995735e-05	3.6585723945e-05
3.4600000000e+02	1.3644101856e-02	-5.5142293555e-03	5.5370899455e-05	3.6593687802e-05
3.4700000000e+02	1.3680699498e-02	-5.5696530890e-03	5.5476520423e-05	3.6601585242e-05
3.4800000000e+02	1.3717305004e-02	-5.6251823026e-03	5.5581860078e-05	3.6609416996e-05
3.4900000000e+02	1.3753918310e-02	-5.6808167159e-03	5.5686919845e-05	3.6617183784e-05
3.5000000000e+02	1.3790539351e-02	-5.7365560495e-03	5.5791701143e-05	3.6624886315e-05
3.5100000000e+02	1.3827168062e-02	-5.7924000258e-03	5.5896205377e-05	3.6632525290e-05
3.5200000000e+02	1.3863804380e-02	-5.8483483684e-03	5.6000433945e-05	3.6640101400e-05
3.5300000000e+02	1.3900448244e-02	-5.9044008022e-03	5.6104388232e-05	3.6647615327e-05
3.5400000000e+02	1.3937099590e-02	-5.9605570539e-03	5.6208069616e-05	3.6655067744e-05
3.5500000000e+02	1.3973758359e-02	-6.0168168510e-03	5.6311479465e-05	3.6662459315e-05
3.5600000000e+02	1.4010424489e-02	-6.0731799227e-03	5.6414619134e-05	3.6669790694e-05
3.5700000000e+02	1.4047097920e-02	-6.1296459996e-03	5.6517489972e-05	3.6677062528e-05
3.5800000000e+02	1.4083778594e-02	-6.1862148135e-03	5.6620093318e-05	3.6684275454e-05
3.5900000000e+02	1.4120466452e-02	-6.2428860975e-03	5.6722430500e-05	3.6691430102e-05
3.6000000000e+02	1.4157161435e-02	-6.2996595862e-03	5.6824502838e-05	3.6698527091e-05
3.6100000000e+02	1.4193863487e-02	-6.3565350154e-03	5.6926311641e-05	3.6705567036e-05
3.6200000000e+02	1.4230572551e-02	-6.4135121221e-03	5.7027858212e-05	3.6712550541e-05
3.6300000000e+02	1.4267288570e-02	-6.4705906448e-03	5.7129143841e-05	3.6719478201e-05
3.6400000000e+02	1.4304011489e-02	-6.5277703232e-03	5.7230169813e-05	3.6726350607e-05
3.6500000000e+02	1.4340741253e-02	-6.5850508983e-03	5.7330937400e-05	3.6733168340e-05
3.6600000000e+02	1.4377477807e-02	-6.6424321123e-03	5.7431447868e-05	3.6739931973e-05
3.6700000000e+02	1.4414221099e-02	-6.6999137088e-03	5.7531702473e-05	3.6746642073e-05
3.6800000000e+02	1.4450971074e-02	-6.7574954324e-03	5.7631702462e-05	3.6753299198e-05
3.6900000000e+02	1.4487727680e-02	-6.8151770292e-03	5.7731449075e-05	3.6759903900e-05
3.7000000000e+02	1.4524490864e-02	-6.8729582465e-03	5.7830943542e-05	3.6766456724e-05
3.7100000000e+02	1.4561260576e-02	-6.9308388327e-03	5.7930187085e-05	3.6772958207e-05
3.7200000000e+02	1.4598036764e-02	-6.9888185374e-03	5.8029180917e-05	3.6779408880e-05
3.7300000000e+02	1.4634819377e-02	-7.0468971117e-03	5.8127926243e-05	3.6785809268e-05
3.7400000000e+02	1.4671608366e-02	-7.1050743075e-03	5.8226424260e-05	3.6792159887e-05
3.7500000000e+02	1.4708403680e-02	-7.1633498781e-03	5.8324676156e-05	3.6798461247e-05
3.7600000000e+02	1.4745205272e-02	-7.2217235781e-03	5.8422683112e-05	3.6804713854e-05
3.7700000000e+02	1.4782013092e-02	-7.2801951631e-03	5.8520446300e-05	3.6810918205e-05
3.7800000000e+02	1.4818827092e-02	-7.3387643899e-03	5.8617966884e-05	3.6817074792e-05
3.7900000000e+02	1.4855647226e-02	-7.3974310164e-03	5.8715246021e-05	3.6823184099e-05
3.8000000000e+02	1.4892473445e-02	-7.4561948018e-03	5.8812284860e-05	3.6829246607e-05
3.8100000000e+02	1.4929305704e-02	-7.5150555064e-03	5.8909084540e-05	3.6835262788e-05
3.8200000000e+02	1.4966143955e-02	-7.5740128916e-03	5.9005646196e-05	3.6841233109e-05
3.8300000000e+02	1.5002988155e-02	-7.6330667198e-03	5.9101970952e-05	3.6847158033e-05
3.8400000000e+02	1.5039838256e-02	-7.6922167549e-03	5.9198059925e-05	3.6853038015e-05
3.8500000000e+02	1.5076694216e-02	-7.7514627615e-03	5.9293914227e-05	3.6858873504e-05
3.8600000000e+02	1.5113555989e-02	-7.8108045055e-03	5.9389534959e-05	3.6864664946e-05
3.8700000000e+02	1.5150423531e-02	-7.8702417539e-03	5.9484923217e-05	3.6870412779e-05
3.8800000000e+02	1.5187296800e-02	-7.9297742748e-03	5.9580080089e-05	3.6876117438e-05
3.8900000000e+02	1.5224175752e-02	-7.9894018373e-03	5.9675006656e-05	3.6881779349e-05
3.9000000000e+02	1.5261060344e-02	-8.0491242117e-03	5.9769703990e-05	3.6887398937e-05
3.9100000000e+02	1.5297950536e-02	-8.1089411692e-03	5.9864173158e-05	3.6892976618e-05
3.9200000000e+02	1.5334846284e-02	-8.1688524823e-03	5.9958415220e-05	3.6898512807e-05
3.9300000000e+02	1.5371747548e-02	-8.2288579243e-03	6.0052431226e-05	3.6904007910e-05
3.9400000000e+02	1.5408654286e-02	-8.2889572697e-03	6.0146222223e-05	3.6909462330e-05
3.9500000000e+02	1.5445566459e-02	-8.3491502941e-03	6.0239789248e-05	3.6914876464e-05
3.9600000000e+02	1.5482484026e-02	-8.4094367739e-03	6.0333133332e-05	3.6920250707e-05
3.9700000000e+02	1.5519406947e-02	-8.4698164868e-03	6.0426255501e-05	3.6925585446e-05
3.9800000000e+02	1.5556335184e-02	-8.5302892113e-03	6.0519156771e-05	3.6930881065e-05
3.9900000000e+02	1.5593268696e-02	-8.5908547270e-03	6.0611838154e-05	3.6936137943e-05
4.0000000000e+02	1.5630207447e-02	-8.6515128146e-03	6.0704300653e-05	3.6941356453e-05
4.0100000000e+02	1.5667151397e-02	-8.7122632557e-03	6.0796545267e-05	3.6946536967e-05
4.0200000000e+02	1.5704100508e-02	-8.7731058329e-03	6.0888572987e-05	3.6951679850e-05
4.0300000000e+02	1.5741054744e-02	-8.8340403297e-03	6.0980384798e-05	3.6956785462e-05
4.0400000000e+02	1.5778014067e-02	-8.8950665308e-03	6.1071981677e-05	3.6961854161e-05
4.0500000000e+02	1.5814978440e-02	-8.9561842217e-03	6.1163364597e-05	3.6966886300e-05
4.0600000000e+02	1.5851947827e-02	-9.0173931890e-03	6.1254534523e-05	3.6971882226e-05
4.0700000000e+02	1.5888922192e-02	-9.0786932201e-03	6.1345492414e-05	3.6976842285e-05
4.0800000000e+02	1.5925901500e-02	-9.1400841035e-03	6.1436239224e-05	3.6981766816e-05
4.0900000000e+02	1.5962885714e-02	-9.2015656285e-03	6.1526775899e-05	3.6986656156e-05
4.1000000000e+02	1.5999874801e-02	-9.2631375856e-03	6.1617103381e-05	3.6991510637e-05
4.1100000000e+02	1.6036868724e-02	-9.3247997659e-03	6.1707222603e-05	3.6996330588e-05
4.1200000000e+02	1.6073867450e-02	-9.3865519616e-03	6.1797134495e-05	3.7001116333e-05
4.1300000000e+02	1.6110870945e-02	-9.4483939660e-03	6.1886839979e-05	3.7005868193e-05
4.1400000000e+02	1.6147879176e-02	-9.5103255731e-03	6.1976339973e-05	3.7010586485e-05
4.1500000000e+02	1.6184892107e-02	-9.5723465778e-03	6.2065635386e-05	3.7015271524e-05
4.1600000000e+02	1.6221909708e-02	-9.6344567760e-03	6.2154727124e-05	3.7019923617e-05
4.1700000000e+02	1.6258931944e-02	-9.6966559645e-03	6.2243616087e-05	3.7024543073e-05
4.1800000000e+02	1.6295958783e-02	-9.7589439409e-03	6.2332303167e-05	3.7029130193e-05
4.1900000000e+02	1.6332990193e-02	-9.8213205038e-03	6.2420789254e-05	3.7033685277e-05
4.2000000000e+02	1.6370026143e-02	-9.8837854527e-03	6.2509075228e-05	3.7038208620e-05
4.2100000000e+02	1.6407066600e-02	-9.9463385878e-03	6.2597161967e-05	3.7042700516e-05
4.2200000000e+02	1.6444111534e-02	-1.0008979710e-02	6.2685050342e-05	3.7047161252e-05
4.2300000000e+02	1.6481160912e-02	-1.0071708623e-02	6.2772741218e-05	3.7051591116e-05
4.2400000000e+02	1.6518214706e-02	-1.0134525127e-02	6.2860235455e-05	3.7055990389e-05
4.2500000000e+02	1.6555272883e-02	-1.0197429028e-02	6.2947533909e-05	3.7060359350e-05
4.2600000000e+02	1.6592335414e-02	-1.0260420130e-02	6.3034637429e-05	3.7064698277e-05
4.2700000000e+02	1.6629402270e-02	-1.0323498238e-02	6.3121546858e-05	3.7069007442e-05
4.2800000000e+02	1.6666473419e-02	-1.0386663160e-02	6.3208263035e-05	3.7073287114e-05
4.2900000000e+02	1.6703548834e-02	-1.0449914700e-02	6.3294786794e-05	3.7077537562e-05
4.3000000000e+02	1.6740628485e-02	-1.0513252669e-02	6.3381118963e-05	3.7081759048e-05
4.3100000000e+02	1.6777712343e-02	-1.0576676875e-02	6.3467260365e-05	3.7085951834e-05
4.3200000000e+02	1.6814800379e-02	-1.0640187127e-02	6.3553211819e-05	3.7090116179e-05
4.3300000000e+02	1.6851892566e-02	-1.0703783235e-02	6.3638974136e-05	3.7094252336e-05
4.3400000000e+02	1.6888988874e-02	-1.0767465012e-02	6.3724548126e-05	3.7098360559e-05
4.3500000000e+02	1.6926089278e-02	-1.0831232269e-02	6.3809934590e-05	3.7102441097e-05
4.3600000000e+02	1.6963193748e-02	-1.0895084819e-02	6.3895134327e-05	3.7106494197e-05
4.3700000000e+02	1.7000302257e-02	-1.0959022476e-02	6.3980148130e-05	3.7110520102e-05
4.3800000000e+02	1.7037414779e-02	-1.1023045054e-02	6.4064976786e-05	3.7114519055e-05
4.3900000000e+02	1.7074531286e-02	-1.1087152368e-02	6.4149621080e-05	3.7118491294e-05
4.4000000000e+02	1.7111651752e-02	-1.1151344235e-02	6.4234081789e-05	3.7122437056e-05
4.4100000000e+02	1.7148776151e-02	-1.1215620471e-02	6.4318359687e-05	3.7126356573e-05
4.4200000000e+02	1.7185904457e-02	-1.1279980893e-02	6.4402455544e-05	3.7130250076e-05
4.4300000000e+02	1.7223036643e-02	-1.1344425321e-02	6.4486370122e-05	3.7134117794e-05
4.4400000000e+02	1.7260172684e-02	-1.1408953573e-02	6.4570104183e-05	3.7137959954e-05
4.4500000000e+02	1.7297312554e-02	-1.1473565470e-02	6.4653658481e-05	3.7141776778e-05
4.4600000000e+02	1.7334456229e-02	-1.1538260831e-02	6.4737033767e-05	3.7145568487e-05
4.4700000000e+02	1.7371603683e-02	-1.1603039478e-02	6.4820230785e-05	3.7149335301e-05
4.4800000000e+02	1.7408754892e-02	-1.1667901233e-02	6.4903250278e-05	3.7153077435e-05
4.4900000000e+02	1.7445909830e-02	-1.1732845919e-02	6.4986092983e-05	3.7156795104e-05
4.5000000000e+02	1.7483068474e-02	-1.1797873360e-02	6.5068759631e-05	3.7160488518e-05
4.5100000000e+02	1.7520230799e-02	-1.1862983380e-02	6.5151250951e-05	3.7164157889e-05
4.5200000000e+02	1.7557396782e-02	-1.1928175804e-02	6.5233567667e-05	3.7167803422e-05
4.5300000000e+02	1.7594566398e-02	-1.1993450458e-02	6.5315710498e-05	3.7171425323e-05
4.5400000000e+02	1.7631739624e-02	-1.2058807167e-02	6.5397680158e-05	3.7175023794e-05
4.5500000000e+02	1.7668916438e-02	-1.2124245760e-02	6.5479477359e-05	3.7178599036e-05
4.5600000000e+02	1.7706096815e-02	-1.2189766065e-02	6.5561102806e-05	3.7182151248e-05
4.5700000000e+02	1.7743280733e-02	-1.2255367909e-02	6.5642557203e-05	3.7185680626e-05
4.5800000000e+02	1.7780468168e-02	-1.2321051122e-02	6.5723841246e-05	3.7189187364e-05
4.5900000000e+02	1.7817659100e-02	-1.2386815535e-02	6.5804955631e-05	3.7192671655e-05
4.6000000000e+02	1.7854853504e-02	-1.2452660977e-02	6.5885901047e-05	3.7196133688e-05
4.6100000000e+02	1.7892051360e-02	-1.2518587281e-02	6.5966678180e-05	3.7199573652e-05
4.6200000000e+02	1.7929252644e-02	-1.2584594278e-02	6.6047287710e-05	3.7202991733e-05
4.6300000000e+02	1.7966457336e-02	-1.2650681801e-02	6.6127730317e-05	3.7206388115e-05
4.6400000000e+02	1.8003665413e-02	-1.2716849683e-02	6.6208006673e-05	3.7209762982e-05
4.6500000000e+02	1.8040876855e-02	-1.2783097759e-02	6.6288117449e-05	3.7213116512e-05
4.6600000000e+02	1.8078091639e-02	-1.2849425863e-02	6.6368063310e-05	3.7216448886e-05
4.6700000000e+02	1.8115309746e-02	-1.2915833831e-02	6.6447844918e-05	3.7219760279e-05
4.6800000000e+02	1.8152531153e-02	-1.2982321498e-02	6.6527462930e-05	3.7223050866e-05
4.6900000000e+02	1.8189755841e-02	-1.3048888702e-02	6.6606918002e-05	3.7226320821e-05
4.7000000000e+02	1.8226983788e-02	-1.3115535280e-02	6.6686210783e-05	3.7229570315e-05
4.7100000000e+02	1.8264214974e-02	-1.3182261070e-02	6.6765341920e-05	3.7232799517e-05
4.7200000000e+02	1.8301449380e-02	-1.3249065910e-02	6.6844312056e-05	3.7236008595e-05
4.7300000000e+02	1.8338686985e-02	-1.3315949641e-02	6.6923121830e-05	3.7239197715e-05
4.7400000000e+02	1.8375927769e-02	-1.3382912101e-02	6.7001771877e-05	3.7242367042e-05
4.7500000000e+02	1.8413171713e-02	-1.3449953131e-02	6.7080262829e-05	3.7245516739e-05
4.7600000000e+02	1.8450418796e-02	-1.3517072574e-02	6.7158595314e-05	3.7248646965e-05
4.7700000000e+02	1.8487669000e-02	-1.3584270269e-02	6.7236769957e-05	3.7251757882e-05
4.7800000000e+02	1.8524922305e-02	-1.3651546061e-02	6.7314787378e-05	3.7254849645e-05
4.7900000000e+02	1.8562178693e-02	-1.3718899792e-02	6.7392648194e-05	3.7257922413e-05
4.8000000000e+02	1.8599438144e-02	-1.3786331306e-02	6.7470353020e-05	3.7260976338e-05
4.8100000000e+02	1.8636700639e-02	-1.3853840446e-02	6.7547902465e-05	3.7264011575e-05
4.8200000000e+02	1.8673966161e-02	-1.3921427059e-02	6.7625297136e-05	3.7267028275e-05
4.8300000000e+02	1.8711234690e-02	-1.3989090989e-02	6.7702537637e-05	3.7270026587e-05
4.8400000000e+02	1.8748506208e-02	-1.4056832083e-02	6.7779624568e-05	3.7273006660e-05
4.8500000000e+02	1.8785780697e-02	-1.4124650187e-02	6.7856558524e-05	3.7275968642e-05
4.8600000000e+02	1.8823058139e-02	-1.4192545149e-02	6.7933340100e-05	3.7278912677e-05
4.8700000000e+02	1.8860338517e-02	-1.4260516817e-02	6.8009969884e-05	3.7281838909e-05
4.8800000000e+02	1.8897621811e-02	-1.4328565039e-02	6.8086448463e-05	3.7284747482e-05
4.8900000000e+02	1.8934908006e-02	-1.4396689664e-02	6.8162776420e-05	3.7287638536e-05
4.9000000000e+02	1.8972197082e-02	-1.4464890541e-02	6.8238954334e-05	3.7290512212e-05
4.9100000000e+02	1.9009489024e-02	-1.4533167522e-02	6.8314982784e-05	3.7293368647e-05
4.9200000000e+02	1.9046783814e-02	-1.4601520457e-02	6.8390862340e-05	3.7296207978e-05
4.9300000000e+02	1.9084081435e-02	-1.4669949198e-02	6.8466593575e-05	3.7299030342e-05
4.9400000000e+02	1.9121381869e-02	-1.4738453595e-02	6.8542177053e-05	3.7301835873e-05
4.9500000000e+02	1.9158685101e-02	-1.4807033503e-02	6.8617613340e-05	3.7304624703e-05
4.9600000000e+02	1.9195991113e-02	-1.4875688773e-02	6.8692902996e-05	3.7307396964e-05
4.9700000000e+02	1.9233299889e-02	-1.4944419260e-02	6.8768046578e-05	3.7310152787e-05
4.9800000000e+02	1.9270611413e-02	-1.5013224818e-02	6.8843044640e-05	3.7312892302e-05
4.9900000000e+02	1.9307925668e-02	-1.5082105301e-02	6.8917897734e-05	3.7315615635e-05
5.0000000000e+02	1.9345242639e-02	-1.5151060565e-02	6.8992606408e-05	3.7318322913e-05
5.0100000000e+02	1.9382562309e-02	-1.5220090466e-02	6.9067171207e-05	3.7321014263e-05
5.0200000000e+02	1.9419884662e-02	-1.5289194860e-02	6.9141592673e-05	3.7323689807e-05
5.0300000000e+02	1.9457209683e-02	-1.5358373604e-02	6.9215871346e-05	3.7326349670e-05
5.0400000000e+02	1.9494537357e-02	-1.5427626555e-02	6.9290007761e-05	3.7328993972e-05
5.0500000000e+02	1.9531867666e-02	-1.5496953572e-02	6.9364002451e-05	3.7331622835e-05
5.0600000000e+02	1.9569200597e-02	-1.5566354513e-02	6.9437855948e-05	3.7334236378e-05
5.0700000000e+02	1.9606536134e-02	-1.5635829237e-02	6.9511568778e-05	3.7336834719e-05
5.0800000000e+02	1.9643874261e-02	-1.5705377604e-02	6.9585141467e-05	3.7339417975e-05
5.0900000000e+02	1.9681214965e-02	-1.5774999473e-02	6.9658574534e-05	3.7341986263e-05
5.1000000000e+02	1.9718558229e-02	-1.5844694706e-02	6.9731868501e-05	3.7344539698e-05
5.1100000000e+02	1.9755904039e-02	-1.5914463164e-02	6.9805023881e-05	3.7347078393e-05
5.1200000000e+02	1.9793252381e-02	-1.5984304708e-02	6.9878041189e-05	3.7349602461e-05
5.1300000000e+02	1.9830603239e-02	-1.6054219201e-02	6.9950920936e-05	3.7352112013e-05
5.1400000000e+02	1.9867956600e-02	-1.6124206504e-02	7.0023663627e-05	3.7354607162e-05
5.1500000000e+02	1.9905312449e-02	-1.6194266482e-02	7.0096269769e-05	3.7357088015e-05
5.1600000000e+02	1.9942670771e-02	-1.6264398998e-02	7.0168739864e-05	3.7359554681e-05
5.1700000000e+02	1.9980031554e-02	-1.6334603917e-02	7.0241074411e-05	3.7362007269e-05
5.1800000000e+02	2.0017394781e-02	-1.6404881102e-02	7.0313273907e-05	3.7364445885e-05
5.1900000000e+02	2.0054760441e-02	-1.6475230420e-02	7.0385338845e-05	3.7366870633e-05
5.2000000000e+02	2.0092128518e-02	-1.6545651735e-02	7.0457269718e-05	3.7369281619e-05
5.2100000000e+02	2.0129498999e-02	-1.6616144915e-02	7.0529067014e-05	3.7371678947e-05
5.2200000000e+02	2.0166871871e-02	-1.6686709825e-02	7.0600731219e-05	3.7374062718e-05
5.2300000000e+02	2.0204247120e-02	-1.6757346333e-02	7.0672262817e-05	3.7376433035e-05
5.2400000000e+02	2.0241624733e-02	-1.6828054306e-02	7.0743662289e-05	3.7378789997e-05
5.2500000000e+02	2.0279004696e-02	-1.6898833614e-02	7.0814930114e-05	3.7381133706e-05
5.2600000000e+02	2.0316386996e-02	-1.6969684123e-02	7.0886066766e-05	3.7383464259e-05
5.2700000000e+02	2.0353771620e-02	-1.7040605704e-02	7.0957072721e-05	3.7385781754e-05
5.2800000000e+02	2.0391158555e-02	-1.7111598225e-02	7.1027948447e-05	3.7388086289e-05
5.2900000000e+02	2.0428547788e-02	-1.7182661557e-02	7.1098694415e-05	3.7390377960e-05
5.3000000000e+02	2.0465939307e-02	-1.7253795571e-02	7.1169311090e-05	3.7392656861e-05
5.3100000000e+02	2.0503333098e-02	-1.7325000136e-02	7.1239798935e-05	3.7394923088e-05
5.3200000000e+02	2.0540729149e-02	-1.7396275126e-02	7.1310158411e-05	3.7397176733e-05
5.3300000000e+02	2.0578127447e-02	-1.7467620411e-02	7.1380389977e-05	3.7399417890e-05
5.3400000000e+02	2.0615527981e-02	-1.7539035863e-02	7.1450494090e-05	3.7401646649e-05
5.3500000000e+02	2.0652930736e-02	-1.7610521356e-02	7.1520471202e-05	3.7403863103e-05
5.3600000000e+02	2.0690335703e-02	-1.7682076763e-02	7.1590321765e-05	3.7406067340e-05
5.3700000000e+02	2.0727742867e-02	-1.7753701958e-02	7.1660046229e-05	3.7408259451e-05
5.3800000000e+02	2.0765152218e-02	-1.7825396814e-02	7.1729645040e-05	3.7410439523e-05
5.3900000000e+02	2.0802563742e-02	-1.7897161206e-02	7.1799118643e-05	3.7412607645e-05
5.4000000000e+02	2.0839977429e-02	-1.7968995010e-02	7.1868467479e-05	3.7414763903e-05
5.4100000000e+02	2.0877393266e-02	-1.8040898100e-02	7.1937691989e-05	3.7416908384e-05
5.4200000000e+02	2.0914811242e-02	-1.8112870352e-02	7.2006792609e-05	3.7419041172e-05
5.4300000000e+02	2.0952231345e-02	-1.8184911644e-02	7.2075769776e-05	3.7421162352e-05
5.4400000000e+02	2.0989653563e-02	-1.8257021851e-02	7.2144623922e-05	3.7423272009e-05
5.4500000000e+02	2.1027077885e-02	-1.8329200851e-02	7.2213355478e-05	3.7425370224e-05
5.4600000000e+02	2.1064504299e-02	-1.8401448521e-02	7.2281964873e-05	3.7427457081e-05
5.4700000000e+02	2.1101932795e-02	-1.8473764740e-02	7.2350452532e-05	3.7429532661e-05
5.4800000000e+02	2.1139363361e-02	-1.8546149386e-02	7.2418818881e-05	3.7431597044e-05
5.4900000000e+02	2.1176795986e-02	-1.8618602338e-02	7.2487064341e-05	3.7433650311e-05
5.5000000000e+02	2.1214230658e-02	-1.8691123474e-02	7.2555189331e-05	3.7435692542e-05
5.5100000000e+02	2.1251667367e-02	-1.8763712676e-02	7.2623194271e-05	3.7437723814e-05
5.5200000000e+02	2.1289106102e-02	-1.8836369823e-02	7.2691079574e-05	3.7439744206e-05
5.5300000000e+02	2.1326546852e-02	-1.8909094796e-02	7.2758845655e-05	3.7441753795e-05
5.5400000000e+02	2.1363989606e-02	-1.8981887475e-02	7.2826492925e-05	3.7443752658e-05
5.5500000000e+02	2.1401434354e-02	-1.9054747742e-02	7.2894021794e-05	3.7445740871e-05
5.5600000000e+02	2.1438881084e-02	-1.9127675479e-02	7.2961432667e-05	3.7447718508e-05
5.5700000000e+02	2.1476329787e-02	-1.9200670568e-02	7.3028725952e-05	3.7449685646e-05
5.5800000000e+02	2.1513780452e-02	-1.9273732892e-02	7.3095902050e-05	3.7451642356e-05
5.5900000000e+02	2.1551233068e-02	-1.9346862333e-02	7.3162961362e-05	3.7453588714e-05
5.6000000000e+02	2.1588687626e-02	-1.9420058776e-02	7.3229904289e-05	3.7455524791e-05
5.6100000000e+02	2.1626144114e-02	-1.9493322103e-02	7.3296731226e-05	3.7457450659e-05
5.6200000000e+02	2.1663602524e-02	-1.9566652200e-02	7.3363442569e-05	3.7459366391e-05
5.6300000000e+02	2.1701062844e-02	-1.9640048950e-02	7.3430038710e-05	3.7461272056e-05
5.6400000000e+02	2.1738525065e-02	-1.9713512239e-02	7.3496520042e-05	3.7463167725e-05
5.6500000000e+02	2.1775989176e-02	-1.9787041952e-02	7.3562886952e-05	3.7465053468e-05
5.6600000000e+02	2.1813455168e-02	-1.9860637975e-02	7.3629139829e-05	3.7466929353e-05
5.6700000000e+02	2.1850923031e-02	-1.9934300194e-02	7.3695279057e-05	3.7468795449e-05
5.6800000000e+02	2.1888392756e-02	-2.0008028495e-02	7.3761305019e-05	3.7470651823e-05
5.6900000000e+02	2.1925864332e-02	-2.0081822766e-02	7.3827218098e-05	3.7472498543e-05
5.7000000000e+02	2.1963337750e-02	-2.0155682894e-02	7.3893018673e-05	3.7474335675e-05
5.7100000000e+02	2.2000813000e-02	-2.0229608766e-02	7.3958707121e-05	3.7476163286e-05
5.7200000000e+02	2.2038290073e-02	-2.0303600271e-02	7.4024283818e-05	3.7477981441e-05
5.7300000000e+02	2.2075768960e-02	-2.0377657297e-02	7.4089749138e-05	3.7479790204e-05
5.7400000000e+02	2.2113249651e-02	-2.0451779732e-02	7.4155103454e-05	3.7481589640e-05
5.7500000000e+02	2.2150732136e-02	-2.0525967467e-02	7.4220347135e-05	3.7483379814e-05
5.7600000000e+02	2.2188216407e-02	-2.0600220390e-02	7.4285480550e-05	3.7485160787e-05
5.7700000000e+02	2.2225702455e-02	-2.0674538391e-02	7.4350504065e-05	3.7486932624e-05
5.7800000000e+02	2.2263190269e-02	-2.0748921361e-02	7.4415418046e-05	3.7488695385e-05
5.7900000000e+02	2.2300679842e-02	-2.0823369191e-02	7.4480222855e-05	3.7490449134e-05
5.8000000000e+02	2.2338171165e-02	-2.0897881771e-02	7.4544918854e-05	3.7492193930e-05
5.8100000000e+02	2.2375664227e-02	-2.0972458992e-02	7.4609506402e-05	3.7493929835e-05
5.8200000000e+02	2.2413159021e-02	-2.1047100747e-02	7.4673985857e-05	3.7495656908e-05
5.8300000000e+02	2.2450655538e-02	-2.1121806928e-02	7.4738357575e-05	3.7497375210e-05
5.8400000000e+02	2.2488153769e-02	-2.1196577427e-02	7.4802621910e-05	3.7499084800e-05
5.8500000000e+02	2.2525653705e-02	-2.1271412136e-02	7.4866779215e-05	3.7500785735e-05
5.8600000000e+02	2.2563155337e-02	-2.1346310950e-02	7.4930829841e-05	3.7502478075e-05
5.8700000000e+02	2.2600658658e-02	-2.1421273760e-02	7.4994774137e-05	3.7504161876e-05
5.8800000000e+02	2.2638163658e-02	-2.1496300463e-02	7.5058612451e-05	3.7505837197e-05
5.8900000000e+02	2.2675670330e-02	-2.1571390950e-02	7.5122345127e-05	3.7507504093e-05
5.9000000000e+02	2.2713178664e-02	-2.1646545118e-02	7.5185972511e-05	3.7509162621e-05
5.9100000000e+02	2.2750688652e-02	-2.1721762860e-02	7.5249494945e-05	3.7510812837e-05
5.9200000000e+02	2.2788200287e-02	-2.1797044073e-02	7.5312912769e-05	3.7512454795e-05
5.9300000000e+02	2.2825713559e-02	-2.1872388651e-02	7.5376226324e-05	3.7514088552e-05
5.9400000000e+02	2.2863228461e-02	-2.1947796491e-02	7.5439435946e-05	3.7515714160e-05
5.9500000000e+02	2.2900744985e-02	-2.2023267488e-02	7.5502541971e-05	3.7517331675e-05
5.9600000000e+02	2.2938263122e-02	-2.2098801540e-02	7.5565544735e-05	3.7518941149e-05
5.9700000000e+02	2.2975782864e-02	-2.2174398543e-02	7.5628444569e-05	3.7520542636e-05
5.9800000000e+02	2.3013304204e-02	-2.2250058395e-02	7.5691241805e-05	3.7522136188e-05
5.9900000000e+02	2.3050827134e-02	-2.2325780993e-02	7.5753936773e-05	3.7523721857e-05
6.0000000000e+02	2.3088351645e-02	-2.2401566235e-02	7.5816529800e-05	3.7525299696e-05
6.0100000000e+02	2.3125877731e-02	-2.2477414019e-02	7.5879021214e-05	3.7526869755e-05
6.0200000000e+02	2.3163405382e-02	-2.2553324243e-02	7.5941411339e-05	3.7528432085e-05
6.0300000000e+02	2.3200934592e-02	-2.2629296808e-02	7.6003700498e-05	3.7529986737e-05
6.0400000000e+02	2.3238465353e-02	-2.2705331611e-02	7.6065889014e-05	3.7531533761e-05
6.0500000000e+02	2.3275997657e-02	-2.2781428552e-02	7.6127977206e-05	3.7533073207e-05
6.0600000000e+02	2.3313531497e-02	-2.2857587532e-02	7.6189965395e-05	3.7534605124e-05
6.0700000000e+02	2.3351066865e-02	-2.2933808450e-02	7.6251853896e-05	3.7536129561e-05
6.0800000000e+02	2.3388603754e-02	-2.3010091207e-02	7.6313643027e-05	3.7537646566e-05
6.0900000000e+02	2.3426142156e-02	-2.3086435703e-02	7.6375333102e-05	3.7539156187e-05
6.1000000000e+02	2.3463682064e-02	-2.3162841840e-02	7.6436924432e-05	3.7540658472e-05
6.1100000000e+02	2.3501223470e-02	-2.3239309519e-02	7.6498417331e-05	3.7542153469e-05
6.1200000000e+02	2.3538766368e-02	-2.3315838642e-02	7.6559812108e-05	3.7543641224e-05
6.1300000000e+02	2.3576310750e-02	-2.3392429111e-02	7.6621109072e-05	3.7545121784e-05
6.1400000000e+02	2.3613856610e-02	-2.3469080828e-02	7.6682308529e-05	3.7546595195e-05
6.1500000000e+02	2.3651403938e-02	-2.3545793695e-02	7.6743410787e-05	3.7548061503e-05
6.1600000000e+02	2.3688952730e-02	-2.3622567617e-02	7.6804416148e-05	3.7549520753e-05
6.1700000000e+02	2.3726502978e-02	-2.3699402495e-02	7.6865324916e-05	3.7550972991e-05
6.1800000000e+02	2.3764054674e-02	-2.3776298235e-02	7.6926137392e-05	3.7552418261e-05
6.1900000000e+02	2.3801607812e-02	-2.3853254738e-02	7.6986853877e-05	3.7553856607e-05
6.2000000000e+02	2.3839162385e-02	-2.3930271910e-02	7.7047474670e-05	3.7555288074e-05
6.2100000000e+02	2.3876718386e-02	-2.4007349656e-02	7.7108000067e-05	3.7556712706e-05
6.2200000000e+02	2.3914275808e-02	-2.4084487879e-02	7.7168430365e-05	3.7558130545e-05
6.2300000000e+02	2.3951834645e-02	-2.4161686485e-02	7.7228765858e-05	3.7559541634e-05
6.2400000000e+02	2.3989394889e-02	-2.4238945379e-02	7.7289006840e-05	3.7560946017e-05
6.2500000000e+02	2.4026956534e-02	-2.4316264467e-02	7.7349153602e-05	3.7562343736e-05
6.2600000000e+02	2.4064519574e-02	-2.4393643655e-02	7.7409206436e-05	3.7563734832e-05
6.2700000000e+02	2.4102084002e-02	-2.4471082849e-02	7.7469165631e-05	3.7565119347e-05
6.2800000000e+02	2.4139649811e-02	-2.4548581955e-02	7.7529031474e-05	3.7566497323e-05
6.2900000000e+02	2.4177216994e-02	-2.4626140881e-02	7.7588804253e-05	3.7567868801e-05
6.3000000000e+02	2.4214785546e-02	-2.4703759533e-02	7.7648484252e-05	3.7569233821e-05
6.3100000000e+02	2.4252355460e-02	-2.4781437818e-02	7.7708071756e-05	3.7570592423e-05
6.3200000000e+02	2.4289926729e-02	-2.4859175645e-02	7.7767567048e-05	3.7571944648e-05
6.3300000000e+02	2.4327499347e-02	-2.4936972922e-02	7.7826970409e-05	3.7573290536e-05
6.3400000000e+02	2.4365073308e-02	-2.5014829556e-02	7.7886282119e-05	3.7574630125e-05
6.3500000000e+02	2.4402648605e-02	-2.5092745456e-02	7.7945502458e-05	3.7575963456e-05
6.3600000000e+02	2.4440225233e-02	-2.5170720530e-02	7.8004631703e-05	3.7577290566e-05
6.3700000000e+02	2.4477803184e-02	-2.5248754689e-02	7.8063670130e-05	3.7578611495e-05
6.3800000000e+02	2.4515382454e-02	-2.5326847840e-02	7.8122618016e-05	3.7579926280e-05
6.3900000000e+02	2.4552963035e-02	-2.5404999895e-02	7.8181475633e-05	3.7581234960e-05
6.4000000000e+02	2.4590544922e-02	-2.5483210762e-02	7.8240243255e-05	3.7582537572e-05
6.4100000000e+02	2.4628128108e-02	-2.5561480351e-02	7.8298921153e-05	3.7583834154e-05
6.4200000000e+02	2.4665712588e-02	-2.5639808574e-02	7.8357509598e-05	3.7585124742e-05
6.4300000000e+02	2.4703298355e-02	-2.5718195341e-02	7.8416008859e-05	3.7586409374e-05
6.4400000000e+02	2.4740885405e-02	-2.5796640562e-02	7.8474419203e-05	3.7587688086e-05
6.4500000000e+02	2.4778473730e-02	-2.5875144150e-02	7.8532740898e-05	3.7588960914e-05
6.4600000000e+02	2.4816063324e-02	-2.5953706015e-02	7.8590974209e-05	3.7590227893e-05
6.4700000000e+02	2.4853654183e-02	-2.6032326069e-02	7.8649119400e-05	3.7591489061e-05
6.4800000000e+02	2.4891246301e-02	-2.6111004224e-02	7.8707176736e-05	3.7592744452e-05
6.4900000000e+02	2.4928839670e-02	-2.6189740393e-02	7.8765146477e-05	3.7593994101e-05
6.5000000000e+02	2.4966434287e-02	-2.6268534488e-02	7.8823028884e-05	3.7595238044e-05
6.5100000000e+02	2.5004030145e-02	-2.6347386422e-02	7.8880824219e-05	3.7596476314e-05
6.5200000000e+02	2.5041627238e-02	-2.6426296107e-02	7.8938532738e-05	3.7597708946e-05
6.5300000000e+02	2.5079225561e-02	-2.6505263458e-02	7.8996154700e-05	3.7598935975e-05
6.5400000000e+02	2.5116825108e-02	-2.6584288388e-02	7.9053690361e-05	3.7600157433e-05
6.5500000000e+02	2.5154425874e-02	-2.6663370810e-02	7.9111139976e-05	3.7601373356e-05
6.5600000000e+02	2.5192027853e-02	-2.6742510639e-02	7.9168503799e-05	3.7602583775e-05
6.5700000000e+02	2.5229631039e-02	-2.6821707789e-02	7.9225782083e-05	3.7603788724e-05
6.5800000000e+02	2.5267235428e-02	-2.6900962175e-02	7.9282975081e-05	3.7604988237e-05
6.5900000000e+02	2.5304841014e-02	-2.6980273711e-02	7.9340083043e-05	3.7606182344e-05
6.6000000000e+02	2.5342447791e-02	-2.7059642313e-02	7.9397106218e-05	3.7607371080e-05
6.6100000000e+02	2.5380055754e-02	-2.7139067895e-02	7.9454044856e-05	3.7608554475e-05
6.6200000000e+02	2.5417664898e-02	-2.7218550375e-02	7.9510899204e-05	3.7609732563e-05
6.6300000000e+02	2.5455275218e-02	-2.7298089666e-02	7.9567669508e-05	3.7610905373e-05
6.6400000000e+02	2.5492886707e-02	-2.7377685686e-02	7.9624356014e-05	3.7612072939e-05
6.6500000000e+02	2.5530499362e-02	-2.7457338350e-02	7.9680958965e-05	3.7613235290e-05
6.6600000000e+02	2.5568113176e-02	-2.7537047576e-02	7.9737478607e-05	3.7614392459e-05
6.6700000000e+02	2.5605728145e-02	-2.7616813280e-02	7.9793915180e-05	3.7615544474e-05
6.6800000000e+02	2.5643344264e-02	-2.7696635379e-02	7.9850268925e-05	3.7616691368e-05
6.6900000000e+02	2.5680961526e-02	-2.7776513790e-02	7.9906540084e-05	3.7617833170e-05
6.7000000000e+02	2.5718579928e-02	-2.7856448431e-02	7.9962728895e-05	3.7618969911e-05
6.7100000000e+02	2.5756199464e-02	-2.7936439220e-02	8.0018835596e-05	3.7620101620e-05
6.7200000000e+02	2.5793820130e-02	-2.8016486075e-02	8.0074860424e-05	3.7621228326e-05
6.7300000000e+02	2.5831441919e-02	-2.8096588914e-02	8.0130803616e-05	3.7622350059e-05
6.7400000000e+02	2.5869064828e-02	-2.8176747655e-02	8.0186665406e-05	3.7623466849e-05
6.7500000000e+02	2.5906688851e-02	-2.8256962218e-02	8.0242446028e-05	3.7624578724e-05
6.7600000000e+02	2.5944313984e-02	-2.8337232520e-02	8.0298145716e-05	3.7625685712e-05
6.7700000000e+02	2.5981940221e-02	-2.8417558482e-02	8.0353764702e-05	3.7626787843e-05
6.7800000000e+02	2.6019567558e-02	-2.8497940023e-02	8.0409303217e-05	3.7627885145e-05
6.7900000000e+02	2.6057195990e-02	-2.8578377062e-02	8.0464761490e-05	3.7628977646e-05
6.8000000000e+02	2.6094825512e-02	-2.8658869519e-02	8.0520139751e-05	3.7630065373e-05
6.8100000000e+02	2.6132456119e-02	-2.8739417315e-02	8.0575438229e-05	3.7631148355e-05
6.8200000000e+02	2.6170087807e-02	-2.8820020369e-02	8.0630657150e-05	3.7632226619e-05
6.8300000000e+02	2.6207720571e-02	-2.8900678603e-02	8.0685796740e-05	3.7633300192e-05
6.8400000000e+02	2.6245354406e-02	-2.8981391936e-02	8.0740857225e-05	3.7634369102e-05
6.8500000000e+02	2.6282989307e-02	-2.9062160291e-02	8.0795838830e-05	3.7635433375e-05
6.8600000000e+02	2.6320625271e-02	-2.9142983588e-02	8.0850741777e-05	3.7636493037e-05
6.8700000000e+02	2.6358262292e-02	-2.9223861748e-02	8.0905566289e-05	3.7637548117e-05
6.8800000000e+02	2.6395900366e-02	-2.9304794694e-02	8.0960312587e-05	3.7638598639e-05
6.8900000000e+02	2.6433539488e-02	-2.9385782347e-02	8.1014980893e-05	3.7639644630e-05
6.9000000000e+02	2.6471179653e-02	-2.9466824630e-02	8.1069571425e-05	3.7640686116e-05
6.9100000000e+02	2.6508820858e-02	-2.9547921464e-02	8.1124084404e-05	3.7641723123e-05
6.9200000000e+02	2.6546463098e-02	-2.9629072773e-02	8.1178520045e-05	3.7642755676e-05
6.9300000000e+02	2.6584106368e-02	-2.9710278479e-02	8.1232878567e-05	3.7643783801e-05
6.9400000000e+02	2.6621750664e-02	-2.9791538505e-02	8.1287160186e-05	3.7644807523e-05
6.9500000000e+02	2.6659395982e-02	-2.9872852774e-02	8.1341365116e-05	3.7645826867e-05
6.9600000000e+02	2.6697042317e-02	-2.9954221209e-02	8.1395493572e-05	3.7646841858e-05
6.9700000000e+02	2.6734689664e-02	-3.0035643735e-02	8.1449545767e-05	3.7647852521e-05
6.9800000000e+02	2.6772338020e-02	-3.0117120276e-02	8.1503521914e-05	3.7648858879e-05
6.9900000000e+02	2.6809987381e-02	-3.0198650754e-02	8.1557422224e-05	3.7649860959e-05
7.0000000000e+02	2.6847637741e-02	-3.0280235095e-02	8.1611246908e-05	3.7650858782e-05
7.0100000000e+02	2.6885289097e-02	-3.0361873223e-02	8.1664996176e-05	3.7651852375e-05
7.0200000000e+02	2.6922941444e-02	-3.0443565062e-02	8.1718670237e-05	3.7652841760e-05
7.0300000000e+02	2.6960594779e-02	-3.0525310538e-02	8.1772269299e-05	3.7653826961e-05
7.0400000000e+02	2.6998249097e-02	-3.0607109576e-02	8.1825793569e-05	3.7654808002e-05
7.0500000000e+02	2.7035904393e-02	-3.0688962100e-02	8.1879243254e-05	3.7655784906e-05
7.0600000000e+02	2.7073560665e-02	-3.0770868037e-02	8.1932618559e-05	3.7656757696e-05
7.0700000000e+02	2.7111217907e-02	-3.0852827313e-02	8.1985919689e-05	3.7657726395e-05
7.0800000000e+02	2.7148876117e-02	-3.0934839852e-02	8.2039146848e-05	3.7658691027e-05
7.0900000000e+02	2.7186535288e-02	-3.1016905582e-02	8.2092300240e-05	3.7659651613e-05
7.1000000000e+02	2.7224195418e-02	-3.1099024428e-02	8.2145380065e-05	3.7660608176e-05
7.1100000000e+02	2.7261856503e-02	-3.1181196317e-02	8.2198386527e-05	3.7661560740e-05
7.1200000000e+02	2.7299518539e-02	-3.1263421177e-02	8.2251319825e-05	3.7662509325e-05
7.1300000000e+02	2.7337181521e-02	-3.1345698933e-02	8.2304180159e-05	3.7663453954e-05
7.1400000000e+02	2.7374845445e-02	-3.1428029513e-02	8.2356967728e-05	3.7664394649e-05
7.1500000000e+02	2.7412510309e-02	-3.1510412844e-02	8.2409682731e-05	3.7665331432e-05
7.1600000000e+02	2.7450176107e-02	-3.1592848854e-02	8.2462325364e-05	3.7666264324e-05
7.1700000000e+02	2.7487842836e-02	-3.1675337471e-02	8.2514895825e-05	3.7667193347e-05
7.1800000000e+02	2.7525510492e-02	-3.1757878622e-02	8.2567394309e-05	3.7668118522e-05
7.1900000000e+02	2.7563179072e-02	-3.1840472235e-02	8.2619821011e-05	3.7669039870e-05
7.2000000000e+02	2.7600848571e-02	-3.1923118240e-02	8.2672176126e-05	3.7669957413e-05
7.2100000000e+02	2.7638518985e-02	-3.2005816564e-02	8.2724459846e-05	3.7670871170e-05
7.2200000000e+02	2.7676190312e-02	-3.2088567136e-02	8.2776672365e-05	3.7671781164e-05
7.2300000000e+02	2.7713862546e-02	-3.2171369885e-02	8.2828813874e-05	3.7672687414e-05
7.2400000000e+02	2.7751535685e-02	-3.2254224740e-02	8.2880884565e-05	3.7673589942e-05
7.2500000000e+02	2.7789209725e-02	-3.2337131631e-02	8.2932884628e-05	3.7674488766e-05
7.2600000000e+02	2.7826884662e-02	-3.2420090486e-02	8.2984814253e-05	3.7675383909e-05
7.2700000000e+02	2.7864560492e-02	-3.2503101236e-02	8.3036673627e-05	3.7676275388e-05
7.2800000000e+02	2.7902237211e-02	-3.2586163810e-02	8.3088462941e-05	3.7677163226e-05
7.2900000000e+02	2.7939914817e-02	-3.2669278138e-02	8.3140182380e-05	3.7678047440e-05
7.3000000000e+02	2.7977593305e-02	-3.2752444151e-02	8.3191832132e-05	3.7678928052e-05
7.3100000000e+02	2.8015272672e-02	-3.2835661779e-02	8.3243412382e-05	3.7679805080e-05
7.3200000000e+02	2.8052952914e-02	-3.2918930953e-02	8.3294923315e-05	3.7680678543e-05
7.3300000000e+02	2.8090634028e-02	-3.3002251603e-02	8.3346365117e-05	3.7681548462e-05
7.3400000000e+02	2.8128316010e-02	-3.3085623660e-02	8.3397737970e-05	3.7682414855e-05
7.3500000000e+02	2.8165998856e-02	-3.3169047056e-02	8.3449042057e-05	3.7683277741e-05
7.3600000000e+02	2.8203682564e-02	-3.3252521721e-02	8.3500277562e-05	3.7684137139e-05
7.3700000000e+02	2.8241367129e-02	-3.3336047588e-02	8.3551444664e-05	3.7684993068e-05
7.3800000000e+02	2.8279052549e-02	-3.3419624588e-02	8.3602543546e-05	3.7685845547e-05
7.3900000000e+02	2.8316738819e-02	-3.3503252653e-02	8.3653574387e-05	3.7686694593e-05
7.4000000000e+02	2.8354425937e-02	-3.3586931714e-02	8.3704537366e-05	3.7687540225e-05
7.4100000000e+02	2.8392113899e-02	-3.3670661705e-02	8.3755432663e-05	3.7688382462e-05
7.4200000000e+02	2.8429802701e-02	-3.3754442557e-02	8.3806260455e-05	3.7689221322e-05
7.4300000000e+02	2.8467492340e-02	-3.3838274203e-02	8.3857020920e-05	3.7690056822e-05
7.4400000000e+02	2.8505182813e-02	-3.3922156576e-02	8.3907714233e-05	3.7690888980e-05
7.4500000000e+02	2.8542874117e-02	-3.4006089609e-02	8.3958340572e-05	3.7691717815e-05
7.4600000000e+02	2.8580566248e-02	-3.4090073235e-02	8.4008900111e-05	3.7692543344e-05
7.4700000000e+02	2.8618259202e-02	-3.4174107387e-02	8.4059393025e-05	3.7693365584e-05
7.4800000000e+02	2.8655952978e-02	-3.4258191999e-02	8.4109819488e-05	3.7694184552e-05
7.4900000000e+02	2.8693647571e-02	-3.4342327004e-02	8.4160179673e-05	3.7695000267e-05
7.5000000000e+02	2.8731342977e-02	-3.4426512337e-02	8.4210473752e-05	3.7695812746e-05
7.5100000000e+02	2.8769039195e-02	-3.4510747930e-02	8.4260701897e-05	3.7696622004e-05
7.5200000000e+02	2.8806736220e-02	-3.4595033718e-02	8.4310864280e-05	3.7697428060e-05
7.5300000000e+02	2.8844434050e-02	-3.4679369637e-02	8.4360961071e-05	3.7698230930e-05
7.5400000000e+02	2.8882132681e-02	-3.4763755619e-02	8.4410992440e-05	3.7699030632e-05
7.5500000000e+02	2.8919832110e-02	-3.4848191600e-02	8.4460958556e-05	3.7699827180e-05
7.5600000000e+02	2.8957532334e-02	-3.4932677514e-02	8.4510859588e-05	3.7700620593e-05
7.5700000000e+02	2.8995233350e-02	-3.5017213297e-02	8.4560695704e-05	3.7701410886e-05
7.5800000000e+02	2.9032935155e-02	-3.5101798884e-02	8.4610467070e-05	3.7702198076e-05
7.5900000000e+02	2.9070637745e-02	-3.5186434210e-02	8.4660173854e-05	3.7702982178e-05
7.6000000000e+02	2.9108341118e-02	-3.5271119210e-02	8.4709816222e-05	3.7703763210e-05
7.6100000000e+02	2.9146045271e-02	-3.5355853821e-02	8.4759394339e-05	3.7704541187e-05
7.6200000000e+02	2.9183750200e-02	-3.5440637978e-02	8.4808908369e-05	3.7705316125e-05
7.6300000000e+02	2.9221455902e-02	-3.5525471616e-02	8.4858358478e-05	3.7706088040e-05
7.6400000000e+02	2.9259162375e-02	-3.5610354673e-02	8.4907744827e-05	3.7706856946e-05
7.6500000000e+02	2.9296869615e-02	-3.5695287085e-02	8.4957067581e-05	3.7707622861e-05
7.6600000000e+02	2.9334577620e-02	-3.5780268787e-02	8.5006326902e-05	3.7708385799e-05
7.6700000000e+02	2.9372286386e-02	-3.5865299717e-02	8.5055522951e-05	3.7709145777e-05
7.6800000000e+02	2.9409995910e-02	-3.5950379812e-02	8.5104655888e-05	3.7709902808e-05
7.6900000000e+02	2.9447706190e-02	-3.6035509008e-02	8.5153725876e-05	3.7710656908e-05
7.7000000000e+02	2.9485417223e-02	-3.6120687243e-02	8.5202733073e-05	3.7711408093e-05
7.7100000000e+02	2.9523129005e-02	-3.6205914454e-02	8.5251677638e-05	3.7712156377e-05
7.7200000000e+02	2.9560841535e-02	-3.6291190577e-02	8.5300559731e-05	3.7712901775e-05
7.7300000000e+02	2.9598554808e-02	-3.6376515552e-02	8.5349379509e-05	3.7713644303e-05
7.7400000000e+02	2.9636268822e-02	-3.6461889316e-02	8.5398137129e-05	3.7714383974e-05
7.7500000000e+02	2.9673983575e-02	-3.6547311806e-02	8.5446832750e-05	3.7715120803e-05
7.7600000000e+02	2.9711699063e-02	-3.6632782961e-02	8.5495466525e-05	3.7715854805e-05
7.7700000000e+02	2.9749415284e-02	-3.6718302718e-02	8.5544038613e-05	3.7716585995e-05
7.7800000000e+02	2.9787132234e-02	-3.6803871017e-02	8.5592549166e-05	3.7717314386e-05
7.7900000000e+02	2.9824849912e-02	-3.6889487796e-02	8.5640998341e-05	3.7718039992e-05
7.8000000000e+02	2.9862568313e-02	-3.6975152994e-02	8.5689386291e-05	3.7718762829e-05
7.8100000000e+02	2.9900287436e-02	-3.7060866548e-02	8.5737713169e-05	3.7719482910e-05
7.8200000000e+02	2.9938007278e-02	-3.7146628400e-02	8.5785979128e-05	3.7720200249e-05
7.8300000000e+02	2.9975727836e-02	-3.7232438486e-02	8.5834184320e-05	3.7720914860e-05
7.8400000000e+02	3.0013449107e-02	-3.7318296748e-02	8.5882328897e-05	3.7721626756e-05
7.8500000000e+02	3.0051171089e-02	-3.7404203124e-02	8.5930413010e-05	3.7722335952e-05
7.8600000000e+02	3.0088893778e-02	-3.7490157554e-02	8.5978436809e-05	3.7723042460e-05
7.8700000000e+02	3.0126617173e-02	-3.7576159978e-02	8.6026400445e-05	3.7723746295e-05
7.8800000000e+02	3.0164341270e-02	-3.7662210335e-02	8.6074304067e-05	3.7724447471e-05
7.8900000000e+02	3.0202066067e-02	-3.7748308566e-02	8.6122147823e-05	3.7725145999e-05
7.9000000000e+02	3.0239791561e-02	-3.7834454611e-02	8.6169931862e-05	3.7725841894e-05
7.9100000000e+02	3.0277517750e-02	-3.7920648410e-02	8.6217656333e-05	3.7726535169e-05
7.9200000000e+02	3.0315244630e-02	-3.8006889903e-02	8.6265321381e-05	3.7727225837e-05
7.9300000000e+02	3.0352972200e-02	-3.8093179033e-02	8.6312927154e-05	3.7727913911e-05
7.9400000000e+02	3.0390700457e-02	-3.8179515738e-02	8.6360473798e-05	3.7728599404e-05
7.9500000000e+02	3.0428429398e-02	-3.8265899961e-02	8.6407961458e-05	3.7729282328e-05
7.9600000000e+02	3.0466159021e-02	-3.8352331641e-02	8.6455390279e-05	3.7729962697e-05
7.9700000000e+02	3.0503889323e-02	-3.8438810722e-02	8.6502760407e-05	3.7730640524e-05
7.9800000000e+02	3.0541620301e-02	-3.8525337143e-02	8.6550071985e-05	3.7731315820e-05
7.9900000000e+02	3.0579351954e-02	-3.8611910846e-02	8.6597325156e-05	3.7731988599e-05
8.0000000000e+02	3.0617084278e-02	-3.8698531774e-02	8.6644520064e-05	3.7732658873e-05
8.0100000000e+02	3.0654817271e-02	-3.8785199867e-02	8.6691656851e-05	3.7733326654e-05
8.0200000000e+02	3.0692550930e-02	-3.8871915068e-02	8.6738735658e-05	3.7733991955e-05
8.0300000000e+02	3.0730285254e-02	-3.8958677319e-02	8.6785756628e-05	3.7734654787e-05
8.0400000000e+02	3.0768020239e-02	-3.9045486562e-02	8.6832719901e-05	3.7735315164e-05
8.0500000000e+02	3.0805755883e-02	-3.9132342739e-02	8.6879625618e-05	3.7735973097e-05
8.0600000000e+02	3.0843492184e-02	-3.9219245794e-02	8.6926473918e-05	3.7736628599e-05
8.0700000000e+02	3.0881229140e-02	-3.9306195668e-02	8.6973264941e-05	3.7737281680e-05
8.0800000000e+02	3.0918966747e-02	-3.9393192305e-02	8.7019998826e-05	3.7737932354e-05
8.0900000000e+02	3.0956705003e-02	-3.9480235647e-02	8.7066675711e-05	3.7738580631e-05
8.1000000000e+02	3.0994443907e-02	-3.9567325637e-02	8.7113295734e-05	3.7739226524e-05
8.1100000000e+02	3.1032183456e-02	-3.9654462219e-02	8.7159859032e-05	3.7739870044e-05
8.1200000000e+02	3.1069923647e-02	-3.9741645337e-02	8.7206365743e-05	3.7740511203e-05
8.1300000000e+02	3.1107664477e-02	-3.9828874932e-02	8.7252816002e-05	3.7741150013e-05
8.1400000000e+02	3.1145405946e-02	-3.9916150950e-02	8.7299209945e-05	3.7741786484e-05
8.1500000000e+02	3.1183148050e-02	-4.0003473333e-02	8.7345547709e-05	3.7742420629e-05
8.1600000000e+02	3.1220890786e-02	-4.0090842027e-02	8.7391829427e-05	3.7743052458e-05
8.1700000000e+02	3.1258634154e-02	-4.0178256974e-02	8.7438055235e-05	3.7743681982e-05
8.1800000000e+02	3.1296378149e-02	-4.0265718118e-02	8.7484225266e-05	3.7744309214e-05
8.1900000000e+02	3.1334122771e-02	-4.0353225405e-02	8.7530339654e-05	3.7744934163e-05
8.2000000000e+02	3.1371868017e-02	-4.0440778779e-02	8.7576398532e-05	3.7745556842e-05
8.2100000000e+02	3.1409613884e-02	-4.0528378184e-02	8.7622402032e-05	3.7746177261e-05
8.2200000000e+02	3.1447360371e-02	-4.0616023565e-02	8.7668350287e-05	3.7746795430e-05
8.2300000000e+02	3.1485107474e-02	-4.0703714866e-02	8.7714243427e-05	3.7747411362e-05
8.2400000000e+02	3.1522855193e-02	-4.0791452033e-02	8.7760081585e-05	3.7748025066e-05
8.2500000000e+02	3.1560603524e-02	-4.0879235011e-02	8.7805864891e-05	3.7748636553e-05
8.2600000000e+02	3.1598352465e-02	-4.0967063745e-02	8.7851593475e-05	3.7749245834e-05
8.2700000000e+02	3.1636102015e-02	-4.1054938180e-02	8.7897267466e-05	3.7749852920e-05
8.2800000000e+02	3.1673852170e-02	-4.1142858262e-02	8.7942886995e-05	3.7750457820e-05
8.2900000000e+02	3.1711602930e-02	-4.1230823936e-02	8.7988452190e-05	3.7751060547e-05
8.3000000000e+02	3.1749354291e-02	-4.1318835148e-02	8.8033963179e-05	3.7751661109e-05
8.3100000000e+02	3.1787106251e-02	-4.1406891844e-02	8.8079420091e-05	3.7752259517e-05
8.3200000000e+02	3.1824858809e-02	-4.1494993970e-02	8.8124823052e-05	3.7752855781e-05
8.3300000000e+02	3.1862611962e-02	-4.1583141472e-02	8.8170172190e-05	3.7753449913e-05
8.3400000000e+02	3.1900365708e-02	-4.1671334297e-02	8.8215467632e-05	3.7754041921e-05
8.3500000000e+02	3.1938120045e-02	-4.1759572390e-02	8.8260709503e-05	3.7754631816e-05
8.3600000000e+02	3.1975874971e-02	-4.1847855698e-02	8.8305897929e-05	3.7755219608e-05
8.3700000000e+02	3.2013630484e-02	-4.1936184168e-02	8.8351033036e-05	3.7755805307e-05
8.3800000000e+02	3.2051386581e-02	-4.2024557746e-02	8.8396114949e-05	3.7756388923e-05
8.3900000000e+02	3.2089143261e-02	-4.2112976380e-02	8.8441143791e-05	3.7756970465e-05
8.4000000000e+02	3.2126900521e-02	-4.2201440016e-02	8.8486119687e-05	3.7757549944e-05
8.4100000000e+02	3.2164658360e-02	-4.2289948602e-02	8.8531042761e-05	3.7758127369e-05
8.4200000000e+02	3.2202416775e-02	-4.2378502084e-02	8.8575913135e-05	3.7758702750e-05
8.4300000000e+02	3.2240175765e-02	-4.2467100411e-02	8.8620730932e-05	3.7759276097e-05
8.4400000000e+02	3.2277935327e-02	-4.2555743528e-02	8.8665496274e-05	3.7759847419e-05
8.4500000000e+02	3.2315695459e-02	-4.2644431386e-02	8.8710209284e-05	3.7760416725e-05
8.4600000000e+02	3.2353456160e-02	-4.2733163930e-02	8.8754870082e-05	3.7760984025e-05
8.4700000000e+02	3.2391217426e-02	-4.2821941108e-02	8.8799478790e-05	3.7761549329e-05
8.4800000000e+02	3.2428979258e-02	-4.2910762870e-02	8.8844035528e-05	3.7762112645e-05
8.4900000000e+02	3.2466741651e-02	-4.2999629162e-02	8.8888540416e-05	3.7762673984e-05
8.5000000000e+02	3.2504504605e-02	-4.3088539933e-02	8.8932993574e-05	3.7763233354e-05
8.5100000000e+02	3.2542268117e-02	-4.3177495132e-02	8.8977395122e-05	3.7763790764e-05
8.5200000000e+02	3.2580032186e-02	-4.3266494707e-02	8.9021745179e-05	3.7764346224e-05
8.5300000000e+02	3.2617796809e-02	-4.3355538605e-02	8.9066043862e-05	3.7764899743e-05
8.5400000000e+02	3.2655561985e-02	-4.3444626777e-02	8.9110291290e-05	3.7765451329e-05
8.5500000000e+02	3.2693327711e-02	-4.3533759171e-02	8.9154487581e-05	3.7766000993e-05
8.5600000000e+02	3.2731093986e-02	-4.3622935735e-02	8.9198632852e-05	3.7766548741e-05
8.5700000000e+02	3.2768860808e-02	-4.3712156420e-02	8.9242727220e-05	3.7767094585e-05
8.5800000000e+02	3.2806628174e-02	-4.3801421173e-02	8.9286770801e-05	3.7767638531e-05
8.5900000000e+02	3.2844396084e-02	-4.3890729944e-02	8.9330763712e-05	3.7768180590e-05
8.6000000000e+02	3.2882164535e-02	-4.3980082683e-02	8.9374706068e-05	3.7768720769e-05
8.6100000000e+02	3.2919933525e-02	-4.4069479340e-02	8.9418597985e-05	3.7769259078e-05
8.6200000000e+02	3.2957703053e-02	-4.4158919863e-02	8.9462439577e-05	3.7769795525e-05
8.6300000000e+02	3.2995473115e-02	-4.4248404202e-02	8.9506230959e-05	3.7770330118e-05
8.6400000000e+02	3.3033243712e-02	-4.4337932308e-02	8.9549972245e-05	3.7770862867e-05
8.6500000000e+02	3.3071014841e-02	-4.4427504130e-02	8.9593663550e-05	3.7771393779e-05
8.6600000000e+02	3.3108786499e-02	-4.4517119618e-02	8.9637304985e-05	3.7771922863e-05
8.6700000000e+02	3.3146558686e-02	-4.4606778723e-02	8.9680896666e-05	3.7772450128e-05
8.6800000000e+02	3.3184331399e-02	-4.4696481395e-02	8.9724438703e-05	3.7772975581e-05
8.6900000000e+02	3.3222104636e-02	-4.4786227584e-02	8.9767931209e-05	3.7773499232e-05
8.7000000000e+02	3.3259878397e-02	-4.4876017241e-02	8.9811374296e-05	3.7774021087e-05
8.7100000000e+02	3.3297652678e-02	-4.4965850316e-02	8.9854768076e-05	3.7774541156e-05
8.7200000000e+02	3.3335427478e-02	-4.5055726761e-02	8.9898112660e-05	3.7775059447e-05
8.7300000000e+02	3.3373202796e-02	-4.5145646525e-02	8.9941408158e-05	3.7775575967e-05
8.7400000000e+02	3.3410978630e-02	-4.5235609561e-02	8.9984654680e-05	3.7776090725e-05
8.7500000000e+02	3.3448754977e-02	-4.5325615818e-02	9.0027852338e-05	3.7776603728e-05
8.7600000000e+02	3.3486531837e-02	-4.5415665249e-02	9.0071001239e-05	3.7777114985e-05
8.7700000000e+02	3.3524309206e-02	-4.5505757805e-02	9.0114101495e-05	3.7777624504e-05
8.7800000000e+02	3.3562087085e-02	-4.5595893436e-02	9.0157153213e-05	3.7778132292e-05
8.7900000000e+02	3.3599865470e-02	-4.5686072095e-02	9.0200156502e-05	3.7778638357e-05
8.8000000000e+02	3.3637644361e-02	-4.5776293733e-02	9.0243111471e-05	3.7779142707e-05
8.8100000000e+02	3.3675423755e-02	-4.5866558302e-02	9.0286018226e-05	3.7779645350e-05
8.8200000000e+02	3.3713203651e-02	-4.5956865753e-02	9.0328876876e-05	3.7780146293e-05
8.8300000000e+02	3.3750984047e-02	-4.6047216040e-02	9.0371687528e-05	3.7780645545e-05
8.8400000000e+02	3.3788764942e-02	-4.6137609112e-02	9.0414450288e-05	3.7781143111e-05
8.8500000000e+02	3.3826546333e-02	-4.6228044924e-02	9.0457165262e-05	3.7781639002e-05
8.8600000000e+02	3.3864328219e-02	-4.6318523427e-02	9.0499832558e-05	3.7782133222e-05
8.8700000000e+02	3.3902110599e-02	-4.6409044573e-02	9.0542452280e-05	3.7782625781e-05
8.8800000000e+02	3.3939893470e-02	-4.6499608316e-02	9.0585024534e-05	3.7783116686e-05
8.8900000000e+02	3.3977676832e-02	-4.6590214607e-02	9.0627549425e-05	3.7783605944e-05
8.9000000000e+02	3.4015460682e-02	-4.6680863399e-02	9.0670027057e-05	3.7784093562e-05
8.9100000000e+02	3.4053245018e-02	-4.6771554645e-02	9.0712457535e-05	3.7784579547e-05
8.9200000000e+02	3.4091029840e-02	-4.6862288298e-02	9.0754840962e-05	3.7785063908e-05
8.9300000000e+02	3.4128815146e-02	-4.6953064311e-02	9.0797177443e-05	3.7785546651e-05
8.9400000000e+02	3.4166600933e-02	-4.7043882638e-02	9.0839467081e-05	3.7786027783e-05
8.9500000000e+02	3.4204387201e-02	-4.7134743230e-02	9.0881709978e-05	3.7786507312e-05
8.9600000000e+02	3.4242173947e-02	-4.7225646042e-02	9.0923906238e-05	3.7786985244e-05
8.9700000000e+02	3.4279961171e-02	-4.7316591027e-02	9.0966055962e-05	3.7787461587e-05
8.9800000000e+02	3.4317748870e-02	-4.7407578138e-02	9.1008159252e-05	3.7787936347e-05
8.9900000000e+02	3.4355537043e-02	-4.7498607330e-02	9.1050216210e-05	3.7788409533e-05
9.0000000000e+02	3.4393325688e-02	-4.7589678555e-02	9.1092226937e-05	3.7788881150e-05
9.0100000000e+02	3.4431114804e-02	-4.7680791769e-02	9.1134191535e-05	3.7789351205e-05
9.0200000000e+02	3.4468904390e-02	-4.7771946923e-02	9.1176110103e-05	3.7789819706e-05
9.0300000000e+02	3.4506694443e-02	-4.7863143973e-02	9.1217982743e-05	3.7790286659e-05
9.0400000000e+02	3.4544484963e-02	-4.7954382873e-02	9.1259809553e-05	3.7790752072e-05
9.0500000000e+02	3.4582275947e-02	-4.8045663577e-02	9.1301590635e-05	3.7791215950e-05
9.0600000000e+02	3.4620067394e-02	-4.8136986039e-02	9.1343326086e-05	3.7791678301e-05
9.0700000000e+02	3.4657859303e-02	-4.8228350214e-02	9.1385016006e-05	3.7792139131e-05
9.0800000000e+02	3.4695651672e-02	-4.8319756056e-02	9.1426660494e-05	3.7792598447e-05
9.0900000000e+02	3.4733444500e-02	-4.8411203520e-02	9.1468259648e-05	3.7793056255e-05
9.1000000000e+02	3.4771237784e-02	-4.8502692561e-02	9.1509813565e-05	3.7793512563e-05
9.1100000000e+02	3.4809031524e-02	-4.8594223132e-02	9.1551322345e-05	3.7793967376e-05
9.1200000000e+02	3.4846825718e-02	-4.8685795190e-02	9.1592786084e-05	3.7794420701e-05
9.1300000000e+02	3.4884620365e-02	-4.8777408689e-02	9.1634204879e-05	3.7794872545e-05
9.1400000000e+02	3.4922415463e-02	-4.8869063585e-02	9.1675578827e-05	3.7795322914e-05
9.1500000000e+02	3.4960211010e-02	-4.8960759832e-02	9.1716908025e-05	3.7795771815e-05
9.1600000000e+02	3.4998007006e-02	-4.9052497386e-02	9.1758192568e-05	3.7796219253e-05
9.1700000000e+02	3.5035803448e-02	-4.9144276202e-02	9.1799432553e-05	3.7796665236e-05
9.1800000000e+02	3.5073600336e-02	-4.9236096236e-02	9.1840628075e-05	3.7797109769e-05
9.1900000000e+02	3.5111397667e-02	-4.9327957444e-02	9.1881779229e-05	3.7797552859e-05
9.2000000000e+02	3.5149195441e-02	-4.9419859780e-02	9.1922886110e-05	3.7797994512e-05
9.2100000000e+02	3.5186993656e-02	-4.9511803201e-02	9.1963948814e-05	3.7798434734e-05
9.2200000000e+02	3.5224792310e-02	-4.9603787663e-02	9.2004967433e-05	3.7798873532e-05
9.2300000000e+02	3.5262591403e-02	-4.9695813122e-02	9.2045942063e-05	3.7799310911e-05
9.2400000000e+02	3.5300390932e-02	-4.9787879533e-02	9.2086872797e-05	3.7799746877e-05
9.2500000000e+02	3.5338190896e-02	-4.9879986852e-02	9.2127759728e-05	3.7800181437e-05
9.2600000000e+02	3.5375991294e-02	-4.9972135037e-02	9.2168602950e-05	3.7800614597e-05
9.2700000000e+02	3.5413792125e-02	-5.0064324044e-02	9.2209402555e-05	3.7801046363e-05
9.2800000000e+02	3.5451593386e-02	-5.0156553828e-02	9.2250158636e-05	3.7801476740e-05
9.2900000000e+02	3.5489395078e-02	-5.0248824347e-02	9.2290871286e-05	3.7801905735e-05
9.3000000000e+02	3.5527197197e-02	-5.0341135556e-02	9.2331540595e-05	3.7802333353e-05
9.3100000000e+02	3.5564999744e-02	-5.0433487413e-02	9.2372166657e-05	3.7802759601e-05
9.3200000000e+02	3.5602802716e-02	-5.0525879875e-02	9.2412749561e-05	3.7803184484e-05
9.3300000000e+02	3.5640606112e-02	-5.0618312898e-02	9.2453289400e-05	3.7803608008e-05
9.3400000000e+02	3.5678409932e-02	-5.0710786440e-02	9.2493786265e-05	3.7804030179e-05
9.3500000000e+02	3.5716214172e-02	-5.0803300456e-02	9.2534240245e-05	3.7804451002e-05
9.3600000000e+02	3.5754018833e-02	-5.0895854906e-02	9.2574651431e-05	3.7804870484e-05
9.3700000000e+02	3.5791823913e-02	-5.0988449745e-02	9.2615019912e-05	3.7805288630e-05
9.3800000000e+02	3.5829629410e-02	-5.1081084931e-02	9.2655345780e-05	3.7805705445e-05
9.3900000000e+02	3.5867435323e-02	-5.1173760422e-02	9.2695629122e-05	3.7806120936e-05
9.4000000000e+02	3.5905241651e-02	-5.1266476176e-02	9.2735870029e-05	3.7806535107e-05
9.4100000000e+02	3.5943048393e-02	-5.1359232148e-02	9.2776068588e-05	3.7806947965e-05
9.4200000000e+02	3.5980855547e-02	-5.1452028299e-02	9.2816224889e-05	3.7807359515e-05
9.4300000000e+02	3.6018663112e-02	-5.1544864584e-02	9.2856339020e-05	3.7807769763e-05
9.4400000000e+02	3.6056471086e-02	-5.1637740963e-02	9.2896411068e-05	3.7808178713e-05
9.4500000000e+02	3.6094279469e-02	-5.1730657392e-02	9.2936441123e-05	3.7808586372e-05
9.4600000000e+02	3.6132088258e-02	-5.1823613831e-02	9.2976429270e-05	3.7808992745e-05
9.4700000000e+02	3.6169897454e-02	-5.1916610237e-02	9.3016375597e-05	3.7809397837e-05
9.4800000000e+02	3.6207707054e-02	-5.2009646568e-02	9.3056280192e-05	3.7809801654e-05
9.4900000000e+02	3.6245517057e-02	-5.2102722783e-02	9.3096143140e-05	3.7810204201e-05
9.5000000000e+02	3.6283327462e-02	-5.2195838841e-02	9.3135964529e-05	3.7810605483e-05
9.5100000000e+02	3.6321138267e-02	-5.2288994699e-02	9.3175744443e-05	3.7811005505e-05
9.5200000000e+02	3.6358949472e-02	-5.2382190316e-02	9.3215482970e-05	3.7811404274e-05
9.5300000000e+02	3.6396761075e-02	-5.2475425651e-02	9.3255180195e-05	3.7811801793e-05
9.5400000000e+02	3.6434573075e-02	-5.2568700662e-02	9.3294836203e-05	3.7812198069e-05
9.5500000000e+02	3.6472385471e-02	-5.2662015309e-02	9.3334451079e-05	3.7812593106e-05
9.5600000000e+02	3.6510198261e-02	-5.2755369551e-02	9.3374024908e-05	3.7812986910e-05
9.5700000000e+02	3.6548011444e-02	-5.2848763346e-02	9.3413557774e-05	3.7813379486e-05
9.5800000000e+02	3.6585825020e-02	-5.2942196653e-02	9.3453049762e-05	3.7813770838e-05
9.5900000000e+02	3.6623638986e-02	-5.3035669432e-02	9.3492500956e-05	3.7814160973e-05
9.6000000000e+02	3.6661453341e-02	-5.3129181641e-02	9.3531911440e-05	3.7814549894e-05
9.6100000000e+02	3.6699268085e-02	-5.3222733241e-02	9.3571281296e-05	3.7814937607e-05
9.6200000000e+02	3.6737083216e-02	-5.3316324190e-02	9.3610610609e-05	3.7815324117e-05
9.6300000000e+02	3.6774898733e-02	-5.3409954449e-02	9.3649899462e-05	3.7815709429e-05
9.6400000000e+02	3.6812714634e-02	-5.3503623976e-02	9.3689147936e-05	3.7816093548e-05
9.6500000000e+02	3.6850530920e-02	-5.3597332731e-02	9.3728356115e-05	3.7816476479e-05
9.6600000000e+02	3.6888347587e-02	-5.3691080674e-02	9.3767524080e-05	3.7816858226e-05
9.6700000000e+02	3.6926164636e-02	-5.3784867766e-02	9.3806651915e-05	3.7817238795e-05
9.6800000000e+02	3.6963982064e-02	-5.3878693965e-02	9.3845739700e-05	3.7817618191e-05
9.6900000000e+02	3.7001799872e-02	-5.3972559232e-02	9.3884787517e-05	3.7817996417e-05
9.7000000000e+02	3.7039618057e-02	-5.4066463527e-02	9.3923795447e-05	3.7818373480e-05
9.7100000000e+02	3.7077436618e-02	-5.4160406810e-02	9.3962763571e-05	3.7818749383e-05
9.7200000000e+02	3.7115255555e-02	-5.4254389041e-02	9.4001691971e-05	3.7819124131e-05
9.7300000000e+02	3.7153074866e-02	-5.4348410180e-02	9.4040580726e-05	3.7819497730e-05
9.7400000000e+02	3.7190894550e-02	-5.4442470189e-02	9.4079429917e-05	3.7819870184e-05
9.7500000000e+02	3.7228714606e-02	-5.4536569027e-02	9.4118239624e-05	3.7820241497e-05
9.7600000000e+02	3.7266535033e-02	-5.4630706655e-02	9.4157009926e-05	3.7820611675e-05
9.7700000000e+02	3.7304355829e-02	-5.4724883034e-02	9.4195740904e-05	3.7820980721e-05
9.7800000000e+02	3.7342176994e-02	-5.4819098124e-02	9.4234432636e-05	3.7821348641e-05
9.7900000000e+02	3.7379998526e-02	-5.4913351886e-02	9.4273085201e-05	3.7821715439e-05
9.8000000000e+02	3.7417820424e-02	-5.5007644281e-02	9.4311698679e-05	3.7822081119e-05
9.8100000000e+02	3.7455642688e-02	-5.5101975270e-02	9.4350273148e-05	3.7822445687e-05
9.8200000000e+02	3.7493465315e-02	-5.5196344814e-02	9.4388808686e-05	3.7822809146e-05
9.8300000000e+02	3.7531288306e-02	-5.5290752875e-02	9.4427305372e-05	3.7823171501e-05
9.8400000000e+02	3.7569111658e-02	-5.5385199412e-02	9.4465763283e-05	3.7823532757e-05
9.8500000000e+02	3.7606935371e-02	-5.5479684388e-02	9.4504182497e-05	3.7823892918e-05
9.8600000000e+02	3.7644759443e-02	-5.5574207764e-02	9.4542563091e-05	3.7824251988e-05
9.8700000000e+02	3.7682583875e-02	-5.5668769502e-02	9.4580905143e-05	3.7824609972e-05
9.8800000000e+02	3.7720408663e-02	-5.5763369562e-02	9.4619208730e-05	3.7824966874e-05
9.8900000000e+02	3.7758233808e-02	-5.5858007906e-02	9.4657473927e-05	3.7825322698e-05
9.9000000000e+02	3.7796059308e-02	-5.5952684497e-02	9.4695700813e-05	3.7825677450e-05
9.9100000000e+02	3.7833885162e-02	-5.6047399295e-02	9.4733889463e-05	3.7826031132e-05
9.9200000000e+02	3.7871711370e-02	-5.6142152263e-02	9.4772039953e-05	3.7826383750e-05
9.9300000000e+02	3.7909537930e-02	-5.6236943362e-02	9.4810152359e-05	3.7826735308e-05
9.9400000000e+02	3.7947364840e-02	-5.6331772555e-02	9.4848226756e-05	3.7827085810e-05
9.9500000000e+02	3.7985192101e-02	-5.6426639803e-02	9.4886263220e-05	3.7827435259e-05
9.9600000000e+02	3.8023019710e-02	-5.6521545069e-02	9.4924261827e-05	3.7827783662e-05
9.9700000000e+02	3.8060847668e-02	-5.6616488314e-02	9.4962222650e-05	3.7828131020e-05
9.9800000000e+02	3.8098675972e-02	-5.6711469502e-02	9.5000145765e-05	3.7828477340e-05
9.9900000000e+02	3.8136504622e-02	-5.6806488593e-02	9.5038031247e-05	3.7828822624e-05
