# total modes from dos = 5.9999378136e+00
# ZPE = 3.4804599932e-03 Ry/cell
# Multiply by 13.6058 to have energies in eV/cell etc..
# Multiply by 13.6058 x 23060.35 = 313 754.5 to have energies in cal/(N mol).
# Multiply by 13.6058 x 96526.0 = 1 313 313 to have energies in J/(N mol).
# N is the number of formula units per cell.
#
# T (K) 	Evib (Ry/cell)	Fvib (Ry/cell)	Svib (Ry/cell/K)	Cvib (Ry/cell/K)
1.0000000000e+00	3.4804600167e-03	3.4804599064e-03	1.1029761678e-10	7.0313116951e-11
2.0000000000e+00	3.4804602304e-03	3.4804597408e-03	2.4477308262e-10	4.2882636305e-10
3.0000000000e+00	3.4804610655e-03	3.4804593530e-03	5.7084361633e-10	1.3609968455e-09
4.0000000000e+00	3.4804632400e-03	3.4804585034e-03	1.1841468278e-09	3.1562435486e-09
5.0000000000e+00	3.4804677641e-03	3.4804568567e-03	2.1814775393e-09	6.1101366001e-09
6.0000000000e+00	3.4804759489e-03	3.4804539796e-03	3.6615462811e-09	1.0530618071e-08
7.0000000000e+00	3.4804894254e-03	3.4804493386e-03	5.7266804784e-09	1.6753569983e-08
8.0000000000e+00	3.4805101908e-03	3.4804422947e-03	8.4870181355e-09	2.5186296876e-08
9.0000000000e+00	3.4805407225e-03	3.4804320907e-03	1.2070193871e-08	3.6402688011e-08
1.0000000000e+01	3.4805842135e-03	3.4804178265e-03	1.6638701890e-08	5.1286402743e-08
1.1000000000e+01	3.4806449574e-03	3.4803984122e-03	2.2413199482e-08	7.1174904973e-08
1.2000000000e+01	3.4807288504e-03	3.4803724984e-03	2.9695996448e-08	9.7942421851e-08
1.3000000000e+01	3.4808439293e-03	3.4803383850e-03	3.8888023791e-08	1.3398506397e-07
1.4000000000e+01	3.4810008455e-03	3.4802939186e-03	5.0494779263e-08	1.8211060872e-07
1.5000000000e+01	3.4812131925e-03	3.4802363902e-03	6.5120156562e-08	2.4536320654e-07
1.6000000000e+01	3.4814976425e-03	3.4801624441e-03	8.3449894760e-08	3.2682202499e-07
1.7000000000e+01	3.4818738825e-03	3.4800680080e-03	1.0622791334e-07	4.2940772934e-07
1.8000000000e+01	3.4823643716e-03	3.4799482473e-03	1.3422912990e-07	5.5571963737e-07
1.9000000000e+01	3.4829939554e-03	3.4797975489e-03	1.6823192008e-07	7.0791505145e-07
2.0000000000e+01	3.4837893822e-03	3.4796095303e-03	2.0899259407e-07	8.8763334375e-07
2.1000000000e+01	3.4847787649e-03	3.4793770730e-03	2.5722342296e-07	1.0959614750e-06
2.2000000000e+01	3.4859910259e-03	3.4790923757e-03	3.1357500979e-07	1.3334343931e-06
2.3000000000e+01	3.4874553574e-03	3.4787470232e-03	3.7862322675e-07	1.6000624909e-06
2.4000000000e+01	3.4892007182e-03	3.4783320652e-03	4.5286053783e-07	1.8953783284e-06
2.5000000000e+01	3.4912553851e-03	3.4778381033e-03	5.3669127307e-07	2.2184955949e-06
2.6000000000e+01	3.4936465664e-03	3.4772553790e-03	6.3043028536e-07	2.5681744233e-06
2.7000000000e+01	3.4964000815e-03	3.4765738634e-03	7.3430437208e-07	2.9428884014e-06
2.8000000000e+01	3.4995401074e-03	3.4757833435e-03	8.4845585347e-07	3.3408898112e-06
2.9000000000e+01	3.5030889887e-03	3.4748735041e-03	9.7294774600e-07	3.7602706764e-06
3.0000000000e+01	3.5070671049e-03	3.4738340038e-03	1.1077700356e-06	4.1990180713e-06
3.1000000000e+01	3.5114927908e-03	3.4726545453e-03	1.2528466306e-06	4.6550628489e-06
3.2000000000e+01	3.5163823017e-03	3.4713249369e-03	1.4080426495e-06	5.1263214736e-06
3.3000000000e+01	3.5217498168e-03	3.4698351484e-03	1.5731717700e-06	5.6107310385e-06
3.4000000000e+01	3.5276074753e-03	3.4681753587e-03	1.7480034292e-06	6.1062778094e-06
3.5000000000e+01	3.5339654365e-03	3.4663359964e-03	1.9322697197e-06	6.6110198149e-06
3.6000000000e+01	3.5408319612e-03	3.4643077737e-03	2.1256718754e-06	7.1231040920e-06
3.7000000000e+01	3.5482135071e-03	3.4620817150e-03	2.3278862744e-06	7.6407792424e-06
3.8000000000e+01	3.5561148350e-03	3.4596491779e-03	2.5385699218e-06	8.1624039514e-06
3.9000000000e+01	3.5645391215e-03	3.4570018711e-03	2.7573653963e-06	8.6864520962e-06
4.0000000000e+01	3.5734880761e-03	3.4541318656e-03	2.9839052624e-06	9.2115150238e-06
4.1000000000e+01	3.5829620582e-03	3.4510316036e-03	3.2178159652e-06	9.7363015279e-06
4.2000000000e+01	3.5929601939e-03	3.4476939022e-03	3.4587212319e-06	1.0259635990e-05
4.3000000000e+01	3.6034804905e-03	3.4441119550e-03	3.7062450118e-06	1.0780455098e-05
4.4000000000e+01	3.6145199461e-03	3.4402793305e-03	3.9600139906e-06	1.1297803481e-05
4.5000000000e+01	3.6260746553e-03	3.4361899682e-03	4.2196597137e-06	1.1810828584e-05
4.6000000000e+01	3.6381399093e-03	3.4318381728e-03	4.4848203584e-06	1.2318774990e-05
4.7000000000e+01	3.6507102900e-03	3.4272186071e-03	4.7551421882e-06	1.2820978441e-05
4.8000000000e+01	3.6637797579e-03	3.4223262830e-03	5.0302807275e-06	1.3316859679e-05
4.9000000000e+01	3.6773417343e-03	3.4171565517e-03	5.3099016869e-06	1.3805918280e-05
5.0000000000e+01	3.6913891770e-03	3.4117050934e-03	5.5936816710e-06	1.4287726549e-05
5.1000000000e+01	3.7059146497e-03	3.4059679061e-03	5.8813086972e-06	1.4761923581e-05
5.2000000000e+01	3.7209103865e-03	3.3999412939e-03	6.1724825501e-06	1.5228209537e-05
5.3000000000e+01	3.7363683497e-03	3.3936218549e-03	6.4669149961e-06	1.5686340176e-05
5.4000000000e+01	3.7522802833e-03	3.3870064699e-03	6.7643298780e-06	1.6136121678e-05
5.5000000000e+01	3.7686377602e-03	3.3800922892e-03	7.0644631084e-06	1.6577405765e-05
5.6000000000e+01	3.7854322262e-03	3.3728767217e-03	7.3670625797e-06	1.7010085145e-05
5.7000000000e+01	3.8026550383e-03	3.3653574222e-03	7.6718880026e-06	1.7434089263e-05
5.8000000000e+01	3.8202975000e-03	3.3575322801e-03	7.9787106890e-06	1.7849380366e-05
5.9000000000e+01	3.8383508916e-03	3.3493994076e-03	8.2873132874e-06	1.8255949867e-05
6.0000000000e+01	3.8568064981e-03	3.3409571291e-03	8.5974894830e-06	1.8653815012e-05
6.1000000000e+01	3.8756556333e-03	3.3322039695e-03	8.9090436692e-06	1.9043015810e-05
6.2000000000e+01	3.8948896614e-03	3.3231386443e-03	9.2217905983e-06	1.9423612242e-05
6.3000000000e+01	3.9145000153e-03	3.3137600492e-03	9.5355550170e-06	1.9795681709e-05
6.4000000000e+01	3.9344782131e-03	3.3040672504e-03	9.8501712932e-06	2.0159316717e-05
6.5000000000e+01	3.9548158723e-03	3.2940594749e-03	1.0165483037e-05	2.0514622781e-05
6.6000000000e+01	3.9755047212e-03	3.2837361018e-03	1.0481342718e-05	2.0861716527e-05
6.7000000000e+01	3.9965366098e-03	3.2730966532e-03	1.0797611292e-05	2.1200723981e-05
6.8000000000e+01	4.0179035183e-03	3.2621407866e-03	1.1114157818e-05	2.1531779035e-05
6.9000000000e+01	4.0395975638e-03	3.2508682861e-03	1.1430859097e-05	2.1855022063e-05
7.0000000000e+01	4.0616110069e-03	3.2392790555e-03	1.1747599305e-05	2.2170598688e-05
7.1000000000e+01	4.0839362556e-03	3.2273731109e-03	1.2064269644e-05	2.2478658676e-05
7.2000000000e+01	4.1065658696e-03	3.2151505736e-03	1.2380768000e-05	2.2779354960e-05
7.3000000000e+01	4.1294925627e-03	3.2026116642e-03	1.2696998610e-05	2.3072842760e-05
7.4000000000e+01	4.1527092046e-03	3.1897566956e-03	1.3012871742e-05	2.3359278816e-05
7.5000000000e+01	4.1762088223e-03	3.1765860679e-03	1.3328303391e-05	2.3638820703e-05
7.6000000000e+01	4.1999846005e-03	3.1631002623e-03	1.3643214977e-05	2.3911626231e-05
7.7000000000e+01	4.2240298818e-03	3.1492998359e-03	1.3957533064e-05	2.4177852918e-05
7.8000000000e+01	4.2483381657e-03	3.1351854169e-03	1.4271189087e-05	2.4437657534e-05
7.9000000000e+01	4.2729031080e-03	3.1207576997e-03	1.4584119093e-05	2.4691195695e-05
8.0000000000e+01	4.2977185196e-03	3.1060174406e-03	1.4896263488e-05	2.4938621523e-05
8.1000000000e+01	4.3227783644e-03	3.0909654532e-03	1.5207566806e-05	2.5180087348e-05
8.2000000000e+01	4.3480767578e-03	3.0756026046e-03	1.5517977478e-05	2.5415743450e-05
8.3000000000e+01	4.3736079641e-03	3.0599298117e-03	1.5827447619e-05	2.5645737852e-05
8.4000000000e+01	4.3993663948e-03	3.0439480377e-03	1.6135932823e-05	2.5870216132e-05
8.5000000000e+01	4.4253466054e-03	3.0276582882e-03	1.6443391967e-05	2.6089321280e-05
8.6000000000e+01	4.4515432931e-03	3.0110616085e-03	1.6749787031e-05	2.6303193574e-05
8.7000000000e+01	4.4779512941e-03	2.9941590805e-03	1.7055082915e-05	2.6511970484e-05
8.8000000000e+01	4.5045655805e-03	2.9769518199e-03	1.7359247280e-05	2.6715786597e-05
8.9000000000e+01	4.5313812576e-03	2.9594409731e-03	1.7662250388e-05	2.6914773560e-05
9.0000000000e+01	4.5583935608e-03	2.9416277153e-03	1.7964064951e-05	2.7109060042e-05
9.1000000000e+01	4.5855978528e-03	2.9235132477e-03	1.8264665990e-05	2.7298771712e-05
9.2000000000e+01	4.6129896202e-03	2.9050987954e-03	1.8564030704e-05	2.7484031223e-05
9.3000000000e+01	4.6405644711e-03	2.8863856053e-03	1.8862138342e-05	2.7664958219e-05
9.4000000000e+01	4.6683181314e-03	2.8673749441e-03	1.9158970078e-05	2.7841669340e-05
9.5000000000e+01	4.6962464424e-03	2.8480680962e-03	1.9454508908e-05	2.8014278245e-05
9.6000000000e+01	4.7243453574e-03	2.8284663623e-03	1.9748739532e-05	2.8182895637e-05
9.7000000000e+01	4.7526109391e-03	2.8085710578e-03	2.0041648262e-05	2.8347629297e-05
9.8000000000e+01	4.7810393565e-03	2.7883835105e-03	2.0333222918e-05	2.8508584123e-05
9.9000000000e+01	4.8096268818e-03	2.7679050602e-03	2.0623452744e-05	2.8665862170e-05
1.0000000000e+02	4.8383698883e-03	2.7471370565e-03	2.0912328319e-05	2.8819562703e-05
1.0100000000e+02	4.8672648469e-03	2.7260808577e-03	2.1199841477e-05	2.8969782242e-05
1.0200000000e+02	4.8963083238e-03	2.7047378300e-03	2.1485985233e-05	2.9116614618e-05
1.0300000000e+02	4.9254969775e-03	2.6831093457e-03	2.1770753707e-05	2.9260151029e-05
1.0400000000e+02	4.9548275568e-03	2.6611967826e-03	2.2054142059e-05	2.9400480092e-05
1.0500000000e+02	4.9842968973e-03	2.6390015229e-03	2.2336146423e-05	2.9537687907e-05
1.0600000000e+02	5.0139019201e-03	2.6165249521e-03	2.2616763849e-05	2.9671858112e-05
1.0700000000e+02	5.0436396281e-03	2.5937684582e-03	2.2895992242e-05	2.9803071944e-05
1.0800000000e+02	5.0735071048e-03	2.5707334311e-03	2.3173830312e-05	2.9931408298e-05
1.0900000000e+02	5.1035015111e-03	2.5474212612e-03	2.3450277522e-05	3.0056943788e-05
1.1000000000e+02	5.1336200836e-03	2.5238333396e-03	2.3725334036e-05	3.0179752804e-05
1.1100000000e+02	5.1638601320e-03	2.4999710565e-03	2.3999000680e-05	3.0299907573e-05
1.1200000000e+02	5.1942190374e-03	2.4758358011e-03	2.4271278896e-05	3.0417478220e-05
1.1300000000e+02	5.2246942498e-03	2.4514289608e-03	2.4542170699e-05	3.0532532821e-05
1.1400000000e+02	5.2552832864e-03	2.4267519210e-03	2.4811678644e-05	3.0645137463e-05
1.1500000000e+02	5.2859837295e-03	2.4018060638e-03	2.5079805788e-05	3.0755356302e-05
1.1600000000e+02	5.3167932245e-03	2.3765927685e-03	2.5346555655e-05	3.0863251615e-05
1.1700000000e+02	5.3477094784e-03	2.3511134103e-03	2.5611932206e-05	3.0968883856e-05
1.1800000000e+02	5.3787302574e-03	2.3253693604e-03	2.5875939806e-05	3.1072311710e-05
1.1900000000e+02	5.4098533860e-03	2.2993619854e-03	2.6138583198e-05	3.1173592144e-05
1.2000000000e+02	5.4410767444e-03	2.2730926470e-03	2.6399867478e-05	3.1272780458e-05
1.2100000000e+02	5.4723982674e-03	2.2465627017e-03	2.6659798064e-05	3.1369930337e-05
1.2200000000e+02	5.5038159430e-03	2.2197735002e-03	2.6918380678e-05	3.1465093897e-05
1.2300000000e+02	5.5353278100e-03	2.1927263877e-03	2.7175621320e-05	3.1558321734e-05
1.2400000000e+02	5.5669319576e-03	2.1654227028e-03	2.7431526248e-05	3.1649662969e-05
1.2500000000e+02	5.5986265230e-03	2.1378637782e-03	2.7686101958e-05	3.1739165294e-05
1.2600000000e+02	5.6304096906e-03	2.1100509397e-03	2.7939355166e-05	3.1826875015e-05
1.2700000000e+02	5.6622796905e-03	2.0819855064e-03	2.8191292788e-05	3.1912837097e-05
1.2800000000e+02	5.6942347969e-03	2.0536687903e-03	2.8441921926e-05	3.1997095203e-05
1.2900000000e+02	5.7262733271e-03	2.0251020963e-03	2.8691249851e-05	3.2079691732e-05
1.3000000000e+02	5.7583936402e-03	1.9962867219e-03	2.8939283987e-05	3.2160667864e-05
1.3100000000e+02	5.7905941360e-03	1.9672239571e-03	2.9186031900e-05	3.2240063594e-05
1.3200000000e+02	5.8228732536e-03	1.9379150843e-03	2.9431501282e-05	3.2317917768e-05
1.3300000000e+02	5.8552294703e-03	1.9083613781e-03	2.9675699941e-05	3.2394268122e-05
1.3400000000e+02	5.8876613008e-03	1.8785641053e-03	2.9918635787e-05	3.2469151314e-05
1.3500000000e+02	5.9201672957e-03	1.8485245248e-03	3.0160316822e-05	3.2542602956e-05
1.3600000000e+02	5.9527460410e-03	1.8182438873e-03	3.0400751131e-05	3.2614657654e-05
1.3700000000e+02	5.9853961566e-03	1.7877234354e-03	3.0639946870e-05	3.2685349028e-05
1.3800000000e+02	6.0181162955e-03	1.7569644036e-03	3.0877912260e-05	3.2754709753e-05
1.3900000000e+02	6.0509051432e-03	1.7259680182e-03	3.1114655575e-05	3.2822771582e-05
1.4000000000e+02	6.0837614160e-03	1.6947354971e-03	3.1350185135e-05	3.2889565379e-05
1.4100000000e+02	6.1166838612e-03	1.6632680498e-03	3.1584509301e-05	3.2955121142e-05
1.4200000000e+02	6.1496712554e-03	1.6315668775e-03	3.1817636464e-05	3.3019468033e-05
1.4300000000e+02	6.1827224038e-03	1.5996331730e-03	3.2049575040e-05	3.3082634404e-05
1.4400000000e+02	6.2158361399e-03	1.5674681208e-03	3.2280333466e-05	3.3144647821e-05
1.4500000000e+02	6.2490113241e-03	1.5350728967e-03	3.2509920189e-05	3.3205535088e-05
1.4600000000e+02	6.2822468434e-03	1.5024486681e-03	3.2738343666e-05	3.3265322272e-05
1.4700000000e+02	6.3155416104e-03	1.4695965943e-03	3.2965612355e-05	3.3324034723e-05
1.4800000000e+02	6.3488945628e-03	1.4365178255e-03	3.3191734711e-05	3.3381697101e-05
1.4900000000e+02	6.3823046626e-03	1.4032135041e-03	3.3416719184e-05	3.3438333390e-05
1.5000000000e+02	6.4157708953e-03	1.3696847637e-03	3.3640574211e-05	3.3493966927e-05
1.5100000000e+02	6.4492922697e-03	1.3359327294e-03	3.3863308214e-05	3.3548620414e-05
1.5200000000e+02	6.4828678168e-03	1.3019585181e-03	3.4084929597e-05	3.3602315943e-05
1.5300000000e+02	6.5164965895e-03	1.2677632383e-03	3.4305446740e-05	3.3655075012e-05
1.5400000000e+02	6.5501776617e-03	1.2333479899e-03	3.4524867999e-05	3.3706918543e-05
1.5500000000e+02	6.5839101282e-03	1.1987138648e-03	3.4743201699e-05	3.3757866902e-05
1.5600000000e+02	6.6176931037e-03	1.1638619463e-03	3.4960456138e-05	3.3807939911e-05
1.5700000000e+02	6.6515257227e-03	1.1287933095e-03	3.5176639574e-05	3.3857156869e-05
1.5800000000e+02	6.6854071384e-03	1.0935090214e-03	3.5391760234e-05	3.3905536565e-05
1.5900000000e+02	6.7193365228e-03	1.0580101406e-03	3.5605826303e-05	3.3953097296e-05
1.6000000000e+02	6.7533130659e-03	1.0222977176e-03	3.5818845927e-05	3.3999856879e-05
1.6100000000e+02	6.7873359753e-03	9.8637279484e-04	3.6030827208e-05	3.4045832664e-05
1.6200000000e+02	6.8214044756e-03	9.5023640661e-04	3.6241778204e-05	3.4091041555e-05
1.6300000000e+02	6.8555178083e-03	9.1388957918e-04	3.6451706927e-05	3.4135500015e-05
1.6400000000e+02	6.8896752309e-03	8.7733333085e-04	3.6660621342e-05	3.4179224082e-05
1.6500000000e+02	6.9238760169e-03	8.4056867197e-04	3.6868529363e-05	3.4222229385e-05
1.6600000000e+02	6.9581194551e-03	8.0359660497e-04	3.7075438856e-05	3.4264531151e-05
1.6700000000e+02	6.9924048496e-03	7.6641812449e-04	3.7281357635e-05	3.4306144219e-05
1.6800000000e+02	7.0267315188e-03	7.2903421735e-04	3.7486293461e-05	3.4347083053e-05
1.6900000000e+02	7.0610987957e-03	6.9144586265e-04	3.7690254042e-05	3.4387361747e-05
1.7000000000e+02	7.0955060269e-03	6.5365403180e-04	3.7893247030e-05	3.4426994045e-05
1.7100000000e+02	7.1299525728e-03	6.1565968859e-04	3.8095280024e-05	3.4465993342e-05
1.7200000000e+02	7.1644378069e-03	5.7746378923e-04	3.8296360568e-05	3.4504372700e-05
1.7300000000e+02	7.1989611158e-03	5.3906728244e-04	3.8496496146e-05	3.4542144857e-05
1.7400000000e+02	7.2335218984e-03	5.0047110945e-04	3.8695694189e-05	3.4579322231e-05
1.7500000000e+02	7.2681195660e-03	4.6167620411e-04	3.8893962068e-05	3.4615916937e-05
1.7600000000e+02	7.3027535420e-03	4.2268349293e-04	3.9091307097e-05	3.4651940789e-05
1.7700000000e+02	7.3374232611e-03	3.8349389512e-04	3.9287736531e-05	3.4687405314e-05
1.7800000000e+02	7.3721281699e-03	3.4410832267e-04	3.9483257569e-05	3.4722321756e-05
1.7900000000e+02	7.4068677256e-03	3.0452768040e-04	3.9677877348e-05	3.4756701084e-05
1.8000000000e+02	7.4416413966e-03	2.6475286603e-04	3.9871602948e-05	3.4790554004e-05
1.8100000000e+02	7.4764486616e-03	2.2478477022e-04	4.0064441389e-05	3.4823890962e-05
1.8200000000e+02	7.5112890099e-03	1.8462427665e-04	4.0256399633e-05	3.4856722153e-05
1.8300000000e+02	7.5461619407e-03	1.4427226205e-04	4.0447484583e-05	3.4889057528e-05
1.8400000000e+02	7.5810669630e-03	1.0372959630e-04	4.0637703080e-05	3.4920906800e-05
1.8500000000e+02	7.6160035954e-03	6.2997142451e-05	4.0827061908e-05	3.4952279452e-05
1.8600000000e+02	7.6509713661e-03	2.2075756801e-05	4.1015567792e-05	3.4983184742e-05
1.8700000000e+02	7.6859698121e-03	-1.9033711040e-05	4.1203227397e-05	3.5013631709e-05
1.8800000000e+02	7.7209984797e-03	-6.0330418102e-05	4.1390047329e-05	3.5043629182e-05
1.8900000000e+02	7.7560569235e-03	-1.0181352799e-04	4.1576034135e-05	3.5073185782e-05
1.9000000000e+02	7.7911447071e-03	-1.4348221083e-04	4.1761194305e-05	3.5102309927e-05
1.9100000000e+02	7.8262614020e-03	-1.8533564320e-04	4.1945534268e-05	3.5131009843e-05
1.9200000000e+02	7.8614065880e-03	-2.2737300809e-04	4.2129060396e-05	3.5159293564e-05
1.9300000000e+02	7.8965798530e-03	-2.6959349482e-04	4.2311779004e-05	3.5187168939e-05
1.9400000000e+02	7.9317807924e-03	-3.1199629901e-04	4.2493696347e-05	3.5214643637e-05
1.9500000000e+02	7.9670090092e-03	-3.5458062249e-04	4.2674818624e-05	3.5241725153e-05
1.9600000000e+02	8.0022641140e-03	-3.9734567328e-04	4.2855151976e-05	3.5268420809e-05
1.9700000000e+02	8.0375457246e-03	-4.4029066550e-04	4.3034702488e-05	3.5294737761e-05
1.9800000000e+02	8.0728534657e-03	-4.8341481932e-04	4.3213476187e-05	3.5320683007e-05
1.9900000000e+02	8.1081869690e-03	-5.2671736092e-04	4.3391479045e-05	3.5346263383e-05
2.0000000000e+02	8.1435458730e-03	-5.7019752243e-04	4.3568716977e-05	3.5371485573e-05
2.0100000000e+02	8.1789298229e-03	-6.1385454186e-04	4.3745195845e-05	3.5396356114e-05
2.0200000000e+02	8.2143384702e-03	-6.5768766304e-04	4.3920921452e-05	3.5420881394e-05
2.0300000000e+02	8.2497714727e-03	-7.0169613559e-04	4.4095899548e-05	3.5445067663e-05
2.0400000000e+02	8.2852284945e-03	-7.4587921486e-04	4.4270135830e-05	3.5468921029e-05
2.0500000000e+02	8.3207092058e-03	-7.9023616186e-04	4.4443635940e-05	3.5492447470e-05
2.0600000000e+02	8.3562132824e-03	-8.3476624321e-04	4.4616405464e-05	3.5515652829e-05
2.0700000000e+02	8.3917404063e-03	-8.7946873111e-04	4.4788449939e-05	3.5538542824e-05
2.0800000000e+02	8.4272902648e-03	-9.2434290324e-04	4.4959774847e-05	3.5561123048e-05
2.0900000000e+02	8.4628625510e-03	-9.6938804275e-04	4.5130385616e-05	3.5583398972e-05
2.1000000000e+02	8.4984569631e-03	-1.0146034382e-03	4.5300287625e-05	3.5605375951e-05
2.1100000000e+02	8.5340732050e-03	-1.0599883835e-03	4.5469486201e-05	3.5627059222e-05
2.1200000000e+02	8.5697109854e-03	-1.1055421779e-03	4.5637986619e-05	3.5648453912e-05
2.1300000000e+02	8.6053700183e-03	-1.1512641258e-03	4.5805794104e-05	3.5669565037e-05
2.1400000000e+02	8.6410500226e-03	-1.1971535369e-03	4.5972913829e-05	3.5690397508e-05
2.1500000000e+02	8.6767507220e-03	-1.2432097259e-03	4.6139350921e-05	3.5710956132e-05
2.1600000000e+02	8.7124718451e-03	-1.2894320128e-03	4.6305110454e-05	3.5731245611e-05
2.1700000000e+02	8.7482131251e-03	-1.3358197226e-03	4.6470197455e-05	3.5751270554e-05
2.1800000000e+02	8.7839742996e-03	-1.3823721852e-03	4.6634616903e-05	3.5771035468e-05
2.1900000000e+02	8.8197551108e-03	-1.4290887356e-03	4.6798373728e-05	3.5790544769e-05
2.2000000000e+02	8.8555553053e-03	-1.4759687134e-03	4.6961472813e-05	3.5809802781e-05
2.2100000000e+02	8.8913746340e-03	-1.5230114636e-03	4.7123918994e-05	3.5828813737e-05
2.2200000000e+02	8.9272128518e-03	-1.5702163354e-03	4.7285717060e-05	3.5847581783e-05
2.2300000000e+02	8.9630697180e-03	-1.6175826832e-03	4.7446871754e-05	3.5866110982e-05
2.2400000000e+02	8.9989449955e-03	-1.6651098660e-03	4.7607387775e-05	3.5884405311e-05
2.2500000000e+02	9.0348384516e-03	-1.7127972474e-03	4.7767269773e-05	3.5902468666e-05
2.2600000000e+02	9.0707498571e-03	-1.7606441958e-03	4.7926522358e-05	3.5920304866e-05
2.2700000000e+02	9.1066789869e-03	-1.8086500839e-03	4.8085150091e-05	3.5937917650e-05
2.2800000000e+02	9.1426256192e-03	-1.8568142892e-03	4.8243157493e-05	3.5955310683e-05
2.2900000000e+02	9.1785895362e-03	-1.9051361936e-03	4.8400549038e-05	3.5972487556e-05
2.3000000000e+02	9.2145705234e-03	-1.9536151834e-03	4.8557329160e-05	3.5989451788e-05
2.3100000000e+02	9.2505683700e-03	-2.0022506495e-03	4.8713502249e-05	3.6006206828e-05
2.3200000000e+02	9.2865828685e-03	-2.0510419870e-03	4.8869072653e-05	3.6022756055e-05
2.3300000000e+02	9.3226138146e-03	-2.0999885954e-03	4.9024044678e-05	3.6039102783e-05
2.3400000000e+02	9.3586610076e-03	-2.1490898784e-03	4.9178422590e-05	3.6055250258e-05
2.3500000000e+02	9.3947242498e-03	-2.1983452439e-03	4.9332210612e-05	3.6071201666e-05
2.3600000000e+02	9.4308033466e-03	-2.2477541043e-03	4.9485412928e-05	3.6086960126e-05
2.3700000000e+02	9.4668981067e-03	-2.2973158759e-03	4.9638033682e-05	3.6102528699e-05
2.3800000000e+02	9.5030083417e-03	-2.3470299792e-03	4.9790076979e-05	3.6117910385e-05
2.3900000000e+02	9.5391338662e-03	-2.3968958388e-03	4.9941546883e-05	3.6133108127e-05
2.4000000000e+02	9.5752744976e-03	-2.4469128832e-03	5.0092447420e-05	3.6148124809e-05
2.4100000000e+02	9.6114300564e-03	-2.4970805451e-03	5.0242782579e-05	3.6162963262e-05
2.4200000000e+02	9.6476003657e-03	-2.5473982612e-03	5.0392556309e-05	3.6177626262e-05
2.4300000000e+02	9.6837852514e-03	-2.5978654719e-03	5.0541772524e-05	3.6192116529e-05
2.4400000000e+02	9.7199845420e-03	-2.6484816217e-03	5.0690435097e-05	3.6206436735e-05
2.4500000000e+02	9.7561980690e-03	-2.6992461589e-03	5.0838547869e-05	3.6220589499e-05
2.4600000000e+02	9.7924256661e-03	-2.7501585355e-03	5.0986114640e-05	3.6234577391e-05
2.4700000000e+02	9.8286671697e-03	-2.8012182074e-03	5.1133139178e-05	3.6248402932e-05
2.4800000000e+02	9.8649224187e-03	-2.8524246343e-03	5.1279625214e-05	3.6262068597e-05
2.4900000000e+02	9.9011912544e-03	-2.9037772795e-03	5.1425576442e-05	3.6275576813e-05
2.5000000000e+02	9.9374735206e-03	-2.9552756101e-03	5.1570996523e-05	3.6288929962e-05
2.5100000000e+02	9.9737690634e-03	-3.0069190968e-03	5.1715889084e-05	3.6302130383e-05
2.5200000000e+02	1.0010077731e-02	-3.0587072137e-03	5.1860257718e-05	3.6315180369e-05
2.5300000000e+02	1.0046399375e-02	-3.1106394387e-03	5.2004105982e-05	3.6328082174e-05
2.5400000000e+02	1.0082733847e-02	-3.1627152534e-03	5.2147437403e-05	3.6340838007e-05
2.5500000000e+02	1.0119081003e-02	-3.2149341424e-03	5.2290255472e-05	3.6353450039e-05
2.5600000000e+02	1.0155440700e-02	-3.2672955943e-03	5.2432563649e-05	3.6365920399e-05
2.5700000000e+02	1.0191812797e-02	-3.3197991009e-03	5.2574365362e-05	3.6378251180e-05
2.5800000000e+02	1.0228197156e-02	-3.3724441574e-03	5.2715664006e-05	3.6390444435e-05
2.5900000000e+02	1.0264593641e-02	-3.4252302623e-03	5.2856462947e-05	3.6402502180e-05
2.6000000000e+02	1.0301002116e-02	-3.4781569178e-03	5.2996765515e-05	3.6414426394e-05
2.6100000000e+02	1.0337422450e-02	-3.5312236290e-03	5.3136575014e-05	3.6426219023e-05
2.6200000000e+02	1.0373854511e-02	-3.5844299046e-03	5.3275894716e-05	3.6437881975e-05
2.6300000000e+02	1.0410298171e-02	-3.6377752563e-03	5.3414727861e-05	3.6449417126e-05
2.6400000000e+02	1.0446753303e-02	-3.6912591992e-03	5.3553077661e-05	3.6460826317e-05
2.6500000000e+02	1.0483219782e-02	-3.7448812515e-03	5.3690947298e-05	3.6472111357e-05
2.6600000000e+02	1.0519697485e-02	-3.7986409348e-03	5.3828339924e-05	3.6483274023e-05
2.6700000000e+02	1.0556186290e-02	-3.8525377734e-03	5.3965258665e-05	3.6494316062e-05
2.6800000000e+02	1.0592686078e-02	-3.9065712952e-03	5.4101706615e-05	3.6505239187e-05
2.6900000000e+02	1.0629196729e-02	-3.9607410307e-03	5.4237686841e-05	3.6516045085e-05
2.7000000000e+02	1.0665718129e-02	-4.0150465140e-03	5.4373202382e-05	3.6526735410e-05
2.7100000000e+02	1.0702250162e-02	-4.0694872816e-03	5.4508256251e-05	3.6537311789e-05
2.7200000000e+02	1.0738792715e-02	-4.1240628736e-03	5.4642851430e-05	3.6547775820e-05
2.7300000000e+02	1.0775345677e-02	-4.1787728326e-03	5.4776990878e-05	3.6558129075e-05
2.7400000000e+02	1.0811908937e-02	-4.2336167044e-03	5.4910677524e-05	3.6568373096e-05
2.7500000000e+02	1.0848482387e-02	-4.2885940376e-03	5.5043914273e-05	3.6578509402e-05
2.7600000000e+02	1.0885065921e-02	-4.3437043839e-03	5.5176704002e-05	3.6588539483e-05
2.7700000000e+02	1.0921659431e-02	-4.3989472976e-03	5.5309049563e-05	3.6598464805e-05
2.7800000000e+02	1.0958262816e-02	-4.4543223359e-03	5.5440953783e-05	3.6608286808e-05
2.7900000000e+02	1.0994875971e-02	-4.5098290590e-03	5.5572419462e-05	3.6618006909e-05
2.8000000000e+02	1.1031498796e-02	-4.5654670296e-03	5.5703449377e-05	3.6627626501e-05
2.8100000000e+02	1.1068131191e-02	-4.6212358134e-03	5.5834046279e-05	3.6637146951e-05
2.8200000000e+02	1.1104773057e-02	-4.6771349787e-03	5.5964212894e-05	3.6646569607e-05
2.8300000000e+02	1.1141424298e-02	-4.7331640967e-03	5.6093951925e-05	3.6655895790e-05
2.8400000000e+02	1.1178084817e-02	-4.7893227409e-03	5.6223266050e-05	3.6665126803e-05
2.8500000000e+02	1.1214754520e-02	-4.8456104880e-03	5.6352157924e-05	3.6674263925e-05
2.8600000000e+02	1.1251433314e-02	-4.9020269169e-03	5.6480630179e-05	3.6683308413e-05
2.8700000000e+02	1.1288121107e-02	-4.9585716094e-03	5.6608685422e-05	3.6692261506e-05
2.8800000000e+02	1.1324817807e-02	-5.0152441496e-03	5.6736326239e-05	3.6701124421e-05
2.8900000000e+02	1.1361523326e-02	-5.0720441246e-03	5.6863555192e-05	3.6709898354e-05
2.9000000000e+02	1.1398237575e-02	-5.1289711236e-03	5.6990374821e-05	3.6718584483e-05
2.9100000000e+02	1.1434960466e-02	-5.1860247386e-03	5.7116787644e-05	3.6727183967e-05
2.9200000000e+02	1.1471691914e-02	-5.2432045641e-03	5.7242796158e-05	3.6735697943e-05
2.9300000000e+02	1.1508431834e-02	-5.3005101970e-03	5.7368402835e-05	3.6744127534e-05
2.9400000000e+02	1.1545180141e-02	-5.3579412366e-03	5.7493610129e-05	3.6752473841e-05
2.9500000000e+02	1.1581936754e-02	-5.4154972849e-03	5.7618420471e-05	3.6760737950e-05
2.9600000000e+02	1.1618701590e-02	-5.4731779461e-03	5.7742836271e-05	3.6768920928e-05
2.9700000000e+02	1.1655474569e-02	-5.5309828267e-03	5.7866859919e-05	3.6777023825e-05
2.9800000000e+02	1.1692255611e-02	-5.5889115360e-03	5.7990493783e-05	3.6785047674e-05
2.9900000000e+02	1.1729044638e-02	-5.6469636851e-03	5.8113740213e-05	3.6792993493e-05
3.0000000000e+02	1.1765841573e-02	-5.7051388880e-03	5.8236601536e-05	3.6800862282e-05
3.0100000000e+02	1.1802646338e-02	-5.7634367606e-03	5.8359080061e-05	3.6808655027e-05
3.0200000000e+02	1.1839458858e-02	-5.8218569213e-03	5.8481178076e-05	3.6816372695e-05
3.0300000000e+02	1.1876279058e-02	-5.8803989907e-03	5.8602897852e-05	3.6824016243e-05
3.0400000000e+02	1.1913106866e-02	-5.9390625917e-03	5.8724241637e-05	3.6831586608e-05
3.0500000000e+02	1.1949942208e-02	-5.9978473494e-03	5.8845211662e-05	3.6839084715e-05
3.0600000000e+02	1.1986785012e-02	-6.0567528912e-03	5.8965810139e-05	3.6846511474e-05
3.0700000000e+02	1.2023635207e-02	-6.1157788465e-03	5.9086039262e-05	3.6853867781e-05
3.0800000000e+02	1.2060492724e-02	-6.1749248473e-03	5.9205901205e-05	3.6861154518e-05
3.0900000000e+02	1.2097357493e-02	-6.2341905273e-03	5.9325398124e-05	3.6868372552e-05
3.1000000000e+02	1.2134229446e-02	-6.2935755226e-03	5.9444532158e-05	3.6875522738e-05
3.1100000000e+02	1.2171108516e-02	-6.3530794713e-03	5.9563305426e-05	3.6882605919e-05
3.1200000000e+02	1.2207994636e-02	-6.4127020139e-03	5.9681720032e-05	3.6889622923e-05
3.1300000000e+02	1.2244887740e-02	-6.4724427925e-03	5.9799778060e-05	3.6896574566e-05
3.1400000000e+02	1.2281787764e-02	-6.5323014518e-03	5.9917481578e-05	3.6903461651e-05
3.1500000000e+02	1.2318694642e-02	-6.5922776382e-03	6.0034832637e-05	3.6910284971e-05
3.1600000000e+02	1.2355608313e-02	-6.6523710003e-03	6.0151833269e-05	3.6917045303e-05
3.1700000000e+02	1.2392528712e-02	-6.7125811886e-03	6.0268485492e-05	3.6923743417e-05
3.1800000000e+02	1.2429455779e-02	-6.7729078558e-03	6.0384791305e-05	3.6930380068e-05
3.1900000000e+02	1.2466389452e-02	-6.8333506564e-03	6.0500752691e-05	3.6936956000e-05
3.2000000000e+02	1.2503329671e-02	-6.8939092470e-03	6.0616371619e-05	3.6943471947e-05
3.2100000000e+02	1.2540276376e-02	-6.9545832862e-03	6.0731650039e-05	3.6949928632e-05
3.2200000000e+02	1.2577229509e-02	-7.0153724343e-03	6.0846589885e-05	3.6956326766e-05
3.2300000000e+02	1.2614189011e-02	-7.0762763537e-03	6.0961193078e-05	3.6962667051e-05
3.2400000000e+02	1.2651154824e-02	-7.1372947088e-03	6.1075461521e-05	3.6968950176e-05
3.2500000000e+02	1.2688126892e-02	-7.1984271658e-03	6.1189397101e-05	3.6975176824e-05
3.2600000000e+02	1.2725105159e-02	-7.2596733927e-03	6.1303001692e-05	3.6981347664e-05
3.2700000000e+02	1.2762089569e-02	-7.3210330595e-03	6.1416277151e-05	3.6987463357e-05
3.2800000000e+02	1.2799080067e-02	-7.3825058379e-03	6.1529225321e-05	3.6993524554e-05
3.2900000000e+02	1.2836076600e-02	-7.4440914016e-03	6.1641848030e-05	3.6999531897e-05
3.3000000000e+02	1.2873079114e-02	-7.5057894261e-03	6.1754147090e-05	3.7005486017e-05
3.3100000000e+02	1.2910087555e-02	-7.5675995885e-03	6.1866124300e-05	3.7011387538e-05
3.3200000000e+02	1.2947101871e-02	-7.6295215680e-03	6.1977781444e-05	3.7017237073e-05
3.3300000000e+02	1.2984122012e-02	-7.6915550453e-03	6.2089120291e-05	3.7023035227e-05
3.3400000000e+02	1.3021147925e-02	-7.7536997031e-03	6.2200142598e-05	3.7028782598e-05
3.3500000000e+02	1.3058179560e-02	-7.8159552256e-03	6.2310850107e-05	3.7034479772e-05
3.3600000000e+02	1.3095216868e-02	-7.8783212989e-03	6.2421244544e-05	3.7040127328e-05
3.3700000000e+02	1.3132259798e-02	-7.9407976109e-03	6.2531327624e-05	3.7045725839e-05
3.3800000000e+02	1.3169308303e-02	-8.0033838509e-03	6.2641101048e-05	3.7051275866e-05
3.3900000000e+02	1.3206362334e-02	-8.0660797103e-03	6.2750566503e-05	3.7056777966e-05
3.4000000000e+02	1.3243421843e-02	-8.1288848819e-03	6.2859725663e-05	3.7062232683e-05
3.4100000000e+02	1.3280486784e-02	-8.1917990601e-03	6.2968580188e-05	3.7067640559e-05
3.4200000000e+02	1.3317557109e-02	-8.2548219412e-03	6.3077131726e-05	3.7073002125e-05
3.4300000000e+02	1.3354632773e-02	-8.3179532231e-03	6.3185381913e-05	3.7078317904e-05
3.4400000000e+02	1.3391713730e-02	-8.3811926051e-03	6.3293332369e-05	3.7083588414e-05
3.4500000000e+02	1.3428799935e-02	-8.4445397885e-03	6.3400984705e-05	3.7088814165e-05
3.4600000000e+02	1.3465891343e-02	-8.5079944757e-03	6.3508340518e-05	3.7093995658e-05
3.4700000000e+02	1.3502987912e-02	-8.5715563712e-03	6.3615401391e-05	3.7099133390e-05
3.4800000000e+02	1.3540089596e-02	-8.6352251807e-03	6.3722168898e-05	3.7104227849e-05
3.4900000000e+02	1.3577196353e-02	-8.6990006117e-03	6.3828644598e-05	3.7109279517e-05
3.5000000000e+02	1.3614308141e-02	-8.7628823732e-03	6.3934830040e-05	3.7114288869e-05
3.5100000000e+02	1.3651424917e-02	-8.8268701756e-03	6.4040726759e-05	3.7119256374e-05
3.5200000000e+02	1.3688546640e-02	-8.8909637309e-03	6.4146336280e-05	3.7124182494e-05
3.5300000000e+02	1.3725673268e-02	-8.9551627529e-03	6.4251660116e-05	3.7129067685e-05
3.5400000000e+02	1.3762804762e-02	-9.0194669564e-03	6.4356699768e-05	3.7133912397e-05
3.5500000000e+02	1.3799941080e-02	-9.0838760582e-03	6.4461456726e-05	3.7138717073e-05
3.5600000000e+02	1.3837082182e-02	-9.1483897762e-03	6.4565932468e-05	3.7143482151e-05
3.5700000000e+02	1.3874228031e-02	-9.2130078299e-03	6.4670128461e-05	3.7148208063e-05
3.5800000000e+02	1.3911378586e-02	-9.2777299403e-03	6.4774046162e-05	3.7152895234e-05
3.5900000000e+02	1.3948533809e-02	-9.3425558299e-03	6.4877687015e-05	3.7157544085e-05
3.6000000000e+02	1.3985693661e-02	-9.4074852225e-03	6.4981052455e-05	3.7162155029e-05
3.6100000000e+02	1.4022858106e-02	-9.4725178435e-03	6.5084143905e-05	3.7166728476e-05
3.6200000000e+02	1.4060027106e-02	-9.5376534195e-03	6.5186962777e-05	3.7171264829e-05
3.6300000000e+02	1.4097200624e-02	-9.6028916787e-03	6.5289510474e-05	3.7175764486e-05
3.6400000000e+02	1.4134378623e-02	-9.6682323505e-03	6.5391788388e-05	3.7180227839e-05
3.6500000000e+02	1.4171561067e-02	-9.7336751660e-03	6.5493797899e-05	3.7184655277e-05
3.6600000000e+02	1.4208747921e-02	-9.7992198573e-03	6.5595540379e-05	3.7189047182e-05
3.6700000000e+02	1.4245939150e-02	-9.8648661582e-03	6.5697017188e-05	3.7193403930e-05
3.6800000000e+02	1.4283134718e-02	-9.9306138036e-03	6.5798229677e-05	3.7197725895e-05
3.6900000000e+02	1.4320334590e-02	-9.9964625299e-03	6.5899179187e-05	3.7202013443e-05
3.7000000000e+02	1.4357538733e-02	-1.0062412075e-02	6.5999867048e-05	3.7206266938e-05
3.7100000000e+02	1.4394747113e-02	-1.0128462177e-02	6.6100294582e-05	3.7210486737e-05
3.7200000000e+02	1.4431959696e-02	-1.0194612578e-02	6.6200463100e-05	3.7214673193e-05
3.7300000000e+02	1.4469176448e-02	-1.0260863017e-02	6.6300373903e-05	3.7218826656e-05
3.7400000000e+02	1.4506397338e-02	-1.0327213240e-02	6.6400028283e-05	3.7222947468e-05
3.7500000000e+02	1.4543622332e-02	-1.0393662989e-02	6.6499427524e-05	3.7227035971e-05
3.7600000000e+02	1.4580851399e-02	-1.0460212010e-02	6.6598572898e-05	3.7231092499e-05
3.7700000000e+02	1.4618084507e-02	-1.0526860051e-02	6.6697465670e-05	3.7235117383e-05
3.7800000000e+02	1.4655321624e-02	-1.0593606858e-02	6.6796107094e-05	3.7239110950e-05
3.7900000000e+02	1.4692562718e-02	-1.0660452181e-02	6.6894498416e-05	3.7243073522e-05
3.8000000000e+02	1.4729807760e-02	-1.0727395772e-02	6.6992640874e-05	3.7247005418e-05
3.8100000000e+02	1.4767056719e-02	-1.0794437381e-02	6.7090535695e-05	3.7250906952e-05
3.8200000000e+02	1.4804309564e-02	-1.0861576761e-02	6.7188184098e-05	3.7254778435e-05
3.8300000000e+02	1.4841566266e-02	-1.0928813667e-02	6.7285587293e-05	3.7258620173e-05
3.8400000000e+02	1.4878826795e-02	-1.0996147854e-02	6.7382746482e-05	3.7262432468e-05
3.8500000000e+02	1.4916091121e-02	-1.1063579079e-02	6.7479662858e-05	3.7266215619e-05
3.8600000000e+02	1.4953359216e-02	-1.1131107099e-02	6.7576337606e-05	3.7269969922e-05
3.8700000000e+02	1.4990631052e-02	-1.1198731674e-02	6.7672771901e-05	3.7273695667e-05
3.8800000000e+02	1.5027906598e-02	-1.1266452563e-02	6.7768966912e-05	3.7277393142e-05
3.8900000000e+02	1.5065185829e-02	-1.1334269529e-02	6.7864923797e-05	3.7281062631e-05
3.9000000000e+02	1.5102468714e-02	-1.1402182332e-02	6.7960643709e-05	3.7284704414e-05
3.9100000000e+02	1.5139755228e-02	-1.1470190737e-02	6.8056127789e-05	3.7288318769e-05
3.9200000000e+02	1.5177045343e-02	-1.1538294509e-02	6.8151377174e-05	3.7291905969e-05
3.9300000000e+02	1.5214339031e-02	-1.1606493414e-02	6.8246392990e-05	3.7295466284e-05
3.9400000000e+02	1.5251636267e-02	-1.1674787218e-02	6.8341176357e-05	3.7298999981e-05
3.9500000000e+02	1.5288937022e-02	-1.1743175690e-02	6.8435728385e-05	3.7302507323e-05
3.9600000000e+02	1.5326241273e-02	-1.1811658598e-02	6.8530050178e-05	3.7305988572e-05
3.9700000000e+02	1.5363548991e-02	-1.1880235713e-02	6.8624142832e-05	3.7309443983e-05
3.9800000000e+02	1.5400860152e-02	-1.1948906808e-02	6.8718007436e-05	3.7312873811e-05
3.9900000000e+02	1.5438174730e-02	-1.2017671653e-02	6.8811645070e-05	3.7316278307e-05
4.0000000000e+02	1.5475492700e-02	-1.2086530022e-02	6.8905056807e-05	3.7319657718e-05
4.0100000000e+02	1.5512814037e-02	-1.2155481691e-02	6.8998243712e-05	3.7323012290e-05
4.0200000000e+02	1.5550138717e-02	-1.2224526435e-02	6.9091206845e-05	3.7326342264e-05
4.0300000000e+02	1.5587466714e-02	-1.2293664031e-02	6.9183947257e-05	3.7329647879e-05
4.0400000000e+02	1.5624798004e-02	-1.2362894256e-02	6.9276465991e-05	3.7332929371e-05
4.0500000000e+02	1.5662132564e-02	-1.2432216889e-02	6.9368764083e-05	3.7336186973e-05
4.0600000000e+02	1.5699470370e-02	-1.2501631711e-02	6.9460842565e-05	3.7339420916e-05
4.0700000000e+02	1.5736811398e-02	-1.2571138502e-02	6.9552702457e-05	3.7342631427e-05
4.0800000000e+02	1.5774155625e-02	-1.2640737043e-02	6.9644344776e-05	3.7345818732e-05
4.0900000000e+02	1.5811503028e-02	-1.2710427119e-02	6.9735770531e-05	3.7348983052e-05
4.1000000000e+02	1.5848853584e-02	-1.2780208512e-02	6.9826980723e-05	3.7352124607e-05
4.1100000000e+02	1.5886207270e-02	-1.2850081009e-02	6.9917976347e-05	3.7355243613e-05
4.1200000000e+02	1.5923564064e-02	-1.2920044394e-02	7.0008758393e-05	3.7358340287e-05
4.1300000000e+02	1.5960923943e-02	-1.2990098455e-02	7.0099327840e-05	3.7361414838e-05
4.1400000000e+02	1.5998286886e-02	-1.3060242979e-02	7.0189685665e-05	3.7364467477e-05
4.1500000000e+02	1.6035652871e-02	-1.3130477756e-02	7.0279832836e-05	3.7367498411e-05
4.1600000000e+02	1.6073021876e-02	-1.3200802575e-02	7.0369770314e-05	3.7370507844e-05
4.1700000000e+02	1.6110393879e-02	-1.3271217227e-02	7.0459499056e-05	3.7373495978e-05
4.1800000000e+02	1.6147768861e-02	-1.3341721504e-02	7.0549020011e-05	3.7376463012e-05
4.1900000000e+02	1.6185146799e-02	-1.3412315198e-02	7.0638334121e-05	3.7379409145e-05
4.2000000000e+02	1.6222527672e-02	-1.3482998103e-02	7.0727442322e-05	3.7382334572e-05
4.2100000000e+02	1.6259911461e-02	-1.3553770014e-02	7.0816345547e-05	3.7385239485e-05
4.2200000000e+02	1.6297298144e-02	-1.3624630726e-02	7.0905044717e-05	3.7388124075e-05
4.2300000000e+02	1.6334687702e-02	-1.3695580036e-02	7.0993540753e-05	3.7390988530e-05
4.2400000000e+02	1.6372080115e-02	-1.3766617740e-02	7.1081834564e-05	3.7393833036e-05
4.2500000000e+02	1.6409475362e-02	-1.3837743638e-02	7.1169927058e-05	3.7396657778e-05
4.2600000000e+02	1.6446873424e-02	-1.3908957528e-02	7.1257819135e-05	3.7399462938e-05
4.2700000000e+02	1.6484274281e-02	-1.3980259210e-02	7.1345511688e-05	3.7402248696e-05
4.2800000000e+02	1.6521677915e-02	-1.4051648485e-02	7.1433005607e-05	3.7405015229e-05
4.2900000000e+02	1.6559084305e-02	-1.4123125155e-02	7.1520301772e-05	3.7407762714e-05
4.3000000000e+02	1.6596493434e-02	-1.4194689023e-02	7.1607401062e-05	3.7410491323e-05
4.3100000000e+02	1.6633905282e-02	-1.4266339892e-02	7.1694304347e-05	3.7413201230e-05
4.3200000000e+02	1.6671319830e-02	-1.4338077567e-02	7.1781012492e-05	3.7415892603e-05
4.3300000000e+02	1.6708737061e-02	-1.4409901852e-02	7.1867526358e-05	3.7418565612e-05
4.3400000000e+02	1.6746156955e-02	-1.4481812555e-02	7.1953846797e-05	3.7421220422e-05
4.3500000000e+02	1.6783579496e-02	-1.4553809482e-02	7.2039974660e-05	3.7423857197e-05
4.3600000000e+02	1.6821004664e-02	-1.4625892440e-02	7.2125910789e-05	3.7426476099e-05
4.3700000000e+02	1.6858432442e-02	-1.4698061239e-02	7.2211656021e-05	3.7429077290e-05
4.3800000000e+02	1.6895862812e-02	-1.4770315689e-02	7.2297211190e-05	3.7431660928e-05
4.3900000000e+02	1.6933295758e-02	-1.4842655599e-02	7.2382577122e-05	3.7434227171e-05
4.4000000000e+02	1.6970731261e-02	-1.4915080780e-02	7.2467754640e-05	3.7436776172e-05
4.4100000000e+02	1.7008169305e-02	-1.4987591046e-02	7.2552744558e-05	3.7439308087e-05
4.4200000000e+02	1.7045609872e-02	-1.5060186207e-02	7.2637547690e-05	3.7441823067e-05
4.4300000000e+02	1.7083052945e-02	-1.5132866079e-02	7.2722164840e-05	3.7444321261e-05
4.4400000000e+02	1.7120498509e-02	-1.5205630475e-02	7.2806596810e-05	3.7446802819e-05
4.4500000000e+02	1.7157946545e-02	-1.5278479211e-02	7.2890844396e-05	3.7449267888e-05
4.4600000000e+02	1.7195397039e-02	-1.5351412103e-02	7.2974908389e-05	3.7451716612e-05
4.4700000000e+02	1.7232849973e-02	-1.5424428967e-02	7.3058789575e-05	3.7454149135e-05
4.4800000000e+02	1.7270305332e-02	-1.5497529621e-02	7.3142488734e-05	3.7456565600e-05
4.4900000000e+02	1.7307763099e-02	-1.5570713884e-02	7.3226006644e-05	3.7458966148e-05
4.5000000000e+02	1.7345223259e-02	-1.5643981574e-02	7.3309344074e-05	3.7461350916e-05
4.5100000000e+02	1.7382685796e-02	-1.5717332512e-02	7.3392501791e-05	3.7463720043e-05
4.5200000000e+02	1.7420150694e-02	-1.5790766518e-02	7.3475480558e-05	3.7466073664e-05
4.5300000000e+02	1.7457617938e-02	-1.5864283414e-02	7.3558281130e-05	3.7468411915e-05
4.5400000000e+02	1.7495087513e-02	-1.5937883021e-02	7.3640904260e-05	3.7470734929e-05
4.5500000000e+02	1.7532559403e-02	-1.6011565164e-02	7.3723350695e-05	3.7473042836e-05
4.5600000000e+02	1.7570033593e-02	-1.6085329664e-02	7.3805621178e-05	3.7475335767e-05
4.5700000000e+02	1.7607510069e-02	-1.6159176347e-02	7.3887716448e-05	3.7477613852e-05
4.5800000000e+02	1.7644988816e-02	-1.6233105039e-02	7.3969637238e-05	3.7479877218e-05
4.5900000000e+02	1.7682469819e-02	-1.6307115564e-02	7.4051384276e-05	3.7482125990e-05
4.6000000000e+02	1.7719953063e-02	-1.6381207750e-02	7.4132958289e-05	3.7484360294e-05
4.6100000000e+02	1.7757438535e-02	-1.6455381423e-02	7.4214359995e-05	3.7486580253e-05
4.6200000000e+02	1.7794926219e-02	-1.6529636412e-02	7.4295590111e-05	3.7488785989e-05
4.6300000000e+02	1.7832416102e-02	-1.6603972546e-02	7.4376649349e-05	3.7490977624e-05
4.6400000000e+02	1.7869908170e-02	-1.6678389654e-02	7.4457538414e-05	3.7493155275e-05
4.6500000000e+02	1.7907402408e-02	-1.6752887567e-02	7.4538258010e-05	3.7495319063e-05
4.6600000000e+02	1.7944898803e-02	-1.6827466114e-02	7.4618808835e-05	3.7497469104e-05
4.6700000000e+02	1.7982397342e-02	-1.6902125128e-02	7.4699191584e-05	3.7499605514e-05
4.6800000000e+02	1.8019898010e-02	-1.6976864442e-02	7.4779406947e-05	3.7501728408e-05
4.6900000000e+02	1.8057400794e-02	-1.7051683887e-02	7.4859455609e-05	3.7503837898e-05
4.7000000000e+02	1.8094905681e-02	-1.7126583297e-02	7.4939338252e-05	3.7505934098e-05
4.7100000000e+02	1.8132412658e-02	-1.7201562508e-02	7.5019055554e-05	3.7508017117e-05
4.7200000000e+02	1.8169921711e-02	-1.7276621354e-02	7.5098608188e-05	3.7510087067e-05
4.7300000000e+02	1.8207432827e-02	-1.7351759670e-02	7.5177996823e-05	3.7512144057e-05
4.7400000000e+02	1.8244945995e-02	-1.7426977293e-02	7.5257222126e-05	3.7514188192e-05
4.7500000000e+02	1.8282461200e-02	-1.7502274060e-02	7.5336284757e-05	3.7516219581e-05
4.7600000000e+02	1.8319978430e-02	-1.7577649808e-02	7.5415185374e-05	3.7518238329e-05
4.7700000000e+02	1.8357497672e-02	-1.7653104377e-02	7.5493924631e-05	3.7520244539e-05
4.7800000000e+02	1.8395018915e-02	-1.7728637604e-02	7.5572503177e-05	3.7522238316e-05
4.7900000000e+02	1.8432542145e-02	-1.7804249330e-02	7.5650921659e-05	3.7524219762e-05
4.8000000000e+02	1.8470067350e-02	-1.7879939394e-02	7.5729180717e-05	3.7526188977e-05
4.8100000000e+02	1.8507594519e-02	-1.7955707638e-02	7.5807280991e-05	3.7528146062e-05
4.8200000000e+02	1.8545123638e-02	-1.8031553904e-02	7.5885223115e-05	3.7530091116e-05
4.8300000000e+02	1.8582654697e-02	-1.8107478032e-02	7.5963007720e-05	3.7532024238e-05
4.8400000000e+02	1.8620187683e-02	-1.8183479867e-02	7.6040635433e-05	3.7533945523e-05
4.8500000000e+02	1.8657722584e-02	-1.8259559251e-02	7.6118106876e-05	3.7535855069e-05
4.8600000000e+02	1.8695259389e-02	-1.8335716029e-02	7.6195422670e-05	3.7537752971e-05
4.8700000000e+02	1.8732798086e-02	-1.8411950045e-02	7.6272583430e-05	3.7539639323e-05
4.8800000000e+02	1.8770338664e-02	-1.8488261144e-02	7.6349589770e-05	3.7541514217e-05
4.8900000000e+02	1.8807881111e-02	-1.8564649173e-02	7.6426442297e-05	3.7543377747e-05
4.9000000000e+02	1.8845425415e-02	-1.8641113977e-02	7.6503141618e-05	3.7545230004e-05
4.9100000000e+02	1.8882971567e-02	-1.8717655405e-02	7.6579688334e-05	3.7547071078e-05
4.9200000000e+02	1.8920519554e-02	-1.8794273303e-02	7.6656083043e-05	3.7548901059e-05
4.9300000000e+02	1.8958069365e-02	-1.8870967521e-02	7.6732326341e-05	3.7550720036e-05
4.9400000000e+02	1.8995620990e-02	-1.8947737906e-02	7.6808418818e-05	3.7552528096e-05
4.9500000000e+02	1.9033174418e-02	-1.9024584308e-02	7.6884361063e-05	3.7554325327e-05
4.9600000000e+02	1.9070729637e-02	-1.9101506578e-02	7.6960153660e-05	3.7556111814e-05
4.9700000000e+02	1.9108286638e-02	-1.9178504566e-02	7.7035797191e-05	3.7557887642e-05
4.9800000000e+02	1.9145845409e-02	-1.9255578123e-02	7.7111292233e-05	3.7559652897e-05
4.9900000000e+02	1.9183405940e-02	-1.9332727101e-02	7.7186639362e-05	3.7561407662e-05
5.0000000000e+02	1.9220968221e-02	-1.9409951353e-02	7.7261839147e-05	3.7563152018e-05
5.0100000000e+02	1.9258532241e-02	-1.9487250730e-02	7.7336892159e-05	3.7564886049e-05
5.0200000000e+02	1.9296097990e-02	-1.9564625088e-02	7.7411798960e-05	3.7566609836e-05
5.0300000000e+02	1.9333665457e-02	-1.9642074280e-02	7.7486560113e-05	3.7568323458e-05
5.0400000000e+02	1.9371234633e-02	-1.9719598160e-02	7.7561176177e-05	3.7570026995e-05
5.0500000000e+02	1.9408805508e-02	-1.9797196584e-02	7.7635647707e-05	3.7571720527e-05
5.0600000000e+02	1.9446378071e-02	-1.9874869407e-02	7.7709975254e-05	3.7573404130e-05
5.0700000000e+02	1.9483952313e-02	-1.9952616487e-02	7.7784159368e-05	3.7575077883e-05
5.0800000000e+02	1.9521528224e-02	-2.0030437679e-02	7.7858200595e-05	3.7576741862e-05
5.0900000000e+02	1.9559105793e-02	-2.0108332840e-02	7.7932099477e-05	3.7578396142e-05
5.1000000000e+02	1.9596685013e-02	-2.0186301830e-02	7.8005856555e-05	3.7580040799e-05
5.1100000000e+02	1.9634265872e-02	-2.0264344506e-02	7.8079472364e-05	3.7581675907e-05
5.1200000000e+02	1.9671848361e-02	-2.0342460728e-02	7.8152947440e-05	3.7583301539e-05
5.1300000000e+02	1.9709432472e-02	-2.0420650355e-02	7.8226282313e-05	3.7584917768e-05
5.1400000000e+02	1.9747018194e-02	-2.0498913246e-02	7.8299477509e-05	3.7586524667e-05
5.1500000000e+02	1.9784605518e-02	-2.0577249263e-02	7.8372533556e-05	3.7588122308e-05
5.1600000000e+02	1.9822194435e-02	-2.0655658267e-02	7.8445450973e-05	3.7589710760e-05
5.1700000000e+02	1.9859784936e-02	-2.0734140119e-02	7.8518230282e-05	3.7591290094e-05
5.1800000000e+02	1.9897377012e-02	-2.0812694682e-02	7.8590871996e-05	3.7592860379e-05
5.1900000000e+02	1.9934970654e-02	-2.0891321817e-02	7.8663376631e-05	3.7594421685e-05
5.2000000000e+02	1.9972565853e-02	-2.0970021390e-02	7.8735744697e-05	3.7595974080e-05
5.2100000000e+02	2.0010162599e-02	-2.1048793262e-02	7.8807976700e-05	3.7597517630e-05
5.2200000000e+02	2.0047760885e-02	-2.1127637298e-02	7.8880073147e-05	3.7599052404e-05
5.2300000000e+02	2.0085360701e-02	-2.1206553363e-02	7.8952034539e-05	3.7600578466e-05
5.2400000000e+02	2.0122962039e-02	-2.1285541322e-02	7.9023861376e-05	3.7602095884e-05
5.2500000000e+02	2.0160564890e-02	-2.1364601041e-02	7.9095554154e-05	3.7603604721e-05
5.2600000000e+02	2.0198169246e-02	-2.1443732386e-02	7.9167113368e-05	3.7605105042e-05
5.2700000000e+02	2.0235775097e-02	-2.1522935223e-02	7.9238539508e-05	3.7606596912e-05
5.2800000000e+02	2.0273382437e-02	-2.1602209421e-02	7.9309833063e-05	3.7608080392e-05
5.2900000000e+02	2.0310991255e-02	-2.1681554845e-02	7.9380994520e-05	3.7609555547e-05
5.3000000000e+02	2.0348601545e-02	-2.1760971366e-02	7.9452024360e-05	3.7611022437e-05
5.3100000000e+02	2.0386213298e-02	-2.1840458850e-02	7.9522923066e-05	3.7612481125e-05
5.3200000000e+02	2.0423826505e-02	-2.1920017168e-02	7.9593691115e-05	3.7613931671e-05
5.3300000000e+02	2.0461441158e-02	-2.1999646189e-02	7.9664328982e-05	3.7615374136e-05
5.3400000000e+02	2.0499057250e-02	-2.2079345783e-02	7.9734837141e-05	3.7616808579e-05
5.3500000000e+02	2.0536674773e-02	-2.2159115820e-02	7.9805216062e-05	3.7618235060e-05
5.3600000000e+02	2.0574293718e-02	-2.2238956172e-02	7.9875466213e-05	3.7619653637e-05
5.3700000000e+02	2.0611914077e-02	-2.2318866710e-02	7.9945588059e-05	3.7621064369e-05
5.3800000000e+02	2.0649535844e-02	-2.2398847306e-02	8.0015582063e-05	3.7622467313e-05
5.3900000000e+02	2.0687159009e-02	-2.2478897832e-02	8.0085448685e-05	3.7623862526e-05
5.4000000000e+02	2.0724783566e-02	-2.2559018161e-02	8.0155188384e-05	3.7625250064e-05
5.4100000000e+02	2.0762409507e-02	-2.2639208166e-02	8.0224801614e-05	3.7626629985e-05
5.4200000000e+02	2.0800036824e-02	-2.2719467722e-02	8.0294288830e-05	3.7628002342e-05
5.4300000000e+02	2.0837665509e-02	-2.2799796702e-02	8.0363650481e-05	3.7629367192e-05
5.4400000000e+02	2.0875295556e-02	-2.2880194981e-02	8.0432887017e-05	3.7630724589e-05
5.4500000000e+02	2.0912926956e-02	-2.2960662435e-02	8.0501998882e-05	3.7632074587e-05
5.4600000000e+02	2.0950559702e-02	-2.3041198938e-02	8.0570986520e-05	3.7633417240e-05
5.4700000000e+02	2.0988193788e-02	-2.3121804366e-02	8.0639850374e-05	3.7634752600e-05
5.4800000000e+02	2.1025829205e-02	-2.3202478597e-02	8.0708590881e-05	3.7636080720e-05
5.4900000000e+02	2.1063465947e-02	-2.3283221507e-02	8.0777208478e-05	3.7637401653e-05
5.5000000000e+02	2.1101104006e-02	-2.3364032973e-02	8.0845703599e-05	3.7638715449e-05
5.5100000000e+02	2.1138743376e-02	-2.3444912874e-02	8.0914076677e-05	3.7640022161e-05
5.5200000000e+02	2.1176384048e-02	-2.3525861086e-02	8.0982328142e-05	3.7641321838e-05
5.5300000000e+02	2.1214026017e-02	-2.3606877490e-02	8.1050458420e-05	3.7642614532e-05
5.5400000000e+02	2.1251669275e-02	-2.3687961963e-02	8.1118467938e-05	3.7643900292e-05
5.5500000000e+02	2.1289313815e-02	-2.3769114385e-02	8.1186357118e-05	3.7645179167e-05
5.5600000000e+02	2.1326959631e-02	-2.3850334637e-02	8.1254126381e-05	3.7646451206e-05
5.5700000000e+02	2.1364606715e-02	-2.3931622598e-02	8.1321776147e-05	3.7647716459e-05
5.5800000000e+02	2.1402255062e-02	-2.4012978150e-02	8.1389306830e-05	3.7648974972e-05
5.5900000000e+02	2.1439904663e-02	-2.4094401172e-02	8.1456718847e-05	3.7650226794e-05
5.6000000000e+02	2.1477555513e-02	-2.4175891548e-02	8.1524012609e-05	3.7651471972e-05
5.6100000000e+02	2.1515207605e-02	-2.4257449158e-02	8.1591188526e-05	3.7652710553e-05
5.6200000000e+02	2.1552860932e-02	-2.4339073886e-02	8.1658247007e-05	3.7653942583e-05
5.6300000000e+02	2.1590515488e-02	-2.4420765613e-02	8.1725188457e-05	3.7655168108e-05
5.6400000000e+02	2.1628171266e-02	-2.4502524224e-02	8.1792013280e-05	3.7656387174e-05
5.6500000000e+02	2.1665828260e-02	-2.4584349601e-02	8.1858721878e-05	3.7657599826e-05
5.6600000000e+02	2.1703486464e-02	-2.4666241629e-02	8.1925314651e-05	3.7658806109e-05
5.6700000000e+02	2.1741145870e-02	-2.4748200192e-02	8.1991791997e-05	3.7660006067e-05
5.6800000000e+02	2.1778806474e-02	-2.4830225175e-02	8.2058154310e-05	3.7661199745e-05
5.6900000000e+02	2.1816468268e-02	-2.4912316462e-02	8.2124401986e-05	3.7662387185e-05
5.7000000000e+02	2.1854131246e-02	-2.4994473941e-02	8.2190535415e-05	3.7663568432e-05
5.7100000000e+02	2.1891795402e-02	-2.5076697495e-02	8.2256554987e-05	3.7664743528e-05
5.7200000000e+02	2.1929460731e-02	-2.5158987013e-02	8.2322461090e-05	3.7665912515e-05
5.7300000000e+02	2.1967127225e-02	-2.5241342380e-02	8.2388254110e-05	3.7667075437e-05
5.7400000000e+02	2.2004794880e-02	-2.5323763483e-02	8.2453934431e-05	3.7668232334e-05
5.7500000000e+02	2.2042463688e-02	-2.5406250211e-02	8.2519502433e-05	3.7669383249e-05
5.7600000000e+02	2.2080133644e-02	-2.5488802451e-02	8.2584958499e-05	3.7670528222e-05
5.7700000000e+02	2.2117804743e-02	-2.5571420091e-02	8.2650303004e-05	3.7671667293e-05
5.7800000000e+02	2.2155476977e-02	-2.5654103020e-02	8.2715536327e-05	3.7672800505e-05
5.7900000000e+02	2.2193150342e-02	-2.5736851127e-02	8.2780658840e-05	3.7673927895e-05
5.8000000000e+02	2.2230824831e-02	-2.5819664301e-02	8.2845670916e-05	3.7675049505e-05
5.8100000000e+02	2.2268500439e-02	-2.5902542432e-02	8.2910572927e-05	3.7676165374e-05
5.8200000000e+02	2.2306177160e-02	-2.5985485410e-02	8.2975365240e-05	3.7677275540e-05
5.8300000000e+02	2.2343854988e-02	-2.6068493126e-02	8.3040048223e-05	3.7678380042e-05
5.8400000000e+02	2.2381533918e-02	-2.6151565470e-02	8.3104622240e-05	3.7679478919e-05
5.8500000000e+02	2.2419213944e-02	-2.6234702334e-02	8.3169087655e-05	3.7680572209e-05
5.8600000000e+02	2.2456895060e-02	-2.6317903609e-02	8.3233444829e-05	3.7681659950e-05
5.8700000000e+02	2.2494577262e-02	-2.6401169188e-02	8.3297694122e-05	3.7682742178e-05
5.8800000000e+02	2.2532260543e-02	-2.6484498962e-02	8.3361835892e-05	3.7683818932e-05
5.8900000000e+02	2.2569944898e-02	-2.6567892824e-02	8.3425870496e-05	3.7684890247e-05
5.9000000000e+02	2.2607630322e-02	-2.6651350667e-02	8.3489798286e-05	3.7685956161e-05
5.9100000000e+02	2.2645316809e-02	-2.6734872385e-02	8.3553619617e-05	3.7687016709e-05
5.9200000000e+02	2.2683004353e-02	-2.6818457871e-02	8.3617334838e-05	3.7688071927e-05
5.9300000000e+02	2.2720692951e-02	-2.6902107019e-02	8.3680944300e-05	3.7689121852e-05
5.9400000000e+02	2.2758382595e-02	-2.6985819724e-02	8.3744448350e-05	3.7690166517e-05
5.9500000000e+02	2.2796073282e-02	-2.7069595881e-02	8.3807847333e-05	3.7691205960e-05
5.9600000000e+02	2.2833765005e-02	-2.7153435384e-02	8.3871141593e-05	3.7692240213e-05
5.9700000000e+02	2.2871457761e-02	-2.7237338129e-02	8.3934331474e-05	3.7693269311e-05
5.9800000000e+02	2.2909151542e-02	-2.7321304013e-02	8.3997417316e-05	3.7694293289e-05
5.9900000000e+02	2.2946846346e-02	-2.7405332930e-02	8.4060399458e-05	3.7695312180e-05
6.0000000000e+02	2.2984542165e-02	-2.7489424777e-02	8.4123278237e-05	3.7696326018e-05
6.0100000000e+02	2.3022238996e-02	-2.7573579452e-02	8.4186053989e-05	3.7697334837e-05
6.0200000000e+02	2.3059936833e-02	-2.7657796851e-02	8.4248727049e-05	3.7698338669e-05
6.0300000000e+02	2.3097635672e-02	-2.7742076872e-02	8.4311297750e-05	3.7699337546e-05
6.0400000000e+02	2.3135335506e-02	-2.7826419412e-02	8.4373766422e-05	3.7700331503e-05
6.0500000000e+02	2.3173036333e-02	-2.7910824371e-02	8.4436133394e-05	3.7701320570e-05
6.0600000000e+02	2.3210738146e-02	-2.7995291645e-02	8.4498398995e-05	3.7702304779e-05
6.0700000000e+02	2.3248440941e-02	-2.8079821135e-02	8.4560563552e-05	3.7703284163e-05
6.0800000000e+02	2.3286144713e-02	-2.8164412739e-02	8.4622627387e-05	3.7704258753e-05
6.0900000000e+02	2.3323849457e-02	-2.8249066356e-02	8.4684590826e-05	3.7705228580e-05
6.1000000000e+02	2.3361555168e-02	-2.8333781887e-02	8.4746454189e-05	3.7706193675e-05
6.1100000000e+02	2.3399261843e-02	-2.8418559231e-02	8.4808217797e-05	3.7707154068e-05
6.1200000000e+02	2.3436969475e-02	-2.8503398289e-02	8.4869881968e-05	3.7708109791e-05
6.1300000000e+02	2.3474678061e-02	-2.8588298962e-02	8.4931447019e-05	3.7709060872e-05
6.1400000000e+02	2.3512387595e-02	-2.8673261151e-02	8.4992913267e-05	3.7710007343e-05
6.1500000000e+02	2.3550098074e-02	-2.8758284756e-02	8.5054281024e-05	3.7710949233e-05
6.1600000000e+02	2.3587809492e-02	-2.8843369680e-02	8.5115550604e-05	3.7711886571e-05
6.1700000000e+02	2.3625521845e-02	-2.8928515825e-02	8.5176722318e-05	3.7712819387e-05
6.1800000000e+02	2.3663235129e-02	-2.9013723092e-02	8.5237796475e-05	3.7713747709e-05
6.1900000000e+02	2.3700949339e-02	-2.9098991385e-02	8.5298773384e-05	3.7714671566e-05
6.2000000000e+02	2.3738664471e-02	-2.9184320606e-02	8.5359653351e-05	3.7715590988e-05
6.2100000000e+02	2.3776380520e-02	-2.9269710660e-02	8.5420436682e-05	3.7716506001e-05
6.2200000000e+02	2.3814097482e-02	-2.9355161448e-02	8.5481123680e-05	3.7717416635e-05
6.2300000000e+02	2.3851815352e-02	-2.9440672875e-02	8.5541714649e-05	3.7718322917e-05
6.2400000000e+02	2.3889534126e-02	-2.9526244845e-02	8.5602209890e-05	3.7719224875e-05
6.2500000000e+02	2.3927253800e-02	-2.9611877263e-02	8.5662609701e-05	3.7720122536e-05
6.2600000000e+02	2.3964974370e-02	-2.9697570033e-02	8.5722914381e-05	3.7721015927e-05
6.2700000000e+02	2.4002695830e-02	-2.9783323060e-02	8.5783124227e-05	3.7721905076e-05
6.2800000000e+02	2.4040418178e-02	-2.9869136250e-02	8.5843239535e-05	3.7722790008e-05
6.2900000000e+02	2.4078141409e-02	-2.9955009508e-02	8.5903260599e-05	3.7723670752e-05
6.3000000000e+02	2.4115865518e-02	-3.0040942740e-02	8.5963187711e-05	3.7724547332e-05
6.3100000000e+02	2.4153590502e-02	-3.0126935852e-02	8.6023021164e-05	3.7725419776e-05
6.3200000000e+02	2.4191316357e-02	-3.0212988751e-02	8.6082761246e-05	3.7726288109e-05
6.3300000000e+02	2.4229043077e-02	-3.0299101343e-02	8.6142408247e-05	3.7727152357e-05
6.3400000000e+02	2.4266770660e-02	-3.0385273536e-02	8.6201962455e-05	3.7728012545e-05
6.3500000000e+02	2.4304499101e-02	-3.0471505237e-02	8.6261424155e-05	3.7728868699e-05
6.3600000000e+02	2.4342228396e-02	-3.0557796354e-02	8.6320793632e-05	3.7729720844e-05
6.3700000000e+02	2.4379958541e-02	-3.0644146794e-02	8.6380071170e-05	3.7730569005e-05
6.3800000000e+02	2.4417689533e-02	-3.0730556466e-02	8.6439257051e-05	3.7731413206e-05
6.3900000000e+02	2.4455421366e-02	-3.0817025278e-02	8.6498351556e-05	3.7732253473e-05
6.4000000000e+02	2.4493154038e-02	-3.0903553139e-02	8.6557354964e-05	3.7733089829e-05
6.4100000000e+02	2.4530887545e-02	-3.0990139957e-02	8.6616267554e-05	3.7733922300e-05
6.4200000000e+02	2.4568621882e-02	-3.1076785643e-02	8.6675089603e-05	3.7734750907e-05
6.4300000000e+02	2.4606357045e-02	-3.1163490106e-02	8.6733821387e-05	3.7735575677e-05
6.4400000000e+02	2.4644093032e-02	-3.1250253256e-02	8.6792463180e-05	3.7736396631e-05
6.4500000000e+02	2.4681829837e-02	-3.1337075003e-02	8.6851015256e-05	3.7737213795e-05
6.4600000000e+02	2.4719567458e-02	-3.1423955257e-02	8.6909477887e-05	3.7738027190e-05
6.4700000000e+02	2.4757305890e-02	-3.1510893929e-02	8.6967851344e-05	3.7738836840e-05
6.4800000000e+02	2.4795045131e-02	-3.1597890930e-02	8.7026135896e-05	3.7739642769e-05
6.4900000000e+02	2.4832785175e-02	-3.1684946171e-02	8.7084331812e-05	3.7740444998e-05
6.5000000000e+02	2.4870526019e-02	-3.1772059564e-02	8.7142439359e-05	3.7741243550e-05
6.5100000000e+02	2.4908267661e-02	-3.1859231021e-02	8.7200458804e-05	3.7742038448e-05
6.5200000000e+02	2.4946010095e-02	-3.1946460452e-02	8.7258390410e-05	3.7742829714e-05
6.5300000000e+02	2.4983753319e-02	-3.2033747772e-02	8.7316234443e-05	3.7743617370e-05
6.5400000000e+02	2.5021497329e-02	-3.2121092892e-02	8.7373991163e-05	3.7744401437e-05
6.5500000000e+02	2.5059242121e-02	-3.2208495725e-02	8.7431660834e-05	3.7745181938e-05
6.5600000000e+02	2.5096987691e-02	-3.2295956185e-02	8.7489243714e-05	3.7745958895e-05
6.5700000000e+02	2.5134734037e-02	-3.2383474184e-02	8.7546740063e-05	3.7746732328e-05
6.5800000000e+02	2.5172481155e-02	-3.2471049636e-02	8.7604150138e-05	3.7747502258e-05
6.5900000000e+02	2.5210229040e-02	-3.2558682456e-02	8.7661474198e-05	3.7748268708e-05
6.6000000000e+02	2.5247977691e-02	-3.2646372556e-02	8.7718712496e-05	3.7749031697e-05
6.6100000000e+02	2.5285727103e-02	-3.2734119852e-02	8.7775865287e-05	3.7749791247e-05
6.6200000000e+02	2.5323477272e-02	-3.2821924258e-02	8.7832932826e-05	3.7750547378e-05
6.6300000000e+02	2.5361228196e-02	-3.2909785689e-02	8.7889915363e-05	3.7751300111e-05
6.6400000000e+02	2.5398979871e-02	-3.2997704061e-02	8.7946813151e-05	3.7752049466e-05
6.6500000000e+02	2.5436732294e-02	-3.3085679288e-02	8.8003626439e-05	3.7752795462e-05
6.6600000000e+02	2.5474485461e-02	-3.3173711286e-02	8.8060355476e-05	3.7753538121e-05
6.6700000000e+02	2.5512239369e-02	-3.3261799971e-02	8.8117000510e-05	3.7754277462e-05
6.6800000000e+02	2.5549994015e-02	-3.3349945259e-02	8.8173561787e-05	3.7755013504e-05
6.6900000000e+02	2.5587749395e-02	-3.3438147066e-02	8.8230039554e-05	3.7755746268e-05
6.7000000000e+02	2.5625505507e-02	-3.3526405310e-02	8.8286434055e-05	3.7756475772e-05
6.7100000000e+02	2.5663262346e-02	-3.3614719907e-02	8.8342745533e-05	3.7757202036e-05
6.7200000000e+02	2.5701019910e-02	-3.3703090774e-02	8.8398974231e-05	3.7757925079e-05
6.7300000000e+02	2.5738778195e-02	-3.3791517828e-02	8.8455120390e-05	3.7758644920e-05
6.7400000000e+02	2.5776537198e-02	-3.3880000987e-02	8.8511184251e-05	3.7759361578e-05
6.7500000000e+02	2.5814296917e-02	-3.3968540169e-02	8.8567166053e-05	3.7760075072e-05
6.7600000000e+02	2.5852057347e-02	-3.4057135292e-02	8.8623066034e-05	3.7760785419e-05
6.7700000000e+02	2.5889818487e-02	-3.4145786274e-02	8.8678884432e-05	3.7761492640e-05
6.7800000000e+02	2.5927580332e-02	-3.4234493033e-02	8.8734621482e-05	3.7762196751e-05
6.7900000000e+02	2.5965342879e-02	-3.4323255490e-02	8.8790277421e-05	3.7762897771e-05
6.8000000000e+02	2.6003106126e-02	-3.4412073561e-02	8.8845852482e-05	3.7763595719e-05
6.8100000000e+02	2.6040870070e-02	-3.4500947168e-02	8.8901346898e-05	3.7764290611e-05
6.8200000000e+02	2.6078634706e-02	-3.4589876228e-02	8.8956760901e-05	3.7764982466e-05
6.8300000000e+02	2.6116400033e-02	-3.4678860663e-02	8.9012094724e-05	3.7765671302e-05
6.8400000000e+02	2.6154166048e-02	-3.4767900391e-02	8.9067348595e-05	3.7766357136e-05
6.8500000000e+02	2.6191932747e-02	-3.4856995333e-02	8.9122522745e-05	3.7767039985e-05
6.8600000000e+02	2.6229700127e-02	-3.4946145410e-02	8.9177617401e-05	3.7767719866e-05
6.8700000000e+02	2.6267468186e-02	-3.5035350542e-02	8.9232632791e-05	3.7768396798e-05
6.8800000000e+02	2.6305236920e-02	-3.5124610649e-02	8.9287569141e-05	3.7769070796e-05
6.8900000000e+02	2.6343006326e-02	-3.5213925654e-02	8.9342426676e-05	3.7769741878e-05
6.9000000000e+02	2.6380776402e-02	-3.5303295476e-02	8.9397205622e-05	3.7770410060e-05
6.9100000000e+02	2.6418547145e-02	-3.5392720039e-02	8.9451906200e-05	3.7771075360e-05
6.9200000000e+02	2.6456318552e-02	-3.5482199263e-02	8.9506528634e-05	3.7771737793e-05
6.9300000000e+02	2.6494090620e-02	-3.5571733070e-02	8.9561073146e-05	3.7772397376e-05
6.9400000000e+02	2.6531863346e-02	-3.5661321383e-02	8.9615539956e-05	3.7773054126e-05
6.9500000000e+02	2.6569636727e-02	-3.5750964124e-02	8.9669929283e-05	3.7773708058e-05
6.9600000000e+02	2.6607410761e-02	-3.5840661216e-02	8.9724241346e-05	3.7774359189e-05
6.9700000000e+02	2.6645185445e-02	-3.5930412581e-02	8.9778476364e-05	3.7775007534e-05
6.9800000000e+02	2.6682960775e-02	-3.6020218143e-02	8.9832634554e-05	3.7775653110e-05
6.9900000000e+02	2.6720736750e-02	-3.6110077825e-02	8.9886716130e-05	3.7776295932e-05
7.0000000000e+02	2.6758513366e-02	-3.6199991550e-02	8.9940721309e-05	3.7776936016e-05
7.0100000000e+02	2.6796290621e-02	-3.6289959242e-02	8.9994650304e-05	3.7777573377e-05
7.0200000000e+02	2.6834068512e-02	-3.6379980825e-02	9.0048503329e-05	3.7778208031e-05
7.0300000000e+02	2.6871847036e-02	-3.6470056224e-02	9.0102280597e-05	3.7778839992e-05
7.0400000000e+02	2.6909626191e-02	-3.6560185361e-02	9.0155982319e-05	3.7779469277e-05
7.0500000000e+02	2.6947405974e-02	-3.6650368163e-02	9.0209608705e-05	3.7780095901e-05
7.0600000000e+02	2.6985186382e-02	-3.6740604554e-02	9.0263159966e-05	3.7780719877e-05
7.0700000000e+02	2.7022967413e-02	-3.6830894458e-02	9.0316636310e-05	3.7781341222e-05
7.0800000000e+02	2.7060749064e-02	-3.6921237801e-02	9.0370037945e-05	3.7781959949e-05
7.0900000000e+02	2.7098531332e-02	-3.7011634509e-02	9.0423365079e-05	3.7782576074e-05
7.1000000000e+02	2.7136314215e-02	-3.7102084507e-02	9.0476617918e-05	3.7783189611e-05
7.1100000000e+02	2.7174097710e-02	-3.7192587720e-02	9.0529796667e-05	3.7783800574e-05
7.1200000000e+02	2.7211881815e-02	-3.7283144075e-02	9.0582901532e-05	3.7784408979e-05
7.1300000000e+02	2.7249666527e-02	-3.7373753499e-02	9.0635932715e-05	3.7785014838e-05
7.1400000000e+02	2.7287451844e-02	-3.7464415916e-02	9.0688890421e-05	3.7785618167e-05
7.1500000000e+02	2.7325237763e-02	-3.7555131255e-02	9.0741774850e-05	3.7786218979e-05
7.1600000000e+02	2.7363024281e-02	-3.7645899442e-02	9.0794586205e-05	3.7786817288e-05
7.1700000000e+02	2.7400811397e-02	-3.7736720403e-02	9.0847324686e-05	3.7787413109e-05
7.1800000000e+02	2.7438599107e-02	-3.7827594067e-02	9.0899990492e-05	3.7788006454e-05
7.1900000000e+02	2.7476387409e-02	-3.7918520360e-02	9.0952583823e-05	3.7788597338e-05
7.2000000000e+02	2.7514176300e-02	-3.8009499210e-02	9.1005104876e-05	3.7789185775e-05
7.2100000000e+02	2.7551965779e-02	-3.8100530546e-02	9.1057553849e-05	3.7789771776e-05
7.2200000000e+02	2.7589755843e-02	-3.8191614294e-02	9.1109930938e-05	3.7790355357e-05
7.2300000000e+02	2.7627546489e-02	-3.8282750384e-02	9.1162236339e-05	3.7790936531e-05
7.2400000000e+02	2.7665337715e-02	-3.8373938743e-02	9.1214470246e-05	3.7791515310e-05
7.2500000000e+02	2.7703129519e-02	-3.8465179300e-02	9.1266632855e-05	3.7792091707e-05
7.2600000000e+02	2.7740921898e-02	-3.8556471985e-02	9.1318724357e-05	3.7792665736e-05
7.2700000000e+02	2.7778714850e-02	-3.8647816726e-02	9.1370744946e-05	3.7793237410e-05
7.2800000000e+02	2.7816508372e-02	-3.8739213451e-02	9.1422694812e-05	3.7793806742e-05
7.2900000000e+02	2.7854302463e-02	-3.8830662092e-02	9.1474574148e-05	3.7794373743e-05
7.3000000000e+02	2.7892097119e-02	-3.8922162576e-02	9.1526383144e-05	3.7794938428e-05
7.3100000000e+02	2.7929892339e-02	-3.9013714835e-02	9.1578121988e-05	3.7795500808e-05
7.3200000000e+02	2.7967688120e-02	-3.9105318797e-02	9.1629790870e-05	3.7796060896e-05
7.3300000000e+02	2.8005484460e-02	-3.9196974393e-02	9.1681389976e-05	3.7796618705e-05
7.3400000000e+02	2.8043281356e-02	-3.9288681554e-02	9.1732919496e-05	3.7797174246e-05
7.3500000000e+02	2.8081078807e-02	-3.9380440209e-02	9.1784379614e-05	3.7797727533e-05
7.3600000000e+02	2.8118876811e-02	-3.9472250290e-02	9.1835770517e-05	3.7798278576e-05
7.3700000000e+02	2.8156675364e-02	-3.9564111727e-02	9.1887092389e-05	3.7798827390e-05
7.3800000000e+02	2.8194474465e-02	-3.9656024452e-02	9.1938345415e-05	3.7799373984e-05
7.3900000000e+02	2.8232274111e-02	-3.9747988395e-02	9.1989529778e-05	3.7799918372e-05
7.4000000000e+02	2.8270074301e-02	-3.9840003488e-02	9.2040645661e-05	3.7800460564e-05
7.4100000000e+02	2.8307875031e-02	-3.9932069663e-02	9.2091693245e-05	3.7801000574e-05
7.4200000000e+02	2.8345676301e-02	-4.0024186852e-02	9.2142672713e-05	3.7801538412e-05
7.4300000000e+02	2.8383478108e-02	-4.0116354986e-02	9.2193584245e-05	3.7802074091e-05
7.4400000000e+02	2.8421280449e-02	-4.0208573998e-02	9.2244428020e-05	3.7802607621e-05
7.4500000000e+02	2.8459083322e-02	-4.0300843820e-02	9.2295204217e-05	3.7803139014e-05
7.4600000000e+02	2.8496886726e-02	-4.0393164384e-02	9.2345913016e-05	3.7803668282e-05
7.4700000000e+02	2.8534690658e-02	-4.0485535623e-02	9.2396554593e-05	3.7804195435e-05
7.4800000000e+02	2.8572495116e-02	-4.0577957471e-02	9.2447129127e-05	3.7804720486e-05
7.4900000000e+02	2.8610300098e-02	-4.0670429859e-02	9.2497636792e-05	3.7805243445e-05
7.5000000000e+02	2.8648105602e-02	-4.0762952722e-02	9.2548077766e-05	3.7805764324e-05
7.5100000000e+02	2.8685911626e-02	-4.0855525993e-02	9.2598452222e-05	3.7806283132e-05
7.5200000000e+02	2.8723718168e-02	-4.0948149604e-02	9.2648760336e-05	3.7806799882e-05
7.5300000000e+02	2.8761525225e-02	-4.1040823491e-02	9.2699002280e-05	3.7807314584e-05
7.5400000000e+02	2.8799332796e-02	-4.1133547587e-02	9.2749178227e-05	3.7807827250e-05
7.5500000000e+02	2.8837140879e-02	-4.1226321826e-02	9.2799288351e-05	3.7808337888e-05
7.5600000000e+02	2.8874949471e-02	-4.1319146142e-02	9.2849332822e-05	3.7808846511e-05
7.5700000000e+02	2.8912758571e-02	-4.1412020470e-02	9.2899311811e-05	3.7809353129e-05
7.5800000000e+02	2.8950568177e-02	-4.1504944744e-02	9.2949225489e-05	3.7809857753e-05
7.5900000000e+02	2.8988378286e-02	-4.1597918899e-02	9.2999074025e-05	3.7810360392e-05
7.6000000000e+02	2.9026188897e-02	-4.1690942870e-02	9.3048857588e-05	3.7810861057e-05
7.6100000000e+02	2.9064000008e-02	-4.1784016592e-02	9.3098576347e-05	3.7811359759e-05
7.6200000000e+02	2.9101811616e-02	-4.1877140001e-02	9.3148230469e-05	3.7811856508e-05
7.6300000000e+02	2.9139623720e-02	-4.1970313032e-02	9.3197820121e-05	3.7812351314e-05
7.6400000000e+02	2.9177436318e-02	-4.2063535620e-02	9.3247345469e-05	3.7812844187e-05
7.6500000000e+02	2.9215249408e-02	-4.2156807701e-02	9.3296806679e-05	3.7813335137e-05
7.6600000000e+02	2.9253062988e-02	-4.2250129212e-02	9.3346203916e-05	3.7813824174e-05
7.6700000000e+02	2.9290877056e-02	-4.2343500088e-02	9.3395537345e-05	3.7814311308e-05
7.6800000000e+02	2.9328691610e-02	-4.2436920266e-02	9.3444807129e-05	3.7814796548e-05
7.6900000000e+02	2.9366506648e-02	-4.2530389681e-02	9.3494013432e-05	3.7815279906e-05
7.7000000000e+02	2.9404322169e-02	-4.2623908271e-02	9.3543156416e-05	3.7815761390e-05
7.7100000000e+02	2.9442138170e-02	-4.2717475973e-02	9.3592236243e-05	3.7816241010e-05
7.7200000000e+02	2.9479954650e-02	-4.2811092723e-02	9.3641253074e-05	3.7816718775e-05
7.7300000000e+02	2.9517771607e-02	-4.2904758458e-02	9.3690207070e-05	3.7817194696e-05
7.7400000000e+02	2.9555589039e-02	-4.2998473116e-02	9.3739098392e-05	3.7817668781e-05
7.7500000000e+02	2.9593406944e-02	-4.3092236634e-02	9.3787927198e-05	3.7818141041e-05
7.7600000000e+02	2.9631225320e-02	-4.3186048950e-02	9.3836693647e-05	3.7818611483e-05
7.7700000000e+02	2.9669044166e-02	-4.3279910001e-02	9.3885397898e-05	3.7819080119e-05
7.7800000000e+02	2.9706863480e-02	-4.3373819725e-02	9.3934040109e-05	3.7819546956e-05
7.7900000000e+02	2.9744683260e-02	-4.3467778060e-02	9.3982620436e-05	3.7820012005e-05
7.8000000000e+02	2.9782503504e-02	-4.3561784945e-02	9.4031139037e-05	3.7820475273e-05
7.8100000000e+02	2.9820324210e-02	-4.3655840318e-02	9.4079596066e-05	3.7820936771e-05
7.8200000000e+02	2.9858145376e-02	-4.3749944117e-02	9.4127991679e-05	3.7821396508e-05
7.8300000000e+02	2.9895967002e-02	-4.3844096281e-02	9.4176326032e-05	3.7821854491e-05
7.8400000000e+02	2.9933789085e-02	-4.3938296748e-02	9.4224599277e-05	3.7822310731e-05
7.8500000000e+02	2.9971611623e-02	-4.4032545459e-02	9.4272811569e-05	3.7822765235e-05
7.8600000000e+02	3.0009434615e-02	-4.4126842351e-02	9.4320963061e-05	3.7823218014e-05
7.8700000000e+02	3.0047258058e-02	-4.4221187365e-02	9.4369053905e-05	3.7823669075e-05
7.8800000000e+02	3.0085081952e-02	-4.4315580439e-02	9.4417084253e-05	3.7824118427e-05
7.8900000000e+02	3.0122906295e-02	-4.4410021513e-02	9.4465054256e-05	3.7824566078e-05
7.9000000000e+02	3.0160731084e-02	-4.4504510527e-02	9.4512964065e-05	3.7825012038e-05
7.9100000000e+02	3.0198556318e-02	-4.4599047421e-02	9.4560813830e-05	3.7825456315e-05
7.9200000000e+02	3.0236381996e-02	-4.4693632135e-02	9.4608603701e-05	3.7825898917e-05
7.9300000000e+02	3.0274208116e-02	-4.4788264609e-02	9.4656333826e-05	3.7826339853e-05
7.9400000000e+02	3.0312034675e-02	-4.4882944783e-02	9.4704004355e-05	3.7826779130e-05
7.9500000000e+02	3.0349861673e-02	-4.4977672598e-02	9.4751615435e-05	3.7827216758e-05
7.9600000000e+02	3.0387689108e-02	-4.5072447994e-02	9.4799167214e-05	3.7827652745e-05
7.9700000000e+02	3.0425516978e-02	-4.5167270912e-02	9.4846659838e-05	3.7828087098e-05
7.9800000000e+02	3.0463345282e-02	-4.5262141294e-02	9.4894093453e-05	3.7828519826e-05
7.9900000000e+02	3.0501174017e-02	-4.5357059080e-02	9.4941468207e-05	3.7828950937e-05
8.0000000000e+02	3.0539003183e-02	-4.5452024211e-02	9.4988784242e-05	3.7829380439e-05
8.0100000000e+02	3.0576832778e-02	-4.5547036629e-02	9.5036041706e-05	3.7829808340e-05
8.0200000000e+02	3.0614662799e-02	-4.5642096275e-02	9.5083240741e-05	3.7830234648e-05
8.0300000000e+02	3.0652493246e-02	-4.5737203091e-02	9.5130381491e-05	3.7830659370e-05
8.0400000000e+02	3.0690324117e-02	-4.5832357018e-02	9.5177464099e-05	3.7831082516e-05
8.0500000000e+02	3.0728155411e-02	-4.5927558000e-02	9.5224488709e-05	3.7831504091e-05
8.0600000000e+02	3.0765987125e-02	-4.6022805977e-02	9.5271455461e-05	3.7831924105e-05
8.0700000000e+02	3.0803819259e-02	-4.6118100891e-02	9.5318364498e-05	3.7832342565e-05
8.0800000000e+02	3.0841651810e-02	-4.6213442686e-02	9.5365215960e-05	3.7832759479e-05
8.0900000000e+02	3.0879484777e-02	-4.6308831304e-02	9.5412009989e-05	3.7833174853e-05
8.1000000000e+02	3.0917318159e-02	-4.6404266687e-02	9.5458746724e-05	3.7833588696e-05
8.1100000000e+02	3.0955151954e-02	-4.6499748778e-02	9.5505426304e-05	3.7834001016e-05
8.1200000000e+02	3.0992986160e-02	-4.6595277521e-02	9.5552048869e-05	3.7834411819e-05
8.1300000000e+02	3.1030820777e-02	-4.6690852857e-02	9.5598614556e-05	3.7834821113e-05
8.1400000000e+02	3.1068655802e-02	-4.6786474731e-02	9.5645123505e-05	3.7835228905e-05
8.1500000000e+02	3.1106491234e-02	-4.6882143085e-02	9.5691575852e-05	3.7835635204e-05
8.1600000000e+02	3.1144327072e-02	-4.6977857864e-02	9.5737971735e-05	3.7836040015e-05
8.1700000000e+02	3.1182163314e-02	-4.7073619010e-02	9.5784311290e-05	3.7836443347e-05
8.1800000000e+02	3.1219999958e-02	-4.7169426468e-02	9.5830594653e-05	3.7836845206e-05
8.1900000000e+02	3.1257837004e-02	-4.7265280181e-02	9.5876821959e-05	3.7837245600e-05
8.2000000000e+02	3.1295674449e-02	-4.7361180093e-02	9.5922993344e-05	3.7837644536e-05
8.2100000000e+02	3.1333512292e-02	-4.7457126149e-02	9.5969108942e-05	3.7838042020e-05
8.2200000000e+02	3.1371350533e-02	-4.7553118292e-02	9.6015168887e-05	3.7838438061e-05
8.2300000000e+02	3.1409189168e-02	-4.7649156468e-02	9.6061173312e-05	3.7838832664e-05
8.2400000000e+02	3.1447028197e-02	-4.7745240621e-02	9.6107122352e-05	3.7839225837e-05
8.2500000000e+02	3.1484867619e-02	-4.7841370694e-02	9.6153016138e-05	3.7839617586e-05
8.2600000000e+02	3.1522707432e-02	-4.7937546634e-02	9.6198854802e-05	3.7840007920e-05
8.2700000000e+02	3.1560547635e-02	-4.8033768386e-02	9.6244638477e-05	3.7840396843e-05
8.2800000000e+02	3.1598388225e-02	-4.8130035893e-02	9.6290367293e-05	3.7840784364e-05
8.2900000000e+02	3.1636229203e-02	-4.8226349102e-02	9.6336041381e-05	3.7841170488e-05
8.3000000000e+02	3.1674070566e-02	-4.8322707958e-02	9.6381660872e-05	3.7841555223e-05
8.3100000000e+02	3.1711912313e-02	-4.8419112406e-02	9.6427225895e-05	3.7841938575e-05
8.3200000000e+02	3.1749754443e-02	-4.8515562391e-02	9.6472736579e-05	3.7842320551e-05
8.3300000000e+02	3.1787596954e-02	-4.8612057861e-02	9.6518193054e-05	3.7842701158e-05
8.3400000000e+02	3.1825439844e-02	-4.8708598759e-02	9.6563595448e-05	3.7843080401e-05
8.3500000000e+02	3.1863283114e-02	-4.8805185034e-02	9.6608943889e-05	3.7843458288e-05
8.3600000000e+02	3.1901126761e-02	-4.8901816629e-02	9.6654238505e-05	3.7843834824e-05
8.3700000000e+02	3.1938970783e-02	-4.8998493493e-02	9.6699479421e-05	3.7844210017e-05
8.3800000000e+02	3.1976815180e-02	-4.9095215570e-02	9.6744666767e-05	3.7844583873e-05
8.3900000000e+02	3.2014659950e-02	-4.9191982808e-02	9.6789800666e-05	3.7844956397e-05
8.4000000000e+02	3.2052505093e-02	-4.9288795154e-02	9.6834881246e-05	3.7845327597e-05
8.4100000000e+02	3.2090350605e-02	-4.9385652553e-02	9.6879908631e-05	3.7845697478e-05
8.4200000000e+02	3.2128196487e-02	-4.9482554953e-02	9.6924882946e-05	3.7846066047e-05
8.4300000000e+02	3.2166042737e-02	-4.9579502301e-02	9.6969804316e-05	3.7846433311e-05
8.4400000000e+02	3.2203889353e-02	-4.9676494544e-02	9.7014672864e-05	3.7846799274e-05
8.4500000000e+02	3.2241736335e-02	-4.9773531630e-02	9.7059488715e-05	3.7847163944e-05
8.4600000000e+02	3.2279583681e-02	-4.9870613504e-02	9.7104251992e-05	3.7847527326e-05
8.4700000000e+02	3.2317431389e-02	-4.9967740116e-02	9.7148962816e-05	3.7847889426e-05
8.4800000000e+02	3.2355279459e-02	-5.0064911412e-02	9.7193621311e-05	3.7848250251e-05
8.4900000000e+02	3.2393127889e-02	-5.0162127341e-02	9.7238227598e-05	3.7848609806e-05
8.5000000000e+02	3.2430976678e-02	-5.0259387850e-02	9.7282781798e-05	3.7848968097e-05
8.5100000000e+02	3.2468825825e-02	-5.0356692888e-02	9.7327284034e-05	3.7849325131e-05
8.5200000000e+02	3.2506675328e-02	-5.0454042401e-02	9.7371734424e-05	3.7849680913e-05
8.5300000000e+02	3.2544525186e-02	-5.0551436339e-02	9.7416133090e-05	3.7850035449e-05
8.5400000000e+02	3.2582375399e-02	-5.0648874650e-02	9.7460480151e-05	3.7850388745e-05
8.5500000000e+02	3.2620225963e-02	-5.0746357282e-02	9.7504775726e-05	3.7850740806e-05
8.5600000000e+02	3.2658076880e-02	-5.0843884184e-02	9.7549019935e-05	3.7851091639e-05
8.5700000000e+02	3.2695928146e-02	-5.0941455305e-02	9.7593212895e-05	3.7851441248e-05
8.5800000000e+02	3.2733779762e-02	-5.1039070593e-02	9.7637354726e-05	3.7851789640e-05
8.5900000000e+02	3.2771631725e-02	-5.1136729998e-02	9.7681445545e-05	3.7852136821e-05
8.6000000000e+02	3.2809484035e-02	-5.1234433467e-02	9.7725485468e-05	3.7852482795e-05
8.6100000000e+02	3.2847336690e-02	-5.1332180952e-02	9.7769474613e-05	3.7852827569e-05
8.6200000000e+02	3.2885189690e-02	-5.1429972400e-02	9.7813413097e-05	3.7853171148e-05
8.6300000000e+02	3.2923043032e-02	-5.1527807761e-02	9.7857301035e-05	3.7853513537e-05
8.6400000000e+02	3.2960896717e-02	-5.1625686985e-02	9.7901138543e-05	3.7853854743e-05
8.6500000000e+02	3.2998750741e-02	-5.1723610021e-02	9.7944925737e-05	3.7854194770e-05
8.6600000000e+02	3.3036605106e-02	-5.1821576820e-02	9.7988662731e-05	3.7854533624e-05
8.6700000000e+02	3.3074459808e-02	-5.1919587330e-02	9.8032349640e-05	3.7854871310e-05
8.6800000000e+02	3.3112314848e-02	-5.2017641502e-02	9.8075986579e-05	3.7855207834e-05
8.6900000000e+02	3.3150170224e-02	-5.2115739286e-02	9.8119573659e-05	3.7855543200e-05
8.7000000000e+02	3.3188025934e-02	-5.2213880633e-02	9.8163110996e-05	3.7855877415e-05
8.7100000000e+02	3.3225881978e-02	-5.2312065492e-02	9.8206598703e-05	3.7856210484e-05
8.7200000000e+02	3.3263738355e-02	-5.2410293814e-02	9.8250036890e-05	3.7856542411e-05
8.7300000000e+02	3.3301595062e-02	-5.2508565549e-02	9.8293425672e-05	3.7856873202e-05
8.7400000000e+02	3.3339452101e-02	-5.2606880649e-02	9.8336765159e-05	3.7857202863e-05
8.7500000000e+02	3.3377309468e-02	-5.2705239063e-02	9.8380055464e-05	3.7857531397e-05
8.7600000000e+02	3.3415167163e-02	-5.2803640743e-02	9.8423296697e-05	3.7857858811e-05
8.7700000000e+02	3.3453025185e-02	-5.2902085640e-02	9.8466488968e-05	3.7858185109e-05
8.7800000000e+02	3.3490883533e-02	-5.3000573705e-02	9.8509632389e-05	3.7858510297e-05
8.7900000000e+02	3.3528742205e-02	-5.3099104889e-02	9.8552727069e-05	3.7858834380e-05
8.8000000000e+02	3.3566601201e-02	-5.3197679143e-02	9.8595773118e-05	3.7859157362e-05
8.8100000000e+02	3.3604460520e-02	-5.3296296419e-02	9.8638770645e-05	3.7859479248e-05
8.8200000000e+02	3.3642320159e-02	-5.3394956668e-02	9.8681719759e-05	3.7859800044e-05
8.8300000000e+02	3.3680180119e-02	-5.3493659842e-02	9.8724620568e-05	3.7860119755e-05
8.8400000000e+02	3.3718040399e-02	-5.3592405893e-02	9.8767473181e-05	3.7860438384e-05
8.8500000000e+02	3.3755900996e-02	-5.3691194773e-02	9.8810277704e-05	3.7860755938e-05
8.8600000000e+02	3.3793761910e-02	-5.3790026433e-02	9.8853034247e-05	3.7861072421e-05
8.8700000000e+02	3.3831623140e-02	-5.3888900825e-02	9.8895742915e-05	3.7861387838e-05
8.8800000000e+02	3.3869484685e-02	-5.3987817902e-02	9.8938403815e-05	3.7861702193e-05
8.8900000000e+02	3.3907346544e-02	-5.4086777617e-02	9.8981017054e-05	3.7862015491e-05
8.9000000000e+02	3.3945208716e-02	-5.4185779921e-02	9.9023582738e-05	3.7862327738e-05
8.9100000000e+02	3.3983071199e-02	-5.4284824767e-02	9.9066100972e-05	3.7862638937e-05
8.9200000000e+02	3.4020933994e-02	-5.4383912107e-02	9.9108571861e-05	3.7862949094e-05
8.9300000000e+02	3.4058797097e-02	-5.4483041895e-02	9.9150995512e-05	3.7863258212e-05
8.9400000000e+02	3.4096660510e-02	-5.4582214082e-02	9.9193372027e-05	3.7863566298e-05
8.9500000000e+02	3.4134524230e-02	-5.4681428623e-02	9.9235701511e-05	3.7863873354e-05
8.9600000000e+02	3.4172388256e-02	-5.4780685470e-02	9.9277984069e-05	3.7864179387e-05
8.9700000000e+02	3.4210252588e-02	-5.4879984575e-02	9.9320219803e-05	3.7864484400e-05
8.9800000000e+02	3.4248117224e-02	-5.4979325894e-02	9.9362408817e-05	3.7864788397e-05
8.9900000000e+02	3.4285982164e-02	-5.5078709378e-02	9.9404551215e-05	3.7865091385e-05
9.0000000000e+02	3.4323847407e-02	-5.5178134981e-02	9.9446647097e-05	3.7865393366e-05
9.0100000000e+02	3.4361712951e-02	-5.5277602656e-02	9.9488696567e-05	3.7865694345e-05
9.0200000000e+02	3.4399578795e-02	-5.5377112358e-02	9.9530699727e-05	3.7865994327e-05
9.0300000000e+02	3.4437444939e-02	-5.5476664040e-02	9.9572656677e-05	3.7866293317e-05
9.0400000000e+02	3.4475311382e-02	-5.5576257656e-02	9.9614567520e-05	3.7866591318e-05
9.0500000000e+02	3.4513178121e-02	-5.5675893160e-02	9.9656432355e-05	3.7866888334e-05
9.0600000000e+02	3.4551045158e-02	-5.5775570506e-02	9.9698251284e-05	3.7867184371e-05
9.0700000000e+02	3.4588912490e-02	-5.5875289647e-02	9.9740024407e-05	3.7867479433e-05
9.0800000000e+02	3.4626780116e-02	-5.5975050539e-02	9.9781751823e-05	3.7867773523e-05
9.0900000000e+02	3.4664648037e-02	-5.6074853136e-02	9.9823433633e-05	3.7868066646e-05
9.1000000000e+02	3.4702516249e-02	-5.6174697391e-02	9.9865069935e-05	3.7868358807e-05
9.1100000000e+02	3.4740384754e-02	-5.6274583260e-02	9.9906660828e-05	3.7868650009e-05
9.1200000000e+02	3.4778253549e-02	-5.6374510698e-02	9.9948206411e-05	3.7868940256e-05
9.1300000000e+02	3.4816122634e-02	-5.6474479658e-02	9.9989706782e-05	3.7869229554e-05
9.1400000000e+02	3.4853992008e-02	-5.6574490096e-02	1.0003116204e-04	3.7869517905e-05
9.1500000000e+02	3.4891861670e-02	-5.6674541967e-02	1.0007257228e-04	3.7869805314e-05
9.1600000000e+02	3.4929731618e-02	-5.6774635226e-02	1.0011393760e-04	3.7870091786e-05
9.1700000000e+02	3.4967601853e-02	-5.6874769828e-02	1.0015525810e-04	3.7870377324e-05
9.1800000000e+02	3.5005472373e-02	-5.6974945727e-02	1.0019653388e-04	3.7870661932e-05
9.1900000000e+02	3.5043343176e-02	-5.7075162880e-02	1.0023776502e-04	3.7870945614e-05
9.2000000000e+02	3.5081214263e-02	-5.7175421242e-02	1.0027895164e-04	3.7871228375e-05
9.2100000000e+02	3.5119085633e-02	-5.7275720769e-02	1.0032009381e-04	3.7871510218e-05
9.2200000000e+02	3.5156957284e-02	-5.7376061415e-02	1.0036119165e-04	3.7871791148e-05
9.2300000000e+02	3.5194829215e-02	-5.7476443137e-02	1.0040224524e-04	3.7872071167e-05
9.2400000000e+02	3.5232701426e-02	-5.7576865891e-02	1.0044325467e-04	3.7872350281e-05
9.2500000000e+02	3.5270573915e-02	-5.7677329632e-02	1.0048422005e-04	3.7872628493e-05
9.2600000000e+02	3.5308446682e-02	-5.7777834317e-02	1.0052514147e-04	3.7872905807e-05
9.2700000000e+02	3.5346319726e-02	-5.7878379900e-02	1.0056601901e-04	3.7873182226e-05
9.2800000000e+02	3.5384193046e-02	-5.7978966340e-02	1.0060685279e-04	3.7873457755e-05
9.2900000000e+02	3.5422066642e-02	-5.8079593591e-02	1.0064764288e-04	3.7873732398e-05
9.3000000000e+02	3.5459940511e-02	-5.8180261611e-02	1.0068838938e-04	3.7874006157e-05
9.3100000000e+02	3.5497814654e-02	-5.8280970356e-02	1.0072909238e-04	3.7874279038e-05
9.3200000000e+02	3.5535689069e-02	-5.8381719781e-02	1.0076975199e-04	3.7874551044e-05
9.3300000000e+02	3.5573563755e-02	-5.8482509845e-02	1.0081036828e-04	3.7874822178e-05
9.3400000000e+02	3.5611438713e-02	-5.8583340504e-02	1.0085094135e-04	3.7875092444e-05
9.3500000000e+02	3.5649313940e-02	-5.8684211714e-02	1.0089147129e-04	3.7875361846e-05
9.3600000000e+02	3.5687189436e-02	-5.8785123432e-02	1.0093195819e-04	3.7875630388e-05
9.3700000000e+02	3.5725065201e-02	-5.8886075616e-02	1.0097240215e-04	3.7875898073e-05
9.3800000000e+02	3.5762941232e-02	-5.8987068222e-02	1.0101280326e-04	3.7876164904e-05
9.3900000000e+02	3.5800817530e-02	-5.9088101208e-02	1.0105316160e-04	3.7876430887e-05
9.4000000000e+02	3.5838694094e-02	-5.9189174531e-02	1.0109347726e-04	3.7876696023e-05
9.4100000000e+02	3.5876570922e-02	-5.9290288148e-02	1.0113375034e-04	3.7876960317e-05
9.4200000000e+02	3.5914448014e-02	-5.9391442017e-02	1.0117398092e-04	3.7877223773e-05
9.4300000000e+02	3.5952325369e-02	-5.9492636096e-02	1.0121416910e-04	3.7877486393e-05
9.4400000000e+02	3.5990202986e-02	-5.9593870341e-02	1.0125431497e-04	3.7877748181e-05
9.4500000000e+02	3.6028080865e-02	-5.9695144712e-02	1.0129441860e-04	3.7878009141e-05
9.4600000000e+02	3.6065959004e-02	-5.9796459165e-02	1.0133448009e-04	3.7878269277e-05
9.4700000000e+02	3.6103837403e-02	-5.9897813658e-02	1.0137449954e-04	3.7878528591e-05
9.4800000000e+02	3.6141716061e-02	-5.9999208150e-02	1.0141447702e-04	3.7878787088e-05
9.4900000000e+02	3.6179594977e-02	-6.0100642598e-02	1.0145441262e-04	3.7879044770e-05
9.5000000000e+02	3.6217474151e-02	-6.0202116961e-02	1.0149430643e-04	3.7879301641e-05
9.5100000000e+02	3.6255353580e-02	-6.0303631197e-02	1.0153415855e-04	3.7879557705e-05
9.5200000000e+02	3.6293233266e-02	-6.0405185264e-02	1.0157396904e-04	3.7879812965e-05
9.5300000000e+02	3.6331113206e-02	-6.0506779121e-02	1.0161373801e-04	3.7880067423e-05
9.5400000000e+02	3.6368993400e-02	-6.0608412726e-02	1.0165346554e-04	3.7880321085e-05
9.5500000000e+02	3.6406873848e-02	-6.0710086039e-02	1.0169315171e-04	3.7880573952e-05
9.5600000000e+02	3.6444754548e-02	-6.0811799016e-02	1.0173279662e-04	3.7880826028e-05
9.5700000000e+02	3.6482635500e-02	-6.0913551618e-02	1.0177240033e-04	3.7881077317e-05
9.5800000000e+02	3.6520516702e-02	-6.1015343803e-02	1.0181196295e-04	3.7881327822e-05
9.5900000000e+02	3.6558398155e-02	-6.1117175530e-02	1.0185148455e-04	3.7881577545e-05
9.6000000000e+02	3.6596279857e-02	-6.1219046759e-02	1.0189096522e-04	3.7881826491e-05
9.6100000000e+02	3.6634161808e-02	-6.1320957447e-02	1.0193040505e-04	3.7882074662e-05
9.6200000000e+02	3.6672044006e-02	-6.1422907555e-02	1.0196980412e-04	3.7882322062e-05
9.6300000000e+02	3.6709926452e-02	-6.1524897042e-02	1.0200916251e-04	3.7882568694e-05
9.6400000000e+02	3.6747809143e-02	-6.1626925867e-02	1.0204848030e-04	3.7882814561e-05
9.6500000000e+02	3.6785692081e-02	-6.1728993989e-02	1.0208775758e-04	3.7883059666e-05
9.6600000000e+02	3.6823575262e-02	-6.1831101368e-02	1.0212699444e-04	3.7883304013e-05
9.6700000000e+02	3.6861458688e-02	-6.1933247964e-02	1.0216619095e-04	3.7883547604e-05
9.6800000000e+02	3.6899342357e-02	-6.2035433737e-02	1.0220534720e-04	3.7883790442e-05
9.6900000000e+02	3.6937226269e-02	-6.2137658645e-02	1.0224446328e-04	3.7884032531e-05
9.7000000000e+02	3.6975110422e-02	-6.2239922650e-02	1.0228353925e-04	3.7884273874e-05
9.7100000000e+02	3.7012994816e-02	-6.2342225710e-02	1.0232257521e-04	3.7884514474e-05
9.7200000000e+02	3.7050879451e-02	-6.2444567787e-02	1.0236157123e-04	3.7884754334e-05
9.7300000000e+02	3.7088764325e-02	-6.2546948840e-02	1.0240052740e-04	3.7884993456e-05
9.7400000000e+02	3.7126649438e-02	-6.2649368829e-02	1.0243944381e-04	3.7885231845e-05
9.7500000000e+02	3.7164534788e-02	-6.2751827714e-02	1.0247832052e-04	3.7885469502e-05
9.7600000000e+02	3.7202420376e-02	-6.2854325456e-02	1.0251715762e-04	3.7885706431e-05
9.7700000000e+02	3.7240306201e-02	-6.2956862016e-02	1.0255595519e-04	3.7885942635e-05
9.7800000000e+02	3.7278192261e-02	-6.3059437354e-02	1.0259471331e-04	3.7886178117e-05
9.7900000000e+02	3.7316078557e-02	-6.3162051430e-02	1.0263343206e-04	3.7886412880e-05
9.8000000000e+02	3.7353965087e-02	-6.3264704205e-02	1.0267211152e-04	3.7886646926e-05
9.8100000000e+02	3.7391851851e-02	-6.3367395640e-02	1.0271075177e-04	3.7886880259e-05
9.8200000000e+02	3.7429738847e-02	-6.3470125695e-02	1.0274935289e-04	3.7887112881e-05
9.8300000000e+02	3.7467626076e-02	-6.3572894332e-02	1.0278791496e-04	3.7887344796e-05
9.8400000000e+02	3.7505513537e-02	-6.3675701512e-02	1.0282643806e-04	3.7887576006e-05
9.8500000000e+02	3.7543401228e-02	-6.3778547195e-02	1.0286492226e-04	3.7887806514e-05
9.8600000000e+02	3.7581289149e-02	-6.3881431344e-02	1.0290336764e-04	3.7888036323e-05
9.8700000000e+02	3.7619177300e-02	-6.3984353918e-02	1.0294177428e-04	3.7888265435e-05
9.8800000000e+02	3.7657065680e-02	-6.4087314879e-02	1.0298014227e-04	3.7888493855e-05
9.8900000000e+02	3.7694954288e-02	-6.4190314190e-02	1.0301847167e-04	3.7888721583e-05
9.9000000000e+02	3.7732843123e-02	-6.4293351810e-02	1.0305676256e-04	3.7888948624e-05
9.9100000000e+02	3.7770732185e-02	-6.4396427702e-02	1.0309501502e-04	3.7889174979e-05
9.9200000000e+02	3.7808621473e-02	-6.4499541827e-02	1.0313322913e-04	3.7889400652e-05
9.9300000000e+02	3.7846510986e-02	-6.4602694147e-02	1.0317140497e-04	3.7889625646e-05
9.9400000000e+02	3.7884400724e-02	-6.4705884624e-02	1.0320954260e-04	3.7889849962e-05
9.9500000000e+02	3.7922290686e-02	-6.4809113220e-02	1.0324764212e-04	3.7890073605e-05
9.9600000000e+02	3.7960180871e-02	-6.4912379896e-02	1.0328570358e-04	3.7890296576e-05
9.9700000000e+02	3.7998071278e-02	-6.5015684614e-02	1.0332372707e-04	3.7890518878e-05
9.9800000000e+02	3.8035961908e-02	-6.5119027337e-02	1.0336171267e-04	3.7890740514e-05
9.9900000000e+02	3.8073852759e-02	-6.5222408027e-02	1.0339966045e-04	3.7890961486e-05
