# total modes from dos = 5.9999883190e+00
# ZPE = 4.9589570260e-03 Ry/cell
# Multiply by 13.6058 to have energies in eV/cell etc..
# Multiply by 13.6058 x 23060.35 = 313 754.5 to have energies in cal/(N mol).
# Multiply by 13.6058 x 96526.0 = 1 313 313 to have energies in J/(N mol).
# N is the number of formula units per cell.
#
# T (K) 	Evib (Ry/cell)	Fvib (Ry/cell)	Svib (Ry/cell/K)	Cvib (Ry/cell/K)
1.0000000000e+00	4.9589570381e-03	4.9589569628e-03	7.5317556822e-11	3.5260665814e-11
2.0000000000e+00	4.9589571450e-03	4.9589568598e-03	1.4263208895e-10	2.1458703932e-10
3.0000000000e+00	4.9589575628e-03	4.9589566456e-03	3.0575499405e-10	6.8067556103e-10
4.0000000000e+00	4.9589586498e-03	4.9589562005e-03	6.1232567214e-10	1.5768829695e-09
5.0000000000e+00	4.9589609080e-03	4.9589553571e-03	1.1101808557e-09	3.0475388874e-09
6.0000000000e+00	4.9589649850e-03	4.9589539003e-03	1.8474496226e-09	5.2387703742e-09
7.0000000000e+00	4.9589716755e-03	4.9589515662e-03	2.8727543400e-09	8.2999787414e-09
8.0000000000e+00	4.9589819265e-03	4.9589480423e-03	4.2355202216e-09	1.2386049717e-08
9.0000000000e+00	4.9589968437e-03	4.9589429658e-03	5.9864285052e-09	1.7660832317e-08
1.0000000000e+01	4.9590177037e-03	4.9589359226e-03	8.1781150249e-09	2.4303160467e-08
1.1000000000e+01	4.9590459735e-03	4.9589264442e-03	1.0866302466e-08	3.2517264378e-08
1.2000000000e+01	4.9590833433e-03	4.9589140043e-03	1.4111583255e-08	4.2548718749e-08
1.3000000000e+01	4.9591317782e-03	4.9588980127e-03	1.7981959809e-08	5.4704852955e-08
1.4000000000e+01	4.9591935903e-03	4.9588778060e-03	2.2556018717e-08	6.9376070682e-08
1.5000000000e+01	4.9592715311e-03	4.9588526355e-03	2.7926378465e-08	8.7053339847e-08
1.6000000000e+01	4.9593688981e-03	4.9588216514e-03	3.4202917631e-08	1.0833773362e-07
1.7000000000e+01	4.9594896447e-03	4.9587838846e-03	4.1515301651e-08	1.3393975792e-07
1.8000000000e+01	4.9596384856e-03	4.9587382255e-03	5.0014451140e-08	1.6466834271e-07
1.9000000000e+01	4.9598209855e-03	4.9586834029e-03	5.9872772269e-08	2.0141108564e-07
2.0000000000e+01	4.9600436257e-03	4.9586179628e-03	7.1283144189e-08	2.4510832071e-07
2.1000000000e+01	4.9603138417e-03	4.9585402490e-03	8.4456795443e-08	2.9672387411e-07
2.2000000000e+01	4.9606400324e-03	4.9584483860e-03	9.9620288218e-08	3.5721515724e-07
2.3000000000e+01	4.9610315388e-03	4.9583402658e-03	1.1701186890e-07	4.2750475443e-07
2.4000000000e+01	4.9614985964e-03	4.9582135377e-03	1.3687744573e-07	5.0845506780e-07
2.5000000000e+01	4.9620522639e-03	4.9580656031e-03	1.5946643176e-07	6.0084700382e-07
2.6000000000e+01	4.9627043330e-03	4.9578936140e-03	1.8502765436e-07	7.0536318833e-07
2.7000000000e+01	4.9634672237e-03	4.9576944755e-03	2.1380549019e-07	8.2257580415e-07
2.8000000000e+01	4.9643538695e-03	4.9574648519e-03	2.4603634177e-07	9.5293885895e-07
2.9000000000e+01	4.9653775970e-03	4.9572011765e-03	2.8194553302e-07	1.0967844986e-06
3.0000000000e+01	4.9665520040e-03	4.9568996640e-03	3.2174466758e-07	1.2543228664e-06
3.1000000000e+01	4.9678908386e-03	4.9565563251e-03	3.6562946613e-07	1.4256449537e-06
3.2000000000e+01	4.9694078821e-03	4.9561669836e-03	4.1377807753e-07	1.6107278783e-06
3.3000000000e+01	4.9711168392e-03	4.9557272944e-03	4.6634984256e-07	1.8094420459e-06
3.4000000000e+01	4.9730312350e-03	4.9552327627e-03	5.2348447797e-07	2.0215596938e-06
3.5000000000e+01	4.9751643218e-03	4.9546787643e-03	5.8530164090e-07	2.2467643679e-06
3.6000000000e+01	4.9775289951e-03	4.9540605652e-03	6.5190083037e-07	2.4846609422e-06
3.7000000000e+01	4.9801377204e-03	4.9533733419e-03	7.2336158036e-07	2.7347858534e-06
3.8000000000e+01	4.9830024695e-03	4.9526122013e-03	7.9974390006e-07	2.9966172796e-06
3.9000000000e+01	4.9861346675e-03	4.9517721997e-03	8.8108891824e-07	3.2695850466e-06
4.0000000000e+01	4.9895451491e-03	4.9508483614e-03	9.6741969168e-07	3.5530800960e-06
4.1000000000e+01	4.9932441240e-03	4.9498356963e-03	1.0587421410e-06	3.8464633926e-06
4.2000000000e+01	4.9972411518e-03	4.9487292164e-03	1.1550460806e-06	4.1490741857e-06
4.3000000000e+01	5.0015451234e-03	4.9475239518e-03	1.2563063142e-06	4.4602375716e-06
4.4000000000e+01	5.0061642504e-03	4.9462149646e-03	1.3624837692e-06	4.7792713300e-06
4.5000000000e+01	5.0111060616e-03	4.9447973624e-03	1.4735266499e-06	5.1054920294e-06
4.6000000000e+01	5.0163774036e-03	4.9432663105e-03	1.5893715898e-06	5.4382204131e-06
4.7000000000e+01	5.0219844481e-03	4.9416170430e-03	1.7099447885e-06	5.7767860896e-06
4.8000000000e+01	5.0279327022e-03	4.9398448725e-03	1.8351631203e-06	6.1205315616e-06
4.9000000000e+01	5.0342270238e-03	4.9379451988e-03	1.9649352056e-06	6.4688156348e-06
5.0000000000e+01	5.0408716388e-03	4.9359135169e-03	2.0991624370e-06	6.8210162500e-06
5.1000000000e+01	5.0478701614e-03	4.9337454237e-03	2.2377399540e-06	7.1765327880e-06
5.2000000000e+01	5.0552256169e-03	4.9314366236e-03	2.3805575640e-06	7.5347878934e-06
5.3000000000e+01	5.0629404655e-03	4.9289829334e-03	2.5275006055e-06	7.8952288665e-06
5.4000000000e+01	5.0710166273e-03	4.9263802867e-03	2.6784507529e-06	8.2573286692e-06
5.5000000000e+01	5.0794555086e-03	4.9236247366e-03	2.8332867634e-06	8.6205865898e-06
5.6000000000e+01	5.0882580282e-03	4.9207124590e-03	2.9918851651e-06	8.9845286092e-06
5.7000000000e+01	5.0974246445e-03	4.9176397538e-03	3.1541208886e-06	9.3487075064e-06
5.8000000000e+01	5.1069553817e-03	4.9144030468e-03	3.3198678438e-06	9.7127027421e-06
5.9000000000e+01	5.1168498571e-03	4.9109988899e-03	3.4889994431e-06	1.0076120151e-05
6.0000000000e+01	5.1271073064e-03	4.9074239619e-03	3.6613890749e-06	1.0438591477e-05
6.1000000000e+01	5.1377266101e-03	4.9036750678e-03	3.8369105283e-06	1.0799773773e-05
6.2000000000e+01	5.1487063179e-03	4.8997491387e-03	4.0154383735e-06	1.1159348695e-05
6.3000000000e+01	5.1600446732e-03	4.8956432304e-03	4.1968482987e-06	1.1517021713e-05
6.4000000000e+01	5.1717396366e-03	4.8913545224e-03	4.3810174086e-06	1.1872521252e-05
6.5000000000e+01	5.1837889078e-03	4.8868803163e-03	4.5678244852e-06	1.2225597782e-05
6.6000000000e+01	5.1961899481e-03	4.8822180339e-03	4.7571502148e-06	1.2576022883e-05
6.7000000000e+01	5.2089400001e-03	4.8773652154e-03	4.9488773841e-06	1.2923588275e-05
6.8000000000e+01	5.2220361082e-03	4.8723195170e-03	5.1428910465e-06	1.3268104849e-05
6.9000000000e+01	5.2354751364e-03	4.8670787087e-03	5.3390786626e-06	1.3609401689e-05
7.0000000000e+01	5.2492537869e-03	4.8616406717e-03	5.5373302165e-06	1.3947325103e-05
7.1000000000e+01	5.2633686162e-03	4.8560033961e-03	5.7375383106e-06	1.4281737670e-05
7.2000000000e+01	5.2778160511e-03	4.8501649779e-03	5.9395982393e-06	1.4612517302e-05
7.3000000000e+01	5.2925924037e-03	4.8441236164e-03	6.1434080463e-06	1.4939556328e-05
7.4000000000e+01	5.3076938854e-03	4.8378776116e-03	6.3488685648e-06	1.5262760610e-05
7.5000000000e+01	5.3231166194e-03	4.8314253612e-03	6.5558834438e-06	1.5582048682e-05
7.6000000000e+01	5.3388566540e-03	4.8247653578e-03	6.7643591609e-06	1.5897350925e-05
7.7000000000e+01	5.3549099730e-03	4.8178961861e-03	6.9742050246e-06	1.6208608774e-05
7.8000000000e+01	5.3712725072e-03	4.8108165203e-03	7.1853331653e-06	1.6515773956e-05
7.9000000000e+01	5.3879401437e-03	4.8035251208e-03	7.3976585184e-06	1.6818807765e-05
8.0000000000e+01	5.4049087356e-03	4.7960208317e-03	7.6110987989e-06	1.7117680369e-05
8.1000000000e+01	5.4221741101e-03	4.7883025781e-03	7.8255744696e-06	1.7412370159e-05
8.2000000000e+01	5.4397320769e-03	4.7803693632e-03	8.0410087029e-06	1.7702863118e-05
8.3000000000e+01	5.4575784350e-03	4.7722202659e-03	8.2573273385e-06	1.7989152236e-05
8.4000000000e+01	5.4757089798e-03	4.7638544376e-03	8.4744588355e-06	1.8271236955e-05
8.5000000000e+01	5.4941195092e-03	4.7552711003e-03	8.6923342220e-06	1.8549122638e-05
8.6000000000e+01	5.5128058290e-03	4.7464695434e-03	8.9108870413e-06	1.8822820079e-05
8.7000000000e+01	5.5317637584e-03	4.7374491218e-03	9.1300532952e-06	1.9092345037e-05
8.8000000000e+01	5.5509891349e-03	4.7282092529e-03	9.3497713866e-06	1.9357717799e-05
8.9000000000e+01	5.5704778181e-03	4.7187494148e-03	9.5699820590e-06	1.9618962771e-05
9.0000000000e+01	5.5902256939e-03	4.7090691436e-03	9.7906283363e-06	1.9876108096e-05
9.1000000000e+01	5.6102286782e-03	4.6991680312e-03	1.0011655461e-05	2.0129185294e-05
9.2000000000e+01	5.6304827199e-03	4.6890457233e-03	1.0233010833e-05	2.0378228931e-05
9.3000000000e+01	5.6509838039e-03	4.6787019170e-03	1.0454643946e-05	2.0623276303e-05
9.4000000000e+01	5.6717279537e-03	4.6681363590e-03	1.0676506326e-05	2.0864367150e-05
9.5000000000e+01	5.6927112333e-03	4.6573488434e-03	1.0898551473e-05	2.1101543381e-05
9.6000000000e+01	5.7139297501e-03	4.6463392100e-03	1.1120734793e-05	2.1334848828e-05
9.7000000000e+01	5.7353796559e-03	4.6351073421e-03	1.1343013545e-05	2.1564329008e-05
9.8000000000e+01	5.7570571487e-03	4.6236531648e-03	1.1565346775e-05	2.1790030912e-05
9.9000000000e+01	5.7789584744e-03	4.6119766434e-03	1.1787695262e-05	2.2012002800e-05
1.0000000000e+02	5.8010799274e-03	4.6000777817e-03	1.2010021457e-05	2.2230294021e-05
1.0100000000e+02	5.8234178523e-03	4.5879566200e-03	1.2232289429e-05	2.2444954837e-05
1.0200000000e+02	5.8459686440e-03	4.5756132337e-03	1.2454464806e-05	2.2656036269e-05
1.0300000000e+02	5.8687287489e-03	4.5630477322e-03	1.2676514725e-05	2.2863589949e-05
1.0400000000e+02	5.8916946653e-03	4.5502602566e-03	1.2898407776e-05	2.3067667991e-05
1.0500000000e+02	5.9148629438e-03	4.5372509789e-03	1.3120113951e-05	2.3268322861e-05
1.0600000000e+02	5.9382301875e-03	4.5240201005e-03	1.3341604594e-05	2.3465607272e-05
1.0700000000e+02	5.9617930525e-03	4.5105678507e-03	1.3562852353e-05	2.3659574076e-05
1.0800000000e+02	5.9855482475e-03	4.4968944855e-03	1.3783831129e-05	2.3850276171e-05
1.0900000000e+02	6.0094925342e-03	4.4830002864e-03	1.4004516034e-05	2.4037766413e-05
1.1000000000e+02	6.0336227272e-03	4.4688855593e-03	1.4224883345e-05	2.4222097543e-05
1.1100000000e+02	6.0579356938e-03	4.4545506332e-03	1.4444910456e-05	2.4403322110e-05
1.1200000000e+02	6.0824283534e-03	4.4399958590e-03	1.4664575843e-05	2.4581492409e-05
1.1300000000e+02	6.1070976778e-03	4.4252216089e-03	1.4883859017e-05	2.4756660421e-05
1.1400000000e+02	6.1319406907e-03	4.4102282749e-03	1.5102740489e-05	2.4928877763e-05
1.1500000000e+02	6.1569544669e-03	4.3950162680e-03	1.5321201729e-05	2.5098195637e-05
1.1600000000e+02	6.1821361324e-03	4.3795860174e-03	1.5539225129e-05	2.5264664791e-05
1.1700000000e+02	6.2074828636e-03	4.3639379693e-03	1.5756793969e-05	2.5428335479e-05
1.1800000000e+02	6.2329918871e-03	4.3480725863e-03	1.5973892380e-05	2.5589257425e-05
1.1900000000e+02	6.2586604786e-03	4.3319903463e-03	1.6190505313e-05	2.5747479800e-05
1.2000000000e+02	6.2844859630e-03	4.3156917422e-03	1.6406618507e-05	2.5903051187e-05
1.2100000000e+02	6.3104657133e-03	4.2991772804e-03	1.6622218454e-05	2.6056019565e-05
1.2200000000e+02	6.3365971503e-03	4.2824474807e-03	1.6837292374e-05	2.6206432286e-05
1.2300000000e+02	6.3628777416e-03	4.2655028751e-03	1.7051828183e-05	2.6354336058e-05
1.2400000000e+02	6.3893050014e-03	4.2483440075e-03	1.7265814467e-05	2.6499776933e-05
1.2500000000e+02	6.4158764896e-03	4.2309714329e-03	1.7479240454e-05	2.6642800289e-05
1.2600000000e+02	6.4425898111e-03	4.2133857167e-03	1.7692095987e-05	2.6783450828e-05
1.2700000000e+02	6.4694426150e-03	4.1955874343e-03	1.7904371502e-05	2.6921772563e-05
1.2800000000e+02	6.4964325944e-03	4.1775771701e-03	1.8116058003e-05	2.7057808812e-05
1.2900000000e+02	6.5235574850e-03	4.1593555174e-03	1.8327147036e-05	2.7191602196e-05
1.3000000000e+02	6.5508150651e-03	4.1409230778e-03	1.8537630672e-05	2.7323194635e-05
1.3100000000e+02	6.5782031544e-03	4.1222804604e-03	1.8747501481e-05	2.7452627347e-05
1.3200000000e+02	6.6057196134e-03	4.1034282814e-03	1.8956752515e-05	2.7579940848e-05
1.3300000000e+02	6.6333623430e-03	4.0843671641e-03	1.9165377285e-05	2.7705174951e-05
1.3400000000e+02	6.6611292833e-03	4.0650977376e-03	1.9373369743e-05	2.7828368772e-05
1.3500000000e+02	6.6890184133e-03	4.0456206372e-03	1.9580724267e-05	2.7949560730e-05
1.3600000000e+02	6.7170277500e-03	4.0259365035e-03	1.9787435636e-05	2.8068788552e-05
1.3700000000e+02	6.7451553480e-03	4.0060459820e-03	1.9993499022e-05	2.8186089277e-05
1.3800000000e+02	6.7733992983e-03	3.9859497229e-03	2.0198909967e-05	2.8301499263e-05
1.3900000000e+02	6.8017577282e-03	3.9656483809e-03	2.0403664369e-05	2.8415054191e-05
1.4000000000e+02	6.8302288000e-03	3.9451426143e-03	2.0607758470e-05	2.8526789076e-05
1.4100000000e+02	6.8588107111e-03	3.9244330852e-03	2.0811188836e-05	2.8636738266e-05
1.4200000000e+02	6.8875016926e-03	3.9035204589e-03	2.1013952350e-05	2.8744935459e-05
1.4300000000e+02	6.9163000090e-03	3.8824054037e-03	2.1216046191e-05	2.8851413703e-05
1.4400000000e+02	6.9452039578e-03	3.8610885906e-03	2.1417467828e-05	2.8956205409e-05
1.4500000000e+02	6.9742118683e-03	3.8395706929e-03	2.1618215003e-05	2.9059342359e-05
1.4600000000e+02	7.0033221013e-03	3.8178523861e-03	2.1818285721e-05	2.9160855713e-05
1.4700000000e+02	7.0325330487e-03	3.7959343475e-03	2.2017678239e-05	2.9260776019e-05
1.4800000000e+02	7.0618431324e-03	3.7738172562e-03	2.2216391055e-05	2.9359133224e-05
1.4900000000e+02	7.0912508039e-03	3.7515017924e-03	2.2414422896e-05	2.9455956678e-05
1.5000000000e+02	7.1207545441e-03	3.7289886377e-03	2.2611772709e-05	2.9551275151e-05
1.5100000000e+02	7.1503528620e-03	3.7062784746e-03	2.2808439651e-05	2.9645116836e-05
1.5200000000e+02	7.1800442947e-03	3.6833719863e-03	2.3004423082e-05	2.9737509362e-05
1.5300000000e+02	7.2098274067e-03	3.6602698564e-03	2.3199722550e-05	2.9828479805e-05
1.5400000000e+02	7.2397007891e-03	3.6369727692e-03	2.3394337791e-05	2.9918054692e-05
1.5500000000e+02	7.2696630595e-03	3.6134814090e-03	2.3588268713e-05	3.0006260017e-05
1.5600000000e+02	7.2997128611e-03	3.5897964599e-03	2.3781515392e-05	3.0093121247e-05
1.5700000000e+02	7.3298488623e-03	3.5659186062e-03	2.3974078064e-05	3.0178663331e-05
1.5800000000e+02	7.3600697562e-03	3.5418485316e-03	2.4165957118e-05	3.0262910716e-05
1.5900000000e+02	7.3903742602e-03	3.5175869196e-03	2.4357153085e-05	3.0345887345e-05
1.6000000000e+02	7.4207611151e-03	3.4931344529e-03	2.4547666639e-05	3.0427616680e-05
1.6100000000e+02	7.4512290854e-03	3.4684918136e-03	2.4737498583e-05	3.0508121699e-05
1.6200000000e+02	7.4817769580e-03	3.4436596827e-03	2.4926649847e-05	3.0587424915e-05
1.6300000000e+02	7.5124035420e-03	3.4186387404e-03	2.5115121482e-05	3.0665548378e-05
1.6400000000e+02	7.5431076687e-03	3.3934296659e-03	2.5302914651e-05	3.0742513690e-05
1.6500000000e+02	7.5738881904e-03	3.3680331369e-03	2.5490030627e-05	3.0818342010e-05
1.6600000000e+02	7.6047439806e-03	3.3424498299e-03	2.5676470787e-05	3.0893054063e-05
1.6700000000e+02	7.6356739332e-03	3.3166804201e-03	2.5862236606e-05	3.0966670152e-05
1.6800000000e+02	7.6666769622e-03	3.2907255809e-03	2.6047329650e-05	3.1039210165e-05
1.6900000000e+02	7.6977520013e-03	3.2645859845e-03	2.6231751579e-05	3.1110693580e-05
1.7000000000e+02	7.7288980035e-03	3.2382623009e-03	2.6415504133e-05	3.1181139479e-05
1.7100000000e+02	7.7601139407e-03	3.2117551987e-03	2.6598589134e-05	3.1250566553e-05
1.7200000000e+02	7.7913988031e-03	3.1850653445e-03	2.6781008480e-05	3.1318993113e-05
1.7300000000e+02	7.8227515994e-03	3.1581934030e-03	2.6962764141e-05	3.1386437092e-05
1.7400000000e+02	7.8541713557e-03	3.1311400368e-03	2.7143858154e-05	3.1452916060e-05
1.7500000000e+02	7.8856571156e-03	3.1039059065e-03	2.7324292623e-05	3.1518447228e-05
1.7600000000e+02	7.9172079398e-03	3.0764916707e-03	2.7504069711e-05	3.1583047456e-05
1.7700000000e+02	7.9488229057e-03	3.0488979855e-03	2.7683191640e-05	3.1646733259e-05
1.7800000000e+02	7.9805011069e-03	3.0211255050e-03	2.7861660685e-05	3.1709520819e-05
1.7900000000e+02	8.0122416532e-03	2.9931748810e-03	2.8039479174e-05	3.1771425986e-05
1.8000000000e+02	8.0440436699e-03	2.9650467627e-03	2.8216649484e-05	3.1832464292e-05
1.8100000000e+02	8.0759062979e-03	2.9367417973e-03	2.8393174037e-05	3.1892650949e-05
1.8200000000e+02	8.1078286929e-03	2.9082606291e-03	2.8569055296e-05	3.1952000866e-05
1.8300000000e+02	8.1398100256e-03	2.8796039003e-03	2.8744295767e-05	3.2010528647e-05
1.8400000000e+02	8.1718494809e-03	2.8507722503e-03	2.8918897993e-05	3.2068248603e-05
1.8500000000e+02	8.2039462582e-03	2.8217663162e-03	2.9092864552e-05	3.2125174755e-05
1.8600000000e+02	8.2360995704e-03	2.7925867322e-03	2.9266198055e-05	3.2181320843e-05
1.8700000000e+02	8.2683086444e-03	2.7632341302e-03	2.9438901145e-05	3.2236700330e-05
1.8800000000e+02	8.3005727200e-03	2.7337091392e-03	2.9610976494e-05	3.2291326408e-05
1.8900000000e+02	8.3328910503e-03	2.7040123856e-03	2.9782426798e-05	3.2345212007e-05
1.9000000000e+02	8.3652629014e-03	2.6741444930e-03	2.9953254781e-05	3.2398369796e-05
1.9100000000e+02	8.3976875515e-03	2.6441060825e-03	3.0123463188e-05	3.2450812192e-05
1.9200000000e+02	8.4301642914e-03	2.6138977722e-03	3.0293054787e-05	3.2502551364e-05
1.9300000000e+02	8.4626924238e-03	2.5835201776e-03	3.0462032364e-05	3.2553599241e-05
1.9400000000e+02	8.4952712633e-03	2.5529739113e-03	3.0630398722e-05	3.2603967512e-05
1.9500000000e+02	8.5279001361e-03	2.5222595830e-03	3.0798156683e-05	3.2653667636e-05
1.9600000000e+02	8.5605783796e-03	2.4913777997e-03	3.0965309081e-05	3.2702710846e-05
1.9700000000e+02	8.5933053425e-03	2.4603291657e-03	3.1131858765e-05	3.2751108153e-05
1.9800000000e+02	8.6260803842e-03	2.4291142822e-03	3.1297808596e-05	3.2798870348e-05
1.9900000000e+02	8.6589028750e-03	2.3977337475e-03	3.1463161445e-05	3.2846008015e-05
2.0000000000e+02	8.6917721955e-03	2.3661881573e-03	3.1627920191e-05	3.2892531527e-05
2.0100000000e+02	8.7246877367e-03	2.3344781042e-03	3.1792087724e-05	3.2938451055e-05
2.0200000000e+02	8.7576488996e-03	2.3026041780e-03	3.1955666939e-05	3.2983776570e-05
2.0300000000e+02	8.7906550951e-03	2.2705669655e-03	3.2118660737e-05	3.3028517851e-05
2.0400000000e+02	8.8237057438e-03	2.2383670507e-03	3.2281072025e-05	3.3072684485e-05
2.0500000000e+02	8.8568002757e-03	2.2060050146e-03	3.2442903713e-05	3.3116285875e-05
2.0600000000e+02	8.8899381302e-03	2.1734814355e-03	3.2604158712e-05	3.3159331239e-05
2.0700000000e+02	8.9231187558e-03	2.1407968885e-03	3.2764839939e-05	3.3201829619e-05
2.0800000000e+02	8.9563416101e-03	2.1079519459e-03	3.2924950309e-05	3.3243789883e-05
2.0900000000e+02	8.9896061591e-03	2.0749471771e-03	3.3084492737e-05	3.3285220727e-05
2.1000000000e+02	9.0229118779e-03	2.0417831487e-03	3.3243470139e-05	3.3326130682e-05
2.1100000000e+02	9.0562582497e-03	2.0084604242e-03	3.3401885429e-05	3.3366528114e-05
2.1200000000e+02	9.0896447660e-03	1.9749795643e-03	3.3559741518e-05	3.3406421231e-05
2.1300000000e+02	9.1230709267e-03	1.9413411266e-03	3.3717041315e-05	3.3445818084e-05
2.1400000000e+02	9.1565362394e-03	1.9075456661e-03	3.3873787726e-05	3.3484726571e-05
2.1500000000e+02	9.1900402196e-03	1.8735937347e-03	3.4029983651e-05	3.3523154440e-05
2.1600000000e+02	9.2235823906e-03	1.8394858814e-03	3.4185631987e-05	3.3561109293e-05
2.1700000000e+02	9.2571622830e-03	1.8052226523e-03	3.4340735626e-05	3.3598598588e-05
2.1800000000e+02	9.2907794350e-03	1.7708045907e-03	3.4495297451e-05	3.3635629645e-05
2.1900000000e+02	9.3244333920e-03	1.7362322370e-03	3.4649320342e-05	3.3672209645e-05
2.2000000000e+02	9.3581237063e-03	1.7015061287e-03	3.4802807171e-05	3.3708345633e-05
2.2100000000e+02	9.3918499375e-03	1.6666268004e-03	3.4955760802e-05	3.3744044525e-05
2.2200000000e+02	9.4256116519e-03	1.6315947839e-03	3.5108184090e-05	3.3779313108e-05
2.2300000000e+02	9.4594084225e-03	1.5964106081e-03	3.5260079886e-05	3.3814158041e-05
2.2400000000e+02	9.4932398290e-03	1.5610747990e-03	3.5411451027e-05	3.3848585863e-05
2.2500000000e+02	9.5271054574e-03	1.5255878799e-03	3.5562300344e-05	3.3882602990e-05
2.2600000000e+02	9.5610049002e-03	1.4899503713e-03	3.5712630659e-05	3.3916215718e-05
2.2700000000e+02	9.5949377561e-03	1.4541627907e-03	3.5862444781e-05	3.3949430232e-05
2.2800000000e+02	9.6289036299e-03	1.4182256529e-03	3.6011745513e-05	3.3982252599e-05
2.2900000000e+02	9.6629021325e-03	1.3821394699e-03	3.6160535645e-05	3.4014688778e-05
2.3000000000e+02	9.6969328807e-03	1.3459047509e-03	3.6308817956e-05	3.4046744619e-05
2.3100000000e+02	9.7309954969e-03	1.3095220023e-03	3.6456595215e-05	3.4078425864e-05
2.3200000000e+02	9.7650896094e-03	1.2729917279e-03	3.6603870179e-05	3.4109738152e-05
2.3300000000e+02	9.7992148521e-03	1.2363144285e-03	3.6750645595e-05	3.4140687020e-05
2.3400000000e+02	9.8333708642e-03	1.1994906023e-03	3.6896924196e-05	3.4171277906e-05
2.3500000000e+02	9.8675572903e-03	1.1625207448e-03	3.7042708705e-05	3.4201516148e-05
2.3600000000e+02	9.9017737807e-03	1.1254053487e-03	3.7188001830e-05	3.4231406989e-05
2.3700000000e+02	9.9360199902e-03	1.0881449040e-03	3.7332806271e-05	3.4260955580e-05
2.3800000000e+02	9.9702955794e-03	1.0507398981e-03	3.7477124711e-05	3.4290166977e-05
2.3900000000e+02	1.0004600213e-02	1.0131908157e-03	3.7620959823e-05	3.4319046148e-05
2.4000000000e+02	1.0038933563e-02	9.7549813870e-04	3.7764314266e-05	3.4347597973e-05
2.4100000000e+02	1.0073295302e-02	9.3766234649e-04	3.7907190686e-05	3.4375827245e-05
2.4200000000e+02	1.0107685111e-02	8.9968391579e-04	3.8049591716e-05	3.4403738672e-05
2.4300000000e+02	1.0142102675e-02	8.6156332065e-04	3.8191519976e-05	3.4431336878e-05
2.4400000000e+02	1.0176547682e-02	8.2330103256e-04	3.8332978072e-05	3.4458626410e-05
2.4500000000e+02	1.0211019826e-02	7.8489752037e-04	3.8473968595e-05	3.4485611730e-05
2.4600000000e+02	1.0245518806e-02	7.4635325036e-04	3.8614494127e-05	3.4512297226e-05
2.4700000000e+02	1.0280044322e-02	7.0766868626e-04	3.8754557231e-05	3.4538687207e-05
2.4800000000e+02	1.0314596083e-02	6.6884428919e-04	3.8894160458e-05	3.4564785910e-05
2.4900000000e+02	1.0349173798e-02	6.2988051778e-04	3.9033306347e-05	3.4590597495e-05
2.5000000000e+02	1.0383777183e-02	5.9077782810e-04	3.9171997422e-05	3.4616126054e-05
2.5100000000e+02	1.0418405957e-02	5.5153667371e-04	3.9310236190e-05	3.4641375604e-05
2.5200000000e+02	1.0453059843e-02	5.1215750566e-04	3.9448025148e-05	3.4666350098e-05
2.5300000000e+02	1.0487738567e-02	4.7264077252e-04	3.9585366777e-05	3.4691053416e-05
2.5400000000e+02	1.0522441861e-02	4.3298692039e-04	3.9722263545e-05	3.4715489377e-05
2.5500000000e+02	1.0557169458e-02	3.9319639290e-04	3.9858717903e-05	3.4739661730e-05
2.5600000000e+02	1.0591921098e-02	3.5326963124e-04	3.9994732290e-05	3.4763574164e-05
2.5700000000e+02	1.0626696521e-02	3.1320707417e-04	4.0130309132e-05	3.4787230304e-05
2.5800000000e+02	1.0661495474e-02	2.7300915803e-04	4.0265450837e-05	3.4810633712e-05
2.5900000000e+02	1.0696317705e-02	2.3267631674e-04	4.0400159802e-05	3.4833787894e-05
2.6000000000e+02	1.0731162968e-02	1.9220898188e-04	4.0534438407e-05	3.4856696293e-05
2.6100000000e+02	1.0766031017e-02	1.5160758259e-04	4.0668289021e-05	3.4879362296e-05
2.6200000000e+02	1.0800921613e-02	1.1087254571e-04	4.0801713996e-05	3.4901789234e-05
2.6300000000e+02	1.0835834517e-02	7.0004295701e-05	4.0934715670e-05	3.4923980382e-05
2.6400000000e+02	1.0870769496e-02	2.9003254697e-05	4.1067296368e-05	3.4945938959e-05
2.6500000000e+02	1.0905726318e-02	-1.2130157480e-05	4.1199458400e-05	3.4967668133e-05
2.6600000000e+02	1.0940704757e-02	-5.3395523312e-05	4.1331204060e-05	3.4989171018e-05
2.6700000000e+02	1.0975704586e-02	-9.4792427571e-05	4.1462535632e-05	3.5010450676e-05
2.6800000000e+02	1.1010725585e-02	-1.3632045730e-04	4.1593455381e-05	3.5031510122e-05
2.6900000000e+02	1.1045767534e-02	-1.7797920181e-04	4.1723965560e-05	3.5052352317e-05
2.7000000000e+02	1.1080830218e-02	-2.1976825265e-04	4.1854068409e-05	3.5072980177e-05
2.7100000000e+02	1.1115913424e-02	-2.6168720359e-04	4.1983766153e-05	3.5093396569e-05
2.7200000000e+02	1.1151016941e-02	-3.0373565065e-04	4.2113061001e-05	3.5113604314e-05
2.7300000000e+02	1.1186140564e-02	-3.4591319203e-04	4.2241955149e-05	3.5133606186e-05
2.7400000000e+02	1.1221284086e-02	-3.8821942811e-04	4.2370450782e-05	3.5153404914e-05
2.7500000000e+02	1.1256447307e-02	-4.3065396148e-04	4.2498550066e-05	3.5173003186e-05
2.7600000000e+02	1.1291630027e-02	-4.7321639685e-04	4.2626255157e-05	3.5192403642e-05
2.7700000000e+02	1.1326832049e-02	-5.1590634111e-04	4.2753568195e-05	3.5211608884e-05
2.7800000000e+02	1.1362053180e-02	-5.5872340326e-04	4.2880491307e-05	3.5230621470e-05
2.7900000000e+02	1.1397293229e-02	-6.0166719445e-04	4.3007026606e-05	3.5249443917e-05
2.8000000000e+02	1.1432552005e-02	-6.4473732790e-04	4.3133176190e-05	3.5268078703e-05
2.8100000000e+02	1.1467829324e-02	-6.8793341896e-04	4.3258942147e-05	3.5286528265e-05
2.8200000000e+02	1.1503125001e-02	-7.3125508501e-04	4.3384326546e-05	3.5304795005e-05
2.8300000000e+02	1.1538438854e-02	-7.7470194555e-04	4.3509331447e-05	3.5322881282e-05
2.8400000000e+02	1.1573770704e-02	-8.1827362209e-04	4.3633958895e-05	3.5340789422e-05
2.8500000000e+02	1.1609120374e-02	-8.6196973820e-04	4.3758210921e-05	3.5358521713e-05
2.8600000000e+02	1.1644487690e-02	-9.0578991946e-04	4.3882089543e-05	3.5376080405e-05
2.8700000000e+02	1.1679872478e-02	-9.4973379348e-04	4.4005596765e-05	3.5393467717e-05
2.8800000000e+02	1.1715274569e-02	-9.9380098986e-04	4.4128734579e-05	3.5410685831e-05
2.8900000000e+02	1.1750693794e-02	-1.0379911402e-03	4.4251504962e-05	3.5427736894e-05
2.9000000000e+02	1.1786129988e-02	-1.0823038780e-03	4.4373909881e-05	3.5444623022e-05
2.9100000000e+02	1.1821582986e-02	-1.1267388388e-03	4.4495951287e-05	3.5461346297e-05
2.9200000000e+02	1.1857052627e-02	-1.1712956600e-03	4.4617631118e-05	3.5477908770e-05
2.9300000000e+02	1.1892538750e-02	-1.2159739811e-03	4.4738951302e-05	3.5494312459e-05
2.9400000000e+02	1.1928041199e-02	-1.2607734434e-03	4.4859913750e-05	3.5510559351e-05
2.9500000000e+02	1.1963559817e-02	-1.3056936900e-03	4.4980520364e-05	3.5526651404e-05
2.9600000000e+02	1.1999094451e-02	-1.3507343661e-03	4.5100773031e-05	3.5542590546e-05
2.9700000000e+02	1.2034644948e-02	-1.3958951187e-03	4.5220673626e-05	3.5558378675e-05
2.9800000000e+02	1.2070211159e-02	-1.4411755966e-03	4.5340224011e-05	3.5574017659e-05
2.9900000000e+02	1.2105792934e-02	-1.4865754506e-03	4.5459426037e-05	3.5589509340e-05
3.0000000000e+02	1.2141390129e-02	-1.5320943332e-03	4.5578281540e-05	3.5604855531e-05
3.0100000000e+02	1.2177002598e-02	-1.5777318988e-03	4.5696792347e-05	3.5620058017e-05
3.0200000000e+02	1.2212630198e-02	-1.6234878036e-03	4.5814960269e-05	3.5635118559e-05
3.0300000000e+02	1.2248272788e-02	-1.6693617056e-03	4.5932787108e-05	3.5650038889e-05
3.0400000000e+02	1.2283930229e-02	-1.7153532647e-03	4.6050274651e-05	3.5664820712e-05
3.0500000000e+02	1.2319602384e-02	-1.7614621424e-03	4.6167424676e-05	3.5679465712e-05
3.0600000000e+02	1.2355289116e-02	-1.8076880021e-03	4.6284238947e-05	3.5693975544e-05
3.0700000000e+02	1.2390990290e-02	-1.8540305090e-03	4.6400719216e-05	3.5708351840e-05
3.0800000000e+02	1.2426705775e-02	-1.9004893298e-03	4.6516867224e-05	3.5722596207e-05
3.0900000000e+02	1.2462435439e-02	-1.9470641333e-03	4.6632684701e-05	3.5736710231e-05
3.1000000000e+02	1.2498179153e-02	-1.9937545896e-03	4.6748173363e-05	3.5750695471e-05
3.1100000000e+02	1.2533936788e-02	-2.0405603710e-03	4.6863334916e-05	3.5764553465e-05
3.1200000000e+02	1.2569708218e-02	-2.0874811510e-03	4.6978171054e-05	3.5778285729e-05
3.1300000000e+02	1.2605493318e-02	-2.1345166051e-03	4.7092683460e-05	3.5791893755e-05
3.1400000000e+02	1.2641291964e-02	-2.1816664105e-03	4.7206873806e-05	3.5805379016e-05
3.1500000000e+02	1.2677104035e-02	-2.2289302460e-03	4.7320743751e-05	3.5818742961e-05
3.1600000000e+02	1.2712929410e-02	-2.2763077918e-03	4.7434294944e-05	3.5831987019e-05
3.1700000000e+02	1.2748767970e-02	-2.3237987301e-03	4.7547529023e-05	3.5845112600e-05
3.1800000000e+02	1.2784619597e-02	-2.3714027447e-03	4.7660447614e-05	3.5858121090e-05
3.1900000000e+02	1.2820484174e-02	-2.4191195207e-03	4.7773052333e-05	3.5871013859e-05
3.2000000000e+02	1.2856361586e-02	-2.4669487453e-03	4.7885344786e-05	3.5883792254e-05
3.2100000000e+02	1.2892251720e-02	-2.5148901068e-03	4.7997326565e-05	3.5896457606e-05
3.2200000000e+02	1.2928154464e-02	-2.5629432954e-03	4.8108999253e-05	3.5909011224e-05
3.2300000000e+02	1.2964069706e-02	-2.6111080028e-03	4.8220364424e-05	3.5921454400e-05
3.2400000000e+02	1.2999997337e-02	-2.6593839222e-03	4.8331423638e-05	3.5933788408e-05
3.2500000000e+02	1.3035937247e-02	-2.7077707486e-03	4.8442178448e-05	3.5946014503e-05
3.2600000000e+02	1.3071889330e-02	-2.7562681782e-03	4.8552630393e-05	3.5958133923e-05
3.2700000000e+02	1.3107853480e-02	-2.8048759089e-03	4.8662781005e-05	3.5970147887e-05
3.2800000000e+02	1.3143829591e-02	-2.8535936402e-03	4.8772631803e-05	3.5982057599e-05
3.2900000000e+02	1.3179817560e-02	-2.9024210731e-03	4.8882184297e-05	3.5993864246e-05
3.3000000000e+02	1.3215817286e-02	-2.9513579099e-03	4.8991439986e-05	3.6005568996e-05
3.3100000000e+02	1.3251828665e-02	-3.0004038546e-03	4.9100400361e-05	3.6017173003e-05
3.3200000000e+02	1.3287851598e-02	-3.0495586127e-03	4.9209066901e-05	3.6028677405e-05
3.3300000000e+02	1.3323885987e-02	-3.0988218910e-03	4.9317441075e-05	3.6040083323e-05
3.3400000000e+02	1.3359931733e-02	-3.1481933979e-03	4.9425524342e-05	3.6051391863e-05
3.3500000000e+02	1.3395988739e-02	-3.1976728432e-03	4.9533318154e-05	3.6062604116e-05
3.3600000000e+02	1.3432056909e-02	-3.2472599382e-03	4.9640823950e-05	3.6073721157e-05
3.3700000000e+02	1.3468136149e-02	-3.2969543955e-03	4.9748043160e-05	3.6084744048e-05
3.3800000000e+02	1.3504226366e-02	-3.3467559294e-03	4.9854977206e-05	3.6095673835e-05
3.3900000000e+02	1.3540327466e-02	-3.3966642554e-03	4.9961627498e-05	3.6106511550e-05
3.4000000000e+02	1.3576439359e-02	-3.4466790903e-03	5.0067995439e-05	3.6117258211e-05
3.4100000000e+02	1.3612561953e-02	-3.4968001526e-03	5.0174082421e-05	3.6127914822e-05
3.4200000000e+02	1.3648695159e-02	-3.5470271619e-03	5.0279889827e-05	3.6138482375e-05
3.4300000000e+02	1.3684838888e-02	-3.5973598395e-03	5.0385419031e-05	3.6148961846e-05
3.4400000000e+02	1.3720993053e-02	-3.6477979077e-03	5.0490671399e-05	3.6159354199e-05
3.4500000000e+02	1.3757157568e-02	-3.6983410905e-03	5.0595648285e-05	3.6169660385e-05
3.4600000000e+02	1.3793332346e-02	-3.7489891129e-03	5.0700351037e-05	3.6179881343e-05
3.4700000000e+02	1.3829517302e-02	-3.7997417016e-03	5.0804780992e-05	3.6190017998e-05
3.4800000000e+02	1.3865712354e-02	-3.8505985844e-03	5.0908939478e-05	3.6200071263e-05
3.4900000000e+02	1.3901917417e-02	-3.9015594905e-03	5.1012827817e-05	3.6210042041e-05
3.5000000000e+02	1.3938132411e-02	-3.9526241504e-03	5.1116447318e-05	3.6219931219e-05
3.5100000000e+02	1.3974357253e-02	-4.0037922960e-03	5.1219799285e-05	3.6229739676e-05
3.5200000000e+02	1.4010591864e-02	-4.0550636603e-03	5.1322885011e-05	3.6239468277e-05
3.5300000000e+02	1.4046836163e-02	-4.1064379777e-03	5.1425705782e-05	3.6249117876e-05
3.5400000000e+02	1.4083090073e-02	-4.1579149839e-03	5.1528262874e-05	3.6258689317e-05
3.5500000000e+02	1.4119353516e-02	-4.2094944160e-03	5.1630557555e-05	3.6268183431e-05
3.5600000000e+02	1.4155626415e-02	-4.2611760120e-03	5.1732591086e-05	3.6277601040e-05
3.5700000000e+02	1.4191908693e-02	-4.3129595115e-03	5.1834364718e-05	3.6286942954e-05
3.5800000000e+02	1.4228200276e-02	-4.3648446552e-03	5.1935879695e-05	3.6296209972e-05
3.5900000000e+02	1.4264501088e-02	-4.4168311851e-03	5.2037137251e-05	3.6305402885e-05
3.6000000000e+02	1.4300811057e-02	-4.4689188443e-03	5.2138138615e-05	3.6314522471e-05
3.6100000000e+02	1.4337130109e-02	-4.5211073773e-03	5.2238885004e-05	3.6323569499e-05
3.6200000000e+02	1.4373458172e-02	-4.5733965297e-03	5.2339377629e-05	3.6332544728e-05
3.6300000000e+02	1.4409795175e-02	-4.6257860484e-03	5.2439617695e-05	3.6341448909e-05
3.6400000000e+02	1.4446141046e-02	-4.6782756813e-03	5.2539606395e-05	3.6350282780e-05
3.6500000000e+02	1.4482495717e-02	-4.7308651778e-03	5.2639344917e-05	3.6359047071e-05
3.6600000000e+02	1.4518859118e-02	-4.7835542882e-03	5.2738834442e-05	3.6367742504e-05
3.6700000000e+02	1.4555231179e-02	-4.8363427641e-03	5.2838076140e-05	3.6376369790e-05
3.6800000000e+02	1.4591611835e-02	-4.8892303582e-03	5.2937071176e-05	3.6384929632e-05
3.6900000000e+02	1.4628001016e-02	-4.9422168246e-03	5.3035820707e-05	3.6393422723e-05
3.7000000000e+02	1.4664398658e-02	-4.9953019182e-03	5.3134325882e-05	3.6401849748e-05
3.7100000000e+02	1.4700804694e-02	-5.0484853953e-03	5.3232587842e-05	3.6410211384e-05
3.7200000000e+02	1.4737219059e-02	-5.1017670132e-03	5.3330607722e-05	3.6418508298e-05
3.7300000000e+02	1.4773641689e-02	-5.1551465304e-03	5.3428386648e-05	3.6426741149e-05
3.7400000000e+02	1.4810072520e-02	-5.2086237065e-03	5.3525925741e-05	3.6434910589e-05
3.7500000000e+02	1.4846511490e-02	-5.2621983023e-03	5.3623226112e-05	3.6443017260e-05
3.7600000000e+02	1.4882958534e-02	-5.3158700796e-03	5.3720288867e-05	3.6451061797e-05
3.7700000000e+02	1.4919413593e-02	-5.3696388012e-03	5.3817115103e-05	3.6459044826e-05
3.7800000000e+02	1.4955876604e-02	-5.4235042313e-03	5.3913705912e-05	3.6466966968e-05
3.7900000000e+02	1.4992347507e-02	-5.4774661349e-03	5.4010062378e-05	3.6474828833e-05
3.8000000000e+02	1.5028826241e-02	-5.5315242783e-03	5.4106185578e-05	3.6482631025e-05
3.8100000000e+02	1.5065312749e-02	-5.5856784287e-03	5.4202076582e-05	3.6490374140e-05
3.8200000000e+02	1.5101806970e-02	-5.6399283544e-03	5.4297736452e-05	3.6498058768e-05
3.8300000000e+02	1.5138308847e-02	-5.6942738249e-03	5.4393166245e-05	3.6505685490e-05
3.8400000000e+02	1.5174818322e-02	-5.7487146106e-03	5.4488367012e-05	3.6513254881e-05
3.8500000000e+02	1.5211335338e-02	-5.8032504829e-03	5.4583339794e-05	3.6520767508e-05
3.8600000000e+02	1.5247859838e-02	-5.8578812145e-03	5.4678085629e-05	3.6528223932e-05
3.8700000000e+02	1.5284391767e-02	-5.9126065789e-03	5.4772605546e-05	3.6535624707e-05
3.8800000000e+02	1.5320931069e-02	-5.9674263506e-03	5.4866900567e-05	3.6542970380e-05
3.8900000000e+02	1.5357477690e-02	-6.0223403054e-03	5.4960971710e-05	3.6550261491e-05
3.9000000000e+02	1.5394031574e-02	-6.0773482198e-03	5.5054819985e-05	3.6557498575e-05
3.9100000000e+02	1.5430592669e-02	-6.1324498714e-03	5.5148446395e-05	3.6564682158e-05
3.9200000000e+02	1.5467160921e-02	-6.1876450389e-03	5.5241851939e-05	3.6571812762e-05
3.9300000000e+02	1.5503736277e-02	-6.2429335020e-03	5.5335037606e-05	3.6578890901e-05
3.9400000000e+02	1.5540318686e-02	-6.2983150412e-03	5.5428004382e-05	3.6585917085e-05
3.9500000000e+02	1.5576908094e-02	-6.3537894381e-03	5.5520753246e-05	3.6592891815e-05
3.9600000000e+02	1.5613504452e-02	-6.4093564753e-03	5.5613285170e-05	3.6599815589e-05
3.9700000000e+02	1.5650107709e-02	-6.4650159364e-03	5.5705601121e-05	3.6606688896e-05
3.9800000000e+02	1.5686717813e-02	-6.5207676059e-03	5.5797702058e-05	3.6613512223e-05
3.9900000000e+02	1.5723334717e-02	-6.5766112692e-03	5.5889588937e-05	3.6620286047e-05
4.0000000000e+02	1.5759958369e-02	-6.6325467128e-03	5.5981262704e-05	3.6627010842e-05
4.0100000000e+02	1.5796588722e-02	-6.6885737239e-03	5.6072724304e-05	3.6633687076e-05
4.0200000000e+02	1.5833225727e-02	-6.7446920910e-03	5.6163974672e-05	3.6640315211e-05
4.0300000000e+02	1.5869869337e-02	-6.8009016031e-03	5.6255014739e-05	3.6646895704e-05
4.0400000000e+02	1.5906519503e-02	-6.8572020506e-03	5.6345845429e-05	3.6653429007e-05
4.0500000000e+02	1.5943176179e-02	-6.9135932245e-03	5.6436467663e-05	3.6659915566e-05
4.0600000000e+02	1.5979839319e-02	-6.9700749168e-03	5.6526882353e-05	3.6666355821e-05
4.0700000000e+02	1.6016508875e-02	-7.0266469203e-03	5.6617090407e-05	3.6672750208e-05
4.0800000000e+02	1.6053184804e-02	-7.0833090290e-03	5.6707092727e-05	3.6679099159e-05
4.0900000000e+02	1.6089867059e-02	-7.1400610375e-03	5.6796890211e-05	3.6685403099e-05
4.1000000000e+02	1.6126555595e-02	-7.1969027415e-03	5.6886483748e-05	3.6691662449e-05
4.1100000000e+02	1.6163250369e-02	-7.2538339373e-03	5.6975874224e-05	3.6697877624e-05
4.1200000000e+02	1.6199951336e-02	-7.3108544225e-03	5.7065062520e-05	3.6704049037e-05
4.1300000000e+02	1.6236658452e-02	-7.3679639953e-03	5.7154049510e-05	3.6710177093e-05
4.1400000000e+02	1.6273371676e-02	-7.4251624547e-03	5.7242836064e-05	3.6716262194e-05
4.1500000000e+02	1.6310090963e-02	-7.4824496009e-03	5.7331423045e-05	3.6722304737e-05
4.1600000000e+02	1.6346816271e-02	-7.5398252346e-03	5.7419811312e-05	3.6728305116e-05
4.1700000000e+02	1.6383547559e-02	-7.5972891575e-03	5.7508001718e-05	3.6734263718e-05
4.1800000000e+02	1.6420284785e-02	-7.6548411723e-03	5.7595995113e-05	3.6740180926e-05
4.1900000000e+02	1.6457027907e-02	-7.7124810824e-03	5.7683792338e-05	3.6746057121e-05
4.2000000000e+02	1.6493776885e-02	-7.7702086919e-03	5.7771394232e-05	3.6751892677e-05
4.2100000000e+02	1.6530531679e-02	-7.8280238060e-03	5.7858801627e-05	3.6757687966e-05
4.2200000000e+02	1.6567292248e-02	-7.8859262306e-03	5.7946015352e-05	3.6763443353e-05
4.2300000000e+02	1.6604058553e-02	-7.9439157724e-03	5.8033036229e-05	3.6769159202e-05
4.2400000000e+02	1.6640830553e-02	-8.0019922390e-03	5.8119865076e-05	3.6774835870e-05
4.2500000000e+02	1.6677608211e-02	-8.0601554388e-03	5.8206502706e-05	3.6780473713e-05
4.2600000000e+02	1.6714391488e-02	-8.1184051810e-03	5.8292949927e-05	3.6786073081e-05
4.2700000000e+02	1.6751180345e-02	-8.1767412755e-03	5.8379207542e-05	3.6791634320e-05
4.2800000000e+02	1.6787974744e-02	-8.2351635331e-03	5.8465276349e-05	3.6797157772e-05
4.2900000000e+02	1.6824774648e-02	-8.2936717655e-03	5.8551157141e-05	3.6802643778e-05
4.3000000000e+02	1.6861580019e-02	-8.3522657850e-03	5.8636850708e-05	3.6808092672e-05
4.3100000000e+02	1.6898390821e-02	-8.4109454048e-03	5.8722357832e-05	3.6813504785e-05
4.3200000000e+02	1.6935207017e-02	-8.4697104388e-03	5.8807679295e-05	3.6818880445e-05
4.3300000000e+02	1.6972028570e-02	-8.5285607017e-03	5.8892815870e-05	3.6824219977e-05
4.3400000000e+02	1.7008855445e-02	-8.5874960092e-03	5.8977768327e-05	3.6829523700e-05
4.3500000000e+02	1.7045687605e-02	-8.6465161773e-03	5.9062537431e-05	3.6834791932e-05
4.3600000000e+02	1.7082525017e-02	-8.7056210232e-03	5.9147123945e-05	3.6840024987e-05
4.3700000000e+02	1.7119367644e-02	-8.7648103646e-03	5.9231528623e-05	3.6845223175e-05
4.3800000000e+02	1.7156215452e-02	-8.8240840200e-03	5.9315752218e-05	3.6850386801e-05
4.3900000000e+02	1.7193068406e-02	-8.8834418089e-03	5.9399795478e-05	3.6855516171e-05
4.4000000000e+02	1.7229926473e-02	-8.9428835511e-03	5.9483659145e-05	3.6860611584e-05
4.4100000000e+02	1.7266789618e-02	-9.0024090676e-03	5.9567343958e-05	3.6865673336e-05
4.4200000000e+02	1.7303657808e-02	-9.0620181797e-03	5.9650850651e-05	3.6870701722e-05
4.4300000000e+02	1.7340531010e-02	-9.1217107097e-03	5.9734179955e-05	3.6875697032e-05
4.4400000000e+02	1.7377409191e-02	-9.1814864807e-03	5.9817332595e-05	3.6880659553e-05
4.4500000000e+02	1.7414292319e-02	-9.2413453163e-03	5.9900309292e-05	3.6885589570e-05
4.4600000000e+02	1.7451180360e-02	-9.3012870409e-03	5.9983110764e-05	3.6890487364e-05
4.4700000000e+02	1.7488073283e-02	-9.3613114796e-03	6.0065737723e-05	3.6895353212e-05
4.4800000000e+02	1.7524971056e-02	-9.4214184584e-03	6.0148190879e-05	3.6900187391e-05
4.4900000000e+02	1.7561873647e-02	-9.4816078037e-03	6.0230470937e-05	3.6904990173e-05
4.5000000000e+02	1.7598781026e-02	-9.5418793428e-03	6.0312578596e-05	3.6909761826e-05
4.5100000000e+02	1.7635693160e-02	-9.6022329036e-03	6.0394514554e-05	3.6914502618e-05
4.5200000000e+02	1.7672610021e-02	-9.6626683149e-03	6.0476279503e-05	3.6919212812e-05
4.5300000000e+02	1.7709531576e-02	-9.7231854059e-03	6.0557874132e-05	3.6923892670e-05
4.5400000000e+02	1.7746457796e-02	-9.7837840066e-03	6.0639299125e-05	3.6928542448e-05
4.5500000000e+02	1.7783388651e-02	-9.8444639478e-03	6.0720555162e-05	3.6933162403e-05
4.5600000000e+02	1.7820324111e-02	-9.9052250608e-03	6.0801642920e-05	3.6937752788e-05
4.5700000000e+02	1.7857264147e-02	-9.9660671778e-03	6.0882563073e-05	3.6942313852e-05
4.5800000000e+02	1.7894208729e-02	-1.0026990131e-02	6.0963316289e-05	3.6946845844e-05
4.5900000000e+02	1.7931157829e-02	-1.0087993755e-02	6.1043903232e-05	3.6951349007e-05
4.6000000000e+02	1.7968111417e-02	-1.0149077883e-02	6.1124324565e-05	3.6955823585e-05
4.6100000000e+02	1.8005069466e-02	-1.0210242349e-02	6.1204580945e-05	3.6960269816e-05
4.6200000000e+02	1.8042031948e-02	-1.0271486990e-02	6.1284673025e-05	3.6964687939e-05
4.6300000000e+02	1.8078998833e-02	-1.0332811641e-02	6.1364601455e-05	3.6969078189e-05
4.6400000000e+02	1.8115970095e-02	-1.0394216138e-02	6.1444366882e-05	3.6973440797e-05
4.6500000000e+02	1.8152945705e-02	-1.0455700320e-02	6.1523969948e-05	3.6977775994e-05
4.6600000000e+02	1.8189925638e-02	-1.0517264024e-02	6.1603411292e-05	3.6982084007e-05
4.6700000000e+02	1.8226909864e-02	-1.0578907089e-02	6.1682691549e-05	3.6986365062e-05
4.6800000000e+02	1.8263898359e-02	-1.0640629354e-02	6.1761811352e-05	3.6990619382e-05
4.6900000000e+02	1.8300891094e-02	-1.0702430659e-02	6.1840771328e-05	3.6994847187e-05
4.7000000000e+02	1.8337888045e-02	-1.0764310844e-02	6.1919572102e-05	3.6999048697e-05
4.7100000000e+02	1.8374889183e-02	-1.0826269750e-02	6.1998214295e-05	3.7003224126e-05
4.7200000000e+02	1.8411894484e-02	-1.0888307219e-02	6.2076698525e-05	3.7007373689e-05
4.7300000000e+02	1.8448903922e-02	-1.0950423094e-02	6.2155025405e-05	3.7011497599e-05
4.7400000000e+02	1.8485917471e-02	-1.1012617218e-02	6.2233195546e-05	3.7015596064e-05
4.7500000000e+02	1.8522935106e-02	-1.1074889434e-02	6.2311209556e-05	3.7019669292e-05
4.7600000000e+02	1.8559956801e-02	-1.1137239585e-02	6.2389068039e-05	3.7023717490e-05
4.7700000000e+02	1.8596982532e-02	-1.1199667518e-02	6.2466771594e-05	3.7027740859e-05
4.7800000000e+02	1.8634012275e-02	-1.1262173077e-02	6.2544320819e-05	3.7031739602e-05
4.7900000000e+02	1.8671046003e-02	-1.1324756108e-02	6.2621716309e-05	3.7035713918e-05
4.8000000000e+02	1.8708083694e-02	-1.1387416459e-02	6.2698958652e-05	3.7039664004e-05
4.8100000000e+02	1.8745125323e-02	-1.1450153975e-02	6.2776048437e-05	3.7043590055e-05
4.8200000000e+02	1.8782170867e-02	-1.1512968505e-02	6.2852986248e-05	3.7047492266e-05
4.8300000000e+02	1.8819220300e-02	-1.1575859897e-02	6.2929772664e-05	3.7051370826e-05
4.8400000000e+02	1.8856273600e-02	-1.1638828000e-02	6.3006408265e-05	3.7055225927e-05
4.8500000000e+02	1.8893330744e-02	-1.1701872663e-02	6.3082893624e-05	3.7059057756e-05
4.8600000000e+02	1.8930391708e-02	-1.1764993737e-02	6.3159229312e-05	3.7062866498e-05
4.8700000000e+02	1.8967456470e-02	-1.1828191072e-02	6.3235415897e-05	3.7066652337e-05
4.8800000000e+02	1.9004525005e-02	-1.1891464519e-02	6.3311453944e-05	3.7070415456e-05
4.8900000000e+02	1.9041597293e-02	-1.1954813931e-02	6.3387344016e-05	3.7074156035e-05
4.9000000000e+02	1.9078673310e-02	-1.2018239158e-02	6.3463086670e-05	3.7077874252e-05
4.9100000000e+02	1.9115753034e-02	-1.2081740055e-02	6.3538682463e-05	3.7081570285e-05
4.9200000000e+02	1.9152836443e-02	-1.2145316475e-02	6.3614131947e-05	3.7085244309e-05
4.9300000000e+02	1.9189923515e-02	-1.2208968270e-02	6.3689435671e-05	3.7088896496e-05
4.9400000000e+02	1.9227014229e-02	-1.2272695297e-02	6.3764594183e-05	3.7092527019e-05
4.9500000000e+02	1.9264108562e-02	-1.2336497411e-02	6.3839608026e-05	3.7096136047e-05
4.9600000000e+02	1.9301206494e-02	-1.2400374465e-02	6.3914477741e-05	3.7099723750e-05
4.9700000000e+02	1.9338308003e-02	-1.2464326318e-02	6.3989203865e-05	3.7103290293e-05
4.9800000000e+02	1.9375413068e-02	-1.2528352826e-02	6.4063786934e-05	3.7106835842e-05
4.9900000000e+02	1.9412521667e-02	-1.2592453845e-02	6.4138227479e-05	3.7110360561e-05
5.0000000000e+02	1.9449633782e-02	-1.2656629233e-02	6.4212526030e-05	3.7113864610e-05
5.0100000000e+02	1.9486749390e-02	-1.2720878849e-02	6.4286683112e-05	3.7117348152e-05
5.0200000000e+02	1.9523868471e-02	-1.2785202552e-02	6.4360699250e-05	3.7120811344e-05
5.0300000000e+02	1.9560991006e-02	-1.2849600201e-02	6.4434574964e-05	3.7124254343e-05
5.0400000000e+02	1.9598116973e-02	-1.2914071656e-02	6.4508310772e-05	3.7127677306e-05
5.0500000000e+02	1.9635246354e-02	-1.2978616776e-02	6.4581907188e-05	3.7131080387e-05
5.0600000000e+02	1.9672379127e-02	-1.3043235424e-02	6.4655364726e-05	3.7134463739e-05
5.0700000000e+02	1.9709515275e-02	-1.3107927460e-02	6.4728683894e-05	3.7137827513e-05
5.0800000000e+02	1.9746654776e-02	-1.3172692746e-02	6.4801865200e-05	3.7141171859e-05
5.0900000000e+02	1.9783797612e-02	-1.3237531144e-02	6.4874909148e-05	3.7144496926e-05
5.1000000000e+02	1.9820943763e-02	-1.3302442518e-02	6.4947816239e-05	3.7147802860e-05
5.1100000000e+02	1.9858093211e-02	-1.3367426731e-02	6.5020586972e-05	3.7151089807e-05
5.1200000000e+02	1.9895245937e-02	-1.3432483647e-02	6.5093221843e-05	3.7154357913e-05
5.1300000000e+02	1.9932401921e-02	-1.3497613130e-02	6.5165721347e-05	3.7157607318e-05
5.1400000000e+02	1.9969561145e-02	-1.3562815045e-02	6.5238085973e-05	3.7160838167e-05
5.1500000000e+02	2.0006723591e-02	-1.3628089257e-02	6.5310316210e-05	3.7164050597e-05
5.1600000000e+02	2.0043889240e-02	-1.3693435632e-02	6.5382412544e-05	3.7167244750e-05
5.1700000000e+02	2.0081058075e-02	-1.3758854038e-02	6.5454375459e-05	3.7170420761e-05
5.1800000000e+02	2.0118230076e-02	-1.3824344339e-02	6.5526205434e-05	3.7173578768e-05
5.1900000000e+02	2.0155405226e-02	-1.3889906404e-02	6.5597902949e-05	3.7176718906e-05
5.2000000000e+02	2.0192583508e-02	-1.3955540101e-02	6.5669468478e-05	3.7179841309e-05
5.2100000000e+02	2.0229764903e-02	-1.4021245297e-02	6.5740902496e-05	3.7182946108e-05
5.2200000000e+02	2.0266949394e-02	-1.4087021862e-02	6.5812205472e-05	3.7186033437e-05
5.2300000000e+02	2.0304136964e-02	-1.4152869665e-02	6.5883377875e-05	3.7189103424e-05
5.2400000000e+02	2.0341327595e-02	-1.4218788575e-02	6.5954420172e-05	3.7192156198e-05
5.2500000000e+02	2.0378521271e-02	-1.4284778462e-02	6.6025332824e-05	3.7195191889e-05
5.2600000000e+02	2.0415717973e-02	-1.4350839197e-02	6.6096116294e-05	3.7198210621e-05
5.2700000000e+02	2.0452917686e-02	-1.4416970652e-02	6.6166771040e-05	3.7201212521e-05
5.2800000000e+02	2.0490120393e-02	-1.4483172697e-02	6.6237297518e-05	3.7204197712e-05
5.2900000000e+02	2.0527326076e-02	-1.4549445204e-02	6.6307696182e-05	3.7207166319e-05
5.3000000000e+02	2.0564534720e-02	-1.4615788046e-02	6.6377967484e-05	3.7210118463e-05
5.3100000000e+02	2.0601746308e-02	-1.4682201097e-02	6.6448111873e-05	3.7213054264e-05
5.3200000000e+02	2.0638960823e-02	-1.4748684228e-02	6.6518129796e-05	3.7215973843e-05
5.3300000000e+02	2.0676178250e-02	-1.4815237314e-02	6.6588021697e-05	3.7218877318e-05
5.3400000000e+02	2.0713398572e-02	-1.4881860230e-02	6.6657788019e-05	3.7221764808e-05
5.3500000000e+02	2.0750621774e-02	-1.4948552849e-02	6.6727429202e-05	3.7224636428e-05
5.3600000000e+02	2.0787847840e-02	-1.5015315046e-02	6.6796945684e-05	3.7227492294e-05
5.3700000000e+02	2.0825076754e-02	-1.5082146699e-02	6.6866337900e-05	3.7230332520e-05
5.3800000000e+02	2.0862308500e-02	-1.5149047681e-02	6.6935606284e-05	3.7233157221e-05
5.3900000000e+02	2.0899543063e-02	-1.5216017870e-02	6.7004751267e-05	3.7235966508e-05
5.4000000000e+02	2.0936780428e-02	-1.5283057143e-02	6.7073773278e-05	3.7238760492e-05
5.4100000000e+02	2.0974020579e-02	-1.5350165376e-02	6.7142672744e-05	3.7241539285e-05
5.4200000000e+02	2.1011263501e-02	-1.5417342447e-02	6.7211450090e-05	3.7244302996e-05
5.4300000000e+02	2.1048509180e-02	-1.5484588235e-02	6.7280105737e-05	3.7247051732e-05
5.4400000000e+02	2.1085757600e-02	-1.5551902618e-02	6.7348640107e-05	3.7249785602e-05
5.4500000000e+02	2.1123008746e-02	-1.5619285475e-02	6.7417053618e-05	3.7252504712e-05
5.4600000000e+02	2.1160262604e-02	-1.5686736685e-02	6.7485346685e-05	3.7255209167e-05
5.4700000000e+02	2.1197519160e-02	-1.5754256129e-02	6.7553519723e-05	3.7257899073e-05
5.4800000000e+02	2.1234778398e-02	-1.5821843685e-02	6.7621573144e-05	3.7260574532e-05
5.4900000000e+02	2.1272040304e-02	-1.5889499235e-02	6.7689507357e-05	3.7263235648e-05
5.5000000000e+02	2.1309304864e-02	-1.5957222660e-02	6.7757322772e-05	3.7265882523e-05
5.5100000000e+02	2.1346572064e-02	-1.6025013841e-02	6.7825019792e-05	3.7268515257e-05
5.5200000000e+02	2.1383841890e-02	-1.6092872660e-02	6.7892598823e-05	3.7271133951e-05
5.5300000000e+02	2.1421114328e-02	-1.6160799000e-02	6.7960060266e-05	3.7273738703e-05
5.5400000000e+02	2.1458389363e-02	-1.6228792742e-02	6.8027404521e-05	3.7276329612e-05
5.5500000000e+02	2.1495666982e-02	-1.6296853770e-02	6.8094631986e-05	3.7278906776e-05
5.5600000000e+02	2.1532947172e-02	-1.6364981967e-02	6.8161743056e-05	3.7281470292e-05
5.5700000000e+02	2.1570229918e-02	-1.6433177217e-02	6.8228738125e-05	3.7284020254e-05
5.5800000000e+02	2.1607515208e-02	-1.6501439405e-02	6.8295617586e-05	3.7286556758e-05
5.5900000000e+02	2.1644803027e-02	-1.6569768414e-02	6.8362381827e-05	3.7289079898e-05
5.6000000000e+02	2.1682093363e-02	-1.6638164130e-02	6.8429031238e-05	3.7291589767e-05
5.6100000000e+02	2.1719386203e-02	-1.6706626438e-02	6.8495566205e-05	3.7294086458e-05
5.6200000000e+02	2.1756681532e-02	-1.6775155225e-02	6.8561987111e-05	3.7296570063e-05
5.6300000000e+02	2.1793979338e-02	-1.6843750375e-02	6.8628294339e-05	3.7299040672e-05
5.6400000000e+02	2.1831279609e-02	-1.6912411775e-02	6.8694488270e-05	3.7301498376e-05
5.6500000000e+02	2.1868582331e-02	-1.6981139314e-02	6.8760569282e-05	3.7303943263e-05
5.6600000000e+02	2.1905887491e-02	-1.7049932876e-02	6.8826537752e-05	3.7306375422e-05
5.6700000000e+02	2.1943195077e-02	-1.7118792352e-02	6.8892394055e-05	3.7308794942e-05
5.6800000000e+02	2.1980505077e-02	-1.7187717627e-02	6.8958138564e-05	3.7311201909e-05
5.6900000000e+02	2.2017817477e-02	-1.7256708592e-02	6.9023771650e-05	3.7313596410e-05
5.7000000000e+02	2.2055132266e-02	-1.7325765134e-02	6.9089293683e-05	3.7315978530e-05
5.7100000000e+02	2.2092449430e-02	-1.7394887142e-02	6.9154705030e-05	3.7318348353e-05
5.7200000000e+02	2.2129768958e-02	-1.7464074507e-02	6.9220006058e-05	3.7320705965e-05
5.7300000000e+02	2.2167090838e-02	-1.7533327118e-02	6.9285197130e-05	3.7323051448e-05
5.7400000000e+02	2.2204415057e-02	-1.7602644865e-02	6.9350278609e-05	3.7325384886e-05
5.7500000000e+02	2.2241741604e-02	-1.7672027638e-02	6.9415250856e-05	3.7327706359e-05
5.7600000000e+02	2.2279070466e-02	-1.7741475330e-02	6.9480114229e-05	3.7330015950e-05
5.7700000000e+02	2.2316401632e-02	-1.7810987831e-02	6.9544869086e-05	3.7332313739e-05
5.7800000000e+02	2.2353735089e-02	-1.7880565032e-02	6.9609515781e-05	3.7334599806e-05
5.7900000000e+02	2.2391070827e-02	-1.7950206826e-02	6.9674054670e-05	3.7336874231e-05
5.8000000000e+02	2.2428408834e-02	-1.8019913106e-02	6.9738486103e-05	3.7339137091e-05
5.8100000000e+02	2.2465749098e-02	-1.8089683763e-02	6.9802810431e-05	3.7341388465e-05
5.8200000000e+02	2.2503091607e-02	-1.8159518691e-02	6.9867028004e-05	3.7343628430e-05
5.8300000000e+02	2.2540436351e-02	-1.8229417783e-02	6.9931139167e-05	3.7345857063e-05
5.8400000000e+02	2.2577783318e-02	-1.8299380934e-02	6.9995144266e-05	3.7348074440e-05
5.8500000000e+02	2.2615132496e-02	-1.8369408037e-02	7.0059043646e-05	3.7350280636e-05
5.8600000000e+02	2.2652483875e-02	-1.8439498986e-02	7.0122837647e-05	3.7352475725e-05
5.8700000000e+02	2.2689837444e-02	-1.8509653677e-02	7.0186526611e-05	3.7354659783e-05
5.8800000000e+02	2.2727193191e-02	-1.8579872004e-02	7.0250110877e-05	3.7356832882e-05
5.8900000000e+02	2.2764551106e-02	-1.8650153864e-02	7.0313590781e-05	3.7358995096e-05
5.9000000000e+02	2.2801911178e-02	-1.8720499151e-02	7.0376966659e-05	3.7361146496e-05
5.9100000000e+02	2.2839273395e-02	-1.8790907763e-02	7.0440238846e-05	3.7363287154e-05
5.9200000000e+02	2.2876637748e-02	-1.8861379595e-02	7.0503407674e-05	3.7365417142e-05
5.9300000000e+02	2.2914004226e-02	-1.8931914544e-02	7.0566473474e-05	3.7367536530e-05
5.9400000000e+02	2.2951372818e-02	-1.9002512507e-02	7.0629436574e-05	3.7369645388e-05
5.9500000000e+02	2.2988743513e-02	-1.9073173383e-02	7.0692297304e-05	3.7371743785e-05
5.9600000000e+02	2.3026116302e-02	-1.9143897068e-02	7.0755055990e-05	3.7373831790e-05
5.9700000000e+02	2.3063491174e-02	-1.9214683461e-02	7.0817712955e-05	3.7375909471e-05
5.9800000000e+02	2.3100868118e-02	-1.9285532460e-02	7.0880268524e-05	3.7377976897e-05
5.9900000000e+02	2.3138247124e-02	-1.9356443964e-02	7.0942723019e-05	3.7380034133e-05
6.0000000000e+02	2.3175628182e-02	-1.9427417872e-02	7.1005076758e-05	3.7382081247e-05
6.0100000000e+02	2.3213011283e-02	-1.9498454084e-02	7.1067330062e-05	3.7384118305e-05
6.0200000000e+02	2.3250396416e-02	-1.9569552499e-02	7.1129483247e-05	3.7386145373e-05
6.0300000000e+02	2.3287783571e-02	-1.9640713017e-02	7.1191536630e-05	3.7388162514e-05
6.0400000000e+02	2.3325172737e-02	-1.9711935539e-02	7.1253490524e-05	3.7390169794e-05
6.0500000000e+02	2.3362563907e-02	-1.9783219965e-02	7.1315345243e-05	3.7392167277e-05
6.0600000000e+02	2.3399957069e-02	-1.9854566197e-02	7.1377101098e-05	3.7394155026e-05
6.0700000000e+02	2.3437352214e-02	-1.9925974135e-02	7.1438758399e-05	3.7396133103e-05
6.0800000000e+02	2.3474749332e-02	-1.9997443681e-02	7.1500317455e-05	3.7398101572e-05
6.0900000000e+02	2.3512148414e-02	-2.0068974737e-02	7.1561778572e-05	3.7400060495e-05
6.1000000000e+02	2.3549549450e-02	-2.0140567205e-02	7.1623142058e-05	3.7402009931e-05
6.1100000000e+02	2.3586952430e-02	-2.0212220989e-02	7.1684408214e-05	3.7403949944e-05
6.1200000000e+02	2.3624357346e-02	-2.0283935990e-02	7.1745577346e-05	3.7405880592e-05
6.1300000000e+02	2.3661764188e-02	-2.0355712111e-02	7.1806649755e-05	3.7407801936e-05
6.1400000000e+02	2.3699172947e-02	-2.0427549257e-02	7.1867625740e-05	3.7409714036e-05
6.1500000000e+02	2.3736583613e-02	-2.0499447331e-02	7.1928505600e-05	3.7411616950e-05
6.1600000000e+02	2.3773996178e-02	-2.0571406236e-02	7.1989289633e-05	3.7413510737e-05
6.1700000000e+02	2.3811410632e-02	-2.0643425878e-02	7.2049978136e-05	3.7415395454e-05
6.1800000000e+02	2.3848826966e-02	-2.0715506161e-02	7.2110571402e-05	3.7417271161e-05
6.1900000000e+02	2.3886245171e-02	-2.0787646989e-02	7.2171069726e-05	3.7419137913e-05
6.2000000000e+02	2.3923665239e-02	-2.0859848269e-02	7.2231473399e-05	3.7420995767e-05
6.2100000000e+02	2.3961087160e-02	-2.0932109904e-02	7.2291782712e-05	3.7422844780e-05
6.2200000000e+02	2.3998510925e-02	-2.1004431803e-02	7.2351997955e-05	3.7424685008e-05
6.2300000000e+02	2.4035936527e-02	-2.1076813869e-02	7.2412119416e-05	3.7426516505e-05
6.2400000000e+02	2.4073363956e-02	-2.1149256010e-02	7.2472147381e-05	3.7428339328e-05
6.2500000000e+02	2.4110793203e-02	-2.1221758133e-02	7.2532082137e-05	3.7430153529e-05
6.2600000000e+02	2.4148224260e-02	-2.1294320144e-02	7.2591923967e-05	3.7431959164e-05
6.2700000000e+02	2.4185657118e-02	-2.1366941950e-02	7.2651673155e-05	3.7433756286e-05
6.2800000000e+02	2.4223091770e-02	-2.1439623459e-02	7.2711329982e-05	3.7435544948e-05
6.2900000000e+02	2.4260528205e-02	-2.1512364579e-02	7.2770894729e-05	3.7437325203e-05
6.3000000000e+02	2.4297966417e-02	-2.1585165218e-02	7.2830367675e-05	3.7439097103e-05
6.3100000000e+02	2.4335406397e-02	-2.1658025284e-02	7.2889749098e-05	3.7440860701e-05
6.3200000000e+02	2.4372848136e-02	-2.1730944686e-02	7.2949039275e-05	3.7442616049e-05
6.3300000000e+02	2.4410291626e-02	-2.1803923332e-02	7.3008238481e-05	3.7444363196e-05
6.3400000000e+02	2.4447736859e-02	-2.1876961133e-02	7.3067346990e-05	3.7446102195e-05
6.3500000000e+02	2.4485183828e-02	-2.1950057996e-02	7.3126365077e-05	3.7447833095e-05
6.3600000000e+02	2.4522632523e-02	-2.2023213833e-02	7.3185293012e-05	3.7449555947e-05
6.3700000000e+02	2.4560082937e-02	-2.2096428552e-02	7.3244131066e-05	3.7451270800e-05
6.3800000000e+02	2.4597535062e-02	-2.2169702065e-02	7.3302879509e-05	3.7452977704e-05
6.3900000000e+02	2.4634988890e-02	-2.2243034281e-02	7.3361538609e-05	3.7454676707e-05
6.4000000000e+02	2.4672444413e-02	-2.2316425112e-02	7.3420108633e-05	3.7456367858e-05
6.4100000000e+02	2.4709901623e-02	-2.2389874469e-02	7.3478589847e-05	3.7458051205e-05
6.4200000000e+02	2.4747360513e-02	-2.2463382263e-02	7.3536982516e-05	3.7459726796e-05
6.4300000000e+02	2.4784821074e-02	-2.2536948405e-02	7.3595286903e-05	3.7461394678e-05
6.4400000000e+02	2.4822283299e-02	-2.2610572807e-02	7.3653503271e-05	3.7463054898e-05
6.4500000000e+02	2.4859747181e-02	-2.2684255382e-02	7.3711631881e-05	3.7464707504e-05
6.4600000000e+02	2.4897212712e-02	-2.2757996042e-02	7.3769672993e-05	3.7466352541e-05
6.4700000000e+02	2.4934679884e-02	-2.2831794699e-02	7.3827626866e-05	3.7467990055e-05
6.4800000000e+02	2.4972148689e-02	-2.2905651266e-02	7.3885493759e-05	3.7469620092e-05
6.4900000000e+02	2.5009619121e-02	-2.2979565657e-02	7.3943273927e-05	3.7471242698e-05
6.5000000000e+02	2.5047091172e-02	-2.3053537785e-02	7.4000967627e-05	3.7472857917e-05
6.5100000000e+02	2.5084564835e-02	-2.3127567564e-02	7.4058575113e-05	3.7474465793e-05
6.5200000000e+02	2.5122040102e-02	-2.3201654907e-02	7.4116096639e-05	3.7476066372e-05
6.5300000000e+02	2.5159516965e-02	-2.3275799729e-02	7.4173532456e-05	3.7477659697e-05
6.5400000000e+02	2.5196995419e-02	-2.3350001943e-02	7.4230882816e-05	3.7479245812e-05
6.5500000000e+02	2.5234475454e-02	-2.3424261466e-02	7.4288147970e-05	3.7480824759e-05
6.5600000000e+02	2.5271957066e-02	-2.3498578211e-02	7.4345328166e-05	3.7482396583e-05
6.5700000000e+02	2.5309440245e-02	-2.3572952094e-02	7.4402423652e-05	3.7483961326e-05
6.5800000000e+02	2.5346924986e-02	-2.3647383030e-02	7.4459434675e-05	3.7485519029e-05
6.5900000000e+02	2.5384411281e-02	-2.3721870935e-02	7.4516361481e-05	3.7487069735e-05
6.6000000000e+02	2.5421899123e-02	-2.3796415725e-02	7.4573204316e-05	3.7488613487e-05
6.6100000000e+02	2.5459388506e-02	-2.3871017316e-02	7.4629963421e-05	3.7490150324e-05
6.6200000000e+02	2.5496879421e-02	-2.3945675624e-02	7.4686639042e-05	3.7491680288e-05
6.6300000000e+02	2.5534371864e-02	-2.4020390566e-02	7.4743231418e-05	3.7493203421e-05
6.6400000000e+02	2.5571865826e-02	-2.4095162059e-02	7.4799740791e-05	3.7494719762e-05
6.6500000000e+02	2.5609361301e-02	-2.4169990020e-02	7.4856167401e-05	3.7496229352e-05
6.6600000000e+02	2.5646858283e-02	-2.4244874367e-02	7.4912511485e-05	3.7497732230e-05
6.6700000000e+02	2.5684356763e-02	-2.4319815016e-02	7.4968773282e-05	3.7499228437e-05
6.6800000000e+02	2.5721856737e-02	-2.4394811886e-02	7.5024953028e-05	3.7500718011e-05
6.6900000000e+02	2.5759358197e-02	-2.4469864895e-02	7.5081050959e-05	3.7502200991e-05
6.7000000000e+02	2.5796861137e-02	-2.4544973961e-02	7.5137067310e-05	3.7503677417e-05
6.7100000000e+02	2.5834365550e-02	-2.4620139002e-02	7.5193002313e-05	3.7505147327e-05
6.7200000000e+02	2.5871871429e-02	-2.4695359938e-02	7.5248856202e-05	3.7506610758e-05
6.7300000000e+02	2.5909378769e-02	-2.4770636688e-02	7.5304629208e-05	3.7508067750e-05
6.7400000000e+02	2.5946887563e-02	-2.4845969170e-02	7.5360321562e-05	3.7509518338e-05
6.7500000000e+02	2.5984397804e-02	-2.4921357304e-02	7.5415933493e-05	3.7510962562e-05
6.7600000000e+02	2.6021909486e-02	-2.4996801010e-02	7.5471465230e-05	3.7512400457e-05
6.7700000000e+02	2.6059422603e-02	-2.5072300208e-02	7.5526917002e-05	3.7513832061e-05
6.7800000000e+02	2.6096937148e-02	-2.5147854817e-02	7.5582289034e-05	3.7515257410e-05
6.7900000000e+02	2.6134453115e-02	-2.5223464759e-02	7.5637581553e-05	3.7516676540e-05
6.8000000000e+02	2.6171970499e-02	-2.5299129954e-02	7.5692794784e-05	3.7518089488e-05
6.8100000000e+02	2.6209489292e-02	-2.5374850322e-02	7.5747928950e-05	3.7519496289e-05
6.8200000000e+02	2.6247009489e-02	-2.5450625786e-02	7.5802984274e-05	3.7520896979e-05
6.8300000000e+02	2.6284531084e-02	-2.5526456265e-02	7.5857960980e-05	3.7522291592e-05
6.8400000000e+02	2.6322054071e-02	-2.5602341681e-02	7.5912859287e-05	3.7523680165e-05
6.8500000000e+02	2.6359578443e-02	-2.5678281957e-02	7.5967679416e-05	3.7525062731e-05
6.8600000000e+02	2.6397104194e-02	-2.5754277014e-02	7.6022421587e-05	3.7526439325e-05
6.8700000000e+02	2.6434631319e-02	-2.5830326775e-02	7.6077086017e-05	3.7527809982e-05
6.8800000000e+02	2.6472159812e-02	-2.5906431161e-02	7.6131672925e-05	3.7529174735e-05
6.8900000000e+02	2.6509689667e-02	-2.5982590095e-02	7.6186182528e-05	3.7530533619e-05
6.9000000000e+02	2.6547220877e-02	-2.6058803500e-02	7.6240615040e-05	3.7531886666e-05
6.9100000000e+02	2.6584753438e-02	-2.6135071299e-02	7.6294970676e-05	3.7533233910e-05
6.9200000000e+02	2.6622287343e-02	-2.6211393416e-02	7.6349249652e-05	3.7534575384e-05
6.9300000000e+02	2.6659822587e-02	-2.6287769773e-02	7.6403452179e-05	3.7535911120e-05
6.9400000000e+02	2.6697359164e-02	-2.6364200295e-02	7.6457578470e-05	3.7537241152e-05
6.9500000000e+02	2.6734897067e-02	-2.6440684905e-02	7.6511628737e-05	3.7538565512e-05
6.9600000000e+02	2.6772436293e-02	-2.6517223527e-02	7.6565603189e-05	3.7539884232e-05
6.9700000000e+02	2.6809976834e-02	-2.6593816086e-02	7.6619502037e-05	3.7541197343e-05
6.9800000000e+02	2.6847518686e-02	-2.6670462506e-02	7.6673325489e-05	3.7542504878e-05
6.9900000000e+02	2.6885061842e-02	-2.6747162712e-02	7.6727073753e-05	3.7543806867e-05
7.0000000000e+02	2.6922606297e-02	-2.6823916628e-02	7.6780747037e-05	3.7545103343e-05
7.0100000000e+02	2.6960152047e-02	-2.6900724181e-02	7.6834345546e-05	3.7546394335e-05
7.0200000000e+02	2.6997699084e-02	-2.6977585295e-02	7.6887869486e-05	3.7547679876e-05
7.0300000000e+02	2.7035247405e-02	-2.7054499895e-02	7.6941319061e-05	3.7548959995e-05
7.0400000000e+02	2.7072797003e-02	-2.7131467908e-02	7.6994694475e-05	3.7550234722e-05
7.0500000000e+02	2.7110347872e-02	-2.7208489259e-02	7.7047995931e-05	3.7551504089e-05
7.0600000000e+02	2.7147900009e-02	-2.7285563875e-02	7.7101223632e-05	3.7552768124e-05
7.0700000000e+02	2.7185453407e-02	-2.7362691682e-02	7.7154377778e-05	3.7554026858e-05
7.0800000000e+02	2.7223008061e-02	-2.7439872606e-02	7.7207458569e-05	3.7555280320e-05
7.0900000000e+02	2.7260563966e-02	-2.7517106575e-02	7.7260466207e-05	3.7556528539e-05
7.1000000000e+02	2.7298121116e-02	-2.7594393514e-02	7.7313400888e-05	3.7557771545e-05
7.1100000000e+02	2.7335679507e-02	-2.7671733352e-02	7.7366262812e-05	3.7559009367e-05
7.1200000000e+02	2.7373239133e-02	-2.7749126016e-02	7.7419052176e-05	3.7560242032e-05
7.1300000000e+02	2.7410799989e-02	-2.7826571433e-02	7.7471769175e-05	3.7561469571e-05
7.1400000000e+02	2.7448362071e-02	-2.7904069530e-02	7.7524414007e-05	3.7562692010e-05
7.1500000000e+02	2.7485925372e-02	-2.7981620237e-02	7.7576986865e-05	3.7563909378e-05
7.1600000000e+02	2.7523489888e-02	-2.8059223480e-02	7.7629487944e-05	3.7565121704e-05
7.1700000000e+02	2.7561055614e-02	-2.8136879189e-02	7.7681917437e-05	3.7566329014e-05
7.1800000000e+02	2.7598622544e-02	-2.8214587291e-02	7.7734275536e-05	3.7567531336e-05
7.1900000000e+02	2.7636190675e-02	-2.8292347716e-02	7.7786562435e-05	3.7568728699e-05
7.2000000000e+02	2.7673760000e-02	-2.8370160392e-02	7.7838778322e-05	3.7569921128e-05
7.2100000000e+02	2.7711330515e-02	-2.8448025249e-02	7.7890923390e-05	3.7571108651e-05
7.2200000000e+02	2.7748902216e-02	-2.8525942215e-02	7.7942997827e-05	3.7572291294e-05
7.2300000000e+02	2.7786475096e-02	-2.8603911221e-02	7.7995001822e-05	3.7573469085e-05
7.2400000000e+02	2.7824049152e-02	-2.8681932196e-02	7.8046935563e-05	3.7574642050e-05
7.2500000000e+02	2.7861624379e-02	-2.8760005069e-02	7.8098799238e-05	3.7575810215e-05
7.2600000000e+02	2.7899200771e-02	-2.8838129771e-02	7.8150593033e-05	3.7576973606e-05
7.2700000000e+02	2.7936778324e-02	-2.8916306232e-02	7.8202317133e-05	3.7578132248e-05
7.2800000000e+02	2.7974357034e-02	-2.8994534382e-02	7.8253971725e-05	3.7579286169e-05
7.2900000000e+02	2.8011936895e-02	-2.9072814152e-02	7.8305556992e-05	3.7580435393e-05
7.3000000000e+02	2.8049517903e-02	-2.9151145473e-02	7.8357073118e-05	3.7581579945e-05
7.3100000000e+02	2.8087100053e-02	-2.9229528275e-02	7.8408520286e-05	3.7582719852e-05
7.3200000000e+02	2.8124683341e-02	-2.9307962491e-02	7.8459898677e-05	3.7583855137e-05
7.3300000000e+02	2.8162267762e-02	-2.9386448050e-02	7.8511208475e-05	3.7584985826e-05
7.3400000000e+02	2.8199853311e-02	-2.9464984885e-02	7.8562449858e-05	3.7586111944e-05
7.3500000000e+02	2.8237439985e-02	-2.9543572927e-02	7.8613623009e-05	3.7587233515e-05
7.3600000000e+02	2.8275027777e-02	-2.9622212108e-02	7.8664728105e-05	3.7588350563e-05
7.3700000000e+02	2.8312616684e-02	-2.9700902360e-02	7.8715765325e-05	3.7589463113e-05
7.3800000000e+02	2.8350206702e-02	-2.9779643616e-02	7.8766734848e-05	3.7590571189e-05
7.3900000000e+02	2.8387797825e-02	-2.9858435808e-02	7.8817636851e-05	3.7591674814e-05
7.4000000000e+02	2.8425390050e-02	-2.9937278867e-02	7.8868471510e-05	3.7592774013e-05
7.4100000000e+02	2.8462983372e-02	-3.0016172728e-02	7.8919239001e-05	3.7593868808e-05
7.4200000000e+02	2.8500577786e-02	-3.0095117323e-02	7.8969939500e-05	3.7594959224e-05
7.4300000000e+02	2.8538173289e-02	-3.0174112585e-02	7.9020573181e-05	3.7596045284e-05
7.4400000000e+02	2.8575769875e-02	-3.0253158447e-02	7.9071140218e-05	3.7597127011e-05
7.4500000000e+02	2.8613367541e-02	-3.0332254843e-02	7.9121640784e-05	3.7598204427e-05
7.4600000000e+02	2.8650966283e-02	-3.0411401707e-02	7.9172075052e-05	3.7599277556e-05
7.4700000000e+02	2.8688566095e-02	-3.0490598971e-02	7.9222443194e-05	3.7600346420e-05
7.4800000000e+02	2.8726166974e-02	-3.0569846571e-02	7.9272745381e-05	3.7601411041e-05
7.4900000000e+02	2.8763768916e-02	-3.0649144440e-02	7.9322981783e-05	3.7602471443e-05
7.5000000000e+02	2.8801371915e-02	-3.0728492513e-02	7.9373152571e-05	3.7603527647e-05
7.5100000000e+02	2.8838975969e-02	-3.0807890723e-02	7.9423257913e-05	3.7604579676e-05
7.5200000000e+02	2.8876581073e-02	-3.0887339007e-02	7.9473297979e-05	3.7605627551e-05
7.5300000000e+02	2.8914187223e-02	-3.0966837298e-02	7.9523272936e-05	3.7606671294e-05
7.5400000000e+02	2.8951794415e-02	-3.1046385531e-02	7.9573182952e-05	3.7607710926e-05
7.5500000000e+02	2.8989402644e-02	-3.1125983642e-02	7.9623028193e-05	3.7608746470e-05
7.5600000000e+02	2.9027011906e-02	-3.1205631566e-02	7.9672808826e-05	3.7609777947e-05
7.5700000000e+02	2.9064622198e-02	-3.1285329238e-02	7.9722525015e-05	3.7610805377e-05
7.5800000000e+02	2.9102233516e-02	-3.1365076594e-02	7.9772176926e-05	3.7611828782e-05
7.5900000000e+02	2.9139845854e-02	-3.1444873571e-02	7.9821764723e-05	3.7612848183e-05
7.6000000000e+02	2.9177459211e-02	-3.1524720103e-02	7.9871288570e-05	3.7613863601e-05
7.6100000000e+02	2.9215073580e-02	-3.1604616127e-02	7.9920748629e-05	3.7614875056e-05
7.6200000000e+02	2.9252688959e-02	-3.1684561579e-02	7.9970145063e-05	3.7615882569e-05
7.6300000000e+02	2.9290305344e-02	-3.1764556395e-02	8.0019478034e-05	3.7616886160e-05
7.6400000000e+02	2.9327922730e-02	-3.1844600514e-02	8.0068747702e-05	3.7617885850e-05
7.6500000000e+02	2.9365541115e-02	-3.1924693870e-02	8.0117954228e-05	3.7618881659e-05
7.6600000000e+02	2.9403160493e-02	-3.2004836401e-02	8.0167097772e-05	3.7619873606e-05
7.6700000000e+02	2.9440780860e-02	-3.2085028044e-02	8.0216178494e-05	3.7620861712e-05
7.6800000000e+02	2.9478402215e-02	-3.2165268737e-02	8.0265196552e-05	3.7621845996e-05
7.6900000000e+02	2.9516024551e-02	-3.2245558417e-02	8.0314152104e-05	3.7622826479e-05
7.7000000000e+02	2.9553647866e-02	-3.2325897021e-02	8.0363045308e-05	3.7623803179e-05
7.7100000000e+02	2.9591272156e-02	-3.2406284487e-02	8.0411876320e-05	3.7624776115e-05
7.7200000000e+02	2.9628897417e-02	-3.2486720753e-02	8.0460645298e-05	3.7625745308e-05
7.7300000000e+02	2.9666523646e-02	-3.2567205757e-02	8.0509352396e-05	3.7626710777e-05
7.7400000000e+02	2.9704150838e-02	-3.2647739437e-02	8.0557997771e-05	3.7627672539e-05
7.7500000000e+02	2.9741778990e-02	-3.2728321732e-02	8.0606581576e-05	3.7628630615e-05
7.7600000000e+02	2.9779408098e-02	-3.2808952579e-02	8.0655103965e-05	3.7629585023e-05
7.7700000000e+02	2.9817038158e-02	-3.2889631919e-02	8.0703565093e-05	3.7630535782e-05
7.7800000000e+02	2.9854669168e-02	-3.2970359689e-02	8.0751965112e-05	3.7631482909e-05
7.7900000000e+02	2.9892301123e-02	-3.3051135829e-02	8.0800304175e-05	3.7632426425e-05
7.8000000000e+02	2.9929934020e-02	-3.3131960277e-02	8.0848582432e-05	3.7633366346e-05
7.8100000000e+02	2.9967567854e-02	-3.3212832974e-02	8.0896800036e-05	3.7634302692e-05
7.8200000000e+02	3.0005202624e-02	-3.3293753857e-02	8.0944957137e-05	3.7635235479e-05
7.8300000000e+02	3.0042838324e-02	-3.3374722868e-02	8.0993053885e-05	3.7636164727e-05
7.8400000000e+02	3.0080474952e-02	-3.3455739945e-02	8.1041090430e-05	3.7637090453e-05
7.8500000000e+02	3.0118112504e-02	-3.3536805029e-02	8.1089066921e-05	3.7638012675e-05
7.8600000000e+02	3.0155750976e-02	-3.3617918059e-02	8.1136983505e-05	3.7638931409e-05
7.8700000000e+02	3.0193390366e-02	-3.3699078976e-02	8.1184840332e-05	3.7639846675e-05
7.8800000000e+02	3.0231030669e-02	-3.3780287720e-02	8.1232637548e-05	3.7640758489e-05
7.8900000000e+02	3.0268671881e-02	-3.3861544231e-02	8.1280375301e-05	3.7641666869e-05
7.9000000000e+02	3.0306314001e-02	-3.3942848450e-02	8.1328053736e-05	3.7642571832e-05
7.9100000000e+02	3.0343957024e-02	-3.4024200319e-02	8.1375673000e-05	3.7643473394e-05
7.9200000000e+02	3.0381600947e-02	-3.4105599777e-02	8.1423233237e-05	3.7644371573e-05
7.9300000000e+02	3.0419245766e-02	-3.4187046766e-02	8.1470734592e-05	3.7645266386e-05
7.9400000000e+02	3.0456891478e-02	-3.4268541226e-02	8.1518177210e-05	3.7646157849e-05
7.9500000000e+02	3.0494538081e-02	-3.4350083101e-02	8.1565561234e-05	3.7647045980e-05
7.9600000000e+02	3.0532185569e-02	-3.4431672329e-02	8.1612886807e-05	3.7647930794e-05
7.9700000000e+02	3.0569833941e-02	-3.4513308855e-02	8.1660154073e-05	3.7648812308e-05
7.9800000000e+02	3.0607483193e-02	-3.4594992618e-02	8.1707363172e-05	3.7649690539e-05
7.9900000000e+02	3.0645133321e-02	-3.4676723562e-02	8.1754514246e-05	3.7650565502e-05
8.0000000000e+02	3.0682784323e-02	-3.4758501627e-02	8.1801607438e-05	3.7651437215e-05
8.0100000000e+02	3.0720436194e-02	-3.4840326757e-02	8.1848642886e-05	3.7652305692e-05
8.0200000000e+02	3.0758088933e-02	-3.4922198894e-02	8.1895620732e-05	3.7653170950e-05
8.0300000000e+02	3.0795742535e-02	-3.5004117980e-02	8.1942541114e-05	3.7654033005e-05
8.0400000000e+02	3.0833396998e-02	-3.5086083957e-02	8.1989404173e-05	3.7654891872e-05
8.0500000000e+02	3.0871052318e-02	-3.5168096769e-02	8.2036210046e-05	3.7655747568e-05
8.0600000000e+02	3.0908708492e-02	-3.5250156358e-02	8.2082958871e-05	3.7656600107e-05
8.0700000000e+02	3.0946365517e-02	-3.5332262668e-02	8.2129650787e-05	3.7657449506e-05
8.0800000000e+02	3.0984023390e-02	-3.5414415641e-02	8.2176285929e-05	3.7658295779e-05
8.0900000000e+02	3.1021682108e-02	-3.5496615221e-02	8.2222864436e-05	3.7659138942e-05
8.1000000000e+02	3.1059341667e-02	-3.5578861351e-02	8.2269386442e-05	3.7659979010e-05
8.1100000000e+02	3.1097002065e-02	-3.5661153975e-02	8.2315852083e-05	3.7660815998e-05
8.1200000000e+02	3.1134663298e-02	-3.5743493036e-02	8.2362261495e-05	3.7661649922e-05
8.1300000000e+02	3.1172325363e-02	-3.5825878479e-02	8.2408614812e-05	3.7662480795e-05
8.1400000000e+02	3.1209988258e-02	-3.5908310247e-02	8.2454912169e-05	3.7663308634e-05
8.1500000000e+02	3.1247651980e-02	-3.5990788285e-02	8.2501153699e-05	3.7664133451e-05
8.1600000000e+02	3.1285316524e-02	-3.6073312536e-02	8.2547339535e-05	3.7664955264e-05
8.1700000000e+02	3.1322981889e-02	-3.6155882945e-02	8.2593469810e-05	3.7665774085e-05
8.1800000000e+02	3.1360648072e-02	-3.6238499457e-02	8.2639544656e-05	3.7666589929e-05
8.1900000000e+02	3.1398315068e-02	-3.6321162016e-02	8.2685564206e-05	3.7667402811e-05
8.2000000000e+02	3.1435982876e-02	-3.6403870567e-02	8.2731528589e-05	3.7668212745e-05
8.2100000000e+02	3.1473651493e-02	-3.6486625055e-02	8.2777437939e-05	3.7669019745e-05
8.2200000000e+02	3.1511320915e-02	-3.6569425425e-02	8.2823292384e-05	3.7669823826e-05
8.2300000000e+02	3.1548991139e-02	-3.6652271622e-02	8.2869092055e-05	3.7670625001e-05
8.2400000000e+02	3.1586662164e-02	-3.6735163591e-02	8.2914837081e-05	3.7671423284e-05
8.2500000000e+02	3.1624333985e-02	-3.6818101278e-02	8.2960527591e-05	3.7672218689e-05
8.2600000000e+02	3.1662006600e-02	-3.6901084628e-02	8.3006163714e-05	3.7673011231e-05
8.2700000000e+02	3.1699680006e-02	-3.6984113587e-02	8.3051745578e-05	3.7673800921e-05
8.2800000000e+02	3.1737354201e-02	-3.7067188101e-02	8.3097273311e-05	3.7674587776e-05
8.2900000000e+02	3.1775029181e-02	-3.7150308116e-02	8.3142747041e-05	3.7675371807e-05
8.3000000000e+02	3.1812704944e-02	-3.7233473577e-02	8.3188166892e-05	3.7676153028e-05
8.3100000000e+02	3.1850381486e-02	-3.7316684431e-02	8.3233532993e-05	3.7676931453e-05
8.3200000000e+02	3.1888058806e-02	-3.7399940625e-02	8.3278845470e-05	3.7677707095e-05
8.3300000000e+02	3.1925736899e-02	-3.7483242104e-02	8.3324104447e-05	3.7678479967e-05
8.3400000000e+02	3.1963415765e-02	-3.7566588816e-02	8.3369310049e-05	3.7679250083e-05
8.3500000000e+02	3.2001095399e-02	-3.7649980707e-02	8.3414462402e-05	3.7680017455e-05
8.3600000000e+02	3.2038775799e-02	-3.7733417723e-02	8.3459561629e-05	3.7680782096e-05
8.3700000000e+02	3.2076456962e-02	-3.7816899812e-02	8.3504607855e-05	3.7681544020e-05
8.3800000000e+02	3.2114138886e-02	-3.7900426921e-02	8.3549601202e-05	3.7682303239e-05
8.3900000000e+02	3.2151821568e-02	-3.7983998997e-02	8.3594541794e-05	3.7683059766e-05
8.4000000000e+02	3.2189505004e-02	-3.8067615987e-02	8.3639429752e-05	3.7683813613e-05
8.4100000000e+02	3.2227189194e-02	-3.8151277839e-02	8.3684265200e-05	3.7684564794e-05
8.4200000000e+02	3.2264874133e-02	-3.8234984500e-02	8.3729048258e-05	3.7685313320e-05
8.4300000000e+02	3.2302559820e-02	-3.8318735918e-02	8.3773779049e-05	3.7686059205e-05
8.4400000000e+02	3.2340246251e-02	-3.8402532041e-02	8.3818457692e-05	3.7686802460e-05
8.4500000000e+02	3.2377933424e-02	-3.8486372816e-02	8.3863084308e-05	3.7687543098e-05
8.4600000000e+02	3.2415621336e-02	-3.8570258192e-02	8.3907659017e-05	3.7688281132e-05
8.4700000000e+02	3.2453309985e-02	-3.8654188117e-02	8.3952181939e-05	3.7689016572e-05
8.4800000000e+02	3.2490999368e-02	-3.8738162539e-02	8.3996653193e-05	3.7689749433e-05
8.4900000000e+02	3.2528689483e-02	-3.8822181406e-02	8.4041072897e-05	3.7690479724e-05
8.5000000000e+02	3.2566380327e-02	-3.8906244668e-02	8.4085441170e-05	3.7691207459e-05
8.5100000000e+02	3.2604071897e-02	-3.8990352272e-02	8.4129758130e-05	3.7691932650e-05
8.5200000000e+02	3.2641764191e-02	-3.9074504167e-02	8.4174023895e-05	3.7692655308e-05
8.5300000000e+02	3.2679457207e-02	-3.9158700302e-02	8.4218238581e-05	3.7693375445e-05
8.5400000000e+02	3.2717150941e-02	-3.9242940627e-02	8.4262402305e-05	3.7694093072e-05
8.5500000000e+02	3.2754845392e-02	-3.9327225090e-02	8.4306515184e-05	3.7694808202e-05
8.5600000000e+02	3.2792540557e-02	-3.9411553640e-02	8.4350577334e-05	3.7695520845e-05
8.5700000000e+02	3.2830236433e-02	-3.9495926228e-02	8.4394588869e-05	3.7696231014e-05
8.5800000000e+02	3.2867933018e-02	-3.9580342801e-02	8.4438549906e-05	3.7696938719e-05
8.5900000000e+02	3.2905630310e-02	-3.9664803311e-02	8.4482460559e-05	3.7697643973e-05
8.6000000000e+02	3.2943328305e-02	-3.9749307706e-02	8.4526320943e-05	3.7698346786e-05
8.6100000000e+02	3.2981027003e-02	-3.9833855936e-02	8.4570131171e-05	3.7699047170e-05
8.6200000000e+02	3.3018726399e-02	-3.9918447951e-02	8.4613891358e-05	3.7699745135e-05
8.6300000000e+02	3.3056426492e-02	-4.0003083702e-02	8.4657601615e-05	3.7700440693e-05
8.6400000000e+02	3.3094127279e-02	-4.0087763138e-02	8.4701262057e-05	3.7701133856e-05
8.6500000000e+02	3.3131828759e-02	-4.0172486210e-02	8.4744872796e-05	3.7701824633e-05
8.6600000000e+02	3.3169530928e-02	-4.0257252867e-02	8.4788433943e-05	3.7702513036e-05
8.6700000000e+02	3.3207233784e-02	-4.0342063061e-02	8.4831945612e-05	3.7703199075e-05
8.6800000000e+02	3.3244937325e-02	-4.0426916742e-02	8.4875407912e-05	3.7703882762e-05
8.6900000000e+02	3.3282641549e-02	-4.0511813860e-02	8.4918820954e-05	3.7704564107e-05
8.7000000000e+02	3.3320346453e-02	-4.0596754367e-02	8.4962184851e-05	3.7705243121e-05
8.7100000000e+02	3.3358052034e-02	-4.0681738214e-02	8.5005499711e-05	3.7705919815e-05
8.7200000000e+02	3.3395758292e-02	-4.0766765351e-02	8.5048765645e-05	3.7706594198e-05
8.7300000000e+02	3.3433465222e-02	-4.0851835729e-02	8.5091982762e-05	3.7707266282e-05
8.7400000000e+02	3.3471172823e-02	-4.0936949300e-02	8.5135151171e-05	3.7707936076e-05
8.7500000000e+02	3.3508881093e-02	-4.1022106015e-02	8.5178270981e-05	3.7708603592e-05
8.7600000000e+02	3.3546590030e-02	-4.1107305826e-02	8.5221342301e-05	3.7709268840e-05
8.7700000000e+02	3.3584299630e-02	-4.1192548683e-02	8.5264365238e-05	3.7709931829e-05
8.7800000000e+02	3.3622009893e-02	-4.1277834540e-02	8.5307339901e-05	3.7710592570e-05
8.7900000000e+02	3.3659720815e-02	-4.1363163347e-02	8.5350266396e-05	3.7711251073e-05
8.8000000000e+02	3.3697432394e-02	-4.1448535057e-02	8.5393144831e-05	3.7711907349e-05
8.8100000000e+02	3.3735144629e-02	-4.1533949621e-02	8.5435975312e-05	3.7712561407e-05
8.8200000000e+02	3.3772857516e-02	-4.1619406991e-02	8.5478757945e-05	3.7713213256e-05
8.8300000000e+02	3.3810571055e-02	-4.1704907121e-02	8.5521492837e-05	3.7713862908e-05
8.8400000000e+02	3.3848285241e-02	-4.1790449961e-02	8.5564180093e-05	3.7714510372e-05
8.8500000000e+02	3.3886000075e-02	-4.1876035465e-02	8.5606819819e-05	3.7715155658e-05
8.8600000000e+02	3.3923715552e-02	-4.1961663585e-02	8.5649412118e-05	3.7715798775e-05
8.8700000000e+02	3.3961431671e-02	-4.2047334274e-02	8.5691957097e-05	3.7716439733e-05
8.8800000000e+02	3.3999148431e-02	-4.2133047484e-02	8.5734454858e-05	3.7717078543e-05
8.8900000000e+02	3.4036865828e-02	-4.2218803168e-02	8.5776905507e-05	3.7717715212e-05
8.9000000000e+02	3.4074583860e-02	-4.2304601279e-02	8.5819309145e-05	3.7718349751e-05
8.9100000000e+02	3.4112302527e-02	-4.2390441770e-02	8.5861665877e-05	3.7718982170e-05
8.9200000000e+02	3.4150021824e-02	-4.2476324595e-02	8.5903975806e-05	3.7719612478e-05
8.9300000000e+02	3.4187741751e-02	-4.2562249706e-02	8.5946239034e-05	3.7720240684e-05
8.9400000000e+02	3.4225462305e-02	-4.2648217058e-02	8.5988455662e-05	3.7720866797e-05
8.9500000000e+02	3.4263183484e-02	-4.2734226602e-02	8.6030625794e-05	3.7721490827e-05
8.9600000000e+02	3.4300905286e-02	-4.2820278294e-02	8.6072749530e-05	3.7722112783e-05
8.9700000000e+02	3.4338627709e-02	-4.2906372086e-02	8.6114826972e-05	3.7722732674e-05
8.9800000000e+02	3.4376350750e-02	-4.2992507932e-02	8.6156858221e-05	3.7723350510e-05
8.9900000000e+02	3.4414074409e-02	-4.3078685787e-02	8.6198843377e-05	3.7723966298e-05
9.0000000000e+02	3.4451798682e-02	-4.3164905604e-02	8.6240782540e-05	3.7724580049e-05
9.0100000000e+02	3.4489523568e-02	-4.3251167337e-02	8.6282675810e-05	3.7725191772e-05
9.0200000000e+02	3.4527249065e-02	-4.3337470940e-02	8.6324523287e-05	3.7725801474e-05
9.0300000000e+02	3.4564975171e-02	-4.3423816368e-02	8.6366325070e-05	3.7726409166e-05
9.0400000000e+02	3.4602701883e-02	-4.3510203575e-02	8.6408081259e-05	3.7727014856e-05
9.0500000000e+02	3.4640429200e-02	-4.3596632515e-02	8.6449791950e-05	3.7727618552e-05
9.0600000000e+02	3.4678157119e-02	-4.3683103144e-02	8.6491457244e-05	3.7728220264e-05
9.0700000000e+02	3.4715885640e-02	-4.3769615415e-02	8.6533077237e-05	3.7728819999e-05
9.0800000000e+02	3.4753614759e-02	-4.3856169283e-02	8.6574652028e-05	3.7729417768e-05
9.0900000000e+02	3.4791344474e-02	-4.3942764704e-02	8.6616181714e-05	3.7730013578e-05
9.1000000000e+02	3.4829074785e-02	-4.4029401632e-02	8.6657666392e-05	3.7730607437e-05
9.1100000000e+02	3.4866805689e-02	-4.4116080022e-02	8.6699106158e-05	3.7731199355e-05
9.1200000000e+02	3.4904537183e-02	-4.4202799829e-02	8.6740501110e-05	3.7731789340e-05
9.1300000000e+02	3.4942269267e-02	-4.4289561009e-02	8.6781851342e-05	3.7732377399e-05
9.1400000000e+02	3.4980001937e-02	-4.4376363517e-02	8.6823156952e-05	3.7732963543e-05
9.1500000000e+02	3.5017735193e-02	-4.4463207308e-02	8.6864418034e-05	3.7733547778e-05
9.1600000000e+02	3.5055469032e-02	-4.4550092338e-02	8.6905634684e-05	3.7734130113e-05
9.1700000000e+02	3.5093203453e-02	-4.4637018563e-02	8.6946806996e-05	3.7734710556e-05
9.1800000000e+02	3.5130938453e-02	-4.4723985937e-02	8.6987935065e-05	3.7735289116e-05
9.1900000000e+02	3.5168674030e-02	-4.4810994418e-02	8.7029018986e-05	3.7735865800e-05
9.2000000000e+02	3.5206410184e-02	-4.4898043961e-02	8.7070058852e-05	3.7736440617e-05
9.2100000000e+02	3.5244146911e-02	-4.4985134521e-02	8.7111054758e-05	3.7737013575e-05
9.2200000000e+02	3.5281884210e-02	-4.5072266055e-02	8.7152006796e-05	3.7737584681e-05
9.2300000000e+02	3.5319622080e-02	-4.5159438520e-02	8.7192915059e-05	3.7738153944e-05
9.2400000000e+02	3.5357360517e-02	-4.5246651871e-02	8.7233779641e-05	3.7738721372e-05
9.2500000000e+02	3.5395099522e-02	-4.5333906065e-02	8.7274600634e-05	3.7739286972e-05
9.2600000000e+02	3.5432839091e-02	-4.5421201058e-02	8.7315378130e-05	3.7739850752e-05
9.2700000000e+02	3.5470579223e-02	-4.5508536807e-02	8.7356112221e-05	3.7740412721e-05
9.2800000000e+02	3.5508319916e-02	-4.5595913268e-02	8.7396802999e-05	3.7740972885e-05
9.2900000000e+02	3.5546061168e-02	-4.5683330398e-02	8.7437450555e-05	3.7741531252e-05
9.3000000000e+02	3.5583802978e-02	-4.5770788154e-02	8.7478054981e-05	3.7742087831e-05
9.3100000000e+02	3.5621545343e-02	-4.5858286494e-02	8.7518616366e-05	3.7742642629e-05
9.3200000000e+02	3.5659288262e-02	-4.5945825373e-02	8.7559134802e-05	3.7743195652e-05
9.3300000000e+02	3.5697031734e-02	-4.6033404749e-02	8.7599610378e-05	3.7743746910e-05
9.3400000000e+02	3.5734775755e-02	-4.6121024579e-02	8.7640043185e-05	3.7744296409e-05
9.3500000000e+02	3.5772520326e-02	-4.6208684821e-02	8.7680433312e-05	3.7744844157e-05
9.3600000000e+02	3.5810265443e-02	-4.6296385432e-02	8.7720780849e-05	3.7745390162e-05
9.3700000000e+02	3.5848011106e-02	-4.6384126369e-02	8.7761085885e-05	3.7745934430e-05
9.3800000000e+02	3.5885757311e-02	-4.6471907589e-02	8.7801348508e-05	3.7746476968e-05
9.3900000000e+02	3.5923504059e-02	-4.6559729052e-02	8.7841568808e-05	3.7747017786e-05
9.4000000000e+02	3.5961251346e-02	-4.6647590713e-02	8.7881746872e-05	3.7747556888e-05
9.4100000000e+02	3.5998999172e-02	-4.6735492531e-02	8.7921882788e-05	3.7748094284e-05
9.4200000000e+02	3.6036747534e-02	-4.6823434465e-02	8.7961976644e-05	3.7748629980e-05
9.4300000000e+02	3.6074496432e-02	-4.6911416471e-02	8.8002028528e-05	3.7749163982e-05
9.4400000000e+02	3.6112245862e-02	-4.6999438508e-02	8.8042038527e-05	3.7749696299e-05
9.4500000000e+02	3.6149995824e-02	-4.7087500534e-02	8.8082006727e-05	3.7750226938e-05
9.4600000000e+02	3.6187746315e-02	-4.7175602507e-02	8.8121933216e-05	3.7750755904e-05
9.4700000000e+02	3.6225497335e-02	-4.7263744386e-02	8.8161818079e-05	3.7751283206e-05
9.4800000000e+02	3.6263248881e-02	-4.7351926129e-02	8.8201661404e-05	3.7751808851e-05
9.4900000000e+02	3.6301000952e-02	-4.7440147695e-02	8.8241463274e-05	3.7752332844e-05
9.5000000000e+02	3.6338753546e-02	-4.7528409042e-02	8.8281223777e-05	3.7752855194e-05
9.5100000000e+02	3.6376506662e-02	-4.7616710129e-02	8.8320942998e-05	3.7753375907e-05
9.5200000000e+02	3.6414260297e-02	-4.7705050915e-02	8.8360621021e-05	3.7753894989e-05
9.5300000000e+02	3.6452014451e-02	-4.7793431357e-02	8.8400257932e-05	3.7754412449e-05
9.5400000000e+02	3.6489769122e-02	-4.7881851417e-02	8.8439853814e-05	3.7754928291e-05
9.5500000000e+02	3.6527524307e-02	-4.7970311051e-02	8.8479408753e-05	3.7755442524e-05
9.5600000000e+02	3.6565280006e-02	-4.8058810221e-02	8.8518922832e-05	3.7755955154e-05
9.5700000000e+02	3.6603036217e-02	-4.8147348883e-02	8.8558396134e-05	3.7756466187e-05
9.5800000000e+02	3.6640792938e-02	-4.8235926999e-02	8.8597828745e-05	3.7756975630e-05
9.5900000000e+02	3.6678550168e-02	-4.8324544527e-02	8.8637220746e-05	3.7757483489e-05
9.6000000000e+02	3.6716307905e-02	-4.8413201427e-02	8.8676572221e-05	3.7757989772e-05
9.6100000000e+02	3.6754066147e-02	-4.8501897658e-02	8.8715883252e-05	3.7758494485e-05
9.6200000000e+02	3.6791824893e-02	-4.8590633180e-02	8.8755153922e-05	3.7758997633e-05
9.6300000000e+02	3.6829584142e-02	-4.8679407953e-02	8.8794384314e-05	3.7759499224e-05
9.6400000000e+02	3.6867343891e-02	-4.8768221936e-02	8.8833574509e-05	3.7759999265e-05
9.6500000000e+02	3.6905104140e-02	-4.8857075088e-02	8.8872724589e-05	3.7760497760e-05
9.6600000000e+02	3.6942864886e-02	-4.8945967371e-02	8.8911834635e-05	3.7760994718e-05
9.6700000000e+02	3.6980626129e-02	-4.9034898744e-02	8.8950904729e-05	3.7761490143e-05
9.6800000000e+02	3.7018387866e-02	-4.9123869168e-02	8.8989934952e-05	3.7761984043e-05
9.6900000000e+02	3.7056150096e-02	-4.9212878601e-02	8.9028925384e-05	3.7762476423e-05
9.7000000000e+02	3.7093912818e-02	-4.9301927005e-02	8.9067876106e-05	3.7762967290e-05
9.7100000000e+02	3.7131676030e-02	-4.9391014340e-02	8.9106787199e-05	3.7763456650e-05
9.7200000000e+02	3.7169439731e-02	-4.9480140566e-02	8.9145658742e-05	3.7763944510e-05
9.7300000000e+02	3.7207203919e-02	-4.9569305644e-02	8.9184490815e-05	3.7764430874e-05
9.7400000000e+02	3.7244968592e-02	-4.9658509535e-02	8.9223283498e-05	3.7764915750e-05
9.7500000000e+02	3.7282733750e-02	-4.9747752198e-02	8.9262036870e-05	3.7765399143e-05
9.7600000000e+02	3.7320499390e-02	-4.9837033595e-02	8.9300751010e-05	3.7765881060e-05
9.7700000000e+02	3.7358265511e-02	-4.9926353687e-02	8.9339425997e-05	3.7766361506e-05
9.7800000000e+02	3.7396032113e-02	-5.0015712434e-02	8.9378061909e-05	3.7766840487e-05
9.7900000000e+02	3.7433799192e-02	-5.0105109798e-02	8.9416658825e-05	3.7767318010e-05
9.8000000000e+02	3.7471566748e-02	-5.0194545739e-02	8.9455216824e-05	3.7767794080e-05
9.8100000000e+02	3.7509334780e-02	-5.0284020219e-02	8.9493735982e-05	3.7768268704e-05
9.8200000000e+02	3.7547103285e-02	-5.0373533198e-02	8.9532216378e-05	3.7768741886e-05
9.8300000000e+02	3.7584872263e-02	-5.0463084639e-02	8.9570658089e-05	3.7769213633e-05
9.8400000000e+02	3.7622641712e-02	-5.0552674501e-02	8.9609061192e-05	3.7769683950e-05
9.8500000000e+02	3.7660411630e-02	-5.0642302748e-02	8.9647425765e-05	3.7770152844e-05
9.8600000000e+02	3.7698182017e-02	-5.0731969340e-02	8.9685751884e-05	3.7770620320e-05
9.8700000000e+02	3.7735952870e-02	-5.0821674239e-02	8.9724039625e-05	3.7771086384e-05
9.8800000000e+02	3.7773724189e-02	-5.0911417407e-02	8.9762289065e-05	3.7771551041e-05
9.8900000000e+02	3.7811495972e-02	-5.1001198805e-02	8.9800500280e-05	3.7772014298e-05
9.9000000000e+02	3.7849268217e-02	-5.1091018395e-02	8.9838673345e-05	3.7772476159e-05
9.9100000000e+02	3.7887040924e-02	-5.1180876139e-02	8.9876808337e-05	3.7772936630e-05
9.9200000000e+02	3.7924814090e-02	-5.1270771999e-02	8.9914905331e-05	3.7773395717e-05
9.9300000000e+02	3.7962587715e-02	-5.1360705937e-02	8.9952964402e-05	3.7773853426e-05
9.9400000000e+02	3.8000361797e-02	-5.1450677915e-02	8.9990985625e-05	3.7774309762e-05
9.9500000000e+02	3.8038136334e-02	-5.1540687895e-02	9.0028969075e-05	3.7774764730e-05
9.9600000000e+02	3.8075911326e-02	-5.1630735840e-02	9.0066914825e-05	3.7775218335e-05
9.9700000000e+02	3.8113686770e-02	-5.1720821712e-02	9.0104822951e-05	3.7775670585e-05
9.9800000000e+02	3.8151462666e-02	-5.1810945474e-02	9.0142693527e-05	3.7776121482e-05
9.9900000000e+02	3.8189239013e-02	-5.1901107087e-02	9.0180526626e-05	3.7776571034e-05
