# total modes from dos = 5.9999752850e+00
# ZPE = 4.6511347463e-03 Ry/cell
# Multiply by 13.6058 to have energies in eV/cell etc..
# Multiply by 13.6058 x 23060.35 = 313 754.5 to have energies in cal/(N mol).
# Multiply by 13.6058 x 96526.0 = 1 313 313 to have energies in J/(N mol).
# N is the number of formula units per cell.
#
# T (K) 	Evib (Ry/cell)	Fvib (Ry/cell)	Svib (Ry/cell/K)	Cvib (Ry/cell/K)
1.0000000000e+00	4.6511347600e-03	4.6511346797e-03	8.0380517961e-11	4.0240203448e-11
2.0000000000e+00	4.6511348822e-03	4.6511345677e-03	1.5722936008e-10	2.4498621632e-10
3.0000000000e+00	4.6511353591e-03	4.6511343287e-03	3.4346376643e-10	7.7713862593e-10
4.0000000000e+00	4.6511366002e-03	4.6511338262e-03	6.9350675680e-10	1.8006247767e-09
5.0000000000e+00	4.6511391792e-03	4.6511328689e-03	1.2620712825e-09	3.4807942398e-09
6.0000000000e+00	4.6511438366e-03	4.6511312108e-03	2.1043019504e-09	5.9856351298e-09
7.0000000000e+00	4.6511514829e-03	4.6511285505e-03	3.2760623540e-09	9.4878594314e-09
8.0000000000e+00	4.6511632049e-03	4.6511245299e-03	4.8343792060e-09	1.4168156457e-08
9.0000000000e+00	4.6511802764e-03	4.6511187333e-03	6.8381274206e-09	2.0220805803e-08
1.0000000000e+01	4.6512041763e-03	4.6511106846e-03	9.3491721337e-09	2.7864154106e-08
1.1000000000e+01	4.6512366210e-03	4.6510998436e-03	1.2434309588e-08	3.7358749153e-08
1.2000000000e+01	4.6512796194e-03	4.6510855998e-03	1.6168300569e-08	4.9033494194e-08
1.3000000000e+01	4.6513355558e-03	4.6510672620e-03	2.0637989039e-08	6.3315934402e-08
1.4000000000e+01	4.6514073034e-03	4.6510440443e-03	2.5947082891e-08	8.0759653526e-08
1.5000000000e+01	4.6514983596e-03	4.6510150465e-03	3.2220870805e-08	1.0206166745e-07
1.6000000000e+01	4.6516129924e-03	4.6509792310e-03	3.9610089225e-08	1.2806526515e-07
1.7000000000e+01	4.6517563817e-03	4.6509353953e-03	4.8293317518e-08	1.5974730707e-07
1.8000000000e+01	4.6519347405e-03	4.6508821443e-03	5.8477563396e-08	1.9819204398e-07
1.9000000000e+01	4.6521554050e-03	4.6508178621e-03	7.0396995646e-08	2.4455535003e-07
2.0000000000e+01	4.6524268864e-03	4.6507406860e-03	8.4310016533e-08	3.0002385328e-07
2.1000000000e+01	4.6527588802e-03	4.6506484849e-03	1.0049501471e-07	3.6577313071e-07
2.2000000000e+01	4.6531622356e-03	4.6505388411e-03	1.1924520488e-07	4.4292831966e-07
2.3000000000e+01	4.6536488868e-03	4.6504090387e-03	1.4086296147e-07	5.3252951168e-07
2.4000000000e+01	4.6542317536e-03	4.6502560573e-03	1.6565401260e-07	6.3550334898e-07
2.5000000000e+01	4.6549246166e-03	4.6500765716e-03	1.9392179701e-07	7.5264144621e-07
2.6000000000e+01	4.6557419737e-03	4.6498669561e-03	2.2596221549e-07	8.8458564828e-07
2.7000000000e+01	4.6566988863e-03	4.6496232949e-03	2.6205893874e-07	1.0318197042e-06
2.8000000000e+01	4.6578108191e-03	4.6493413967e-03	3.0247937179e-07	1.1946666622e-06
2.9000000000e+01	4.6590934805e-03	4.6490168121e-03	3.4747132312e-07	1.3732911437e-06
3.0000000000e+01	4.6605626663e-03	4.6486448548e-03	3.9726038548e-07	1.5677055989e-06
3.1000000000e+01	4.6622341130e-03	4.6482206249e-03	4.5204800439e-07	1.7777796588e-06
3.2000000000e+01	4.6641233597e-03	4.6477390336e-03	5.1201018844e-07	2.0032517600e-06
3.3000000000e+01	4.6662456238e-03	4.6471948294e-03	5.7729680114e-07	2.2437422992e-06
3.4000000000e+01	4.6686156902e-03	4.6465826238e-03	6.4803136608e-07	2.4987676762e-06
3.5000000000e+01	4.6712478139e-03	4.6458969179e-03	7.2431131373e-07	2.7677546863e-06
3.6000000000e+01	4.6741556380e-03	4.6451321284e-03	8.0620859880e-07	3.0500548246e-06
3.7000000000e+01	4.6773521251e-03	4.6442826122e-03	8.9377061979e-07	3.3449581562e-06
3.8000000000e+01	4.6808495030e-03	4.6433426907e-03	9.8702137719e-07	3.6517064948e-06
3.9000000000e+01	4.6846592220e-03	4.6423066723e-03	1.0859628126e-06	3.9695057011e-06
4.0000000000e+01	4.6887919253e-03	4.6411688742e-03	1.1905762775e-06	4.2975369795e-06
4.1000000000e+01	4.6932574290e-03	4.6399236415e-03	1.3008240859e-06	4.6349671027e-06
4.2000000000e+01	4.6980647129e-03	4.6385653661e-03	1.4166511142e-06	4.9809575337e-06
4.3000000000e+01	4.7032219188e-03	4.6370885030e-03	1.5379864136e-06	5.3346724523e-06
4.4000000000e+01	4.7087363570e-03	4.6354875854e-03	1.6647448100e-06	5.6952857161e-06
4.5000000000e+01	4.7146145193e-03	4.6337572382e-03	1.7968284687e-06	6.0619868049e-06
4.6000000000e+01	4.7208620964e-03	4.6318921896e-03	1.9341284077e-06	6.4339858123e-06
4.7000000000e+01	4.7274840015e-03	4.6298872820e-03	2.0765259452e-06	6.8105175553e-06
4.8000000000e+01	4.7344843963e-03	4.6277374808e-03	2.2238940739e-06	7.1908448776e-06
4.9000000000e+01	4.7418667205e-03	4.6254378817e-03	2.3760987528e-06	7.5742612262e-06
5.0000000000e+01	4.7496337234e-03	4.6229837177e-03	2.5330001148e-06	7.9600925760e-06
5.1000000000e+01	4.7577874969e-03	4.6203703640e-03	2.6944535865e-06	8.3476987802e-06
5.2000000000e+01	4.7663295104e-03	4.6175933425e-03	2.8603109208e-06	8.7364744164e-06
5.3000000000e+01	4.7752606451e-03	4.6146483245e-03	3.0304211427e-06	9.1258491962e-06
5.4000000000e+01	4.7845812297e-03	4.6115311335e-03	3.2046314112e-06	9.5152880011e-06
5.5000000000e+01	4.7942910753e-03	4.6082377463e-03	3.3827877996e-06	9.9042906011e-06
5.6000000000e+01	4.8043895098e-03	4.6047642940e-03	3.5647359977e-06	1.0292391109e-05
5.7000000000e+01	4.8148754124e-03	4.6011070618e-03	3.7503219404e-06	1.0679157214e-05
5.8000000000e+01	4.8257472459e-03	4.5972624886e-03	3.9393923670e-06	1.1064189245e-05
5.9000000000e+01	4.8370030898e-03	4.5932271662e-03	4.1317953149e-06	1.1447119087e-05
6.0000000000e+01	4.8486406704e-03	4.5889978372e-03	4.3273805532e-06	1.1827608993e-05
6.1000000000e+01	4.8606573913e-03	4.5845713937e-03	4.5259999596e-06	1.2205350321e-05
6.2000000000e+01	4.8730503610e-03	4.5799448745e-03	4.7275078458e-06	1.2580062209e-05
6.3000000000e+01	4.8858164208e-03	4.5751154629e-03	4.9317612361e-06	1.2951490223e-05
6.4000000000e+01	4.8989521701e-03	4.5700804836e-03	5.1386201011e-06	1.3319404989e-05
6.5000000000e+01	4.9124539909e-03	4.5648373999e-03	5.3479475536e-06	1.3683600815e-05
6.6000000000e+01	4.9263180707e-03	4.5593838102e-03	5.5596100076e-06	1.4043894339e-05
6.7000000000e+01	4.9405404244e-03	4.5537174450e-03	5.7734773056e-06	1.4400123189e-05
6.8000000000e+01	4.9551169144e-03	4.5478361629e-03	5.9894228166e-06	1.4752144675e-05
6.9000000000e+01	4.9700432697e-03	4.5417379476e-03	6.2073235083e-06	1.5099834517e-05
7.0000000000e+01	4.9853151037e-03	4.5354209040e-03	6.4270599960e-06	1.5443085624e-05
7.1000000000e+01	5.0009279308e-03	4.5288832543e-03	6.6485165708e-06	1.5781806903e-05
7.2000000000e+01	5.0168771820e-03	4.5221233349e-03	6.8715812103e-06	1.6115922132e-05
7.3000000000e+01	5.0331582188e-03	4.5151395920e-03	7.0961455723e-06	1.6445368874e-05
7.4000000000e+01	5.0497663469e-03	4.5079305787e-03	7.3221049750e-06	1.6770097444e-05
7.5000000000e+01	5.0666968282e-03	4.5004949508e-03	7.5493583656e-06	1.7090069931e-05
7.6000000000e+01	5.0839448923e-03	4.4928314632e-03	7.7778082770e-06	1.7405259273e-05
7.7000000000e+01	5.1015057466e-03	4.4849389667e-03	8.0073607770e-06	1.7715648373e-05
7.8000000000e+01	5.1193745862e-03	4.4768164043e-03	8.2379254086e-06	1.8021229280e-05
7.9000000000e+01	5.1375466025e-03	4.4684628076e-03	8.4694151247e-06	1.8322002406e-05
8.0000000000e+01	5.1560169910e-03	4.4598772936e-03	8.7017462171e-06	1.8617975801e-05
8.1000000000e+01	5.1747809591e-03	4.4510590616e-03	8.9348382409e-06	1.8909164463e-05
8.2000000000e+01	5.1938337321e-03	4.4420073893e-03	9.1686139361e-06	1.9195589704e-05
8.3000000000e+01	5.2131705596e-03	4.4327216306e-03	9.4029991455e-06	1.9477278546e-05
8.4000000000e+01	5.2327867210e-03	4.4232012116e-03	9.6379227315e-06	1.9754263172e-05
8.5000000000e+01	5.2526775301e-03	4.4134456284e-03	9.8733164909e-06	2.0026580397e-05
8.6000000000e+01	5.2728383396e-03	4.4034544437e-03	1.0109115069e-05	2.0294271193e-05
8.7000000000e+01	5.2932645452e-03	4.3932272842e-03	1.0345255874e-05	2.0557380238e-05
8.8000000000e+01	5.3139515888e-03	4.3827638379e-03	1.0581678988e-05	2.0815955500e-05
8.9000000000e+01	5.3348949619e-03	4.3720638513e-03	1.0818327086e-05	2.1070047853e-05
9.0000000000e+01	5.3560902080e-03	4.3611271270e-03	1.1055145344e-05	2.1319710723e-05
9.1000000000e+01	5.3775329254e-03	4.3499535214e-03	1.1292081363e-05	2.1564999758e-05
9.2000000000e+01	5.3992187688e-03	4.3385429417e-03	1.1529085076e-05	2.1805972524e-05
9.3000000000e+01	5.4211434514e-03	4.3268953446e-03	1.1766108675e-05	2.2042688227e-05
9.4000000000e+01	5.4433027464e-03	4.3150107330e-03	1.2003106525e-05	2.2275207460e-05
9.5000000000e+01	5.4656924881e-03	4.3028891547e-03	1.2240035088e-05	2.2503591960e-05
9.6000000000e+01	5.4883085729e-03	4.2905306998e-03	1.2476852845e-05	2.2727904399e-05
9.7000000000e+01	5.5111469606e-03	4.2779354991e-03	1.2713520222e-05	2.2948208184e-05
9.8000000000e+01	5.5342036744e-03	4.2651037221e-03	1.2949999514e-05	2.3164567275e-05
9.9000000000e+01	5.5574748017e-03	4.2520355748e-03	1.3186254818e-05	2.3377046019e-05
1.0000000000e+02	5.5809564945e-03	4.2387312985e-03	1.3422251960e-05	2.3585709005e-05
1.0100000000e+02	5.6046449694e-03	4.2251911678e-03	1.3657958432e-05	2.3790620921e-05
1.0200000000e+02	5.6285365076e-03	4.2114154888e-03	1.3893343321e-05	2.3991846434e-05
1.0300000000e+02	5.6526274550e-03	4.1974045981e-03	1.4128377251e-05	2.4189450077e-05
1.0400000000e+02	5.6769142219e-03	4.1831588606e-03	1.4363032319e-05	2.4383496146e-05
1.0500000000e+02	5.7013932827e-03	4.1686786686e-03	1.4597282039e-05	2.4574048610e-05
1.0600000000e+02	5.7260611757e-03	4.1539644401e-03	1.4831101280e-05	2.4761171030e-05
1.0700000000e+02	5.7509145025e-03	4.1390166175e-03	1.5064466215e-05	2.4944926481e-05
1.0800000000e+02	5.7759499272e-03	4.1238356666e-03	1.5297354265e-05	2.5125377491e-05
1.0900000000e+02	5.8011641766e-03	4.1084220751e-03	1.5529744051e-05	2.5302585982e-05
1.1000000000e+02	5.8265540388e-03	4.0927763514e-03	1.5761615340e-05	2.5476613216e-05
1.1100000000e+02	5.8521163628e-03	4.0768990236e-03	1.5992949002e-05	2.5647519751e-05
1.1200000000e+02	5.8778480580e-03	4.0607906386e-03	1.6223726959e-05	2.5815365400e-05
1.1300000000e+02	5.9037460930e-03	4.0444517606e-03	1.6453932145e-05	2.5980209200e-05
1.1400000000e+02	5.9298074952e-03	4.0278829706e-03	1.6683548461e-05	2.6142109376e-05
1.1500000000e+02	5.9560293497e-03	4.0110848651e-03	1.6912560736e-05	2.6301123323e-05
1.1600000000e+02	5.9824087986e-03	3.9940580553e-03	1.7140954684e-05	2.6457307579e-05
1.1700000000e+02	6.0089430402e-03	3.9768031663e-03	1.7368716871e-05	2.6610717808e-05
1.1800000000e+02	6.0356293278e-03	3.9593208363e-03	1.7595834674e-05	2.6761408788e-05
1.1900000000e+02	6.0624649693e-03	3.9416117157e-03	1.7822296249e-05	2.6909434398e-05
1.2000000000e+02	6.0894473258e-03	3.9236764663e-03	1.8048090496e-05	2.7054847610e-05
1.2100000000e+02	6.1165738111e-03	3.9055157606e-03	1.8273207029e-05	2.7197700483e-05
1.2200000000e+02	6.1438418904e-03	3.8871302814e-03	1.8497636140e-05	2.7338044157e-05
1.2300000000e+02	6.1712490798e-03	3.8685207205e-03	1.8721368775e-05	2.7475928857e-05
1.2400000000e+02	6.1987929449e-03	3.8496877788e-03	1.8944396501e-05	2.7611403887e-05
1.2500000000e+02	6.2264711005e-03	3.8306321651e-03	1.9166711483e-05	2.7744517634e-05
1.2600000000e+02	6.2542812089e-03	3.8113545958e-03	1.9388306453e-05	2.7875317575e-05
1.2700000000e+02	6.2822209799e-03	3.7918557944e-03	1.9609174688e-05	2.8003850277e-05
1.2800000000e+02	6.3102881690e-03	3.7721364908e-03	1.9829309986e-05	2.8130161405e-05
1.2900000000e+02	6.3384805771e-03	3.7521974207e-03	2.0048706639e-05	2.8254295730e-05
1.3000000000e+02	6.3667960495e-03	3.7320393255e-03	2.0267359415e-05	2.8376297136e-05
1.3100000000e+02	6.3952324747e-03	3.7116629514e-03	2.0485263537e-05	2.8496208630e-05
1.3200000000e+02	6.4237877841e-03	3.6910690494e-03	2.0702414657e-05	2.8614072350e-05
1.3300000000e+02	6.4524599506e-03	3.6702583744e-03	2.0918808844e-05	2.8729929577e-05
1.3400000000e+02	6.4812469880e-03	3.6492316852e-03	2.1134442558e-05	2.8843820749e-05
1.3500000000e+02	6.5101469500e-03	3.6279897438e-03	2.1349312638e-05	2.8955785464e-05
1.3600000000e+02	6.5391579297e-03	3.6065333154e-03	2.1563416281e-05	2.9065862502e-05
1.3700000000e+02	6.5682780584e-03	3.5848631676e-03	2.1776751028e-05	2.9174089830e-05
1.3800000000e+02	6.5975055052e-03	3.5629800704e-03	2.1989314745e-05	2.9280504618e-05
1.3900000000e+02	6.6268384756e-03	3.5408847957e-03	2.2201105611e-05	2.9385143253e-05
1.4000000000e+02	6.6562752115e-03	3.5185781173e-03	2.2412122102e-05	2.9488041348e-05
1.4100000000e+02	6.6858139898e-03	3.4960608101e-03	2.2622362977e-05	2.9589233760e-05
1.4200000000e+02	6.7154531218e-03	3.4733336502e-03	2.2831827265e-05	2.9688754600e-05
1.4300000000e+02	6.7451909529e-03	3.4503974146e-03	2.3040514254e-05	2.9786637248e-05
1.4400000000e+02	6.7750258612e-03	3.4272528809e-03	2.3248423474e-05	2.9882914367e-05
1.4500000000e+02	6.8049562571e-03	3.4039008270e-03	2.3455554690e-05	2.9977617913e-05
1.4600000000e+02	6.8349805829e-03	3.3803420309e-03	2.3661907890e-05	3.0070779155e-05
1.4700000000e+02	6.8650973115e-03	3.3565772705e-03	2.3867483272e-05	3.0162428683e-05
1.4800000000e+02	6.8953049463e-03	3.3326073235e-03	2.4072281235e-05	3.0252596423e-05
1.4900000000e+02	6.9256020202e-03	3.3084329670e-03	2.4276302371e-05	3.0341311652e-05
1.5000000000e+02	6.9559870950e-03	3.2840549774e-03	2.4479547451e-05	3.0428603007e-05
1.5100000000e+02	6.9864587609e-03	3.2594741305e-03	2.4682017420e-05	3.0514498504e-05
1.5200000000e+02	7.0170156359e-03	3.2346912006e-03	2.4883713390e-05	3.0599025548e-05
1.5300000000e+02	7.0476563648e-03	3.2097069613e-03	2.5084636625e-05	3.0682210942e-05
1.5400000000e+02	7.0783796193e-03	3.1845221845e-03	2.5284788538e-05	3.0764080908e-05
1.5500000000e+02	7.1091840967e-03	3.1591376408e-03	2.5484170684e-05	3.0844661093e-05
1.5600000000e+02	7.1400685199e-03	3.1335540991e-03	2.5682784749e-05	3.0923976584e-05
1.5700000000e+02	7.1710316365e-03	3.1077723267e-03	2.5880632547e-05	3.1002051918e-05
1.5800000000e+02	7.2020722184e-03	3.0817930888e-03	2.6077716010e-05	3.1078911099e-05
1.5900000000e+02	7.2331890612e-03	3.0556171488e-03	2.6274037185e-05	3.1154577604e-05
1.6000000000e+02	7.2643809837e-03	3.0292452678e-03	2.6469598224e-05	3.1229074396e-05
1.6100000000e+02	7.2956468275e-03	3.0026782050e-03	2.6664401383e-05	3.1302423940e-05
1.6200000000e+02	7.3269854565e-03	2.9759167169e-03	2.6858449010e-05	3.1374648208e-05
1.6300000000e+02	7.3583957560e-03	2.9489615580e-03	2.7051743546e-05	3.1445768694e-05
1.6400000000e+02	7.3898766330e-03	2.9218134800e-03	2.7244287518e-05	3.1515806423e-05
1.6500000000e+02	7.4214270148e-03	2.8944732322e-03	2.7436083531e-05	3.1584781962e-05
1.6600000000e+02	7.4530458495e-03	2.8669415614e-03	2.7627134266e-05	3.1652715432e-05
1.6700000000e+02	7.4847321049e-03	2.8392192112e-03	2.7817442477e-05	3.1719626515e-05
1.6800000000e+02	7.5164847682e-03	2.8113069230e-03	2.8007010983e-05	3.1785534466e-05
1.6900000000e+02	7.5483028457e-03	2.7832054349e-03	2.8195842668e-05	3.1850458125e-05
1.7000000000e+02	7.5801853625e-03	2.7549154823e-03	2.8383940472e-05	3.1914415920e-05
1.7100000000e+02	7.6121313616e-03	2.7264377976e-03	2.8571307392e-05	3.1977425884e-05
1.7200000000e+02	7.6441399042e-03	2.6977731101e-03	2.8757946477e-05	3.2039505660e-05
1.7300000000e+02	7.6762100686e-03	2.6689221462e-03	2.8943860824e-05	3.2100672510e-05
1.7400000000e+02	7.7083409505e-03	2.6398856290e-03	2.9129053572e-05	3.2160943324e-05
1.7500000000e+02	7.7405316621e-03	2.6106642785e-03	2.9313527906e-05	3.2220334631e-05
1.7600000000e+02	7.7727813320e-03	2.5812588116e-03	2.9497287048e-05	3.2278862604e-05
1.7700000000e+02	7.8050891048e-03	2.5516699417e-03	2.9680334255e-05	3.2336543071e-05
1.7800000000e+02	7.8374541408e-03	2.5218983793e-03	2.9862672818e-05	3.2393391520e-05
1.7900000000e+02	7.8698756156e-03	2.4919448312e-03	3.0044306058e-05	3.2449423110e-05
1.8000000000e+02	7.9023527197e-03	2.4618100011e-03	3.0225237325e-05	3.2504652677e-05
1.8100000000e+02	7.9348846585e-03	2.4314945894e-03	3.0405469995e-05	3.2559094742e-05
1.8200000000e+02	7.9674706514e-03	2.4009992929e-03	3.0585007465e-05	3.2612763519e-05
1.8300000000e+02	8.0001099324e-03	2.3703248051e-03	3.0763853155e-05	3.2665672918e-05
1.8400000000e+02	8.0328017487e-03	2.3394718160e-03	3.0942010504e-05	3.2717836560e-05
1.8500000000e+02	8.0655453614e-03	2.3084410124e-03	3.1119482968e-05	3.2769267776e-05
1.8600000000e+02	8.0983400445e-03	2.2772330772e-03	3.1296274017e-05	3.2819979616e-05
1.8700000000e+02	8.1311850851e-03	2.2458486903e-03	3.1472387138e-05	3.2869984860e-05
1.8800000000e+02	8.1640797828e-03	2.2142885278e-03	3.1647825825e-05	3.2919296017e-05
1.8900000000e+02	8.1970234498e-03	2.1825532623e-03	3.1822593585e-05	3.2967925337e-05
1.9000000000e+02	8.2300154102e-03	2.1506435631e-03	3.1996693932e-05	3.3015884815e-05
1.9100000000e+02	8.2630550001e-03	2.1185600957e-03	3.2170130389e-05	3.3063186193e-05
1.9200000000e+02	8.2961415671e-03	2.0863035224e-03	3.2342906483e-05	3.3109840976e-05
1.9300000000e+02	8.3292744703e-03	2.0538745017e-03	3.2515025744e-05	3.3155860426e-05
1.9400000000e+02	8.3624530798e-03	2.0212736887e-03	3.2686491707e-05	3.3201255574e-05
1.9500000000e+02	8.3956767769e-03	1.9885017349e-03	3.2857307908e-05	3.3246037225e-05
1.9600000000e+02	8.4289449533e-03	1.9555592883e-03	3.3027477883e-05	3.3290215962e-05
1.9700000000e+02	8.4622570113e-03	1.9224469933e-03	3.3197005167e-05	3.3333802150e-05
1.9800000000e+02	8.4956123635e-03	1.8891654910e-03	3.3365893295e-05	3.3376805945e-05
1.9900000000e+02	8.5290104324e-03	1.8557154186e-03	3.3534145798e-05	3.3419237293e-05
2.0000000000e+02	8.5624506505e-03	1.8220974101e-03	3.3701766202e-05	3.3461105941e-05
2.0100000000e+02	8.5959324599e-03	1.7883120958e-03	3.3868758031e-05	3.3502421436e-05
2.0200000000e+02	8.6294553121e-03	1.7543601024e-03	3.4035124801e-05	3.3543193133e-05
2.0300000000e+02	8.6630186680e-03	1.7202420533e-03	3.4200870023e-05	3.3583430199e-05
2.0400000000e+02	8.6966219973e-03	1.6859585684e-03	3.4365997201e-05	3.3623141617e-05
2.0500000000e+02	8.7302647789e-03	1.6515102638e-03	3.4530509830e-05	3.3662336188e-05
2.0600000000e+02	8.7639465003e-03	1.6168977524e-03	3.4694411397e-05	3.3701022539e-05
2.0700000000e+02	8.7976666574e-03	1.5821216435e-03	3.4857705381e-05	3.3739209124e-05
2.0800000000e+02	8.8314247547e-03	1.5471825430e-03	3.5020395249e-05	3.3776904230e-05
2.0900000000e+02	8.8652203047e-03	1.5120810532e-03	3.5182484457e-05	3.3814115978e-05
2.1000000000e+02	8.8990528282e-03	1.4768177732e-03	3.5343976453e-05	3.3850852330e-05
2.1100000000e+02	8.9329218535e-03	1.4413932983e-03	3.5504874670e-05	3.3887121090e-05
2.1200000000e+02	8.9668269170e-03	1.4058082206e-03	3.5665182530e-05	3.3922929908e-05
2.1300000000e+02	9.0007675625e-03	1.3700631288e-03	3.5824903445e-05	3.3958286287e-05
2.1400000000e+02	9.0347433413e-03	1.3341586082e-03	3.5984040809e-05	3.3993197579e-05
2.1500000000e+02	9.0687538117e-03	1.2980952406e-03	3.6142598005e-05	3.4027670996e-05
2.1600000000e+02	9.1027985397e-03	1.2618736045e-03	3.6300578404e-05	3.4061713608e-05
2.1700000000e+02	9.1368770977e-03	1.2254942750e-03	3.6457985358e-05	3.4095332348e-05
2.1800000000e+02	9.1709890653e-03	1.1889578238e-03	3.6614822209e-05	3.4128534016e-05
2.1900000000e+02	9.2051340289e-03	1.1522648195e-03	3.6771092281e-05	3.4161325281e-05
2.2000000000e+02	9.2393115813e-03	1.1154158271e-03	3.6926798883e-05	3.4193712681e-05
2.2100000000e+02	9.2735213218e-03	1.0784114084e-03	3.7081945309e-05	3.4225702633e-05
2.2200000000e+02	9.3077628562e-03	1.0412521221e-03	3.7236534838e-05	3.4257301427e-05
2.2300000000e+02	9.3420357963e-03	1.0039385233e-03	3.7390570731e-05	3.4288515236e-05
2.2400000000e+02	9.3763397603e-03	9.6647116408e-04	3.7544056233e-05	3.4319350115e-05
2.2500000000e+02	9.4106743722e-03	9.2885059321e-04	3.7696994573e-05	3.4349812003e-05
2.2600000000e+02	9.4450392619e-03	8.9107735625e-04	3.7849388963e-05	3.4379906729e-05
2.2700000000e+02	9.4794340652e-03	8.5315199554e-04	3.8001242598e-05	3.4409640010e-05
2.2800000000e+02	9.5138584233e-03	8.1507505025e-04	3.8152558654e-05	3.4439017458e-05
2.2900000000e+02	9.5483119833e-03	7.7684705637e-04	3.8303340292e-05	3.4468044576e-05
2.3000000000e+02	9.5827943975e-03	7.3846854675e-04	3.8453590656e-05	3.4496726769e-05
2.3100000000e+02	9.6173053237e-03	6.9994005111e-04	3.8603312868e-05	3.4525069337e-05
2.3200000000e+02	9.6518444247e-03	6.6126209603e-04	3.8752510037e-05	3.4553077485e-05
2.3300000000e+02	9.6864113689e-03	6.2243520502e-04	3.8901185253e-05	3.4580756318e-05
2.3400000000e+02	9.7210058293e-03	5.8345989849e-04	3.9049341585e-05	3.4608110851e-05
2.3500000000e+02	9.7556274841e-03	5.4433669379e-04	3.9196982086e-05	3.4635146003e-05
2.3600000000e+02	9.7902760164e-03	5.0506610525e-04	3.9344109793e-05	3.4661866605e-05
2.3700000000e+02	9.8249511140e-03	4.6564864413e-04	3.9490727721e-05	3.4688277399e-05
2.3800000000e+02	9.8596524695e-03	4.2608481873e-04	3.9636838869e-05	3.4714383039e-05
2.3900000000e+02	9.8943797799e-03	3.8637513433e-04	3.9782446216e-05	3.4740188096e-05
2.4000000000e+02	9.9291327470e-03	3.4652009325e-04	3.9927552724e-05	3.4765697057e-05
2.4100000000e+02	9.9639110768e-03	3.0652019485e-04	4.0072161336e-05	3.4790914330e-05
2.4200000000e+02	9.9987144799e-03	2.6637593556e-04	4.0216274976e-05	3.4815844240e-05
2.4300000000e+02	1.0033542671e-02	2.2608780891e-04	4.0359896551e-05	3.4840491036e-05
2.4400000000e+02	1.0068395369e-02	1.8565630552e-04	4.0503028949e-05	3.4864858892e-05
2.4500000000e+02	1.0103272297e-02	1.4508191312e-04	4.0645675037e-05	3.4888951906e-05
2.4600000000e+02	1.0138173183e-02	1.0436511660e-04	4.0787837666e-05	3.4912774103e-05
2.4700000000e+02	1.0173097756e-02	6.3506397997e-05	4.0929519669e-05	3.4936329436e-05
2.4800000000e+02	1.0208045754e-02	2.2506236531e-05	4.1070723860e-05	3.4959621788e-05
2.4900000000e+02	1.0243016914e-02	-1.8634891383e-05	4.1211453032e-05	3.4982654975e-05
2.5000000000e+02	1.0278010979e-02	-5.9916512119e-05	4.1351709963e-05	3.5005432744e-05
2.5100000000e+02	1.0313027695e-02	-1.0133815481e-04	4.1491497410e-05	3.5027958777e-05
2.5200000000e+02	1.0348066813e-02	-1.4289935136e-04	4.1630818114e-05	3.5050236691e-05
2.5300000000e+02	1.0383128087e-02	-1.8459963637e-04	4.1769674796e-05	3.5072270039e-05
2.5400000000e+02	1.0418211273e-02	-2.2643854718e-04	4.1908070159e-05	3.5094062315e-05
2.5500000000e+02	1.0453316132e-02	-2.6841562381e-04	4.2046006887e-05	3.5115616949e-05
2.5600000000e+02	1.0488442429e-02	-3.1053040896e-04	4.2183487648e-05	3.5136937313e-05
2.5700000000e+02	1.0523589930e-02	-3.5278244800e-04	4.2320515090e-05	3.5158026721e-05
2.5800000000e+02	1.0558758406e-02	-3.9517128891e-04	4.2457091842e-05	3.5178888430e-05
2.5900000000e+02	1.0593947632e-02	-4.3769648232e-04	4.2593220519e-05	3.5199525640e-05
2.6000000000e+02	1.0629157384e-02	-4.8035758146e-04	4.2728903713e-05	3.5219941498e-05
2.6100000000e+02	1.0664387442e-02	-5.2315414211e-04	4.2864144002e-05	3.5240139095e-05
2.6200000000e+02	1.0699637590e-02	-5.6608572268e-04	4.2998943943e-05	3.5260121472e-05
2.6300000000e+02	1.0734907614e-02	-6.0915188407e-04	4.3133306078e-05	3.5279891616e-05
2.6400000000e+02	1.0770197304e-02	-6.5235218974e-04	4.3267232930e-05	3.5299452464e-05
2.6500000000e+02	1.0805506451e-02	-6.9568620567e-04	4.3400727005e-05	3.5318806905e-05
2.6600000000e+02	1.0840834850e-02	-7.3915350032e-04	4.3533790790e-05	3.5337957778e-05
2.6700000000e+02	1.0876182299e-02	-7.8275364464e-04	4.3666426756e-05	3.5356907874e-05
2.6800000000e+02	1.0911548600e-02	-8.2648621204e-04	4.3798637357e-05	3.5375659938e-05
2.6900000000e+02	1.0946933554e-02	-8.7035077838e-04	4.3930425028e-05	3.5394216670e-05
2.7000000000e+02	1.0982336969e-02	-9.1434692193e-04	4.4061792187e-05	3.5412580723e-05
2.7100000000e+02	1.1017758652e-02	-9.5847422338e-04	4.4192741238e-05	3.5430754708e-05
2.7200000000e+02	1.1053198416e-02	-1.0027322658e-03	4.4323274564e-05	3.5448741192e-05
2.7300000000e+02	1.1088656073e-02	-1.0471206347e-03	4.4453394533e-05	3.5466542699e-05
2.7400000000e+02	1.1124131440e-02	-1.0916389179e-03	4.4583103497e-05	3.5484161713e-05
2.7500000000e+02	1.1159624336e-02	-1.1362867055e-03	4.4712403788e-05	3.5501600676e-05
2.7600000000e+02	1.1195134582e-02	-1.1810635900e-03	4.4841297726e-05	3.5518861990e-05
2.7700000000e+02	1.1230662002e-02	-1.2259691663e-03	4.4969787610e-05	3.5535948019e-05
2.7800000000e+02	1.1266206421e-02	-1.2710030313e-03	4.5097875727e-05	3.5552861087e-05
2.7900000000e+02	1.1301767667e-02	-1.3161647845e-03	4.5225564343e-05	3.5569603482e-05
2.8000000000e+02	1.1337345571e-02	-1.3614540276e-03	4.5352855711e-05	3.5586177454e-05
2.8100000000e+02	1.1372939967e-02	-1.4068703643e-03	4.5479752067e-05	3.5602585217e-05
2.8200000000e+02	1.1408550687e-02	-1.4524134008e-03	4.5606255631e-05	3.5618828949e-05
2.8300000000e+02	1.1444177571e-02	-1.4980827454e-03	4.5732368607e-05	3.5634910793e-05
2.8400000000e+02	1.1479820456e-02	-1.5438780085e-03	4.5858093184e-05	3.5650832859e-05
2.8500000000e+02	1.1515479184e-02	-1.5897988030e-03	4.5983431532e-05	3.5666597222e-05
2.8600000000e+02	1.1551153598e-02	-1.6358447436e-03	4.6108385810e-05	3.5682205924e-05
2.8700000000e+02	1.1586843544e-02	-1.6820154473e-03	4.6232958159e-05	3.5697660975e-05
2.8800000000e+02	1.1622548870e-02	-1.7283105333e-03	4.6357150704e-05	3.5712964354e-05
2.8900000000e+02	1.1658269423e-02	-1.7747296228e-03	4.6480965557e-05	3.5728118008e-05
2.9000000000e+02	1.1694005056e-02	-1.8212723392e-03	4.6604404812e-05	3.5743123854e-05
2.9100000000e+02	1.1729755622e-02	-1.8679383079e-03	4.6727470550e-05	3.5757983777e-05
2.9200000000e+02	1.1765520976e-02	-1.9147271565e-03	4.6850164837e-05	3.5772699635e-05
2.9300000000e+02	1.1801300974e-02	-1.9616385145e-03	4.6972489722e-05	3.5787273256e-05
2.9400000000e+02	1.1837095476e-02	-2.0086720135e-03	4.7094447241e-05	3.5801706439e-05
2.9500000000e+02	1.1872904341e-02	-2.0558272872e-03	4.7216039416e-05	3.5816000955e-05
2.9600000000e+02	1.1908727432e-02	-2.1031039712e-03	4.7337268253e-05	3.5830158550e-05
2.9700000000e+02	1.1944564613e-02	-2.1505017032e-03	4.7458135744e-05	3.5844180941e-05
2.9800000000e+02	1.1980415749e-02	-2.1980201229e-03	4.7578643866e-05	3.5858069817e-05
2.9900000000e+02	1.2016280708e-02	-2.2456588718e-03	4.7698794583e-05	3.5871826846e-05
3.0000000000e+02	1.2052159359e-02	-2.2934175936e-03	4.7818589843e-05	3.5885453665e-05
3.0100000000e+02	1.2088051573e-02	-2.3412959337e-03	4.7938031583e-05	3.5898951889e-05
3.0200000000e+02	1.2123957221e-02	-2.3892935395e-03	4.8057121723e-05	3.5912323109e-05
3.0300000000e+02	1.2159876177e-02	-2.4374100606e-03	4.8175862171e-05	3.5925568891e-05
3.0400000000e+02	1.2195808317e-02	-2.4856451480e-03	4.8294254820e-05	3.5938690776e-05
3.0500000000e+02	1.2231753518e-02	-2.5339984549e-03	4.8412301551e-05	3.5951690283e-05
3.0600000000e+02	1.2267711658e-02	-2.5824696364e-03	4.8530004229e-05	3.5964568908e-05
3.0700000000e+02	1.2303682616e-02	-2.6310583493e-03	4.8647364708e-05	3.5977328125e-05
3.0800000000e+02	1.2339666275e-02	-2.6797642523e-03	4.8764384828e-05	3.5989969386e-05
3.0900000000e+02	1.2375662516e-02	-2.7285870061e-03	4.8881066414e-05	3.6002494120e-05
3.1000000000e+02	1.2411671224e-02	-2.7775262729e-03	4.8997411282e-05	3.6014903735e-05
3.1100000000e+02	1.2447692286e-02	-2.8265817170e-03	4.9113421230e-05	3.6027199620e-05
3.1200000000e+02	1.2483725586e-02	-2.8757530043e-03	4.9229098047e-05	3.6039383142e-05
3.1300000000e+02	1.2519771015e-02	-2.9250398027e-03	4.9344443506e-05	3.6051455647e-05
3.1400000000e+02	1.2555828461e-02	-2.9744417815e-03	4.9459459371e-05	3.6063418462e-05
3.1500000000e+02	1.2591897816e-02	-3.0239586121e-03	4.9574147390e-05	3.6075272896e-05
3.1600000000e+02	1.2627978971e-02	-3.0735899676e-03	4.9688509299e-05	3.6087020236e-05
3.1700000000e+02	1.2664071821e-02	-3.1233355226e-03	4.9802546825e-05	3.6098661753e-05
3.1800000000e+02	1.2700176260e-02	-3.1731949537e-03	4.9916261677e-05	3.6110198696e-05
3.1900000000e+02	1.2736292184e-02	-3.2231679390e-03	5.0029655557e-05	3.6121632300e-05
3.2000000000e+02	1.2772419490e-02	-3.2732541583e-03	5.0142730152e-05	3.6132963779e-05
3.2100000000e+02	1.2808558078e-02	-3.3234532934e-03	5.0255487137e-05	3.6144194330e-05
3.2200000000e+02	1.2844707846e-02	-3.3737650273e-03	5.0367928177e-05	3.6155325135e-05
3.2300000000e+02	1.2880868695e-02	-3.4241890450e-03	5.0480054923e-05	3.6166357355e-05
3.2400000000e+02	1.2917040528e-02	-3.4747250329e-03	5.0591869015e-05	3.6177292138e-05
3.2500000000e+02	1.2953223247e-02	-3.5253726793e-03	5.0703372082e-05	3.6188130614e-05
3.2600000000e+02	1.2989416757e-02	-3.5761316740e-03	5.0814565740e-05	3.6198873896e-05
3.2700000000e+02	1.3025620964e-02	-3.6270017082e-03	5.0925451596e-05	3.6209523084e-05
3.2800000000e+02	1.3061835773e-02	-3.6779824751e-03	5.1036031243e-05	3.6220079259e-05
3.2900000000e+02	1.3098061092e-02	-3.7290736692e-03	5.1146306264e-05	3.6230543489e-05
3.3000000000e+02	1.3134296829e-02	-3.7802749866e-03	5.1256278230e-05	3.6240916826e-05
3.3100000000e+02	1.3170542895e-02	-3.8315861251e-03	5.1365948702e-05	3.6251200307e-05
3.3200000000e+02	1.3206799200e-02	-3.8830067840e-03	5.1475319230e-05	3.6261394955e-05
3.3300000000e+02	1.3243065656e-02	-3.9345366641e-03	5.1584391351e-05	3.6271501778e-05
3.3400000000e+02	1.3279342175e-02	-3.9861754678e-03	5.1693166595e-05	3.6281521772e-05
3.3500000000e+02	1.3315628671e-02	-4.0379228988e-03	5.1801646477e-05	3.6291455916e-05
3.3600000000e+02	1.3351925058e-02	-4.0897786628e-03	5.1909832503e-05	3.6301305177e-05
3.3700000000e+02	1.3388231253e-02	-4.1417424664e-03	5.2017726171e-05	3.6311070509e-05
3.3800000000e+02	1.3424547172e-02	-4.1938140181e-03	5.2125328964e-05	3.6320752851e-05
3.3900000000e+02	1.3460872732e-02	-4.2459930279e-03	5.2232642358e-05	3.6330353132e-05
3.4000000000e+02	1.3497207851e-02	-4.2982792069e-03	5.2339667817e-05	3.6339872266e-05
3.4100000000e+02	1.3533552449e-02	-4.3506722680e-03	5.2446406796e-05	3.6349311154e-05
3.4200000000e+02	1.3569906447e-02	-4.4031719255e-03	5.2552860738e-05	3.6358670687e-05
3.4300000000e+02	1.3606269765e-02	-4.4557778949e-03	5.2659031077e-05	3.6367951741e-05
3.4400000000e+02	1.3642642324e-02	-4.5084898936e-03	5.2764919238e-05	3.6377155182e-05
3.4500000000e+02	1.3679024049e-02	-4.5613076398e-03	5.2870526635e-05	3.6386281865e-05
3.4600000000e+02	1.3715414863e-02	-4.6142308537e-03	5.2975854672e-05	3.6395332631e-05
3.4700000000e+02	1.3751814690e-02	-4.6672592565e-03	5.3080904744e-05	3.6404308310e-05
3.4800000000e+02	1.3788223455e-02	-4.7203925710e-03	5.3185678235e-05	3.6413209723e-05
3.4900000000e+02	1.3824641085e-02	-4.7736305213e-03	5.3290176521e-05	3.6422037678e-05
3.5000000000e+02	1.3861067506e-02	-4.8269728328e-03	5.3394400967e-05	3.6430792973e-05
3.5100000000e+02	1.3897502646e-02	-4.8804192324e-03	5.3498352931e-05	3.6439476395e-05
3.5200000000e+02	1.3933946435e-02	-4.9339694482e-03	5.3602033759e-05	3.6448088719e-05
3.5300000000e+02	1.3970398800e-02	-4.9876232099e-03	5.3705444789e-05	3.6456630714e-05
3.5400000000e+02	1.4006859673e-02	-5.0413802483e-03	5.3808587349e-05	3.6465103133e-05
3.5500000000e+02	1.4043328984e-02	-5.0952402956e-03	5.3911462759e-05	3.6473506724e-05
3.5600000000e+02	1.4079806664e-02	-5.1492030852e-03	5.4014072329e-05	3.6481842222e-05
3.5700000000e+02	1.4116292646e-02	-5.2032683521e-03	5.4116417361e-05	3.6490110354e-05
3.5800000000e+02	1.4152786862e-02	-5.2574358322e-03	5.4218499147e-05	3.6498311836e-05
3.5900000000e+02	1.4189289247e-02	-5.3117052630e-03	5.4320318971e-05	3.6506447376e-05
3.6000000000e+02	1.4225799735e-02	-5.3660763833e-03	5.4421878107e-05	3.6514517673e-05
3.6100000000e+02	1.4262318261e-02	-5.4205489328e-03	5.4523177823e-05	3.6522523414e-05
3.6200000000e+02	1.4298844761e-02	-5.4751226529e-03	5.4624219375e-05	3.6530465281e-05
3.6300000000e+02	1.4335379171e-02	-5.5297972859e-03	5.4725004013e-05	3.6538343944e-05
3.6400000000e+02	1.4371921428e-02	-5.5845725757e-03	5.4825532977e-05	3.6546160065e-05
3.6500000000e+02	1.4408471470e-02	-5.6394482670e-03	5.4925807500e-05	3.6553914300e-05
3.6600000000e+02	1.4445029236e-02	-5.6944241062e-03	5.5025828804e-05	3.6561607293e-05
3.6700000000e+02	1.4481594665e-02	-5.7494998407e-03	5.5125598107e-05	3.6569239681e-05
3.6800000000e+02	1.4518167696e-02	-5.8046752189e-03	5.5225116615e-05	3.6576812093e-05
3.6900000000e+02	1.4554748269e-02	-5.8599499907e-03	5.5324385528e-05	3.6584325151e-05
3.7000000000e+02	1.4591336326e-02	-5.9153239071e-03	5.5423406036e-05	3.6591779468e-05
3.7100000000e+02	1.4627931809e-02	-5.9707967203e-03	5.5522179323e-05	3.6599175647e-05
3.7200000000e+02	1.4664534658e-02	-6.0263681837e-03	5.5620706565e-05	3.6606514288e-05
3.7300000000e+02	1.4701144818e-02	-6.0820380519e-03	5.5718988928e-05	3.6613795980e-05
3.7400000000e+02	1.4737762232e-02	-6.1378060804e-03	5.5817027572e-05	3.6621021304e-05
3.7500000000e+02	1.4774386842e-02	-6.1936720261e-03	5.5914823649e-05	3.6628190838e-05
3.7600000000e+02	1.4811018595e-02	-6.2496356472e-03	5.6012378303e-05	3.6635305147e-05
3.7700000000e+02	1.4847657434e-02	-6.3056967027e-03	5.6109692671e-05	3.6642364793e-05
3.7800000000e+02	1.4884303306e-02	-6.3618549528e-03	5.6206767881e-05	3.6649370330e-05
3.7900000000e+02	1.4920956157e-02	-6.4181101591e-03	5.6303605056e-05	3.6656322304e-05
3.8000000000e+02	1.4957615933e-02	-6.4744620839e-03	5.6400205309e-05	3.6663221256e-05
3.8100000000e+02	1.4994282582e-02	-6.5309104911e-03	5.6496569746e-05	3.6670067717e-05
3.8200000000e+02	1.5030956051e-02	-6.5874551452e-03	5.6592699468e-05	3.6676862216e-05
3.8300000000e+02	1.5067636289e-02	-6.6440958121e-03	5.6688595565e-05	3.6683605271e-05
3.8400000000e+02	1.5104323245e-02	-6.7008322588e-03	5.6784259125e-05	3.6690297397e-05
3.8500000000e+02	1.5141016867e-02	-6.7576642532e-03	5.6879691223e-05	3.6696939100e-05
3.8600000000e+02	1.5177717107e-02	-6.8145915645e-03	5.6974892930e-05	3.6703530883e-05
3.8700000000e+02	1.5214423913e-02	-6.8716139627e-03	5.7069865311e-05	3.6710073239e-05
3.8800000000e+02	1.5251137237e-02	-6.9287312190e-03	5.7164609422e-05	3.6716566657e-05
3.8900000000e+02	1.5287857030e-02	-6.9859431058e-03	5.7259126313e-05	3.6723011621e-05
3.9000000000e+02	1.5324583244e-02	-7.0432493962e-03	5.7353417026e-05	3.6729408607e-05
3.9100000000e+02	1.5361315831e-02	-7.1006498648e-03	5.7447482599e-05	3.6735758086e-05
3.9200000000e+02	1.5398054744e-02	-7.1581442867e-03	5.7541324059e-05	3.6742060524e-05
3.9300000000e+02	1.5434799937e-02	-7.2157324385e-03	5.7634942431e-05	3.6748316381e-05
3.9400000000e+02	1.5471551362e-02	-7.2734140976e-03	5.7728338729e-05	3.6754526110e-05
3.9500000000e+02	1.5508308974e-02	-7.3311890423e-03	5.7821513965e-05	3.6760690160e-05
3.9600000000e+02	1.5545072727e-02	-7.3890570521e-03	5.7914469139e-05	3.6766808976e-05
3.9700000000e+02	1.5581842577e-02	-7.4470179076e-03	5.8007205250e-05	3.6772882994e-05
3.9800000000e+02	1.5618618478e-02	-7.5050713900e-03	5.8099723287e-05	3.6778912648e-05
3.9900000000e+02	1.5655400387e-02	-7.5632172818e-03	5.8192024234e-05	3.6784898365e-05
4.0000000000e+02	1.5692188261e-02	-7.6214553664e-03	5.8284109067e-05	3.6790840568e-05
4.0100000000e+02	1.5728982054e-02	-7.6797854282e-03	5.8375978759e-05	3.6796739674e-05
4.0200000000e+02	1.5765781726e-02	-7.7382072525e-03	5.8467634274e-05	3.6802596096e-05
4.0300000000e+02	1.5802587232e-02	-7.7967206257e-03	5.8559076571e-05	3.6808410241e-05
4.0400000000e+02	1.5839398532e-02	-7.8553253349e-03	5.8650306602e-05	3.6814182512e-05
4.0500000000e+02	1.5876215584e-02	-7.9140211684e-03	5.8741325313e-05	3.6819913308e-05
4.0600000000e+02	1.5913038345e-02	-7.9728079154e-03	5.8832133646e-05	3.6825603021e-05
4.0700000000e+02	1.5949866776e-02	-8.0316853659e-03	5.8922732535e-05	3.6831252041e-05
4.0800000000e+02	1.5986700836e-02	-8.0906533110e-03	5.9013122909e-05	3.6836860752e-05
4.0900000000e+02	1.6023540484e-02	-8.1497115425e-03	5.9103305689e-05	3.6842429533e-05
4.1000000000e+02	1.6060385682e-02	-8.2088598534e-03	5.9193281793e-05	3.6847958759e-05
4.1100000000e+02	1.6097236389e-02	-8.2680980375e-03	5.9283052132e-05	3.6853448803e-05
4.1200000000e+02	1.6134092566e-02	-8.3274258894e-03	5.9372617611e-05	3.6858900030e-05
4.1300000000e+02	1.6170954176e-02	-8.3868432048e-03	5.9461979130e-05	3.6864312802e-05
4.1400000000e+02	1.6207821179e-02	-8.4463497800e-03	5.9551137583e-05	3.6869687479e-05
4.1500000000e+02	1.6244693538e-02	-8.5059454125e-03	5.9640093857e-05	3.6875024413e-05
4.1600000000e+02	1.6281571216e-02	-8.5656299006e-03	5.9728848837e-05	3.6880323956e-05
4.1700000000e+02	1.6318454174e-02	-8.6254030434e-03	5.9817403399e-05	3.6885586452e-05
4.1800000000e+02	1.6355342376e-02	-8.6852646409e-03	5.9905758414e-05	3.6890812245e-05
4.1900000000e+02	1.6392235786e-02	-8.7452144940e-03	5.9993914750e-05	3.6896001672e-05
4.2000000000e+02	1.6429134368e-02	-8.8052524045e-03	6.0081873267e-05	3.6901155067e-05
4.2100000000e+02	1.6466038084e-02	-8.8653781749e-03	6.0169634820e-05	3.6906272762e-05
4.2200000000e+02	1.6502946901e-02	-8.9255916087e-03	6.0257200261e-05	3.6911355081e-05
4.2300000000e+02	1.6539860783e-02	-8.9858925103e-03	6.0344570433e-05	3.6916402350e-05
4.2400000000e+02	1.6576779694e-02	-9.0462806848e-03	6.0431746177e-05	3.6921414886e-05
4.2500000000e+02	1.6613703601e-02	-9.1067559381e-03	6.0518728328e-05	3.6926393006e-05
4.2600000000e+02	1.6650632469e-02	-9.1673180772e-03	6.0605517714e-05	3.6931337022e-05
4.2700000000e+02	1.6687566264e-02	-9.2279669096e-03	6.0692115161e-05	3.6936247243e-05
4.2800000000e+02	1.6724504952e-02	-9.2887022438e-03	6.0778521486e-05	3.6941123973e-05
4.2900000000e+02	1.6761448501e-02	-9.3495238891e-03	6.0864737506e-05	3.6945967516e-05
4.3000000000e+02	1.6798396876e-02	-9.4104316556e-03	6.0950764028e-05	3.6950778168e-05
4.3100000000e+02	1.6835350046e-02	-9.4714253543e-03	6.1036601858e-05	3.6955556225e-05
4.3200000000e+02	1.6872307978e-02	-9.5325047967e-03	6.1122251794e-05	3.6960301980e-05
4.3300000000e+02	1.6909270640e-02	-9.5936697955e-03	6.1207714631e-05	3.6965015720e-05
4.3400000000e+02	1.6946237999e-02	-9.6549201639e-03	6.1292991159e-05	3.6969697731e-05
4.3500000000e+02	1.6983210025e-02	-9.7162557160e-03	6.1378082162e-05	3.6974348295e-05
4.3600000000e+02	1.7020186685e-02	-9.7776762666e-03	6.1462988422e-05	3.6978967692e-05
4.3700000000e+02	1.7057167950e-02	-9.8391816315e-03	6.1547710712e-05	3.6983556198e-05
4.3800000000e+02	1.7094153787e-02	-9.9007716270e-03	6.1632249804e-05	3.6988114085e-05
4.3900000000e+02	1.7131144168e-02	-9.9624460703e-03	6.1716606465e-05	3.6992641623e-05
4.4000000000e+02	1.7168139061e-02	-1.0024204779e-02	6.1800781454e-05	3.6997139081e-05
4.4100000000e+02	1.7205138436e-02	-1.0086047573e-02	6.1884775530e-05	3.7001606721e-05
4.4200000000e+02	1.7242142264e-02	-1.0147974270e-02	6.1968589445e-05	3.7006044806e-05
4.4300000000e+02	1.7279150516e-02	-1.0209984692e-02	6.2052223945e-05	3.7010453594e-05
4.4400000000e+02	1.7316163162e-02	-1.0272078659e-02	6.2135679776e-05	3.7014833340e-05
4.4500000000e+02	1.7353180173e-02	-1.0334255992e-02	6.2218957674e-05	3.7019184297e-05
4.4600000000e+02	1.7390201521e-02	-1.0396516515e-02	6.2302058376e-05	3.7023506716e-05
4.4700000000e+02	1.7427227177e-02	-1.0458860050e-02	6.2384982611e-05	3.7027800844e-05
4.4800000000e+02	1.7464257113e-02	-1.0521286422e-02	6.2467731104e-05	3.7032066926e-05
4.4900000000e+02	1.7501291301e-02	-1.0583795454e-02	6.2550304578e-05	3.7036305204e-05
4.5000000000e+02	1.7538329714e-02	-1.0646386973e-02	6.2632703749e-05	3.7040515917e-05
4.5100000000e+02	1.7575372324e-02	-1.0709060804e-02	6.2714929330e-05	3.7044699304e-05
4.5200000000e+02	1.7612419104e-02	-1.0771816774e-02	6.2796982030e-05	3.7048855597e-05
4.5300000000e+02	1.7649470026e-02	-1.0834654710e-02	6.2878862554e-05	3.7052985030e-05
4.5400000000e+02	1.7686525065e-02	-1.0897574442e-02	6.2960571601e-05	3.7057087832e-05
4.5500000000e+02	1.7723584193e-02	-1.0960575797e-02	6.3042109868e-05	3.7061164230e-05
4.5600000000e+02	1.7760647385e-02	-1.1023658605e-02	6.3123478047e-05	3.7065214449e-05
4.5700000000e+02	1.7797714614e-02	-1.1086822696e-02	6.3204676827e-05	3.7069238711e-05
4.5800000000e+02	1.7834785854e-02	-1.1150067902e-02	6.3285706890e-05	3.7073237235e-05
4.5900000000e+02	1.7871861080e-02	-1.1213394054e-02	6.3366568918e-05	3.7077210241e-05
4.6000000000e+02	1.7908940266e-02	-1.1276800984e-02	6.3447263587e-05	3.7081157943e-05
4.6100000000e+02	1.7946023387e-02	-1.1340288526e-02	6.3527791568e-05	3.7085080555e-05
4.6200000000e+02	1.7983110419e-02	-1.1403856512e-02	6.3608153529e-05	3.7088978287e-05
4.6300000000e+02	1.8020201335e-02	-1.1467504778e-02	6.3688350136e-05	3.7092851348e-05
4.6400000000e+02	1.8057296113e-02	-1.1531233157e-02	6.3768382048e-05	3.7096699944e-05
4.6500000000e+02	1.8094394727e-02	-1.1595041487e-02	6.3848249923e-05	3.7100524281e-05
4.6600000000e+02	1.8131497154e-02	-1.1658929603e-02	6.3927954413e-05	3.7104324561e-05
4.6700000000e+02	1.8168603368e-02	-1.1722897342e-02	6.4007496167e-05	3.7108100983e-05
4.6800000000e+02	1.8205713348e-02	-1.1786944541e-02	6.4086875831e-05	3.7111853746e-05
4.6900000000e+02	1.8242827068e-02	-1.1851071039e-02	6.4166094046e-05	3.7115583046e-05
4.7000000000e+02	1.8279944506e-02	-1.1915276676e-02	6.4245151450e-05	3.7119289076e-05
4.7100000000e+02	1.8317065639e-02	-1.1979561289e-02	6.4324048678e-05	3.7122972030e-05
4.7200000000e+02	1.8354190442e-02	-1.2043924720e-02	6.4402786360e-05	3.7126632098e-05
4.7300000000e+02	1.8391318895e-02	-1.2108366809e-02	6.4481365124e-05	3.7130269467e-05
4.7400000000e+02	1.8428450974e-02	-1.2172887397e-02	6.4559785593e-05	3.7133884323e-05
4.7500000000e+02	1.8465586656e-02	-1.2237486327e-02	6.4638048387e-05	3.7137476852e-05
4.7600000000e+02	1.8502725920e-02	-1.2302163442e-02	6.4716154121e-05	3.7141047235e-05
4.7700000000e+02	1.8539868743e-02	-1.2366918583e-02	6.4794103411e-05	3.7144595654e-05
4.7800000000e+02	1.8577015104e-02	-1.2431751596e-02	6.4871896863e-05	3.7148122287e-05
4.7900000000e+02	1.8614164981e-02	-1.2496662325e-02	6.4949535086e-05	3.7151627310e-05
4.8000000000e+02	1.8651318352e-02	-1.2561650615e-02	6.5027018681e-05	3.7155110901e-05
4.8100000000e+02	1.8688475196e-02	-1.2626716311e-02	6.5104348247e-05	3.7158573231e-05
4.8200000000e+02	1.8725635491e-02	-1.2691859260e-02	6.5181524381e-05	3.7162014473e-05
4.8300000000e+02	1.8762799218e-02	-1.2757079309e-02	6.5258547674e-05	3.7165434796e-05
4.8400000000e+02	1.8799966354e-02	-1.2822376305e-02	6.5335418717e-05	3.7168834369e-05
4.8500000000e+02	1.8837136879e-02	-1.2887750096e-02	6.5412138094e-05	3.7172213359e-05
4.8600000000e+02	1.8874310774e-02	-1.2953200531e-02	6.5488706388e-05	3.7175571930e-05
4.8700000000e+02	1.8911488017e-02	-1.3018727459e-02	6.5565124179e-05	3.7178910246e-05
4.8800000000e+02	1.8948668588e-02	-1.3084330729e-02	6.5641392043e-05	3.7182228469e-05
4.8900000000e+02	1.8985852467e-02	-1.3150010193e-02	6.5717510552e-05	3.7185526758e-05
4.9000000000e+02	1.9023039634e-02	-1.3215765701e-02	6.5793480276e-05	3.7188805273e-05
4.9100000000e+02	1.9060230071e-02	-1.3281597104e-02	6.5869301782e-05	3.7192064169e-05
4.9200000000e+02	1.9097423756e-02	-1.3347504255e-02	6.5944975633e-05	3.7195303603e-05
4.9300000000e+02	1.9134620672e-02	-1.3413487006e-02	6.6020502389e-05	3.7198523729e-05
4.9400000000e+02	1.9171820797e-02	-1.3479545211e-02	6.6095882608e-05	3.7201724698e-05
4.9500000000e+02	1.9209024115e-02	-1.3545678723e-02	6.6171116844e-05	3.7204906662e-05
4.9600000000e+02	1.9246230604e-02	-1.3611887396e-02	6.6246205647e-05	3.7208069770e-05
4.9700000000e+02	1.9283440248e-02	-1.3678171086e-02	6.6321149565e-05	3.7211214170e-05
4.9800000000e+02	1.9320653027e-02	-1.3744529647e-02	6.6395949144e-05	3.7214340009e-05
4.9900000000e+02	1.9357868922e-02	-1.3810962936e-02	6.6470604926e-05	3.7217447431e-05
5.0000000000e+02	1.9395087915e-02	-1.3877470809e-02	6.6545117449e-05	3.7220536581e-05
5.0100000000e+02	1.9432309989e-02	-1.3944053124e-02	6.6619487251e-05	3.7223607600e-05
5.0200000000e+02	1.9469535125e-02	-1.4010709736e-02	6.6693714863e-05	3.7226660630e-05
5.0300000000e+02	1.9506763304e-02	-1.4077440506e-02	6.6767800816e-05	3.7229695809e-05
5.0400000000e+02	1.9543994510e-02	-1.4144245291e-02	6.6841745638e-05	3.7232713277e-05
5.0500000000e+02	1.9581228725e-02	-1.4211123950e-02	6.6915549852e-05	3.7235713170e-05
5.0600000000e+02	1.9618465931e-02	-1.4278076344e-02	6.6989213982e-05	3.7238695624e-05
5.0700000000e+02	1.9655706110e-02	-1.4345102332e-02	6.7062738545e-05	3.7241660773e-05
5.0800000000e+02	1.9692949247e-02	-1.4412201775e-02	6.7136124058e-05	3.7244608750e-05
5.0900000000e+02	1.9730195322e-02	-1.4479374534e-02	6.7209371034e-05	3.7247539686e-05
5.1000000000e+02	1.9767444320e-02	-1.4546620471e-02	6.7282479983e-05	3.7250453712e-05
5.1100000000e+02	1.9804696224e-02	-1.4613939448e-02	6.7355451413e-05	3.7253350958e-05
5.1200000000e+02	1.9841951017e-02	-1.4681331328e-02	6.7428285830e-05	3.7256231551e-05
5.1300000000e+02	1.9879208682e-02	-1.4748795974e-02	6.7500983735e-05	3.7259095619e-05
5.1400000000e+02	1.9916469203e-02	-1.4816333250e-02	6.7573545628e-05	3.7261943286e-05
5.1500000000e+02	1.9953732563e-02	-1.4883943020e-02	6.7645972006e-05	3.7264774677e-05
5.1600000000e+02	1.9990998746e-02	-1.4951625149e-02	6.7718263364e-05	3.7267589915e-05
5.1700000000e+02	2.0028267737e-02	-1.5019379502e-02	6.7790420192e-05	3.7270389123e-05
5.1800000000e+02	2.0065539519e-02	-1.5087205945e-02	6.7862442981e-05	3.7273172421e-05
5.1900000000e+02	2.0102814077e-02	-1.5155104344e-02	6.7934332217e-05	3.7275939929e-05
5.2000000000e+02	2.0140091394e-02	-1.5223074565e-02	6.8006088383e-05	3.7278691766e-05
5.2100000000e+02	2.0177371455e-02	-1.5291116476e-02	6.8077711960e-05	3.7281428050e-05
5.2200000000e+02	2.0214654245e-02	-1.5359229945e-02	6.8149203429e-05	3.7284148896e-05
5.2300000000e+02	2.0251939748e-02	-1.5427414839e-02	6.8220563264e-05	3.7286854420e-05
5.2400000000e+02	2.0289227949e-02	-1.5495671028e-02	6.8291791940e-05	3.7289544737e-05
5.2500000000e+02	2.0326518832e-02	-1.5563998379e-02	6.8362889927e-05	3.7292219960e-05
5.2600000000e+02	2.0363812384e-02	-1.5632396764e-02	6.8433857695e-05	3.7294880200e-05
5.2700000000e+02	2.0401108588e-02	-1.5700866052e-02	6.8504695710e-05	3.7297525570e-05
5.2800000000e+02	2.0438407430e-02	-1.5769406112e-02	6.8575404436e-05	3.7300156179e-05
5.2900000000e+02	2.0475708895e-02	-1.5838016818e-02	6.8645984334e-05	3.7302772136e-05
5.3000000000e+02	2.0513012969e-02	-1.5906698038e-02	6.8716435863e-05	3.7305373550e-05
5.3100000000e+02	2.0550319638e-02	-1.5975449647e-02	6.8786759481e-05	3.7307960528e-05
5.3200000000e+02	2.0587628886e-02	-1.6044271515e-02	6.8856955640e-05	3.7310533175e-05
5.3300000000e+02	2.0624940699e-02	-1.6113163516e-02	6.8927024793e-05	3.7313091598e-05
5.3400000000e+02	2.0662255064e-02	-1.6182125522e-02	6.8996967390e-05	3.7315635899e-05
5.3500000000e+02	2.0699571966e-02	-1.6251157408e-02	6.9066783878e-05	3.7318166184e-05
5.3600000000e+02	2.0736891392e-02	-1.6320259048e-02	6.9136474701e-05	3.7320682553e-05
5.3700000000e+02	2.0774213327e-02	-1.6389430316e-02	6.9206040303e-05	3.7323185108e-05
5.3800000000e+02	2.0811537757e-02	-1.6458671087e-02	6.9275481124e-05	3.7325673950e-05
5.3900000000e+02	2.0848864670e-02	-1.6527981237e-02	6.9344797601e-05	3.7328149179e-05
5.4000000000e+02	2.0886194051e-02	-1.6597360641e-02	6.9413990171e-05	3.7330610893e-05
5.4100000000e+02	2.0923525887e-02	-1.6666809176e-02	6.9483059267e-05	3.7333059189e-05
5.4200000000e+02	2.0960860165e-02	-1.6736326718e-02	6.9552005321e-05	3.7335494165e-05
5.4300000000e+02	2.0998196871e-02	-1.6805913146e-02	6.9620828761e-05	3.7337915918e-05
5.4400000000e+02	2.1035535993e-02	-1.6875568335e-02	6.9689530015e-05	3.7340324541e-05
5.4500000000e+02	2.1072877516e-02	-1.6945292165e-02	6.9758109507e-05	3.7342720129e-05
5.4600000000e+02	2.1110221429e-02	-1.7015084514e-02	6.9826567660e-05	3.7345102777e-05
5.4700000000e+02	2.1147567717e-02	-1.7084945260e-02	6.9894904895e-05	3.7347472576e-05
5.4800000000e+02	2.1184916370e-02	-1.7154874283e-02	6.9963121630e-05	3.7349829618e-05
5.4900000000e+02	2.1222267372e-02	-1.7224871463e-02	7.0031218280e-05	3.7352173995e-05
5.5000000000e+02	2.1259620713e-02	-1.7294936680e-02	7.0099195261e-05	3.7354505796e-05
5.5100000000e+02	2.1296976380e-02	-1.7365069814e-02	7.0167052984e-05	3.7356825111e-05
5.5200000000e+02	2.1334334359e-02	-1.7435270746e-02	7.0234791859e-05	3.7359132029e-05
5.5300000000e+02	2.1371694640e-02	-1.7505539358e-02	7.0302412293e-05	3.7361426638e-05
5.5400000000e+02	2.1409057209e-02	-1.7575875532e-02	7.0369914694e-05	3.7363709024e-05
5.5500000000e+02	2.1446422054e-02	-1.7646279149e-02	7.0437299464e-05	3.7365979274e-05
5.5600000000e+02	2.1483789163e-02	-1.7716750092e-02	7.0504567005e-05	3.7368237473e-05
5.5700000000e+02	2.1521158525e-02	-1.7787288244e-02	7.0571717717e-05	3.7370483707e-05
5.5800000000e+02	2.1558530127e-02	-1.7857893488e-02	7.0638751998e-05	3.7372718059e-05
5.5900000000e+02	2.1595903957e-02	-1.7928565709e-02	7.0705670243e-05	3.7374940612e-05
5.6000000000e+02	2.1633280004e-02	-1.7999304790e-02	7.0772472847e-05	3.7377151450e-05
5.6100000000e+02	2.1670658256e-02	-1.8070110616e-02	7.0839160200e-05	3.7379350654e-05
5.6200000000e+02	2.1708038701e-02	-1.8140983072e-02	7.0905732693e-05	3.7381538305e-05
5.6300000000e+02	2.1745421329e-02	-1.8211922043e-02	7.0972190714e-05	3.7383714484e-05
5.6400000000e+02	2.1782806127e-02	-1.8282927416e-02	7.1038534649e-05	3.7385879270e-05
5.6500000000e+02	2.1820193084e-02	-1.8353999075e-02	7.1104764882e-05	3.7388032743e-05
5.6600000000e+02	2.1857582188e-02	-1.8425136908e-02	7.1170881795e-05	3.7390174981e-05
5.6700000000e+02	2.1894973430e-02	-1.8496340801e-02	7.1236885768e-05	3.7392306061e-05
5.6800000000e+02	2.1932366797e-02	-1.8567610642e-02	7.1302777180e-05	3.7394426062e-05
5.6900000000e+02	2.1969762278e-02	-1.8638946318e-02	7.1368556408e-05	3.7396535058e-05
5.7000000000e+02	2.2007159863e-02	-1.8710347717e-02	7.1434223825e-05	3.7398633126e-05
5.7100000000e+02	2.2044559541e-02	-1.8781814728e-02	7.1499779806e-05	3.7400720342e-05
5.7200000000e+02	2.2081961300e-02	-1.8853347240e-02	7.1565224720e-05	3.7402796778e-05
5.7300000000e+02	2.2119365131e-02	-1.8924945141e-02	7.1630558938e-05	3.7404862510e-05
5.7400000000e+02	2.2156771022e-02	-1.8996608321e-02	7.1695782827e-05	3.7406917610e-05
5.7500000000e+02	2.2194178963e-02	-1.9068336670e-02	7.1760896752e-05	3.7408962151e-05
5.7600000000e+02	2.2231588943e-02	-1.9140130078e-02	7.1825901077e-05	3.7410996206e-05
5.7700000000e+02	2.2269000952e-02	-1.9211988436e-02	7.1890796165e-05	3.7413019844e-05
5.7800000000e+02	2.2306414979e-02	-1.9283911634e-02	7.1955582375e-05	3.7415033137e-05
5.7900000000e+02	2.2343831014e-02	-1.9355899564e-02	7.2020260066e-05	3.7417036156e-05
5.8000000000e+02	2.2381249048e-02	-1.9427952118e-02	7.2084829596e-05	3.7419028969e-05
5.8100000000e+02	2.2418669069e-02	-1.9500069187e-02	7.2149291319e-05	3.7421011646e-05
5.8200000000e+02	2.2456091068e-02	-1.9572250665e-02	7.2213645588e-05	3.7422984255e-05
5.8300000000e+02	2.2493515034e-02	-1.9644496443e-02	7.2277892756e-05	3.7424946863e-05
5.8400000000e+02	2.2530940958e-02	-1.9716806415e-02	7.2342033173e-05	3.7426899539e-05
5.8500000000e+02	2.2568368830e-02	-1.9789180474e-02	7.2406067186e-05	3.7428842348e-05
5.8600000000e+02	2.2605798640e-02	-1.9861618514e-02	7.2469995142e-05	3.7430775357e-05
5.8700000000e+02	2.2643230377e-02	-1.9934120429e-02	7.2533817387e-05	3.7432698632e-05
5.8800000000e+02	2.2680664034e-02	-2.0006686113e-02	7.2597534264e-05	3.7434612237e-05
5.8900000000e+02	2.2718099599e-02	-2.0079315462e-02	7.2661146114e-05	3.7436516237e-05
5.9000000000e+02	2.2755537063e-02	-2.0152008371e-02	7.2724653277e-05	3.7438410696e-05
5.9100000000e+02	2.2792976417e-02	-2.0224764734e-02	7.2788056093e-05	3.7440295677e-05
5.9200000000e+02	2.2830417651e-02	-2.0297584448e-02	7.2851354898e-05	3.7442171243e-05
5.9300000000e+02	2.2867860756e-02	-2.0370467409e-02	7.2914550026e-05	3.7444037457e-05
5.9400000000e+02	2.2905305723e-02	-2.0443413514e-02	7.2977641813e-05	3.7445894381e-05
5.9500000000e+02	2.2942752542e-02	-2.0516422659e-02	7.3040630589e-05	3.7447742075e-05
5.9600000000e+02	2.2980201204e-02	-2.0589494741e-02	7.3103516686e-05	3.7449580601e-05
5.9700000000e+02	2.3017651700e-02	-2.0662629658e-02	7.3166300432e-05	3.7451410019e-05
5.9800000000e+02	2.3055104021e-02	-2.0735827308e-02	7.3228982155e-05	3.7453230388e-05
5.9900000000e+02	2.3092558158e-02	-2.0809087588e-02	7.3291562181e-05	3.7455041769e-05
6.0000000000e+02	2.3130014102e-02	-2.0882410398e-02	7.3354040833e-05	3.7456844220e-05
6.0100000000e+02	2.3167471843e-02	-2.0955795636e-02	7.3416418435e-05	3.7458637800e-05
6.0200000000e+02	2.3204931374e-02	-2.1029243202e-02	7.3478695309e-05	3.7460422565e-05
6.0300000000e+02	2.3242392686e-02	-2.1102752993e-02	7.3540871773e-05	3.7462198575e-05
6.0400000000e+02	2.3279855769e-02	-2.1176324912e-02	7.3602948146e-05	3.7463965886e-05
6.0500000000e+02	2.3317320614e-02	-2.1249958856e-02	7.3664924745e-05	3.7465724554e-05
6.0600000000e+02	2.3354787215e-02	-2.1323654728e-02	7.3726801886e-05	3.7467474635e-05
6.0700000000e+02	2.3392255561e-02	-2.1397412427e-02	7.3788579881e-05	3.7469216186e-05
6.0800000000e+02	2.3429725644e-02	-2.1471231855e-02	7.3850259045e-05	3.7470949261e-05
6.0900000000e+02	2.3467197457e-02	-2.1545112912e-02	7.3911839686e-05	3.7472673915e-05
6.1000000000e+02	2.3504670989e-02	-2.1619055501e-02	7.3973322116e-05	3.7474390202e-05
6.1100000000e+02	2.3542146234e-02	-2.1693059524e-02	7.4034706642e-05	3.7476098177e-05
6.1200000000e+02	2.3579623183e-02	-2.1767124882e-02	7.4095993571e-05	3.7477797892e-05
6.1300000000e+02	2.3617101827e-02	-2.1841251479e-02	7.4157183207e-05	3.7479489400e-05
6.1400000000e+02	2.3654582159e-02	-2.1915439216e-02	7.4218275856e-05	3.7481172755e-05
6.1500000000e+02	2.3692064170e-02	-2.1989687998e-02	7.4279271818e-05	3.7482848008e-05
6.1600000000e+02	2.3729547852e-02	-2.2063997728e-02	7.4340171396e-05	3.7484515211e-05
6.1700000000e+02	2.3767033198e-02	-2.2138368309e-02	7.4400974889e-05	3.7486174416e-05
6.1800000000e+02	2.3804520199e-02	-2.2212799646e-02	7.4461682596e-05	3.7487825672e-05
6.1900000000e+02	2.3842008847e-02	-2.2287291642e-02	7.4522294812e-05	3.7489469032e-05
6.2000000000e+02	2.3879499134e-02	-2.2361844204e-02	7.4582811835e-05	3.7491104544e-05
6.2100000000e+02	2.3916991053e-02	-2.2436457234e-02	7.4643233957e-05	3.7492732259e-05
6.2200000000e+02	2.3954484596e-02	-2.2511130640e-02	7.4703561472e-05	3.7494352227e-05
6.2300000000e+02	2.3991979755e-02	-2.2585864326e-02	7.4763794672e-05	3.7495964495e-05
6.2400000000e+02	2.4029476522e-02	-2.2660658198e-02	7.4823933847e-05	3.7497569112e-05
6.2500000000e+02	2.4066974891e-02	-2.2735512162e-02	7.4883979285e-05	3.7499166127e-05
6.2600000000e+02	2.4104474852e-02	-2.2810426125e-02	7.4943931274e-05	3.7500755588e-05
6.2700000000e+02	2.4141976399e-02	-2.2885399994e-02	7.5003790101e-05	3.7502337541e-05
6.2800000000e+02	2.4179479525e-02	-2.2960433675e-02	7.5063556050e-05	3.7503912035e-05
6.2900000000e+02	2.4216984221e-02	-2.3035527075e-02	7.5123229405e-05	3.7505479115e-05
6.3000000000e+02	2.4254490480e-02	-2.3110680103e-02	7.5182810449e-05	3.7507038828e-05
6.3100000000e+02	2.4291998296e-02	-2.3185892665e-02	7.5242299463e-05	3.7508591220e-05
6.3200000000e+02	2.4329507660e-02	-2.3261164671e-02	7.5301696727e-05	3.7510136337e-05
6.3300000000e+02	2.4367018566e-02	-2.3336496028e-02	7.5361002519e-05	3.7511674223e-05
6.3400000000e+02	2.4404531007e-02	-2.3411886646e-02	7.5420217117e-05	3.7513204924e-05
6.3500000000e+02	2.4442044974e-02	-2.3487336432e-02	7.5479340797e-05	3.7514728484e-05
6.3600000000e+02	2.4479560461e-02	-2.3562845297e-02	7.5538373834e-05	3.7516244948e-05
6.3700000000e+02	2.4517077461e-02	-2.3638413150e-02	7.5597316501e-05	3.7517754359e-05
6.3800000000e+02	2.4554595968e-02	-2.3714039900e-02	7.5656169071e-05	3.7519256761e-05
6.3900000000e+02	2.4592115973e-02	-2.3789725458e-02	7.5714931816e-05	3.7520752197e-05
6.4000000000e+02	2.4629637470e-02	-2.3865469734e-02	7.5773605005e-05	3.7522240710e-05
6.4100000000e+02	2.4667160452e-02	-2.3941272638e-02	7.5832188908e-05	3.7523722342e-05
6.4200000000e+02	2.4704684912e-02	-2.4017134082e-02	7.5890683791e-05	3.7525197136e-05
6.4300000000e+02	2.4742210844e-02	-2.4093053976e-02	7.5949089922e-05	3.7526665134e-05
6.4400000000e+02	2.4779738240e-02	-2.4169032232e-02	7.6007407566e-05	3.7528126377e-05
6.4500000000e+02	2.4817267094e-02	-2.4245068762e-02	7.6065636986e-05	3.7529580906e-05
6.4600000000e+02	2.4854797400e-02	-2.4321163477e-02	7.6123778447e-05	3.7531028763e-05
6.4700000000e+02	2.4892329150e-02	-2.4397316290e-02	7.6181832209e-05	3.7532469987e-05
6.4800000000e+02	2.4929862337e-02	-2.4473527112e-02	7.6239798533e-05	3.7533904620e-05
6.4900000000e+02	2.4967396957e-02	-2.4549795858e-02	7.6297677680e-05	3.7535332702e-05
6.5000000000e+02	2.5004933001e-02	-2.4626122439e-02	7.6355469906e-05	3.7536754271e-05
6.5100000000e+02	2.5042470463e-02	-2.4702506768e-02	7.6413175471e-05	3.7538169368e-05
6.5200000000e+02	2.5080009337e-02	-2.4778948761e-02	7.6470794629e-05	3.7539578031e-05
6.5300000000e+02	2.5117549617e-02	-2.4855448329e-02	7.6528327635e-05	3.7540980300e-05
6.5400000000e+02	2.5155091296e-02	-2.4932005387e-02	7.6585774745e-05	3.7542376213e-05
6.5500000000e+02	2.5192634367e-02	-2.5008619850e-02	7.6643136209e-05	3.7543765808e-05
6.5600000000e+02	2.5230178825e-02	-2.5085291631e-02	7.6700412281e-05	3.7545149123e-05
6.5700000000e+02	2.5267724663e-02	-2.5162020646e-02	7.6757603211e-05	3.7546526196e-05
6.5800000000e+02	2.5305271876e-02	-2.5238806809e-02	7.6814709248e-05	3.7547897065e-05
6.5900000000e+02	2.5342820455e-02	-2.5315650036e-02	7.6871730640e-05	3.7549261765e-05
6.6000000000e+02	2.5380370397e-02	-2.5392550243e-02	7.6928667636e-05	3.7550620335e-05
6.6100000000e+02	2.5417921694e-02	-2.5469507344e-02	7.6985520481e-05	3.7551972811e-05
6.6200000000e+02	2.5455474341e-02	-2.5546521256e-02	7.7042289420e-05	3.7553319229e-05
6.6300000000e+02	2.5493028331e-02	-2.5623591895e-02	7.7098974699e-05	3.7554659625e-05
6.6400000000e+02	2.5530583658e-02	-2.5700719177e-02	7.7155576559e-05	3.7555994034e-05
6.6500000000e+02	2.5568140317e-02	-2.5777903020e-02	7.7212095243e-05	3.7557322493e-05
6.6600000000e+02	2.5605698301e-02	-2.5855143340e-02	7.7268530992e-05	3.7558645037e-05
6.6700000000e+02	2.5643257605e-02	-2.5932440054e-02	7.7324884047e-05	3.7559961700e-05
6.6800000000e+02	2.5680818222e-02	-2.6009793081e-02	7.7381154645e-05	3.7561272517e-05
6.6900000000e+02	2.5718380148e-02	-2.6087202336e-02	7.7437343026e-05	3.7562577523e-05
6.7000000000e+02	2.5755943375e-02	-2.6164667739e-02	7.7493449425e-05	3.7563876752e-05
6.7100000000e+02	2.5793507899e-02	-2.6242189208e-02	7.7549474079e-05	3.7565170238e-05
6.7200000000e+02	2.5831073714e-02	-2.6319766660e-02	7.7605417224e-05	3.7566458015e-05
6.7300000000e+02	2.5868640814e-02	-2.6397400015e-02	7.7661279092e-05	3.7567740115e-05
6.7400000000e+02	2.5906209192e-02	-2.6475089191e-02	7.7717059917e-05	3.7569016573e-05
6.7500000000e+02	2.5943778845e-02	-2.6552834108e-02	7.7772759930e-05	3.7570287421e-05
6.7600000000e+02	2.5981349765e-02	-2.6630634684e-02	7.7828379364e-05	3.7571552692e-05
6.7700000000e+02	2.6018921948e-02	-2.6708490840e-02	7.7883918447e-05	3.7572812419e-05
6.7800000000e+02	2.6056495388e-02	-2.6786402495e-02	7.7939377409e-05	3.7574066633e-05
6.7900000000e+02	2.6094070080e-02	-2.6864369568e-02	7.7994756477e-05	3.7575315367e-05
6.8000000000e+02	2.6131646017e-02	-2.6942391981e-02	7.8050055880e-05	3.7576558653e-05
6.8100000000e+02	2.6169223195e-02	-2.7020469654e-02	7.8105275843e-05	3.7577796522e-05
6.8200000000e+02	2.6206801609e-02	-2.7098602506e-02	7.8160416591e-05	3.7579029005e-05
6.8300000000e+02	2.6244381252e-02	-2.7176790460e-02	7.8215478348e-05	3.7580256134e-05
6.8400000000e+02	2.6281962119e-02	-2.7255033437e-02	7.8270461339e-05	3.7581477939e-05
6.8500000000e+02	2.6319544206e-02	-2.7333331357e-02	7.8325365785e-05	3.7582694452e-05
6.8600000000e+02	2.6357127506e-02	-2.7411684142e-02	7.8380191907e-05	3.7583905702e-05
6.8700000000e+02	2.6394712015e-02	-2.7490091715e-02	7.8434939927e-05	3.7585111720e-05
6.8800000000e+02	2.6432297728e-02	-2.7568553996e-02	7.8489610064e-05	3.7586312535e-05
6.8900000000e+02	2.6469884639e-02	-2.7647070909e-02	7.8544202536e-05	3.7587508179e-05
6.9000000000e+02	2.6507472743e-02	-2.7725642375e-02	7.8598717562e-05	3.7588698680e-05
6.9100000000e+02	2.6545062034e-02	-2.7804268318e-02	7.8653155358e-05	3.7589884067e-05
6.9200000000e+02	2.6582652509e-02	-2.7882948660e-02	7.8707516141e-05	3.7591064370e-05
6.9300000000e+02	2.6620244161e-02	-2.7961683325e-02	7.8761800125e-05	3.7592239618e-05
6.9400000000e+02	2.6657836987e-02	-2.8040472235e-02	7.8816007524e-05	3.7593409839e-05
6.9500000000e+02	2.6695430979e-02	-2.8119315315e-02	7.8870138552e-05	3.7594575063e-05
6.9600000000e+02	2.6733026135e-02	-2.8198212487e-02	7.8924193422e-05	3.7595735316e-05
6.9700000000e+02	2.6770622448e-02	-2.8277163676e-02	7.8978172345e-05	3.7596890629e-05
6.9800000000e+02	2.6808219915e-02	-2.8356168806e-02	7.9032075531e-05	3.7598041027e-05
6.9900000000e+02	2.6845818529e-02	-2.8435227802e-02	7.9085903191e-05	3.7599186541e-05
7.0000000000e+02	2.6883418286e-02	-2.8514340588e-02	7.9139655534e-05	3.7600327195e-05
7.0100000000e+02	2.6921019182e-02	-2.8593507088e-02	7.9193332767e-05	3.7601463019e-05
7.0200000000e+02	2.6958621211e-02	-2.8672727228e-02	7.9246935098e-05	3.7602594040e-05
7.0300000000e+02	2.6996224368e-02	-2.8752000933e-02	7.9300462733e-05	3.7603720284e-05
7.0400000000e+02	2.7033828650e-02	-2.8831328129e-02	7.9353915878e-05	3.7604841777e-05
7.0500000000e+02	2.7071434050e-02	-2.8910708740e-02	7.9407294738e-05	3.7605958548e-05
7.0600000000e+02	2.7109040565e-02	-2.8990142694e-02	7.9460599516e-05	3.7607070622e-05
7.0700000000e+02	2.7146648190e-02	-2.9069629915e-02	7.9513830416e-05	3.7608178025e-05
7.0800000000e+02	2.7184256920e-02	-2.9149170330e-02	7.9566987640e-05	3.7609280784e-05
7.0900000000e+02	2.7221866750e-02	-2.9228763865e-02	7.9620071390e-05	3.7610378924e-05
7.1000000000e+02	2.7259477676e-02	-2.9308410448e-02	7.9673081865e-05	3.7611472470e-05
7.1100000000e+02	2.7297089693e-02	-2.9388110005e-02	7.9726019266e-05	3.7612561450e-05
7.1200000000e+02	2.7334702797e-02	-2.9467862462e-02	7.9778883792e-05	3.7613645887e-05
7.1300000000e+02	2.7372316983e-02	-2.9547667748e-02	7.9831675641e-05	3.7614725808e-05
7.1400000000e+02	2.7409932247e-02	-2.9627525790e-02	7.9884395010e-05	3.7615801236e-05
7.1500000000e+02	2.7447548584e-02	-2.9707436514e-02	7.9937042096e-05	3.7616872197e-05
7.1600000000e+02	2.7485165990e-02	-2.9787399850e-02	7.9989617095e-05	3.7617938716e-05
7.1700000000e+02	2.7522784460e-02	-2.9867415724e-02	8.0042120202e-05	3.7619000817e-05
7.1800000000e+02	2.7560403990e-02	-2.9947484066e-02	8.0094551611e-05	3.7620058524e-05
7.1900000000e+02	2.7598024576e-02	-3.0027604804e-02	8.0146911516e-05	3.7621111862e-05
7.2000000000e+02	2.7635646213e-02	-3.0107777866e-02	8.0199200109e-05	3.7622160853e-05
7.2100000000e+02	2.7673268896e-02	-3.0188003180e-02	8.0251417582e-05	3.7623205524e-05
7.2200000000e+02	2.7710892622e-02	-3.0268280677e-02	8.0303564127e-05	3.7624245896e-05
7.2300000000e+02	2.7748517387e-02	-3.0348610285e-02	8.0355639933e-05	3.7625281993e-05
7.2400000000e+02	2.7786143185e-02	-3.0428991933e-02	8.0407645191e-05	3.7626313839e-05
7.2500000000e+02	2.7823770013e-02	-3.0509425552e-02	8.0459580089e-05	3.7627341457e-05
7.2600000000e+02	2.7861397866e-02	-3.0589911070e-02	8.0511444816e-05	3.7628364870e-05
7.2700000000e+02	2.7899026741e-02	-3.0670448418e-02	8.0563239559e-05	3.7629384101e-05
7.2800000000e+02	2.7936656633e-02	-3.0751037526e-02	8.0614964504e-05	3.7630399172e-05
7.2900000000e+02	2.7974287538e-02	-3.0831678324e-02	8.0666619838e-05	3.7631410106e-05
7.3000000000e+02	2.8011919452e-02	-3.0912370743e-02	8.0718205746e-05	3.7632416925e-05
7.3100000000e+02	2.8049552371e-02	-3.0993114712e-02	8.0769722412e-05	3.7633419652e-05
7.3200000000e+02	2.8087186290e-02	-3.1073910164e-02	8.0821170020e-05	3.7634418309e-05
7.3300000000e+02	2.8124821206e-02	-3.1154757029e-02	8.0872548752e-05	3.7635412918e-05
7.3400000000e+02	2.8162457115e-02	-3.1235655239e-02	8.0923858792e-05	3.7636403500e-05
7.3500000000e+02	2.8200094012e-02	-3.1316604724e-02	8.0975100321e-05	3.7637390077e-05
7.3600000000e+02	2.8237731893e-02	-3.1397605417e-02	8.1026273519e-05	3.7638372671e-05
7.3700000000e+02	2.8275370756e-02	-3.1478657249e-02	8.1077378567e-05	3.7639351303e-05
7.3800000000e+02	2.8313010595e-02	-3.1559760151e-02	8.1128415645e-05	3.7640325995e-05
7.3900000000e+02	2.8350651406e-02	-3.1640914057e-02	8.1179384930e-05	3.7641296766e-05
7.4000000000e+02	2.8388293187e-02	-3.1722118899e-02	8.1230286602e-05	3.7642263639e-05
7.4100000000e+02	2.8425935932e-02	-3.1803374608e-02	8.1281120837e-05	3.7643226634e-05
7.4200000000e+02	2.8463579639e-02	-3.1884681118e-02	8.1331887812e-05	3.7644185772e-05
7.4300000000e+02	2.8501224303e-02	-3.1966038361e-02	8.1382587704e-05	3.7645141073e-05
7.4400000000e+02	2.8538869920e-02	-3.2047446271e-02	8.1433220686e-05	3.7646092558e-05
7.4500000000e+02	2.8576516486e-02	-3.2128904780e-02	8.1483786935e-05	3.7647040246e-05
7.4600000000e+02	2.8614163999e-02	-3.2210413823e-02	8.1534286624e-05	3.7647984159e-05
7.4700000000e+02	2.8651812453e-02	-3.2291973331e-02	8.1584719926e-05	3.7648924316e-05
7.4800000000e+02	2.8689461846e-02	-3.2373583240e-02	8.1635087014e-05	3.7649860737e-05
7.4900000000e+02	2.8727112174e-02	-3.2455243483e-02	8.1685388060e-05	3.7650793441e-05
7.5000000000e+02	2.8764763432e-02	-3.2536953995e-02	8.1735623235e-05	3.7651722448e-05
7.5100000000e+02	2.8802415617e-02	-3.2618714708e-02	8.1785792710e-05	3.7652647779e-05
7.5200000000e+02	2.8840068726e-02	-3.2700525558e-02	8.1835896655e-05	3.7653569451e-05
7.5300000000e+02	2.8877722755e-02	-3.2782386480e-02	8.1885935239e-05	3.7654487485e-05
7.5400000000e+02	2.8915377700e-02	-3.2864297407e-02	8.1935908630e-05	3.7655401898e-05
7.5500000000e+02	2.8953033558e-02	-3.2946258275e-02	8.1985816997e-05	3.7656312712e-05
7.5600000000e+02	2.8990690324e-02	-3.3028269019e-02	8.2035660507e-05	3.7657219943e-05
7.5700000000e+02	2.9028347996e-02	-3.3110329575e-02	8.2085439328e-05	3.7658123611e-05
7.5800000000e+02	2.9066006570e-02	-3.3192439876e-02	8.2135153624e-05	3.7659023735e-05
7.5900000000e+02	2.9103666043e-02	-3.3274599860e-02	8.2184803561e-05	3.7659920332e-05
7.6000000000e+02	2.9141326410e-02	-3.3356809462e-02	8.2234389305e-05	3.7660813422e-05
7.6100000000e+02	2.9178987668e-02	-3.3439068618e-02	8.2283911020e-05	3.7661703023e-05
7.6200000000e+02	2.9216649815e-02	-3.3521377263e-02	8.2333368868e-05	3.7662589152e-05
7.6300000000e+02	2.9254312846e-02	-3.3603735334e-02	8.2382763014e-05	3.7663471827e-05
7.6400000000e+02	2.9291976757e-02	-3.3686142768e-02	8.2432093619e-05	3.7664351068e-05
7.6500000000e+02	2.9329641547e-02	-3.3768599500e-02	8.2481360846e-05	3.7665226890e-05
7.6600000000e+02	2.9367307210e-02	-3.3851105468e-02	8.2530564854e-05	3.7666099313e-05
7.6700000000e+02	2.9404973744e-02	-3.3933660609e-02	8.2579705806e-05	3.7666968352e-05
7.6800000000e+02	2.9442641145e-02	-3.4016264859e-02	8.2628783860e-05	3.7667834027e-05
7.6900000000e+02	2.9480309411e-02	-3.4098918156e-02	8.2677799177e-05	3.7668696354e-05
7.7000000000e+02	2.9517978537e-02	-3.4181620437e-02	8.2726751914e-05	3.7669555351e-05
7.7100000000e+02	2.9555648521e-02	-3.4264371639e-02	8.2775642230e-05	3.7670411034e-05
7.7200000000e+02	2.9593319358e-02	-3.4347171700e-02	8.2824470283e-05	3.7671263420e-05
7.7300000000e+02	2.9630991046e-02	-3.4430020559e-02	8.2873236229e-05	3.7672112527e-05
7.7400000000e+02	2.9668663582e-02	-3.4512918152e-02	8.2921940225e-05	3.7672958371e-05
7.7500000000e+02	2.9706336962e-02	-3.4595864419e-02	8.2970582426e-05	3.7673800969e-05
7.7600000000e+02	2.9744011183e-02	-3.4678859296e-02	8.3019162989e-05	3.7674640338e-05
7.7700000000e+02	2.9781686242e-02	-3.4761902724e-02	8.3067682066e-05	3.7675476493e-05
7.7800000000e+02	2.9819362135e-02	-3.4844994640e-02	8.3116139813e-05	3.7676309451e-05
7.7900000000e+02	2.9857038859e-02	-3.4928134983e-02	8.3164536383e-05	3.7677139229e-05
7.8000000000e+02	2.9894716412e-02	-3.5011323692e-02	8.3212871929e-05	3.7677965842e-05
7.8100000000e+02	2.9932394790e-02	-3.5094560707e-02	8.3261146603e-05	3.7678789307e-05
7.8200000000e+02	2.9970073990e-02	-3.5177845965e-02	8.3309360557e-05	3.7679609639e-05
7.8300000000e+02	3.0007754008e-02	-3.5261179408e-02	8.3357513941e-05	3.7680426855e-05
7.8400000000e+02	3.0045434842e-02	-3.5344560973e-02	8.3405606908e-05	3.7681240970e-05
7.8500000000e+02	3.0083116489e-02	-3.5427990601e-02	8.3453639606e-05	3.7682052000e-05
7.8600000000e+02	3.0120798945e-02	-3.5511468232e-02	8.3501612185e-05	3.7682859960e-05
7.8700000000e+02	3.0158482208e-02	-3.5594993806e-02	8.3549524795e-05	3.7683664865e-05
7.8800000000e+02	3.0196166274e-02	-3.5678567262e-02	8.3597377584e-05	3.7684466732e-05
7.8900000000e+02	3.0233851141e-02	-3.5762188541e-02	8.3645170699e-05	3.7685265575e-05
7.9000000000e+02	3.0271536804e-02	-3.5845857584e-02	8.3692904288e-05	3.7686061410e-05
7.9100000000e+02	3.0309223262e-02	-3.5929574330e-02	8.3740578498e-05	3.7686854251e-05
7.9200000000e+02	3.0346910512e-02	-3.6013338721e-02	8.3788193476e-05	3.7687644113e-05
7.9300000000e+02	3.0384598550e-02	-3.6097150697e-02	8.3835749365e-05	3.7688431012e-05
7.9400000000e+02	3.0422287373e-02	-3.6181010200e-02	8.3883246313e-05	3.7689214962e-05
7.9500000000e+02	3.0459976979e-02	-3.6264917170e-02	8.3930684464e-05	3.7689995978e-05
7.9600000000e+02	3.0497667364e-02	-3.6348871549e-02	8.3978063961e-05	3.7690774075e-05
7.9700000000e+02	3.0535358526e-02	-3.6432873279e-02	8.4025384949e-05	3.7691549266e-05
7.9800000000e+02	3.0573050461e-02	-3.6516922300e-02	8.4072647570e-05	3.7692321567e-05
7.9900000000e+02	3.0610743168e-02	-3.6601018554e-02	8.4119851968e-05	3.7693090991e-05
8.0000000000e+02	3.0648436642e-02	-3.6685161984e-02	8.4166998283e-05	3.7693857553e-05
8.0100000000e+02	3.0686130882e-02	-3.6769352532e-02	8.4214086659e-05	3.7694621268e-05
8.0200000000e+02	3.0723825884e-02	-3.6853590138e-02	8.4261117235e-05	3.7695382148e-05
8.0300000000e+02	3.0761521645e-02	-3.6937874747e-02	8.4308090152e-05	3.7696140209e-05
8.0400000000e+02	3.0799218163e-02	-3.7022206299e-02	8.4355005551e-05	3.7696895463e-05
8.0500000000e+02	3.0836915435e-02	-3.7106584739e-02	8.4401863570e-05	3.7697647926e-05
8.0600000000e+02	3.0874613458e-02	-3.7191010008e-02	8.4448664350e-05	3.7698397610e-05
8.0700000000e+02	3.0912312230e-02	-3.7275482048e-02	8.4495408028e-05	3.7699144529e-05
8.0800000000e+02	3.0950011747e-02	-3.7360000805e-02	8.4542094742e-05	3.7699888697e-05
8.0900000000e+02	3.0987712006e-02	-3.7444566219e-02	8.4588724629e-05	3.7700630127e-05
8.1000000000e+02	3.1025413006e-02	-3.7529178235e-02	8.4635297828e-05	3.7701368832e-05
8.1100000000e+02	3.1063114743e-02	-3.7613836796e-02	8.4681814474e-05	3.7702104827e-05
8.1200000000e+02	3.1100817215e-02	-3.7698541845e-02	8.4728274704e-05	3.7702838124e-05
8.1300000000e+02	3.1138520418e-02	-3.7783293326e-02	8.4774678653e-05	3.7703568735e-05
8.1400000000e+02	3.1176224351e-02	-3.7868091184e-02	8.4821026456e-05	3.7704296676e-05
8.1500000000e+02	3.1213929011e-02	-3.7952935361e-02	8.4867318247e-05	3.7705021957e-05
8.1600000000e+02	3.1251634394e-02	-3.8037825802e-02	8.4913554162e-05	3.7705744593e-05
8.1700000000e+02	3.1289340499e-02	-3.8122762450e-02	8.4959734332e-05	3.7706464596e-05
8.1800000000e+02	3.1327047323e-02	-3.8207745252e-02	8.5005858893e-05	3.7707181978e-05
8.1900000000e+02	3.1364754862e-02	-3.8292774150e-02	8.5051927975e-05	3.7707896754e-05
8.2000000000e+02	3.1402463115e-02	-3.8377849089e-02	8.5097941713e-05	3.7708608934e-05
8.2100000000e+02	3.1440172079e-02	-3.8462970015e-02	8.5143900236e-05	3.7709318532e-05
8.2200000000e+02	3.1477881751e-02	-3.8548136871e-02	8.5189803677e-05	3.7710025559e-05
8.2300000000e+02	3.1515592129e-02	-3.8633349604e-02	8.5235652167e-05	3.7710730030e-05
8.2400000000e+02	3.1553303211e-02	-3.8718608157e-02	8.5281445835e-05	3.7711431955e-05
8.2500000000e+02	3.1591014993e-02	-3.8803912477e-02	8.5327184812e-05	3.7712131347e-05
8.2600000000e+02	3.1628727472e-02	-3.8889262509e-02	8.5372869227e-05	3.7712828218e-05
8.2700000000e+02	3.1666440648e-02	-3.8974658198e-02	8.5418499209e-05	3.7713522580e-05
8.2800000000e+02	3.1704154517e-02	-3.9060099489e-02	8.5464074886e-05	3.7714214445e-05
8.2900000000e+02	3.1741869076e-02	-3.9145586329e-02	8.5509596388e-05	3.7714903826e-05
8.3000000000e+02	3.1779584324e-02	-3.9231118664e-02	8.5555063840e-05	3.7715590733e-05
8.3100000000e+02	3.1817300257e-02	-3.9316696439e-02	8.5600477372e-05	3.7716275180e-05
8.3200000000e+02	3.1855016873e-02	-3.9402319601e-02	8.5645837108e-05	3.7716957176e-05
8.3300000000e+02	3.1892734170e-02	-3.9487988095e-02	8.5691143176e-05	3.7717636735e-05
8.3400000000e+02	3.1930452146e-02	-3.9573701869e-02	8.5736395702e-05	3.7718313868e-05
8.3500000000e+02	3.1968170797e-02	-3.9659460869e-02	8.5781594810e-05	3.7718988586e-05
8.3600000000e+02	3.2005890122e-02	-3.9745265041e-02	8.5826740626e-05	3.7719660901e-05
8.3700000000e+02	3.2043610118e-02	-3.9831114332e-02	8.5871833274e-05	3.7720330824e-05
8.3800000000e+02	3.2081330783e-02	-3.9917008690e-02	8.5916872879e-05	3.7720998366e-05
8.3900000000e+02	3.2119052114e-02	-4.0002948061e-02	8.5961859565e-05	3.7721663539e-05
8.4000000000e+02	3.2156774109e-02	-4.0088932391e-02	8.6006793453e-05	3.7722326353e-05
8.4100000000e+02	3.2194496766e-02	-4.0174961630e-02	8.6051674668e-05	3.7722986821e-05
8.4200000000e+02	3.2232220082e-02	-4.0261035723e-02	8.6096503332e-05	3.7723644952e-05
8.4300000000e+02	3.2269944055e-02	-4.0347154619e-02	8.6141279566e-05	3.7724300759e-05
8.4400000000e+02	3.2307668683e-02	-4.0433318265e-02	8.6186003493e-05	3.7724954251e-05
8.4500000000e+02	3.2345393963e-02	-4.0519526609e-02	8.6230675233e-05	3.7725605441e-05
8.4600000000e+02	3.2383119893e-02	-4.0605779598e-02	8.6275294907e-05	3.7726254337e-05
8.4700000000e+02	3.2420846471e-02	-4.0692077181e-02	8.6319862635e-05	3.7726900952e-05
8.4800000000e+02	3.2458573694e-02	-4.0778419306e-02	8.6364378538e-05	3.7727545296e-05
8.4900000000e+02	3.2496301561e-02	-4.0864805921e-02	8.6408842735e-05	3.7728187380e-05
8.5000000000e+02	3.2534030068e-02	-4.0951236974e-02	8.6453255344e-05	3.7728827214e-05
8.5100000000e+02	3.2571759214e-02	-4.1037712415e-02	8.6497616485e-05	3.7729464808e-05
8.5200000000e+02	3.2609488997e-02	-4.1124232190e-02	8.6541926276e-05	3.7730100173e-05
8.5300000000e+02	3.2647219414e-02	-4.1210796250e-02	8.6586184835e-05	3.7730733320e-05
8.5400000000e+02	3.2684950463e-02	-4.1297404543e-02	8.6630392279e-05	3.7731364258e-05
8.5500000000e+02	3.2722682142e-02	-4.1384057018e-02	8.6674548724e-05	3.7731992998e-05
8.5600000000e+02	3.2760414448e-02	-4.1470753623e-02	8.6718654289e-05	3.7732619550e-05
8.5700000000e+02	3.2798147380e-02	-4.1557494309e-02	8.6762709089e-05	3.7733243925e-05
8.5800000000e+02	3.2835880935e-02	-4.1644279025e-02	8.6806713240e-05	3.7733866131e-05
8.5900000000e+02	3.2873615112e-02	-4.1731107719e-02	8.6850666858e-05	3.7734486180e-05
8.6000000000e+02	3.2911349907e-02	-4.1817980342e-02	8.6894570057e-05	3.7735104081e-05
8.6100000000e+02	3.2949085319e-02	-4.1904896842e-02	8.6938422952e-05	3.7735719845e-05
8.6200000000e+02	3.2986821346e-02	-4.1991857171e-02	8.6982225657e-05	3.7736333480e-05
8.6300000000e+02	3.3024557985e-02	-4.2078861277e-02	8.7025978288e-05	3.7736944997e-05
8.6400000000e+02	3.3062295235e-02	-4.2165909111e-02	8.7069680956e-05	3.7737554405e-05
8.6500000000e+02	3.3100033094e-02	-4.2253000622e-02	8.7113333775e-05	3.7738161715e-05
8.6600000000e+02	3.3137771558e-02	-4.2340135762e-02	8.7156936859e-05	3.7738766935e-05
8.6700000000e+02	3.3175510627e-02	-4.2427314479e-02	8.7200490318e-05	3.7739370076e-05
8.6800000000e+02	3.3213250298e-02	-4.2514536726e-02	8.7243994266e-05	3.7739971146e-05
8.6900000000e+02	3.3250990568e-02	-4.2601802451e-02	8.7287448814e-05	3.7740570156e-05
8.7000000000e+02	3.3288731437e-02	-4.2689111607e-02	8.7330854074e-05	3.7741167114e-05
8.7100000000e+02	3.3326472902e-02	-4.2776464143e-02	8.7374210155e-05	3.7741762030e-05
8.7200000000e+02	3.3364214961e-02	-4.2863860011e-02	8.7417517169e-05	3.7742354913e-05
8.7300000000e+02	3.3401957611e-02	-4.2951299161e-02	8.7460775226e-05	3.7742945773e-05
8.7400000000e+02	3.3439700851e-02	-4.3038781545e-02	8.7503984435e-05	3.7743534619e-05
8.7500000000e+02	3.3477444680e-02	-4.3126307114e-02	8.7547144907e-05	3.7744121460e-05
8.7600000000e+02	3.3515189094e-02	-4.3213875819e-02	8.7590256749e-05	3.7744706304e-05
8.7700000000e+02	3.3552934092e-02	-4.3301487611e-02	8.7633320071e-05	3.7745289161e-05
8.7800000000e+02	3.3590679671e-02	-4.3389142443e-02	8.7676334982e-05	3.7745870040e-05
8.7900000000e+02	3.3628425831e-02	-4.3476840265e-02	8.7719301588e-05	3.7746448950e-05
8.8000000000e+02	3.3666172569e-02	-4.3564581030e-02	8.7762219998e-05	3.7747025900e-05
8.8100000000e+02	3.3703919882e-02	-4.3652364689e-02	8.7805090319e-05	3.7747600898e-05
8.8200000000e+02	3.3741667770e-02	-4.3740191194e-02	8.7847912658e-05	3.7748173954e-05
8.8300000000e+02	3.3779416229e-02	-4.3828060498e-02	8.7890687121e-05	3.7748745075e-05
8.8400000000e+02	3.3817165259e-02	-4.3915972553e-02	8.7933413814e-05	3.7749314272e-05
8.8500000000e+02	3.3854914857e-02	-4.4003927310e-02	8.7976092844e-05	3.7749881551e-05
8.8600000000e+02	3.3892665022e-02	-4.4091924723e-02	8.8018724316e-05	3.7750446923e-05
8.8700000000e+02	3.3930415751e-02	-4.4179964743e-02	8.8061308335e-05	3.7751010395e-05
8.8800000000e+02	3.3968167042e-02	-4.4268047323e-02	8.8103845006e-05	3.7751571976e-05
8.8900000000e+02	3.4005918894e-02	-4.4356172417e-02	8.8146334433e-05	3.7752131674e-05
8.9000000000e+02	3.4043671305e-02	-4.4444339977e-02	8.8188776720e-05	3.7752689499e-05
8.9100000000e+02	3.4081424272e-02	-4.4532549955e-02	8.8231171972e-05	3.7753245457e-05
8.9200000000e+02	3.4119177795e-02	-4.4620802305e-02	8.8273520291e-05	3.7753799558e-05
8.9300000000e+02	3.4156931871e-02	-4.4709096980e-02	8.8315821781e-05	3.7754351809e-05
8.9400000000e+02	3.4194686498e-02	-4.4797433933e-02	8.8358076545e-05	3.7754902219e-05
8.9500000000e+02	3.4232441675e-02	-4.4885813117e-02	8.8400284684e-05	3.7755450797e-05
8.9600000000e+02	3.4270197399e-02	-4.4974234487e-02	8.8442446301e-05	3.7755997549e-05
8.9700000000e+02	3.4307953669e-02	-4.5062697995e-02	8.8484561498e-05	3.7756542485e-05
8.9800000000e+02	3.4345710483e-02	-4.5151203594e-02	8.8526630376e-05	3.7757085612e-05
8.9900000000e+02	3.4383467840e-02	-4.5239751240e-02	8.8568653036e-05	3.7757626938e-05
9.0000000000e+02	3.4421225737e-02	-4.5328340885e-02	8.8610629579e-05	3.7758166472e-05
9.0100000000e+02	3.4458984172e-02	-4.5416972484e-02	8.8652560106e-05	3.7758704220e-05
9.0200000000e+02	3.4496743144e-02	-4.5505645990e-02	8.8694444717e-05	3.7759240192e-05
9.0300000000e+02	3.4534502652e-02	-4.5594361358e-02	8.8736283510e-05	3.7759774394e-05
9.0400000000e+02	3.4572262693e-02	-4.5683118542e-02	8.8778076587e-05	3.7760306835e-05
9.0500000000e+02	3.4610023265e-02	-4.5771917496e-02	8.8819824045e-05	3.7760837522e-05
9.0600000000e+02	3.4647784367e-02	-4.5860758175e-02	8.8861525984e-05	3.7761366463e-05
9.0700000000e+02	3.4685545997e-02	-4.5949640533e-02	8.8903182503e-05	3.7761893665e-05
9.0800000000e+02	3.4723308154e-02	-4.6038564525e-02	8.8944793699e-05	3.7762419137e-05
9.0900000000e+02	3.4761070835e-02	-4.6127530105e-02	8.8986359670e-05	3.7762942885e-05
9.1000000000e+02	3.4798834039e-02	-4.6216537229e-02	8.9027880514e-05	3.7763464918e-05
9.1100000000e+02	3.4836597764e-02	-4.6305585851e-02	8.9069356328e-05	3.7763985242e-05
9.1200000000e+02	3.4874362009e-02	-4.6394675927e-02	8.9110787210e-05	3.7764503866e-05
9.1300000000e+02	3.4912126771e-02	-4.6483807410e-02	8.9152173255e-05	3.7765020796e-05
9.1400000000e+02	3.4949892050e-02	-4.6572980258e-02	8.9193514560e-05	3.7765536040e-05
9.1500000000e+02	3.4987657843e-02	-4.6662194425e-02	8.9234811221e-05	3.7766049605e-05
9.1600000000e+02	3.5025424149e-02	-4.6751449866e-02	8.9276063334e-05	3.7766561499e-05
9.1700000000e+02	3.5063190965e-02	-4.6840746537e-02	8.9317270994e-05	3.7767071728e-05
9.1800000000e+02	3.5100958291e-02	-4.6930084393e-02	8.9358434297e-05	3.7767580300e-05
9.1900000000e+02	3.5138726125e-02	-4.7019463390e-02	8.9399553336e-05	3.7768087223e-05
9.2000000000e+02	3.5176494465e-02	-4.7108883485e-02	8.9440628207e-05	3.7768592502e-05
9.2100000000e+02	3.5214263310e-02	-4.7198344632e-02	8.9481659003e-05	3.7769096146e-05
9.2200000000e+02	3.5252032657e-02	-4.7287846788e-02	8.9522645819e-05	3.7769598161e-05
9.2300000000e+02	3.5289802506e-02	-4.7377389909e-02	8.9563588748e-05	3.7770098555e-05
9.2400000000e+02	3.5327572854e-02	-4.7466973951e-02	8.9604487884e-05	3.7770597333e-05
9.2500000000e+02	3.5365343700e-02	-4.7556598870e-02	8.9645343319e-05	3.7771094504e-05
9.2600000000e+02	3.5403115042e-02	-4.7646264623e-02	8.9686155146e-05	3.7771590074e-05
9.2700000000e+02	3.5440886879e-02	-4.7735971166e-02	8.9726923458e-05	3.7772084051e-05
9.2800000000e+02	3.5478659210e-02	-4.7825718456e-02	8.9767648346e-05	3.7772576439e-05
9.2900000000e+02	3.5516432032e-02	-4.7915506448e-02	8.9808329903e-05	3.7773067248e-05
9.3000000000e+02	3.5554205344e-02	-4.8005335101e-02	8.9848968220e-05	3.7773556483e-05
9.3100000000e+02	3.5591979144e-02	-4.8095204370e-02	8.9889563388e-05	3.7774044150e-05
9.3200000000e+02	3.5629753432e-02	-4.8185114213e-02	8.9930115499e-05	3.7774530258e-05
9.3300000000e+02	3.5667528204e-02	-4.8275064587e-02	8.9970624642e-05	3.7775014812e-05
9.3400000000e+02	3.5705303461e-02	-4.8365055448e-02	9.0011090909e-05	3.7775497818e-05
9.3500000000e+02	3.5743079199e-02	-4.8455086755e-02	9.0051514389e-05	3.7775979285e-05
9.3600000000e+02	3.5780855419e-02	-4.8545158463e-02	9.0091895173e-05	3.7776459217e-05
9.3700000000e+02	3.5818632117e-02	-4.8635270531e-02	9.0132233349e-05	3.7776937622e-05
9.3800000000e+02	3.5856409293e-02	-4.8725422916e-02	9.0172529007e-05	3.7777414506e-05
9.3900000000e+02	3.5894186946e-02	-4.8815615575e-02	9.0212782237e-05	3.7777889875e-05
9.4000000000e+02	3.5931965073e-02	-4.8905848466e-02	9.0252993126e-05	3.7778363737e-05
9.4100000000e+02	3.5969743673e-02	-4.8996121547e-02	9.0293161764e-05	3.7778836096e-05
9.4200000000e+02	3.6007522744e-02	-4.9086434775e-02	9.0333288237e-05	3.7779306960e-05
9.4300000000e+02	3.6045302286e-02	-4.9176788109e-02	9.0373372636e-05	3.7779776335e-05
9.4400000000e+02	3.6083082297e-02	-4.9267181507e-02	9.0413415046e-05	3.7780244227e-05
9.4500000000e+02	3.6120862774e-02	-4.9357614925e-02	9.0453415555e-05	3.7780710642e-05
9.4600000000e+02	3.6158643717e-02	-4.9448088324e-02	9.0493374251e-05	3.7781175587e-05
9.4700000000e+02	3.6196425125e-02	-4.9538601660e-02	9.0533291219e-05	3.7781639068e-05
9.4800000000e+02	3.6234206995e-02	-4.9629154892e-02	9.0573166548e-05	3.7782101090e-05
9.4900000000e+02	3.6271989326e-02	-4.9719747979e-02	9.0613000322e-05	3.7782561660e-05
9.5000000000e+02	3.6309772118e-02	-4.9810380879e-02	9.0652792628e-05	3.7783020785e-05
9.5100000000e+02	3.6347555368e-02	-4.9901053551e-02	9.0692543552e-05	3.7783478469e-05
9.5200000000e+02	3.6385339074e-02	-4.9991765953e-02	9.0732253179e-05	3.7783934720e-05
9.5300000000e+02	3.6423123237e-02	-5.0082518043e-02	9.0771921595e-05	3.7784389542e-05
9.5400000000e+02	3.6460907853e-02	-5.0173309782e-02	9.0811548884e-05	3.7784842943e-05
9.5500000000e+02	3.6498692922e-02	-5.0264141127e-02	9.0851135130e-05	3.7785294927e-05
9.5600000000e+02	3.6536478442e-02	-5.0355012039e-02	9.0890680419e-05	3.7785745501e-05
9.5700000000e+02	3.6574264412e-02	-5.0445922475e-02	9.0930184835e-05	3.7786194671e-05
9.5800000000e+02	3.6612050831e-02	-5.0536872395e-02	9.0969648461e-05	3.7786642442e-05
9.5900000000e+02	3.6649837697e-02	-5.0627861758e-02	9.1009071382e-05	3.7787088821e-05
9.6000000000e+02	3.6687625008e-02	-5.0718890524e-02	9.1048453679e-05	3.7787533812e-05
9.6100000000e+02	3.6725412764e-02	-5.0809958652e-02	9.1087795438e-05	3.7787977422e-05
9.6200000000e+02	3.6763200963e-02	-5.0901066101e-02	9.1127096740e-05	3.7788419657e-05
9.6300000000e+02	3.6800989603e-02	-5.0992212832e-02	9.1166357668e-05	3.7788860522e-05
9.6400000000e+02	3.6838778683e-02	-5.1083398803e-02	9.1205578305e-05	3.7789300022e-05
9.6500000000e+02	3.6876568202e-02	-5.1174623975e-02	9.1244758733e-05	3.7789738164e-05
9.6600000000e+02	3.6914358159e-02	-5.1265888307e-02	9.1283899034e-05	3.7790174953e-05
9.6700000000e+02	3.6952148552e-02	-5.1357191760e-02	9.1322999288e-05	3.7790610394e-05
9.6800000000e+02	3.6989939380e-02	-5.1448534293e-02	9.1362059579e-05	3.7791044494e-05
9.6900000000e+02	3.7027730640e-02	-5.1539915866e-02	9.1401079986e-05	3.7791477257e-05
9.7000000000e+02	3.7065522334e-02	-5.1631336439e-02	9.1440060591e-05	3.7791908689e-05
9.7100000000e+02	3.7103314457e-02	-5.1722795974e-02	9.1479001474e-05	3.7792338795e-05
9.7200000000e+02	3.7141107011e-02	-5.1814294429e-02	9.1517902716e-05	3.7792767582e-05
9.7300000000e+02	3.7178899992e-02	-5.1905831766e-02	9.1556764397e-05	3.7793195053e-05
9.7400000000e+02	3.7216693400e-02	-5.1997407945e-02	9.1595586597e-05	3.7793621216e-05
9.7500000000e+02	3.7254487234e-02	-5.2089022926e-02	9.1634369395e-05	3.7794046074e-05
9.7600000000e+02	3.7292281492e-02	-5.2180676670e-02	9.1673112871e-05	3.7794469633e-05
9.7700000000e+02	3.7330076173e-02	-5.2272369139e-02	9.1711817105e-05	3.7794891900e-05
9.7800000000e+02	3.7367871275e-02	-5.2364100291e-02	9.1750482175e-05	3.7795312878e-05
9.7900000000e+02	3.7405666798e-02	-5.2455870090e-02	9.1789108160e-05	3.7795732573e-05
9.8000000000e+02	3.7443462740e-02	-5.2547678495e-02	9.1827695138e-05	3.7796150990e-05
9.8100000000e+02	3.7481259100e-02	-5.2639525467e-02	9.1866243188e-05	3.7796568135e-05
9.8200000000e+02	3.7519055876e-02	-5.2731410968e-02	9.1904752387e-05	3.7796984012e-05
9.8300000000e+02	3.7556853067e-02	-5.2823334959e-02	9.1943222814e-05	3.7797398627e-05
9.8400000000e+02	3.7594650673e-02	-5.2915297401e-02	9.1981654547e-05	3.7797811984e-05
9.8500000000e+02	3.7632448691e-02	-5.3007298255e-02	9.2020047661e-05	3.7798224090e-05
9.8600000000e+02	3.7670247121e-02	-5.3099337483e-02	9.2058402235e-05	3.7798634949e-05
9.8700000000e+02	3.7708045961e-02	-5.3191415047e-02	9.2096718346e-05	3.7799044565e-05
9.8800000000e+02	3.7745845209e-02	-5.3283530907e-02	9.2134996069e-05	3.7799452944e-05
9.8900000000e+02	3.7783644866e-02	-5.3375685026e-02	9.2173235483e-05	3.7799860092e-05
9.9000000000e+02	3.7821444929e-02	-5.3467877366e-02	9.2211436661e-05	3.7800266012e-05
9.9100000000e+02	3.7859245398e-02	-5.3560107887e-02	9.2249599682e-05	3.7800670710e-05
9.9200000000e+02	3.7897046270e-02	-5.3652376552e-02	9.2287724619e-05	3.7801074190e-05
9.9300000000e+02	3.7934847546e-02	-5.3744683323e-02	9.2325811550e-05	3.7801476458e-05
9.9400000000e+02	3.7972649223e-02	-5.3837028163e-02	9.2363860549e-05	3.7801877519e-05
9.9500000000e+02	3.8010451300e-02	-5.3929411032e-02	9.2401871691e-05	3.7802277377e-05
9.9600000000e+02	3.8048253777e-02	-5.4021831893e-02	9.2439845051e-05	3.7802676036e-05
9.9700000000e+02	3.8086056652e-02	-5.4114290709e-02	9.2477780703e-05	3.7803073503e-05
9.9800000000e+02	3.8123859924e-02	-5.4206787442e-02	9.2515678723e-05	3.7803469781e-05
9.9900000000e+02	3.8161663591e-02	-5.4299322054e-02	9.2553539185e-05	3.7803864875e-05
