T (K)			C13
1.0000000000e+00	2.4525776758e+03
2.0000000000e+00	2.4525776752e+03
3.0000000000e+00	2.4525776733e+03
4.0000000000e+00	2.4525776684e+03
5.0000000000e+00	2.4525776586e+03
6.0000000000e+00	2.4525776413e+03
7.0000000000e+00	2.4525776129e+03
8.0000000000e+00	2.4525775698e+03
9.0000000000e+00	2.4525775076e+03
1.0000000000e+01	2.4525774215e+03
1.1000000000e+01	2.4525773062e+03
1.2000000000e+01	2.4525771559e+03
1.3000000000e+01	2.4525769635e+03
1.4000000000e+01	2.4525767203e+03
1.5000000000e+01	2.4525764149e+03
1.6000000000e+01	2.4525760323e+03
1.7000000000e+01	2.4525755528e+03
1.8000000000e+01	2.4525749510e+03
1.9000000000e+01	2.4525741948e+03
2.0000000000e+01	2.4525732451e+03
2.1000000000e+01	2.4525720551e+03
2.2000000000e+01	2.4525705704e+03
2.3000000000e+01	2.4525687289e+03
2.4000000000e+01	2.4525664617e+03
2.5000000000e+01	2.4525636930e+03
2.6000000000e+01	2.4525603412e+03
2.7000000000e+01	2.4525563198e+03
2.8000000000e+01	2.4525515381e+03
2.9000000000e+01	2.4525459024e+03
3.0000000000e+01	2.4525393167e+03
3.1000000000e+01	2.4525316840e+03
3.2000000000e+01	2.4525229069e+03
3.3000000000e+01	2.4525128887e+03
3.4000000000e+01	2.4525015341e+03
3.5000000000e+01	2.4524887499e+03
3.6000000000e+01	2.4524744456e+03
3.7000000000e+01	2.4524585342e+03
3.8000000000e+01	2.4524409321e+03
3.9000000000e+01	2.4524215601e+03
4.0000000000e+01	2.4524003435e+03
4.1000000000e+01	2.4523772122e+03
4.2000000000e+01	2.4523521008e+03
4.3000000000e+01	2.4523249491e+03
4.4000000000e+01	2.4522957016e+03
4.5000000000e+01	2.4522643082e+03
4.6000000000e+01	2.4522307234e+03
4.7000000000e+01	2.4521949068e+03
4.8000000000e+01	2.4521568226e+03
4.9000000000e+01	2.4521164398e+03
5.0000000000e+01	2.4520737316e+03
5.1000000000e+01	2.4520737316e+03
5.2000000000e+01	2.4520121016e+03
5.3000000000e+01	2.4520121016e+03
5.4000000000e+01	2.4519454965e+03
5.5000000000e+01	2.4519454965e+03
5.6000000000e+01	2.4518681263e+03
5.7000000000e+01	2.4518681263e+03
5.8000000000e+01	2.4517803681e+03
5.9000000000e+01	2.4517221160e+03
6.0000000000e+01	2.4516606853e+03
6.1000000000e+01	2.4515972183e+03
6.2000000000e+01	2.4515316367e+03
6.3000000000e+01	2.4514639146e+03
6.4000000000e+01	2.4513940318e+03
6.5000000000e+01	2.4513219742e+03
6.6000000000e+01	2.4511509915e+03
6.7000000000e+01	2.4511509915e+03
6.8000000000e+01	2.4510591067e+03
6.9000000000e+01	2.4509838686e+03
7.0000000000e+01	2.4508139095e+03
7.1000000000e+01	2.4507654951e+03
7.2000000000e+01	2.4506890937e+03
7.3000000000e+01	2.4506096682e+03
7.4000000000e+01	2.4504404045e+03
7.5000000000e+01	2.4503857192e+03
7.6000000000e+01	2.4503035369e+03
7.7000000000e+01	2.4501369628e+03
7.8000000000e+01	2.4500775344e+03
7.9000000000e+01	2.4499914536e+03
8.0000000000e+01	2.4498176214e+03
8.1000000000e+01	2.4497549476e+03
8.2000000000e+01	2.4495913191e+03
8.3000000000e+01	2.4495243777e+03
8.4000000000e+01	2.4493596893e+03
8.5000000000e+01	2.4492903503e+03
8.6000000000e+01	2.4491219007e+03
8.7000000000e+01	2.4490505531e+03
8.8000000000e+01	2.4488774552e+03
8.9000000000e+01	2.4488042844e+03
9.0000000000e+01	2.4486263085e+03
9.1000000000e+01	2.4485514221e+03
9.2000000000e+01	2.4483685805e+03
9.3000000000e+01	2.4482920562e+03
9.4000000000e+01	2.4481044501e+03
9.5000000000e+01	2.4479320957e+03
9.6000000000e+01	2.4478594878e+03
9.7000000000e+01	2.4476871164e+03
9.8000000000e+01	2.4476041342e+03
9.9000000000e+01	2.4474138851e+03
1.0000000000e+02	2.4472371579e+03
1.0100000000e+02	2.4471599605e+03
1.0200000000e+02	2.4469779840e+03
1.0300000000e+02	2.4468053206e+03
1.0400000000e+02	2.4467238661e+03
1.0500000000e+02	2.4465361826e+03
1.0600000000e+02	2.4463582194e+03
1.0700000000e+02	2.4462750879e+03
1.0800000000e+02	2.4460825763e+03
1.0900000000e+02	2.4458999471e+03
1.1000000000e+02	2.4457362598e+03
1.1100000000e+02	2.4456491281e+03
1.1200000000e+02	2.4454573289e+03
1.1300000000e+02	2.4452734517e+03
1.1400000000e+02	2.4451052089e+03
1.1500000000e+02	2.4450154578e+03
1.1600000000e+02	2.4448175659e+03
1.1700000000e+02	2.4446279352e+03
1.1800000000e+02	2.4444550744e+03
1.1900000000e+02	2.4442905407e+03
1.2000000000e+02	2.4441264489e+03
1.2100000000e+02	2.4439605974e+03
1.2200000000e+02	2.4437930010e+03
1.2300000000e+02	2.4436240761e+03
1.2400000000e+02	2.4434541180e+03
1.2500000000e+02	2.4432832518e+03
1.2600000000e+02	2.4431115088e+03
1.2700000000e+02	2.4429388912e+03
1.2800000000e+02	2.4427654018e+03
1.2900000000e+02	2.4425910493e+03
1.3000000000e+02	2.4424158468e+03
1.3100000000e+02	2.4422398087e+03
1.3200000000e+02	2.4420629492e+03
1.3300000000e+02	2.4418852819e+03
1.3400000000e+02	2.4417068202e+03
1.3500000000e+02	2.4415275770e+03
1.3600000000e+02	2.4413475650e+03
1.3700000000e+02	2.4411667965e+03
1.3800000000e+02	2.4409852837e+03
1.3900000000e+02	2.4408030386e+03
1.4000000000e+02	2.4406200729e+03
1.4100000000e+02	2.4404363981e+03
1.4200000000e+02	2.4402520253e+03
1.4300000000e+02	2.4400669658e+03
1.4400000000e+02	2.4398812302e+03
1.4500000000e+02	2.4396948293e+03
1.4600000000e+02	2.4395077733e+03
1.4700000000e+02	2.4393200726e+03
1.4800000000e+02	2.4391317370e+03
1.4900000000e+02	2.4389427765e+03
1.5000000000e+02	2.4387532007e+03
1.5100000000e+02	2.4385630189e+03
1.5200000000e+02	2.4383722404e+03
1.5300000000e+02	2.4381808744e+03
1.5400000000e+02	2.4379889297e+03
1.5500000000e+02	2.4377964150e+03
1.5600000000e+02	2.4376033390e+03
1.5700000000e+02	2.4374097099e+03
1.5800000000e+02	2.4372155361e+03
1.5900000000e+02	2.4370208257e+03
1.6000000000e+02	2.4368255864e+03
1.6100000000e+02	2.4366298263e+03
1.6200000000e+02	2.4364335528e+03
1.6300000000e+02	2.4362367734e+03
1.6400000000e+02	2.4360394956e+03
1.6500000000e+02	2.4358417265e+03
1.6600000000e+02	2.4356434732e+03
1.6700000000e+02	2.4354447426e+03
1.6800000000e+02	2.4352455416e+03
1.6900000000e+02	2.4350458768e+03
1.7000000000e+02	2.4348457548e+03
1.7100000000e+02	2.4346451820e+03
1.7200000000e+02	2.4344441649e+03
1.7300000000e+02	2.4342427094e+03
1.7400000000e+02	2.4340408219e+03
1.7500000000e+02	2.4338385082e+03
1.7600000000e+02	2.4336357742e+03
1.7700000000e+02	2.4334326258e+03
1.7800000000e+02	2.4332290684e+03
1.7900000000e+02	2.4330251078e+03
1.8000000000e+02	2.4328207493e+03
1.8100000000e+02	2.4326159984e+03
1.8200000000e+02	2.4324108603e+03
1.8300000000e+02	2.4322053401e+03
1.8400000000e+02	2.4319994430e+03
1.8500000000e+02	2.4317931739e+03
1.8600000000e+02	2.4315865377e+03
1.8700000000e+02	2.4313795394e+03
1.8800000000e+02	2.4311721834e+03
1.8900000000e+02	2.4309644746e+03
1.9000000000e+02	2.4307564175e+03
1.9100000000e+02	2.4305480166e+03
1.9200000000e+02	2.4303392763e+03
1.9300000000e+02	2.4301302009e+03
1.9400000000e+02	2.4299207947e+03
1.9500000000e+02	2.4297110618e+03
1.9600000000e+02	2.4295010064e+03
1.9700000000e+02	2.4292906325e+03
1.9800000000e+02	2.4290799441e+03
1.9900000000e+02	2.4288689451e+03
2.0000000000e+02	2.4286576394e+03
2.0100000000e+02	2.4284460306e+03
2.0200000000e+02	2.4282341225e+03
2.0300000000e+02	2.4280219188e+03
2.0400000000e+02	2.4278094231e+03
2.0500000000e+02	2.4275966388e+03
2.0600000000e+02	2.4273835695e+03
2.0700000000e+02	2.4271702185e+03
2.0800000000e+02	2.4269565893e+03
2.0900000000e+02	2.4267426850e+03
2.1000000000e+02	2.4265285091e+03
2.1100000000e+02	2.4263140645e+03
2.1200000000e+02	2.4260993546e+03
2.1300000000e+02	2.4258843823e+03
2.1400000000e+02	2.4256691507e+03
2.1500000000e+02	2.4254536629e+03
2.1600000000e+02	2.4252379217e+03
2.1700000000e+02	2.4250219300e+03
2.1800000000e+02	2.4248056907e+03
2.1900000000e+02	2.4245892066e+03
2.2000000000e+02	2.4243724805e+03
2.2100000000e+02	2.4241555150e+03
2.2200000000e+02	2.4239383129e+03
2.2300000000e+02	2.4237208767e+03
2.2400000000e+02	2.4235032091e+03
2.2500000000e+02	2.4232853126e+03
2.2600000000e+02	2.4230671896e+03
2.2700000000e+02	2.4228488428e+03
2.2800000000e+02	2.4226302744e+03
2.2900000000e+02	2.4224114870e+03
2.3000000000e+02	2.4221924828e+03
2.3100000000e+02	2.4219732642e+03
2.3200000000e+02	2.4217538334e+03
2.3300000000e+02	2.4215341927e+03
2.3400000000e+02	2.4213143444e+03
2.3500000000e+02	2.4210942906e+03
2.3600000000e+02	2.4208740334e+03
2.3700000000e+02	2.4206535749e+03
2.3800000000e+02	2.4204329174e+03
2.3900000000e+02	2.4202120627e+03
2.4000000000e+02	2.4199910129e+03
2.4100000000e+02	2.4197697701e+03
2.4200000000e+02	2.4195483361e+03
2.4300000000e+02	2.4193267129e+03
2.4400000000e+02	2.4191049025e+03
2.4500000000e+02	2.4188829067e+03
2.4600000000e+02	2.4186607273e+03
2.4700000000e+02	2.4184383661e+03
2.4800000000e+02	2.4182158250e+03
2.4900000000e+02	2.4179931057e+03
2.5000000000e+02	2.4177702101e+03
2.5100000000e+02	2.4175471397e+03
2.5200000000e+02	2.4173238962e+03
2.5300000000e+02	2.4171004815e+03
2.5400000000e+02	2.4168768970e+03
2.5500000000e+02	2.4166531445e+03
2.5600000000e+02	2.4164292254e+03
2.5700000000e+02	2.4162051415e+03
2.5800000000e+02	2.4159808942e+03
2.5900000000e+02	2.4157564851e+03
2.6000000000e+02	2.4155319158e+03
2.6100000000e+02	2.4153071875e+03
2.6200000000e+02	2.4150823019e+03
2.6300000000e+02	2.4148572605e+03
2.6400000000e+02	2.4146320645e+03
2.6500000000e+02	2.4144067155e+03
2.6600000000e+02	2.4141812148e+03
2.6700000000e+02	2.4139555638e+03
2.6800000000e+02	2.4137297638e+03
2.6900000000e+02	2.4135038163e+03
2.7000000000e+02	2.4132777224e+03
2.7100000000e+02	2.4130514835e+03
2.7200000000e+02	2.4128251008e+03
2.7300000000e+02	2.4125985757e+03
2.7400000000e+02	2.4123719093e+03
2.7500000000e+02	2.4121451030e+03
2.7600000000e+02	2.4119181579e+03
2.7700000000e+02	2.4116910751e+03
2.7800000000e+02	2.4114638559e+03
2.7900000000e+02	2.4112365015e+03
2.8000000000e+02	2.4110090130e+03
2.8100000000e+02	2.4107813915e+03
2.8200000000e+02	2.4105536381e+03
2.8300000000e+02	2.4103257540e+03
2.8400000000e+02	2.4100977402e+03
2.8500000000e+02	2.4098695979e+03
2.8600000000e+02	2.4096413279e+03
2.8700000000e+02	2.4094129316e+03
2.8800000000e+02	2.4091844097e+03
2.8900000000e+02	2.4089557635e+03
2.9000000000e+02	2.4087269938e+03
2.9100000000e+02	2.4084981016e+03
2.9200000000e+02	2.4082690880e+03
2.9300000000e+02	2.4080399539e+03
2.9400000000e+02	2.4078107003e+03
2.9500000000e+02	2.4075813281e+03
2.9600000000e+02	2.4073518383e+03
2.9700000000e+02	2.4071222317e+03
2.9800000000e+02	2.4068925093e+03
2.9900000000e+02	2.4066626719e+03
3.0000000000e+02	2.4064327206e+03
3.0100000000e+02	2.4062026560e+03
3.0200000000e+02	2.4059724792e+03
3.0300000000e+02	2.4057421908e+03
3.0400000000e+02	2.4055117919e+03
3.0500000000e+02	2.4052812832e+03
3.0600000000e+02	2.4050506655e+03
3.0700000000e+02	2.4048199397e+03
3.0800000000e+02	2.4045891066e+03
3.0900000000e+02	2.4043581669e+03
3.1000000000e+02	2.4039687231e+03
3.1100000000e+02	2.4038696816e+03
3.1200000000e+02	2.4036625689e+03
3.1300000000e+02	2.4034401834e+03
3.1400000000e+02	2.4032078282e+03
3.1500000000e+02	2.4028119205e+03
3.1600000000e+02	2.4027131749e+03
3.1700000000e+02	2.4025052075e+03
3.1800000000e+02	2.4022820514e+03
3.1900000000e+02	2.4020490263e+03
3.2000000000e+02	2.4016523360e+03
3.2100000000e+02	2.4015535058e+03
3.2200000000e+02	2.4013450328e+03
3.2300000000e+02	2.4011213473e+03
3.2400000000e+02	2.4008877813e+03
3.2500000000e+02	2.4004606247e+03
3.2600000000e+02	2.4003469310e+03
3.2700000000e+02	2.4001597038e+03
3.2800000000e+02	2.3999501954e+03
3.2900000000e+02	2.3997241948e+03
3.3000000000e+02	2.3994899256e+03
3.3100000000e+02	2.3990628974e+03
3.3200000000e+02	2.3989490482e+03
3.3300000000e+02	2.3987613826e+03
3.3400000000e+02	2.3985513885e+03
3.3500000000e+02	2.3983248417e+03
3.3600000000e+02	2.3979256348e+03
3.3700000000e+02	2.3978261321e+03
3.3800000000e+02	2.3976164065e+03
3.3900000000e+02	2.3973913106e+03
3.4000000000e+02	2.3971562101e+03
3.4100000000e+02	2.3967261266e+03
3.4200000000e+02	2.3966121286e+03
3.4300000000e+02	2.3964237572e+03
3.4400000000e+02	2.3962129871e+03
3.4500000000e+02	2.3959855700e+03
3.4600000000e+02	2.3955548537e+03
3.4700000000e+02	2.3954406237e+03
3.4800000000e+02	2.3952518442e+03
3.4900000000e+02	2.3950406544e+03
3.5000000000e+02	2.3948127914e+03
3.5100000000e+02	2.3943812128e+03
3.5200000000e+02	2.3942669123e+03
3.5300000000e+02	2.3940778076e+03
3.5400000000e+02	2.3938662601e+03
3.5500000000e+02	2.3936379938e+03
3.5600000000e+02	2.3932055803e+03
3.5700000000e+02	2.3930912142e+03
3.5800000000e+02	2.3929017935e+03
3.5900000000e+02	2.3926898989e+03
3.6000000000e+02	2.3924612405e+03
3.6100000000e+02	2.3920280124e+03
3.6200000000e+02	2.3919135861e+03
3.6300000000e+02	2.3917238585e+03
3.6400000000e+02	2.3915116269e+03
3.6500000000e+02	2.3912825872e+03
3.6600000000e+02	2.3908485635e+03
3.6700000000e+02	2.3907340821e+03
3.6800000000e+02	2.3905440562e+03
3.6900000000e+02	2.3903314971e+03
3.7000000000e+02	2.3901020863e+03
3.7100000000e+02	2.3896672851e+03
3.7200000000e+02	2.3895527537e+03
3.7300000000e+02	2.3893624376e+03
3.7400000000e+02	2.3891495601e+03
3.7500000000e+02	2.3889197877e+03
3.7600000000e+02	2.3884842263e+03
3.7700000000e+02	2.3883696494e+03
3.7800000000e+02	2.3881790509e+03
3.7900000000e+02	2.3879658635e+03
3.8000000000e+02	2.3877357388e+03
3.8100000000e+02	2.3872994333e+03
3.8200000000e+02	2.3871848156e+03
3.8300000000e+02	2.3869939418e+03
3.8400000000e+02	2.3867804528e+03
3.8500000000e+02	2.3865499844e+03
3.8600000000e+02	2.3861129503e+03
3.8700000000e+02	2.3859982958e+03
3.8800000000e+02	2.3858071539e+03
3.8900000000e+02	2.3855933710e+03
3.9000000000e+02	2.3853625671e+03
3.9100000000e+02	2.3849248190e+03
3.9200000000e+02	2.3848101318e+03
3.9300000000e+02	2.3846187283e+03
3.9400000000e+02	2.3844046589e+03
3.9500000000e+02	2.3841735274e+03
3.9600000000e+02	2.3837350792e+03
3.9700000000e+02	2.3836203632e+03
3.9800000000e+02	2.3834287043e+03
3.9900000000e+02	2.3832143555e+03
4.0000000000e+02	2.3829829037e+03
4.0100000000e+02	2.3825437687e+03
4.0200000000e+02	2.3824290274e+03
4.0300000000e+02	2.3822371192e+03
4.0400000000e+02	2.3820224976e+03
4.0500000000e+02	2.3817907327e+03
4.0600000000e+02	2.3813509233e+03
4.0700000000e+02	2.3812361603e+03
4.0800000000e+02	2.3810440085e+03
4.0900000000e+02	2.3808291204e+03
4.1000000000e+02	2.3805970491e+03
4.1100000000e+02	2.3801565772e+03
4.1200000000e+02	2.3800417958e+03
4.1300000000e+02	2.3798494059e+03
4.1400000000e+02	2.3796342574e+03
4.1500000000e+02	2.3794018860e+03
4.1600000000e+02	2.3789607631e+03
4.1700000000e+02	2.3788459664e+03
4.1800000000e+02	2.3786533435e+03
4.1900000000e+02	2.3784379404e+03
4.2000000000e+02	2.3782052751e+03
4.2100000000e+02	2.3777635118e+03
4.2200000000e+02	2.3776487029e+03
4.2300000000e+02	2.3774558520e+03
4.2400000000e+02	2.3772401997e+03
4.2500000000e+02	2.3770072462e+03
4.2600000000e+02	2.3765648530e+03
4.2700000000e+02	2.3764500348e+03
4.2800000000e+02	2.3762569605e+03
4.2900000000e+02	2.3760410642e+03
4.3000000000e+02	2.3758078281e+03
4.3100000000e+02	2.3753648147e+03
4.3200000000e+02	2.3752499899e+03
4.3300000000e+02	2.3750566968e+03
4.3400000000e+02	2.3748405616e+03
4.3500000000e+02	2.3746070481e+03
4.3600000000e+02	2.3741634238e+03
4.3700000000e+02	2.3740485950e+03
4.3800000000e+02	2.3738550874e+03
4.3900000000e+02	2.3736387180e+03
4.4000000000e+02	2.3734049322e+03
4.4100000000e+02	2.3729607060e+03
4.4200000000e+02	2.3728458758e+03
4.4300000000e+02	2.3726521577e+03
4.4400000000e+02	2.3724355587e+03
4.4500000000e+02	2.3722015053e+03
4.4600000000e+02	2.3717566856e+03
4.4700000000e+02	2.3716418563e+03
4.4800000000e+02	2.3714479318e+03
4.4900000000e+02	2.3712311076e+03
4.5000000000e+02	2.3709967911e+03
4.5100000000e+02	2.3705513859e+03
4.5200000000e+02	2.3704365599e+03
4.5300000000e+02	2.3702424327e+03
4.5400000000e+02	2.3700253873e+03
4.5500000000e+02	2.3697908123e+03
4.5600000000e+02	2.3693448293e+03
4.5700000000e+02	2.3692300089e+03
4.5800000000e+02	2.3690356825e+03
4.5900000000e+02	2.3688184200e+03
4.6000000000e+02	2.3685835904e+03
4.6100000000e+02	2.3681370371e+03
4.6200000000e+02	2.3680222242e+03
4.6300000000e+02	2.3678277022e+03
4.6400000000e+02	2.3676102262e+03
4.6500000000e+02	2.3673751462e+03
4.6600000000e+02	2.3669280294e+03
4.6700000000e+02	2.3668132262e+03
4.6800000000e+02	2.3666185119e+03
4.6900000000e+02	2.3664008262e+03
4.7000000000e+02	2.3661654994e+03
4.7100000000e+02	2.3657178260e+03
4.7200000000e+02	2.3656030345e+03
4.7300000000e+02	2.3654081308e+03
4.7400000000e+02	2.3651902390e+03
4.7500000000e+02	2.3649546690e+03
4.7600000000e+02	2.3645064453e+03
4.7700000000e+02	2.3643916672e+03
4.7800000000e+02	2.3641965774e+03
4.7900000000e+02	2.3639784826e+03
4.8000000000e+02	2.3637426729e+03
4.8100000000e+02	2.3632939052e+03
4.8200000000e+02	2.3631791423e+03
4.8300000000e+02	2.3629838693e+03
4.8400000000e+02	2.3627655747e+03
4.8500000000e+02	2.3625295287e+03
4.8600000000e+02	2.3620802224e+03
4.8700000000e+02	2.3619654766e+03
4.8800000000e+02	2.3617700231e+03
4.8900000000e+02	2.3615515318e+03
4.9000000000e+02	2.3613152526e+03
4.9100000000e+02	2.3608654137e+03
4.9200000000e+02	2.3607506866e+03
4.9300000000e+02	2.3605550552e+03
4.9400000000e+02	2.3603363701e+03
4.9500000000e+02	2.3600998607e+03
4.9600000000e+02	2.3596494943e+03
4.9700000000e+02	2.3595347874e+03
4.9800000000e+02	2.3593389807e+03
4.9900000000e+02	2.3591201047e+03
5.0000000000e+02	2.3588833681e+03
5.0100000000e+02	2.3584324793e+03
5.0200000000e+02	2.3583177943e+03
5.0300000000e+02	2.3581218147e+03
5.0400000000e+02	2.3579027504e+03
5.0500000000e+02	2.3576657893e+03
5.0600000000e+02	2.3572143830e+03
5.0700000000e+02	2.3570997212e+03
5.0800000000e+02	2.3569035713e+03
5.0900000000e+02	2.3566843212e+03
5.1000000000e+02	2.3564471382e+03
5.1100000000e+02	2.3559952191e+03
5.1200000000e+02	2.3558805821e+03
5.1300000000e+02	2.3556842639e+03
5.1400000000e+02	2.3554648305e+03
5.1500000000e+02	2.3552274283e+03
5.1600000000e+02	2.3547750007e+03
5.1700000000e+02	2.3546603897e+03
5.1800000000e+02	2.3544639056e+03
5.1900000000e+02	2.3542442913e+03
5.2000000000e+02	2.3540066721e+03
5.2100000000e+02	2.3535537405e+03
5.2200000000e+02	2.3534391568e+03
5.2300000000e+02	2.3532425087e+03
5.2400000000e+02	2.3530227158e+03
5.2500000000e+02	2.3527848820e+03
5.2600000000e+02	2.3523314503e+03
5.2700000000e+02	2.3522168954e+03
5.2800000000e+02	2.3520200854e+03
5.2900000000e+02	2.3518001160e+03
5.3000000000e+02	2.3515620698e+03
5.3100000000e+02	2.3511081420e+03
5.3200000000e+02	2.3509936169e+03
5.3300000000e+02	2.3507966469e+03
5.3400000000e+02	2.3505765031e+03
5.3500000000e+02	2.3503382468e+03
5.3600000000e+02	2.3498838264e+03
5.3700000000e+02	2.3497693323e+03
5.3800000000e+02	2.3495722043e+03
5.3900000000e+02	2.3493518882e+03
5.4000000000e+02	2.3491134236e+03
5.4100000000e+02	2.3486585143e+03
5.4200000000e+02	2.3485440525e+03
5.4300000000e+02	2.3483467682e+03
5.4400000000e+02	2.3481262815e+03
5.4500000000e+02	2.3478876108e+03
5.4600000000e+02	2.3474322159e+03
5.4700000000e+02	2.3473177873e+03
5.4800000000e+02	2.3471203484e+03
5.4900000000e+02	2.3468996932e+03
5.5000000000e+02	2.3466608181e+03
5.5100000000e+02	2.3462049409e+03
5.5200000000e+02	2.3460905467e+03
5.5300000000e+02	2.3458929549e+03
5.5400000000e+02	2.3456721328e+03
5.5500000000e+02	2.3454330552e+03
5.5600000000e+02	2.3449766987e+03
5.5700000000e+02	2.3448623399e+03
5.5800000000e+02	2.3446645968e+03
5.5900000000e+02	2.3444436096e+03
5.6000000000e+02	2.3442043311e+03
5.6100000000e+02	2.3437474985e+03
5.6200000000e+02	2.3436331760e+03
5.6300000000e+02	2.3434352832e+03
5.6400000000e+02	2.3432141324e+03
5.6500000000e+02	2.3429746547e+03
5.6600000000e+02	2.3425173486e+03
5.6700000000e+02	2.3424030635e+03
5.6800000000e+02	2.3422050224e+03
5.6900000000e+02	2.3419837098e+03
5.7000000000e+02	2.3417440343e+03
5.7100000000e+02	2.3412862577e+03
5.7200000000e+02	2.3411720108e+03
5.7300000000e+02	2.3409738228e+03
5.7400000000e+02	2.3407523498e+03
5.7500000000e+02	2.3405124781e+03
5.7600000000e+02	2.3400542334e+03
5.7700000000e+02	2.3399400256e+03
5.7800000000e+02	2.3397416922e+03
5.7900000000e+02	2.3395200602e+03
5.8000000000e+02	2.3392799939e+03
5.8100000000e+02	2.3388212836e+03
5.8200000000e+02	2.3387071157e+03
5.8300000000e+02	2.3385086383e+03
5.8400000000e+02	2.3382868487e+03
5.8500000000e+02	2.3380465890e+03
5.8600000000e+02	2.3375874155e+03
5.8700000000e+02	2.3374732885e+03
5.8800000000e+02	2.3372746681e+03
5.8900000000e+02	2.3370527224e+03
5.9000000000e+02	2.3366007272e+03
5.9100000000e+02	2.3364860642e+03
5.9200000000e+02	2.3362871060e+03
5.9300000000e+02	2.3360648754e+03
5.9400000000e+02	2.3356123864e+03
5.9500000000e+02	2.3354977714e+03
5.9600000000e+02	2.3352986988e+03
5.9700000000e+02	2.3350763436e+03
5.9800000000e+02	2.3346234803e+03
5.9900000000e+02	2.3345089052e+03
6.0000000000e+02	2.3343097177e+03
6.0100000000e+02	2.3340872378e+03
6.0200000000e+02	2.3336340012e+03
6.0300000000e+02	2.3335194664e+03
6.0400000000e+02	2.3333201649e+03
6.0500000000e+02	2.3330975611e+03
6.0600000000e+02	2.3326439519e+03
6.0700000000e+02	2.3325294581e+03
6.0800000000e+02	2.3323300432e+03
6.0900000000e+02	2.3321073162e+03
6.1000000000e+02	2.3316533359e+03
6.1100000000e+02	2.3315388834e+03
6.1200000000e+02	2.3313393558e+03
6.1300000000e+02	2.3311165062e+03
6.1400000000e+02	2.3306621559e+03
6.1500000000e+02	2.3305477453e+03
6.1600000000e+02	2.3303481056e+03
6.1700000000e+02	2.3301251341e+03
6.1800000000e+02	2.3296704147e+03
6.1900000000e+02	2.3295560465e+03
6.2000000000e+02	2.3293562953e+03
6.2100000000e+02	2.3291332026e+03
6.2200000000e+02	2.3286781152e+03
6.2300000000e+02	2.3285637897e+03
6.2400000000e+02	2.3283639277e+03
6.2500000000e+02	2.3281407144e+03
6.2600000000e+02	2.3276852601e+03
6.2700000000e+02	2.3275709777e+03
6.2800000000e+02	2.3273710055e+03
6.2900000000e+02	2.3271476722e+03
6.3000000000e+02	2.3266918517e+03
6.3100000000e+02	2.3265776130e+03
6.3200000000e+02	2.3263775312e+03
6.3300000000e+02	2.3261540785e+03
6.3400000000e+02	2.3256978928e+03
6.3500000000e+02	2.3255836981e+03
6.3600000000e+02	2.3253835072e+03
6.3700000000e+02	2.3251599356e+03
6.3800000000e+02	2.3247033857e+03
6.3900000000e+02	2.3245892354e+03
6.4000000000e+02	2.3243889359e+03
6.4100000000e+02	2.3241652461e+03
6.4200000000e+02	2.3237083326e+03
6.4300000000e+02	2.3235942271e+03
6.4400000000e+02	2.3233938196e+03
6.4500000000e+02	2.3231700121e+03
6.4600000000e+02	2.3227127359e+03
6.4700000000e+02	2.3225986756e+03
6.4800000000e+02	2.3223981607e+03
6.4900000000e+02	2.3221742359e+03
6.5000000000e+02	2.3217165978e+03
6.5100000000e+02	2.3216025831e+03
6.5200000000e+02	2.3214019612e+03
6.5300000000e+02	2.3211779196e+03
6.5400000000e+02	2.3207199204e+03
6.5500000000e+02	2.3206059515e+03
6.5600000000e+02	2.3204052232e+03
6.5700000000e+02	2.3201810653e+03
6.5800000000e+02	2.3197227055e+03
6.5900000000e+02	2.3196087830e+03
6.6000000000e+02	2.3194079486e+03
6.6100000000e+02	2.3191836749e+03
6.6200000000e+02	2.3187249552e+03
6.6300000000e+02	2.3186110794e+03
6.6400000000e+02	2.3184101395e+03
6.6500000000e+02	2.3181857506e+03
6.6600000000e+02	2.3177266717e+03
6.6700000000e+02	2.3176128428e+03
6.6800000000e+02	2.3174117979e+03
6.6900000000e+02	2.3171872939e+03
6.7000000000e+02	2.3167278564e+03
6.7100000000e+02	2.3166140749e+03
6.7200000000e+02	2.3164129253e+03
6.7300000000e+02	2.3161883068e+03
6.7400000000e+02	2.3157285113e+03
6.7500000000e+02	2.3156147774e+03
6.7600000000e+02	2.3154135236e+03
6.7700000000e+02	2.3151887910e+03
6.7800000000e+02	2.3147286380e+03
6.7900000000e+02	2.3146149521e+03
6.8000000000e+02	2.3144135945e+03
6.8100000000e+02	2.3141887483e+03
6.8200000000e+02	2.3137282382e+03
6.8300000000e+02	2.3136146005e+03
6.8400000000e+02	2.3134131396e+03
6.8500000000e+02	2.3131881800e+03
6.8600000000e+02	2.3127273136e+03
6.8700000000e+02	2.3126137246e+03
6.8800000000e+02	2.3124121605e+03
6.8900000000e+02	2.3121870880e+03
6.9000000000e+02	2.3117258653e+03
6.9100000000e+02	2.3116123252e+03
6.9200000000e+02	2.3114106587e+03
6.9300000000e+02	2.3111854735e+03
6.9400000000e+02	2.3107238953e+03
6.9500000000e+02	2.3106104044e+03
6.9600000000e+02	2.3104086356e+03
6.9700000000e+02	2.3101833382e+03
6.9800000000e+02	2.3097214048e+03
6.9900000000e+02	2.3096079634e+03
7.0000000000e+02	2.3094060927e+03
7.0100000000e+02	2.3091806834e+03
7.0200000000e+02	2.3087183952e+03
7.0300000000e+02	2.3086050035e+03
7.0400000000e+02	2.3084030313e+03
7.0500000000e+02	2.3081775103e+03
7.0600000000e+02	2.3077148676e+03
7.0700000000e+02	2.3076015260e+03
7.0800000000e+02	2.3073994527e+03
7.0900000000e+02	2.3071738204e+03
7.1000000000e+02	2.3067108236e+03
7.1100000000e+02	2.3065975324e+03
7.1200000000e+02	2.3063953581e+03
7.1300000000e+02	2.3061696148e+03
7.1400000000e+02	2.3057062641e+03
7.1500000000e+02	2.3055930235e+03
7.1600000000e+02	2.3053907489e+03
7.1700000000e+02	2.3051648948e+03
7.1800000000e+02	2.3047011907e+03
7.1900000000e+02	2.3045880009e+03
7.2000000000e+02	2.3043856261e+03
7.2100000000e+02	2.3041596615e+03
7.2200000000e+02	2.3036956041e+03
7.2300000000e+02	2.3035824655e+03
7.2400000000e+02	2.3033799907e+03
7.2500000000e+02	2.3031539160e+03
7.2600000000e+02	2.3026895056e+03
7.2700000000e+02	2.3025764184e+03
7.2800000000e+02	2.3023738440e+03
7.2900000000e+02	2.3021476594e+03
7.3000000000e+02	2.3016828963e+03
7.3100000000e+02	2.3015698607e+03
7.3200000000e+02	2.3013671870e+03
7.3300000000e+02	2.3011408927e+03
7.3400000000e+02	2.3006757770e+03
7.3500000000e+02	2.3005627933e+03
7.3600000000e+02	2.3003600206e+03
7.3700000000e+02	2.3001336167e+03
7.3800000000e+02	2.2996681486e+03
7.3900000000e+02	2.2995552171e+03
7.4000000000e+02	2.2993523457e+03
7.4100000000e+02	2.2991258326e+03
7.4200000000e+02	2.2986600124e+03
7.4300000000e+02	2.2985471332e+03
7.4400000000e+02	2.2983441633e+03
7.4500000000e+02	2.2981175412e+03
7.4600000000e+02	2.2976513690e+03
7.4700000000e+02	2.2975385423e+03
7.4800000000e+02	2.2973354742e+03
7.4900000000e+02	2.2971087433e+03
7.5000000000e+02	2.2966422191e+03
7.5100000000e+02	2.2965294453e+03
7.5200000000e+02	2.2963262793e+03
7.5300000000e+02	2.2960994397e+03
7.5400000000e+02	2.2956325639e+03
7.5500000000e+02	2.2955198431e+03
7.5600000000e+02	2.2953165793e+03
7.5700000000e+02	2.2950896313e+03
7.5800000000e+02	2.2946224036e+03
7.5900000000e+02	2.2945097361e+03
7.6000000000e+02	2.2943063749e+03
7.6100000000e+02	2.2940793187e+03
7.6200000000e+02	2.2936117396e+03
7.6300000000e+02	2.2934991255e+03
7.6400000000e+02	2.2932956670e+03
7.6500000000e+02	2.2930685027e+03
7.6600000000e+02	2.2926005720e+03
7.6700000000e+02	2.2924880116e+03
7.6800000000e+02	2.2922844562e+03
7.6900000000e+02	2.2920571840e+03
7.7000000000e+02	2.2915889017e+03
7.7100000000e+02	2.2914763952e+03
7.7200000000e+02	2.2912727430e+03
7.7300000000e+02	2.2910453630e+03
7.7400000000e+02	2.2905767294e+03
7.7500000000e+02	2.2904642770e+03
7.7600000000e+02	2.2902605282e+03
7.7700000000e+02	2.2900330406e+03
7.7800000000e+02	2.2895640555e+03
7.7900000000e+02	2.2894516574e+03
7.8000000000e+02	2.2892478122e+03
7.8100000000e+02	2.2890202172e+03
7.8200000000e+02	2.2885508809e+03
7.8300000000e+02	2.2884385372e+03
7.8400000000e+02	2.2882345958e+03
7.8500000000e+02	2.2880068935e+03
7.8600000000e+02	2.2875372056e+03
7.8700000000e+02	2.2874249166e+03
7.8800000000e+02	2.2872208793e+03
7.8900000000e+02	2.2869930698e+03
7.9000000000e+02	2.2865230304e+03
7.9100000000e+02	2.2864107964e+03
7.9200000000e+02	2.2862066633e+03
7.9300000000e+02	2.2859787467e+03
7.9400000000e+02	2.2855083557e+03
7.9500000000e+02	2.2853961767e+03
7.9600000000e+02	2.2851919481e+03
7.9700000000e+02	2.2849639246e+03
7.9800000000e+02	2.2844931822e+03
7.9900000000e+02	2.2843810584e+03
8.0000000000e+02	2.2841767344e+03
8.0100000000e+02	2.2839486041e+03
8.0200000000e+02	2.2834775100e+03
8.0300000000e+02	2.2833654416e+03
8.0400000000e+02	2.2831610224e+03
8.0500000000e+02	2.2829327853e+03
8.0600000000e+02	2.2824613395e+03
8.0700000000e+02	2.2823493267e+03
8.0800000000e+02	2.2821448124e+03
8.0900000000e+02	2.2819164688e+03
8.1000000000e+02	2.2814446711e+03
8.1100000000e+02	2.2813327141e+03
8.1200000000e+02	2.2811281049e+03
8.1300000000e+02	2.2808996547e+03
8.1400000000e+02	2.2804275052e+03
8.1500000000e+02	2.2803156041e+03
8.1600000000e+02	2.2801109002e+03
8.1700000000e+02	2.2798823436e+03
8.1800000000e+02	2.2794098419e+03
8.1900000000e+02	2.2792979969e+03
8.2000000000e+02	2.2790931985e+03
8.2100000000e+02	2.2788645355e+03
8.2200000000e+02	2.2783916816e+03
8.2300000000e+02	2.2782798930e+03
8.2400000000e+02	2.2780750001e+03
8.2500000000e+02	2.2778462308e+03
8.2600000000e+02	2.2773730246e+03
8.2700000000e+02	2.2772612925e+03
8.2800000000e+02	2.2770563053e+03
8.2900000000e+02	2.2768274298e+03
8.3000000000e+02	2.2763538710e+03
8.3100000000e+02	2.2762421955e+03
8.3200000000e+02	2.2760371142e+03
8.3300000000e+02	2.2758081326e+03
8.3400000000e+02	2.2753342212e+03
8.3500000000e+02	2.2752226024e+03
8.3600000000e+02	2.2750174272e+03
8.3700000000e+02	2.2745716503e+03
8.3800000000e+02	2.2744580676e+03
8.3900000000e+02	2.2742525921e+03
8.4000000000e+02	2.2738062955e+03
8.4100000000e+02	2.2736927792e+03
8.4200000000e+02	2.2734872285e+03
8.4300000000e+02	2.2730406778e+03
8.4400000000e+02	2.2729272098e+03
8.4500000000e+02	2.2727215849e+03
8.4600000000e+02	2.2722747815e+03
8.4700000000e+02	2.2721613616e+03
8.4800000000e+02	2.2719556627e+03
8.4900000000e+02	2.2715086063e+03
8.5000000000e+02	2.2713952349e+03
8.5100000000e+02	2.2711894617e+03
8.5200000000e+02	2.2707421523e+03
8.5300000000e+02	2.2706288293e+03
8.5400000000e+02	2.2704229821e+03
8.5500000000e+02	2.2699754195e+03
8.5600000000e+02	2.2698621450e+03
8.5700000000e+02	2.2696562237e+03
8.5800000000e+02	2.2692084080e+03
8.5900000000e+02	2.2690951822e+03
8.6000000000e+02	2.2688891869e+03
8.6100000000e+02	2.2684411177e+03
8.6200000000e+02	2.2683279406e+03
8.6300000000e+02	2.2681218714e+03
8.6400000000e+02	2.2676735487e+03
8.6500000000e+02	2.2675604204e+03
8.6600000000e+02	2.2673542772e+03
8.6700000000e+02	2.2669057009e+03
8.6800000000e+02	2.2667926216e+03
8.6900000000e+02	2.2665864046e+03
8.7000000000e+02	2.2661375744e+03
8.7100000000e+02	2.2660245442e+03
8.7200000000e+02	2.2658182533e+03
8.7300000000e+02	2.2653691692e+03
8.7400000000e+02	2.2652561880e+03
8.7500000000e+02	2.2650498233e+03
8.7600000000e+02	2.2646004852e+03
8.7700000000e+02	2.2644875532e+03
8.7800000000e+02	2.2642811148e+03
8.7900000000e+02	2.2638315223e+03
8.8000000000e+02	2.2637186396e+03
8.8100000000e+02	2.2635121275e+03
8.8200000000e+02	2.2630622807e+03
8.8300000000e+02	2.2629494474e+03
8.8400000000e+02	2.2627428615e+03
8.8500000000e+02	2.2622927603e+03
8.8600000000e+02	2.2621799765e+03
8.8700000000e+02	2.2619733169e+03
8.8800000000e+02	2.2615229608e+03
8.8900000000e+02	2.2614102266e+03
8.9000000000e+02	2.2612034934e+03
8.9100000000e+02	2.2607528826e+03
8.9200000000e+02	2.2606401980e+03
8.9300000000e+02	2.2604333913e+03
8.9400000000e+02	2.2599825253e+03
8.9500000000e+02	2.2598698905e+03
8.9600000000e+02	2.2596630101e+03
8.9700000000e+02	2.2592118890e+03
8.9800000000e+02	2.2590993040e+03
8.9900000000e+02	2.2588923500e+03
9.0000000000e+02	2.2584409734e+03
9.0100000000e+02	2.2583284383e+03
9.0200000000e+02	2.2581214109e+03
9.0300000000e+02	2.2576697789e+03
9.0400000000e+02	2.2575572938e+03
9.0500000000e+02	2.2573501929e+03
9.0600000000e+02	2.2568983049e+03
9.0700000000e+02	2.2567858699e+03
9.0800000000e+02	2.2565786955e+03
9.0900000000e+02	2.2561265516e+03
9.1000000000e+02	2.2560141668e+03
9.1100000000e+02	2.2558069189e+03
9.1200000000e+02	2.2553545189e+03
9.1300000000e+02	2.2552421844e+03
9.1400000000e+02	2.2550348630e+03
9.1500000000e+02	2.2545822067e+03
9.1600000000e+02	2.2544699225e+03
9.1700000000e+02	2.2542625277e+03
9.1800000000e+02	2.2538096149e+03
9.1900000000e+02	2.2536973811e+03
9.2000000000e+02	2.2534899129e+03
9.2100000000e+02	2.2530367433e+03
9.2200000000e+02	2.2529245599e+03
9.2300000000e+02	2.2527170185e+03
9.2400000000e+02	2.2522635919e+03
9.2500000000e+02	2.2521514592e+03
9.2600000000e+02	2.2519438443e+03
9.2700000000e+02	2.2514901606e+03
9.2800000000e+02	2.2513780785e+03
9.2900000000e+02	2.2511703903e+03
9.3000000000e+02	2.2507164492e+03
9.3100000000e+02	2.2506044179e+03
9.3200000000e+02	2.2503966563e+03
9.3300000000e+02	2.2499424577e+03
9.3400000000e+02	2.2498304771e+03
9.3500000000e+02	2.2496226423e+03
9.3600000000e+02	2.2491681857e+03
9.3700000000e+02	2.2490562561e+03
9.3800000000e+02	2.2488483480e+03
9.3900000000e+02	2.2483936334e+03
9.4000000000e+02	2.2482817548e+03
9.4100000000e+02	2.2480737733e+03
9.4200000000e+02	2.2476188007e+03
9.4300000000e+02	2.2475069731e+03
9.4400000000e+02	2.2472989182e+03
9.4500000000e+02	2.2468436870e+03
9.4600000000e+02	2.2467319105e+03
9.4700000000e+02	2.2465237824e+03
9.4800000000e+02	2.2460682926e+03
9.4900000000e+02	2.2459565673e+03
9.5000000000e+02	2.2457483659e+03
9.5100000000e+02	2.2452926172e+03
9.5200000000e+02	2.2451809432e+03
9.5300000000e+02	2.2449726685e+03
9.5400000000e+02	2.2445166604e+03
9.5500000000e+02	2.2444050378e+03
9.5600000000e+02	2.2441966899e+03
9.5700000000e+02	2.2437404225e+03
9.5800000000e+02	2.2436288513e+03
9.5900000000e+02	2.2434204301e+03
9.6000000000e+02	2.2429639030e+03
9.6100000000e+02	2.2428523833e+03
9.6200000000e+02	2.2426438889e+03
9.6300000000e+02	2.2421871019e+03
9.6400000000e+02	2.2420756337e+03
9.6500000000e+02	2.2418670660e+03
9.6600000000e+02	2.2414100189e+03
9.6700000000e+02	2.2412986024e+03
9.6800000000e+02	2.2410899615e+03
9.6900000000e+02	2.2406326538e+03
9.7000000000e+02	2.2405212891e+03
9.7100000000e+02	2.2403125749e+03
9.7200000000e+02	2.2398550067e+03
9.7300000000e+02	2.2397436938e+03
9.7400000000e+02	2.2395349063e+03
9.7500000000e+02	2.2390770771e+03
9.7600000000e+02	2.2389658160e+03
9.7700000000e+02	2.2387569553e+03
9.7800000000e+02	2.2382988650e+03
9.7900000000e+02	2.2381876558e+03
9.8000000000e+02	2.2379787218e+03
9.8100000000e+02	2.2375203700e+03
9.8200000000e+02	2.2374092129e+03
9.8300000000e+02	2.2372002056e+03
9.8400000000e+02	2.2367415921e+03
9.8500000000e+02	2.2366304871e+03
9.8600000000e+02	2.2364214065e+03
9.8700000000e+02	2.2359625310e+03
9.8800000000e+02	2.2358514781e+03
9.8900000000e+02	2.2356423243e+03
9.9000000000e+02	2.2351831866e+03
9.9100000000e+02	2.2350721859e+03
9.9200000000e+02	2.2348629589e+03
9.9300000000e+02	2.2344035586e+03
9.9400000000e+02	2.2342926102e+03
9.9500000000e+02	2.2340833098e+03
9.9600000000e+02	2.2336236466e+03
9.9700000000e+02	2.2335127506e+03
9.9800000000e+02	2.2333033770e+03
9.9900000000e+02	2.2328434508e+03
