T (K)			C55
1.0000000000e+00	2.8400951293e+03
2.0000000000e+00	2.8400951289e+03
3.0000000000e+00	2.8400951276e+03
4.0000000000e+00	2.8400951245e+03
5.0000000000e+00	2.8400951182e+03
6.0000000000e+00	2.8400951070e+03
7.0000000000e+00	2.8400950889e+03
8.0000000000e+00	2.8400950613e+03
9.0000000000e+00	2.8400950215e+03
1.0000000000e+01	2.8400949663e+03
1.1000000000e+01	2.8400948923e+03
1.2000000000e+01	2.8400947956e+03
1.3000000000e+01	2.8400946715e+03
1.4000000000e+01	2.8400945142e+03
1.5000000000e+01	2.8400943162e+03
1.6000000000e+01	2.8400940677e+03
1.7000000000e+01	2.8400937558e+03
1.8000000000e+01	2.8400933641e+03
1.9000000000e+01	2.8400928721e+03
2.0000000000e+01	2.8400922546e+03
2.1000000000e+01	2.8400914820e+03
2.2000000000e+01	2.8400905199e+03
2.3000000000e+01	2.8400893292e+03
2.4000000000e+01	2.8400878664e+03
2.5000000000e+01	2.8400860842e+03
2.6000000000e+01	2.8400839315e+03
2.7000000000e+01	2.8400813544e+03
2.8000000000e+01	2.8400782965e+03
2.9000000000e+01	2.8400746996e+03
3.0000000000e+01	2.8400705043e+03
3.1000000000e+01	2.8400656506e+03
3.2000000000e+01	2.8400600783e+03
3.3000000000e+01	2.8400537279e+03
3.4000000000e+01	2.8400465407e+03
3.5000000000e+01	2.8400384595e+03
3.6000000000e+01	2.8400294289e+03
3.7000000000e+01	2.8400193954e+03
3.8000000000e+01	2.8400083080e+03
3.9000000000e+01	2.8399961185e+03
4.0000000000e+01	2.8399827812e+03
4.1000000000e+01	2.8399682535e+03
4.2000000000e+01	2.8399524957e+03
4.3000000000e+01	2.8399354714e+03
4.4000000000e+01	2.8399171470e+03
4.5000000000e+01	2.8398974922e+03
4.6000000000e+01	2.8398764797e+03
4.7000000000e+01	2.8398540852e+03
4.8000000000e+01	2.8398302874e+03
4.9000000000e+01	2.8398050677e+03
5.0000000000e+01	2.8397784105e+03
5.1000000000e+01	2.8397784105e+03
5.2000000000e+01	2.8397366048e+03
5.3000000000e+01	2.8397366048e+03
5.4000000000e+01	2.8396922806e+03
5.5000000000e+01	2.8396922806e+03
5.6000000000e+01	2.8396413688e+03
5.7000000000e+01	2.8396413688e+03
5.8000000000e+01	2.8395841112e+03
5.9000000000e+01	2.8395475893e+03
6.0000000000e+01	2.8395089897e+03
6.1000000000e+01	2.8394691180e+03
6.2000000000e+01	2.8394279263e+03
6.3000000000e+01	2.8393854023e+03
6.4000000000e+01	2.8393415363e+03
6.5000000000e+01	2.8392963223e+03
6.6000000000e+01	2.8391936501e+03
6.7000000000e+01	2.8391936501e+03
6.8000000000e+01	2.8391342299e+03
6.9000000000e+01	2.8390867460e+03
7.0000000000e+01	2.8389840966e+03
7.1000000000e+01	2.8389543301e+03
7.2000000000e+01	2.8389055154e+03
7.3000000000e+01	2.8388550387e+03
7.4000000000e+01	2.8387522866e+03
7.5000000000e+01	2.8387183833e+03
7.6000000000e+01	2.8386658419e+03
7.7000000000e+01	2.8385642868e+03
7.8000000000e+01	2.8385272068e+03
7.9000000000e+01	2.8384721330e+03
8.0000000000e+01	2.8383660956e+03
8.1000000000e+01	2.8383269719e+03
8.2000000000e+01	2.8382264909e+03
8.3000000000e+01	2.8381843750e+03
8.4000000000e+01	2.8380831034e+03
8.5000000000e+01	2.8380394024e+03
8.6000000000e+01	2.8379357842e+03
8.7000000000e+01	2.8378908044e+03
8.8000000000e+01	2.8377843336e+03
8.9000000000e+01	2.8377382144e+03
9.0000000000e+01	2.8376287639e+03
9.1000000000e+01	2.8375815812e+03
9.2000000000e+01	2.8374691636e+03
9.3000000000e+01	2.8374209692e+03
9.4000000000e+01	2.8373056482e+03
9.5000000000e+01	2.8372017288e+03
9.6000000000e+01	2.8371556077e+03
9.7000000000e+01	2.8370488158e+03
9.8000000000e+01	2.8369960997e+03
9.9000000000e+01	2.8368788901e+03
1.0000000000e+02	2.8367720133e+03
1.0100000000e+02	2.8367229456e+03
1.0200000000e+02	2.8366102673e+03
1.0300000000e+02	2.8365051903e+03
1.0400000000e+02	2.8364533065e+03
1.0500000000e+02	2.8363371487e+03
1.0600000000e+02	2.8362289195e+03
1.0700000000e+02	2.8361759897e+03
1.0800000000e+02	2.8360568596e+03
1.0900000000e+02	2.8359458290e+03
1.1000000000e+02	2.8358458937e+03
1.1100000000e+02	2.8357900540e+03
1.1200000000e+02	2.8356711081e+03
1.1300000000e+02	2.8355590224e+03
1.1400000000e+02	2.8354561951e+03
1.1500000000e+02	2.8353986895e+03
1.1600000000e+02	2.8352760111e+03
1.1700000000e+02	2.8351604906e+03
1.1800000000e+02	2.8350548927e+03
1.1900000000e+02	2.8349536939e+03
1.2000000000e+02	2.8348524212e+03
1.2100000000e+02	2.8347499964e+03
1.2200000000e+02	2.8346465256e+03
1.2300000000e+02	2.8345422733e+03
1.2400000000e+02	2.8344374062e+03
1.2500000000e+02	2.8343319893e+03
1.2600000000e+02	2.8342260365e+03
1.2700000000e+02	2.8341195481e+03
1.2800000000e+02	2.8340125261e+03
1.2900000000e+02	2.8339049765e+03
1.3000000000e+02	2.8337969073e+03
1.3100000000e+02	2.8336883275e+03
1.3200000000e+02	2.8335792457e+03
1.3300000000e+02	2.8334696702e+03
1.3400000000e+02	2.8333596091e+03
1.3500000000e+02	2.8332490704e+03
1.3600000000e+02	2.8331380617e+03
1.3700000000e+02	2.8330265906e+03
1.3800000000e+02	2.8329146645e+03
1.3900000000e+02	2.8328022908e+03
1.4000000000e+02	2.8326894764e+03
1.4100000000e+02	2.8325762286e+03
1.4200000000e+02	2.8324625540e+03
1.4300000000e+02	2.8323484595e+03
1.4400000000e+02	2.8322339516e+03
1.4500000000e+02	2.8321190369e+03
1.4600000000e+02	2.8320037216e+03
1.4700000000e+02	2.8318880119e+03
1.4800000000e+02	2.8317719141e+03
1.4900000000e+02	2.8316554339e+03
1.5000000000e+02	2.8315385774e+03
1.5100000000e+02	2.8314213503e+03
1.5200000000e+02	2.8313037581e+03
1.5300000000e+02	2.8311858065e+03
1.5400000000e+02	2.8310675009e+03
1.5500000000e+02	2.8309488465e+03
1.5600000000e+02	2.8308298485e+03
1.5700000000e+02	2.8307105123e+03
1.5800000000e+02	2.8305908426e+03
1.5900000000e+02	2.8304708444e+03
1.6000000000e+02	2.8303505227e+03
1.6100000000e+02	2.8302298821e+03
1.6200000000e+02	2.8301089272e+03
1.6300000000e+02	2.8299876627e+03
1.6400000000e+02	2.8298660929e+03
1.6500000000e+02	2.8297442224e+03
1.6600000000e+02	2.8296220553e+03
1.6700000000e+02	2.8294995960e+03
1.6800000000e+02	2.8293768486e+03
1.6900000000e+02	2.8292538171e+03
1.7000000000e+02	2.8291305055e+03
1.7100000000e+02	2.8290069178e+03
1.7200000000e+02	2.8288830579e+03
1.7300000000e+02	2.8287589294e+03
1.7400000000e+02	2.8286345362e+03
1.7500000000e+02	2.8285098818e+03
1.7600000000e+02	2.8283849698e+03
1.7700000000e+02	2.8282598037e+03
1.7800000000e+02	2.8281343870e+03
1.7900000000e+02	2.8280087231e+03
1.8000000000e+02	2.8278828153e+03
1.8100000000e+02	2.8277566669e+03
1.8200000000e+02	2.8276302809e+03
1.8300000000e+02	2.8275036607e+03
1.8400000000e+02	2.8273768093e+03
1.8500000000e+02	2.8272497298e+03
1.8600000000e+02	2.8271224250e+03
1.8700000000e+02	2.8269948980e+03
1.8800000000e+02	2.8268671516e+03
1.8900000000e+02	2.8267391886e+03
1.9000000000e+02	2.8266110119e+03
1.9100000000e+02	2.8264826242e+03
1.9200000000e+02	2.8263540281e+03
1.9300000000e+02	2.8262252263e+03
1.9400000000e+02	2.8260962213e+03
1.9500000000e+02	2.8259670157e+03
1.9600000000e+02	2.8258376121e+03
1.9700000000e+02	2.8257080129e+03
1.9800000000e+02	2.8255782204e+03
1.9900000000e+02	2.8254482371e+03
2.0000000000e+02	2.8253180653e+03
2.0100000000e+02	2.8251877074e+03
2.0200000000e+02	2.8250571654e+03
2.0300000000e+02	2.8249264418e+03
2.0400000000e+02	2.8247955386e+03
2.0500000000e+02	2.8246644580e+03
2.0600000000e+02	2.8245332021e+03
2.0700000000e+02	2.8244017730e+03
2.0800000000e+02	2.8242701728e+03
2.0900000000e+02	2.8241384034e+03
2.1000000000e+02	2.8240064668e+03
2.1100000000e+02	2.8238743650e+03
2.1200000000e+02	2.8237420998e+03
2.1300000000e+02	2.8236096732e+03
2.1400000000e+02	2.8234770869e+03
2.1500000000e+02	2.8233443429e+03
2.1600000000e+02	2.8232114428e+03
2.1700000000e+02	2.8230783886e+03
2.1800000000e+02	2.8229451818e+03
2.1900000000e+02	2.8228118242e+03
2.2000000000e+02	2.8226783175e+03
2.2100000000e+02	2.8225446633e+03
2.2200000000e+02	2.8224108633e+03
2.2300000000e+02	2.8222769190e+03
2.2400000000e+02	2.8221428320e+03
2.2500000000e+02	2.8220086039e+03
2.2600000000e+02	2.8218742362e+03
2.2700000000e+02	2.8217397304e+03
2.2800000000e+02	2.8216050879e+03
2.2900000000e+02	2.8214703103e+03
2.3000000000e+02	2.8213353990e+03
2.3100000000e+02	2.8212003553e+03
2.3200000000e+02	2.8210651807e+03
2.3300000000e+02	2.8209298765e+03
2.3400000000e+02	2.8207944441e+03
2.3500000000e+02	2.8206588848e+03
2.3600000000e+02	2.8205231999e+03
2.3700000000e+02	2.8203873907e+03
2.3800000000e+02	2.8202514585e+03
2.3900000000e+02	2.8201154044e+03
2.4000000000e+02	2.8199792298e+03
2.4100000000e+02	2.8198429359e+03
2.4200000000e+02	2.8197065238e+03
2.4300000000e+02	2.8195699947e+03
2.4400000000e+02	2.8194333498e+03
2.4500000000e+02	2.8192965902e+03
2.4600000000e+02	2.8191597170e+03
2.4700000000e+02	2.8190227314e+03
2.4800000000e+02	2.8188856344e+03
2.4900000000e+02	2.8187484272e+03
2.5000000000e+02	2.8186111107e+03
2.5100000000e+02	2.8184736860e+03
2.5200000000e+02	2.8183361542e+03
2.5300000000e+02	2.8181985163e+03
2.5400000000e+02	2.8180607732e+03
2.5500000000e+02	2.8179229260e+03
2.5600000000e+02	2.8177849755e+03
2.5700000000e+02	2.8176469229e+03
2.5800000000e+02	2.8175087690e+03
2.5900000000e+02	2.8173705148e+03
2.6000000000e+02	2.8172321611e+03
2.6100000000e+02	2.8170937089e+03
2.6200000000e+02	2.8169551591e+03
2.6300000000e+02	2.8168165125e+03
2.6400000000e+02	2.8166777701e+03
2.6500000000e+02	2.8165389326e+03
2.6600000000e+02	2.8164000010e+03
2.6700000000e+02	2.8162609760e+03
2.6800000000e+02	2.8161218584e+03
2.6900000000e+02	2.8159826492e+03
2.7000000000e+02	2.8158433490e+03
2.7100000000e+02	2.8157039588e+03
2.7200000000e+02	2.8155644791e+03
2.7300000000e+02	2.8154249109e+03
2.7400000000e+02	2.8152852548e+03
2.7500000000e+02	2.8151455117e+03
2.7600000000e+02	2.8150056822e+03
2.7700000000e+02	2.8148657670e+03
2.7800000000e+02	2.8147257670e+03
2.7900000000e+02	2.8145856828e+03
2.8000000000e+02	2.8144455150e+03
2.8100000000e+02	2.8143052645e+03
2.8200000000e+02	2.8141649318e+03
2.8300000000e+02	2.8140245176e+03
2.8400000000e+02	2.8138840227e+03
2.8500000000e+02	2.8137434476e+03
2.8600000000e+02	2.8136027930e+03
2.8700000000e+02	2.8134620595e+03
2.8800000000e+02	2.8133212477e+03
2.8900000000e+02	2.8131803584e+03
2.9000000000e+02	2.8130393920e+03
2.9100000000e+02	2.8128983492e+03
2.9200000000e+02	2.8127572306e+03
2.9300000000e+02	2.8126160368e+03
2.9400000000e+02	2.8124747683e+03
2.9500000000e+02	2.8123334257e+03
2.9600000000e+02	2.8121920097e+03
2.9700000000e+02	2.8120505207e+03
2.9800000000e+02	2.8119089593e+03
2.9900000000e+02	2.8117673260e+03
3.0000000000e+02	2.8116256215e+03
3.0100000000e+02	2.8114838461e+03
3.0200000000e+02	2.8113420005e+03
3.0300000000e+02	2.8112000851e+03
3.0400000000e+02	2.8110581005e+03
3.0500000000e+02	2.8109160472e+03
3.0600000000e+02	2.8107739257e+03
3.0700000000e+02	2.8106317364e+03
3.0800000000e+02	2.8104894799e+03
3.0900000000e+02	2.8103471566e+03
3.1000000000e+02	2.8101178637e+03
3.1100000000e+02	2.8100523805e+03
3.1200000000e+02	2.8099206083e+03
3.1300000000e+02	2.8097817225e+03
3.1400000000e+02	2.8096379484e+03
3.1500000000e+02	2.8094048391e+03
3.1600000000e+02	2.8093395848e+03
3.1700000000e+02	2.8092072789e+03
3.1800000000e+02	2.8090679269e+03
3.1900000000e+02	2.8089237487e+03
3.2000000000e+02	2.8086901654e+03
3.2100000000e+02	2.8086248560e+03
3.2200000000e+02	2.8084922205e+03
3.2300000000e+02	2.8083525343e+03
3.2400000000e+02	2.8082080189e+03
3.2500000000e+02	2.8079612018e+03
3.2600000000e+02	2.8078843120e+03
3.2700000000e+02	2.8077639832e+03
3.2800000000e+02	2.8076319534e+03
3.2900000000e+02	2.8074912612e+03
3.3000000000e+02	2.8073464544e+03
3.3100000000e+02	2.8070997125e+03
3.3200000000e+02	2.8070227099e+03
3.3300000000e+02	2.8069020852e+03
3.3400000000e+02	2.8067697395e+03
3.3500000000e+02	2.8066286997e+03
3.3600000000e+02	2.8063932107e+03
3.3700000000e+02	2.8063274276e+03
3.3800000000e+02	2.8061939541e+03
3.3900000000e+02	2.8060533601e+03
3.4000000000e+02	2.8059078761e+03
3.4100000000e+02	2.8056593307e+03
3.4200000000e+02	2.8055822177e+03
3.4300000000e+02	2.8054611161e+03
3.4400000000e+02	2.8053282652e+03
3.4500000000e+02	2.8051866709e+03
3.4600000000e+02	2.8049373094e+03
3.4700000000e+02	2.8048600343e+03
3.4800000000e+02	2.8047386634e+03
3.4900000000e+02	2.8046055441e+03
3.5000000000e+02	2.8044636687e+03
3.5100000000e+02	2.8042137973e+03
3.5200000000e+02	2.8041364691e+03
3.5300000000e+02	2.8040148771e+03
3.5400000000e+02	2.8038815240e+03
3.5500000000e+02	2.8037393909e+03
3.5600000000e+02	2.8034890234e+03
3.5700000000e+02	2.8034116454e+03
3.5800000000e+02	2.8032898383e+03
3.5900000000e+02	2.8031562578e+03
3.6000000000e+02	2.8030138737e+03
3.6100000000e+02	2.8027630218e+03
3.6200000000e+02	2.8026855976e+03
3.6300000000e+02	2.8025635810e+03
3.6400000000e+02	2.8024297794e+03
3.6500000000e+02	2.8022871509e+03
3.6600000000e+02	2.8020358255e+03
3.6700000000e+02	2.8019583585e+03
3.6800000000e+02	2.8018361378e+03
3.6900000000e+02	2.8017021211e+03
3.7000000000e+02	2.8015592545e+03
3.7100000000e+02	2.8013074657e+03
3.7200000000e+02	2.8012299594e+03
3.7300000000e+02	2.8011075398e+03
3.7400000000e+02	2.8009733134e+03
3.7500000000e+02	2.8008302145e+03
3.7600000000e+02	2.8005779723e+03
3.7700000000e+02	2.8005004297e+03
3.7800000000e+02	2.8003778160e+03
3.7900000000e+02	2.8002433854e+03
3.8000000000e+02	2.8001000598e+03
3.8100000000e+02	2.7998473733e+03
3.8200000000e+02	2.7997697974e+03
3.8300000000e+02	2.7996469943e+03
3.8400000000e+02	2.7995123645e+03
3.8500000000e+02	2.7993688175e+03
3.8600000000e+02	2.7991156955e+03
3.8700000000e+02	2.7990380892e+03
3.8800000000e+02	2.7989151009e+03
3.8900000000e+02	2.7987802767e+03
3.9000000000e+02	2.7986365134e+03
3.9100000000e+02	2.7983829643e+03
3.9200000000e+02	2.7983053302e+03
3.9300000000e+02	2.7981821610e+03
3.9400000000e+02	2.7980471470e+03
3.9500000000e+02	2.7979031720e+03
3.9600000000e+02	2.7976492036e+03
3.9700000000e+02	2.7975715444e+03
3.9800000000e+02	2.7974481983e+03
3.9900000000e+02	2.7973129987e+03
4.0000000000e+02	2.7971688167e+03
4.0100000000e+02	2.7969144365e+03
4.0200000000e+02	2.7968367545e+03
4.0300000000e+02	2.7967132353e+03
4.0400000000e+02	2.7965778543e+03
4.0500000000e+02	2.7964334695e+03
4.0600000000e+02	2.7961786847e+03
4.0700000000e+02	2.7961009823e+03
4.0800000000e+02	2.7959772935e+03
4.0900000000e+02	2.7958417351e+03
4.1000000000e+02	2.7956971516e+03
4.1100000000e+02	2.7954419690e+03
4.1200000000e+02	2.7953642484e+03
4.1300000000e+02	2.7952403934e+03
4.1400000000e+02	2.7951046612e+03
4.1500000000e+02	2.7949598831e+03
4.1600000000e+02	2.7947043089e+03
4.1700000000e+02	2.7946265723e+03
4.1800000000e+02	2.7945025545e+03
4.1900000000e+02	2.7943666521e+03
4.2000000000e+02	2.7942216829e+03
4.2100000000e+02	2.7939657234e+03
4.2200000000e+02	2.7938879728e+03
4.2300000000e+02	2.7937637952e+03
4.2400000000e+02	2.7936277260e+03
4.2500000000e+02	2.7934825692e+03
4.2600000000e+02	2.7932262303e+03
4.2700000000e+02	2.7931484677e+03
4.2800000000e+02	2.7930241332e+03
4.2900000000e+02	2.7928879004e+03
4.3000000000e+02	2.7927425595e+03
4.3100000000e+02	2.7924858467e+03
4.3200000000e+02	2.7924080738e+03
4.3300000000e+02	2.7922835853e+03
4.3400000000e+02	2.7921471920e+03
4.3500000000e+02	2.7920016702e+03
4.3600000000e+02	2.7917445887e+03
4.3700000000e+02	2.7916668073e+03
4.3800000000e+02	2.7915421676e+03
4.3900000000e+02	2.7914056167e+03
4.4000000000e+02	2.7912599170e+03
4.4100000000e+02	2.7910024718e+03
4.4200000000e+02	2.7909246838e+03
4.4300000000e+02	2.7907998953e+03
4.4400000000e+02	2.7906631897e+03
4.4500000000e+02	2.7905173150e+03
4.4600000000e+02	2.7902595110e+03
4.4700000000e+02	2.7901817178e+03
4.4800000000e+02	2.7900567831e+03
4.4900000000e+02	2.7899199254e+03
4.5000000000e+02	2.7897738784e+03
4.5100000000e+02	2.7895157202e+03
4.5200000000e+02	2.7894379234e+03
4.5300000000e+02	2.7893128449e+03
4.5400000000e+02	2.7891758376e+03
4.5500000000e+02	2.7890296211e+03
4.5600000000e+02	2.7887711130e+03
4.5700000000e+02	2.7886933141e+03
4.5800000000e+02	2.7885680939e+03
4.5900000000e+02	2.7884309395e+03
4.6000000000e+02	2.7882845560e+03
4.6100000000e+02	2.7880257021e+03
4.6200000000e+02	2.7879479025e+03
4.6300000000e+02	2.7878225429e+03
4.6400000000e+02	2.7876852438e+03
4.6500000000e+02	2.7875386956e+03
4.6600000000e+02	2.7872794999e+03
4.6700000000e+02	2.7872017010e+03
4.6800000000e+02	2.7870762040e+03
4.6900000000e+02	2.7869387624e+03
4.7000000000e+02	2.7867920519e+03
4.7100000000e+02	2.7865325182e+03
4.7200000000e+02	2.7864547213e+03
4.7300000000e+02	2.7863290889e+03
4.7400000000e+02	2.7861915068e+03
4.7500000000e+02	2.7860446362e+03
4.7600000000e+02	2.7857847681e+03
4.7700000000e+02	2.7857069745e+03
4.7800000000e+02	2.7855812085e+03
4.7900000000e+02	2.7854434881e+03
4.8000000000e+02	2.7852964595e+03
4.8100000000e+02	2.7850362604e+03
4.8200000000e+02	2.7849584713e+03
4.8300000000e+02	2.7848325736e+03
4.8400000000e+02	2.7846947168e+03
4.8500000000e+02	2.7845475321e+03
4.8600000000e+02	2.7842870053e+03
4.8700000000e+02	2.7842092218e+03
4.8800000000e+02	2.7840831942e+03
4.8900000000e+02	2.7839452029e+03
4.9000000000e+02	2.7837978641e+03
4.9100000000e+02	2.7835370127e+03
4.9200000000e+02	2.7834592360e+03
4.9300000000e+02	2.7833330801e+03
4.9400000000e+02	2.7831949560e+03
4.9500000000e+02	2.7830474649e+03
4.9600000000e+02	2.7827862919e+03
4.9700000000e+02	2.7827085231e+03
4.9800000000e+02	2.7825822405e+03
4.9900000000e+02	2.7824439854e+03
5.0000000000e+02	2.7822963438e+03
5.0100000000e+02	2.7820348521e+03
5.0200000000e+02	2.7819570921e+03
5.0300000000e+02	2.7818306843e+03
5.0400000000e+02	2.7816922998e+03
5.0500000000e+02	2.7815445094e+03
5.0600000000e+02	2.7812827017e+03
5.0700000000e+02	2.7812049516e+03
5.0800000000e+02	2.7810784201e+03
5.0900000000e+02	2.7809399077e+03
5.1000000000e+02	2.7807919701e+03
5.1100000000e+02	2.7805298490e+03
5.1200000000e+02	2.7804521098e+03
5.1300000000e+02	2.7803254560e+03
5.1400000000e+02	2.7801868173e+03
5.1500000000e+02	2.7800387340e+03
5.1600000000e+02	2.7797763019e+03
5.1700000000e+02	2.7796985744e+03
5.1800000000e+02	2.7795717998e+03
5.1900000000e+02	2.7794330362e+03
5.2000000000e+02	2.7792848086e+03
5.2100000000e+02	2.7790220681e+03
5.2200000000e+02	2.7789443532e+03
5.2300000000e+02	2.7788174589e+03
5.2400000000e+02	2.7786785718e+03
5.2500000000e+02	2.7785302014e+03
5.2600000000e+02	2.7782671546e+03
5.2700000000e+02	2.7781894532e+03
5.2800000000e+02	2.7780624405e+03
5.2900000000e+02	2.7779234313e+03
5.3000000000e+02	2.7777749194e+03
5.3100000000e+02	2.7775115685e+03
5.3200000000e+02	2.7774338814e+03
5.3300000000e+02	2.7773067516e+03
5.3400000000e+02	2.7771676215e+03
5.3500000000e+02	2.7770189694e+03
5.3600000000e+02	2.7767553163e+03
5.3700000000e+02	2.7766776444e+03
5.3800000000e+02	2.7765503985e+03
5.3900000000e+02	2.7764111488e+03
5.4000000000e+02	2.7762623577e+03
5.4100000000e+02	2.7759984046e+03
5.4200000000e+02	2.7759207486e+03
5.4300000000e+02	2.7757933878e+03
5.4400000000e+02	2.7756540196e+03
5.4500000000e+02	2.7755050907e+03
5.4600000000e+02	2.7752408394e+03
5.4700000000e+02	2.7751631999e+03
5.4800000000e+02	2.7750357254e+03
5.4900000000e+02	2.7748962398e+03
5.5000000000e+02	2.7747471742e+03
5.5100000000e+02	2.7744826265e+03
5.5200000000e+02	2.7744050044e+03
5.5300000000e+02	2.7742774171e+03
5.5400000000e+02	2.7741378151e+03
5.5500000000e+02	2.7739886140e+03
5.5600000000e+02	2.7737237716e+03
5.5700000000e+02	2.7736461675e+03
5.5800000000e+02	2.7735184684e+03
5.5900000000e+02	2.7733787512e+03
5.6000000000e+02	2.7732294154e+03
5.6100000000e+02	2.7729642800e+03
5.6200000000e+02	2.7728866947e+03
5.6300000000e+02	2.7727588847e+03
5.6400000000e+02	2.7726190532e+03
5.6500000000e+02	2.7724695839e+03
5.6600000000e+02	2.7722041569e+03
5.6700000000e+02	2.7721265909e+03
5.6800000000e+02	2.7719986710e+03
5.6900000000e+02	2.7718587263e+03
5.7000000000e+02	2.7717091242e+03
5.7100000000e+02	2.7714434074e+03
5.7200000000e+02	2.7713658613e+03
5.7300000000e+02	2.7712378323e+03
5.7400000000e+02	2.7710977752e+03
5.7500000000e+02	2.7709480413e+03
5.7600000000e+02	2.7706820359e+03
5.7700000000e+02	2.7706045104e+03
5.7800000000e+02	2.7704763733e+03
5.7900000000e+02	2.7703362046e+03
5.8000000000e+02	2.7701863398e+03
5.8100000000e+02	2.7699200473e+03
5.8200000000e+02	2.7698425429e+03
5.8300000000e+02	2.7697142984e+03
5.8400000000e+02	2.7695740190e+03
5.8500000000e+02	2.7694240242e+03
5.8600000000e+02	2.7691574457e+03
5.8700000000e+02	2.7690799630e+03
5.8800000000e+02	2.7689516119e+03
5.8900000000e+02	2.7688112227e+03
5.9000000000e+02	2.7685475854e+03
5.9100000000e+02	2.7684697313e+03
5.9200000000e+02	2.7683411647e+03
5.9300000000e+02	2.7682006000e+03
5.9400000000e+02	2.7679366703e+03
5.9500000000e+02	2.7678588444e+03
5.9600000000e+02	2.7677301925e+03
5.9700000000e+02	2.7675895402e+03
5.9800000000e+02	2.7673253770e+03
5.9900000000e+02	2.7672475737e+03
6.0000000000e+02	2.7671188362e+03
6.0100000000e+02	2.7669780963e+03
6.0200000000e+02	2.7667137002e+03
6.0300000000e+02	2.7666359198e+03
6.0400000000e+02	2.7665070972e+03
6.0500000000e+02	2.7663662701e+03
6.0600000000e+02	2.7661016416e+03
6.0700000000e+02	2.7660238844e+03
6.0800000000e+02	2.7658949772e+03
6.0900000000e+02	2.7657540634e+03
6.1000000000e+02	2.7654892030e+03
6.1100000000e+02	2.7654114694e+03
6.1200000000e+02	2.7652824780e+03
6.1300000000e+02	2.7651414778e+03
6.1400000000e+02	2.7648763863e+03
6.1500000000e+02	2.7647986766e+03
6.1600000000e+02	2.7646696013e+03
6.1700000000e+02	2.7645285151e+03
6.1800000000e+02	2.7642631930e+03
6.1900000000e+02	2.7641855075e+03
6.2000000000e+02	2.7640563487e+03
6.2100000000e+02	2.7639151771e+03
6.2200000000e+02	2.7636496249e+03
6.2300000000e+02	2.7635719638e+03
6.2400000000e+02	2.7634427219e+03
6.2500000000e+02	2.7633014651e+03
6.2600000000e+02	2.7630356834e+03
6.2700000000e+02	2.7629580472e+03
6.2800000000e+02	2.7628287225e+03
6.2900000000e+02	2.7626873809e+03
6.3000000000e+02	2.7624213701e+03
6.3100000000e+02	2.7623437589e+03
6.3200000000e+02	2.7622143519e+03
6.3300000000e+02	2.7620729258e+03
6.3400000000e+02	2.7618066864e+03
6.3500000000e+02	2.7617291006e+03
6.3600000000e+02	2.7615996116e+03
6.3700000000e+02	2.7614581014e+03
6.3800000000e+02	2.7611916338e+03
6.3900000000e+02	2.7611140736e+03
6.4000000000e+02	2.7609845029e+03
6.4100000000e+02	2.7608429089e+03
6.4200000000e+02	2.7605762136e+03
6.4300000000e+02	2.7604986793e+03
6.4400000000e+02	2.7603690272e+03
6.4500000000e+02	2.7602273498e+03
6.4600000000e+02	2.7599604271e+03
6.4700000000e+02	2.7598829191e+03
6.4800000000e+02	2.7597531859e+03
6.4900000000e+02	2.7596114252e+03
6.5000000000e+02	2.7593442757e+03
6.5100000000e+02	2.7592667941e+03
6.5200000000e+02	2.7591369801e+03
6.5300000000e+02	2.7589951365e+03
6.5400000000e+02	2.7587277605e+03
6.5500000000e+02	2.7586503055e+03
6.5600000000e+02	2.7585204111e+03
6.5700000000e+02	2.7583784849e+03
6.5800000000e+02	2.7581108826e+03
6.5900000000e+02	2.7580334546e+03
6.6000000000e+02	2.7579034800e+03
6.6100000000e+02	2.7577614715e+03
6.6200000000e+02	2.7574936433e+03
6.6300000000e+02	2.7574162425e+03
6.6400000000e+02	2.7572861880e+03
6.6500000000e+02	2.7571440975e+03
6.6600000000e+02	2.7568760437e+03
6.6700000000e+02	2.7567986703e+03
6.6800000000e+02	2.7566685362e+03
6.6900000000e+02	2.7565263638e+03
6.7000000000e+02	2.7562580848e+03
6.7100000000e+02	2.7561807390e+03
6.7200000000e+02	2.7560505255e+03
6.7300000000e+02	2.7559082716e+03
6.7400000000e+02	2.7556397676e+03
6.7500000000e+02	2.7555624497e+03
6.7600000000e+02	2.7554321571e+03
6.7700000000e+02	2.7552898218e+03
6.7800000000e+02	2.7550210931e+03
6.7900000000e+02	2.7549438032e+03
6.8000000000e+02	2.7548134319e+03
6.8100000000e+02	2.7546710155e+03
6.8200000000e+02	2.7544020622e+03
6.8300000000e+02	2.7543248007e+03
6.8400000000e+02	2.7541943507e+03
6.8500000000e+02	2.7540518535e+03
6.8600000000e+02	2.7537826760e+03
6.8700000000e+02	2.7537054430e+03
6.8800000000e+02	2.7535749146e+03
6.8900000000e+02	2.7534323367e+03
6.9000000000e+02	2.7531629351e+03
6.9100000000e+02	2.7530857308e+03
6.9200000000e+02	2.7529551243e+03
6.9300000000e+02	2.7528124659e+03
6.9400000000e+02	2.7525428405e+03
6.9500000000e+02	2.7524656652e+03
6.9600000000e+02	2.7523349807e+03
6.9700000000e+02	2.7521922421e+03
6.9800000000e+02	2.7519223931e+03
6.9900000000e+02	2.7518452469e+03
7.0000000000e+02	2.7517144847e+03
7.0100000000e+02	2.7515716659e+03
7.0200000000e+02	2.7513015934e+03
7.0300000000e+02	2.7512244766e+03
7.0400000000e+02	2.7510936369e+03
7.0500000000e+02	2.7509507382e+03
7.0600000000e+02	2.7506804424e+03
7.0700000000e+02	2.7506033551e+03
7.0800000000e+02	2.7504724380e+03
7.0900000000e+02	2.7503294597e+03
7.1000000000e+02	2.7500589407e+03
7.1100000000e+02	2.7499818831e+03
7.1200000000e+02	2.7498508889e+03
7.1300000000e+02	2.7497078310e+03
7.1400000000e+02	2.7494370889e+03
7.1500000000e+02	2.7493600612e+03
7.1600000000e+02	2.7492289902e+03
7.1700000000e+02	2.7490858529e+03
7.1800000000e+02	2.7488148879e+03
7.1900000000e+02	2.7487378902e+03
7.2000000000e+02	2.7486067425e+03
7.2100000000e+02	2.7484635259e+03
7.2200000000e+02	2.7481923380e+03
7.2300000000e+02	2.7481153707e+03
7.2400000000e+02	2.7479841464e+03
7.2500000000e+02	2.7478408507e+03
7.2600000000e+02	2.7475694402e+03
7.2700000000e+02	2.7474925033e+03
7.2800000000e+02	2.7473612026e+03
7.2900000000e+02	2.7472178280e+03
7.3000000000e+02	2.7469461947e+03
7.3100000000e+02	2.7468692885e+03
7.3200000000e+02	2.7467379115e+03
7.3300000000e+02	2.7465944581e+03
7.3400000000e+02	2.7463226023e+03
7.3500000000e+02	2.7462457268e+03
7.3600000000e+02	2.7461142738e+03
7.3700000000e+02	2.7459707417e+03
7.3800000000e+02	2.7456986633e+03
7.3900000000e+02	2.7456218188e+03
7.4000000000e+02	2.7454902900e+03
7.4100000000e+02	2.7453466793e+03
7.4200000000e+02	2.7450743785e+03
7.4300000000e+02	2.7449975651e+03
7.4400000000e+02	2.7448659605e+03
7.4500000000e+02	2.7447222713e+03
7.4600000000e+02	2.7444497481e+03
7.4700000000e+02	2.7443729659e+03
7.4800000000e+02	2.7442412857e+03
7.4900000000e+02	2.7440975182e+03
7.5000000000e+02	2.7438247726e+03
7.5100000000e+02	2.7437480219e+03
7.5200000000e+02	2.7436162663e+03
7.5300000000e+02	2.7434724205e+03
7.5400000000e+02	2.7431994525e+03
7.5500000000e+02	2.7431227334e+03
7.5600000000e+02	2.7429909024e+03
7.5700000000e+02	2.7428469786e+03
7.5800000000e+02	2.7425737881e+03
7.5900000000e+02	2.7424971007e+03
7.6000000000e+02	2.7423651946e+03
7.6100000000e+02	2.7422211928e+03
7.6200000000e+02	2.7419477799e+03
7.6300000000e+02	2.7418711245e+03
7.6400000000e+02	2.7417391433e+03
7.6500000000e+02	2.7415950635e+03
7.6600000000e+02	2.7413214282e+03
7.6700000000e+02	2.7412448048e+03
7.6800000000e+02	2.7411127488e+03
7.6900000000e+02	2.7409685911e+03
7.7000000000e+02	2.7406947333e+03
7.7100000000e+02	2.7406181421e+03
7.7200000000e+02	2.7404860113e+03
7.7300000000e+02	2.7403417758e+03
7.7400000000e+02	2.7400676956e+03
7.7500000000e+02	2.7399911368e+03
7.7600000000e+02	2.7398589313e+03
7.7700000000e+02	2.7397146181e+03
7.7800000000e+02	2.7394403154e+03
7.7900000000e+02	2.7393637890e+03
7.8000000000e+02	2.7392315089e+03
7.8100000000e+02	2.7390871182e+03
7.8200000000e+02	2.7388125930e+03
7.8300000000e+02	2.7387360992e+03
7.8400000000e+02	2.7386037446e+03
7.8500000000e+02	2.7384592763e+03
7.8600000000e+02	2.7381845284e+03
7.8700000000e+02	2.7381080673e+03
7.8800000000e+02	2.7379756385e+03
7.8900000000e+02	2.7378310927e+03
7.9000000000e+02	2.7375561221e+03
7.9100000000e+02	2.7374796939e+03
7.9200000000e+02	2.7373471909e+03
7.9300000000e+02	2.7372025676e+03
7.9400000000e+02	2.7369273742e+03
7.9500000000e+02	2.7368509790e+03
7.9600000000e+02	2.7367184019e+03
7.9700000000e+02	2.7365737013e+03
7.9800000000e+02	2.7362982850e+03
7.9900000000e+02	2.7362219230e+03
8.0000000000e+02	2.7360892719e+03
8.0100000000e+02	2.7359444939e+03
8.0200000000e+02	2.7356688547e+03
8.0300000000e+02	2.7355925260e+03
8.0400000000e+02	2.7354598009e+03
8.0500000000e+02	2.7353149457e+03
8.0600000000e+02	2.7350390833e+03
8.0700000000e+02	2.7349627880e+03
8.0800000000e+02	2.7348299890e+03
8.0900000000e+02	2.7346850566e+03
8.1000000000e+02	2.7344089712e+03
8.1100000000e+02	2.7343327093e+03
8.1200000000e+02	2.7341998366e+03
8.1300000000e+02	2.7340548270e+03
8.1400000000e+02	2.7337785182e+03
8.1500000000e+02	2.7337022900e+03
8.1600000000e+02	2.7335693437e+03
8.1700000000e+02	2.7334242569e+03
8.1800000000e+02	2.7331477247e+03
8.1900000000e+02	2.7330715302e+03
8.2000000000e+02	2.7329385104e+03
8.2100000000e+02	2.7327933465e+03
8.2200000000e+02	2.7325165907e+03
8.2300000000e+02	2.7324404301e+03
8.2400000000e+02	2.7323073367e+03
8.2500000000e+02	2.7321620957e+03
8.2600000000e+02	2.7318851163e+03
8.2700000000e+02	2.7318089897e+03
8.2800000000e+02	2.7316758228e+03
8.2900000000e+02	2.7315305048e+03
8.3000000000e+02	2.7312533014e+03
8.3100000000e+02	2.7311772090e+03
8.3200000000e+02	2.7310439688e+03
8.3300000000e+02	2.7308985738e+03
8.3400000000e+02	2.7306211464e+03
8.3500000000e+02	2.7305450882e+03
8.3600000000e+02	2.7304117747e+03
8.3700000000e+02	2.7301484939e+03
8.3800000000e+02	2.7300710486e+03
8.3900000000e+02	2.7299375403e+03
8.4000000000e+02	2.7296739520e+03
8.4100000000e+02	2.7295965494e+03
8.4200000000e+02	2.7294629835e+03
8.4300000000e+02	2.7291992307e+03
8.4400000000e+02	2.7291218579e+03
8.4500000000e+02	2.7289882347e+03
8.4600000000e+02	2.7287243181e+03
8.4700000000e+02	2.7286469750e+03
8.4800000000e+02	2.7285132947e+03
8.4900000000e+02	2.7282492141e+03
8.5000000000e+02	2.7281719010e+03
8.5100000000e+02	2.7280381634e+03
8.5200000000e+02	2.7277739188e+03
8.5300000000e+02	2.7276966356e+03
8.5400000000e+02	2.7275628409e+03
8.5500000000e+02	2.7272984321e+03
8.5600000000e+02	2.7272211789e+03
8.5700000000e+02	2.7270873271e+03
8.5800000000e+02	2.7268227541e+03
8.5900000000e+02	2.7267455310e+03
8.6000000000e+02	2.7266116220e+03
8.6100000000e+02	2.7263468846e+03
8.6200000000e+02	2.7262696917e+03
8.6300000000e+02	2.7261357256e+03
8.6400000000e+02	2.7258708237e+03
8.6500000000e+02	2.7257936610e+03
8.6600000000e+02	2.7256596379e+03
8.6700000000e+02	2.7253945714e+03
8.6800000000e+02	2.7253174390e+03
8.6900000000e+02	2.7251833588e+03
8.7000000000e+02	2.7249181275e+03
8.7100000000e+02	2.7248410255e+03
8.7200000000e+02	2.7247068883e+03
8.7300000000e+02	2.7244414922e+03
8.7400000000e+02	2.7243644206e+03
8.7500000000e+02	2.7242302263e+03
8.7600000000e+02	2.7239646653e+03
8.7700000000e+02	2.7238876242e+03
8.7800000000e+02	2.7237533729e+03
8.7900000000e+02	2.7234876468e+03
8.8000000000e+02	2.7234106362e+03
8.8100000000e+02	2.7232763279e+03
8.8200000000e+02	2.7230104367e+03
8.8300000000e+02	2.7229334567e+03
8.8400000000e+02	2.7227990914e+03
8.8500000000e+02	2.7225330348e+03
8.8600000000e+02	2.7224560856e+03
8.8700000000e+02	2.7223216633e+03
8.8800000000e+02	2.7220554412e+03
8.8900000000e+02	2.7219785227e+03
8.9000000000e+02	2.7218440435e+03
8.9100000000e+02	2.7215776559e+03
8.9200000000e+02	2.7215007682e+03
8.9300000000e+02	2.7213662320e+03
8.9400000000e+02	2.7210996786e+03
8.9500000000e+02	2.7210228218e+03
8.9600000000e+02	2.7208882287e+03
8.9700000000e+02	2.7206215095e+03
8.9800000000e+02	2.7205446836e+03
8.9900000000e+02	2.7204100335e+03
9.0000000000e+02	2.7201431482e+03
9.0100000000e+02	2.7200663534e+03
9.0200000000e+02	2.7199316464e+03
9.0300000000e+02	2.7196645950e+03
9.0400000000e+02	2.7195878313e+03
9.0500000000e+02	2.7194530673e+03
9.0600000000e+02	2.7191858496e+03
9.0700000000e+02	2.7191091170e+03
9.0800000000e+02	2.7189742961e+03
9.0900000000e+02	2.7187069119e+03
9.1000000000e+02	2.7186302106e+03
9.1100000000e+02	2.7184953328e+03
9.1200000000e+02	2.7182277820e+03
9.1300000000e+02	2.7181511119e+03
9.1400000000e+02	2.7180161772e+03
9.1500000000e+02	2.7177484597e+03
9.1600000000e+02	2.7176718209e+03
9.1700000000e+02	2.7175368292e+03
9.1800000000e+02	2.7172689449e+03
9.1900000000e+02	2.7171923375e+03
9.2000000000e+02	2.7170572889e+03
9.2100000000e+02	2.7167892374e+03
9.2200000000e+02	2.7167126615e+03
9.2300000000e+02	2.7165775561e+03
9.2400000000e+02	2.7163093374e+03
9.2500000000e+02	2.7162327930e+03
9.2600000000e+02	2.7160976306e+03
9.2700000000e+02	2.7158292446e+03
9.2800000000e+02	2.7157527318e+03
9.2900000000e+02	2.7156175125e+03
9.3000000000e+02	2.7153489589e+03
9.3100000000e+02	2.7152724777e+03
9.3200000000e+02	2.7151372015e+03
9.3300000000e+02	2.7148684803e+03
9.3400000000e+02	2.7147920308e+03
9.3500000000e+02	2.7146566977e+03
9.3600000000e+02	2.7143878085e+03
9.3700000000e+02	2.7143113907e+03
9.3800000000e+02	2.7141760007e+03
9.3900000000e+02	2.7139069436e+03
9.4000000000e+02	2.7138305576e+03
9.4100000000e+02	2.7136951107e+03
9.4200000000e+02	2.7134258855e+03
9.4300000000e+02	2.7133495313e+03
9.4400000000e+02	2.7132140275e+03
9.4500000000e+02	2.7129446338e+03
9.4600000000e+02	2.7128683116e+03
9.4700000000e+02	2.7127327508e+03
9.4800000000e+02	2.7124631887e+03
9.4900000000e+02	2.7123868985e+03
9.5000000000e+02	2.7122512807e+03
9.5100000000e+02	2.7119815499e+03
9.5200000000e+02	2.7119052917e+03
9.5300000000e+02	2.7117696170e+03
9.5400000000e+02	2.7114997172e+03
9.5500000000e+02	2.7114234911e+03
9.5600000000e+02	2.7112877595e+03
9.5700000000e+02	2.7110176907e+03
9.5800000000e+02	2.7109414968e+03
9.5900000000e+02	2.7108057082e+03
9.6000000000e+02	2.7105354702e+03
9.6100000000e+02	2.7104593084e+03
9.6200000000e+02	2.7103234629e+03
9.6300000000e+02	2.7100530554e+03
9.6400000000e+02	2.7099769259e+03
9.6500000000e+02	2.7098410234e+03
9.6600000000e+02	2.7095704464e+03
9.6700000000e+02	2.7094943492e+03
9.6800000000e+02	2.7093583897e+03
9.6900000000e+02	2.7090876428e+03
9.7000000000e+02	2.7090115780e+03
9.7100000000e+02	2.7088755615e+03
9.7200000000e+02	2.7086046447e+03
9.7300000000e+02	2.7085286123e+03
9.7400000000e+02	2.7083925389e+03
9.7500000000e+02	2.7081214519e+03
9.7600000000e+02	2.7080454519e+03
9.7700000000e+02	2.7079093215e+03
9.7800000000e+02	2.7076380642e+03
9.7900000000e+02	2.7075620968e+03
9.8000000000e+02	2.7074259093e+03
9.8100000000e+02	2.7071544814e+03
9.8200000000e+02	2.7070785465e+03
9.8300000000e+02	2.7069423021e+03
9.8400000000e+02	2.7066707035e+03
9.8500000000e+02	2.7065948012e+03
9.8600000000e+02	2.7064584997e+03
9.8700000000e+02	2.7061867301e+03
9.8800000000e+02	2.7061108606e+03
9.8900000000e+02	2.7059745021e+03
9.9000000000e+02	2.7057025613e+03
9.9100000000e+02	2.7056267245e+03
9.9200000000e+02	2.7054903090e+03
9.9300000000e+02	2.7052181969e+03
9.9400000000e+02	2.7051423929e+03
9.9500000000e+02	2.7050059202e+03
9.9600000000e+02	2.7047336365e+03
9.9700000000e+02	2.7046578653e+03
9.9800000000e+02	2.7045213357e+03
9.9900000000e+02	2.7042488803e+03
