# total modes from dos = 5.9999776685e+00
# ZPE = 5.2693513405e-03 Ry/cell
# Multiply by 13.6058 to have energies in eV/cell etc..
# Multiply by 13.6058 x 23060.35 = 313 754.5 to have energies in cal/(N mol).
# Multiply by 13.6058 x 96526.0 = 1 313 313 to have energies in J/(N mol).
# N is the number of formula units per cell.
#
# T (K) 	Evib (Ry/cell)	Fvib (Ry/cell)	Svib (Ry/cell/K)	Cvib (Ry/cell/K)
1.0000000000e+00	5.2693513516e-03	5.2693512749e-03	7.6762199607e-11	3.2013855727e-11
2.0000000000e+00	5.2693514486e-03	5.2693511730e-03	1.3779994439e-10	1.9448442029e-10
3.0000000000e+00	5.2693518272e-03	5.2693509704e-03	2.8561845300e-10	6.1678229242e-10
4.0000000000e+00	5.2693528121e-03	5.2693505585e-03	5.6341383759e-10	1.4288983309e-09
5.0000000000e+00	5.2693548586e-03	5.2693497858e-03	1.0145620836e-09	2.7617130912e-09
6.0000000000e+00	5.2693585533e-03	5.2693484570e-03	1.6827037639e-09	4.7476886473e-09
7.0000000000e+00	5.2693646167e-03	5.2693463333e-03	2.6119072592e-09	7.5220368186e-09
8.0000000000e+00	5.2693739066e-03	5.2693431313e-03	3.8469136435e-09	1.1224441938e-08
9.0000000000e+00	5.2693874237e-03	5.2693385223e-03	5.4334897404e-09	1.6001745449e-08
1.0000000000e+01	5.2694063211e-03	5.2693321314e-03	7.4189695408e-09	2.2012621042e-08
1.1000000000e+01	5.2694319194e-03	5.2693235349e-03	9.8531373988e-09	2.9435778947e-08
1.2000000000e+01	5.2694657333e-03	5.2693122577e-03	1.2789635207e-08	3.8482724335e-08
1.3000000000e+01	5.2695095123e-03	5.2692977684e-03	1.6287991443e-08	4.9414307433e-08
1.4000000000e+01	5.2695652985e-03	5.2692794719e-03	2.0416184122e-08	6.2558245163e-08
1.5000000000e+01	5.2696355016e-03	5.2692566998e-03	2.5253453244e-08	7.8323755182e-08
1.6000000000e+01	5.2697229852e-03	5.2692286978e-03	3.0892964226e-08	9.7209893805e-08
1.7000000000e+01	5.2698311571e-03	5.2691946103e-03	3.7443927761e-08	1.1980568641e-07
1.8000000000e+01	5.2699640560e-03	5.2691534641e-03	4.5032880600e-08	1.4678189950e-07
1.9000000000e+01	5.2701264262e-03	5.2691041507e-03	5.3803975998e-08	1.7887571937e-07
2.0000000000e+01	5.2703237741e-03	5.2690454086e-03	6.3918275350e-08	2.1687041474e-07
2.1000000000e+01	5.2705624028e-03	5.2689758077e-03	7.5552144696e-08	2.6157229405e-07
2.2000000000e+01	5.2708494233e-03	5.2688937348e-03	8.8894930591e-08	3.1378708290e-07
2.3000000000e+01	5.2711927426e-03	5.2687973818e-03	1.0414612149e-07	3.7429743314e-07
2.4000000000e+01	5.2716010305e-03	5.2686847376e-03	1.2151220186e-07	4.4384278309e-07
2.5000000000e+01	5.2720836671e-03	5.2685535824e-03	1.4120338723e-07	5.2310231872e-07
2.6000000000e+01	5.2726506759e-03	5.2684014855e-03	1.6343039780e-07	6.1268139065e-07
2.7000000000e+01	5.2733126445e-03	5.2682258069e-03	1.8840139442e-07	7.1310143823e-07
2.8000000000e+01	5.2740806371e-03	5.2680237004e-03	2.1631916656e-07	8.2479325856e-07
2.9000000000e+01	5.2749661015e-03	5.2677921212e-03	2.4737863169e-07	9.4809332089e-07
3.0000000000e+01	5.2759807746e-03	5.2675278342e-03	2.8176467996e-07	1.0832427506e-06
3.1000000000e+01	5.2771365868e-03	5.2672274251e-03	3.1965037705e-07	1.2303885748e-06
3.2000000000e+01	5.2784455701e-03	5.2668873134e-03	3.6119552233e-07	1.3895868212e-06
3.3000000000e+01	5.2799197687e-03	5.2665037656e-03	4.0654554770e-07	1.5608070818e-06
3.4000000000e+01	5.2815711554e-03	5.2660729104e-03	4.5583073457e-07	1.7439381856e-06
3.5000000000e+01	5.2834115543e-03	5.2655907540e-03	5.0916572088e-07	1.9387946630e-06
3.6000000000e+01	5.2854525696e-03	5.2650531960e-03	5.6664926766e-07	2.1451237254e-06
3.7000000000e+01	5.2877055222e-03	5.2644560449e-03	6.2836425323e-07	2.3626125270e-06
3.8000000000e+01	5.2901813932e-03	5.2637950344e-03	6.9437786335e-07	2.5908955118e-06
3.9000000000e+01	5.2928907747e-03	5.2630658388e-03	7.6474194697e-07	2.8295616864e-06
4.0000000000e+01	5.2958438282e-03	5.2622640879e-03	8.3949350883e-07	3.0781616933e-06
4.1000000000e+01	5.2990502494e-03	5.2613853816e-03	9.1865531240e-07	3.3362145852e-06
4.2000000000e+01	5.3025192398e-03	5.2604253039e-03	1.0022365692e-06	3.6032142276e-06
4.3000000000e+01	5.3062594851e-03	5.2593794363e-03	1.0902336925e-06	3.8786352792e-06
4.4000000000e+01	5.3102791380e-03	5.2582433697e-03	1.1826310975e-06	4.1619387164e-06
4.5000000000e+01	5.3145858075e-03	5.2570127162e-03	1.2794020293e-06	4.4525768834e-06
4.6000000000e+01	5.3191865527e-03	5.2556831200e-03	1.3805094066e-06	4.7499980628e-06
4.7000000000e+01	5.3240878807e-03	5.2542502673e-03	1.4859066677e-06	5.0536505710e-06
4.8000000000e+01	5.3292957482e-03	5.2527098950e-03	1.5955386081e-06	5.3629863894e-06
4.9000000000e+01	5.3348155674e-03	5.2510577995e-03	1.7093422030e-06	5.6774643506e-06
5.0000000000e+01	5.3406522137e-03	5.2492898434e-03	1.8272474060e-06	5.9965529016e-06
5.1000000000e+01	5.3468100367e-03	5.2474019628e-03	1.9491779198e-06	6.3197324688e-06
5.2000000000e+01	5.3532928736e-03	5.2453901730e-03	2.0750519345e-06	6.6464974533e-06
5.3000000000e+01	5.3601040633e-03	5.2432505733e-03	2.2047828299e-06	6.9763578843e-06
5.4000000000e+01	5.3672464633e-03	5.2409793519e-03	2.3382798404e-06	7.3088407594e-06
5.5000000000e+01	5.3747224671e-03	5.2385727896e-03	2.4754486807e-06	7.6434911012e-06
5.6000000000e+01	5.3825340224e-03	5.2360272630e-03	2.6161921321e-06	7.9798727571e-06
5.7000000000e+01	5.3906826505e-03	5.2333392470e-03	2.7604105884e-06	8.3175689693e-06
5.8000000000e+01	5.3991694659e-03	5.2305053173e-03	2.9080025632e-06	8.6561827419e-06
5.9000000000e+01	5.4079951960e-03	5.2275221517e-03	3.0588651579e-06	8.9953370269e-06
6.0000000000e+01	5.4171602009e-03	5.2243865314e-03	3.2128944925e-06	9.3346747534e-06
6.1000000000e+01	5.4266644940e-03	5.2210953419e-03	3.3699860999e-06	9.6738587204e-06
6.2000000000e+01	5.4365077610e-03	5.2176455733e-03	3.5300352859e-06	1.0012571372e-05
6.3000000000e+01	5.4466893800e-03	5.2140343203e-03	3.6929374552e-06	1.0350514473e-05
6.4000000000e+01	5.4572084402e-03	5.2102587822e-03	3.8585884064e-06	1.0687408701e-05
6.5000000000e+01	5.4680637606e-03	5.2063162618e-03	4.0268845975e-06	1.1022993167e-05
6.6000000000e+01	5.4792539087e-03	5.2022041654e-03	4.1977233830e-06	1.1357024884e-05
6.7000000000e+01	5.4907772174e-03	5.1979200014e-03	4.3710032247e-06	1.1689278186e-05
6.8000000000e+01	5.5026318025e-03	5.1934613787e-03	4.5466238782e-06	1.2019544116e-05
6.9000000000e+01	5.5148155787e-03	5.1888260063e-03	4.7244865571e-06	1.2347629787e-05
7.0000000000e+01	5.5273262760e-03	5.1840116907e-03	4.9044940752e-06	1.2673357724e-05
7.1000000000e+01	5.5401614539e-03	5.1790163350e-03	5.0865509695e-06	1.2996565199e-05
7.2000000000e+01	5.5533185165e-03	5.1738379369e-03	5.2705636061e-06	1.3317103558e-05
7.3000000000e+01	5.5667947260e-03	5.1684745865e-03	5.4564402679e-06	1.3634837553e-05
7.4000000000e+01	5.5805872158e-03	5.1629244649e-03	5.6440912288e-06	1.3949644673e-05
7.5000000000e+01	5.5946930028e-03	5.1571858419e-03	5.8334288131e-06	1.4261414490e-05
7.6000000000e+01	5.6091089993e-03	5.1512570736e-03	6.0243674427e-06	1.4570048013e-05
7.7000000000e+01	5.6238320239e-03	5.1451366011e-03	6.2168236727e-06	1.4875457056e-05
7.8000000000e+01	5.6388588125e-03	5.1388229475e-03	6.4107162169e-06	1.5177563631e-05
7.9000000000e+01	5.6541860275e-03	5.1323147163e-03	6.6059659639e-06	1.5476299343e-05
8.0000000000e+01	5.6698102676e-03	5.1256105889e-03	6.8024959845e-06	1.5771604823e-05
8.1000000000e+01	5.6857280766e-03	5.1187093225e-03	7.0002315323e-06	1.6063429169e-05
8.2000000000e+01	5.7019359512e-03	5.1116097482e-03	7.1991000367e-06	1.6351729413e-05
8.3000000000e+01	5.7184303488e-03	5.1043107683e-03	7.3990310909e-06	1.6636470007e-05
8.4000000000e+01	5.7352076951e-03	5.0968113546e-03	7.5999564339e-06	1.6917622336e-05
8.5000000000e+01	5.7522643900e-03	5.0891105461e-03	7.8018099283e-06	1.7195164249e-05
8.6000000000e+01	5.7695968146e-03	5.0812074467e-03	8.0045275338e-06	1.7469079610e-05
8.7000000000e+01	5.7872013368e-03	5.0731012236e-03	8.2080472773e-06	1.7739357874e-05
8.8000000000e+01	5.8050743162e-03	5.0647911048e-03	8.4123092203e-06	1.8005993687e-05
8.9000000000e+01	5.8232121098e-03	5.0562763771e-03	8.6172554227e-06	1.8268986496e-05
9.0000000000e+01	5.8416110761e-03	5.0475563845e-03	8.8228299060e-06	1.8528340190e-05
9.1000000000e+01	5.8602675797e-03	5.0386305259e-03	9.0289786130e-06	1.8784062760e-05
9.2000000000e+01	5.8791779951e-03	5.0294982533e-03	9.2356493673e-06	1.9036165965e-05
9.3000000000e+01	5.8983387102e-03	5.0201590700e-03	9.4427918307e-06	1.9284665037e-05
9.4000000000e+01	5.9177461299e-03	5.0106125286e-03	9.6503574605e-06	1.9529578384e-05
9.5000000000e+01	5.9373966788e-03	5.0008582296e-03	9.8582994654e-06	1.9770927324e-05
9.6000000000e+01	5.9572868044e-03	4.9908958193e-03	1.0066572762e-05	2.0008735825e-05
9.7000000000e+01	5.9774129791e-03	4.9807249882e-03	1.0275133927e-05	2.0243030270e-05
9.8000000000e+01	5.9977717031e-03	4.9703454694e-03	1.0483941160e-05	2.0473839229e-05
9.9000000000e+01	6.0183595059e-03	4.9597570373e-03	1.0692954229e-05	2.0701193249e-05
1.0000000000e+02	6.0391729487e-03	4.9489595053e-03	1.0902134434e-05	2.0925124657e-05
1.0100000000e+02	6.0602086256e-03	4.9379527251e-03	1.1111444560e-05	2.1145667375e-05
1.0200000000e+02	6.0814631656e-03	4.9267365848e-03	1.1320848832e-05	2.1362856746e-05
1.0300000000e+02	6.1029332335e-03	4.9153110075e-03	1.1530312874e-05	2.1576729379e-05
1.0400000000e+02	6.1246155314e-03	4.9036759501e-03	1.1739803666e-05	2.1787322989e-05
1.0500000000e+02	6.1465067994e-03	4.8918314019e-03	1.1949289500e-05	2.1994676268e-05
1.0600000000e+02	6.1686038170e-03	4.8797773829e-03	1.2158739944e-05	2.2198828747e-05
1.0700000000e+02	6.1909034034e-03	4.8675139435e-03	1.2368125793e-05	2.2399820678e-05
1.0800000000e+02	6.2134024184e-03	4.8550411622e-03	1.2577419039e-05	2.2597692922e-05
1.0900000000e+02	6.2360977631e-03	4.8423591453e-03	1.2786592824e-05	2.2792486846e-05
1.1000000000e+02	6.2589863799e-03	4.8294680250e-03	1.2995621408e-05	2.2984244223e-05
1.1100000000e+02	6.2820652534e-03	4.8163679591e-03	1.3204480129e-05	2.3173007147e-05
1.1200000000e+02	6.3053314102e-03	4.8030591293e-03	1.3413145366e-05	2.3358817947e-05
1.1300000000e+02	6.3287819194e-03	4.7895417404e-03	1.3621594505e-05	2.3541719114e-05
1.1400000000e+02	6.3524138927e-03	4.7758160195e-03	1.3829805906e-05	2.3721753228e-05
1.1500000000e+02	6.3762244844e-03	4.7618822147e-03	1.4037758867e-05	2.3898962895e-05
1.1600000000e+02	6.4002108912e-03	4.7477405945e-03	1.4245433592e-05	2.4073390689e-05
1.1700000000e+02	6.4243703526e-03	4.7333914466e-03	1.4452811163e-05	2.4245079095e-05
1.1800000000e+02	6.4487001504e-03	4.7188350773e-03	1.4659873501e-05	2.4414070462e-05
1.1900000000e+02	6.4731976086e-03	4.7040718105e-03	1.4866603346e-05	2.4580406955e-05
1.2000000000e+02	6.4978600933e-03	4.6891019869e-03	1.5072984220e-05	2.4744130515e-05
1.2100000000e+02	6.5226850126e-03	4.6739259636e-03	1.5279000405e-05	2.4905282821e-05
1.2200000000e+02	6.5476698157e-03	4.6585441127e-03	1.5484636910e-05	2.5063905256e-05
1.2300000000e+02	6.5728119935e-03	4.6429568211e-03	1.5689879450e-05	2.5220038876e-05
1.2400000000e+02	6.5981090774e-03	4.6271644896e-03	1.5894714418e-05	2.5373724382e-05
1.2500000000e+02	6.6235586396e-03	4.6111675324e-03	1.6099128858e-05	2.5525002094e-05
1.2600000000e+02	6.6491582923e-03	4.5949663762e-03	1.6303110445e-05	2.5673911931e-05
1.2700000000e+02	6.6749056874e-03	4.5785614597e-03	1.6506647462e-05	2.5820493389e-05
1.2800000000e+02	6.7007985160e-03	4.5619532332e-03	1.6709728772e-05	2.5964785521e-05
1.2900000000e+02	6.7268345082e-03	4.5451421576e-03	1.6912343803e-05	2.6106826929e-05
1.3000000000e+02	6.7530114323e-03	4.5281287044e-03	1.7114482523e-05	2.6246655742e-05
1.3100000000e+02	6.7793270947e-03	4.5109133545e-03	1.7316135421e-05	2.6384309609e-05
1.3200000000e+02	6.8057793390e-03	4.4934965985e-03	1.7517293488e-05	2.6519825687e-05
1.3300000000e+02	6.8323660457e-03	4.4758789354e-03	1.7717948198e-05	2.6653240632e-05
1.3400000000e+02	6.8590851319e-03	4.4580608726e-03	1.7918091488e-05	2.6784590595e-05
1.3500000000e+02	6.8859345504e-03	4.4400429254e-03	1.8117715741e-05	2.6913911212e-05
1.3600000000e+02	6.9129122896e-03	4.4218256165e-03	1.8316813773e-05	2.7041237601e-05
1.3700000000e+02	6.9400163724e-03	4.4034094755e-03	1.8515378810e-05	2.7166604360e-05
1.3800000000e+02	6.9672448565e-03	4.3847950387e-03	1.8713404477e-05	2.7290045562e-05
1.3900000000e+02	6.9945958329e-03	4.3659828484e-03	1.8910884781e-05	2.7411594756e-05
1.4000000000e+02	7.0220674263e-03	4.3469734528e-03	1.9107814097e-05	2.7531284965e-05
1.4100000000e+02	7.0496577940e-03	4.3277674056e-03	1.9304187152e-05	2.7649148685e-05
1.4200000000e+02	7.0773651255e-03	4.3083652655e-03	1.9499999014e-05	2.7765217889e-05
1.4300000000e+02	7.1051876421e-03	4.2887675962e-03	1.9695245076e-05	2.7879524024e-05
1.4400000000e+02	7.1331235962e-03	4.2689749654e-03	1.9889921047e-05	2.7992098020e-05
1.4500000000e+02	7.1611712709e-03	4.2489879454e-03	2.0084022934e-05	2.8102970286e-05
1.4600000000e+02	7.1893289795e-03	4.2288071122e-03	2.0277547037e-05	2.8212170715e-05
1.4700000000e+02	7.2175950649e-03	4.2084330451e-03	2.0470489930e-05	2.8319728693e-05
1.4800000000e+02	7.2459678990e-03	4.1878663271e-03	2.0662848459e-05	2.8425673094e-05
1.4900000000e+02	7.2744458826e-03	4.1671075439e-03	2.0854619723e-05	2.8530032292e-05
1.5000000000e+02	7.3030274445e-03	4.1461572843e-03	2.1045801068e-05	2.8632834163e-05
1.5100000000e+02	7.3317110410e-03	4.1250161392e-03	2.1236390078e-05	2.8734106090e-05
1.5200000000e+02	7.3604951557e-03	4.1036847023e-03	2.1426384562e-05	2.8833874967e-05
1.5300000000e+02	7.3893782987e-03	4.0821635690e-03	2.1615782547e-05	2.8932167211e-05
1.5400000000e+02	7.4183590065e-03	4.0604533366e-03	2.1804582272e-05	2.9029008757e-05
1.5500000000e+02	7.4474358412e-03	4.0385546044e-03	2.1992782173e-05	2.9124425074e-05
1.5600000000e+02	7.4766073899e-03	4.0164679727e-03	2.2180380880e-05	2.9218441168e-05
1.5700000000e+02	7.5058722649e-03	3.9941940434e-03	2.2367377207e-05	2.9311081584e-05
1.5800000000e+02	7.5352291026e-03	3.9717334194e-03	2.2553770147e-05	2.9402370419e-05
1.5900000000e+02	7.5646765631e-03	3.9490867045e-03	2.2739558859e-05	2.9492331325e-05
1.6000000000e+02	7.5942133303e-03	3.9262545033e-03	2.2924742669e-05	2.9580987515e-05
1.6100000000e+02	7.6238381109e-03	3.9032374210e-03	2.3109321055e-05	2.9668361772e-05
1.6200000000e+02	7.6535496340e-03	3.8800360631e-03	2.3293293647e-05	2.9754476455e-05
1.6300000000e+02	7.6833466512e-03	3.8566510357e-03	2.3476660218e-05	2.9839353501e-05
1.6400000000e+02	7.7132279357e-03	3.8330829447e-03	2.3659420676e-05	2.9923014442e-05
1.6500000000e+02	7.7431922818e-03	3.8093323964e-03	2.3841575063e-05	3.0005480402e-05
1.6600000000e+02	7.7732385051e-03	3.7853999966e-03	2.4023123545e-05	3.0086772107e-05
1.6700000000e+02	7.8033654414e-03	3.7612863512e-03	2.4204066409e-05	3.0166909893e-05
1.6800000000e+02	7.8335719469e-03	3.7369920655e-03	2.4384404056e-05	3.0245913714e-05
1.6900000000e+02	7.8638568974e-03	3.7125177446e-03	2.4564136998e-05	3.0323803141e-05
1.7000000000e+02	7.8942191881e-03	3.6878639929e-03	2.4743265854e-05	3.0400597380e-05
1.7100000000e+02	7.9246577333e-03	3.6630314140e-03	2.4921791341e-05	3.0476315269e-05
1.7200000000e+02	7.9551714660e-03	3.6380206110e-03	2.5099714273e-05	3.0550975290e-05
1.7300000000e+02	7.9857593373e-03	3.6128321860e-03	2.5277035557e-05	3.0624595572e-05
1.7400000000e+02	8.0164203165e-03	3.5874667401e-03	2.5453756186e-05	3.0697193900e-05
1.7500000000e+02	8.0471533903e-03	3.5619248735e-03	2.5629877239e-05	3.0768787722e-05
1.7600000000e+02	8.0779575628e-03	3.5362071851e-03	2.5805399873e-05	3.0839394151e-05
1.7700000000e+02	8.1088318551e-03	3.5103142728e-03	2.5980325323e-05	3.0909029975e-05
1.7800000000e+02	8.1397753047e-03	3.4842467331e-03	2.6154654897e-05	3.0977711663e-05
1.7900000000e+02	8.1707869657e-03	3.4580051612e-03	2.6328389969e-05	3.1045455369e-05
1.8000000000e+02	8.2018659081e-03	3.4315901509e-03	2.6501531985e-05	3.1112276941e-05
1.8100000000e+02	8.2330112174e-03	3.4050022944e-03	2.6674082448e-05	3.1178191922e-05
1.8200000000e+02	8.2642219948e-03	3.3782421826e-03	2.6846042924e-05	3.1243215561e-05
1.8300000000e+02	8.2954973564e-03	3.3513104047e-03	2.7017415037e-05	3.1307362817e-05
1.8400000000e+02	8.3268364332e-03	3.3242075481e-03	2.7188200462e-05	3.1370648363e-05
1.8500000000e+02	8.3582383707e-03	3.2969341988e-03	2.7358400930e-05	3.1433086593e-05
1.8600000000e+02	8.3897023287e-03	3.2694909407e-03	2.7528018215e-05	3.1494691628e-05
1.8700000000e+02	8.4212274809e-03	3.2418783561e-03	2.7697054143e-05	3.1555477319e-05
1.8800000000e+02	8.4528130147e-03	3.2140970255e-03	2.7865510581e-05	3.1615457256e-05
1.8900000000e+02	8.4844581312e-03	3.1861475275e-03	2.8033389438e-05	3.1674644771e-05
1.9000000000e+02	8.5161620445e-03	3.1580304385e-03	2.8200692663e-05	3.1733052941e-05
1.9100000000e+02	8.5479239816e-03	3.1297463334e-03	2.8367422242e-05	3.1790694597e-05
1.9200000000e+02	8.5797431824e-03	3.1012957846e-03	2.8533580197e-05	3.1847582328e-05
1.9300000000e+02	8.6116188991e-03	3.0726793628e-03	2.8699168582e-05	3.1903728484e-05
1.9400000000e+02	8.6435503962e-03	3.0438976366e-03	2.8864189483e-05	3.1959145181e-05
1.9500000000e+02	8.6755369503e-03	3.0149511723e-03	2.9028645015e-05	3.2013844308e-05
1.9600000000e+02	8.7075778495e-03	2.9858405343e-03	2.9192537323e-05	3.2067837530e-05
1.9700000000e+02	8.7396723938e-03	2.9565662847e-03	2.9355868574e-05	3.2121136292e-05
1.9800000000e+02	8.7718198944e-03	2.9271289835e-03	2.9518640964e-05	3.2173751824e-05
1.9900000000e+02	8.8040196734e-03	2.8975291883e-03	2.9680856709e-05	3.2225695146e-05
2.0000000000e+02	8.8362710642e-03	2.8677674548e-03	2.9842518047e-05	3.2276977071e-05
2.0100000000e+02	8.8685734106e-03	2.8378443363e-03	3.0003627236e-05	3.2327608211e-05
2.0200000000e+02	8.9009260672e-03	2.8077603837e-03	3.0164186552e-05	3.2377598977e-05
2.0300000000e+02	8.9333283985e-03	2.7775161457e-03	3.0324198290e-05	3.2426959589e-05
2.0400000000e+02	8.9657797796e-03	2.7471121688e-03	3.0483664759e-05	3.2475700076e-05
2.0500000000e+02	8.9982795953e-03	2.7165489972e-03	3.0642588283e-05	3.2523830280e-05
2.0600000000e+02	9.0308272400e-03	2.6858271725e-03	3.0800971202e-05	3.2571359861e-05
2.0700000000e+02	9.0634221179e-03	2.6549472342e-03	3.0958815864e-05	3.2618298299e-05
2.0800000000e+02	9.0960636426e-03	2.6239097194e-03	3.1116124631e-05	3.2664654901e-05
2.0900000000e+02	9.1287512368e-03	2.5927151628e-03	3.1272899876e-05	3.2710438800e-05
2.1000000000e+02	9.1614843323e-03	2.5613640967e-03	3.1429143979e-05	3.2755658961e-05
2.1100000000e+02	9.1942623698e-03	2.5298570511e-03	3.1584859331e-05	3.2800324187e-05
2.1200000000e+02	9.2270847986e-03	2.4981945535e-03	3.1740048326e-05	3.2844443117e-05
2.1300000000e+02	9.2599510768e-03	2.4663771290e-03	3.1894713369e-05	3.2888024231e-05
2.1400000000e+02	9.2928606706e-03	2.4344053006e-03	3.2048856869e-05	3.2931075856e-05
2.1500000000e+02	9.3258130547e-03	2.4022795884e-03	3.2202481239e-05	3.2973606168e-05
2.1600000000e+02	9.3588077118e-03	2.3700005103e-03	3.2355588896e-05	3.3015623190e-05
2.1700000000e+02	9.3918441326e-03	2.3375685820e-03	3.2508182261e-05	3.3057134804e-05
2.1800000000e+02	9.4249218155e-03	2.3049843164e-03	3.2660263757e-05	3.3098148746e-05
2.1900000000e+02	9.4580402667e-03	2.2722482243e-03	3.2811835810e-05	3.3138672614e-05
2.2000000000e+02	9.4911989999e-03	2.2393608138e-03	3.2962900846e-05	3.3178713867e-05
2.2100000000e+02	9.5243975360e-03	2.2063225908e-03	3.3113461291e-05	3.3218279831e-05
2.2200000000e+02	9.5576354035e-03	2.1731340586e-03	3.3263519572e-05	3.3257377700e-05
2.2300000000e+02	9.5909121378e-03	2.1397957182e-03	3.3413078115e-05	3.3296014539e-05
2.2400000000e+02	9.6242272812e-03	2.1063080682e-03	3.3562139344e-05	3.3334197285e-05
2.2500000000e+02	9.6575803833e-03	2.0726716045e-03	3.3710705683e-05	3.3371932755e-05
2.2600000000e+02	9.6909709999e-03	2.0388868210e-03	3.3858779553e-05	3.3409227641e-05
2.2700000000e+02	9.7243986939e-03	2.0049542088e-03	3.4006363371e-05	3.3446088516e-05
2.2800000000e+02	9.7578630344e-03	1.9708742568e-03	3.4153459551e-05	3.3482521839e-05
2.2900000000e+02	9.7913635971e-03	1.9366474514e-03	3.4300070505e-05	3.3518533953e-05
2.3000000000e+02	9.8248999640e-03	1.9022742767e-03	3.4446198640e-05	3.3554131088e-05
2.3100000000e+02	9.8584717230e-03	1.8677552143e-03	3.4591846358e-05	3.3589319367e-05
2.3200000000e+02	9.8920784684e-03	1.8330907433e-03	3.4737016057e-05	3.3624104804e-05
2.3300000000e+02	9.9257198003e-03	1.7982813407e-03	3.4881710127e-05	3.3658493306e-05
2.3400000000e+02	9.9593953247e-03	1.7633274808e-03	3.5025930957e-05	3.3692490678e-05
2.3500000000e+02	9.9931046532e-03	1.7282296357e-03	3.5169680926e-05	3.3726102625e-05
2.3600000000e+02	1.0026847403e-02	1.6929882751e-03	3.5312962408e-05	3.3759334750e-05
2.3700000000e+02	1.0060623198e-02	1.6576038663e-03	3.5455777771e-05	3.3792192562e-05
2.3800000000e+02	1.0094431665e-02	1.6220768742e-03	3.5598129375e-05	3.3824681470e-05
2.3900000000e+02	1.0128272440e-02	1.5864077613e-03	3.5740019575e-05	3.3856806794e-05
2.4000000000e+02	1.0162145160e-02	1.5505969880e-03	3.5881450715e-05	3.3888573759e-05
2.4100000000e+02	1.0196049469e-02	1.5146450121e-03	3.6022425134e-05	3.3919987502e-05
2.4200000000e+02	1.0229985019e-02	1.4785522892e-03	3.6162945163e-05	3.3951053072e-05
2.4300000000e+02	1.0263951461e-02	1.4423192725e-03	3.6303013122e-05	3.3981775429e-05
2.4400000000e+02	1.0297948457e-02	1.4059464129e-03	3.6442631327e-05	3.4012159451e-05
2.4500000000e+02	1.0331975669e-02	1.3694341590e-03	3.6581802081e-05	3.4042209931e-05
2.4600000000e+02	1.0366032767e-02	1.3327829571e-03	3.6720527682e-05	3.4071931583e-05
2.4700000000e+02	1.0400119424e-02	1.2959932513e-03	3.6858810416e-05	3.4101329037e-05
2.4800000000e+02	1.0434235318e-02	1.2590654831e-03	3.6996652562e-05	3.4130406850e-05
2.4900000000e+02	1.0468380133e-02	1.2220000922e-03	3.7134056387e-05	3.4159169497e-05
2.5000000000e+02	1.0502553554e-02	1.1847975157e-03	3.7271024152e-05	3.4187621381e-05
2.5100000000e+02	1.0536755273e-02	1.1474581885e-03	3.7407558107e-05	3.4215766829e-05
2.5200000000e+02	1.0570984987e-02	1.1099825434e-03	3.7543660490e-05	3.4243610098e-05
2.5300000000e+02	1.0605242394e-02	1.0723710107e-03	3.7679333532e-05	3.4271155371e-05
2.5400000000e+02	1.0639527200e-02	1.0346240187e-03	3.7814579452e-05	3.4298406763e-05
2.5500000000e+02	1.0673839111e-02	9.9674199341e-04	3.7949400461e-05	3.4325368320e-05
2.5600000000e+02	1.0708177841e-02	9.5872535866e-04	3.8083798759e-05	3.4352044021e-05
2.5700000000e+02	1.0742543105e-02	9.2057453607e-04	3.8217776533e-05	3.4378437781e-05
2.5800000000e+02	1.0776934624e-02	8.8228994504e-04	3.8351335964e-05	3.4404553446e-05
2.5900000000e+02	1.0811352121e-02	8.4387200286e-04	3.8484479219e-05	3.4430394803e-05
2.6000000000e+02	1.0845795323e-02	8.0532112461e-04	3.8617208456e-05	3.4455965575e-05
2.6100000000e+02	1.0880263963e-02	7.6663772324e-04	3.8749525822e-05	3.4481269424e-05
2.6200000000e+02	1.0914757774e-02	7.2782220955e-04	3.8881433453e-05	3.4506309953e-05
2.6300000000e+02	1.0949276496e-02	6.8887499220e-04	3.9012933475e-05	3.4531090705e-05
2.6400000000e+02	1.0983819870e-02	6.4979647776e-04	3.9144028002e-05	3.4555615166e-05
2.6500000000e+02	1.1018387642e-02	6.1058707066e-04	3.9274719138e-05	3.4579886766e-05
2.6600000000e+02	1.1052979561e-02	5.7124717325e-04	3.9405008975e-05	3.4603908878e-05
2.6700000000e+02	1.1087595378e-02	5.3177718579e-04	3.9534899596e-05	3.4627684824e-05
2.6800000000e+02	1.1122234849e-02	4.9217750644e-04	3.9664393070e-05	3.4651217868e-05
2.6900000000e+02	1.1156897734e-02	4.5244853134e-04	3.9793491458e-05	3.4674511225e-05
2.7000000000e+02	1.1191583793e-02	4.1259065454e-04	3.9922196809e-05	3.4697568057e-05
2.7100000000e+02	1.1226292792e-02	3.7260426806e-04	4.0050511158e-05	3.4720391475e-05
2.7200000000e+02	1.1261024499e-02	3.3248976188e-04	4.0178436534e-05	3.4742984543e-05
2.7300000000e+02	1.1295778685e-02	2.9224752398e-04	4.0305974950e-05	3.4765350274e-05
2.7400000000e+02	1.1330555125e-02	2.5187794030e-04	4.0433128411e-05	3.4787491633e-05
2.7500000000e+02	1.1365353595e-02	2.1138139481e-04	4.0559898909e-05	3.4809411540e-05
2.7600000000e+02	1.1400173875e-02	1.7075826947e-04	4.0686288426e-05	3.4831112868e-05
2.7700000000e+02	1.1435015749e-02	1.3000894429e-04	4.0812298932e-05	3.4852598444e-05
2.7800000000e+02	1.1469879001e-02	8.9133797294e-05	4.0937932387e-05	3.4873871052e-05
2.7900000000e+02	1.1504763421e-02	4.8133204553e-05	4.1063190738e-05	3.4894933432e-05
2.8000000000e+02	1.1539668799e-02	7.0075402054e-06	4.1188075923e-05	3.4915788280e-05
2.8100000000e+02	1.1574594929e-02	-3.4242823546e-05	4.1312589866e-05	3.4936438252e-05
2.8200000000e+02	1.1609541608e-02	-7.5617516418e-05	4.1436734483e-05	3.4956885962e-05
2.8300000000e+02	1.1644508634e-02	-1.1711617004e-04	4.1560511676e-05	3.4977133983e-05
2.8400000000e+02	1.1679495810e-02	-1.5873841793e-04	4.1683923338e-05	3.4997184849e-05
2.8500000000e+02	1.1714502939e-02	-2.0048389550e-04	4.1806971349e-05	3.5017041054e-05
2.8600000000e+02	1.1749529828e-02	-2.4235224003e-04	4.1929657581e-05	3.5036705054e-05
2.8700000000e+02	1.1784576286e-02	-2.8434309068e-04	4.2051983890e-05	3.5056179268e-05
2.8800000000e+02	1.1819642124e-02	-3.2645608845e-04	4.2173952127e-05	3.5075466077e-05
2.8900000000e+02	1.1854727156e-02	-3.6869087619e-04	4.2295564126e-05	3.5094567827e-05
2.9000000000e+02	1.1889831199e-02	-4.1104709857e-04	4.2416821715e-05	3.5113486827e-05
2.9100000000e+02	1.1924954070e-02	-4.5352440209e-04	4.2537726708e-05	3.5132225352e-05
2.9200000000e+02	1.1960095590e-02	-4.9612243506e-04	4.2658280908e-05	3.5150785641e-05
2.9300000000e+02	1.1995255582e-02	-5.3884084757e-04	4.2778486109e-05	3.5169169901e-05
2.9400000000e+02	1.2030433872e-02	-5.8167929153e-04	4.2898344093e-05	3.5187380304e-05
2.9500000000e+02	1.2065630286e-02	-6.2463742061e-04	4.3017856632e-05	3.5205418991e-05
2.9600000000e+02	1.2100844653e-02	-6.6771489024e-04	4.3137025485e-05	3.5223288071e-05
2.9700000000e+02	1.2136076806e-02	-7.1091135760e-04	4.3255852403e-05	3.5240989619e-05
2.9800000000e+02	1.2171326577e-02	-7.5422648164e-04	4.3374339125e-05	3.5258525681e-05
2.9900000000e+02	1.2206593803e-02	-7.9765992303e-04	4.3492487378e-05	3.5275898273e-05
3.0000000000e+02	1.2241878320e-02	-8.4121134415e-04	4.3610298881e-05	3.5293109380e-05
3.0100000000e+02	1.2277179969e-02	-8.8488040911e-04	4.3727775341e-05	3.5310160958e-05
3.0200000000e+02	1.2312498590e-02	-9.2866678372e-04	4.3844918455e-05	3.5327054934e-05
3.0300000000e+02	1.2347834027e-02	-9.7257013547e-04	4.3961729908e-05	3.5343793207e-05
3.0400000000e+02	1.2383186125e-02	-1.0165901335e-03	4.4078211376e-05	3.5360377646e-05
3.0500000000e+02	1.2418554731e-02	-1.0607264488e-03	4.4194364524e-05	3.5376810097e-05
3.0600000000e+02	1.2453939695e-02	-1.1049787537e-03	4.4310191008e-05	3.5393092375e-05
3.0700000000e+02	1.2489340866e-02	-1.1493467225e-03	4.4425692472e-05	3.5409226270e-05
3.0800000000e+02	1.2524758099e-02	-1.1938300308e-03	4.4540870550e-05	3.5425213546e-05
3.0900000000e+02	1.2560191245e-02	-1.2384283563e-03	4.4655726866e-05	3.5441055941e-05
3.1000000000e+02	1.2595640163e-02	-1.2831413779e-03	4.4770263034e-05	3.5456755168e-05
3.1100000000e+02	1.2631104708e-02	-1.3279687762e-03	4.4884480658e-05	3.5472312917e-05
3.1200000000e+02	1.2666584742e-02	-1.3729102335e-03	4.4998381332e-05	3.5487730850e-05
3.1300000000e+02	1.2702080124e-02	-1.4179654337e-03	4.5111966638e-05	3.5503010608e-05
3.1400000000e+02	1.2737590718e-02	-1.4631340622e-03	4.5225238152e-05	3.5518153807e-05
3.1500000000e+02	1.2773116387e-02	-1.5084158060e-03	4.5338197437e-05	3.5533162042e-05
3.1600000000e+02	1.2808656997e-02	-1.5538103535e-03	4.5450846047e-05	3.5548036883e-05
3.1700000000e+02	1.2844212417e-02	-1.5993173950e-03	4.5563185525e-05	3.5562779879e-05
3.1800000000e+02	1.2879782514e-02	-1.6449366220e-03	4.5675217407e-05	3.5577392555e-05
3.1900000000e+02	1.2915367159e-02	-1.6906677278e-03	4.5786943218e-05	3.5591876417e-05
3.2000000000e+02	1.2950966224e-02	-1.7365104070e-03	4.5898364472e-05	3.5606232948e-05
3.2100000000e+02	1.2986579583e-02	-1.7824643557e-03	4.6009482674e-05	3.5620463612e-05
3.2200000000e+02	1.3022207110e-02	-1.8285292718e-03	4.6120299321e-05	3.5634569850e-05
3.2300000000e+02	1.3057848681e-02	-1.8747048543e-03	4.6230815900e-05	3.5648553085e-05
3.2400000000e+02	1.3093504175e-02	-1.9209908041e-03	4.6341033887e-05	3.5662414717e-05
3.2500000000e+02	1.3129173471e-02	-1.9673868231e-03	4.6450954750e-05	3.5676156131e-05
3.2600000000e+02	1.3164856448e-02	-2.0138926150e-03	4.6560579948e-05	3.5689778689e-05
3.2700000000e+02	1.3200552989e-02	-2.0605078849e-03	4.6669910929e-05	3.5703283736e-05
3.2800000000e+02	1.3236262977e-02	-2.1072323393e-03	4.6778949134e-05	3.5716672596e-05
3.2900000000e+02	1.3271986296e-02	-2.1540656861e-03	4.6887695993e-05	3.5729946579e-05
3.3000000000e+02	1.3307722832e-02	-2.2010076346e-03	4.6996152929e-05	3.5743106973e-05
3.3100000000e+02	1.3343472472e-02	-2.2480578957e-03	4.7104321354e-05	3.5756155049e-05
3.3200000000e+02	1.3379235105e-02	-2.2952161816e-03	4.7212202671e-05	3.5769092063e-05
3.3300000000e+02	1.3415010620e-02	-2.3424822058e-03	4.7319798275e-05	3.5781919250e-05
3.3400000000e+02	1.3450798907e-02	-2.3898556834e-03	4.7427109553e-05	3.5794637832e-05
3.3500000000e+02	1.3486599860e-02	-2.4373363306e-03	4.7534137882e-05	3.5807249012e-05
3.3600000000e+02	1.3522413370e-02	-2.4849238653e-03	4.7640884629e-05	3.5819753977e-05
3.3700000000e+02	1.3558239333e-02	-2.5326180065e-03	4.7747351155e-05	3.5832153898e-05
3.3800000000e+02	1.3594077643e-02	-2.5804184747e-03	4.7853538810e-05	3.5844449931e-05
3.3900000000e+02	1.3629928198e-02	-2.6283249916e-03	4.7959448938e-05	3.5856643215e-05
3.4000000000e+02	1.3665790896e-02	-2.6763372805e-03	4.8065082871e-05	3.5868734876e-05
3.4100000000e+02	1.3701665634e-02	-2.7244550657e-03	4.8170441936e-05	3.5880726021e-05
3.4200000000e+02	1.3737552315e-02	-2.7726780732e-03	4.8275527450e-05	3.5892617745e-05
3.4300000000e+02	1.3773450837e-02	-2.8210060299e-03	4.8380340720e-05	3.5904411130e-05
3.4400000000e+02	1.3809361104e-02	-2.8694386643e-03	4.8484883049e-05	3.5916107238e-05
3.4500000000e+02	1.3845283020e-02	-2.9179757061e-03	4.8589155727e-05	3.5927707124e-05
3.4600000000e+02	1.3881216487e-02	-2.9666168863e-03	4.8693160038e-05	3.5939211822e-05
3.4700000000e+02	1.3917161412e-02	-3.0153619371e-03	4.8796897259e-05	3.5950622358e-05
3.4800000000e+02	1.3953117701e-02	-3.0642105922e-03	4.8900368658e-05	3.5961939741e-05
3.4900000000e+02	1.3989085261e-02	-3.1131625863e-03	4.9003575492e-05	3.5973164968e-05
3.5000000000e+02	1.4025064000e-02	-3.1622176554e-03	4.9106519016e-05	3.5984299023e-05
3.5100000000e+02	1.4061053829e-02	-3.2113755369e-03	4.9209200472e-05	3.5995342877e-05
3.5200000000e+02	1.4097054656e-02	-3.2606359694e-03	4.9311621095e-05	3.6006297487e-05
3.5300000000e+02	1.4133066394e-02	-3.3099986926e-03	4.9413782115e-05	3.6017163800e-05
3.5400000000e+02	1.4169088955e-02	-3.3594634475e-03	4.9515684752e-05	3.6027942748e-05
3.5500000000e+02	1.4205122251e-02	-3.4090299764e-03	4.9617330217e-05	3.6038635254e-05
3.5600000000e+02	1.4241166197e-02	-3.4586980226e-03	4.9718719717e-05	3.6049242226e-05
3.5700000000e+02	1.4277220707e-02	-3.5084673309e-03	4.9819854448e-05	3.6059764561e-05
3.5800000000e+02	1.4313285698e-02	-3.5583376470e-03	4.9920735600e-05	3.6070203146e-05
3.5900000000e+02	1.4349361086e-02	-3.6083087179e-03	5.0021364356e-05	3.6080558856e-05
3.6000000000e+02	1.4385446788e-02	-3.6583802920e-03	5.0121741889e-05	3.6090832553e-05
3.6100000000e+02	1.4421542724e-02	-3.7085521184e-03	5.0221869369e-05	3.6101025090e-05
3.6200000000e+02	1.4457648812e-02	-3.7588239477e-03	5.0321747954e-05	3.6111137308e-05
3.6300000000e+02	1.4493764972e-02	-3.8091955317e-03	5.0421378798e-05	3.6121170039e-05
3.6400000000e+02	1.4529891125e-02	-3.8596666231e-03	5.0520763046e-05	3.6131124101e-05
3.6500000000e+02	1.4566027194e-02	-3.9102369760e-03	5.0619901836e-05	3.6141000306e-05
3.6600000000e+02	1.4602173100e-02	-3.9609063454e-03	5.0718796300e-05	3.6150799451e-05
3.6700000000e+02	1.4638328768e-02	-4.0116744875e-03	5.0817447562e-05	3.6160522328e-05
3.6800000000e+02	1.4674494120e-02	-4.0625411598e-03	5.0915856738e-05	3.6170169714e-05
3.6900000000e+02	1.4710669082e-02	-4.1135061207e-03	5.1014024940e-05	3.6179742380e-05
3.7000000000e+02	1.4746853580e-02	-4.1645691297e-03	5.1111953270e-05	3.6189241086e-05
3.7100000000e+02	1.4783047540e-02	-4.2157299476e-03	5.1209642824e-05	3.6198666582e-05
3.7200000000e+02	1.4819250889e-02	-4.2669883361e-03	5.1307094691e-05	3.6208019609e-05
3.7300000000e+02	1.4855463555e-02	-4.3183440581e-03	5.1404309955e-05	3.6217300900e-05
3.7400000000e+02	1.4891685467e-02	-4.3697968775e-03	5.1501289692e-05	3.6226511176e-05
3.7500000000e+02	1.4927916554e-02	-4.4213465594e-03	5.1598034969e-05	3.6235651152e-05
3.7600000000e+02	1.4964156746e-02	-4.4729928697e-03	5.1694546851e-05	3.6244721533e-05
3.7700000000e+02	1.5000405974e-02	-4.5247355756e-03	5.1790826392e-05	3.6253723015e-05
3.7800000000e+02	1.5036664170e-02	-4.5765744454e-03	5.1886874643e-05	3.6262656285e-05
3.7900000000e+02	1.5072931264e-02	-4.6285092481e-03	5.1982692645e-05	3.6271522023e-05
3.8000000000e+02	1.5109207191e-02	-4.6805397542e-03	5.2078281436e-05	3.6280320900e-05
3.8100000000e+02	1.5145491884e-02	-4.7326657350e-03	5.2173642045e-05	3.6289053579e-05
3.8200000000e+02	1.5181785277e-02	-4.7848869626e-03	5.2268775495e-05	3.6297720714e-05
3.8300000000e+02	1.5218087304e-02	-4.8372032106e-03	5.2363682805e-05	3.6306322952e-05
3.8400000000e+02	1.5254397901e-02	-4.8896142532e-03	5.2458364985e-05	3.6314860932e-05
3.8500000000e+02	1.5290717004e-02	-4.9421198658e-03	5.2552823040e-05	3.6323335284e-05
3.8600000000e+02	1.5327044551e-02	-4.9947198249e-03	5.2647057968e-05	3.6331746632e-05
3.8700000000e+02	1.5363380477e-02	-5.0474139077e-03	5.2741070761e-05	3.6340095593e-05
3.8800000000e+02	1.5399724721e-02	-5.1002018927e-03	5.2834862407e-05	3.6348382774e-05
3.8900000000e+02	1.5436077222e-02	-5.1530835591e-03	5.2928433885e-05	3.6356608777e-05
3.9000000000e+02	1.5472437919e-02	-5.2060586874e-03	5.3021786169e-05	3.6364774195e-05
3.9100000000e+02	1.5508806751e-02	-5.2591270587e-03	5.3114920228e-05	3.6372879616e-05
3.9200000000e+02	1.5545183658e-02	-5.3122884554e-03	5.3207837024e-05	3.6380925620e-05
3.9300000000e+02	1.5581568582e-02	-5.3655426607e-03	5.3300537514e-05	3.6388912779e-05
3.9400000000e+02	1.5617961464e-02	-5.4188894587e-03	5.3393022647e-05	3.6396841659e-05
3.9500000000e+02	1.5654362246e-02	-5.4723286345e-03	5.3485293369e-05	3.6404712820e-05
3.9600000000e+02	1.5690770871e-02	-5.5258599743e-03	5.3577350619e-05	3.6412526815e-05
3.9700000000e+02	1.5727187281e-02	-5.5794832649e-03	5.3669195330e-05	3.6420284190e-05
3.9800000000e+02	1.5763611420e-02	-5.6331982944e-03	5.3760828429e-05	3.6427985484e-05
3.9900000000e+02	1.5800043233e-02	-5.6870048515e-03	5.3852250839e-05	3.6435631232e-05
4.0000000000e+02	1.5836482665e-02	-5.7409027261e-03	5.3943463477e-05	3.6443221961e-05
4.0100000000e+02	1.5872929659e-02	-5.7948917089e-03	5.4034467252e-05	3.6450758191e-05
4.0200000000e+02	1.5909384163e-02	-5.8489715913e-03	5.4125263070e-05	3.6458240438e-05
4.0300000000e+02	1.5945846122e-02	-5.9031421660e-03	5.4215851832e-05	3.6465669210e-05
4.0400000000e+02	1.5982315484e-02	-5.9574032263e-03	5.4306234431e-05	3.6473045012e-05
4.0500000000e+02	1.6018792195e-02	-6.0117545664e-03	5.4396411756e-05	3.6480368339e-05
4.0600000000e+02	1.6055276203e-02	-6.0661959816e-03	5.4486384691e-05	3.6487639683e-05
4.0700000000e+02	1.6091767457e-02	-6.1207272680e-03	5.4576154115e-05	3.6494859530e-05
4.0800000000e+02	1.6128265905e-02	-6.1753482223e-03	5.4665720901e-05	3.6502028361e-05
4.0900000000e+02	1.6164771497e-02	-6.2300586425e-03	5.4755085915e-05	3.6509146650e-05
4.1000000000e+02	1.6201284182e-02	-6.2848583272e-03	5.4844250022e-05	3.6516214866e-05
4.1100000000e+02	1.6237803910e-02	-6.3397470759e-03	5.4933214078e-05	3.6523233473e-05
4.1200000000e+02	1.6274330632e-02	-6.3947246889e-03	5.5021978935e-05	3.6530202930e-05
4.1300000000e+02	1.6310864300e-02	-6.4497909676e-03	5.5110545441e-05	3.6537123690e-05
4.1400000000e+02	1.6347404864e-02	-6.5049457140e-03	5.5198914439e-05	3.6543996200e-05
4.1500000000e+02	1.6383952276e-02	-6.5601887309e-03	5.5287086764e-05	3.6550820905e-05
4.1600000000e+02	1.6420506490e-02	-6.6155198222e-03	5.5375063250e-05	3.6557598242e-05
4.1700000000e+02	1.6457067457e-02	-6.6709387924e-03	5.5462844723e-05	3.6564328644e-05
4.1800000000e+02	1.6493635131e-02	-6.7264454470e-03	5.5550432006e-05	3.6571012540e-05
4.1900000000e+02	1.6530209467e-02	-6.7820395920e-03	5.5637825916e-05	3.6577650352e-05
4.2000000000e+02	1.6566790417e-02	-6.8377210346e-03	5.5725027265e-05	3.6584242500e-05
4.2100000000e+02	1.6603377937e-02	-6.8934895826e-03	5.5812036863e-05	3.6590789398e-05
4.2200000000e+02	1.6639971981e-02	-6.9493450447e-03	5.5898855510e-05	3.6597291453e-05
4.2300000000e+02	1.6676572505e-02	-7.0052872302e-03	5.5985484007e-05	3.6603749073e-05
4.2400000000e+02	1.6713179464e-02	-7.0613159496e-03	5.6071923146e-05	3.6610162655e-05
4.2500000000e+02	1.6749792815e-02	-7.1174310137e-03	5.6158173716e-05	3.6616532597e-05
4.2600000000e+02	1.6786412515e-02	-7.1736322344e-03	5.6244236501e-05	3.6622859290e-05
4.2700000000e+02	1.6823038520e-02	-7.2299194243e-03	5.6330112281e-05	3.6629143120e-05
4.2800000000e+02	1.6859670787e-02	-7.2862923969e-03	5.6415801832e-05	3.6635384471e-05
4.2900000000e+02	1.6896309275e-02	-7.3427509662e-03	5.6501305923e-05	3.6641583721e-05
4.3000000000e+02	1.6932953941e-02	-7.3992949472e-03	5.6586625320e-05	3.6647741244e-05
4.3100000000e+02	1.6969604743e-02	-7.4559241555e-03	5.6671760786e-05	3.6653857411e-05
4.3200000000e+02	1.7006261642e-02	-7.5126384077e-03	5.6756713077e-05	3.6659932588e-05
4.3300000000e+02	1.7042924595e-02	-7.5694375209e-03	5.6841482947e-05	3.6665967136e-05
4.3400000000e+02	1.7079593563e-02	-7.6263213130e-03	5.6926071142e-05	3.6671961415e-05
4.3500000000e+02	1.7116268505e-02	-7.6832896028e-03	5.7010478408e-05	3.6677915778e-05
4.3600000000e+02	1.7152949381e-02	-7.7403422098e-03	5.7094705483e-05	3.6683830576e-05
4.3700000000e+02	1.7189636153e-02	-7.7974789540e-03	5.7178753104e-05	3.6689706156e-05
4.3800000000e+02	1.7226328780e-02	-7.8546996564e-03	5.7262622002e-05	3.6695542860e-05
4.3900000000e+02	1.7263027225e-02	-7.9120041387e-03	5.7346312902e-05	3.6701341028e-05
4.4000000000e+02	1.7299731450e-02	-7.9693922231e-03	5.7429826529e-05	3.6707100996e-05
4.4100000000e+02	1.7336441415e-02	-8.0268637329e-03	5.7513163600e-05	3.6712823095e-05
4.4200000000e+02	1.7373157083e-02	-8.0844184917e-03	5.7596324830e-05	3.6718507653e-05
4.4300000000e+02	1.7409878418e-02	-8.1420563242e-03	5.7679310930e-05	3.6724154996e-05
4.4400000000e+02	1.7446605381e-02	-8.1997770554e-03	5.7762122605e-05	3.6729765445e-05
4.4500000000e+02	1.7483337936e-02	-8.2575805115e-03	5.7844760557e-05	3.6735339318e-05
4.4600000000e+02	1.7520076048e-02	-8.3154665189e-03	5.7927225485e-05	3.6740876929e-05
4.4700000000e+02	1.7556819678e-02	-8.3734349050e-03	5.8009518083e-05	3.6746378590e-05
4.4800000000e+02	1.7593568793e-02	-8.4314854978e-03	5.8091639042e-05	3.6751844609e-05
4.4900000000e+02	1.7630323356e-02	-8.4896181261e-03	5.8173589046e-05	3.6757275290e-05
4.5000000000e+02	1.7667083332e-02	-8.5478326192e-03	5.8255368780e-05	3.6762670934e-05
4.5100000000e+02	1.7703848686e-02	-8.6061288071e-03	5.8336978921e-05	3.6768031840e-05
4.5200000000e+02	1.7740619384e-02	-8.6645065207e-03	5.8418420143e-05	3.6773358304e-05
4.5300000000e+02	1.7777395391e-02	-8.7229655913e-03	5.8499693118e-05	3.6778650616e-05
4.5400000000e+02	1.7814176674e-02	-8.7815058511e-03	5.8580798513e-05	3.6783909066e-05
4.5500000000e+02	1.7850963198e-02	-8.8401271327e-03	5.8661736991e-05	3.6789133941e-05
4.5600000000e+02	1.7887754931e-02	-8.8988292696e-03	5.8742509211e-05	3.6794325522e-05
4.5700000000e+02	1.7924551838e-02	-8.9576120959e-03	5.8823115830e-05	3.6799484090e-05
4.5800000000e+02	1.7961353888e-02	-9.0164754463e-03	5.8903557498e-05	3.6804609922e-05
4.5900000000e+02	1.7998161047e-02	-9.0754191562e-03	5.8983834866e-05	3.6809703292e-05
4.6000000000e+02	1.8034973284e-02	-9.1344430615e-03	5.9063948577e-05	3.6814764472e-05
4.6100000000e+02	1.8071790566e-02	-9.1935469990e-03	5.9143899272e-05	3.6819793730e-05
4.6200000000e+02	1.8108612861e-02	-9.2527308059e-03	5.9223687590e-05	3.6824791332e-05
4.6300000000e+02	1.8145440138e-02	-9.3119943202e-03	5.9303314164e-05	3.6829757540e-05
4.6400000000e+02	1.8182272365e-02	-9.3713373805e-03	5.9382779625e-05	3.6834692616e-05
4.6500000000e+02	1.8219109513e-02	-9.4307598260e-03	5.9462084599e-05	3.6839596817e-05
4.6600000000e+02	1.8255951549e-02	-9.4902614964e-03	5.9541229711e-05	3.6844470398e-05
4.6700000000e+02	1.8292798443e-02	-9.5498422323e-03	5.9620215580e-05	3.6849313611e-05
4.6800000000e+02	1.8329650166e-02	-9.6095018747e-03	5.9699042822e-05	3.6854126706e-05
4.6900000000e+02	1.8366506687e-02	-9.6692402653e-03	5.9777712051e-05	3.6858909931e-05
4.7000000000e+02	1.8403367976e-02	-9.7290572464e-03	5.9856223877e-05	3.6863663531e-05
4.7100000000e+02	1.8440234004e-02	-9.7889526608e-03	5.9934578906e-05	3.6868387747e-05
4.7200000000e+02	1.8477104742e-02	-9.8489263521e-03	6.0012777741e-05	3.6873082819e-05
4.7300000000e+02	1.8513980160e-02	-9.9089781644e-03	6.0090820982e-05	3.6877748986e-05
4.7400000000e+02	1.8550860230e-02	-9.9691079424e-03	6.0168709225e-05	3.6882386481e-05
4.7500000000e+02	1.8587744924e-02	-1.0029315531e-02	6.0246443063e-05	3.6886995539e-05
4.7600000000e+02	1.8624634212e-02	-1.0089600777e-02	6.0324023086e-05	3.6891576388e-05
4.7700000000e+02	1.8661528067e-02	-1.0149963526e-02	6.0401449882e-05	3.6896129257e-05
4.7800000000e+02	1.8698426461e-02	-1.0210403626e-02	6.0478724032e-05	3.6900654372e-05
4.7900000000e+02	1.8735329367e-02	-1.0270920924e-02	6.0555846118e-05	3.6905151956e-05
4.8000000000e+02	1.8772236756e-02	-1.0331515268e-02	6.0632816716e-05	3.6909622231e-05
4.8100000000e+02	1.8809148602e-02	-1.0392186507e-02	6.0709636401e-05	3.6914065415e-05
4.8200000000e+02	1.8846064878e-02	-1.0452934491e-02	6.0786305744e-05	3.6918481726e-05
4.8300000000e+02	1.8882985557e-02	-1.0513759069e-02	6.0862825311e-05	3.6922871378e-05
4.8400000000e+02	1.8919910612e-02	-1.0574660091e-02	6.0939195668e-05	3.6927234584e-05
4.8500000000e+02	1.8956840017e-02	-1.0635637410e-02	6.1015417376e-05	3.6931571554e-05
4.8600000000e+02	1.8993773746e-02	-1.0696690877e-02	6.1091490994e-05	3.6935882497e-05
4.8700000000e+02	1.9030711773e-02	-1.0757820343e-02	6.1167417077e-05	3.6940167620e-05
4.8800000000e+02	1.9067654073e-02	-1.0819025662e-02	6.1243196178e-05	3.6944427125e-05
4.8900000000e+02	1.9104600619e-02	-1.0880306687e-02	6.1318828846e-05	3.6948661217e-05
4.9000000000e+02	1.9141551387e-02	-1.0941663271e-02	6.1394315629e-05	3.6952870095e-05
4.9100000000e+02	1.9178506351e-02	-1.1003095270e-02	6.1469657068e-05	3.6957053957e-05
4.9200000000e+02	1.9215465487e-02	-1.1064602537e-02	6.1544853706e-05	3.6961213001e-05
4.9300000000e+02	1.9252428769e-02	-1.1126184929e-02	6.1619906080e-05	3.6965347420e-05
4.9400000000e+02	1.9289396173e-02	-1.1187842301e-02	6.1694814726e-05	3.6969457408e-05
4.9500000000e+02	1.9326367676e-02	-1.1249574511e-02	6.1769580174e-05	3.6973543154e-05
4.9600000000e+02	1.9363343252e-02	-1.1311381414e-02	6.1844202955e-05	3.6977604850e-05
4.9700000000e+02	1.9400322877e-02	-1.1373262869e-02	6.1918683594e-05	3.6981642680e-05
4.9800000000e+02	1.9437306529e-02	-1.1435218734e-02	6.1993022616e-05	3.6985656831e-05
4.9900000000e+02	1.9474294183e-02	-1.1497248867e-02	6.2067220542e-05	3.6989647486e-05
5.0000000000e+02	1.9511285816e-02	-1.1559353128e-02	6.2141277889e-05	3.6993614828e-05
5.0100000000e+02	1.9548281405e-02	-1.1621531376e-02	6.2215195173e-05	3.6997559035e-05
5.0200000000e+02	1.9585280927e-02	-1.1683783472e-02	6.2288972906e-05	3.7001480287e-05
5.0300000000e+02	1.9622284358e-02	-1.1746109276e-02	6.2362611598e-05	3.7005378760e-05
5.0400000000e+02	1.9659291677e-02	-1.1808508649e-02	6.2436111757e-05	3.7009254628e-05
5.0500000000e+02	1.9696302860e-02	-1.1870981453e-02	6.2509473888e-05	3.7013108066e-05
5.0600000000e+02	1.9733317885e-02	-1.1933527551e-02	6.2582698491e-05	3.7016939245e-05
5.0700000000e+02	1.9770336731e-02	-1.1996146805e-02	6.2655786066e-05	3.7020748335e-05
5.0800000000e+02	1.9807359375e-02	-1.2058839078e-02	6.2728737111e-05	3.7024535504e-05
5.0900000000e+02	1.9844385795e-02	-1.2121604234e-02	6.2801552118e-05	3.7028300919e-05
5.1000000000e+02	1.9881415969e-02	-1.2184442137e-02	6.2874231580e-05	3.7032044746e-05
5.1100000000e+02	1.9918449877e-02	-1.2247352652e-02	6.2946775986e-05	3.7035767147e-05
5.1200000000e+02	1.9955487497e-02	-1.2310335644e-02	6.3019185821e-05	3.7039468285e-05
5.1300000000e+02	1.9992528807e-02	-1.2373390979e-02	6.3091461570e-05	3.7043148322e-05
5.1400000000e+02	2.0029573786e-02	-1.2436518522e-02	6.3163603713e-05	3.7046807415e-05
5.1500000000e+02	2.0066622415e-02	-1.2499718142e-02	6.3235612730e-05	3.7050445722e-05
5.1600000000e+02	2.0103674671e-02	-1.2562989704e-02	6.3307489098e-05	3.7054063400e-05
5.1700000000e+02	2.0140730535e-02	-1.2626333076e-02	6.3379233289e-05	3.7057660603e-05
5.1800000000e+02	2.0177789985e-02	-1.2689748126e-02	6.3450845775e-05	3.7061237485e-05
5.1900000000e+02	2.0214853003e-02	-1.2753234724e-02	6.3522327026e-05	3.7064794198e-05
5.2000000000e+02	2.0251919567e-02	-1.2816792737e-02	6.3593677507e-05	3.7068330891e-05
5.2100000000e+02	2.0288989658e-02	-1.2880422035e-02	6.3664897683e-05	3.7071847714e-05
5.2200000000e+02	2.0326063256e-02	-1.2944122489e-02	6.3735988017e-05	3.7075344815e-05
5.2300000000e+02	2.0363140341e-02	-1.3007893968e-02	6.3806948966e-05	3.7078822339e-05
5.2400000000e+02	2.0400220894e-02	-1.3071736344e-02	6.3877780988e-05	3.7082280432e-05
5.2500000000e+02	2.0437304895e-02	-1.3135649487e-02	6.3948484538e-05	3.7085719238e-05
5.2600000000e+02	2.0474392326e-02	-1.3199633270e-02	6.4019060069e-05	3.7089138899e-05
5.2700000000e+02	2.0511483167e-02	-1.3263687565e-02	6.4089508030e-05	3.7092539555e-05
5.2800000000e+02	2.0548577399e-02	-1.3327812244e-02	6.4159828869e-05	3.7095921347e-05
5.2900000000e+02	2.0585675003e-02	-1.3392007180e-02	6.4230023032e-05	3.7099284412e-05
5.3000000000e+02	2.0622775962e-02	-1.3456272248e-02	6.4300090961e-05	3.7102628889e-05
5.3100000000e+02	2.0659880255e-02	-1.3520607320e-02	6.4370033099e-05	3.7105954913e-05
5.3200000000e+02	2.0696987865e-02	-1.3585012272e-02	6.4439849883e-05	3.7109262618e-05
5.3300000000e+02	2.0734098774e-02	-1.3649486978e-02	6.4509541750e-05	3.7112552139e-05
5.3400000000e+02	2.0771212964e-02	-1.3714031314e-02	6.4579109135e-05	3.7115823608e-05
5.3500000000e+02	2.0808330415e-02	-1.3778645155e-02	6.4648552469e-05	3.7119077155e-05
5.3600000000e+02	2.0845451112e-02	-1.3843328378e-02	6.4717872183e-05	3.7122312910e-05
5.3700000000e+02	2.0882575035e-02	-1.3908080859e-02	6.4787068704e-05	3.7125531003e-05
5.3800000000e+02	2.0919702168e-02	-1.3972902474e-02	6.4856142458e-05	3.7128731561e-05
5.3900000000e+02	2.0956832493e-02	-1.4037793103e-02	6.4925093869e-05	3.7131914710e-05
5.4000000000e+02	2.0993965992e-02	-1.4102752622e-02	6.4993923358e-05	3.7135080576e-05
5.4100000000e+02	2.1031102648e-02	-1.4167780909e-02	6.5062631344e-05	3.7138229282e-05
5.4200000000e+02	2.1068242445e-02	-1.4232877844e-02	6.5131218245e-05	3.7141360952e-05
5.4300000000e+02	2.1105385364e-02	-1.4298043305e-02	6.5199684475e-05	3.7144475709e-05
5.4400000000e+02	2.1142531390e-02	-1.4363277173e-02	6.5268030447e-05	3.7147573672e-05
5.4500000000e+02	2.1179680506e-02	-1.4428579326e-02	6.5336256573e-05	3.7150654961e-05
5.4600000000e+02	2.1216832695e-02	-1.4493949646e-02	6.5404363262e-05	3.7153719696e-05
5.4700000000e+02	2.1253987940e-02	-1.4559388013e-02	6.5472350920e-05	3.7156767994e-05
5.4800000000e+02	2.1291146225e-02	-1.4624894308e-02	6.5540219952e-05	3.7159799972e-05
5.4900000000e+02	2.1328307535e-02	-1.4690468414e-02	6.5607970762e-05	3.7162815746e-05
5.5000000000e+02	2.1365471852e-02	-1.4756110211e-02	6.5675603749e-05	3.7165815429e-05
5.5100000000e+02	2.1402639160e-02	-1.4821819582e-02	6.5743119314e-05	3.7168799137e-05
5.5200000000e+02	2.1439809445e-02	-1.4887596410e-02	6.5810517853e-05	3.7171766980e-05
5.5300000000e+02	2.1476982689e-02	-1.4953440579e-02	6.5877799761e-05	3.7174719072e-05
5.5400000000e+02	2.1514158877e-02	-1.5019351971e-02	6.5944965431e-05	3.7177655522e-05
5.5500000000e+02	2.1551337995e-02	-1.5085330471e-02	6.6012015254e-05	3.7180576441e-05
5.5600000000e+02	2.1588520025e-02	-1.5151375963e-02	6.6078949619e-05	3.7183481937e-05
5.5700000000e+02	2.1625704953e-02	-1.5217488332e-02	6.6145768915e-05	3.7186372118e-05
5.5800000000e+02	2.1662892764e-02	-1.5283667463e-02	6.6212473525e-05	3.7189247090e-05
5.5900000000e+02	2.1700083443e-02	-1.5349913241e-02	6.6279063835e-05	3.7192106961e-05
5.6000000000e+02	2.1737276973e-02	-1.5416225552e-02	6.6345540224e-05	3.7194951834e-05
5.6100000000e+02	2.1774473341e-02	-1.5482604283e-02	6.6411903075e-05	3.7197781815e-05
5.6200000000e+02	2.1811672532e-02	-1.5549049321e-02	6.6478152763e-05	3.7200597005e-05
5.6300000000e+02	2.1848874530e-02	-1.5615560551e-02	6.6544289666e-05	3.7203397508e-05
5.6400000000e+02	2.1886079322e-02	-1.5682137863e-02	6.6610314157e-05	3.7206183426e-05
5.6500000000e+02	2.1923286892e-02	-1.5748781142e-02	6.6676226610e-05	3.7208954857e-05
5.6600000000e+02	2.1960497227e-02	-1.5815490279e-02	6.6742027395e-05	3.7211711903e-05
5.6700000000e+02	2.1997710312e-02	-1.5882265160e-02	6.6807716881e-05	3.7214454663e-05
5.6800000000e+02	2.2034926132e-02	-1.5949105675e-02	6.6873295435e-05	3.7217183233e-05
5.6900000000e+02	2.2072144673e-02	-1.6016011714e-02	6.6938763422e-05	3.7219897712e-05
5.7000000000e+02	2.2109365922e-02	-1.6082983166e-02	6.7004121207e-05	3.7222598196e-05
5.7100000000e+02	2.2146589865e-02	-1.6150019920e-02	6.7069369150e-05	3.7225284780e-05
5.7200000000e+02	2.2183816487e-02	-1.6217121867e-02	6.7134507613e-05	3.7227957559e-05
5.7300000000e+02	2.2221045776e-02	-1.6284288899e-02	6.7199536953e-05	3.7230616628e-05
5.7400000000e+02	2.2258277716e-02	-1.6351520905e-02	6.7264457528e-05	3.7233262079e-05
5.7500000000e+02	2.2295512295e-02	-1.6418817778e-02	6.7329269692e-05	3.7235894004e-05
5.7600000000e+02	2.2332749500e-02	-1.6486179408e-02	6.7393973799e-05	3.7238512495e-05
5.7700000000e+02	2.2369989316e-02	-1.6553605689e-02	6.7458570200e-05	3.7241117644e-05
5.7800000000e+02	2.2407231730e-02	-1.6621096513e-02	6.7523059245e-05	3.7243709539e-05
5.7900000000e+02	2.2444476730e-02	-1.6688651772e-02	6.7587441283e-05	3.7246288271e-05
5.8000000000e+02	2.2481724303e-02	-1.6756271360e-02	6.7651716660e-05	3.7248853928e-05
5.8100000000e+02	2.2518974434e-02	-1.6823955170e-02	6.7715885721e-05	3.7251406597e-05
5.8200000000e+02	2.2556227112e-02	-1.6891703096e-02	6.7779948810e-05	3.7253946366e-05
5.8300000000e+02	2.2593482322e-02	-1.6959515032e-02	6.7843906269e-05	3.7256473322e-05
5.8400000000e+02	2.2630740054e-02	-1.7027390874e-02	6.7907758438e-05	3.7258987549e-05
5.8500000000e+02	2.2668000293e-02	-1.7095330514e-02	6.7971505654e-05	3.7261489133e-05
5.8600000000e+02	2.2705263028e-02	-1.7163333850e-02	6.8035148256e-05	3.7263978158e-05
5.8700000000e+02	2.2742528246e-02	-1.7231400776e-02	6.8098686579e-05	3.7266454707e-05
5.8800000000e+02	2.2779795933e-02	-1.7299531189e-02	6.8162120956e-05	3.7268918864e-05
5.8900000000e+02	2.2817066079e-02	-1.7367724983e-02	6.8225451719e-05	3.7271370710e-05
5.9000000000e+02	2.2854338671e-02	-1.7435982058e-02	6.8288679200e-05	3.7273810328e-05
5.9100000000e+02	2.2891613696e-02	-1.7504302308e-02	6.8351803728e-05	3.7276237796e-05
5.9200000000e+02	2.2928891142e-02	-1.7572685631e-02	6.8414825630e-05	3.7278653197e-05
5.9300000000e+02	2.2966170998e-02	-1.7641131925e-02	6.8477745232e-05	3.7281056610e-05
5.9400000000e+02	2.3003453251e-02	-1.7709641087e-02	6.8540562860e-05	3.7283448112e-05
5.9500000000e+02	2.3040737890e-02	-1.7778213017e-02	6.8603278835e-05	3.7285827783e-05
5.9600000000e+02	2.3078024903e-02	-1.7846847611e-02	6.8665893480e-05	3.7288195700e-05
5.9700000000e+02	2.3115314278e-02	-1.7915544770e-02	6.8728407115e-05	3.7290551940e-05
5.9800000000e+02	2.3152606003e-02	-1.7984304392e-02	6.8790820058e-05	3.7292896579e-05
5.9900000000e+02	2.3189900067e-02	-1.8053126377e-02	6.8853132627e-05	3.7295229693e-05
6.0000000000e+02	2.3227196459e-02	-1.8122010624e-02	6.8915345137e-05	3.7297551357e-05
6.0100000000e+02	2.3264495166e-02	-1.8190957034e-02	6.8977457903e-05	3.7299861645e-05
6.0200000000e+02	2.3301796178e-02	-1.8259965506e-02	6.9039471237e-05	3.7302160632e-05
6.0300000000e+02	2.3339099484e-02	-1.8329035943e-02	6.9101385450e-05	3.7304448390e-05
6.0400000000e+02	2.3376405071e-02	-1.8398168244e-02	6.9163200854e-05	3.7306724992e-05
6.0500000000e+02	2.3413712930e-02	-1.8467362312e-02	6.9224917755e-05	3.7308990511e-05
6.0600000000e+02	2.3451023049e-02	-1.8536618047e-02	6.9286536462e-05	3.7311245017e-05
6.0700000000e+02	2.3488335416e-02	-1.8605935352e-02	6.9348057279e-05	3.7313488583e-05
6.0800000000e+02	2.3525650022e-02	-1.8675314129e-02	6.9409480512e-05	3.7315721277e-05
6.0900000000e+02	2.3562966855e-02	-1.8744754281e-02	6.9470806463e-05	3.7317943170e-05
6.1000000000e+02	2.3600285905e-02	-1.8814255710e-02	6.9532035434e-05	3.7320154332e-05
6.1100000000e+02	2.3637607160e-02	-1.8883818319e-02	6.9593167725e-05	3.7322354830e-05
6.1200000000e+02	2.3674930611e-02	-1.8953442013e-02	6.9654203634e-05	3.7324544734e-05
6.1300000000e+02	2.3712256246e-02	-1.9023126695e-02	6.9715143460e-05	3.7326724110e-05
6.1400000000e+02	2.3749584056e-02	-1.9092872268e-02	6.9775987498e-05	3.7328893026e-05
6.1500000000e+02	2.3786914029e-02	-1.9162678638e-02	6.9836736043e-05	3.7331051548e-05
6.1600000000e+02	2.3824246155e-02	-1.9232545708e-02	6.9897389389e-05	3.7333199742e-05
6.1700000000e+02	2.3861580425e-02	-1.9302473385e-02	6.9957947828e-05	3.7335337674e-05
6.1800000000e+02	2.3898916827e-02	-1.9372461573e-02	7.0018411650e-05	3.7337465409e-05
6.1900000000e+02	2.3936255352e-02	-1.9442510177e-02	7.0078781146e-05	3.7339583011e-05
6.2000000000e+02	2.3973595990e-02	-1.9512619103e-02	7.0139056603e-05	3.7341690545e-05
6.2100000000e+02	2.4010938730e-02	-1.9582788259e-02	7.0199238308e-05	3.7343788073e-05
6.2200000000e+02	2.4048283563e-02	-1.9653017549e-02	7.0259326546e-05	3.7345875658e-05
6.2300000000e+02	2.4085630478e-02	-1.9723306881e-02	7.0319321604e-05	3.7347953364e-05
6.2400000000e+02	2.4122979466e-02	-1.9793656161e-02	7.0379223762e-05	3.7350021252e-05
6.2500000000e+02	2.4160330518e-02	-1.9864065297e-02	7.0439033304e-05	3.7352079383e-05
6.2600000000e+02	2.4197683622e-02	-1.9934534197e-02	7.0498750509e-05	3.7354127819e-05
6.2700000000e+02	2.4235038770e-02	-2.0005062768e-02	7.0558375658e-05	3.7356166620e-05
6.2800000000e+02	2.4272395952e-02	-2.0075650918e-02	7.0617909028e-05	3.7358195847e-05
6.2900000000e+02	2.4309755158e-02	-2.0146298555e-02	7.0677350896e-05	3.7360215558e-05
6.3000000000e+02	2.4347116380e-02	-2.0217005589e-02	7.0736701538e-05	3.7362225813e-05
6.3100000000e+02	2.4384479607e-02	-2.0287771928e-02	7.0795961228e-05	3.7364226671e-05
6.3200000000e+02	2.4421844830e-02	-2.0358597481e-02	7.0855130240e-05	3.7366218190e-05
6.3300000000e+02	2.4459212040e-02	-2.0429482158e-02	7.0914208845e-05	3.7368200427e-05
6.3400000000e+02	2.4496581228e-02	-2.0500425869e-02	7.0973197314e-05	3.7370173441e-05
6.3500000000e+02	2.4533952384e-02	-2.0571428523e-02	7.1032095917e-05	3.7372137288e-05
6.3600000000e+02	2.4571325499e-02	-2.0642490031e-02	7.1090904922e-05	3.7374092024e-05
6.3700000000e+02	2.4608700565e-02	-2.0713610303e-02	7.1149624597e-05	3.7376037705e-05
6.3800000000e+02	2.4646077572e-02	-2.0784789250e-02	7.1208255207e-05	3.7377974388e-05
6.3900000000e+02	2.4683456511e-02	-2.0856026784e-02	7.1266797019e-05	3.7379902127e-05
6.4000000000e+02	2.4720837373e-02	-2.0927322815e-02	7.1325250294e-05	3.7381820977e-05
6.4100000000e+02	2.4758220150e-02	-2.0998677255e-02	7.1383615296e-05	3.7383730992e-05
6.4200000000e+02	2.4795604832e-02	-2.1070090016e-02	7.1441892287e-05	3.7385632227e-05
6.4300000000e+02	2.4832991411e-02	-2.1141561010e-02	7.1500081527e-05	3.7387524734e-05
6.4400000000e+02	2.4870379879e-02	-2.1213090150e-02	7.1558183275e-05	3.7389408568e-05
6.4500000000e+02	2.4907770226e-02	-2.1284677348e-02	7.1616197789e-05	3.7391283780e-05
6.4600000000e+02	2.4945162444e-02	-2.1356322517e-02	7.1674125325e-05	3.7393150423e-05
6.4700000000e+02	2.4982556524e-02	-2.1428025570e-02	7.1731966141e-05	3.7395008549e-05
6.4800000000e+02	2.5019952458e-02	-2.1499786420e-02	7.1789720491e-05	3.7396858210e-05
6.4900000000e+02	2.5057350237e-02	-2.1571604982e-02	7.1847388627e-05	3.7398699456e-05
6.5000000000e+02	2.5094749854e-02	-2.1643481169e-02	7.1904970804e-05	3.7400532339e-05
6.5100000000e+02	2.5132151299e-02	-2.1715414895e-02	7.1962467272e-05	3.7402356909e-05
6.5200000000e+02	2.5169554565e-02	-2.1787406075e-02	7.2019878282e-05	3.7404173215e-05
6.5300000000e+02	2.5206959643e-02	-2.1859454623e-02	7.2077204083e-05	3.7405981308e-05
6.5400000000e+02	2.5244366525e-02	-2.1931560455e-02	7.2134444923e-05	3.7407781236e-05
6.5500000000e+02	2.5281775203e-02	-2.2003723485e-02	7.2191601049e-05	3.7409573049e-05
6.5600000000e+02	2.5319185668e-02	-2.2075943629e-02	7.2248672709e-05	3.7411356795e-05
6.5700000000e+02	2.5356597914e-02	-2.2148220802e-02	7.2305660146e-05	3.7413132522e-05
6.5800000000e+02	2.5394011931e-02	-2.2220554921e-02	7.2362563604e-05	3.7414900278e-05
6.5900000000e+02	2.5431427712e-02	-2.2292945901e-02	7.2419383328e-05	3.7416660111e-05
6.6000000000e+02	2.5468845248e-02	-2.2365393660e-02	7.2476119558e-05	3.7418412068e-05
6.6100000000e+02	2.5506264533e-02	-2.2437898113e-02	7.2532772535e-05	3.7420156195e-05
6.6200000000e+02	2.5543685558e-02	-2.2510459177e-02	7.2589342500e-05	3.7421892538e-05
6.6300000000e+02	2.5581108316e-02	-2.2583076770e-02	7.2645829692e-05	3.7423621145e-05
6.6400000000e+02	2.5618532798e-02	-2.2655750809e-02	7.2702234348e-05	3.7425342060e-05
6.6500000000e+02	2.5655958997e-02	-2.2728481211e-02	7.2758556705e-05	3.7427055329e-05
6.6600000000e+02	2.5693386906e-02	-2.2801267895e-02	7.2814796998e-05	3.7428760997e-05
6.6700000000e+02	2.5730816517e-02	-2.2874110778e-02	7.2870955464e-05	3.7430459109e-05
6.6800000000e+02	2.5768247822e-02	-2.2947009779e-02	7.2927032336e-05	3.7432149709e-05
6.6900000000e+02	2.5805680814e-02	-2.3019964816e-02	7.2983027846e-05	3.7433832842e-05
6.7000000000e+02	2.5843115485e-02	-2.3092975807e-02	7.3038942227e-05	3.7435508550e-05
6.7100000000e+02	2.5880551828e-02	-2.3166042673e-02	7.3094775710e-05	3.7437176878e-05
6.7200000000e+02	2.5917989836e-02	-2.3239165332e-02	7.3150528524e-05	3.7438837869e-05
6.7300000000e+02	2.5955429501e-02	-2.3312343703e-02	7.3206200899e-05	3.7440491565e-05
6.7400000000e+02	2.5992870817e-02	-2.3385577707e-02	7.3261793062e-05	3.7442138008e-05
6.7500000000e+02	2.6030313775e-02	-2.3458867263e-02	7.3317305241e-05	3.7443777242e-05
6.7600000000e+02	2.6067758369e-02	-2.3532212291e-02	7.3372737663e-05	3.7445409308e-05
6.7700000000e+02	2.6105204591e-02	-2.3605612712e-02	7.3428090551e-05	3.7447034247e-05
6.7800000000e+02	2.6142652435e-02	-2.3679068446e-02	7.3483364131e-05	3.7448652102e-05
6.7900000000e+02	2.6180101893e-02	-2.3752579414e-02	7.3538558626e-05	3.7450262912e-05
6.8000000000e+02	2.6217552959e-02	-2.3826145537e-02	7.3593674258e-05	3.7451866718e-05
6.8100000000e+02	2.6255005624e-02	-2.3899766736e-02	7.3648711248e-05	3.7453463562e-05
6.8200000000e+02	2.6292459883e-02	-2.3973442933e-02	7.3703669819e-05	3.7455053482e-05
6.8300000000e+02	2.6329915729e-02	-2.4047174049e-02	7.3758550188e-05	3.7456636520e-05
6.8400000000e+02	2.6367373154e-02	-2.4120960007e-02	7.3813352575e-05	3.7458212713e-05
6.8500000000e+02	2.6404832152e-02	-2.4194800729e-02	7.3868077198e-05	3.7459782103e-05
6.8600000000e+02	2.6442292716e-02	-2.4268696136e-02	7.3922724274e-05	3.7461344727e-05
6.8700000000e+02	2.6479754839e-02	-2.4342646151e-02	7.3977294019e-05	3.7462900624e-05
6.8800000000e+02	2.6517218515e-02	-2.4416650698e-02	7.4031786647e-05	3.7464449833e-05
6.8900000000e+02	2.6554683737e-02	-2.4490709699e-02	7.4086202374e-05	3.7465992392e-05
6.9000000000e+02	2.6592150498e-02	-2.4564823077e-02	7.4140541413e-05	3.7467528338e-05
6.9100000000e+02	2.6629618791e-02	-2.4638990756e-02	7.4194803976e-05	3.7469057710e-05
6.9200000000e+02	2.6667088611e-02	-2.4713212660e-02	7.4248990276e-05	3.7470580545e-05
6.9300000000e+02	2.6704559950e-02	-2.4787488712e-02	7.4303100522e-05	3.7472096879e-05
6.9400000000e+02	2.6742032803e-02	-2.4861818836e-02	7.4357134925e-05	3.7473606750e-05
6.9500000000e+02	2.6779507162e-02	-2.4936202956e-02	7.4411093695e-05	3.7475110194e-05
6.9600000000e+02	2.6816983021e-02	-2.5010640998e-02	7.4464977038e-05	3.7476607248e-05
6.9700000000e+02	2.6854460374e-02	-2.5085132885e-02	7.4518785164e-05	3.7478097947e-05
6.9800000000e+02	2.6891939215e-02	-2.5159678543e-02	7.4572518278e-05	3.7479582327e-05
6.9900000000e+02	2.6929419536e-02	-2.5234277897e-02	7.4626176586e-05	3.7481060424e-05
7.0000000000e+02	2.6966901333e-02	-2.5308930872e-02	7.4679760293e-05	3.7482532274e-05
7.0100000000e+02	2.7004384599e-02	-2.5383637393e-02	7.4733269603e-05	3.7483997910e-05
7.0200000000e+02	2.7041869327e-02	-2.5458397386e-02	7.4786704720e-05	3.7485457369e-05
7.0300000000e+02	2.7079355512e-02	-2.5533210777e-02	7.4840065845e-05	3.7486910684e-05
7.0400000000e+02	2.7116843146e-02	-2.5608077493e-02	7.4893353181e-05	3.7488357890e-05
7.0500000000e+02	2.7154332225e-02	-2.5682997459e-02	7.4946566929e-05	3.7489799020e-05
7.0600000000e+02	2.7191822742e-02	-2.5757970603e-02	7.4999707287e-05	3.7491234110e-05
7.0700000000e+02	2.7229314692e-02	-2.5832996849e-02	7.5052774457e-05	3.7492663192e-05
7.0800000000e+02	2.7266808067e-02	-2.5908076127e-02	7.5105768636e-05	3.7494086299e-05
7.0900000000e+02	2.7304302862e-02	-2.5983208362e-02	7.5158690021e-05	3.7495503466e-05
7.1000000000e+02	2.7341799072e-02	-2.6058393483e-02	7.5211538810e-05	3.7496914724e-05
7.1100000000e+02	2.7379296690e-02	-2.6133631416e-02	7.5264315198e-05	3.7498320107e-05
7.1200000000e+02	2.7416795710e-02	-2.6208922089e-02	7.5317019381e-05	3.7499719647e-05
7.1300000000e+02	2.7454296127e-02	-2.6284265431e-02	7.5369651554e-05	3.7501113376e-05
7.1400000000e+02	2.7491797935e-02	-2.6359661368e-02	7.5422211909e-05	3.7502501327e-05
7.1500000000e+02	2.7529301128e-02	-2.6435109831e-02	7.5474700641e-05	3.7503883530e-05
7.1600000000e+02	2.7566805700e-02	-2.6510610746e-02	7.5527117941e-05	3.7505260018e-05
7.1700000000e+02	2.7604311646e-02	-2.6586164043e-02	7.5579464001e-05	3.7506630822e-05
7.1800000000e+02	2.7641818960e-02	-2.6661769650e-02	7.5631739011e-05	3.7507995973e-05
7.1900000000e+02	2.7679327636e-02	-2.6737427497e-02	7.5683943162e-05	3.7509355503e-05
7.2000000000e+02	2.7716837669e-02	-2.6813137513e-02	7.5736076642e-05	3.7510709441e-05
7.2100000000e+02	2.7754349053e-02	-2.6888899627e-02	7.5788139639e-05	3.7512057818e-05
7.2200000000e+02	2.7791861783e-02	-2.6964713769e-02	7.5840132343e-05	3.7513400665e-05
7.2300000000e+02	2.7829375853e-02	-2.7040579868e-02	7.5892054939e-05	3.7514738012e-05
7.2400000000e+02	2.7866891257e-02	-2.7116497855e-02	7.5943907614e-05	3.7516069888e-05
7.2500000000e+02	2.7904407991e-02	-2.7192467660e-02	7.5995690553e-05	3.7517396324e-05
7.2600000000e+02	2.7941926048e-02	-2.7268489213e-02	7.6047403941e-05	3.7518717349e-05
7.2700000000e+02	2.7979445423e-02	-2.7344562445e-02	7.6099047962e-05	3.7520032992e-05
7.2800000000e+02	2.8016966112e-02	-2.7420687286e-02	7.6150622800e-05	3.7521343282e-05
7.2900000000e+02	2.8054488108e-02	-2.7496863668e-02	7.6202128636e-05	3.7522648248e-05
7.3000000000e+02	2.8092011407e-02	-2.7573091521e-02	7.6253565654e-05	3.7523947920e-05
7.3100000000e+02	2.8129536002e-02	-2.7649370776e-02	7.6304934033e-05	3.7525242324e-05
7.3200000000e+02	2.8167061890e-02	-2.7725701366e-02	7.6356233955e-05	3.7526531491e-05
7.3300000000e+02	2.8204589064e-02	-2.7802083221e-02	7.6407465600e-05	3.7527815447e-05
7.3400000000e+02	2.8242117519e-02	-2.7878516274e-02	7.6458629146e-05	3.7529094221e-05
7.3500000000e+02	2.8279647250e-02	-2.7955000457e-02	7.6509724772e-05	3.7530367841e-05
7.3600000000e+02	2.8317178253e-02	-2.8031535701e-02	7.6560752655e-05	3.7531636334e-05
7.3700000000e+02	2.8354710521e-02	-2.8108121940e-02	7.6611712973e-05	3.7532899727e-05
7.3800000000e+02	2.8392244051e-02	-2.8184759105e-02	7.6662605901e-05	3.7534158049e-05
7.3900000000e+02	2.8429778836e-02	-2.8261447129e-02	7.6713431617e-05	3.7535411325e-05
7.4000000000e+02	2.8467314872e-02	-2.8338185946e-02	7.6764190293e-05	3.7536659583e-05
7.4100000000e+02	2.8504852153e-02	-2.8414975487e-02	7.6814882106e-05	3.7537902849e-05
7.4200000000e+02	2.8542390676e-02	-2.8491815688e-02	7.6865507228e-05	3.7539141150e-05
7.4300000000e+02	2.8579930434e-02	-2.8568706480e-02	7.6916065832e-05	3.7540374512e-05
7.4400000000e+02	2.8617471423e-02	-2.8645647797e-02	7.6966558092e-05	3.7541602962e-05
7.4500000000e+02	2.8655013638e-02	-2.8722639574e-02	7.7016984177e-05	3.7542826525e-05
7.4600000000e+02	2.8692557074e-02	-2.8799681743e-02	7.7067344260e-05	3.7544045227e-05
7.4700000000e+02	2.8730101727e-02	-2.8876774240e-02	7.7117638510e-05	3.7545259094e-05
7.4800000000e+02	2.8767647591e-02	-2.8953916999e-02	7.7167867098e-05	3.7546468151e-05
7.4900000000e+02	2.8805194662e-02	-2.9031109953e-02	7.7218030193e-05	3.7547672423e-05
7.5000000000e+02	2.8842742934e-02	-2.9108353037e-02	7.7268127962e-05	3.7548871937e-05
7.5100000000e+02	2.8880292404e-02	-2.9185646187e-02	7.7318160574e-05	3.7550066716e-05
7.5200000000e+02	2.8917843066e-02	-2.9262989337e-02	7.7368128195e-05	3.7551256785e-05
7.5300000000e+02	2.8955394916e-02	-2.9340382422e-02	7.7418030993e-05	3.7552442170e-05
7.5400000000e+02	2.8992947949e-02	-2.9417825377e-02	7.7467869133e-05	3.7553622894e-05
7.5500000000e+02	2.9030502160e-02	-2.9495318138e-02	7.7517642780e-05	3.7554798982e-05
7.5600000000e+02	2.9068057545e-02	-2.9572860641e-02	7.7567352099e-05	3.7555970458e-05
7.5700000000e+02	2.9105614100e-02	-2.9650452821e-02	7.7616997253e-05	3.7557137346e-05
7.5800000000e+02	2.9143171818e-02	-2.9728094614e-02	7.7666578408e-05	3.7558299671e-05
7.5900000000e+02	2.9180730697e-02	-2.9805785957e-02	7.7716095724e-05	3.7559457455e-05
7.6000000000e+02	2.9218290732e-02	-2.9883526785e-02	7.7765549364e-05	3.7560610722e-05
7.6100000000e+02	2.9255851917e-02	-2.9961317034e-02	7.7814939490e-05	3.7561759496e-05
7.6200000000e+02	2.9293414249e-02	-3.0039156643e-02	7.7864266262e-05	3.7562903799e-05
7.6300000000e+02	2.9330977723e-02	-3.0117045546e-02	7.7913529842e-05	3.7564043656e-05
7.6400000000e+02	2.9368542335e-02	-3.0194983681e-02	7.7962730388e-05	3.7565179088e-05
7.6500000000e+02	2.9406108080e-02	-3.0272970986e-02	7.8011868060e-05	3.7566310120e-05
7.6600000000e+02	2.9443674954e-02	-3.0351007396e-02	7.8060943016e-05	3.7567436772e-05
7.6700000000e+02	2.9481242952e-02	-3.0429092851e-02	7.8109955415e-05	3.7568559069e-05
7.6800000000e+02	2.9518812071e-02	-3.0507227286e-02	7.8158905413e-05	3.7569677032e-05
7.6900000000e+02	2.9556382305e-02	-3.0585410641e-02	7.8207793168e-05	3.7570790683e-05
7.7000000000e+02	2.9593953651e-02	-3.0663642852e-02	7.8256618835e-05	3.7571900045e-05
7.7100000000e+02	2.9631526104e-02	-3.0741923858e-02	7.8305382570e-05	3.7573005139e-05
7.7200000000e+02	2.9669099659e-02	-3.0820253597e-02	7.8354084529e-05	3.7574105988e-05
7.7300000000e+02	2.9706674314e-02	-3.0898632006e-02	7.8402724865e-05	3.7575202612e-05
7.7400000000e+02	2.9744250063e-02	-3.0977059026e-02	7.8451303733e-05	3.7576295034e-05
7.7500000000e+02	2.9781826903e-02	-3.1055534593e-02	7.8499821286e-05	3.7577383275e-05
7.7600000000e+02	2.9819404828e-02	-3.1134058648e-02	7.8548277676e-05	3.7578467356e-05
7.7700000000e+02	2.9856983836e-02	-3.1212631128e-02	7.8596673056e-05	3.7579547299e-05
7.7800000000e+02	2.9894563922e-02	-3.1291251974e-02	7.8645007578e-05	3.7580623123e-05
7.7900000000e+02	2.9932145081e-02	-3.1369921123e-02	7.8693281392e-05	3.7581694851e-05
7.8000000000e+02	2.9969727310e-02	-3.1448638516e-02	7.8741494649e-05	3.7582762502e-05
7.8100000000e+02	3.0007310605e-02	-3.1527404093e-02	7.8789647500e-05	3.7583826098e-05
7.8200000000e+02	3.0044894961e-02	-3.1606217791e-02	7.8837740092e-05	3.7584885659e-05
7.8300000000e+02	3.0082480375e-02	-3.1685079553e-02	7.8885772576e-05	3.7585941204e-05
7.8400000000e+02	3.0120066842e-02	-3.1763989317e-02	7.8933745100e-05	3.7586992756e-05
7.8500000000e+02	3.0157654359e-02	-3.1842947023e-02	7.8981657811e-05	3.7588040332e-05
7.8600000000e+02	3.0195242921e-02	-3.1921952612e-02	7.9029510857e-05	3.7589083954e-05
7.8700000000e+02	3.0232832525e-02	-3.2001006025e-02	7.9077304384e-05	3.7590123642e-05
7.8800000000e+02	3.0270423167e-02	-3.2080107201e-02	7.9125038539e-05	3.7591159414e-05
7.8900000000e+02	3.0308014843e-02	-3.2159256082e-02	7.9172713467e-05	3.7592191291e-05
7.9000000000e+02	3.0345607549e-02	-3.2238452609e-02	7.9220329313e-05	3.7593219291e-05
7.9100000000e+02	3.0383201280e-02	-3.2317696721e-02	7.9267886222e-05	3.7594243436e-05
7.9200000000e+02	3.0420796034e-02	-3.2396988361e-02	7.9315384338e-05	3.7595263742e-05
7.9300000000e+02	3.0458391806e-02	-3.2476327470e-02	7.9362823804e-05	3.7596280230e-05
7.9400000000e+02	3.0495988593e-02	-3.2555713989e-02	7.9410204764e-05	3.7597292919e-05
7.9500000000e+02	3.0533586391e-02	-3.2635147860e-02	7.9457527360e-05	3.7598301828e-05
7.9600000000e+02	3.0571185196e-02	-3.2714629025e-02	7.9504791734e-05	3.7599306974e-05
7.9700000000e+02	3.0608785004e-02	-3.2794157424e-02	7.9551998028e-05	3.7600308378e-05
7.9800000000e+02	3.0646385811e-02	-3.2873733002e-02	7.9599146382e-05	3.7601306057e-05
7.9900000000e+02	3.0683987615e-02	-3.2953355698e-02	7.9646236937e-05	3.7602300029e-05
8.0000000000e+02	3.0721590410e-02	-3.3033025456e-02	7.9693269833e-05	3.7603290314e-05
8.0100000000e+02	3.0759194194e-02	-3.3112742218e-02	7.9740245209e-05	3.7604276929e-05
8.0200000000e+02	3.0796798963e-02	-3.3192505927e-02	7.9787163205e-05	3.7605259892e-05
8.0300000000e+02	3.0834404713e-02	-3.3272316526e-02	7.9834023958e-05	3.7606239222e-05
8.0400000000e+02	3.0872011440e-02	-3.3352173956e-02	7.9880827607e-05	3.7607214935e-05
8.0500000000e+02	3.0909619141e-02	-3.3432078162e-02	7.9927574290e-05	3.7608187051e-05
8.0600000000e+02	3.0947227813e-02	-3.3512029086e-02	7.9974264143e-05	3.7609155586e-05
8.0700000000e+02	3.0984837451e-02	-3.3592026671e-02	8.0020897302e-05	3.7610120557e-05
8.0800000000e+02	3.1022448053e-02	-3.3672070862e-02	8.0067473904e-05	3.7611081984e-05
8.0900000000e+02	3.1060059614e-02	-3.3752161600e-02	8.0113994085e-05	3.7612039882e-05
8.1000000000e+02	3.1097672131e-02	-3.3832298831e-02	8.0160457978e-05	3.7612994268e-05
8.1100000000e+02	3.1135285601e-02	-3.3912482498e-02	8.0206865720e-05	3.7613945161e-05
8.1200000000e+02	3.1172900021e-02	-3.3992712544e-02	8.0253217444e-05	3.7614892577e-05
8.1300000000e+02	3.1210515385e-02	-3.4072988914e-02	8.0299513283e-05	3.7615836533e-05
8.1400000000e+02	3.1248131693e-02	-3.4153311552e-02	8.0345753371e-05	3.7616777045e-05
8.1500000000e+02	3.1285748938e-02	-3.4233680402e-02	8.0391937841e-05	3.7617714131e-05
8.1600000000e+02	3.1323367120e-02	-3.4314095409e-02	8.0438066824e-05	3.7618647807e-05
8.1700000000e+02	3.1360986233e-02	-3.4394556517e-02	8.0484140453e-05	3.7619578089e-05
8.1800000000e+02	3.1398606275e-02	-3.4475063672e-02	8.0530158859e-05	3.7620504994e-05
8.1900000000e+02	3.1436227242e-02	-3.4555616817e-02	8.0576122171e-05	3.7621428538e-05
8.2000000000e+02	3.1473849131e-02	-3.4636215898e-02	8.0622030522e-05	3.7622348737e-05
8.2100000000e+02	3.1511471938e-02	-3.4716860859e-02	8.0667884041e-05	3.7623265608e-05
8.2200000000e+02	3.1549095661e-02	-3.4797551647e-02	8.0713682857e-05	3.7624179166e-05
8.2300000000e+02	3.1586720295e-02	-3.4878288207e-02	8.0759427099e-05	3.7625089427e-05
8.2400000000e+02	3.1624345839e-02	-3.4959070483e-02	8.0805116896e-05	3.7625996407e-05
8.2500000000e+02	3.1661972287e-02	-3.5039898423e-02	8.0850752375e-05	3.7626900123e-05
8.2600000000e+02	3.1699599638e-02	-3.5120771970e-02	8.0896333666e-05	3.7627800588e-05
8.2700000000e+02	3.1737227887e-02	-3.5201691072e-02	8.0941860894e-05	3.7628697820e-05
8.2800000000e+02	3.1774857032e-02	-3.5282655674e-02	8.0987334186e-05	3.7629591833e-05
8.2900000000e+02	3.1812487070e-02	-3.5363665722e-02	8.1032753670e-05	3.7630482642e-05
8.3000000000e+02	3.1850117996e-02	-3.5444721163e-02	8.1078119470e-05	3.7631370264e-05
8.3100000000e+02	3.1887749809e-02	-3.5525821943e-02	8.1123431712e-05	3.7632254712e-05
8.3200000000e+02	3.1925382505e-02	-3.5606968009e-02	8.1168690521e-05	3.7633136003e-05
8.3300000000e+02	3.1963016080e-02	-3.5688159307e-02	8.1213896023e-05	3.7634014151e-05
8.3400000000e+02	3.2000650532e-02	-3.5769395783e-02	8.1259048340e-05	3.7634889171e-05
8.3500000000e+02	3.2038285857e-02	-3.5850677386e-02	8.1304147597e-05	3.7635761078e-05
8.3600000000e+02	3.2075922053e-02	-3.5932004061e-02	8.1349193916e-05	3.7636629887e-05
8.3700000000e+02	3.2113559116e-02	-3.6013375756e-02	8.1394187422e-05	3.7637495611e-05
8.3800000000e+02	3.2151197043e-02	-3.6094792418e-02	8.1439128236e-05	3.7638358267e-05
8.3900000000e+02	3.2188835832e-02	-3.6176253995e-02	8.1484016480e-05	3.7639217868e-05
8.4000000000e+02	3.2226475478e-02	-3.6257760434e-02	8.1528852276e-05	3.7640074428e-05
8.4100000000e+02	3.2264115980e-02	-3.6339311682e-02	8.1573635745e-05	3.7640927962e-05
8.4200000000e+02	3.2301757333e-02	-3.6420907688e-02	8.1618367008e-05	3.7641778484e-05
8.4300000000e+02	3.2339399536e-02	-3.6502548399e-02	8.1663046185e-05	3.7642626008e-05
8.4400000000e+02	3.2377042584e-02	-3.6584233763e-02	8.1707673397e-05	3.7643470549e-05
8.4500000000e+02	3.2414686476e-02	-3.6665963728e-02	8.1752248762e-05	3.7644312120e-05
8.4600000000e+02	3.2452331207e-02	-3.6747738243e-02	8.1796772400e-05	3.7645150735e-05
8.4700000000e+02	3.2489976776e-02	-3.6829557256e-02	8.1841244430e-05	3.7645986407e-05
8.4800000000e+02	3.2527623179e-02	-3.6911420715e-02	8.1885664969e-05	3.7646819152e-05
8.4900000000e+02	3.2565270413e-02	-3.6993328569e-02	8.1930034137e-05	3.7647648981e-05
8.5000000000e+02	3.2602918476e-02	-3.7075280766e-02	8.1974352050e-05	3.7648475909e-05
8.5100000000e+02	3.2640567364e-02	-3.7157277256e-02	8.2018618825e-05	3.7649299950e-05
8.5200000000e+02	3.2678217075e-02	-3.7239317987e-02	8.2062834579e-05	3.7650121116e-05
8.5300000000e+02	3.2715867606e-02	-3.7321402908e-02	8.2106999430e-05	3.7650939421e-05
8.5400000000e+02	3.2753518953e-02	-3.7403531969e-02	8.2151113491e-05	3.7651754879e-05
8.5500000000e+02	3.2791171114e-02	-3.7485705118e-02	8.2195176880e-05	3.7652567501e-05
8.5600000000e+02	3.2828824087e-02	-3.7567922305e-02	8.2239189711e-05	3.7653377303e-05
8.5700000000e+02	3.2866477868e-02	-3.7650183481e-02	8.2283152099e-05	3.7654184295e-05
8.5800000000e+02	3.2904132455e-02	-3.7732488593e-02	8.2327064158e-05	3.7654988493e-05
8.5900000000e+02	3.2941787844e-02	-3.7814837592e-02	8.2370926003e-05	3.7655789907e-05
8.6000000000e+02	3.2979444034e-02	-3.7897230428e-02	8.2414737746e-05	3.7656588552e-05
8.6100000000e+02	3.3017101020e-02	-3.7979667051e-02	8.2458499502e-05	3.7657384439e-05
8.6200000000e+02	3.3054758802e-02	-3.8062147411e-02	8.2502211383e-05	3.7658177582e-05
8.6300000000e+02	3.3092417375e-02	-3.8144671457e-02	8.2545873501e-05	3.7658967993e-05
8.6400000000e+02	3.3130076737e-02	-3.8227239141e-02	8.2589485970e-05	3.7659755685e-05
8.6500000000e+02	3.3167736885e-02	-3.8309850413e-02	8.2633048899e-05	3.7660540669e-05
8.6600000000e+02	3.3205397817e-02	-3.8392505222e-02	8.2676562401e-05	3.7661322959e-05
8.6700000000e+02	3.3243059530e-02	-3.8475203521e-02	8.2720026587e-05	3.7662102567e-05
8.6800000000e+02	3.3280722021e-02	-3.8557945259e-02	8.2763441567e-05	3.7662879504e-05
8.6900000000e+02	3.3318385288e-02	-3.8640730388e-02	8.2806807452e-05	3.7663653783e-05
8.7000000000e+02	3.3356049328e-02	-3.8723558858e-02	8.2850124351e-05	3.7664425417e-05
8.7100000000e+02	3.3393714138e-02	-3.8806430620e-02	8.2893392375e-05	3.7665194417e-05
8.7200000000e+02	3.3431379716e-02	-3.8889345626e-02	8.2936611631e-05	3.7665960794e-05
8.7300000000e+02	3.3469046059e-02	-3.8972303827e-02	8.2979782229e-05	3.7666724562e-05
8.7400000000e+02	3.3506713164e-02	-3.9055305174e-02	8.3022904278e-05	3.7667485732e-05
8.7500000000e+02	3.3544381029e-02	-3.9138349620e-02	8.3065977885e-05	3.7668244315e-05
8.7600000000e+02	3.3582049652e-02	-3.9221437114e-02	8.3109003158e-05	3.7669000323e-05
8.7700000000e+02	3.3619719029e-02	-3.9304567610e-02	8.3151980204e-05	3.7669753768e-05
8.7800000000e+02	3.3657389159e-02	-3.9387741058e-02	8.3194909131e-05	3.7670504661e-05
8.7900000000e+02	3.3695060038e-02	-3.9470957412e-02	8.3237790045e-05	3.7671253015e-05
8.8000000000e+02	3.3732731664e-02	-3.9554216623e-02	8.3280623053e-05	3.7671998839e-05
8.8100000000e+02	3.3770404035e-02	-3.9637518642e-02	8.3323408260e-05	3.7672742146e-05
8.8200000000e+02	3.3808077147e-02	-3.9720863423e-02	8.3366145772e-05	3.7673482947e-05
8.8300000000e+02	3.3845751000e-02	-3.9804250918e-02	8.3408835694e-05	3.7674221253e-05
8.8400000000e+02	3.3883425589e-02	-3.9887681079e-02	8.3451478131e-05	3.7674957076e-05
8.8500000000e+02	3.3921100913e-02	-3.9971153858e-02	8.3494073188e-05	3.7675690426e-05
8.8600000000e+02	3.3958776969e-02	-4.0054669209e-02	8.3536620969e-05	3.7676421314e-05
8.8700000000e+02	3.3996453755e-02	-4.0138227085e-02	8.3579121578e-05	3.7677149752e-05
8.8800000000e+02	3.4034131268e-02	-4.0221827437e-02	8.3621575118e-05	3.7677875750e-05
8.8900000000e+02	3.4071809505e-02	-4.0305470219e-02	8.3663981693e-05	3.7678599320e-05
8.9000000000e+02	3.4109488466e-02	-4.0389155385e-02	8.3706341405e-05	3.7679320471e-05
8.9100000000e+02	3.4147168146e-02	-4.0472882886e-02	8.3748654357e-05	3.7680039215e-05
8.9200000000e+02	3.4184848543e-02	-4.0556652678e-02	8.3790920651e-05	3.7680755563e-05
8.9300000000e+02	3.4222529656e-02	-4.0640464712e-02	8.3833140390e-05	3.7681469524e-05
8.9400000000e+02	3.4260211481e-02	-4.0724318943e-02	8.3875313674e-05	3.7682181111e-05
8.9500000000e+02	3.4297894017e-02	-4.0808215324e-02	8.3917440605e-05	3.7682890332e-05
8.9600000000e+02	3.4335577261e-02	-4.0892153809e-02	8.3959521284e-05	3.7683597199e-05
8.9700000000e+02	3.4373261211e-02	-4.0976134351e-02	8.4001555811e-05	3.7684301722e-05
8.9800000000e+02	3.4410945864e-02	-4.1060156905e-02	8.4043544286e-05	3.7685003911e-05
8.9900000000e+02	3.4448631218e-02	-4.1144221425e-02	8.4085486810e-05	3.7685703777e-05
9.0000000000e+02	3.4486317271e-02	-4.1228327863e-02	8.4127383483e-05	3.7686401330e-05
9.0100000000e+02	3.4524004020e-02	-4.1312476176e-02	8.4169234402e-05	3.7687096580e-05
9.0200000000e+02	3.4561691463e-02	-4.1396666317e-02	8.4211039668e-05	3.7687789536e-05
9.0300000000e+02	3.4599379598e-02	-4.1480898240e-02	8.4252799378e-05	3.7688480210e-05
9.0400000000e+02	3.4637068423e-02	-4.1565171901e-02	8.4294513632e-05	3.7689168611e-05
9.0500000000e+02	3.4674757935e-02	-4.1649487253e-02	8.4336182527e-05	3.7689854749e-05
9.0600000000e+02	3.4712448132e-02	-4.1733844251e-02	8.4377806161e-05	3.7690538634e-05
9.0700000000e+02	3.4750139011e-02	-4.1818242850e-02	8.4419384632e-05	3.7691220275e-05
9.0800000000e+02	3.4787830571e-02	-4.1902683005e-02	8.4460918036e-05	3.7691899684e-05
9.0900000000e+02	3.4825522810e-02	-4.1987164671e-02	8.4502406469e-05	3.7692576868e-05
9.1000000000e+02	3.4863215724e-02	-4.2071687803e-02	8.4543850030e-05	3.7693251839e-05
9.1100000000e+02	3.4900909313e-02	-4.2156252356e-02	8.4585248813e-05	3.7693924605e-05
9.1200000000e+02	3.4938603573e-02	-4.2240858286e-02	8.4626602915e-05	3.7694595176e-05
9.1300000000e+02	3.4976298502e-02	-4.2325505547e-02	8.4667912431e-05	3.7695263562e-05
9.1400000000e+02	3.5013994099e-02	-4.2410194096e-02	8.4709177456e-05	3.7695929772e-05
9.1500000000e+02	3.5051690361e-02	-4.2494923887e-02	8.4750398086e-05	3.7696593815e-05
9.1600000000e+02	3.5089387286e-02	-4.2579694877e-02	8.4791574414e-05	3.7697255702e-05
9.1700000000e+02	3.5127084872e-02	-4.2664507021e-02	8.4832706536e-05	3.7697915440e-05
9.1800000000e+02	3.5164783116e-02	-4.2749360275e-02	8.4873794544e-05	3.7698573040e-05
9.1900000000e+02	3.5202482017e-02	-4.2834254596e-02	8.4914838534e-05	3.7699228511e-05
9.2000000000e+02	3.5240181573e-02	-4.2919189938e-02	8.4955838598e-05	3.7699881862e-05
9.2100000000e+02	3.5277881780e-02	-4.3004166258e-02	8.4996794830e-05	3.7700533102e-05
9.2200000000e+02	3.5315582638e-02	-4.3089183513e-02	8.5037707322e-05	3.7701182240e-05
9.2300000000e+02	3.5353284144e-02	-4.3174241658e-02	8.5078576167e-05	3.7701829285e-05
9.2400000000e+02	3.5390986296e-02	-4.3259340651e-02	8.5119401458e-05	3.7702474246e-05
9.2500000000e+02	3.5428689092e-02	-4.3344480447e-02	8.5160183285e-05	3.7703117131e-05
9.2600000000e+02	3.5466392530e-02	-4.3429661003e-02	8.5200921741e-05	3.7703757951e-05
9.2700000000e+02	3.5504096607e-02	-4.3514882276e-02	8.5241616918e-05	3.7704396714e-05
9.2800000000e+02	3.5541801322e-02	-4.3600144222e-02	8.5282268906e-05	3.7705033428e-05
9.2900000000e+02	3.5579506673e-02	-4.3685446799e-02	8.5322877796e-05	3.7705668102e-05
9.3000000000e+02	3.5617212658e-02	-4.3770789964e-02	8.5363443679e-05	3.7706300745e-05
9.3100000000e+02	3.5654919274e-02	-4.3856173672e-02	8.5403966645e-05	3.7706931365e-05
9.3200000000e+02	3.5692626520e-02	-4.3941597883e-02	8.5444446784e-05	3.7707559972e-05
9.3300000000e+02	3.5730334393e-02	-4.4027062552e-02	8.5484884185e-05	3.7708186573e-05
9.3400000000e+02	3.5768042892e-02	-4.4112567637e-02	8.5525278939e-05	3.7708811177e-05
9.3500000000e+02	3.5805752015e-02	-4.4198113095e-02	8.5565631134e-05	3.7709433793e-05
9.3600000000e+02	3.5843461759e-02	-4.4283698885e-02	8.5605940859e-05	3.7710054429e-05
9.3700000000e+02	3.5881172123e-02	-4.4369324963e-02	8.5646208203e-05	3.7710673094e-05
9.3800000000e+02	3.5918883105e-02	-4.4454991287e-02	8.5686433254e-05	3.7711289795e-05
9.3900000000e+02	3.5956594702e-02	-4.4540697815e-02	8.5726616100e-05	3.7711904541e-05
9.4000000000e+02	3.5994306913e-02	-4.4626444505e-02	8.5766756828e-05	3.7712517341e-05
9.4100000000e+02	3.6032019736e-02	-4.4712231315e-02	8.5806855527e-05	3.7713128202e-05
9.4200000000e+02	3.6069733169e-02	-4.4798058202e-02	8.5846912284e-05	3.7713737133e-05
9.4300000000e+02	3.6107447210e-02	-4.4883925126e-02	8.5886927185e-05	3.7714344141e-05
9.4400000000e+02	3.6145161857e-02	-4.4969832043e-02	8.5926900317e-05	3.7714949235e-05
9.4500000000e+02	3.6182877108e-02	-4.5055778912e-02	8.5966831767e-05	3.7715552423e-05
9.4600000000e+02	3.6220592961e-02	-4.5141765692e-02	8.6006721621e-05	3.7716153713e-05
9.4700000000e+02	3.6258309415e-02	-4.5227792342e-02	8.6046569964e-05	3.7716753112e-05
9.4800000000e+02	3.6296026467e-02	-4.5313858819e-02	8.6086376883e-05	3.7717350629e-05
9.4900000000e+02	3.6333744115e-02	-4.5399965082e-02	8.6126142462e-05	3.7717946272e-05
9.5000000000e+02	3.6371462358e-02	-4.5486111090e-02	8.6165866788e-05	3.7718540048e-05
9.5100000000e+02	3.6409181195e-02	-4.5572296802e-02	8.6205549943e-05	3.7719131965e-05
9.5200000000e+02	3.6446900622e-02	-4.5658522176e-02	8.6245192014e-05	3.7719722031e-05
9.5300000000e+02	3.6484620638e-02	-4.5744787172e-02	8.6284793085e-05	3.7720310253e-05
9.5400000000e+02	3.6522341242e-02	-4.5831091748e-02	8.6324353239e-05	3.7720896640e-05
9.5500000000e+02	3.6560062431e-02	-4.5917435865e-02	8.6363872561e-05	3.7721481198e-05
9.5600000000e+02	3.6597784203e-02	-4.6003819480e-02	8.6403351133e-05	3.7722063936e-05
9.5700000000e+02	3.6635506558e-02	-4.6090242553e-02	8.6442789040e-05	3.7722644861e-05
9.5800000000e+02	3.6673229493e-02	-4.6176705045e-02	8.6482186364e-05	3.7723223980e-05
9.5900000000e+02	3.6710953005e-02	-4.6263206913e-02	8.6521543189e-05	3.7723801301e-05
9.6000000000e+02	3.6748677095e-02	-4.6349748117e-02	8.6560859596e-05	3.7724376831e-05
9.6100000000e+02	3.6786401758e-02	-4.6436328618e-02	8.6600135668e-05	3.7724950578e-05
9.6200000000e+02	3.6824126995e-02	-4.6522948375e-02	8.6639371487e-05	3.7725522549e-05
9.6300000000e+02	3.6861852803e-02	-4.6609607348e-02	8.6678567135e-05	3.7726092752e-05
9.6400000000e+02	3.6899579180e-02	-4.6696305496e-02	8.6717722693e-05	3.7726661193e-05
9.6500000000e+02	3.6937306125e-02	-4.6783042780e-02	8.6756838243e-05	3.7727227880e-05
9.6600000000e+02	3.6975033635e-02	-4.6869819159e-02	8.6795913866e-05	3.7727792820e-05
9.6700000000e+02	3.7012761710e-02	-4.6956634595e-02	8.6834949643e-05	3.7728356020e-05
9.6800000000e+02	3.7050490347e-02	-4.7043489046e-02	8.6873945653e-05	3.7728917487e-05
9.6900000000e+02	3.7088219544e-02	-4.7130382473e-02	8.6912901978e-05	3.7729477229e-05
9.7000000000e+02	3.7125949301e-02	-4.7217314836e-02	8.6951818698e-05	3.7730035253e-05
9.7100000000e+02	3.7163679614e-02	-4.7304286097e-02	8.6990695892e-05	3.7730591565e-05
9.7200000000e+02	3.7201410483e-02	-4.7391296215e-02	8.7029533640e-05	3.7731146172e-05
9.7300000000e+02	3.7239141906e-02	-4.7478345151e-02	8.7068332022e-05	3.7731699082e-05
9.7400000000e+02	3.7276873881e-02	-4.7565432866e-02	8.7107091116e-05	3.7732250301e-05
9.7500000000e+02	3.7314606406e-02	-4.7652559320e-02	8.7145811001e-05	3.7732799836e-05
9.7600000000e+02	3.7352339480e-02	-4.7739724475e-02	8.7184491757e-05	3.7733347695e-05
9.7700000000e+02	3.7390073101e-02	-4.7826928291e-02	8.7223133461e-05	3.7733893883e-05
9.7800000000e+02	3.7427807267e-02	-4.7914170729e-02	8.7261736192e-05	3.7734438408e-05
9.7900000000e+02	3.7465541977e-02	-4.8001451750e-02	8.7300300028e-05	3.7734981276e-05
9.8000000000e+02	3.7503277229e-02	-4.8088771316e-02	8.7338825046e-05	3.7735522494e-05
9.8100000000e+02	3.7541013021e-02	-4.8176129387e-02	8.7377311324e-05	3.7736062069e-05
9.8200000000e+02	3.7578749353e-02	-4.8263525926e-02	8.7415758939e-05	3.7736600008e-05
9.8300000000e+02	3.7616486221e-02	-4.8350960892e-02	8.7454167969e-05	3.7737136316e-05
9.8400000000e+02	3.7654223625e-02	-4.8438434249e-02	8.7492538489e-05	3.7737671001e-05
9.8500000000e+02	3.7691961562e-02	-4.8525945956e-02	8.7530870578e-05	3.7738204069e-05
9.8600000000e+02	3.7729700032e-02	-4.8613495977e-02	8.7569164310e-05	3.7738735526e-05
9.8700000000e+02	3.7767439033e-02	-4.8701084272e-02	8.7607419762e-05	3.7739265380e-05
9.8800000000e+02	3.7805178563e-02	-4.8788710804e-02	8.7645637011e-05	3.7739793636e-05
9.8900000000e+02	3.7842918620e-02	-4.8876375534e-02	8.7683816131e-05	3.7740320301e-05
9.9000000000e+02	3.7880659203e-02	-4.8964078423e-02	8.7721957198e-05	3.7740845381e-05
9.9100000000e+02	3.7918400310e-02	-4.9051819435e-02	8.7760060288e-05	3.7741368883e-05
9.9200000000e+02	3.7956141940e-02	-4.9139598531e-02	8.7798125475e-05	3.7741890812e-05
9.9300000000e+02	3.7993884091e-02	-4.9227415674e-02	8.7836152835e-05	3.7742411176e-05
9.9400000000e+02	3.8031626762e-02	-4.9315270824e-02	8.7874142441e-05	3.7742929980e-05
9.9500000000e+02	3.8069369950e-02	-4.9403163946e-02	8.7912094368e-05	3.7743447231e-05
9.9600000000e+02	3.8107113656e-02	-4.9491095001e-02	8.7950008691e-05	3.7743962935e-05
9.9700000000e+02	3.8144857876e-02	-4.9579063951e-02	8.7987885483e-05	3.7744477098e-05
9.9800000000e+02	3.8182602609e-02	-4.9667070759e-02	8.8025724818e-05	3.7744989725e-05
9.9900000000e+02	3.8220347855e-02	-4.9755115388e-02	8.8063526770e-05	3.7745500824e-05
