# total modes from dos = 5.9999833744e+00
# ZPE = 3.8941612890e-03 Ry/cell
# Multiply by 13.6058 to have energies in eV/cell etc..
# Multiply by 13.6058 x 23060.35 = 313 754.5 to have energies in cal/(N mol).
# Multiply by 13.6058 x 96526.0 = 1 313 313 to have energies in J/(N mol).
# N is the number of formula units per cell.
#
# T (K) 	Evib (Ry/cell)	Fvib (Ry/cell)	Svib (Ry/cell/K)	Cvib (Ry/cell/K)
1.0000000000e+00	3.8941613079e-03	3.8941612097e-03	9.8192923715e-11	5.6229116422e-11
2.0000000000e+00	3.8941614786e-03	3.8941610673e-03	2.0564981588e-10	3.4260160320e-10
3.0000000000e+00	3.8941621458e-03	3.8941607474e-03	4.6612650077e-10	1.0871077361e-09
4.0000000000e+00	3.8941638824e-03	3.8941600587e-03	9.5592755054e-10	2.5202540542e-09
5.0000000000e+00	3.8941674938e-03	3.8941587334e-03	1.7520783053e-09	4.8762557943e-09
6.0000000000e+00	3.8941740228e-03	3.8941564264e-03	2.9327321941e-09	8.3962673590e-09
7.0000000000e+00	3.8941847588e-03	3.8941527131e-03	4.5779491034e-09	1.3334383891e-08
8.0000000000e+00	3.8942012570e-03	3.8941470879e-03	6.7711441793e-09	1.9970760000e-08
9.0000000000e+00	3.8942253772e-03	3.8941389584e-03	9.6020918548e-09	2.8641519968e-08
1.0000000000e+01	3.8942593653e-03	3.8941276373e-03	1.3172796980e-08	3.9794280753e-08
1.1000000000e+01	3.8943060021e-03	3.8941123254e-03	1.7606973769e-08	5.4064830134e-08
1.2000000000e+01	3.8943688309e-03	3.8940920835e-03	2.3062281330e-08	7.2353902609e-08
1.3000000000e+01	3.8944524511e-03	3.8940657930e-03	2.9742932184e-08	9.5877570207e-08
1.4000000000e+01	3.8945628403e-03	3.8940321030e-03	3.7909808653e-08	1.2617342967e-07
1.5000000000e+01	3.8947076591e-03	3.8939893710e-03	4.7885874547e-08	1.6505955703e-07
1.6000000000e+01	3.8948964949e-03	3.8939356005e-03	6.0055897682e-08	2.1455550377e-07
1.7000000000e+01	3.8951410133e-03	3.8938683815e-03	7.4860697587e-08	2.7678072135e-07
1.8000000000e+01	3.8954550043e-03	3.8937848390e-03	9.2786964032e-08	3.5384628124e-07
1.9000000000e+01	3.8958543218e-03	3.8936815941e-03	1.1435408726e-07	4.4775285123e-07
2.0000000000e+01	3.8963567278e-03	3.8935547381e-03	1.4009948445e-07	5.6030372293e-07
2.1000000000e+01	3.8969816604e-03	3.8933998221e-03	1.7056372865e-07	6.9303763463e-07
2.2000000000e+01	3.8977499439e-03	3.8932118609e-03	2.0627650216e-07	8.4718285296e-07
2.3000000000e+01	3.8986834644e-03	3.8929853504e-03	2.4774408793e-07	1.0236316416e-06
2.4000000000e+01	3.8998048284e-03	3.8927142965e-03	2.9543882910e-07	1.2229327857e-06
2.5000000000e+01	3.9011370219e-03	3.8923922532e-03	3.4979075082e-07	1.4452990840e-06
2.6000000000e+01	3.9027030835e-03	3.8920123682e-03	4.1118135787e-07	1.6906264784e-06
2.7000000000e+01	3.9045258003e-03	3.8915674340e-03	4.7993949347e-07	1.9585215947e-06
2.8000000000e+01	3.9066274351e-03	3.8910499414e-03	5.5633906132e-07	2.2483347833e-06
2.9000000000e+01	3.9090294880e-03	3.8904521353e-03	6.4059836681e-07	2.5591961696e-06
3.0000000000e+01	3.9117524942e-03	3.8897660697e-03	7.3288081447e-07	2.8900526887e-06
3.1000000000e+01	3.9148158597e-03	3.8889836620e-03	8.3329669995e-07	3.2397045240e-06
3.2000000000e+01	3.9182377319e-03	3.8880967447e-03	9.4190584965e-07	3.6068397871e-06
3.3000000000e+01	3.9220349037e-03	3.8870971145e-03	1.0587208840e-06	3.9900666298e-06
3.4000000000e+01	3.9262227484e-03	3.8859765775e-03	1.1837109078e-06	4.3879422842e-06
3.5000000000e+01	3.9308151819e-03	3.8847269908e-03	1.3168054599e-06	4.7989987621e-06
3.6000000000e+01	3.9358246490e-03	3.8833403001e-03	1.4578985824e-06	5.2217651379e-06
3.7000000000e+01	3.9412621301e-03	3.8818085729e-03	1.6068528974e-06	5.6547864756e-06
3.8000000000e+01	3.9471371654e-03	3.8801240285e-03	1.7635036014e-06	6.0966395609e-06
3.9000000000e+01	3.9534578930e-03	3.8782790628e-03	1.9276623115e-06	6.5459456664e-06
4.0000000000e+01	3.9602310990e-03	3.8762662705e-03	2.0991207120e-06	7.0013806174e-06
4.1000000000e+01	3.9674622758e-03	3.8740784630e-03	2.2776539702e-06	7.4616824448e-06
4.2000000000e+01	3.9751556873e-03	3.8717086835e-03	2.4630238984e-06	7.9256569166e-06
4.3000000000e+01	3.9833144387e-03	3.8691502191e-03	2.6549818519e-06	8.3921812331e-06
4.4000000000e+01	3.9919405491e-03	3.8663966093e-03	2.8532713603e-06	8.8602061536e-06
4.5000000000e+01	4.0010350254e-03	3.8634416531e-03	3.0576304961e-06	9.3287568057e-06
4.6000000000e+01	4.0105979369e-03	3.8602794135e-03	3.2677939876e-06	9.7969324052e-06
4.7000000000e+01	4.0206284885e-03	3.8569042193e-03	3.4834950897e-06	1.0263905090e-05
4.8000000000e+01	4.0311250931e-03	3.8533106663e-03	3.7044672246e-06	1.0728918048e-05
4.9000000000e+01	4.0420854412e-03	3.8494936162e-03	3.9304454091e-06	1.1191283100e-05
5.0000000000e+01	4.0535065685e-03	3.8454481942e-03	4.1611674852e-06	1.1650377864e-05
5.1000000000e+01	4.0653849196e-03	3.8411697861e-03	4.3963751680e-06	1.2105642635e-05
5.2000000000e+01	4.0777164097e-03	3.8366540333e-03	4.6358149312e-06	1.2556577055e-05
5.3000000000e+01	4.0904964816e-03	3.8318968282e-03	4.8792387417e-06	1.3002736675e-05
5.4000000000e+01	4.1037201602e-03	3.8268943085e-03	5.1264046617e-06	1.3443729464e-05
5.5000000000e+01	4.1173821033e-03	3.8216428501e-03	5.3770773318e-06	1.3879212327e-05
5.6000000000e+01	4.1314766486e-03	3.8161390611e-03	5.6310283472e-06	1.4308887667e-05
5.7000000000e+01	4.1459978572e-03	3.8103797744e-03	5.8880365409e-06	1.4732500034e-05
5.8000000000e+01	4.1609395551e-03	3.8043620403e-03	6.1478881855e-06	1.5149832888e-05
5.9000000000e+01	4.1762953692e-03	3.7980831190e-03	6.4103771222e-06	1.5560705480e-05
6.0000000000e+01	4.1920587630e-03	3.7915404732e-03	6.6753048290e-06	1.5964969884e-05
6.1000000000e+01	4.2082230667e-03	3.7847317602e-03	6.9424804346e-06	1.6362508183e-05
6.2000000000e+01	4.2247815068e-03	3.7776548242e-03	7.2117206871e-06	1.6753229803e-05
6.3000000000e+01	4.2417272319e-03	3.7703076892e-03	7.4828498836e-06	1.7137069014e-05
6.4000000000e+01	4.2590533361e-03	3.7626885510e-03	7.7556997673e-06	1.7513982588e-05
6.5000000000e+01	4.2767528807e-03	3.7547957698e-03	8.0301093974e-06	1.7883947610e-05
6.6000000000e+01	4.2948189134e-03	3.7466278636e-03	8.3059249968e-06	1.8246959447e-05
6.7000000000e+01	4.3132444856e-03	3.7381835002e-03	8.5829997821e-06	1.8603029858e-05
6.8000000000e+01	4.3320226680e-03	3.7294614910e-03	8.8611937782e-06	1.8952185250e-05
6.9000000000e+01	4.3511465641e-03	3.7204607841e-03	9.1403736234e-06	1.9294465068e-05
7.0000000000e+01	4.3706093231e-03	3.7111804576e-03	9.4204123651e-06	1.9629920310e-05
7.1000000000e+01	4.3904041502e-03	3.7016197134e-03	9.7011892505e-06	1.9958612168e-05
7.2000000000e+01	4.4105243163e-03	3.6917778713e-03	9.9825895132e-06	2.0280610776e-05
7.3000000000e+01	4.4309631665e-03	3.6816543630e-03	1.0264504159e-05	2.0595994070e-05
7.4000000000e+01	4.4517141275e-03	3.6712487261e-03	1.0546829749e-05	2.0904846745e-05
7.5000000000e+01	4.4727707133e-03	3.6605605992e-03	1.0829468187e-05	2.1207259304e-05
7.6000000000e+01	4.4941265312e-03	3.6495897165e-03	1.1112326509e-05	2.1503327198e-05
7.7000000000e+01	4.5157752859e-03	3.6383359023e-03	1.1395316670e-05	2.1793150037e-05
7.8000000000e+01	4.5377107839e-03	3.6267990670e-03	1.1678355344e-05	2.2076830882e-05
7.9000000000e+01	4.5599269356e-03	3.6149792018e-03	1.1961363720e-05	2.2354475606e-05
8.0000000000e+01	4.5824177591e-03	3.6028763745e-03	1.2244267306e-05	2.2626192308e-05
8.1000000000e+01	4.6051773808e-03	3.5904907256e-03	1.2526995744e-05	2.2892090799e-05
8.2000000000e+01	4.6282000383e-03	3.5778224636e-03	1.2809482617e-05	2.3152282128e-05
8.3000000000e+01	4.6514800800e-03	3.5648718618e-03	1.3091665279e-05	2.3406878166e-05
8.4000000000e+01	4.6750119669e-03	3.5516392542e-03	1.3373484675e-05	2.3655991228e-05
8.5000000000e+01	4.6987902723e-03	3.5381250321e-03	1.3654885178e-05	2.3899733741e-05
8.6000000000e+01	4.7228096816e-03	3.5243296410e-03	1.3935814427e-05	2.4138217946e-05
8.7000000000e+01	4.7470649927e-03	3.5102535768e-03	1.4216223171e-05	2.4371555633e-05
8.8000000000e+01	4.7715511145e-03	3.4958973836e-03	1.4496065124e-05	2.4599857910e-05
8.9000000000e+01	4.7962630668e-03	3.4812616500e-03	1.4775296818e-05	2.4823234999e-05
9.0000000000e+01	4.8211959791e-03	3.4663470070e-03	1.5053877468e-05	2.5041796057e-05
9.1000000000e+01	4.8463450895e-03	3.4511541249e-03	1.5331768843e-05	2.5255649021e-05
9.2000000000e+01	4.8717057433e-03	3.4356837110e-03	1.5608935134e-05	2.5464900468e-05
9.3000000000e+01	4.8972733917e-03	3.4199365075e-03	1.5885342841e-05	2.5669655509e-05
9.4000000000e+01	4.9230435901e-03	3.4039132887e-03	1.6160960653e-05	2.5870017682e-05
9.5000000000e+01	4.9490119967e-03	3.3876148592e-03	1.6435759342e-05	2.6066088872e-05
9.6000000000e+01	4.9751743709e-03	3.3710420521e-03	1.6709711654e-05	2.6257969244e-05
9.7000000000e+01	5.0015265711e-03	3.3541957265e-03	1.6982792212e-05	2.6445757181e-05
9.8000000000e+01	5.0280645533e-03	3.3370767662e-03	1.7254977420e-05	2.6629549245e-05
9.9000000000e+01	5.0547843692e-03	3.3196860775e-03	1.7526245371e-05	2.6809440138e-05
1.0000000000e+02	5.0816821642e-03	3.3020245880e-03	1.7796575762e-05	2.6985522675e-05
1.0100000000e+02	5.1087541755e-03	3.2840932447e-03	1.8065949809e-05	2.7157887771e-05
1.0200000000e+02	5.1359967303e-03	3.2658930129e-03	1.8334350170e-05	2.7326624424e-05
1.0300000000e+02	5.1634062439e-03	3.2474248743e-03	1.8601760870e-05	2.7491819714e-05
1.0400000000e+02	5.1909792176e-03	3.2286898260e-03	1.8868167228e-05	2.7653558805e-05
1.0500000000e+02	5.2187122372e-03	3.2096888791e-03	1.9133555791e-05	2.7811924948e-05
1.0600000000e+02	5.2466019704e-03	3.1904230578e-03	1.9397914270e-05	2.7966999495e-05
1.0700000000e+02	5.2746451655e-03	3.1708933977e-03	1.9661231475e-05	2.8118861912e-05
1.0800000000e+02	5.3028386494e-03	3.1511009453e-03	1.9923497260e-05	2.8267589794e-05
1.0900000000e+02	5.3311793255e-03	3.1310467567e-03	2.0184702466e-05	2.8413258893e-05
1.1000000000e+02	5.3596641722e-03	3.1107318966e-03	2.0444838869e-05	2.8555943135e-05
1.1100000000e+02	5.3882902409e-03	3.0901574377e-03	2.0703899128e-05	2.8695714648e-05
1.1200000000e+02	5.4170546541e-03	3.0693244593e-03	2.0961876739e-05	2.8832643789e-05
1.1300000000e+02	5.4459546039e-03	3.0482340470e-03	2.1218765990e-05	2.8966799174e-05
1.1400000000e+02	5.4749873502e-03	3.0268872917e-03	2.1474561916e-05	2.9098247706e-05
1.1500000000e+02	5.5041502188e-03	3.0052852890e-03	2.1729260259e-05	2.9227054610e-05
1.1600000000e+02	5.5334406000e-03	2.9834291383e-03	2.1982857429e-05	2.9353283460e-05
1.1700000000e+02	5.5628559470e-03	2.9613199422e-03	2.2235350468e-05	2.9476996219e-05
1.1800000000e+02	5.5923937739e-03	2.9389588062e-03	2.2486737015e-05	2.9598253264e-05
1.1900000000e+02	5.6220516546e-03	2.9163468376e-03	2.2737015269e-05	2.9717113427e-05
1.2000000000e+02	5.6518272209e-03	2.8934851455e-03	2.2986183962e-05	2.9833634025e-05
1.2100000000e+02	5.6817181614e-03	2.8703748398e-03	2.3234242327e-05	2.9947870894e-05
1.2200000000e+02	5.7117222196e-03	2.8470170311e-03	2.3481190070e-05	3.0059878425e-05
1.2300000000e+02	5.7418371928e-03	2.8234128298e-03	2.3727027341e-05	3.0169709597e-05
1.2400000000e+02	5.7720609306e-03	2.7995633464e-03	2.3971754711e-05	3.0277416008e-05
1.2500000000e+02	5.8023913334e-03	2.7754696901e-03	2.4215373146e-05	3.0383047915e-05
1.2600000000e+02	5.8328263512e-03	2.7511329693e-03	2.4457883984e-05	3.0486654259e-05
1.2700000000e+02	5.8633639826e-03	2.7265542907e-03	2.4699288912e-05	3.0588282703e-05
1.2800000000e+02	5.8940022728e-03	2.7017347594e-03	2.4939589949e-05	3.0687979664e-05
1.2900000000e+02	5.9247393132e-03	2.6766754780e-03	2.5178789420e-05	3.0785790342e-05
1.3000000000e+02	5.9555732394e-03	2.6513775469e-03	2.5416889943e-05	3.0881758755e-05
1.3100000000e+02	5.9865022309e-03	2.6258420635e-03	2.5653894408e-05	3.0975927766e-05
1.3200000000e+02	6.0175245091e-03	2.6000701224e-03	2.5889805960e-05	3.1068339116e-05
1.3300000000e+02	6.0486383368e-03	2.5740628148e-03	2.6124627985e-05	3.1159033452e-05
1.3400000000e+02	6.0798420169e-03	2.5478212284e-03	2.6358364093e-05	3.1248050357e-05
1.3500000000e+02	6.1111338912e-03	2.5213464473e-03	2.6591018103e-05	3.1335428380e-05
1.3600000000e+02	6.1425123399e-03	2.4946395516e-03	2.6822594032e-05	3.1421205060e-05
1.3700000000e+02	6.1739757798e-03	2.4677016172e-03	2.7053096077e-05	3.1505416955e-05
1.3800000000e+02	6.2055226641e-03	2.4405337159e-03	2.7282528610e-05	3.1588099672e-05
1.3900000000e+02	6.2371514810e-03	2.4131369150e-03	2.7510896158e-05	3.1669287887e-05
1.4000000000e+02	6.2688607529e-03	2.3855122770e-03	2.7738203399e-05	3.1749015374e-05
1.4100000000e+02	6.3006490358e-03	2.3576608600e-03	2.7964455147e-05	3.1827315031e-05
1.4200000000e+02	6.3325149177e-03	2.3295837169e-03	2.8189656344e-05	3.1904218899e-05
1.4300000000e+02	6.3644570187e-03	2.3012818958e-03	2.8413812048e-05	3.1979758193e-05
1.4400000000e+02	6.3964739894e-03	2.2727564396e-03	2.8636927429e-05	3.2053963318e-05
1.4500000000e+02	6.4285645105e-03	2.2440083860e-03	2.8859007756e-05	3.2126863894e-05
1.4600000000e+02	6.4607272920e-03	2.2150387673e-03	2.9080058388e-05	3.2198488780e-05
1.4700000000e+02	6.4929610722e-03	2.1858486106e-03	2.9300084773e-05	3.2268866091e-05
1.4800000000e+02	6.5252646174e-03	2.1564389373e-03	2.9519092433e-05	3.2338023222e-05
1.4900000000e+02	6.5576367209e-03	2.1268107635e-03	2.9737086962e-05	3.2405986868e-05
1.5000000000e+02	6.5900762020e-03	2.0969650992e-03	2.9954074019e-05	3.2472783040e-05
1.5100000000e+02	6.6225819062e-03	2.0669029493e-03	3.0170059317e-05	3.2538437087e-05
1.5200000000e+02	6.6551527037e-03	2.0366253126e-03	3.0385048626e-05	3.2602973715e-05
1.5300000000e+02	6.6877874892e-03	2.0061331821e-03	3.0599047759e-05	3.2666417003e-05
1.5400000000e+02	6.7204851811e-03	1.9754275452e-03	3.0812062571e-05	3.2728790421e-05
1.5500000000e+02	6.7532447211e-03	1.9445093831e-03	3.1024098954e-05	3.2790116847e-05
1.5600000000e+02	6.7860650733e-03	1.9133796715e-03	3.1235162832e-05	3.2850418584e-05
1.5700000000e+02	6.8189452239e-03	1.8820393797e-03	3.1445260155e-05	3.2909717376e-05
1.5800000000e+02	6.8518841808e-03	1.8504894713e-03	3.1654396895e-05	3.2968034423e-05
1.5900000000e+02	6.8848809724e-03	1.8187309041e-03	3.1862579046e-05	3.3025390395e-05
1.6000000000e+02	6.9179346479e-03	1.7867646294e-03	3.2069812616e-05	3.3081805450e-05
1.6100000000e+02	6.9510442762e-03	1.7545915930e-03	3.2276103622e-05	3.3137299245e-05
1.6200000000e+02	6.9842089457e-03	1.7222127344e-03	3.2481458095e-05	3.3191890951e-05
1.6300000000e+02	7.0174277637e-03	1.6896289870e-03	3.2685882066e-05	3.3245599266e-05
1.6400000000e+02	7.0506998559e-03	1.6568412784e-03	3.2889381570e-05	3.3298442431e-05
1.6500000000e+02	7.0840243661e-03	1.6238505300e-03	3.3091962643e-05	3.3350438236e-05
1.6600000000e+02	7.1174004557e-03	1.5906576572e-03	3.3293631316e-05	3.3401604039e-05
1.6700000000e+02	7.1508273032e-03	1.5572635695e-03	3.3494393615e-05	3.3451956776e-05
1.6800000000e+02	7.1843041037e-03	1.5236691701e-03	3.3694255557e-05	3.3501512971e-05
1.6900000000e+02	7.2178300690e-03	1.4898753565e-03	3.3893223151e-05	3.3550288748e-05
1.7000000000e+02	7.2514044263e-03	1.4558830200e-03	3.4091302390e-05	3.3598299841e-05
1.7100000000e+02	7.2850264189e-03	1.4216930458e-03	3.4288499257e-05	3.3645561608e-05
1.7200000000e+02	7.3186953048e-03	1.3873063136e-03	3.4484819716e-05	3.3692089038e-05
1.7300000000e+02	7.3524103571e-03	1.3527236966e-03	3.4680269714e-05	3.3737896762e-05
1.7400000000e+02	7.3861708632e-03	1.3179460623e-03	3.4874855177e-05	3.3782999063e-05
1.7500000000e+02	7.4199761247e-03	1.2829742724e-03	3.5068582013e-05	3.3827409883e-05
1.7600000000e+02	7.4538254570e-03	1.2478091825e-03	3.5261456105e-05	3.3871142838e-05
1.7700000000e+02	7.4877181888e-03	1.2124516425e-03	3.5453483313e-05	3.3914211220e-05
1.7800000000e+02	7.5216536622e-03	1.1769024963e-03	3.5644669472e-05	3.3956628010e-05
1.7900000000e+02	7.5556312319e-03	1.1411625820e-03	3.5835020391e-05	3.3998405885e-05
1.8000000000e+02	7.5896502652e-03	1.1052327320e-03	3.6024541851e-05	3.4039557225e-05
1.8100000000e+02	7.6237101415e-03	1.0691137728e-03	3.6213239606e-05	3.4080094125e-05
1.8200000000e+02	7.6578102525e-03	1.0328065254e-03	3.6401119380e-05	3.4120028396e-05
1.8300000000e+02	7.6919500013e-03	9.9631180485e-04	3.6588186866e-05	3.4159371579e-05
1.8400000000e+02	7.7261288024e-03	9.5963042057e-04	3.6774447727e-05	3.4198134948e-05
1.8500000000e+02	7.7603460816e-03	9.2276317639e-04	3.6959907596e-05	3.4236329518e-05
1.8600000000e+02	7.7946012754e-03	8.8571087051e-04	3.7144572070e-05	3.4273966054e-05
1.8700000000e+02	7.8288938312e-03	8.4847429553e-04	3.7328446715e-05	3.4311055074e-05
1.8800000000e+02	7.8632232065e-03	8.1105423851e-04	3.7511537064e-05	3.4347606857e-05
1.8900000000e+02	7.8975888692e-03	7.7345148100e-04	3.7693848615e-05	3.4383631452e-05
1.9000000000e+02	7.9319902970e-03	7.3566679906e-04	3.7875386831e-05	3.4419138678e-05
1.9100000000e+02	7.9664269773e-03	6.9770096330e-04	3.8056157141e-05	3.4454138136e-05
1.9200000000e+02	8.0008984071e-03	6.5955473894e-04	3.8236164938e-05	3.4488639210e-05
1.9300000000e+02	8.0354040927e-03	6.2122888581e-04	3.8415415579e-05	3.4522651076e-05
1.9400000000e+02	8.0699435492e-03	5.8272415840e-04	3.8593914386e-05	3.4556182706e-05
1.9500000000e+02	8.1045163009e-03	5.4404130589e-04	3.8771666641e-05	3.4589242872e-05
1.9600000000e+02	8.1391218806e-03	5.0518107221e-04	3.8948677594e-05	3.4621840153e-05
1.9700000000e+02	8.1737598297e-03	4.6614419607e-04	3.9124952455e-05	3.4653982939e-05
1.9800000000e+02	8.2084296978e-03	4.2693141094e-04	3.9300496398e-05	3.4685679437e-05
1.9900000000e+02	8.2431310425e-03	3.8754344520e-04	3.9475314559e-05	3.4716937674e-05
2.0000000000e+02	8.2778634296e-03	3.4798102205e-04	3.9649412038e-05	3.4747765501e-05
2.0100000000e+02	8.3126264326e-03	3.0824485966e-04	3.9822793895e-05	3.4778170600e-05
2.0200000000e+02	8.3474196324e-03	2.6833567113e-04	3.9995465155e-05	3.4808160486e-05
2.0300000000e+02	8.3822426176e-03	2.2825416455e-04	4.0167430803e-05	3.4837742515e-05
2.0400000000e+02	8.4170949839e-03	1.8800104307e-04	4.0338695788e-05	3.4866923880e-05
2.0500000000e+02	8.4519763342e-03	1.4757700489e-04	4.0509265021e-05	3.4895711624e-05
2.0600000000e+02	8.4868862783e-03	1.0698274333e-04	4.0679143373e-05	3.4924112638e-05
2.0700000000e+02	8.5218244328e-03	6.6218946828e-05	4.0848335681e-05	3.4952133668e-05
2.0800000000e+02	8.5567904211e-03	2.5286299046e-05	4.1016846741e-05	3.4979781315e-05
2.0900000000e+02	8.5917838731e-03	-1.5814521158e-05	4.1184681312e-05	3.5007062043e-05
2.1000000000e+02	8.6268044250e-03	-5.7082839657e-05	4.1351844118e-05	3.5033982178e-05
2.1100000000e+02	8.6618517193e-03	-9.8517987032e-05	4.1518339841e-05	3.5060547916e-05
2.1200000000e+02	8.6969254047e-03	-1.4011929853e-04	4.1684173129e-05	3.5086765320e-05
2.1300000000e+02	8.7320251359e-03	-1.8188611401e-04	4.1849348591e-05	3.5112640331e-05
2.1400000000e+02	8.7671505732e-03	-2.2381777796e-04	4.2013870800e-05	3.5138178764e-05
2.1500000000e+02	8.8023013831e-03	-2.6591363938e-04	4.2177744291e-05	3.5163386313e-05
2.1600000000e+02	8.8374772374e-03	-3.0817305180e-04	4.2340973561e-05	3.5188268558e-05
2.1700000000e+02	8.8726778136e-03	-3.5059537325e-04	4.2503563073e-05	3.5212830962e-05
2.1800000000e+02	8.9079027945e-03	-3.9317996617e-04	4.2665517251e-05	3.5237078878e-05
2.1900000000e+02	8.9431518683e-03	-4.3592619743e-04	4.2826840483e-05	3.5261017547e-05
2.2000000000e+02	8.9784247282e-03	-4.7883343827e-04	4.2987537120e-05	3.5284652107e-05
2.2100000000e+02	9.0137210728e-03	-5.2190106425e-04	4.3147611480e-05	3.5307987590e-05
2.2200000000e+02	9.0490406054e-03	-5.6512845523e-04	4.3307067840e-05	3.5331028927e-05
2.2300000000e+02	9.0843830342e-03	-6.0851499534e-04	4.3465910446e-05	3.5353780949e-05
2.2400000000e+02	9.1197480724e-03	-6.5206007294e-04	4.3624143506e-05	3.5376248392e-05
2.2500000000e+02	9.1551354377e-03	-6.9576308056e-04	4.3781771192e-05	3.5398435896e-05
2.2600000000e+02	9.1905448524e-03	-7.3962341491e-04	4.3938797643e-05	3.5420348009e-05
2.2700000000e+02	9.2259760434e-03	-7.8364047681e-04	4.4095226961e-05	3.5441989189e-05
2.2800000000e+02	9.2614287419e-03	-8.2781367115e-04	4.4251063215e-05	3.5463363807e-05
2.2900000000e+02	9.2969026836e-03	-8.7214240689e-04	4.4406310439e-05	3.5484476145e-05
2.3000000000e+02	9.3323976082e-03	-9.1662609702e-04	4.4560972631e-05	3.5505330405e-05
2.3100000000e+02	9.3679132597e-03	-9.6126415847e-04	4.4715053758e-05	3.5525930702e-05
2.3200000000e+02	9.4034493863e-03	-1.0060560122e-03	4.4868557752e-05	3.5546281075e-05
2.3300000000e+02	9.4390057399e-03	-1.0510010829e-03	4.5021488510e-05	3.5566385482e-05
2.3400000000e+02	9.4745820766e-03	-1.0960987994e-03	4.5173849897e-05	3.5586247806e-05
2.3500000000e+02	9.5101781561e-03	-1.1413485942e-03	4.5325645746e-05	3.5605871853e-05
2.3600000000e+02	9.5457937421e-03	-1.1867499036e-03	4.5476879855e-05	3.5625261359e-05
2.3700000000e+02	9.5814286018e-03	-1.2323021679e-03	4.5627555990e-05	3.5644419985e-05
2.3800000000e+02	9.6170825063e-03	-1.2780048309e-03	4.5777677887e-05	3.5663351325e-05
2.3900000000e+02	9.6527552299e-03	-1.3238573402e-03	4.5927249247e-05	3.5682058902e-05
2.4000000000e+02	9.6884465507e-03	-1.3698591471e-03	4.6076273741e-05	3.5700546173e-05
2.4100000000e+02	9.7241562499e-03	-1.4160097066e-03	4.6224755006e-05	3.5718816531e-05
2.4200000000e+02	9.7598841125e-03	-1.4623084772e-03	4.6372696652e-05	3.5736873304e-05
2.4300000000e+02	9.7956299264e-03	-1.5087549212e-03	4.6520102254e-05	3.5754719756e-05
2.4400000000e+02	9.8313934830e-03	-1.5553485042e-03	4.6666975357e-05	3.5772359093e-05
2.4500000000e+02	9.8671745766e-03	-1.6020886956e-03	4.6813319478e-05	3.5789794458e-05
2.4600000000e+02	9.9029730050e-03	-1.6489749680e-03	4.6959138101e-05	3.5807028938e-05
2.4700000000e+02	9.9387885686e-03	-1.6960067978e-03	4.7104434681e-05	3.5824065562e-05
2.4800000000e+02	9.9746210711e-03	-1.7431836645e-03	4.7249212644e-05	3.5840907303e-05
2.4900000000e+02	1.0010470319e-02	-1.7905050513e-03	4.7393475384e-05	3.5857557078e-05
2.5000000000e+02	1.0046336122e-02	-1.8379704446e-03	4.7537226268e-05	3.5874017752e-05
2.5100000000e+02	1.0082218293e-02	-1.8855793343e-03	4.7680468633e-05	3.5890292138e-05
2.5200000000e+02	1.0118116645e-02	-1.9333312135e-03	4.7823205789e-05	3.5906382996e-05
2.5300000000e+02	1.0154030998e-02	-1.9812255786e-03	4.7965441016e-05	3.5922293037e-05
2.5400000000e+02	1.0189961172e-02	-2.0292619293e-03	4.8107177564e-05	3.5938024922e-05
2.5500000000e+02	1.0225906990e-02	-2.0774397686e-03	4.8248418660e-05	3.5953581265e-05
2.5600000000e+02	1.0261868277e-02	-2.1257586026e-03	4.8389167498e-05	3.5968964632e-05
2.5700000000e+02	1.0297844862e-02	-2.1742179406e-03	4.8529427248e-05	3.5984177544e-05
2.5800000000e+02	1.0333836576e-02	-2.2228172951e-03	4.8669201051e-05	3.5999222476e-05
2.5900000000e+02	1.0369843252e-02	-2.2715561817e-03	4.8808492022e-05	3.6014101860e-05
2.6000000000e+02	1.0405864725e-02	-2.3204341192e-03	4.8947303248e-05	3.6028818082e-05
2.6100000000e+02	1.0441900834e-02	-2.3694506293e-03	4.9085637792e-05	3.6043373490e-05
2.6200000000e+02	1.0477951419e-02	-2.4186052369e-03	4.9223498688e-05	3.6057770387e-05
2.6300000000e+02	1.0514016323e-02	-2.4678974698e-03	4.9360888946e-05	3.6072011037e-05
2.6400000000e+02	1.0550095390e-02	-2.5173268589e-03	4.9497811550e-05	3.6086097664e-05
2.6500000000e+02	1.0586188468e-02	-2.5668929380e-03	4.9634269456e-05	3.6100032453e-05
2.6600000000e+02	1.0622295405e-02	-2.6165952439e-03	4.9770265598e-05	3.6113817551e-05
2.6700000000e+02	1.0658416054e-02	-2.6664333163e-03	4.9905802884e-05	3.6127455068e-05
2.6800000000e+02	1.0694550267e-02	-2.7164066977e-03	5.0040884196e-05	3.6140947078e-05
2.6900000000e+02	1.0730697900e-02	-2.7665149336e-03	5.0175512393e-05	3.6154295616e-05
2.7000000000e+02	1.0766858811e-02	-2.8167575724e-03	5.0309690308e-05	3.6167502687e-05
2.7100000000e+02	1.0803032859e-02	-2.8671341651e-03	5.0443420753e-05	3.6180570257e-05
2.7200000000e+02	1.0839219906e-02	-2.9176442656e-03	5.0576706512e-05	3.6193500261e-05
2.7300000000e+02	1.0875419814e-02	-2.9682874308e-03	5.0709550348e-05	3.6206294600e-05
2.7400000000e+02	1.0911632450e-02	-3.0190632199e-03	5.0841955000e-05	3.6218955143e-05
2.7500000000e+02	1.0947857681e-02	-3.0699711953e-03	5.0973923185e-05	3.6231483729e-05
2.7600000000e+02	1.0984095374e-02	-3.1210109217e-03	5.1105457594e-05	3.6243882161e-05
2.7700000000e+02	1.1020345402e-02	-3.1721819668e-03	5.1236560898e-05	3.6256152218e-05
2.7800000000e+02	1.1056607636e-02	-3.2234839007e-03	5.1367235745e-05	3.6268295644e-05
2.7900000000e+02	1.1092881952e-02	-3.2749162963e-03	5.1497484760e-05	3.6280314157e-05
2.8000000000e+02	1.1129168224e-02	-3.3264787291e-03	5.1627310546e-05	3.6292209444e-05
2.8100000000e+02	1.1165466330e-02	-3.3781707772e-03	5.1756715684e-05	3.6303983166e-05
2.8200000000e+02	1.1201776150e-02	-3.4299920212e-03	5.1885702735e-05	3.6315636955e-05
2.8300000000e+02	1.1238097565e-02	-3.4819420442e-03	5.2014274236e-05	3.6327172418e-05
2.8400000000e+02	1.1274430456e-02	-3.5340204319e-03	5.2142432704e-05	3.6338591131e-05
2.8500000000e+02	1.1310774708e-02	-3.5862267727e-03	5.2270180636e-05	3.6349894650e-05
2.8600000000e+02	1.1347130207e-02	-3.6385606572e-03	5.2397520506e-05	3.6361084502e-05
2.8700000000e+02	1.1383496840e-02	-3.6910216785e-03	5.2524454769e-05	3.6372162189e-05
2.8800000000e+02	1.1419874495e-02	-3.7436094323e-03	5.2650985858e-05	3.6383129189e-05
2.8900000000e+02	1.1456263062e-02	-3.7963235167e-03	5.2777116189e-05	3.6393986958e-05
2.9000000000e+02	1.1492662433e-02	-3.8491635319e-03	5.2902848155e-05	3.6404736925e-05
2.9100000000e+02	1.1529072500e-02	-3.9021290810e-03	5.3028184128e-05	3.6415380498e-05
2.9200000000e+02	1.1565493159e-02	-3.9552197690e-03	5.3153126465e-05	3.6425919063e-05
2.9300000000e+02	1.1601924304e-02	-4.0084352035e-03	5.3277677500e-05	3.6436353981e-05
2.9400000000e+02	1.1638365833e-02	-4.0617749943e-03	5.3401839548e-05	3.6446686595e-05
2.9500000000e+02	1.1674817644e-02	-4.1152387537e-03	5.3525614906e-05	3.6456918222e-05
2.9600000000e+02	1.1711279636e-02	-4.1688260960e-03	5.3649005851e-05	3.6467050163e-05
2.9700000000e+02	1.1747751711e-02	-4.2225366380e-03	5.3772014643e-05	3.6477083695e-05
2.9800000000e+02	1.1784233771e-02	-4.2763699986e-03	5.3894643522e-05	3.6487020076e-05
2.9900000000e+02	1.1820725719e-02	-4.3303257991e-03	5.4016894710e-05	3.6496860543e-05
3.0000000000e+02	1.1857227460e-02	-4.3844036629e-03	5.4138770411e-05	3.6506606316e-05
3.0100000000e+02	1.1893738901e-02	-4.4386032155e-03	5.4260272811e-05	3.6516258594e-05
3.0200000000e+02	1.1930259947e-02	-4.4929240848e-03	5.4381404078e-05	3.6525818557e-05
3.0300000000e+02	1.1966790507e-02	-4.5473659007e-03	5.4502166363e-05	3.6535287367e-05
3.0400000000e+02	1.2003330492e-02	-4.6019282953e-03	5.4622561799e-05	3.6544666170e-05
3.0500000000e+02	1.2039879810e-02	-4.6566109027e-03	5.4742592501e-05	3.6553956091e-05
3.0600000000e+02	1.2076438375e-02	-4.7114133594e-03	5.4862260568e-05	3.6563158240e-05
3.0700000000e+02	1.2113006098e-02	-4.7663353037e-03	5.4981568083e-05	3.6572273708e-05
3.0800000000e+02	1.2149582893e-02	-4.8213763760e-03	5.5100517109e-05	3.6581303571e-05
3.0900000000e+02	1.2186168677e-02	-4.8765362191e-03	5.5219109695e-05	3.6590248888e-05
3.1000000000e+02	1.2222763363e-02	-4.9318144773e-03	5.5337347873e-05	3.6599110701e-05
3.1100000000e+02	1.2259366871e-02	-4.9872107973e-03	5.5455233659e-05	3.6607890038e-05
3.1200000000e+02	1.2295979116e-02	-5.0427248278e-03	5.5572769052e-05	3.6616587908e-05
3.1300000000e+02	1.2332600020e-02	-5.0983562193e-03	5.5689956035e-05	3.6625205309e-05
3.1400000000e+02	1.2369229500e-02	-5.1541046244e-03	5.5806796576e-05	3.6633743221e-05
3.1500000000e+02	1.2405867480e-02	-5.2099696976e-03	5.5923292627e-05	3.6642202611e-05
3.1600000000e+02	1.2442513880e-02	-5.2659510955e-03	5.6039446124e-05	3.6650584429e-05
3.1700000000e+02	1.2479168623e-02	-5.3220484763e-03	5.6155258989e-05	3.6658889613e-05
3.1800000000e+02	1.2515831634e-02	-5.3782615005e-03	5.6270733127e-05	3.6667119086e-05
3.1900000000e+02	1.2552502836e-02	-5.4345898303e-03	5.6385870429e-05	3.6675273759e-05
3.2000000000e+02	1.2589182157e-02	-5.4910331298e-03	5.6500672770e-05	3.6683354527e-05
3.2100000000e+02	1.2625869521e-02	-5.5475910648e-03	5.6615142012e-05	3.6691362273e-05
3.2200000000e+02	1.2662564857e-02	-5.6042633034e-03	5.6729280002e-05	3.6699297867e-05
3.2300000000e+02	1.2699268093e-02	-5.6610495150e-03	5.6843088570e-05	3.6707162166e-05
3.2400000000e+02	1.2735979158e-02	-5.7179493713e-03	5.6956569535e-05	3.6714956015e-05
3.2500000000e+02	1.2772697982e-02	-5.7749625455e-03	5.7069724700e-05	3.6722680245e-05
3.2600000000e+02	1.2809424496e-02	-5.8320887127e-03	5.7182555854e-05	3.6730335676e-05
3.2700000000e+02	1.2846158631e-02	-5.8893275498e-03	5.7295064772e-05	3.6737923117e-05
3.2800000000e+02	1.2882900319e-02	-5.9466787354e-03	5.7407253216e-05	3.6745443364e-05
3.2900000000e+02	1.2919649495e-02	-6.0041419500e-03	5.7519122934e-05	3.6752897201e-05
3.3000000000e+02	1.2956406092e-02	-6.0617168756e-03	5.7630675659e-05	3.6760285402e-05
3.3100000000e+02	1.2993170044e-02	-6.1194031962e-03	5.7741913113e-05	3.6767608730e-05
3.3200000000e+02	1.3029941288e-02	-6.1772005973e-03	5.7852837004e-05	3.6774867935e-05
3.3300000000e+02	1.3066719759e-02	-6.2351087663e-03	5.7963449025e-05	3.6782063759e-05
3.3400000000e+02	1.3103505395e-02	-6.2931273920e-03	5.8073750858e-05	3.6789196931e-05
3.3500000000e+02	1.3140298132e-02	-6.3512561651e-03	5.8183744171e-05	3.6796268170e-05
3.3600000000e+02	1.3177097911e-02	-6.4094947780e-03	5.8293430621e-05	3.6803278187e-05
3.3700000000e+02	1.3213904669e-02	-6.4678429246e-03	5.8402811849e-05	3.6810227681e-05
3.3800000000e+02	1.3250718346e-02	-6.5263003005e-03	5.8511889487e-05	3.6817117341e-05
3.3900000000e+02	1.3287538883e-02	-6.5848666029e-03	5.8620665152e-05	3.6823947847e-05
3.4000000000e+02	1.3324366222e-02	-6.6435415307e-03	5.8729140450e-05	3.6830719869e-05
3.4100000000e+02	1.3361200304e-02	-6.7023247843e-03	5.8837316974e-05	3.6837434068e-05
3.4200000000e+02	1.3398041071e-02	-6.7612160656e-03	5.8945196307e-05	3.6844091096e-05
3.4300000000e+02	1.3434888467e-02	-6.8202150783e-03	5.9052780016e-05	3.6850691595e-05
3.4400000000e+02	1.3471742436e-02	-6.8793215276e-03	5.9160069661e-05	3.6857236198e-05
3.4500000000e+02	1.3508602921e-02	-6.9385351201e-03	5.9267066787e-05	3.6863725531e-05
3.4600000000e+02	1.3545469869e-02	-6.9978555642e-03	5.9373772927e-05	3.6870160209e-05
3.4700000000e+02	1.3582343224e-02	-7.0572825695e-03	5.9480189606e-05	3.6876540841e-05
3.4800000000e+02	1.3619222933e-02	-7.1168158474e-03	5.9586318333e-05	3.6882868025e-05
3.4900000000e+02	1.3656108942e-02	-7.1764551107e-03	5.9692160610e-05	3.6889142353e-05
3.5000000000e+02	1.3693001200e-02	-7.2362000736e-03	5.9797717924e-05	3.6895364408e-05
3.5100000000e+02	1.3729899654e-02	-7.2960504520e-03	5.9902991754e-05	3.6901534764e-05
3.5200000000e+02	1.3766804252e-02	-7.3560059631e-03	6.0007983567e-05	3.6907653989e-05
3.5300000000e+02	1.3803714945e-02	-7.4160663257e-03	6.0112694817e-05	3.6913722642e-05
3.5400000000e+02	1.3840631681e-02	-7.4762312597e-03	6.0217126951e-05	3.6919741275e-05
3.5500000000e+02	1.3877554411e-02	-7.5365004870e-03	6.0321281402e-05	3.6925710434e-05
3.5600000000e+02	1.3914483085e-02	-7.5968737305e-03	6.0425159595e-05	3.6931630653e-05
3.5700000000e+02	1.3951417656e-02	-7.6573507146e-03	6.0528762943e-05	3.6937502465e-05
3.5800000000e+02	1.3988358074e-02	-7.7179311652e-03	6.0632092848e-05	3.6943326391e-05
3.5900000000e+02	1.4025304293e-02	-7.7786148096e-03	6.0735150704e-05	3.6949102948e-05
3.6000000000e+02	1.4062256265e-02	-7.8394013764e-03	6.0837937892e-05	3.6954832644e-05
3.6100000000e+02	1.4099213943e-02	-7.9002905956e-03	6.0940455785e-05	3.6960515981e-05
3.6200000000e+02	1.4136177281e-02	-7.9612821986e-03	6.1042705746e-05	3.6966153455e-05
3.6300000000e+02	1.4173146235e-02	-8.0223759182e-03	6.1144689126e-05	3.6971745555e-05
3.6400000000e+02	1.4210120758e-02	-8.0835714885e-03	6.1246407269e-05	3.6977292764e-05
3.6500000000e+02	1.4247100805e-02	-8.1448686448e-03	6.1347861507e-05	3.6982795557e-05
3.6600000000e+02	1.4284086334e-02	-8.2062671240e-03	6.1449053164e-05	3.6988254404e-05
3.6700000000e+02	1.4321077300e-02	-8.2677666641e-03	6.1549983552e-05	3.6993669770e-05
3.6800000000e+02	1.4358073659e-02	-8.3293670044e-03	6.1650653977e-05	3.6999042111e-05
3.6900000000e+02	1.4395075370e-02	-8.3910678858e-03	6.1751065733e-05	3.7004371880e-05
3.7000000000e+02	1.4432082389e-02	-8.4528690501e-03	6.1851220105e-05	3.7009659522e-05
3.7100000000e+02	1.4469094675e-02	-8.5147702406e-03	6.1951118371e-05	3.7014905477e-05
3.7200000000e+02	1.4506112186e-02	-8.5767712019e-03	6.2050761796e-05	3.7020110180e-05
3.7300000000e+02	1.4543134882e-02	-8.6388716797e-03	6.2150151639e-05	3.7025274060e-05
3.7400000000e+02	1.4580162721e-02	-8.7010714211e-03	6.2249289149e-05	3.7030397539e-05
3.7500000000e+02	1.4617195663e-02	-8.7633701743e-03	6.2348175567e-05	3.7035481036e-05
3.7600000000e+02	1.4654233670e-02	-8.8257676889e-03	6.2446812124e-05	3.7040524962e-05
3.7700000000e+02	1.4691276700e-02	-8.8882637157e-03	6.2545200042e-05	3.7045529726e-05
3.7800000000e+02	1.4728324716e-02	-8.9508580065e-03	6.2643340536e-05	3.7050495728e-05
3.7900000000e+02	1.4765377679e-02	-9.0135503147e-03	6.2741234812e-05	3.7055423366e-05
3.8000000000e+02	1.4802435550e-02	-9.0763403945e-03	6.2838884065e-05	3.7060313032e-05
3.8100000000e+02	1.4839498292e-02	-9.1392280015e-03	6.2936289485e-05	3.7065165113e-05
3.8200000000e+02	1.4876565868e-02	-9.2022128926e-03	6.3033452253e-05	3.7069979990e-05
3.8300000000e+02	1.4913638240e-02	-9.2652948255e-03	6.3130373540e-05	3.7074758041e-05
3.8400000000e+02	1.4950715372e-02	-9.3284735595e-03	6.3227054509e-05	3.7079499638e-05
3.8500000000e+02	1.4987797227e-02	-9.3917488548e-03	6.3323496317e-05	3.7084205149e-05
3.8600000000e+02	1.5024883770e-02	-9.4551204728e-03	6.3419700112e-05	3.7088874936e-05
3.8700000000e+02	1.5061974965e-02	-9.5185881761e-03	6.3515667032e-05	3.7093509360e-05
3.8800000000e+02	1.5099070777e-02	-9.5821517283e-03	6.3611398211e-05	3.7098108773e-05
3.8900000000e+02	1.5136171171e-02	-9.6458108943e-03	6.3706894771e-05	3.7102673526e-05
3.9000000000e+02	1.5173276113e-02	-9.7095654400e-03	6.3802157828e-05	3.7107203964e-05
3.9100000000e+02	1.5210385568e-02	-9.7734151325e-03	6.3897188492e-05	3.7111700428e-05
3.9200000000e+02	1.5247499503e-02	-9.8373597399e-03	6.3991987864e-05	3.7116163256e-05
3.9300000000e+02	1.5284617883e-02	-9.9013990315e-03	6.4086557036e-05	3.7120592779e-05
3.9400000000e+02	1.5321740677e-02	-9.9655327776e-03	6.4180897094e-05	3.7124989327e-05
3.9500000000e+02	1.5358867851e-02	-1.0029760750e-02	6.4275009116e-05	3.7129353225e-05
3.9600000000e+02	1.5395999373e-02	-1.0094082720e-02	6.4368894175e-05	3.7133684792e-05
3.9700000000e+02	1.5433135210e-02	-1.0158498463e-02	6.4462553332e-05	3.7137984347e-05
3.9800000000e+02	1.5470275331e-02	-1.0223007752e-02	6.4555987646e-05	3.7142252202e-05
3.9900000000e+02	1.5507419704e-02	-1.0287610363e-02	6.4649198164e-05	3.7146488666e-05
4.0000000000e+02	1.5544568298e-02	-1.0352306074e-02	6.4742185930e-05	3.7150694045e-05
4.0100000000e+02	1.5581721082e-02	-1.0417094661e-02	6.4834951978e-05	3.7154868640e-05
4.0200000000e+02	1.5618878025e-02	-1.0481975904e-02	6.4927497337e-05	3.7159012750e-05
4.0300000000e+02	1.5656039097e-02	-1.0546949583e-02	6.5019823028e-05	3.7163126669e-05
4.0400000000e+02	1.5693204269e-02	-1.0612015478e-02	6.5111930065e-05	3.7167210689e-05
4.0500000000e+02	1.5730373509e-02	-1.0677173370e-02	6.5203819455e-05	3.7171265096e-05
4.0600000000e+02	1.5767546789e-02	-1.0742423044e-02	6.5295492200e-05	3.7175290175e-05
4.0700000000e+02	1.5804724080e-02	-1.0807764283e-02	6.5386949293e-05	3.7179286206e-05
4.0800000000e+02	1.5841905352e-02	-1.0873196871e-02	6.5478191723e-05	3.7183253468e-05
4.0900000000e+02	1.5879090577e-02	-1.0938720595e-02	6.5569220470e-05	3.7187192233e-05
4.1000000000e+02	1.5916279727e-02	-1.1004335241e-02	6.5660036508e-05	3.7191102774e-05
4.1100000000e+02	1.5953472773e-02	-1.1070040598e-02	6.5750640805e-05	3.7194985357e-05
4.1200000000e+02	1.5990669688e-02	-1.1135836453e-02	6.5841034323e-05	3.7198840248e-05
4.1300000000e+02	1.6027870445e-02	-1.1201722596e-02	6.5931218017e-05	3.7202667707e-05
4.1400000000e+02	1.6065075015e-02	-1.1267698819e-02	6.6021192835e-05	3.7206467993e-05
4.1500000000e+02	1.6102283372e-02	-1.1333764913e-02	6.6110959721e-05	3.7210241362e-05
4.1600000000e+02	1.6139495489e-02	-1.1399920670e-02	6.6200519611e-05	3.7213988065e-05
4.1700000000e+02	1.6176711339e-02	-1.1466165883e-02	6.6289873434e-05	3.7217708353e-05
4.1800000000e+02	1.6213930896e-02	-1.1532500348e-02	6.6379022116e-05	3.7221402471e-05
4.1900000000e+02	1.6251154135e-02	-1.1598923859e-02	6.6467966574e-05	3.7225070664e-05
4.2000000000e+02	1.6288381029e-02	-1.1665436213e-02	6.6556707721e-05	3.7228713171e-05
4.2100000000e+02	1.6325611553e-02	-1.1732037207e-02	6.6645246462e-05	3.7232330233e-05
4.2200000000e+02	1.6362845681e-02	-1.1798726639e-02	6.6733583698e-05	3.7235922082e-05
4.2300000000e+02	1.6400083389e-02	-1.1865504308e-02	6.6821720323e-05	3.7239488954e-05
4.2400000000e+02	1.6437324651e-02	-1.1932370013e-02	6.6909657227e-05	3.7243031076e-05
4.2500000000e+02	1.6474569443e-02	-1.1999323556e-02	6.6997395291e-05	3.7246548677e-05
4.2600000000e+02	1.6511817740e-02	-1.2066364738e-02	6.7084935394e-05	3.7250041982e-05
4.2700000000e+02	1.6549069519e-02	-1.2133493361e-02	6.7172278407e-05	3.7253511212e-05
4.2800000000e+02	1.6586324755e-02	-1.2200709229e-02	6.7259425196e-05	3.7256956588e-05
4.2900000000e+02	1.6623583424e-02	-1.2268012146e-02	6.7346376621e-05	3.7260378326e-05
4.3000000000e+02	1.6660845504e-02	-1.2335401918e-02	6.7433133538e-05	3.7263776642e-05
4.3100000000e+02	1.6698110970e-02	-1.2402878349e-02	6.7519696795e-05	3.7267151747e-05
4.3200000000e+02	1.6735379799e-02	-1.2470441247e-02	6.7606067237e-05	3.7270503851e-05
4.3300000000e+02	1.6772651970e-02	-1.2538090419e-02	6.7692245702e-05	3.7273833163e-05
4.3400000000e+02	1.6809927458e-02	-1.2605825675e-02	6.7778233025e-05	3.7277139887e-05
4.3500000000e+02	1.6847206242e-02	-1.2673646822e-02	6.7864030032e-05	3.7280424226e-05
4.3600000000e+02	1.6884488299e-02	-1.2741553672e-02	6.7949637548e-05	3.7283686382e-05
4.3700000000e+02	1.6921773608e-02	-1.2809546034e-02	6.8035056388e-05	3.7286926551e-05
4.3800000000e+02	1.6959062145e-02	-1.2877623722e-02	6.8120287367e-05	3.7290144932e-05
4.3900000000e+02	1.6996353890e-02	-1.2945786547e-02	6.8205331291e-05	3.7293341717e-05
4.4000000000e+02	1.7033648821e-02	-1.3014034322e-02	6.8290188963e-05	3.7296517099e-05
4.4100000000e+02	1.7070946917e-02	-1.3082366863e-02	6.8374861179e-05	3.7299671268e-05
4.4200000000e+02	1.7108248157e-02	-1.3150783983e-02	6.8459348733e-05	3.7302804411e-05
4.4300000000e+02	1.7145552519e-02	-1.3219285499e-02	6.8543652411e-05	3.7305916713e-05
4.4400000000e+02	1.7182859983e-02	-1.3287871227e-02	6.8627772996e-05	3.7309008359e-05
4.4500000000e+02	1.7220170529e-02	-1.3356540984e-02	6.8711711265e-05	3.7312079531e-05
4.4600000000e+02	1.7257484136e-02	-1.3425294589e-02	6.8795467992e-05	3.7315130407e-05
4.4700000000e+02	1.7294800783e-02	-1.3494131860e-02	6.8879043944e-05	3.7318161165e-05
4.4800000000e+02	1.7332120451e-02	-1.3563052617e-02	6.8962439884e-05	3.7321171982e-05
4.4900000000e+02	1.7369443121e-02	-1.3632056680e-02	6.9045656571e-05	3.7324163031e-05
4.5000000000e+02	1.7406768771e-02	-1.3701143870e-02	6.9128694758e-05	3.7327134484e-05
4.5100000000e+02	1.7444097383e-02	-1.3770314010e-02	6.9211555195e-05	3.7330086511e-05
4.5200000000e+02	1.7481428938e-02	-1.3839566922e-02	6.9294238627e-05	3.7333019280e-05
4.5300000000e+02	1.7518763415e-02	-1.3908902429e-02	6.9376745792e-05	3.7335932958e-05
4.5400000000e+02	1.7556100797e-02	-1.3978320355e-02	6.9459077427e-05	3.7338827709e-05
4.5500000000e+02	1.7593441064e-02	-1.4047820525e-02	6.9541234263e-05	3.7341703697e-05
4.5600000000e+02	1.7630784198e-02	-1.4117402765e-02	6.9623217025e-05	3.7344561083e-05
4.5700000000e+02	1.7668130180e-02	-1.4187066901e-02	6.9705026437e-05	3.7347400025e-05
4.5800000000e+02	1.7705478992e-02	-1.4256812761e-02	6.9786663216e-05	3.7350220682e-05
4.5900000000e+02	1.7742830616e-02	-1.4326640171e-02	6.9868128075e-05	3.7353023210e-05
4.6000000000e+02	1.7780185033e-02	-1.4396548960e-02	6.9949421723e-05	3.7355807763e-05
4.6100000000e+02	1.7817542225e-02	-1.4466538957e-02	7.0030544864e-05	3.7358574494e-05
4.6200000000e+02	1.7854902176e-02	-1.4536609993e-02	7.0111498200e-05	3.7361323554e-05
4.6300000000e+02	1.7892264867e-02	-1.4606761897e-02	7.0192282427e-05	3.7364055093e-05
4.6400000000e+02	1.7929630280e-02	-1.4676994502e-02	7.0272898237e-05	3.7366769258e-05
4.6500000000e+02	1.7966998399e-02	-1.4747307638e-02	7.0353346316e-05	3.7369466197e-05
4.6600000000e+02	1.8004369207e-02	-1.4817701138e-02	7.0433627351e-05	3.7372146053e-05
4.6700000000e+02	1.8041742686e-02	-1.4888174837e-02	7.0513742019e-05	3.7374808971e-05
4.6800000000e+02	1.8079118819e-02	-1.4958728567e-02	7.0593690997e-05	3.7377455093e-05
4.6900000000e+02	1.8116497590e-02	-1.5029362164e-02	7.0673474956e-05	3.7380084558e-05
4.7000000000e+02	1.8153878983e-02	-1.5100075462e-02	7.0753094564e-05	3.7382697506e-05
4.7100000000e+02	1.8191262980e-02	-1.5170868299e-02	7.0832550485e-05	3.7385294075e-05
4.7200000000e+02	1.8228649566e-02	-1.5241740509e-02	7.0911843378e-05	3.7387874399e-05
4.7300000000e+02	1.8266038723e-02	-1.5312691931e-02	7.0990973900e-05	3.7390438615e-05
4.7400000000e+02	1.8303430438e-02	-1.5383722403e-02	7.1069942701e-05	3.7392986855e-05
4.7500000000e+02	1.8340824692e-02	-1.5454831763e-02	7.1148750431e-05	3.7395519252e-05
4.7600000000e+02	1.8378221471e-02	-1.5526019850e-02	7.1227397733e-05	3.7398035935e-05
4.7700000000e+02	1.8415620759e-02	-1.5597286505e-02	7.1305885249e-05	3.7400537035e-05
4.7800000000e+02	1.8453022540e-02	-1.5668631568e-02	7.1384213614e-05	3.7403022678e-05
4.7900000000e+02	1.8490426799e-02	-1.5740054879e-02	7.1462383462e-05	3.7405492993e-05
4.8000000000e+02	1.8527833521e-02	-1.5811556282e-02	7.1540395422e-05	3.7407948103e-05
4.8100000000e+02	1.8565242690e-02	-1.5883135618e-02	7.1618250120e-05	3.7410388133e-05
4.8200000000e+02	1.8602654292e-02	-1.5954792730e-02	7.1695948178e-05	3.7412813207e-05
4.8300000000e+02	1.8640068311e-02	-1.6026527462e-02	7.1773490215e-05	3.7415223445e-05
4.8400000000e+02	1.8677484734e-02	-1.6098339659e-02	7.1850876844e-05	3.7417618967e-05
4.8500000000e+02	1.8714903545e-02	-1.6170229164e-02	7.1928108678e-05	3.7419999894e-05
4.8600000000e+02	1.8752324729e-02	-1.6242195825e-02	7.2005186324e-05	3.7422366342e-05
4.8700000000e+02	1.8789748272e-02	-1.6314239486e-02	7.2082110386e-05	3.7424718429e-05
4.8800000000e+02	1.8827174161e-02	-1.6386359994e-02	7.2158881466e-05	3.7427056270e-05
4.8900000000e+02	1.8864602380e-02	-1.6458557198e-02	7.2235500160e-05	3.7429379980e-05
4.9000000000e+02	1.8902032916e-02	-1.6530830944e-02	7.2311967062e-05	3.7431689671e-05
4.9100000000e+02	1.8939465755e-02	-1.6603181082e-02	7.2388282763e-05	3.7433985456e-05
4.9200000000e+02	1.8976900883e-02	-1.6675607459e-02	7.2464447850e-05	3.7436267446e-05
4.9300000000e+02	1.9014338285e-02	-1.6748109927e-02	7.2540462906e-05	3.7438535751e-05
4.9400000000e+02	1.9051777950e-02	-1.6820688335e-02	7.2616328512e-05	3.7440790480e-05
4.9500000000e+02	1.9089219862e-02	-1.6893342535e-02	7.2692045245e-05	3.7443031740e-05
4.9600000000e+02	1.9126664009e-02	-1.6966072377e-02	7.2767613680e-05	3.7445259639e-05
4.9700000000e+02	1.9164110377e-02	-1.7038877713e-02	7.2843034385e-05	3.7447474281e-05
4.9800000000e+02	1.9201558953e-02	-1.7111758396e-02	7.2918307930e-05	3.7449675771e-05
4.9900000000e+02	1.9239009724e-02	-1.7184714280e-02	7.2993434877e-05	3.7451864214e-05
5.0000000000e+02	1.9276462677e-02	-1.7257745217e-02	7.3068415788e-05	3.7454039711e-05
5.0100000000e+02	1.9313917799e-02	-1.7330851063e-02	7.3143251221e-05	3.7456202364e-05
5.0200000000e+02	1.9351375077e-02	-1.7404031671e-02	7.3217941731e-05	3.7458352274e-05
5.0300000000e+02	1.9388834499e-02	-1.7477286898e-02	7.3292487868e-05	3.7460489540e-05
5.0400000000e+02	1.9426296052e-02	-1.7550616599e-02	7.3366890182e-05	3.7462614261e-05
5.0500000000e+02	1.9463759724e-02	-1.7624020631e-02	7.3441149217e-05	3.7464726535e-05
5.0600000000e+02	1.9501225501e-02	-1.7697498850e-02	7.3515265516e-05	3.7466826458e-05
5.0700000000e+02	1.9538693372e-02	-1.7771051115e-02	7.3589239619e-05	3.7468914125e-05
5.0800000000e+02	1.9576163325e-02	-1.7844677282e-02	7.3663072062e-05	3.7470989633e-05
5.0900000000e+02	1.9613635348e-02	-1.7918377212e-02	7.3736763378e-05	3.7473053075e-05
5.1000000000e+02	1.9651109428e-02	-1.7992150762e-02	7.3810314097e-05	3.7475104543e-05
5.1100000000e+02	1.9688585553e-02	-1.8065997793e-02	7.3883724747e-05	3.7477144131e-05
5.1200000000e+02	1.9726063712e-02	-1.8139918165e-02	7.3956995853e-05	3.7479171929e-05
5.1300000000e+02	1.9763543893e-02	-1.8213911738e-02	7.4030127936e-05	3.7481188028e-05
5.1400000000e+02	1.9801026084e-02	-1.8287978375e-02	7.4103121515e-05	3.7483192517e-05
5.1500000000e+02	1.9838510274e-02	-1.8362117936e-02	7.4175977106e-05	3.7485185485e-05
5.1600000000e+02	1.9875996451e-02	-1.8436330283e-02	7.4248695222e-05	3.7487167020e-05
5.1700000000e+02	1.9913484604e-02	-1.8510615280e-02	7.4321276372e-05	3.7489137208e-05
5.1800000000e+02	1.9950974722e-02	-1.8584972790e-02	7.4393721066e-05	3.7491096137e-05
5.1900000000e+02	1.9988466793e-02	-1.8659402677e-02	7.4466029807e-05	3.7493043891e-05
5.2000000000e+02	2.0025960806e-02	-1.8733904805e-02	7.4538203098e-05	3.7494980555e-05
5.2100000000e+02	2.0063456750e-02	-1.8808479038e-02	7.4610241437e-05	3.7496906213e-05
5.2200000000e+02	2.0100954615e-02	-1.8883125243e-02	7.4682145321e-05	3.7498820947e-05
5.2300000000e+02	2.0138454389e-02	-1.8957843284e-02	7.4753915244e-05	3.7500724841e-05
5.2400000000e+02	2.0175956061e-02	-1.9032633029e-02	7.4825551698e-05	3.7502617974e-05
5.2500000000e+02	2.0213459621e-02	-1.9107494343e-02	7.4897055170e-05	3.7504500429e-05
5.2600000000e+02	2.0250965058e-02	-1.9182427095e-02	7.4968426147e-05	3.7506372285e-05
5.2700000000e+02	2.0288472362e-02	-1.9257431152e-02	7.5039665111e-05	3.7508233621e-05
5.2800000000e+02	2.0325981522e-02	-1.9332506381e-02	7.5110772544e-05	3.7510084515e-05
5.2900000000e+02	2.0363492528e-02	-1.9407652653e-02	7.5181748924e-05	3.7511925046e-05
5.3000000000e+02	2.0401005369e-02	-1.9482869836e-02	7.5252594725e-05	3.7513755290e-05
5.3100000000e+02	2.0438520035e-02	-1.9558157799e-02	7.5323310422e-05	3.7515575324e-05
5.3200000000e+02	2.0476036516e-02	-1.9633516413e-02	7.5393896484e-05	3.7517385223e-05
5.3300000000e+02	2.0513554802e-02	-1.9708945549e-02	7.5464353379e-05	3.7519185062e-05
5.3400000000e+02	2.0551074883e-02	-1.9784445077e-02	7.5534681573e-05	3.7520974915e-05
5.3500000000e+02	2.0588596748e-02	-1.9860014869e-02	7.5604881529e-05	3.7522754856e-05
5.3600000000e+02	2.0626120389e-02	-1.9935654798e-02	7.5674953707e-05	3.7524524957e-05
5.3700000000e+02	2.0663645795e-02	-2.0011364734e-02	7.5744898565e-05	3.7526285292e-05
5.3800000000e+02	2.0701172956e-02	-2.0087144553e-02	7.5814716559e-05	3.7528035931e-05
5.3900000000e+02	2.0738701864e-02	-2.0162994125e-02	7.5884408143e-05	3.7529776944e-05
5.4000000000e+02	2.0776232507e-02	-2.0238913327e-02	7.5953973767e-05	3.7531508404e-05
5.4100000000e+02	2.0813764877e-02	-2.0314902031e-02	7.6023413879e-05	3.7533230378e-05
5.4200000000e+02	2.0851298965e-02	-2.0390960113e-02	7.6092728926e-05	3.7534942936e-05
5.4300000000e+02	2.0888834760e-02	-2.0467087447e-02	7.6161919351e-05	3.7536646147e-05
5.4400000000e+02	2.0926372254e-02	-2.0543283910e-02	7.6230985596e-05	3.7538340077e-05
5.4500000000e+02	2.0963911437e-02	-2.0619549377e-02	7.6299928100e-05	3.7540024795e-05
5.4600000000e+02	2.1001452300e-02	-2.0695883725e-02	7.6368747300e-05	3.7541700366e-05
5.4700000000e+02	2.1038994835e-02	-2.0772286831e-02	7.6437443630e-05	3.7543366857e-05
5.4800000000e+02	2.1076539031e-02	-2.0848758572e-02	7.6506017524e-05	3.7545024332e-05
5.4900000000e+02	2.1114084881e-02	-2.0925298825e-02	7.6574469410e-05	3.7546672857e-05
5.5000000000e+02	2.1151632374e-02	-2.1001907470e-02	7.6642799716e-05	3.7548312496e-05
5.5100000000e+02	2.1189181503e-02	-2.1078584384e-02	7.6711008869e-05	3.7549943312e-05
5.5200000000e+02	2.1226732258e-02	-2.1155329448e-02	7.6779097292e-05	3.7551565369e-05
5.5300000000e+02	2.1264284630e-02	-2.1232142539e-02	7.6847065406e-05	3.7553178728e-05
5.5400000000e+02	2.1301838612e-02	-2.1309023538e-02	7.6914913629e-05	3.7554783451e-05
5.5500000000e+02	2.1339394194e-02	-2.1385972326e-02	7.6982642380e-05	3.7556379601e-05
5.5600000000e+02	2.1376951369e-02	-2.1462988783e-02	7.7050252072e-05	3.7557967237e-05
5.5700000000e+02	2.1414510126e-02	-2.1540072791e-02	7.7117743119e-05	3.7559546421e-05
5.5800000000e+02	2.1452070459e-02	-2.1617224230e-02	7.7185115930e-05	3.7561117211e-05
5.5900000000e+02	2.1489632358e-02	-2.1694442984e-02	7.7252370915e-05	3.7562679668e-05
5.6000000000e+02	2.1527195815e-02	-2.1771728933e-02	7.7319508479e-05	3.7564233849e-05
5.6100000000e+02	2.1564760823e-02	-2.1849081961e-02	7.7386529027e-05	3.7565779813e-05
5.6200000000e+02	2.1602327372e-02	-2.1926501952e-02	7.7453432961e-05	3.7567317617e-05
5.6300000000e+02	2.1639895455e-02	-2.2003988789e-02	7.7520220682e-05	3.7568847320e-05
5.6400000000e+02	2.1677465064e-02	-2.2081542355e-02	7.7586892587e-05	3.7570368976e-05
5.6500000000e+02	2.1715036191e-02	-2.2159162535e-02	7.7653449072e-05	3.7571882643e-05
5.6600000000e+02	2.1752608827e-02	-2.2236849215e-02	7.7719890533e-05	3.7573388377e-05
5.6700000000e+02	2.1790182965e-02	-2.2314602278e-02	7.7786217360e-05	3.7574886232e-05
5.6800000000e+02	2.1827758597e-02	-2.2392421611e-02	7.7852429944e-05	3.7576376263e-05
5.6900000000e+02	2.1865335715e-02	-2.2470307100e-02	7.7918528673e-05	3.7577858525e-05
5.7000000000e+02	2.1902914311e-02	-2.2548258631e-02	7.7984513933e-05	3.7579333071e-05
5.7100000000e+02	2.1940494378e-02	-2.2626276090e-02	7.8050386110e-05	3.7580799954e-05
5.7200000000e+02	2.1978075908e-02	-2.2704359366e-02	7.8116145584e-05	3.7582259228e-05
5.7300000000e+02	2.2015658894e-02	-2.2782508344e-02	7.8181792737e-05	3.7583710944e-05
5.7400000000e+02	2.2053243328e-02	-2.2860722914e-02	7.8247327947e-05	3.7585155156e-05
5.7500000000e+02	2.2090829202e-02	-2.2939002963e-02	7.8312751591e-05	3.7586591913e-05
5.7600000000e+02	2.2128416509e-02	-2.3017348380e-02	7.8378064043e-05	3.7588021269e-05
5.7700000000e+02	2.2166005242e-02	-2.3095759054e-02	7.8443265678e-05	3.7589443272e-05
5.7800000000e+02	2.2203595393e-02	-2.3174234874e-02	7.8508356864e-05	3.7590857973e-05
5.7900000000e+02	2.2241186956e-02	-2.3252775731e-02	7.8573337973e-05	3.7592265422e-05
5.8000000000e+02	2.2278779922e-02	-2.3331381514e-02	7.8638209372e-05	3.7593665669e-05
5.8100000000e+02	2.2316374285e-02	-2.3410052113e-02	7.8702971425e-05	3.7595058762e-05
5.8200000000e+02	2.2353970037e-02	-2.3488787420e-02	7.8767624497e-05	3.7596444750e-05
5.8300000000e+02	2.2391567172e-02	-2.3567587326e-02	7.8832168950e-05	3.7597823681e-05
5.8400000000e+02	2.2429165682e-02	-2.3646451722e-02	7.8896605144e-05	3.7599195602e-05
5.8500000000e+02	2.2466765561e-02	-2.3725380500e-02	7.8960933437e-05	3.7600560561e-05
5.8600000000e+02	2.2504366801e-02	-2.3804373553e-02	7.9025154187e-05	3.7601918606e-05
5.8700000000e+02	2.2541969395e-02	-2.3883430773e-02	7.9089267749e-05	3.7603269781e-05
5.8800000000e+02	2.2579573338e-02	-2.3962552053e-02	7.9153274475e-05	3.7604614135e-05
5.8900000000e+02	2.2617178622e-02	-2.4041737286e-02	7.9217174716e-05	3.7605951711e-05
5.9000000000e+02	2.2654785239e-02	-2.4120986367e-02	7.9280968824e-05	3.7607282556e-05
5.9100000000e+02	2.2692393184e-02	-2.4200299189e-02	7.9344657146e-05	3.7608606715e-05
5.9200000000e+02	2.2730002450e-02	-2.4279675646e-02	7.9408240028e-05	3.7609924232e-05
5.9300000000e+02	2.2767613031e-02	-2.4359115634e-02	7.9471717815e-05	3.7611235151e-05
5.9400000000e+02	2.2805224919e-02	-2.4438619047e-02	7.9535090851e-05	3.7612539517e-05
5.9500000000e+02	2.2842838108e-02	-2.4518185781e-02	7.9598359476e-05	3.7613837373e-05
5.9600000000e+02	2.2880452591e-02	-2.4597815731e-02	7.9661524031e-05	3.7615128761e-05
5.9700000000e+02	2.2918068363e-02	-2.4677508794e-02	7.9724584853e-05	3.7616413726e-05
5.9800000000e+02	2.2955685416e-02	-2.4757264866e-02	7.9787542279e-05	3.7617692309e-05
5.9900000000e+02	2.2993303745e-02	-2.4837083844e-02	7.9850396644e-05	3.7618964552e-05
6.0000000000e+02	2.3030923343e-02	-2.4916965625e-02	7.9913148282e-05	3.7620230497e-05
6.0100000000e+02	2.3068544204e-02	-2.4996910107e-02	7.9975797523e-05	3.7621490185e-05
6.0200000000e+02	2.3106166322e-02	-2.5076917186e-02	8.0038344698e-05	3.7622743658e-05
6.0300000000e+02	2.3143789690e-02	-2.5156986762e-02	8.0100790136e-05	3.7623990957e-05
6.0400000000e+02	2.3181414302e-02	-2.5237118733e-02	8.0163134163e-05	3.7625232121e-05
6.0500000000e+02	2.3219040152e-02	-2.5317312997e-02	8.0225377105e-05	3.7626467190e-05
6.0600000000e+02	2.3256667234e-02	-2.5397569454e-02	8.0287519286e-05	3.7627696206e-05
6.0700000000e+02	2.3294295542e-02	-2.5477888002e-02	8.0349561028e-05	3.7628919206e-05
6.0800000000e+02	2.3331925070e-02	-2.5558268542e-02	8.0411502652e-05	3.7630136230e-05
6.0900000000e+02	2.3369555813e-02	-2.5638710974e-02	8.0473344478e-05	3.7631347317e-05
6.1000000000e+02	2.3407187763e-02	-2.5719215198e-02	8.0535086822e-05	3.7632552505e-05
6.1100000000e+02	2.3444820916e-02	-2.5799781115e-02	8.0596730001e-05	3.7633751833e-05
6.1200000000e+02	2.3482455265e-02	-2.5880408625e-02	8.0658274330e-05	3.7634945338e-05
6.1300000000e+02	2.3520090804e-02	-2.5961097631e-02	8.0719720122e-05	3.7636133057e-05
6.1400000000e+02	2.3557727529e-02	-2.6041848033e-02	8.0781067690e-05	3.7637315029e-05
6.1500000000e+02	2.3595365433e-02	-2.6122659733e-02	8.0842317343e-05	3.7638491290e-05
6.1600000000e+02	2.3633004510e-02	-2.6203532635e-02	8.0903469390e-05	3.7639661876e-05
6.1700000000e+02	2.3670644754e-02	-2.6284466640e-02	8.0964524140e-05	3.7640826825e-05
6.1800000000e+02	2.3708286161e-02	-2.6365461651e-02	8.1025481897e-05	3.7641986171e-05
6.1900000000e+02	2.3745928725e-02	-2.6446517571e-02	8.1086342966e-05	3.7643139952e-05
6.2000000000e+02	2.3783572440e-02	-2.6527634305e-02	8.1147107652e-05	3.7644288201e-05
6.2100000000e+02	2.3821217300e-02	-2.6608811754e-02	8.1207776254e-05	3.7645430956e-05
6.2200000000e+02	2.3858863300e-02	-2.6690049825e-02	8.1268349075e-05	3.7646568250e-05
6.2300000000e+02	2.3896510434e-02	-2.6771348421e-02	8.1328826413e-05	3.7647700118e-05
6.2400000000e+02	2.3934158698e-02	-2.6852707446e-02	8.1389208564e-05	3.7648826594e-05
6.2500000000e+02	2.3971808086e-02	-2.6934126806e-02	8.1449495827e-05	3.7649947713e-05
6.2600000000e+02	2.4009458592e-02	-2.7015606406e-02	8.1509688495e-05	3.7651063509e-05
6.2700000000e+02	2.4047110211e-02	-2.7097146152e-02	8.1569786862e-05	3.7652174015e-05
6.2800000000e+02	2.4084762938e-02	-2.7178745949e-02	8.1629791221e-05	3.7653279264e-05
6.2900000000e+02	2.4122416768e-02	-2.7260405703e-02	8.1689701861e-05	3.7654379290e-05
6.3000000000e+02	2.4160071695e-02	-2.7342125321e-02	8.1749519073e-05	3.7655474125e-05
6.3100000000e+02	2.4197727714e-02	-2.7423904710e-02	8.1809243145e-05	3.7656563802e-05
6.3200000000e+02	2.4235384821e-02	-2.7505743777e-02	8.1868874363e-05	3.7657648353e-05
6.3300000000e+02	2.4273043009e-02	-2.7587642428e-02	8.1928413013e-05	3.7658727810e-05
6.3400000000e+02	2.4310702275e-02	-2.7669600572e-02	8.1987859379e-05	3.7659802205e-05
6.3500000000e+02	2.4348362612e-02	-2.7751618116e-02	8.2047213745e-05	3.7660871570e-05
6.3600000000e+02	2.4386024016e-02	-2.7833694969e-02	8.2106476391e-05	3.7661935935e-05
6.3700000000e+02	2.4423686482e-02	-2.7915831038e-02	8.2165647599e-05	3.7662995332e-05
6.3800000000e+02	2.4461350005e-02	-2.7998026234e-02	8.2224727647e-05	3.7664049791e-05
6.3900000000e+02	2.4499014580e-02	-2.8080280463e-02	8.2283716813e-05	3.7665099344e-05
6.4000000000e+02	2.4536680202e-02	-2.8162593637e-02	8.2342615374e-05	3.7666144020e-05
6.4100000000e+02	2.4574346867e-02	-2.8244965664e-02	8.2401423605e-05	3.7667183850e-05
6.4200000000e+02	2.4612014568e-02	-2.8327396454e-02	8.2460141780e-05	3.7668218863e-05
6.4300000000e+02	2.4649683303e-02	-2.8409885918e-02	8.2518770172e-05	3.7669249090e-05
6.4400000000e+02	2.4687353065e-02	-2.8492433965e-02	8.2577309052e-05	3.7670274558e-05
6.4500000000e+02	2.4725023850e-02	-2.8575040506e-02	8.2635758692e-05	3.7671295299e-05
6.4600000000e+02	2.4762695654e-02	-2.8657705452e-02	8.2694119360e-05	3.7672311340e-05
6.4700000000e+02	2.4800368471e-02	-2.8740428715e-02	8.2752391324e-05	3.7673322711e-05
6.4800000000e+02	2.4838042298e-02	-2.8823210206e-02	8.2810574851e-05	3.7674329440e-05
6.4900000000e+02	2.4875717129e-02	-2.8906049835e-02	8.2868670207e-05	3.7675331555e-05
6.5000000000e+02	2.4913392959e-02	-2.8988947517e-02	8.2926677656e-05	3.7676329084e-05
6.5100000000e+02	2.4951069785e-02	-2.9071903162e-02	8.2984597461e-05	3.7677322056e-05
6.5200000000e+02	2.4988747602e-02	-2.9154916683e-02	8.3042429884e-05	3.7678310497e-05
6.5300000000e+02	2.5026426405e-02	-2.9237987992e-02	8.3100175187e-05	3.7679294436e-05
6.5400000000e+02	2.5064106189e-02	-2.9321117004e-02	8.3157833629e-05	3.7680273900e-05
6.5500000000e+02	2.5101786951e-02	-2.9404303631e-02	8.3215405468e-05	3.7681248915e-05
6.5600000000e+02	2.5139468686e-02	-2.9487547786e-02	8.3272890963e-05	3.7682219508e-05
6.5700000000e+02	2.5177151389e-02	-2.9570849384e-02	8.3330290369e-05	3.7683185707e-05
6.5800000000e+02	2.5214835056e-02	-2.9654208338e-02	8.3387603942e-05	3.7684147538e-05
6.5900000000e+02	2.5252519682e-02	-2.9737624563e-02	8.3444831936e-05	3.7685105026e-05
6.6000000000e+02	2.5290205264e-02	-2.9821097974e-02	8.3501974603e-05	3.7686058198e-05
6.6100000000e+02	2.5327891797e-02	-2.9904628484e-02	8.3559032196e-05	3.7687007080e-05
6.6200000000e+02	2.5365579277e-02	-2.9988216010e-02	8.3616004965e-05	3.7687951697e-05
6.6300000000e+02	2.5403267699e-02	-3.0071860466e-02	8.3672893160e-05	3.7688892075e-05
6.6400000000e+02	2.5440957060e-02	-3.0155561768e-02	8.3729697030e-05	3.7689828240e-05
6.6500000000e+02	2.5478647354e-02	-3.0239319832e-02	8.3786416821e-05	3.7690760215e-05
6.6600000000e+02	2.5516338579e-02	-3.0323134574e-02	8.3843052782e-05	3.7691688027e-05
6.6700000000e+02	2.5554030729e-02	-3.0407005910e-02	8.3899605155e-05	3.7692611699e-05
6.6800000000e+02	2.5591723801e-02	-3.0490933756e-02	8.3956074187e-05	3.7693531257e-05
6.6900000000e+02	2.5629417790e-02	-3.0574918030e-02	8.4012460120e-05	3.7694446725e-05
6.7000000000e+02	2.5667112693e-02	-3.0658958649e-02	8.4068763197e-05	3.7695358127e-05
6.7100000000e+02	2.5704808505e-02	-3.0743055529e-02	8.4124983658e-05	3.7696265486e-05
6.7200000000e+02	2.5742505223e-02	-3.0827208589e-02	8.4181121743e-05	3.7697168828e-05
6.7300000000e+02	2.5780202841e-02	-3.0911417745e-02	8.4237177692e-05	3.7698068174e-05
6.7400000000e+02	2.5817901358e-02	-3.0995682917e-02	8.4293151742e-05	3.7698963550e-05
6.7500000000e+02	2.5855600767e-02	-3.1080004022e-02	8.4349044131e-05	3.7699854978e-05
6.7600000000e+02	2.5893301066e-02	-3.1164380978e-02	8.4404855095e-05	3.7700742481e-05
6.7700000000e+02	2.5931002251e-02	-3.1248813705e-02	8.4460584868e-05	3.7701626083e-05
6.7800000000e+02	2.5968704317e-02	-3.1333302121e-02	8.4516233684e-05	3.7702505805e-05
6.7900000000e+02	2.6006407261e-02	-3.1417846145e-02	8.4571801777e-05	3.7703381671e-05
6.8000000000e+02	2.6044111079e-02	-3.1502445697e-02	8.4627289377e-05	3.7704253704e-05
6.8100000000e+02	2.6081815767e-02	-3.1587100697e-02	8.4682696717e-05	3.7705121925e-05
6.8200000000e+02	2.6119521322e-02	-3.1671811064e-02	8.4738024026e-05	3.7705986356e-05
6.8300000000e+02	2.6157227739e-02	-3.1756576719e-02	8.4793271533e-05	3.7706847020e-05
6.8400000000e+02	2.6194935015e-02	-3.1841397581e-02	8.4848439467e-05	3.7707703939e-05
6.8500000000e+02	2.6232643145e-02	-3.1926273571e-02	8.4903528053e-05	3.7708557133e-05
6.8600000000e+02	2.6270352128e-02	-3.2011204610e-02	8.4958537519e-05	3.7709406626e-05
6.8700000000e+02	2.6308061957e-02	-3.2096190620e-02	8.5013468089e-05	3.7710252437e-05
6.8800000000e+02	2.6345772631e-02	-3.2181231520e-02	8.5068319988e-05	3.7711094588e-05
6.8900000000e+02	2.6383484145e-02	-3.2266327234e-02	8.5123093438e-05	3.7711933100e-05
6.9000000000e+02	2.6421196496e-02	-3.2351477681e-02	8.5177788663e-05	3.7712767995e-05
6.9100000000e+02	2.6458909680e-02	-3.2436682785e-02	8.5232405883e-05	3.7713599292e-05
6.9200000000e+02	2.6496623694e-02	-3.2521942467e-02	8.5286945319e-05	3.7714427013e-05
6.9300000000e+02	2.6534338533e-02	-3.2607256650e-02	8.5341407190e-05	3.7715251178e-05
6.9400000000e+02	2.6572054195e-02	-3.2692625256e-02	8.5395791715e-05	3.7716071807e-05
6.9500000000e+02	2.6609770675e-02	-3.2778048207e-02	8.5450099112e-05	3.7716888920e-05
6.9600000000e+02	2.6647487971e-02	-3.2863525428e-02	8.5504329597e-05	3.7717702538e-05
6.9700000000e+02	2.6685206079e-02	-3.2949056841e-02	8.5558483387e-05	3.7718512680e-05
6.9800000000e+02	2.6722924996e-02	-3.3034642369e-02	8.5612560695e-05	3.7719319366e-05
6.9900000000e+02	2.6760644717e-02	-3.3120281937e-02	8.5666561737e-05	3.7720122615e-05
7.0000000000e+02	2.6798365240e-02	-3.3205975468e-02	8.5720486725e-05	3.7720922448e-05
7.0100000000e+02	2.6836086561e-02	-3.3291722885e-02	8.5774335872e-05	3.7721718882e-05
7.0200000000e+02	2.6873808676e-02	-3.3377524114e-02	8.5828109388e-05	3.7722511939e-05
7.0300000000e+02	2.6911531583e-02	-3.3463379079e-02	8.5881807486e-05	3.7723301636e-05
7.0400000000e+02	2.6949255279e-02	-3.3549287704e-02	8.5935430373e-05	3.7724087992e-05
7.0500000000e+02	2.6986979758e-02	-3.3635249915e-02	8.5988978260e-05	3.7724871027e-05
7.0600000000e+02	2.7024705020e-02	-3.3721265636e-02	8.6042451353e-05	3.7725650759e-05
7.0700000000e+02	2.7062431059e-02	-3.3807334792e-02	8.6095849860e-05	3.7726427206e-05
7.0800000000e+02	2.7100157873e-02	-3.3893457311e-02	8.6149173988e-05	3.7727200387e-05
7.0900000000e+02	2.7137885458e-02	-3.3979633116e-02	8.6202423941e-05	3.7727970320e-05
7.1000000000e+02	2.7175613812e-02	-3.4065862134e-02	8.6255599924e-05	3.7728737024e-05
7.1100000000e+02	2.7213342931e-02	-3.4152144291e-02	8.6308702141e-05	3.7729500516e-05
7.1200000000e+02	2.7251072812e-02	-3.4238479514e-02	8.6361730795e-05	3.7730260813e-05
7.1300000000e+02	2.7288803452e-02	-3.4324867728e-02	8.6414686087e-05	3.7731017935e-05
7.1400000000e+02	2.7326534847e-02	-3.4411308861e-02	8.6467568219e-05	3.7731771899e-05
7.1500000000e+02	2.7364266995e-02	-3.4497802840e-02	8.6520377392e-05	3.7732522721e-05
7.1600000000e+02	2.7401999892e-02	-3.4584349592e-02	8.6573113804e-05	3.7733270420e-05
7.1700000000e+02	2.7439733535e-02	-3.4670949044e-02	8.6625777654e-05	3.7734015012e-05
7.1800000000e+02	2.7477467921e-02	-3.4757601123e-02	8.6678369142e-05	3.7734756516e-05
7.1900000000e+02	2.7515203047e-02	-3.4844305758e-02	8.6730888462e-05	3.7735494947e-05
7.2000000000e+02	2.7552938909e-02	-3.4931062876e-02	8.6783335813e-05	3.7736230323e-05
7.2100000000e+02	2.7590675506e-02	-3.5017872406e-02	8.6835711389e-05	3.7736962661e-05
7.2200000000e+02	2.7628412834e-02	-3.5104734275e-02	8.6888015386e-05	3.7737691977e-05
7.2300000000e+02	2.7666150889e-02	-3.5191648413e-02	8.6940247997e-05	3.7738418289e-05
7.2400000000e+02	2.7703889669e-02	-3.5278614747e-02	8.6992409415e-05	3.7739141611e-05
7.2500000000e+02	2.7741629171e-02	-3.5365633208e-02	8.7044499833e-05	3.7739861961e-05
7.2600000000e+02	2.7779369392e-02	-3.5452703723e-02	8.7096519443e-05	3.7740579355e-05
7.2700000000e+02	2.7817110329e-02	-3.5539826223e-02	8.7148468435e-05	3.7741293810e-05
7.2800000000e+02	2.7854851979e-02	-3.5627000637e-02	8.7200346999e-05	3.7742005340e-05
7.2900000000e+02	2.7892594339e-02	-3.5714226894e-02	8.7252155326e-05	3.7742713962e-05
7.3000000000e+02	2.7930337406e-02	-3.5801504924e-02	8.7303893603e-05	3.7743419692e-05
7.3100000000e+02	2.7968081177e-02	-3.5888834658e-02	8.7355562018e-05	3.7744122546e-05
7.3200000000e+02	2.8005825650e-02	-3.5976216025e-02	8.7407160758e-05	3.7744822539e-05
7.3300000000e+02	2.8043570821e-02	-3.6063648956e-02	8.7458690010e-05	3.7745519686e-05
7.3400000000e+02	2.8081316688e-02	-3.6151133382e-02	8.7510149959e-05	3.7746214003e-05
7.3500000000e+02	2.8119063248e-02	-3.6238669233e-02	8.7561540791e-05	3.7746905505e-05
7.3600000000e+02	2.8156810499e-02	-3.6326256440e-02	8.7612862689e-05	3.7747594208e-05
7.3700000000e+02	2.8194558436e-02	-3.6413894935e-02	8.7664115836e-05	3.7748280127e-05
7.3800000000e+02	2.8232307058e-02	-3.6501584649e-02	8.7715300416e-05	3.7748963275e-05
7.3900000000e+02	2.8270056362e-02	-3.6589325513e-02	8.7766416610e-05	3.7749643669e-05
7.4000000000e+02	2.8307806344e-02	-3.6677117460e-02	8.7817464600e-05	3.7750321323e-05
7.4100000000e+02	2.8345557003e-02	-3.6764960420e-02	8.7868444566e-05	3.7750996252e-05
7.4200000000e+02	2.8383308336e-02	-3.6852854326e-02	8.7919356687e-05	3.7751668470e-05
7.4300000000e+02	2.8421060339e-02	-3.6940799111e-02	8.7970201144e-05	3.7752337992e-05
7.4400000000e+02	2.8458813011e-02	-3.7028794706e-02	8.8020978114e-05	3.7753004832e-05
7.4500000000e+02	2.8496566348e-02	-3.7116841044e-02	8.8071687775e-05	3.7753669005e-05
7.4600000000e+02	2.8534320348e-02	-3.7204938059e-02	8.8122330305e-05	3.7754330524e-05
7.4700000000e+02	2.8572075008e-02	-3.7293085683e-02	8.8172905878e-05	3.7754989404e-05
7.4800000000e+02	2.8609830326e-02	-3.7381283849e-02	8.8223414672e-05	3.7755645658e-05
7.4900000000e+02	2.8647586299e-02	-3.7469532490e-02	8.8273856861e-05	3.7756299301e-05
7.5000000000e+02	2.8685342924e-02	-3.7557831540e-02	8.8324232619e-05	3.7756950347e-05
7.5100000000e+02	2.8723100199e-02	-3.7646180933e-02	8.8374542119e-05	3.7757598809e-05
7.5200000000e+02	2.8760858121e-02	-3.7734580602e-02	8.8424785536e-05	3.7758244700e-05
7.5300000000e+02	2.8798616687e-02	-3.7823030482e-02	8.8474963040e-05	3.7758888035e-05
7.5400000000e+02	2.8836375896e-02	-3.7911530506e-02	8.8525074804e-05	3.7759528827e-05
7.5500000000e+02	2.8874135744e-02	-3.8000080610e-02	8.8575120998e-05	3.7760167089e-05
7.5600000000e+02	2.8911896229e-02	-3.8088680727e-02	8.8625101793e-05	3.7760802834e-05
7.5700000000e+02	2.8949657349e-02	-3.8177330792e-02	8.8675017359e-05	3.7761436076e-05
7.5800000000e+02	2.8987419100e-02	-3.8266030740e-02	8.8724867863e-05	3.7762066828e-05
7.5900000000e+02	2.9025181482e-02	-3.8354780506e-02	8.8774653475e-05	3.7762695103e-05
7.6000000000e+02	2.9062944490e-02	-3.8443580025e-02	8.8824374362e-05	3.7763320913e-05
7.6100000000e+02	2.9100708123e-02	-3.8532429233e-02	8.8874030691e-05	3.7763944272e-05
7.6200000000e+02	2.9138472378e-02	-3.8621328065e-02	8.8923622628e-05	3.7764565192e-05
7.6300000000e+02	2.9176237252e-02	-3.8710276457e-02	8.8973150340e-05	3.7765183686e-05
7.6400000000e+02	2.9214002744e-02	-3.8799274344e-02	8.9022613990e-05	3.7765799767e-05
7.6500000000e+02	2.9251768851e-02	-3.8888321664e-02	8.9072013744e-05	3.7766413447e-05
7.6600000000e+02	2.9289535570e-02	-3.8977418351e-02	8.9121349766e-05	3.7767024738e-05
7.6700000000e+02	2.9327302900e-02	-3.9066564342e-02	8.9170622218e-05	3.7767633654e-05
7.6800000000e+02	2.9365070837e-02	-3.9155759574e-02	8.9219831264e-05	3.7768240206e-05
7.6900000000e+02	2.9402839379e-02	-3.9245003983e-02	8.9268977064e-05	3.7768844406e-05
7.7000000000e+02	2.9440608525e-02	-3.9334297507e-02	8.9318059782e-05	3.7769446266e-05
7.7100000000e+02	2.9478378271e-02	-3.9423640082e-02	8.9367079576e-05	3.7770045800e-05
7.7200000000e+02	2.9516148616e-02	-3.9513031645e-02	8.9416036607e-05	3.7770643018e-05
7.7300000000e+02	2.9553919556e-02	-3.9602472134e-02	8.9464931036e-05	3.7771237932e-05
7.7400000000e+02	2.9591691091e-02	-3.9691961486e-02	8.9513763020e-05	3.7771830554e-05
7.7500000000e+02	2.9629463217e-02	-3.9781499640e-02	8.9562532718e-05	3.7772420897e-05
7.7600000000e+02	2.9667235932e-02	-3.9871086531e-02	8.9611240287e-05	3.7773008971e-05
7.7700000000e+02	2.9705009234e-02	-3.9960722099e-02	8.9659885886e-05	3.7773594789e-05
7.7800000000e+02	2.9742783121e-02	-4.0050406282e-02	8.9708469670e-05	3.7774178361e-05
7.7900000000e+02	2.9780557590e-02	-4.0140139018e-02	8.9756991795e-05	3.7774759700e-05
7.8000000000e+02	2.9818332639e-02	-4.0229920245e-02	8.9805452416e-05	3.7775338816e-05
7.8100000000e+02	2.9856108267e-02	-4.0319749903e-02	8.9853851689e-05	3.7775915721e-05
7.8200000000e+02	2.9893884470e-02	-4.0409627928e-02	8.9902189768e-05	3.7776490426e-05
7.8300000000e+02	2.9931661247e-02	-4.0499554262e-02	8.9950466805e-05	3.7777062943e-05
7.8400000000e+02	2.9969438595e-02	-4.0589528842e-02	8.9998682955e-05	3.7777633281e-05
7.8500000000e+02	3.0007216513e-02	-4.0679551607e-02	9.0046838370e-05	3.7778201453e-05
7.8600000000e+02	3.0044994997e-02	-4.0769622498e-02	9.0094933200e-05	3.7778767470e-05
7.8700000000e+02	3.0082774047e-02	-4.0859741454e-02	9.0142967599e-05	3.7779331342e-05
7.8800000000e+02	3.0120553659e-02	-4.0949908413e-02	9.0190941717e-05	3.7779893079e-05
7.8900000000e+02	3.0158333832e-02	-4.1040123317e-02	9.0238855703e-05	3.7780452694e-05
7.9000000000e+02	3.0196114564e-02	-4.1130386105e-02	9.0286709707e-05	3.7781010196e-05
7.9100000000e+02	3.0233895852e-02	-4.1220696717e-02	9.0334503879e-05	3.7781565596e-05
7.9200000000e+02	3.0271677694e-02	-4.1311055093e-02	9.0382238368e-05	3.7782118904e-05
7.9300000000e+02	3.0309460089e-02	-4.1401461173e-02	9.0429913320e-05	3.7782670132e-05
7.9400000000e+02	3.0347243034e-02	-4.1491914900e-02	9.0477528884e-05	3.7783219288e-05
7.9500000000e+02	3.0385026527e-02	-4.1582416211e-02	9.0525085206e-05	3.7783766385e-05
7.9600000000e+02	3.0422810566e-02	-4.1672965050e-02	9.0572582433e-05	3.7784311432e-05
7.9700000000e+02	3.0460595149e-02	-4.1763561357e-02	9.0620020710e-05	3.7784854439e-05
7.9800000000e+02	3.0498380274e-02	-4.1854205072e-02	9.0667400183e-05	3.7785395417e-05
7.9900000000e+02	3.0536165939e-02	-4.1944896138e-02	9.0714720997e-05	3.7785934375e-05
8.0000000000e+02	3.0573952142e-02	-4.2035634495e-02	9.0761983296e-05	3.7786471323e-05
8.0100000000e+02	3.0611738881e-02	-4.2126420085e-02	9.0809187223e-05	3.7787006272e-05
8.0200000000e+02	3.0649526154e-02	-4.2217252850e-02	9.0856332922e-05	3.7787539232e-05
8.0300000000e+02	3.0687313959e-02	-4.2308132731e-02	9.0903420536e-05	3.7788070212e-05
8.0400000000e+02	3.0725102294e-02	-4.2399059671e-02	9.0950450206e-05	3.7788599222e-05
8.0500000000e+02	3.0762891157e-02	-4.2490033612e-02	9.0997422074e-05	3.7789126271e-05
8.0600000000e+02	3.0800680546e-02	-4.2581054496e-02	9.1044336281e-05	3.7789651370e-05
8.0700000000e+02	3.0838470459e-02	-4.2672122266e-02	9.1091192967e-05	3.7790174528e-05
8.0800000000e+02	3.0876260894e-02	-4.2763236863e-02	9.1137992274e-05	3.7790695755e-05
8.0900000000e+02	3.0914051850e-02	-4.2854398231e-02	9.1184734340e-05	3.7791215060e-05
8.1000000000e+02	3.0951843324e-02	-4.2945606313e-02	9.1231419304e-05	3.7791732452e-05
8.1100000000e+02	3.0989635314e-02	-4.3036861051e-02	9.1278047306e-05	3.7792247941e-05
8.1200000000e+02	3.1027427819e-02	-4.3128162388e-02	9.1324618482e-05	3.7792761536e-05
8.1300000000e+02	3.1065220837e-02	-4.3219510269e-02	9.1371132971e-05	3.7793273246e-05
8.1400000000e+02	3.1103014365e-02	-4.3310904635e-02	9.1417590910e-05	3.7793783081e-05
8.1500000000e+02	3.1140808402e-02	-4.3402345432e-02	9.1463992434e-05	3.7794291050e-05
8.1600000000e+02	3.1178602946e-02	-4.3493832602e-02	9.1510337681e-05	3.7794797162e-05
8.1700000000e+02	3.1216397996e-02	-4.3585366088e-02	9.1556626786e-05	3.7795301426e-05
8.1800000000e+02	3.1254193549e-02	-4.3676945836e-02	9.1602859884e-05	3.7795803850e-05
8.1900000000e+02	3.1291989603e-02	-4.3768571790e-02	9.1649037109e-05	3.7796304444e-05
8.2000000000e+02	3.1329786157e-02	-4.3860243892e-02	9.1695158596e-05	3.7796803217e-05
8.2100000000e+02	3.1367583209e-02	-4.3951962088e-02	9.1741224479e-05	3.7797300177e-05
8.2200000000e+02	3.1405380757e-02	-4.4043726323e-02	9.1787234890e-05	3.7797795334e-05
8.2300000000e+02	3.1443178799e-02	-4.4135536540e-02	9.1833189962e-05	3.7798288695e-05
8.2400000000e+02	3.1480977333e-02	-4.4227392684e-02	9.1879089827e-05	3.7798780270e-05
8.2500000000e+02	3.1518776359e-02	-4.4319294701e-02	9.1924934618e-05	3.7799270067e-05
8.2600000000e+02	3.1556575873e-02	-4.4411242535e-02	9.1970724465e-05	3.7799758095e-05
8.2700000000e+02	3.1594375874e-02	-4.4503236132e-02	9.2016459499e-05	3.7800244362e-05
8.2800000000e+02	3.1632176361e-02	-4.4595275436e-02	9.2062139851e-05	3.7800728877e-05
8.2900000000e+02	3.1669977332e-02	-4.4687360393e-02	9.2107765651e-05	3.7801211648e-05
8.3000000000e+02	3.1707778784e-02	-4.4779490949e-02	9.2153337028e-05	3.7801692683e-05
8.3100000000e+02	3.1745580716e-02	-4.4871667049e-02	9.2198854110e-05	3.7802171991e-05
8.3200000000e+02	3.1783383127e-02	-4.4963888639e-02	9.2244317027e-05	3.7802649580e-05
8.3300000000e+02	3.1821186015e-02	-4.5056155665e-02	9.2289725906e-05	3.7803125458e-05
8.3400000000e+02	3.1858989378e-02	-4.5148468073e-02	9.2335080876e-05	3.7803599633e-05
8.3500000000e+02	3.1896793214e-02	-4.5240825809e-02	9.2380382063e-05	3.7804072114e-05
8.3600000000e+02	3.1934597521e-02	-4.5333228819e-02	9.2425629594e-05	3.7804542909e-05
8.3700000000e+02	3.1972402299e-02	-4.5425677050e-02	9.2470823595e-05	3.7805012025e-05
8.3800000000e+02	3.2010207545e-02	-4.5518170449e-02	9.2515964193e-05	3.7805479470e-05
8.3900000000e+02	3.2048013257e-02	-4.5610708961e-02	9.2561051512e-05	3.7805945253e-05
8.4000000000e+02	3.2085819435e-02	-4.5703292534e-02	9.2606085677e-05	3.7806409380e-05
8.4100000000e+02	3.2123626076e-02	-4.5795921115e-02	9.2651066813e-05	3.7806871861e-05
8.4200000000e+02	3.2161433178e-02	-4.5888594650e-02	9.2695995045e-05	3.7807332703e-05
8.4300000000e+02	3.2199240740e-02	-4.5981313087e-02	9.2740870495e-05	3.7807791914e-05
8.4400000000e+02	3.2237048761e-02	-4.6074076373e-02	9.2785693287e-05	3.7808249500e-05
8.4500000000e+02	3.2274857239e-02	-4.6166884456e-02	9.2830463544e-05	3.7808705471e-05
8.4600000000e+02	3.2312666172e-02	-4.6259737283e-02	9.2875181388e-05	3.7809159832e-05
8.4700000000e+02	3.2350475558e-02	-4.6352634801e-02	9.2919846941e-05	3.7809612593e-05
8.4800000000e+02	3.2388285396e-02	-4.6445576959e-02	9.2964460325e-05	3.7810063761e-05
8.4900000000e+02	3.2426095685e-02	-4.6538563705e-02	9.3009021660e-05	3.7810513342e-05
8.5000000000e+02	3.2463906422e-02	-4.6631594985e-02	9.3053531068e-05	3.7810961345e-05
8.5100000000e+02	3.2501717607e-02	-4.6724670750e-02	9.3097988668e-05	3.7811407777e-05
8.5200000000e+02	3.2539529237e-02	-4.6817790946e-02	9.3142394581e-05	3.7811852644e-05
8.5300000000e+02	3.2577341312e-02	-4.6910955522e-02	9.3186748926e-05	3.7812295956e-05
8.5400000000e+02	3.2615153829e-02	-4.7004164426e-02	9.3231051821e-05	3.7812737717e-05
8.5500000000e+02	3.2652966787e-02	-4.7097417608e-02	9.3275303386e-05	3.7813177937e-05
8.5600000000e+02	3.2690780184e-02	-4.7190715016e-02	9.3319503739e-05	3.7813616621e-05
8.5700000000e+02	3.2728594020e-02	-4.7284056599e-02	9.3363652997e-05	3.7814053778e-05
8.5800000000e+02	3.2766408291e-02	-4.7377442305e-02	9.3407751278e-05	3.7814489414e-05
8.5900000000e+02	3.2804222998e-02	-4.7470872084e-02	9.3451798699e-05	3.7814923536e-05
8.6000000000e+02	3.2842038138e-02	-4.7564345885e-02	9.3495795376e-05	3.7815356151e-05
8.6100000000e+02	3.2879853710e-02	-4.7657863658e-02	9.3539741426e-05	3.7815787267e-05
8.6200000000e+02	3.2917669712e-02	-4.7751425351e-02	9.3583636964e-05	3.7816216890e-05
8.6300000000e+02	3.2955486143e-02	-4.7845030915e-02	9.3627482107e-05	3.7816645026e-05
8.6400000000e+02	3.2993303001e-02	-4.7938680299e-02	9.3671276968e-05	3.7817071684e-05
8.6500000000e+02	3.3031120286e-02	-4.8032373452e-02	9.3715021663e-05	3.7817496869e-05
8.6600000000e+02	3.3068937995e-02	-4.8126110326e-02	9.3758716305e-05	3.7817920588e-05
8.6700000000e+02	3.3106756127e-02	-4.8219890868e-02	9.3802361009e-05	3.7818342849e-05
8.6800000000e+02	3.3144574680e-02	-4.8313715031e-02	9.3845955888e-05	3.7818763657e-05
8.6900000000e+02	3.3182393653e-02	-4.8407582764e-02	9.3889501055e-05	3.7819183020e-05
8.7000000000e+02	3.3220213045e-02	-4.8501494017e-02	9.3932996623e-05	3.7819600944e-05
8.7100000000e+02	3.3258032855e-02	-4.8595448740e-02	9.3976442704e-05	3.7820017435e-05
8.7200000000e+02	3.3295853080e-02	-4.8689446885e-02	9.4019839410e-05	3.7820432501e-05
8.7300000000e+02	3.3333673719e-02	-4.8783488403e-02	9.4063186852e-05	3.7820846147e-05
8.7400000000e+02	3.3371494772e-02	-4.8877573243e-02	9.4106485142e-05	3.7821258380e-05
8.7500000000e+02	3.3409316236e-02	-4.8971701357e-02	9.4149734391e-05	3.7821669207e-05
8.7600000000e+02	3.3447138110e-02	-4.9065872695e-02	9.4192934709e-05	3.7822078634e-05
8.7700000000e+02	3.3484960392e-02	-4.9160087210e-02	9.4236086205e-05	3.7822486667e-05
8.7800000000e+02	3.3522783083e-02	-4.9254344851e-02	9.4279188991e-05	3.7822893312e-05
8.7900000000e+02	3.3560606179e-02	-4.9348645572e-02	9.4322243174e-05	3.7823298576e-05
8.8000000000e+02	3.3598429679e-02	-4.9442989322e-02	9.4365248865e-05	3.7823702466e-05
8.8100000000e+02	3.3636253583e-02	-4.9537376053e-02	9.4408206171e-05	3.7824104986e-05
8.8200000000e+02	3.3674077889e-02	-4.9631805718e-02	9.4451115200e-05	3.7824506144e-05
8.8300000000e+02	3.3711902595e-02	-4.9726278268e-02	9.4493976062e-05	3.7824905946e-05
8.8400000000e+02	3.3749727700e-02	-4.9820793654e-02	9.4536788862e-05	3.7825304397e-05
8.8500000000e+02	3.3787553203e-02	-4.9915351829e-02	9.4579553709e-05	3.7825701505e-05
8.8600000000e+02	3.3825379103e-02	-5.0009952745e-02	9.4622270709e-05	3.7826097273e-05
8.8700000000e+02	3.3863205397e-02	-5.0104596355e-02	9.4664939969e-05	3.7826491710e-05
8.8800000000e+02	3.3901032086e-02	-5.0199282610e-02	9.4707561594e-05	3.7826884821e-05
8.8900000000e+02	3.3938859167e-02	-5.0294011462e-02	9.4750135690e-05	3.7827276611e-05
8.9000000000e+02	3.3976686638e-02	-5.0388782865e-02	9.4792662364e-05	3.7827667086e-05
8.9100000000e+02	3.4014514500e-02	-5.0483596771e-02	9.4835141719e-05	3.7828056254e-05
8.9200000000e+02	3.4052342751e-02	-5.0578453133e-02	9.4877573860e-05	3.7828444118e-05
8.9300000000e+02	3.4090171388e-02	-5.0673351903e-02	9.4919958893e-05	3.7828830685e-05
8.9400000000e+02	3.4128000411e-02	-5.0768293035e-02	9.4962296920e-05	3.7829215962e-05
8.9500000000e+02	3.4165829820e-02	-5.0863276481e-02	9.5004588046e-05	3.7829599953e-05
8.9600000000e+02	3.4203659611e-02	-5.0958302195e-02	9.5046832373e-05	3.7829982664e-05
8.9700000000e+02	3.4241489784e-02	-5.1053370130e-02	9.5089030006e-05	3.7830364101e-05
8.9800000000e+02	3.4279320339e-02	-5.1148480240e-02	9.5131181045e-05	3.7830744270e-05
8.9900000000e+02	3.4317151273e-02	-5.1243632477e-02	9.5173285595e-05	3.7831123176e-05
9.0000000000e+02	3.4354982585e-02	-5.1338826796e-02	9.5215343756e-05	3.7831500825e-05
9.0100000000e+02	3.4392814274e-02	-5.1434063149e-02	9.5257355630e-05	3.7831877222e-05
9.0200000000e+02	3.4430646339e-02	-5.1529341491e-02	9.5299321320e-05	3.7832252374e-05
9.0300000000e+02	3.4468478778e-02	-5.1624661776e-02	9.5341240924e-05	3.7832626284e-05
9.0400000000e+02	3.4506311591e-02	-5.1720023958e-02	9.5383114545e-05	3.7832998959e-05
9.0500000000e+02	3.4544144776e-02	-5.1815427990e-02	9.5424942283e-05	3.7833370405e-05
9.0600000000e+02	3.4581978331e-02	-5.1910873827e-02	9.5466724237e-05	3.7833740626e-05
9.0700000000e+02	3.4619812257e-02	-5.2006361423e-02	9.5508460507e-05	3.7834109629e-05
9.0800000000e+02	3.4657646550e-02	-5.2101890733e-02	9.5550151193e-05	3.7834477417e-05
9.0900000000e+02	3.4695481211e-02	-5.2197461711e-02	9.5591796393e-05	3.7834843998e-05
9.1000000000e+02	3.4733316238e-02	-5.2293074311e-02	9.5633396207e-05	3.7835209375e-05
9.1100000000e+02	3.4771151629e-02	-5.2388728488e-02	9.5674950733e-05	3.7835573554e-05
9.1200000000e+02	3.4808987384e-02	-5.2484424197e-02	9.5716460068e-05	3.7835936541e-05
9.1300000000e+02	3.4846823502e-02	-5.2580161393e-02	9.5757924310e-05	3.7836298341e-05
9.1400000000e+02	3.4884659981e-02	-5.2675940031e-02	9.5799343557e-05	3.7836658958e-05
9.1500000000e+02	3.4922496819e-02	-5.2771760065e-02	9.5840717907e-05	3.7837018398e-05
9.1600000000e+02	3.4960334017e-02	-5.2867621452e-02	9.5882047455e-05	3.7837376667e-05
9.1700000000e+02	3.4998171572e-02	-5.2963524145e-02	9.5923332298e-05	3.7837733768e-05
9.1800000000e+02	3.5036009484e-02	-5.3059468101e-02	9.5964572533e-05	3.7838089708e-05
9.1900000000e+02	3.5073847751e-02	-5.3155453276e-02	9.6005768256e-05	3.7838444491e-05
9.2000000000e+02	3.5111686373e-02	-5.3251479623e-02	9.6046919561e-05	3.7838798122e-05
9.2100000000e+02	3.5149525347e-02	-5.3347547100e-02	9.6088026544e-05	3.7839150606e-05
9.2200000000e+02	3.5187364674e-02	-5.3443655661e-02	9.6129089301e-05	3.7839501949e-05
9.2300000000e+02	3.5225204351e-02	-5.3539805264e-02	9.6170107925e-05	3.7839852154e-05
9.2400000000e+02	3.5263044378e-02	-5.3635995863e-02	9.6211082511e-05	3.7840201228e-05
9.2500000000e+02	3.5300884753e-02	-5.3732227414e-02	9.6252013154e-05	3.7840549174e-05
9.2600000000e+02	3.5338725476e-02	-5.3828499874e-02	9.6292899946e-05	3.7840895998e-05
9.2700000000e+02	3.5376566545e-02	-5.3924813199e-02	9.6333742982e-05	3.7841241704e-05
9.2800000000e+02	3.5414407959e-02	-5.4021167346e-02	9.6374542354e-05	3.7841586298e-05
9.2900000000e+02	3.5452249717e-02	-5.4117562270e-02	9.6415298155e-05	3.7841929784e-05
9.3000000000e+02	3.5490091818e-02	-5.4213997928e-02	9.6456010479e-05	3.7842272167e-05
9.3100000000e+02	3.5527934261e-02	-5.4310474276e-02	9.6496679417e-05	3.7842613451e-05
9.3200000000e+02	3.5565777044e-02	-5.4406991272e-02	9.6537305060e-05	3.7842953641e-05
9.3300000000e+02	3.5603620168e-02	-5.4503548872e-02	9.6577887502e-05	3.7843292742e-05
9.3400000000e+02	3.5641463630e-02	-5.4600147033e-02	9.6618426833e-05	3.7843630759e-05
9.3500000000e+02	3.5679307429e-02	-5.4696785711e-02	9.6658923144e-05	3.7843967696e-05
9.3600000000e+02	3.5717151565e-02	-5.4793464865e-02	9.6699376527e-05	3.7844303557e-05
9.3700000000e+02	3.5754996036e-02	-5.4890184450e-02	9.6739787071e-05	3.7844638348e-05
9.3800000000e+02	3.5792840841e-02	-5.4986944424e-02	9.6780154867e-05	3.7844972073e-05
9.3900000000e+02	3.5830685979e-02	-5.5083744745e-02	9.6820480005e-05	3.7845304736e-05
9.4000000000e+02	3.5868531450e-02	-5.5180585370e-02	9.6860762575e-05	3.7845636341e-05
9.4100000000e+02	3.5906377252e-02	-5.5277466256e-02	9.6901002665e-05	3.7845966894e-05
9.4200000000e+02	3.5944223383e-02	-5.5374387361e-02	9.6941200366e-05	3.7846296399e-05
9.4300000000e+02	3.5982069844e-02	-5.5471348643e-02	9.6981355766e-05	3.7846624860e-05
9.4400000000e+02	3.6019916633e-02	-5.5568350059e-02	9.7021468953e-05	3.7846952282e-05
9.4500000000e+02	3.6057763748e-02	-5.5665391567e-02	9.7061540016e-05	3.7847278668e-05
9.4600000000e+02	3.6095611190e-02	-5.5762473125e-02	9.7101569043e-05	3.7847604024e-05
9.4700000000e+02	3.6133458956e-02	-5.5859594691e-02	9.7141556122e-05	3.7847928353e-05
9.4800000000e+02	3.6171307046e-02	-5.5956756223e-02	9.7181501339e-05	3.7848251661e-05
9.4900000000e+02	3.6209155459e-02	-5.6053957680e-02	9.7221404783e-05	3.7848573950e-05
9.5000000000e+02	3.6247004194e-02	-5.6151199019e-02	9.7261266540e-05	3.7848895226e-05
9.5100000000e+02	3.6284853249e-02	-5.6248480199e-02	9.7301086696e-05	3.7849215493e-05
9.5200000000e+02	3.6322702624e-02	-5.6345801178e-02	9.7340865339e-05	3.7849534755e-05
9.5300000000e+02	3.6360552318e-02	-5.6443161916e-02	9.7380602554e-05	3.7849853016e-05
9.5400000000e+02	3.6398402330e-02	-5.6540562370e-02	9.7420298428e-05	3.7850170280e-05
9.5500000000e+02	3.6436252659e-02	-5.6638002499e-02	9.7459953045e-05	3.7850486552e-05
9.5600000000e+02	3.6474103303e-02	-5.6735482262e-02	9.7499566491e-05	3.7850801835e-05
9.5700000000e+02	3.6511954262e-02	-5.6833001618e-02	9.7539138851e-05	3.7851116134e-05
9.5800000000e+02	3.6549805535e-02	-5.6930560526e-02	9.7578670210e-05	3.7851429453e-05
9.5900000000e+02	3.6587657121e-02	-5.7028158945e-02	9.7618160652e-05	3.7851741795e-05
9.6000000000e+02	3.6625509018e-02	-5.7125796834e-02	9.7657610262e-05	3.7852053166e-05
9.6100000000e+02	3.6663361227e-02	-5.7223474152e-02	9.7697019124e-05	3.7852363569e-05
9.6200000000e+02	3.6701213745e-02	-5.7321190859e-02	9.7736387322e-05	3.7852673007e-05
9.6300000000e+02	3.6739066572e-02	-5.7418946913e-02	9.7775714938e-05	3.7852981485e-05
9.6400000000e+02	3.6776919708e-02	-5.7516742275e-02	9.7815002057e-05	3.7853289008e-05
9.6500000000e+02	3.6814773150e-02	-5.7614576904e-02	9.7854248760e-05	3.7853595578e-05
9.6600000000e+02	3.6852626898e-02	-5.7712450759e-02	9.7893455132e-05	3.7853901200e-05
9.6700000000e+02	3.6890480952e-02	-5.7810363801e-02	9.7932621254e-05	3.7854205878e-05
9.6800000000e+02	3.6928335310e-02	-5.7908315988e-02	9.7971747209e-05	3.7854509615e-05
9.6900000000e+02	3.6966189971e-02	-5.8006307282e-02	9.8010833078e-05	3.7854812415e-05
9.7000000000e+02	3.7004044934e-02	-5.8104337641e-02	9.8049878944e-05	3.7855114283e-05
9.7100000000e+02	3.7041900199e-02	-5.8202407026e-02	9.8088884887e-05	3.7855415222e-05
9.7200000000e+02	3.7079755764e-02	-5.8300515397e-02	9.8127850990e-05	3.7855715236e-05
9.7300000000e+02	3.7117611629e-02	-5.8398662715e-02	9.8166777332e-05	3.7856014329e-05
9.7400000000e+02	3.7155467793e-02	-5.8496848939e-02	9.8205663996e-05	3.7856312503e-05
9.7500000000e+02	3.7193324254e-02	-5.8595074030e-02	9.8244511060e-05	3.7856609765e-05
9.7600000000e+02	3.7231181012e-02	-5.8693337948e-02	9.8283318606e-05	3.7856906116e-05
9.7700000000e+02	3.7269038066e-02	-5.8791640654e-02	9.8322086714e-05	3.7857201560e-05
9.7800000000e+02	3.7306895415e-02	-5.8889982108e-02	9.8360815463e-05	3.7857496102e-05
9.7900000000e+02	3.7344753058e-02	-5.8988362272e-02	9.8399504933e-05	3.7857789745e-05
9.8000000000e+02	3.7382610994e-02	-5.9086781105e-02	9.8438155203e-05	3.7858082493e-05
9.8100000000e+02	3.7420469223e-02	-5.9185238569e-02	9.8476766352e-05	3.7858374349e-05
9.8200000000e+02	3.7458327742e-02	-5.9283734625e-02	9.8515338459e-05	3.7858665316e-05
9.8300000000e+02	3.7496186553e-02	-5.9382269233e-02	9.8553871603e-05	3.7858955400e-05
9.8400000000e+02	3.7534045653e-02	-5.9480842355e-02	9.8592365862e-05	3.7859244602e-05
9.8500000000e+02	3.7571905042e-02	-5.9579453952e-02	9.8630821313e-05	3.7859532927e-05
9.8600000000e+02	3.7609764719e-02	-5.9678103985e-02	9.8669238036e-05	3.7859820378e-05
9.8700000000e+02	3.7647624682e-02	-5.9776792415e-02	9.8707616107e-05	3.7860106958e-05
9.8800000000e+02	3.7685484932e-02	-5.9875519204e-02	9.8745955603e-05	3.7860392672e-05
9.8900000000e+02	3.7723345467e-02	-5.9974284313e-02	9.8784256603e-05	3.7860677523e-05
9.9000000000e+02	3.7761206287e-02	-6.0073087704e-02	9.8822519183e-05	3.7860961514e-05
9.9100000000e+02	3.7799067390e-02	-6.0171929339e-02	9.8860743420e-05	3.7861244648e-05
9.9200000000e+02	3.7836928776e-02	-6.0270809178e-02	9.8898929390e-05	3.7861526929e-05
9.9300000000e+02	3.7874790444e-02	-6.0369727185e-02	9.8937077169e-05	3.7861808361e-05
9.9400000000e+02	3.7912652392e-02	-6.0468683320e-02	9.8975186833e-05	3.7862088947e-05
9.9500000000e+02	3.7950514621e-02	-6.0567677546e-02	9.9013258459e-05	3.7862368690e-05
9.9600000000e+02	3.7988377129e-02	-6.0666709824e-02	9.9051292122e-05	3.7862647593e-05
9.9700000000e+02	3.8026239916e-02	-6.0765780118e-02	9.9089287897e-05	3.7862925661e-05
9.9800000000e+02	3.8064102981e-02	-6.0864888388e-02	9.9127245860e-05	3.7863202896e-05
9.9900000000e+02	3.8101966322e-02	-6.0964034597e-02	9.9165166084e-05	3.7863479301e-05
