# total modes from dos = 6.0000026345e+00
# ZPE = 5.5853296594e-03 Ry/cell
# Multiply by 13.6058 to have energies in eV/cell etc..
# Multiply by 13.6058 x 23060.35 = 313 754.5 to have energies in cal/(N mol).
# Multiply by 13.6058 x 96526.0 = 1 313 313 to have energies in J/(N mol).
# N is the number of formula units per cell.
#
# T (K) 	Evib (Ry/cell)	Fvib (Ry/cell)	Svib (Ry/cell/K)	Cvib (Ry/cell/K)
1.0000000000e+00	5.5853296694e-03	5.5853295967e-03	7.2658194073e-11	2.8280630275e-11
2.0000000000e+00	5.5853297550e-03	5.5853295019e-03	1.2656741119e-10	1.7177790054e-10
3.0000000000e+00	5.5853300894e-03	5.5853293180e-03	2.5712825103e-10	5.4476313127e-10
4.0000000000e+00	5.5853309593e-03	5.5853289494e-03	5.0246928833e-10	1.2618672027e-09
5.0000000000e+00	5.5853327663e-03	5.5853282621e-03	9.0083113338e-10	2.4382834346e-09
6.0000000000e+00	5.5853360277e-03	5.5853270839e-03	1.4906243274e-09	4.1902587172e-09
7.0000000000e+00	5.5853413780e-03	5.5853252041e-03	2.3105469870e-09	6.6359437834e-09
8.0000000000e+00	5.5853495712e-03	5.5853223731e-03	3.3997620622e-09	9.8966273835e-09
9.0000000000e+00	5.5853614849e-03	5.5853183016e-03	4.7981455279e-09	1.4098536205e-08
1.0000000000e+01	5.5853781265e-03	5.5853126601e-03	6.5466434729e-09	1.9375719359e-08
1.1000000000e+01	5.5854006434e-03	5.5853050774e-03	8.6878204975e-09	2.5874946984e-08
1.2000000000e+01	5.5854303392e-03	5.5852951386e-03	1.1266718039e-08	3.3763559578e-08
1.3000000000e+01	5.5854686995e-03	5.5852823819e-03	1.4332123733e-08	4.3240407085e-08
1.4000000000e+01	5.5855174299e-03	5.5852662942e-03	1.7938263018e-08	5.4548686148e-08
1.5000000000e+01	5.5855785066e-03	5.5852463047e-03	2.2146795265e-08	6.7988385846e-08
1.6000000000e+01	5.5856542384e-03	5.5852217762e-03	2.7028887750e-08	8.3925768930e-08
1.7000000000e+01	5.5857473356e-03	5.5851919950e-03	3.2667094237e-08	1.0279788280e-07
1.8000000000e+01	5.5858609805e-03	5.5851561583e-03	3.9156788193e-08	1.2511114644e-07
1.9000000000e+01	5.5859988939e-03	5.5851133614e-03	4.6606973720e-08	1.5143415298e-07
2.0000000000e+01	5.5861653913e-03	5.5850625835e-03	5.5140390807e-08	1.8238566071e-07
2.1000000000e+01	5.5863654257e-03	5.5850026744e-03	6.4892920237e-08	2.1861920615e-07
2.2000000000e+01	5.5866046141e-03	5.5849323421e-03	7.6012362472e-08	2.6080589160e-07
2.3000000000e+01	5.5868892457e-03	5.5848501414e-03	8.8656708667e-08	3.0961677252e-07
2.4000000000e+01	5.5872262741e-03	5.5847544651e-03	1.0299204218e-07	3.6570600524e-07
2.5000000000e+01	5.5876232917e-03	5.5846435365e-03	1.1919021049e-07	4.2969560077e-07
2.6000000000e+01	5.5880884916e-03	5.5845154053e-03	1.3742639609e-07	5.0216232530e-07
2.7000000000e+01	5.5886306164e-03	5.5843679456e-03	1.5787669629e-07	5.8362702579e-07
2.8000000000e+01	5.5892588980e-03	5.5841988556e-03	1.8071580017e-07	6.7454645187e-07
2.9000000000e+01	5.5899829907e-03	5.5840056606e-03	2.0611482865e-07	7.7530749463e-07
3.0000000000e+01	5.5908128989e-03	5.5837857174e-03	2.3423938390e-07	8.8622366171e-07
3.1000000000e+01	5.5917589034e-03	5.5835362205e-03	2.6524783622e-07	1.0075335473e-06
3.2000000000e+01	5.5928314860e-03	5.5832542104e-03	2.9928986240e-07	1.1394010259e-06
3.3000000000e+01	5.5940412557e-03	5.5829365828e-03	3.3650523781e-07	1.2819168920e-06
3.4000000000e+01	5.5953988768e-03	5.5825800990e-03	3.7702287604e-07	1.4351016746e-06
3.5000000000e+01	5.5969150007e-03	5.5821813971e-03	4.2096010314e-07	1.5989093749e-06
3.6000000000e+01	5.5986002012e-03	5.5817370038e-03	4.6842214988e-07	1.7732318972e-06
3.7000000000e+01	5.6004649149e-03	5.5812433468e-03	5.1950184199e-07	1.9579039722e-06
3.8000000000e+01	5.6025193871e-03	5.5806967673e-03	5.7427946773e-07	2.1527083939e-06
3.9000000000e+01	5.6047736217e-03	5.5800935325e-03	6.3282280110e-07	2.3573814238e-06
4.0000000000e+01	5.6072373382e-03	5.5794298478e-03	6.9518725974e-07	2.5716182342e-06
4.1000000000e+01	5.6099199329e-03	5.5787018697e-03	7.6141617726e-07	2.7950782909e-06
4.2000000000e+01	5.6128304459e-03	5.5779057167e-03	8.3154117080e-07	3.0273905913e-06
4.3000000000e+01	5.6159775329e-03	5.5770374817e-03	9.0558258641e-07	3.2681586945e-06
4.4000000000e+01	5.6193694430e-03	5.5760932427e-03	9.8355000596e-07	3.5169654955e-06
4.5000000000e+01	5.6230139992e-03	5.5750690731e-03	1.0654428012e-06	3.7733777080e-06
4.6000000000e+01	5.6269185852e-03	5.5739610520e-03	1.1512507221e-06	4.0369500329e-06
4.7000000000e+01	5.6310901349e-03	5.5727652730e-03	1.2409545080e-06	4.3072289983e-06
4.8000000000e+01	5.6355351260e-03	5.5714778535e-03	1.3345265119e-06	4.5837564670e-06
4.9000000000e+01	5.6402595774e-03	5.5700949423e-03	1.4319313291e-06	4.8660728099e-06
5.0000000000e+01	5.6452690485e-03	5.5686127273e-03	1.5331264234e-06	5.1537197537e-06
5.1000000000e+01	5.6505686423e-03	5.5670274423e-03	1.6380627443e-06	5.4462429120e-06
5.2000000000e+01	5.6561630102e-03	5.5653353730e-03	1.7466853306e-06	5.7431940133e-06
5.3000000000e+01	5.6620563594e-03	5.5635328629e-03	1.8589338961e-06	6.0441328422e-06
5.4000000000e+01	5.6682524615e-03	5.5616163182e-03	1.9747433947e-06	6.3486289093e-06
5.5000000000e+01	5.6747546631e-03	5.5595822122e-03	2.0940445611e-06	6.6562628710e-06
5.6000000000e+01	5.6815658974e-03	5.5574270895e-03	2.2167644272e-06	6.9666277144e-06
5.7000000000e+01	5.6886886974e-03	5.5551475691e-03	2.3428268114e-06	7.2793297285e-06
5.8000000000e+01	5.6961252092e-03	5.5527403480e-03	2.4721527800e-06	7.5939892806e-06
5.9000000000e+01	5.7038772066e-03	5.5502022028e-03	2.6046610824e-06	7.9102414133e-06
6.0000000000e+01	5.7119461061e-03	5.5475299927e-03	2.7402685564e-06	8.2277362829e-06
6.1000000000e+01	5.7203329818e-03	5.5447206608e-03	2.8788905077e-06	8.5461394540e-06
6.2000000000e+01	5.7290385813e-03	5.5417712355e-03	3.0204410616e-06	8.8651320666e-06
6.3000000000e+01	5.7380633412e-03	5.5386788314e-03	3.1648334882e-06	9.1844108899e-06
6.4000000000e+01	5.7474074024e-03	5.5354406503e-03	3.3119805020e-06	9.5036882786e-06
6.5000000000e+01	5.7570706263e-03	5.5320539814e-03	3.4617945376e-06	9.8226920419e-06
6.6000000000e+01	5.7670526095e-03	5.5285162014e-03	3.6141880011e-06	1.0141165239e-05
6.7000000000e+01	5.7773526992e-03	5.5248247747e-03	3.7690734989e-06	1.0458865911e-05
6.8000000000e+01	5.7879700079e-03	5.5209772528e-03	3.9263640461e-06	1.0775566759e-05
6.9000000000e+01	5.7989034282e-03	5.5169712738e-03	4.0859732534e-06	1.1091054782e-05
7.0000000000e+01	5.8101516467e-03	5.5128045619e-03	4.2478154963e-06	1.1405130867e-05
7.1000000000e+01	5.8217131573e-03	5.5084749267e-03	4.4118060653e-06	1.1717609365e-05
7.2000000000e+01	5.8335862752e-03	5.5039802616e-03	4.5778613000e-06	1.2028317636e-05
7.3000000000e+01	5.8457691490e-03	5.4993185434e-03	4.7458987074e-06	1.2337095572e-05
7.4000000000e+01	5.8582597734e-03	5.4944878305e-03	4.9158370658e-06	1.2643795122e-05
7.5000000000e+01	5.8710560008e-03	5.4894862622e-03	5.0875965149e-06	1.2948279799e-05
7.6000000000e+01	5.8841555528e-03	5.4843120566e-03	5.2610986336e-06	1.3250424187e-05
7.7000000000e+01	5.8975560307e-03	5.4789635097e-03	5.4362665065e-06	1.3550113446e-05
7.8000000000e+01	5.9112549263e-03	5.4734389935e-03	5.6130247792e-06	1.3847242827e-05
7.9000000000e+01	5.9252496313e-03	5.4677369546e-03	5.7912997043e-06	1.4141717182e-05
8.0000000000e+01	5.9395374469e-03	5.4618559126e-03	5.9710191783e-06	1.4433450490e-05
8.1000000000e+01	5.9541155927e-03	5.4557944582e-03	6.1521127708e-06	1.4722365390e-05
8.2000000000e+01	5.9689812150e-03	5.4495512519e-03	6.3345117450e-06	1.5008392723e-05
8.3000000000e+01	5.9841313950e-03	5.4431250220e-03	6.5181490731e-06	1.5291471086e-05
8.4000000000e+01	5.9995631561e-03	5.4365145628e-03	6.7029594442e-06	1.5571546405e-05
8.5000000000e+01	6.0152734710e-03	5.4297187333e-03	6.8888792677e-06	1.5848571516e-05
8.6000000000e+01	6.0312592688e-03	5.4227364551e-03	7.0758466709e-06	1.6122505758e-05
8.7000000000e+01	6.0475174407e-03	5.4155667108e-03	7.2638014927e-06	1.6393314590e-05
8.8000000000e+01	6.0640448465e-03	5.4082085425e-03	7.4526852731e-06	1.6660969214e-05
8.9000000000e+01	6.0808383199e-03	5.4006610496e-03	7.6424412392e-06	1.6925446219e-05
9.0000000000e+01	6.0978946736e-03	5.3929233877e-03	7.8330142879e-06	1.7186727235e-05
9.1000000000e+01	6.1152107044e-03	5.3849947665e-03	8.0243509662e-06	1.7444798608e-05
9.2000000000e+01	6.1327831978e-03	5.3768744485e-03	8.2163994489e-06	1.7699651085e-05
9.3000000000e+01	6.1506089318e-03	5.3685617471e-03	8.4091095138e-06	1.7951279516e-05
9.4000000000e+01	6.1686846816e-03	5.3600560251e-03	8.6024325158e-06	1.8199682567e-05
9.5000000000e+01	6.1870072226e-03	5.3513566934e-03	8.7963213591e-06	1.8444862455e-05
9.6000000000e+01	6.2055733340e-03	5.3424632090e-03	8.9907304680e-06	1.8686824687e-05
9.7000000000e+01	6.2243798022e-03	5.3333750738e-03	9.1856157568e-06	1.8925577817e-05
9.8000000000e+01	6.2434234237e-03	5.3240918330e-03	9.3809345984e-06	1.9161133219e-05
9.9000000000e+01	6.2627010074e-03	5.3146130738e-03	9.5766457932e-06	1.9393504863e-05
1.0000000000e+02	6.2822093776e-03	5.3049384239e-03	9.7727095363e-06	1.9622709114e-05
1.0100000000e+02	6.3019453760e-03	5.2950675501e-03	9.9690873850e-06	1.9848764534e-05
1.0200000000e+02	6.3219058639e-03	5.2850001568e-03	1.0165742226e-05	2.0071691700e-05
1.0300000000e+02	6.3420877241e-03	5.2747359852e-03	1.0362638241e-05	2.0291513031e-05
1.0400000000e+02	6.3624878626e-03	5.2642748115e-03	1.0559740877e-05	2.0508252622e-05
1.0500000000e+02	6.3831032106e-03	5.2536164457e-03	1.0757016808e-05	2.0721936096e-05
1.0600000000e+02	6.4039307251e-03	5.2427607308e-03	1.0954433908e-05	2.0932590453e-05
1.0700000000e+02	6.4249673912e-03	5.2317075412e-03	1.1151961215e-05	2.1140243942e-05
1.0800000000e+02	6.4462102225e-03	5.2204567816e-03	1.1349568897e-05	2.1344925927e-05
1.0900000000e+02	6.4676562626e-03	5.2090083862e-03	1.1547228224e-05	2.1546666775e-05
1.1000000000e+02	6.4893025861e-03	5.1973623172e-03	1.1744911535e-05	2.1745497737e-05
1.1100000000e+02	6.5111462988e-03	5.1855185640e-03	1.1942592206e-05	2.1941450851e-05
1.1200000000e+02	6.5331845394e-03	5.1734771422e-03	1.2140244618e-05	2.2134558840e-05
1.1300000000e+02	6.5554144792e-03	5.1612380924e-03	1.2337844131e-05	2.2324855022e-05
1.1400000000e+02	6.5778333234e-03	5.1488014795e-03	1.2535367052e-05	2.2512373225e-05
1.1500000000e+02	6.6004383111e-03	5.1361673915e-03	1.2732790606e-05	2.2697147710e-05
1.1600000000e+02	6.6232267158e-03	5.1233359387e-03	1.2930092906e-05	2.2879213093e-05
1.1700000000e+02	6.6461958459e-03	5.1103072531e-03	1.3127252930e-05	2.3058604282e-05
1.1800000000e+02	6.6693430447e-03	5.0970814870e-03	1.3324250489e-05	2.3235356407e-05
1.1900000000e+02	6.6926656908e-03	5.0836588127e-03	1.3521066202e-05	2.3409504767e-05
1.2000000000e+02	6.7161611981e-03	5.0700394214e-03	1.3717681472e-05	2.3581084771e-05
1.2100000000e+02	6.7398270160e-03	5.0562235225e-03	1.3914078459e-05	2.3750131891e-05
1.2200000000e+02	6.7636606294e-03	5.0422113430e-03	1.4110240053e-05	2.3916681609e-05
1.2300000000e+02	6.7876595586e-03	5.0280031264e-03	1.4306149855e-05	2.4080769383e-05
1.2400000000e+02	6.8118213593e-03	5.0135991324e-03	1.4501792152e-05	2.4242430596e-05
1.2500000000e+02	6.8361436227e-03	4.9989996363e-03	1.4697151891e-05	2.4401700531e-05
1.2600000000e+02	6.8606239750e-03	4.9842049277e-03	1.4892214662e-05	2.4558614327e-05
1.2700000000e+02	6.8852600776e-03	4.9692153105e-03	1.5086966670e-05	2.4713206954e-05
1.2800000000e+02	6.9100496268e-03	4.9540311023e-03	1.5281394723e-05	2.4865513184e-05
1.2900000000e+02	6.9349903534e-03	4.9386526333e-03	1.5475486202e-05	2.5015567562e-05
1.3000000000e+02	6.9600800227e-03	4.9230802461e-03	1.5669229051e-05	2.5163404389e-05
1.3100000000e+02	6.9853164343e-03	4.9073142952e-03	1.5862611749e-05	2.5309057692e-05
1.3200000000e+02	7.0106974215e-03	4.8913551464e-03	1.6055623297e-05	2.5452561212e-05
1.3300000000e+02	7.0362208513e-03	4.8752031759e-03	1.6248253199e-05	2.5593948382e-05
1.3400000000e+02	7.0618846239e-03	4.8588587705e-03	1.6440491443e-05	2.5733252314e-05
1.3500000000e+02	7.0876866725e-03	4.8423223267e-03	1.6632328487e-05	2.5870505783e-05
1.3600000000e+02	7.1136249628e-03	4.8255942503e-03	1.6823755239e-05	2.6005741215e-05
1.3700000000e+02	7.1396974929e-03	4.8086749559e-03	1.7014763044e-05	2.6138990677e-05
1.3800000000e+02	7.1659022927e-03	4.7915648666e-03	1.7205343667e-05	2.6270285868e-05
1.3900000000e+02	7.1922374237e-03	4.7742644136e-03	1.7395489281e-05	2.6399658104e-05
1.4000000000e+02	7.2187009783e-03	4.7567740355e-03	1.7585192448e-05	2.6527138320e-05
1.4100000000e+02	7.2452910798e-03	4.7390941785e-03	1.7774446108e-05	2.6652757058e-05
1.4200000000e+02	7.2720058819e-03	4.7212252954e-03	1.7963243567e-05	2.6776544462e-05
1.4300000000e+02	7.2988435682e-03	4.7031678456e-03	1.8151578480e-05	2.6898530274e-05
1.4400000000e+02	7.3258023517e-03	4.6849222946e-03	1.8339444841e-05	2.7018743833e-05
1.4500000000e+02	7.3528804748e-03	4.6664891140e-03	1.8526836971e-05	2.7137214067e-05
1.4600000000e+02	7.3800762083e-03	4.6478687805e-03	1.8713749505e-05	2.7253969499e-05
1.4700000000e+02	7.4073878515e-03	4.6290617765e-03	1.8900177381e-05	2.7369038235e-05
1.4800000000e+02	7.4348137317e-03	4.6100685889e-03	1.9086115830e-05	2.7482447973e-05
1.4900000000e+02	7.4623522036e-03	4.5908897095e-03	1.9271560363e-05	2.7594225999e-05
1.5000000000e+02	7.4900016488e-03	4.5715256343e-03	1.9456506764e-05	2.7704399184e-05
1.5100000000e+02	7.5177604758e-03	4.5519768633e-03	1.9640951076e-05	2.7812993993e-05
1.5200000000e+02	7.5456271194e-03	4.5322439007e-03	1.9824889596e-05	2.7920036477e-05
1.5300000000e+02	7.5736000399e-03	4.5123272539e-03	2.0008318863e-05	2.8025552283e-05
1.5400000000e+02	7.6016777234e-03	4.4922274338e-03	2.0191235647e-05	2.8129566650e-05
1.5500000000e+02	7.6298586810e-03	4.4719449544e-03	2.0373636946e-05	2.8232104415e-05
1.5600000000e+02	7.6581414482e-03	4.4514803327e-03	2.0555519971e-05	2.8333190015e-05
1.5700000000e+02	7.6865245850e-03	4.4308340881e-03	2.0736882146e-05	2.8432847490e-05
1.5800000000e+02	7.7150066750e-03	4.4100067428e-03	2.0917721090e-05	2.8531100484e-05
1.5900000000e+02	7.7435863256e-03	4.3889988211e-03	2.1098034619e-05	2.8627972254e-05
1.6000000000e+02	7.7722621668e-03	4.3678108494e-03	2.1277820734e-05	2.8723485667e-05
1.6100000000e+02	7.8010328516e-03	4.3464433560e-03	2.1457077612e-05	2.8817663209e-05
1.6200000000e+02	7.8298970553e-03	4.3248968711e-03	2.1635803606e-05	2.8910526988e-05
1.6300000000e+02	7.8588534749e-03	4.3031719263e-03	2.1813997231e-05	2.9002098737e-05
1.6400000000e+02	7.8879008292e-03	4.2812690545e-03	2.1991657163e-05	2.9092399819e-05
1.6500000000e+02	7.9170378580e-03	4.2591887902e-03	2.2168782229e-05	2.9181451232e-05
1.6600000000e+02	7.9462633220e-03	4.2369316687e-03	2.2345371405e-05	2.9269273612e-05
1.6700000000e+02	7.9755760023e-03	4.2144982263e-03	2.2521423808e-05	2.9355887241e-05
1.6800000000e+02	8.0049747002e-03	4.1918890003e-03	2.2696938690e-05	2.9441312049e-05
1.6900000000e+02	8.0344582367e-03	4.1691045283e-03	2.2871915434e-05	2.9525567617e-05
1.7000000000e+02	8.0640254521e-03	4.1461453489e-03	2.3046353548e-05	2.9608673188e-05
1.7100000000e+02	8.0936752060e-03	4.1230120009e-03	2.3220252661e-05	2.9690647667e-05
1.7200000000e+02	8.1234063766e-03	4.0997050234e-03	2.3393612519e-05	2.9771509625e-05
1.7300000000e+02	8.1532178605e-03	4.0762249557e-03	2.3566432976e-05	2.9851277308e-05
1.7400000000e+02	8.1831085724e-03	4.0525723372e-03	2.3738713995e-05	2.9929968642e-05
1.7500000000e+02	8.2130774449e-03	4.0287477075e-03	2.3910455642e-05	3.0007601232e-05
1.7600000000e+02	8.2431234278e-03	4.0047516057e-03	2.4081658080e-05	3.0084192373e-05
1.7700000000e+02	8.2732454881e-03	3.9805845710e-03	2.4252321566e-05	3.0159759054e-05
1.7800000000e+02	8.3034426099e-03	3.9562471421e-03	2.4422446449e-05	3.0234317961e-05
1.7900000000e+02	8.3337137936e-03	3.9317398575e-03	2.4592033163e-05	3.0307885481e-05
1.8000000000e+02	8.3640580558e-03	3.9070632550e-03	2.4761082227e-05	3.0380477712e-05
1.8100000000e+02	8.3944744292e-03	3.8822178720e-03	2.4929594239e-05	3.0452110463e-05
1.8200000000e+02	8.4249619621e-03	3.8572042453e-03	2.5097569872e-05	3.0522799260e-05
1.8300000000e+02	8.4555197182e-03	3.8320229108e-03	2.5265009876e-05	3.0592559352e-05
1.8400000000e+02	8.4861467762e-03	3.8066744038e-03	2.5431915067e-05	3.0661405714e-05
1.8500000000e+02	8.5168422299e-03	3.7811592587e-03	2.5598286331e-05	3.0729353054e-05
1.8600000000e+02	8.5476051875e-03	3.7554780088e-03	2.5764124616e-05	3.0796415815e-05
1.8700000000e+02	8.5784347714e-03	3.7296311868e-03	2.5929430934e-05	3.0862608183e-05
1.8800000000e+02	8.6093301183e-03	3.7036193239e-03	2.6094206353e-05	3.0927944088e-05
1.8900000000e+02	8.6402903787e-03	3.6774429506e-03	2.6258452000e-05	3.0992437210e-05
1.9000000000e+02	8.6713147163e-03	3.6511025961e-03	2.6422169054e-05	3.1056100983e-05
1.9100000000e+02	8.7024023086e-03	3.6245987883e-03	2.6585358745e-05	3.1118948603e-05
1.9200000000e+02	8.7335523458e-03	3.5979320540e-03	2.6748022353e-05	3.1180993025e-05
1.9300000000e+02	8.7647640311e-03	3.5711029185e-03	2.6910161205e-05	3.1242246975e-05
1.9400000000e+02	8.7960365804e-03	3.5441119060e-03	2.7071776672e-05	3.1302722949e-05
1.9500000000e+02	8.8273692218e-03	3.5169595392e-03	2.7232870167e-05	3.1362433219e-05
1.9600000000e+02	8.8587611956e-03	3.4896463392e-03	2.7393443145e-05	3.1421389839e-05
1.9700000000e+02	8.8902117542e-03	3.4621728259e-03	2.7553497098e-05	3.1479604644e-05
1.9800000000e+02	8.9217201615e-03	3.4345395175e-03	2.7713033556e-05	3.1537089261e-05
1.9900000000e+02	8.9532856932e-03	3.4067469308e-03	2.7872054082e-05	3.1593855105e-05
2.0000000000e+02	8.9849076359e-03	3.3787955808e-03	2.8030560276e-05	3.1649913389e-05
2.0100000000e+02	9.0165852878e-03	3.3506859811e-03	2.8188553764e-05	3.1705275127e-05
2.0200000000e+02	9.0483179576e-03	3.3224186436e-03	2.8346036208e-05	3.1759951134e-05
2.0300000000e+02	9.0801049650e-03	3.2939940785e-03	2.8503009293e-05	3.1813952033e-05
2.0400000000e+02	9.1119456401e-03	3.2654127942e-03	2.8659474735e-05	3.1867288260e-05
2.0500000000e+02	9.1438393234e-03	3.2366752977e-03	2.8815434272e-05	3.1919970061e-05
2.0600000000e+02	9.1757853654e-03	3.2077820938e-03	2.8970889668e-05	3.1972007503e-05
2.0700000000e+02	9.2077831269e-03	3.1787336858e-03	2.9125842711e-05	3.2023410475e-05
2.0800000000e+02	9.2398319781e-03	3.1495305752e-03	2.9280295206e-05	3.2074188688e-05
2.0900000000e+02	9.2719312992e-03	3.1201732616e-03	2.9434248984e-05	3.2124351682e-05
2.1000000000e+02	9.3040804795e-03	3.0906622428e-03	2.9587705889e-05	3.2173908828e-05
2.1100000000e+02	9.3362789180e-03	3.0609980148e-03	2.9740667787e-05	3.2222869334e-05
2.1200000000e+02	9.3685260223e-03	3.0311810716e-03	2.9893136560e-05	3.2271242242e-05
2.1300000000e+02	9.4008212095e-03	3.0012119054e-03	3.0045114104e-05	3.2319036437e-05
2.1400000000e+02	9.4331639052e-03	2.9710910065e-03	3.0196602330e-05	3.2366260646e-05
2.1500000000e+02	9.4655535437e-03	2.9408188633e-03	3.0347603165e-05	3.2412923445e-05
2.1600000000e+02	9.4979895678e-03	2.9103959620e-03	3.0498118545e-05	3.2459033257e-05
2.1700000000e+02	9.5304714287e-03	2.8798227873e-03	3.0648150421e-05	3.2504598360e-05
2.1800000000e+02	9.5629985857e-03	2.8490998217e-03	3.0797700752e-05	3.2549626885e-05
2.1900000000e+02	9.5955705062e-03	2.8182275457e-03	3.0946771509e-05	3.2594126823e-05
2.2000000000e+02	9.6281866657e-03	2.7872064379e-03	3.1095364672e-05	3.2638106024e-05
2.2100000000e+02	9.6608465473e-03	2.7560369749e-03	3.1243482228e-05	3.2681572204e-05
2.2200000000e+02	9.6935496417e-03	2.7247196313e-03	3.1391126173e-05	3.2724532941e-05
2.2300000000e+02	9.7262954472e-03	2.6932548797e-03	3.1538298509e-05	3.2766995686e-05
2.2400000000e+02	9.7590834695e-03	2.6616431908e-03	3.1685001244e-05	3.2808967758e-05
2.2500000000e+02	9.7919132215e-03	2.6298850331e-03	3.1831236393e-05	3.2850456352e-05
2.2600000000e+02	9.8247842234e-03	2.5979808732e-03	3.1977005974e-05	3.2891468536e-05
2.2700000000e+02	9.8576960021e-03	2.5659311757e-03	3.2122312011e-05	3.2932011258e-05
2.2800000000e+02	9.8906480917e-03	2.5337364030e-03	3.2267156529e-05	3.2972091347e-05
2.2900000000e+02	9.9236400328e-03	2.5013970158e-03	3.2411541559e-05	3.3011715515e-05
2.3000000000e+02	9.9566713729e-03	2.4689134724e-03	3.2555469133e-05	3.3050890357e-05
2.3100000000e+02	9.9897416659e-03	2.4362862293e-03	3.2698941284e-05	3.3089622359e-05
2.3200000000e+02	1.0022850472e-02	2.4035157410e-03	3.2841960048e-05	3.3127917893e-05
2.3300000000e+02	1.0055997358e-02	2.3706024597e-03	3.2984527462e-05	3.3165783224e-05
2.3400000000e+02	1.0089181897e-02	2.3375468358e-03	3.3126645562e-05	3.3203224511e-05
2.3500000000e+02	1.0122403668e-02	2.3043493176e-03	3.3268316385e-05	3.3240247808e-05
2.3600000000e+02	1.0155662256e-02	2.2710103514e-03	3.3409541966e-05	3.3276859066e-05
2.3700000000e+02	1.0188957251e-02	2.2375303814e-03	3.3550324343e-05	3.3313064138e-05
2.3800000000e+02	1.0222288250e-02	2.2039098498e-03	3.3690665548e-05	3.3348868775e-05
2.3900000000e+02	1.0255654857e-02	2.1701491967e-03	3.3830567615e-05	3.3384278635e-05
2.4000000000e+02	1.0289056678e-02	2.1362488603e-03	3.3970032573e-05	3.3419299277e-05
2.4100000000e+02	1.0322493327e-02	2.1022092766e-03	3.4109062451e-05	3.3453936171e-05
2.4200000000e+02	1.0355964424e-02	2.0680308797e-03	3.4247659274e-05	3.3488194693e-05
2.4300000000e+02	1.0389469592e-02	2.0337141017e-03	3.4385825064e-05	3.3522080131e-05
2.4400000000e+02	1.0423008462e-02	1.9992593726e-03	3.4523561841e-05	3.3555597682e-05
2.4500000000e+02	1.0456580667e-02	1.9646671204e-03	3.4660871618e-05	3.3588752462e-05
2.4600000000e+02	1.0490185847e-02	1.9299377710e-03	3.4797756408e-05	3.3621549497e-05
2.4700000000e+02	1.0523823648e-02	1.8950717486e-03	3.4934218217e-05	3.3653993734e-05
2.4800000000e+02	1.0557493719e-02	1.8600694749e-03	3.5070259048e-05	3.3686090035e-05
2.4900000000e+02	1.0591195714e-02	1.8249313701e-03	3.5205880899e-05	3.3717843184e-05
2.5000000000e+02	1.0624929292e-02	1.7896578521e-03	3.5341085761e-05	3.3749257888e-05
2.5100000000e+02	1.0658694118e-02	1.7542493369e-03	3.5475875623e-05	3.3780338772e-05
2.5200000000e+02	1.0692489860e-02	1.7187062386e-03	3.5610252467e-05	3.3811090391e-05
2.5300000000e+02	1.0726316191e-02	1.6830289690e-03	3.5744218268e-05	3.3841517222e-05
2.5400000000e+02	1.0760172788e-02	1.6472179384e-03	3.5877774998e-05	3.3871623671e-05
2.5500000000e+02	1.0794059333e-02	1.6112735547e-03	3.6010924620e-05	3.3901414072e-05
2.5600000000e+02	1.0827975512e-02	1.5751962242e-03	3.6143669093e-05	3.3930892687e-05
2.5700000000e+02	1.0861921016e-02	1.5389863509e-03	3.6276010369e-05	3.3960063713e-05
2.5800000000e+02	1.0895895538e-02	1.5026443372e-03	3.6407950392e-05	3.3988931275e-05
2.5900000000e+02	1.0929898779e-02	1.4661705833e-03	3.6539491101e-05	3.4017499436e-05
2.6000000000e+02	1.0963930439e-02	1.4295654875e-03	3.6670634428e-05	3.4045772190e-05
2.6100000000e+02	1.0997990226e-02	1.3928294462e-03	3.6801382297e-05	3.4073753469e-05
2.6200000000e+02	1.1032077850e-02	1.3559628540e-03	3.6931736625e-05	3.4101447141e-05
2.6300000000e+02	1.1066193025e-02	1.3189661035e-03	3.7061699323e-05	3.4128857015e-05
2.6400000000e+02	1.1100335471e-02	1.2818395853e-03	3.7191272292e-05	3.4155986836e-05
2.6500000000e+02	1.1134504907e-02	1.2445836882e-03	3.7320457429e-05	3.4182840292e-05
2.6600000000e+02	1.1168701060e-02	1.2071987991e-03	3.7449256621e-05	3.4209421012e-05
2.6700000000e+02	1.1202923659e-02	1.1696853030e-03	3.7577671746e-05	3.4235732566e-05
2.6800000000e+02	1.1237172437e-02	1.1320435830e-03	3.7705704678e-05	3.4261778471e-05
2.6900000000e+02	1.1271447129e-02	1.0942740204e-03	3.7833357280e-05	3.4287562185e-05
2.7000000000e+02	1.1305747475e-02	1.0563769946e-03	3.7960631408e-05	3.4313087116e-05
2.7100000000e+02	1.1340073218e-02	1.0183528831e-03	3.8087528911e-05	3.4338356615e-05
2.7200000000e+02	1.1374424104e-02	9.8020206171e-04	3.8214051626e-05	3.4363373983e-05
2.7300000000e+02	1.1408799883e-02	9.4192490420e-04	3.8340201387e-05	3.4388142468e-05
2.7400000000e+02	1.1443200307e-02	9.0352178265e-04	3.8465980016e-05	3.4412665268e-05
2.7500000000e+02	1.1477625133e-02	8.6499306727e-04	3.8591389328e-05	3.4436945532e-05
2.7600000000e+02	1.1512074118e-02	8.2633912649e-04	3.8716431130e-05	3.4460986361e-05
2.7700000000e+02	1.1546547027e-02	7.8756032692e-04	3.8841107219e-05	3.4484790806e-05
2.7800000000e+02	1.1581043622e-02	7.4865703336e-04	3.8965419384e-05	3.4508361873e-05
2.7900000000e+02	1.1615563673e-02	7.0962960886e-04	3.9089369407e-05	3.4531702521e-05
2.8000000000e+02	1.1650106951e-02	6.7047841467e-04	3.9212959060e-05	3.4554815663e-05
2.8100000000e+02	1.1684673230e-02	6.3120381028e-04	3.9336190105e-05	3.4577704169e-05
2.8200000000e+02	1.1719262286e-02	5.9180615341e-04	3.9459064299e-05	3.4600370865e-05
2.8300000000e+02	1.1753873899e-02	5.5228580005e-04	3.9581583387e-05	3.4622818532e-05
2.8400000000e+02	1.1788507851e-02	5.1264310443e-04	3.9703749107e-05	3.4645049912e-05
2.8500000000e+02	1.1823163927e-02	4.7287841905e-04	3.9825563187e-05	3.4667067703e-05
2.8600000000e+02	1.1857841916e-02	4.3299209469e-04	3.9947027347e-05	3.4688874563e-05
2.8700000000e+02	1.1892541607e-02	3.9298448043e-04	4.0068143298e-05	3.4710473111e-05
2.8800000000e+02	1.1927262794e-02	3.5285592360e-04	4.0188912743e-05	3.4731865925e-05
2.8900000000e+02	1.1962005271e-02	3.1260676988e-04	4.0309337374e-05	3.4753055546e-05
2.9000000000e+02	1.1996768838e-02	2.7223736323e-04	4.0429418877e-05	3.4774044474e-05
2.9100000000e+02	1.2031553294e-02	2.3174804594e-04	4.0549158928e-05	3.4794835176e-05
2.9200000000e+02	1.2066358443e-02	1.9113915863e-04	4.0668559192e-05	3.4815430080e-05
2.9300000000e+02	1.2101184090e-02	1.5041104026e-04	4.0787621329e-05	3.4835831576e-05
2.9400000000e+02	1.2136030042e-02	1.0956402814e-04	4.0906346987e-05	3.4856042023e-05
2.9500000000e+02	1.2170896111e-02	6.8598457904e-05	4.1024737806e-05	3.4876063741e-05
2.9600000000e+02	1.2205782108e-02	2.7514663592e-05	4.1142795419e-05	3.4895899019e-05
2.9700000000e+02	1.2240687847e-02	-1.3687022406e-05	4.1260521447e-05	3.4915550110e-05
2.9800000000e+02	1.2275613147e-02	-5.5006269313e-05	4.1377917505e-05	3.4935019235e-05
2.9900000000e+02	1.2310557826e-02	-9.6442747961e-05	4.1494985197e-05	3.4954308582e-05
3.0000000000e+02	1.2345521705e-02	-1.3799613078e-04	4.1611726120e-05	3.4973420308e-05
3.0100000000e+02	1.2380504608e-02	-1.7966609181e-04	4.1728141860e-05	3.4992356538e-05
3.0200000000e+02	1.2415506360e-02	-2.2145230664e-04	4.1844233997e-05	3.5011119366e-05
3.0300000000e+02	1.2450526790e-02	-2.6335445245e-04	4.1960004099e-05	3.5029710855e-05
3.0400000000e+02	1.2485565726e-02	-3.0537220801e-04	4.2075453729e-05	3.5048133040e-05
3.0500000000e+02	1.2520623000e-02	-3.4750525361e-04	4.2190584438e-05	3.5066387925e-05
3.0600000000e+02	1.2555698446e-02	-3.8975327109e-04	4.2305397770e-05	3.5084477485e-05
3.0700000000e+02	1.2590791901e-02	-4.3211594386e-04	4.2419895259e-05	3.5102403668e-05
3.0800000000e+02	1.2625903200e-02	-4.7459295684e-04	4.2534078431e-05	3.5120168394e-05
3.0900000000e+02	1.2661032184e-02	-5.1718399646e-04	4.2647948804e-05	3.5137773554e-05
3.1000000000e+02	1.2696178694e-02	-5.5988875068e-04	4.2761507888e-05	3.5155221013e-05
3.1100000000e+02	1.2731342574e-02	-6.0270690897e-04	4.2874757181e-05	3.5172512610e-05
3.1200000000e+02	1.2766523668e-02	-6.4563816228e-04	4.2987698175e-05	3.5189650157e-05
3.1300000000e+02	1.2801721824e-02	-6.8868220305e-04	4.3100332354e-05	3.5206635440e-05
3.1400000000e+02	1.2836936889e-02	-7.3183872521e-04	4.3212661192e-05	3.5223470223e-05
3.1500000000e+02	1.2872168715e-02	-7.7510742414e-04	4.3324686155e-05	3.5240156240e-05
3.1600000000e+02	1.2907417153e-02	-8.1848799671e-04	4.3436408700e-05	3.5256695204e-05
3.1700000000e+02	1.2942682057e-02	-8.6198014122e-04	4.3547830277e-05	3.5273088803e-05
3.1800000000e+02	1.2977963282e-02	-9.0558355742e-04	4.3658952326e-05	3.5289338703e-05
3.1900000000e+02	1.3013260687e-02	-9.4929794651e-04	4.3769776279e-05	3.5305446544e-05
3.2000000000e+02	1.3048574128e-02	-9.9312301109e-04	4.3880303561e-05	3.5321413944e-05
3.2100000000e+02	1.3083903468e-02	-1.0370584552e-03	4.3990535587e-05	3.5337242501e-05
3.2200000000e+02	1.3119248568e-02	-1.0811039843e-03	4.4100473764e-05	3.5352933787e-05
3.2300000000e+02	1.3154609291e-02	-1.1252593053e-03	4.4210119492e-05	3.5368489356e-05
3.2400000000e+02	1.3189985502e-02	-1.1695241263e-03	4.4319474160e-05	3.5383910737e-05
3.2500000000e+02	1.3225377068e-02	-1.2138981570e-03	4.4428539153e-05	3.5399199440e-05
3.2600000000e+02	1.3260783857e-02	-1.2583811085e-03	4.4537315845e-05	3.5414356954e-05
3.2700000000e+02	1.3296205738e-02	-1.3029726931e-03	4.4645805601e-05	3.5429384749e-05
3.2800000000e+02	1.3331642584e-02	-1.3476726245e-03	4.4754009781e-05	3.5444284271e-05
3.2900000000e+02	1.3367094265e-02	-1.3924806179e-03	4.4861929734e-05	3.5459056951e-05
3.3000000000e+02	1.3402560656e-02	-1.4373963897e-03	4.4969566804e-05	3.5473704197e-05
3.3100000000e+02	1.3438041632e-02	-1.4824196576e-03	4.5076922325e-05	3.5488227399e-05
3.3200000000e+02	1.3473537070e-02	-1.5275501409e-03	4.5183997622e-05	3.5502627929e-05
3.3300000000e+02	1.3509046847e-02	-1.5727875599e-03	4.5290794015e-05	3.5516907140e-05
3.3400000000e+02	1.3544570844e-02	-1.6181316364e-03	4.5397312815e-05	3.5531066365e-05
3.3500000000e+02	1.3580108940e-02	-1.6635820935e-03	4.5503555325e-05	3.5545106923e-05
3.3600000000e+02	1.3615661019e-02	-1.7091386554e-03	4.5609522839e-05	3.5559030111e-05
3.3700000000e+02	1.3651226962e-02	-1.7548010479e-03	4.5715216646e-05	3.5572837212e-05
3.3800000000e+02	1.3686806655e-02	-1.8005689979e-03	4.5820638026e-05	3.5586529490e-05
3.3900000000e+02	1.3722399983e-02	-1.8464422336e-03	4.5925788249e-05	3.5600108192e-05
3.4000000000e+02	1.3758006834e-02	-1.8924204844e-03	4.6030668583e-05	3.5613574550e-05
3.4100000000e+02	1.3793627095e-02	-1.9385034812e-03	4.6135280282e-05	3.5626929778e-05
3.4200000000e+02	1.3829260657e-02	-1.9846909559e-03	4.6239624598e-05	3.5640175075e-05
3.4300000000e+02	1.3864907409e-02	-2.0309826417e-03	4.6343702772e-05	3.5653311624e-05
3.4400000000e+02	1.3900567244e-02	-2.0773782731e-03	4.6447516038e-05	3.5666340592e-05
3.4500000000e+02	1.3936240055e-02	-2.1238775858e-03	4.6551065625e-05	3.5679263132e-05
3.4600000000e+02	1.3971925735e-02	-2.1704803169e-03	4.6654352752e-05	3.5692080379e-05
3.4700000000e+02	1.4007624181e-02	-2.2171862043e-03	4.6757378631e-05	3.5704793456e-05
3.4800000000e+02	1.4043335288e-02	-2.2639949874e-03	4.6860144469e-05	3.5717403470e-05
3.4900000000e+02	1.4079058954e-02	-2.3109064069e-03	4.6962651463e-05	3.5729911515e-05
3.5000000000e+02	1.4114795077e-02	-2.3579202045e-03	4.7064900805e-05	3.5742318669e-05
3.5100000000e+02	1.4150543558e-02	-2.4050361230e-03	4.7166893677e-05	3.5754625996e-05
3.5200000000e+02	1.4186304296e-02	-2.4522539067e-03	4.7268631258e-05	3.5766834548e-05
3.5300000000e+02	1.4222077194e-02	-2.4995733009e-03	4.7370114717e-05	3.5778945362e-05
3.5400000000e+02	1.4257862155e-02	-2.5469940519e-03	4.7471345216e-05	3.5790959462e-05
3.5500000000e+02	1.4293659081e-02	-2.5945159073e-03	4.7572323912e-05	3.5802877859e-05
3.5600000000e+02	1.4329467879e-02	-2.6421386161e-03	4.7673051952e-05	3.5814701552e-05
3.5700000000e+02	1.4365288453e-02	-2.6898619281e-03	4.7773530480e-05	3.5826431524e-05
3.5800000000e+02	1.4401120711e-02	-2.7376855943e-03	4.7873760629e-05	3.5838068750e-05
3.5900000000e+02	1.4436964560e-02	-2.7856093669e-03	4.7973743529e-05	3.5849614189e-05
3.6000000000e+02	1.4472819909e-02	-2.8336329993e-03	4.8073480301e-05	3.5861068790e-05
3.6100000000e+02	1.4508686668e-02	-2.8817562459e-03	4.8172972060e-05	3.5872433487e-05
3.6200000000e+02	1.4544564746e-02	-2.9299788621e-03	4.8272219913e-05	3.5883709207e-05
3.6300000000e+02	1.4580454057e-02	-2.9783006047e-03	4.8371224963e-05	3.5894896861e-05
3.6400000000e+02	1.4616354511e-02	-3.0267212315e-03	4.8469988304e-05	3.5905997350e-05
3.6500000000e+02	1.4652266023e-02	-3.0752405011e-03	4.8568511024e-05	3.5917011564e-05
3.6600000000e+02	1.4688188506e-02	-3.1238581737e-03	4.8666794206e-05	3.5927940382e-05
3.6700000000e+02	1.4724121875e-02	-3.1725740101e-03	4.8764838925e-05	3.5938784672e-05
3.6800000000e+02	1.4760066047e-02	-3.2213877724e-03	4.8862646249e-05	3.5949545290e-05
3.6900000000e+02	1.4796020938e-02	-3.2702992238e-03	4.8960217241e-05	3.5960223083e-05
3.7000000000e+02	1.4831986466e-02	-3.3193081285e-03	4.9057552958e-05	3.5970818886e-05
3.7100000000e+02	1.4867962549e-02	-3.3684142516e-03	4.9154654449e-05	3.5981333525e-05
3.7200000000e+02	1.4903949106e-02	-3.4176173596e-03	4.9251522758e-05	3.5991767814e-05
3.7300000000e+02	1.4939946058e-02	-3.4669172198e-03	4.9348158922e-05	3.6002122559e-05
3.7400000000e+02	1.4975953325e-02	-3.5163136004e-03	4.9444563972e-05	3.6012398555e-05
3.7500000000e+02	1.5011970829e-02	-3.5658062710e-03	4.9540738934e-05	3.6022596588e-05
3.7600000000e+02	1.5047998493e-02	-3.6153950019e-03	4.9636684826e-05	3.6032717433e-05
3.7700000000e+02	1.5084036239e-02	-3.6650795646e-03	4.9732402661e-05	3.6042761856e-05
3.7800000000e+02	1.5120083991e-02	-3.7148597316e-03	4.9827893446e-05	3.6052730615e-05
3.7900000000e+02	1.5156141675e-02	-3.7647352762e-03	4.9923158182e-05	3.6062624457e-05
3.8000000000e+02	1.5192209215e-02	-3.8147059729e-03	5.0018197864e-05	3.6072444121e-05
3.8100000000e+02	1.5228286539e-02	-3.8647715972e-03	5.0113013480e-05	3.6082190336e-05
3.8200000000e+02	1.5264373572e-02	-3.9149319255e-03	5.0207606014e-05	3.6091863824e-05
3.8300000000e+02	1.5300470242e-02	-3.9651867352e-03	5.0301976442e-05	3.6101465297e-05
3.8400000000e+02	1.5336576479e-02	-4.0155358047e-03	5.0396125738e-05	3.6110995458e-05
3.8500000000e+02	1.5372692210e-02	-4.0659789133e-03	5.0490054865e-05	3.6120455003e-05
3.8600000000e+02	1.5408817365e-02	-4.1165158414e-03	5.0583764784e-05	3.6129844618e-05
3.8700000000e+02	1.5444951876e-02	-4.1671463701e-03	5.0677256449e-05	3.6139164982e-05
3.8800000000e+02	1.5481095672e-02	-4.2178702818e-03	5.0770530810e-05	3.6148416766e-05
3.8900000000e+02	1.5517248687e-02	-4.2686873596e-03	5.0863588808e-05	3.6157600632e-05
3.9000000000e+02	1.5553410851e-02	-4.3195973876e-03	5.0956431381e-05	3.6166717234e-05
3.9100000000e+02	1.5589582099e-02	-4.3706001509e-03	5.1049059462e-05	3.6175767220e-05
3.9200000000e+02	1.5625762364e-02	-4.4216954354e-03	5.1141473977e-05	3.6184751229e-05
3.9300000000e+02	1.5661951580e-02	-4.4728830280e-03	5.1233675846e-05	3.6193669893e-05
3.9400000000e+02	1.5698149682e-02	-4.5241627165e-03	5.1325665986e-05	3.6202523836e-05
3.9500000000e+02	1.5734356606e-02	-4.5755342897e-03	5.1417445305e-05	3.6211313674e-05
3.9600000000e+02	1.5770572288e-02	-4.6269975371e-03	5.1509014710e-05	3.6220040018e-05
3.9700000000e+02	1.5806796665e-02	-4.6785522494e-03	5.1600375099e-05	3.6228703470e-05
3.9800000000e+02	1.5843029674e-02	-4.7301982179e-03	5.1691527367e-05	3.6237304626e-05
3.9900000000e+02	1.5879271254e-02	-4.7819352351e-03	5.1782472403e-05	3.6245844074e-05
4.0000000000e+02	1.5915521342e-02	-4.8337630940e-03	5.1873211090e-05	3.6254322396e-05
4.0100000000e+02	1.5951779878e-02	-4.8856815888e-03	5.1963744307e-05	3.6262740167e-05
4.0200000000e+02	1.5988046802e-02	-4.9376905144e-03	5.2054072927e-05	3.6271097955e-05
4.0300000000e+02	1.6024322054e-02	-4.9897896667e-03	5.2144197819e-05	3.6279396322e-05
4.0400000000e+02	1.6060605575e-02	-5.0419788424e-03	5.2234119846e-05	3.6287635824e-05
4.0500000000e+02	1.6096897307e-02	-5.0942578391e-03	5.2323839866e-05	3.6295817009e-05
4.0600000000e+02	1.6133197190e-02	-5.1466264551e-03	5.2413358732e-05	3.6303940419e-05
4.0700000000e+02	1.6169505168e-02	-5.1990844897e-03	5.2502677293e-05	3.6312006592e-05
4.0800000000e+02	1.6205821184e-02	-5.2516317432e-03	5.2591796391e-05	3.6320016057e-05
4.0900000000e+02	1.6242145182e-02	-5.3042680163e-03	5.2680716866e-05	3.6327969338e-05
4.1000000000e+02	1.6278477104e-02	-5.3569931110e-03	5.2769439550e-05	3.6335866955e-05
4.1100000000e+02	1.6314816897e-02	-5.4098068298e-03	5.2857965272e-05	3.6343709418e-05
4.1200000000e+02	1.6351164505e-02	-5.4627089761e-03	5.2946294857e-05	3.6351497236e-05
4.1300000000e+02	1.6387519874e-02	-5.5156993544e-03	5.3034429124e-05	3.6359230908e-05
4.1400000000e+02	1.6423882949e-02	-5.5687777696e-03	5.3122368885e-05	3.6366910929e-05
4.1500000000e+02	1.6460253678e-02	-5.6219440276e-03	5.3210114953e-05	3.6374537789e-05
4.1600000000e+02	1.6496632007e-02	-5.6751979352e-03	5.3297668130e-05	3.6382111973e-05
4.1700000000e+02	1.6533017884e-02	-5.7285392998e-03	5.3385029219e-05	3.6389633958e-05
4.1800000000e+02	1.6569411258e-02	-5.7819679298e-03	5.3472199013e-05	3.6397104219e-05
4.1900000000e+02	1.6605812076e-02	-5.8354836343e-03	5.3559178306e-05	3.6404523222e-05
4.2000000000e+02	1.6642220287e-02	-5.8890862232e-03	5.3645967882e-05	3.6411891432e-05
4.2100000000e+02	1.6678635842e-02	-5.9427755071e-03	5.3732568525e-05	3.6419209305e-05
4.2200000000e+02	1.6715058689e-02	-5.9965512975e-03	5.3818981011e-05	3.6426477293e-05
4.2300000000e+02	1.6751488780e-02	-6.0504134067e-03	5.3905206115e-05	3.6433695845e-05
4.2400000000e+02	1.6787926065e-02	-6.1043616476e-03	5.3991244604e-05	3.6440865403e-05
4.2500000000e+02	1.6824370495e-02	-6.1583958339e-03	5.4077097243e-05	3.6447986405e-05
4.2600000000e+02	1.6860822021e-02	-6.2125157804e-03	5.4162764793e-05	3.6455059283e-05
4.2700000000e+02	1.6897280597e-02	-6.2667213021e-03	5.4248248008e-05	3.6462084465e-05
4.2800000000e+02	1.6933746175e-02	-6.3210122152e-03	5.4333547639e-05	3.6469062376e-05
4.2900000000e+02	1.6970218706e-02	-6.3753883364e-03	5.4418664435e-05	3.6475993433e-05
4.3000000000e+02	1.7006698146e-02	-6.4298494834e-03	5.4503599138e-05	3.6482878051e-05
4.3100000000e+02	1.7043184447e-02	-6.4843954742e-03	5.4588352486e-05	3.6489716640e-05
4.3200000000e+02	1.7079677564e-02	-6.5390261281e-03	5.4672925213e-05	3.6496509604e-05
4.3300000000e+02	1.7116177451e-02	-6.5937412647e-03	5.4757318051e-05	3.6503257345e-05
4.3400000000e+02	1.7152684064e-02	-6.6485407045e-03	5.4841531724e-05	3.6509960259e-05
4.3500000000e+02	1.7189197357e-02	-6.7034242687e-03	5.4925566955e-05	3.6516618738e-05
4.3600000000e+02	1.7225717287e-02	-6.7583917792e-03	5.5009424463e-05	3.6523233170e-05
4.3700000000e+02	1.7262243809e-02	-6.8134430586e-03	5.5093104959e-05	3.6529803939e-05
4.3800000000e+02	1.7298776880e-02	-6.8685779303e-03	5.5176609156e-05	3.6536331424e-05
4.3900000000e+02	1.7335316457e-02	-6.9237962184e-03	5.5259937758e-05	3.6542816002e-05
4.4000000000e+02	1.7371862498e-02	-6.9790977475e-03	5.5343091467e-05	3.6549258043e-05
4.4100000000e+02	1.7408414959e-02	-7.0344823432e-03	5.5426070981e-05	3.6555657915e-05
4.4200000000e+02	1.7444973800e-02	-7.0899498317e-03	5.5508876994e-05	3.6562015981e-05
4.4300000000e+02	1.7481538977e-02	-7.1455000396e-03	5.5591510196e-05	3.6568332603e-05
4.4400000000e+02	1.7518110451e-02	-7.2011327947e-03	5.5673971274e-05	3.6574608135e-05
4.4500000000e+02	1.7554688180e-02	-7.2568479250e-03	5.5756260910e-05	3.6580842929e-05
4.4600000000e+02	1.7591272124e-02	-7.3126452596e-03	5.5838379783e-05	3.6587037335e-05
4.4700000000e+02	1.7627862241e-02	-7.3685246279e-03	5.5920328567e-05	3.6593191696e-05
4.4800000000e+02	1.7664458494e-02	-7.4244858602e-03	5.6002107933e-05	3.6599306355e-05
4.4900000000e+02	1.7701060841e-02	-7.4805287875e-03	5.6083718549e-05	3.6605381648e-05
4.5000000000e+02	1.7737669244e-02	-7.5366532413e-03	5.6165161079e-05	3.6611417909e-05
4.5100000000e+02	1.7774283664e-02	-7.5928590539e-03	5.6246436181e-05	3.6617415470e-05
4.5200000000e+02	1.7810904062e-02	-7.6491460581e-03	5.6327544514e-05	3.6623374657e-05
4.5300000000e+02	1.7847530401e-02	-7.7055140875e-03	5.6408486729e-05	3.6629295793e-05
4.5400000000e+02	1.7884162641e-02	-7.7619629764e-03	5.6489263475e-05	3.6635179200e-05
4.5500000000e+02	1.7920800746e-02	-7.8184925595e-03	5.6569875398e-05	3.6641025193e-05
4.5600000000e+02	1.7957444679e-02	-7.8751026725e-03	5.6650323140e-05	3.6646834087e-05
4.5700000000e+02	1.7994094402e-02	-7.9317931513e-03	5.6730607338e-05	3.6652606192e-05
4.5800000000e+02	1.8030749879e-02	-7.9885638328e-03	5.6810728629e-05	3.6658341814e-05
4.5900000000e+02	1.8067411074e-02	-8.0454145545e-03	5.6890687644e-05	3.6664041260e-05
4.6000000000e+02	1.8104077950e-02	-8.1023451542e-03	5.6970485009e-05	3.6669704828e-05
4.6100000000e+02	1.8140750472e-02	-8.1593554708e-03	5.7050121350e-05	3.6675332817e-05
4.6200000000e+02	1.8177428604e-02	-8.2164453435e-03	5.7129597289e-05	3.6680925521e-05
4.6300000000e+02	1.8214112311e-02	-8.2736146121e-03	5.7208913441e-05	3.6686483233e-05
4.6400000000e+02	1.8250801559e-02	-8.3308631173e-03	5.7288070423e-05	3.6692006240e-05
4.6500000000e+02	1.8287496312e-02	-8.3881907001e-03	5.7367068844e-05	3.6697494830e-05
4.6600000000e+02	1.8324196537e-02	-8.4455972023e-03	5.7445909312e-05	3.6702949284e-05
4.6700000000e+02	1.8360902199e-02	-8.5030824663e-03	5.7524592432e-05	3.6708369883e-05
4.6800000000e+02	1.8397613266e-02	-8.5606463349e-03	5.7603118805e-05	3.6713756904e-05
4.6900000000e+02	1.8434329702e-02	-8.6182886518e-03	5.7681489028e-05	3.6719110621e-05
4.7000000000e+02	1.8471051476e-02	-8.6760092611e-03	5.7759703696e-05	3.6724431306e-05
4.7100000000e+02	1.8507778554e-02	-8.7338080076e-03	5.7837763400e-05	3.6729719228e-05
4.7200000000e+02	1.8544510903e-02	-8.7916847365e-03	5.7915668729e-05	3.6734974652e-05
4.7300000000e+02	1.8581248492e-02	-8.8496392938e-03	5.7993420267e-05	3.6740197843e-05
4.7400000000e+02	1.8617991288e-02	-8.9076715259e-03	5.8071018596e-05	3.6745389061e-05
4.7500000000e+02	1.8654739260e-02	-8.9657812801e-03	5.8148464295e-05	3.6750548565e-05
4.7600000000e+02	1.8691492375e-02	-9.0239684039e-03	5.8225757939e-05	3.6755676609e-05
4.7700000000e+02	1.8728250603e-02	-9.0822327455e-03	5.8302900101e-05	3.6760773448e-05
4.7800000000e+02	1.8765013912e-02	-9.1405741538e-03	5.8379891350e-05	3.6765839331e-05
4.7900000000e+02	1.8801782271e-02	-9.1989924781e-03	5.8456732253e-05	3.6770874507e-05
4.8000000000e+02	1.8838555651e-02	-9.2574875683e-03	5.8533423373e-05	3.6775879222e-05
4.8100000000e+02	1.8875334020e-02	-9.3160592751e-03	5.8609965269e-05	3.6780853718e-05
4.8200000000e+02	1.8912117348e-02	-9.3747074493e-03	5.8686358501e-05	3.6785798237e-05
4.8300000000e+02	1.8948905606e-02	-9.4334319427e-03	5.8762603621e-05	3.6790713017e-05
4.8400000000e+02	1.8985698764e-02	-9.4922326074e-03	5.8838701181e-05	3.6795598294e-05
4.8500000000e+02	1.9022496793e-02	-9.5511092961e-03	5.8914651730e-05	3.6800454301e-05
4.8600000000e+02	1.9059299663e-02	-9.6100618620e-03	5.8990455813e-05	3.6805281271e-05
4.8700000000e+02	1.9096107346e-02	-9.6690901590e-03	5.9066113973e-05	3.6810079432e-05
4.8800000000e+02	1.9132919812e-02	-9.7281940415e-03	5.9141626750e-05	3.6814849012e-05
4.8900000000e+02	1.9169737034e-02	-9.7873733643e-03	5.9216994680e-05	3.6819590235e-05
4.9000000000e+02	1.9206558984e-02	-9.8466279827e-03	5.9292218299e-05	3.6824303323e-05
4.9100000000e+02	1.9243385632e-02	-9.9059577529e-03	5.9367298136e-05	3.6828988498e-05
4.9200000000e+02	1.9280216951e-02	-9.9653625313e-03	5.9442234721e-05	3.6833645977e-05
4.9300000000e+02	1.9317052915e-02	-1.0024842175e-02	5.9517028579e-05	3.6838275977e-05
4.9400000000e+02	1.9353893494e-02	-1.0084396541e-02	5.9591680233e-05	3.6842878711e-05
4.9500000000e+02	1.9390738663e-02	-1.0144025488e-02	5.9666190204e-05	3.6847454392e-05
4.9600000000e+02	1.9427588394e-02	-1.0203728874e-02	5.9740559009e-05	3.6852003230e-05
4.9700000000e+02	1.9464442661e-02	-1.0263506559e-02	5.9814787162e-05	3.6856525433e-05
4.9800000000e+02	1.9501301436e-02	-1.0323358402e-02	5.9888875177e-05	3.6861021206e-05
4.9900000000e+02	1.9538164694e-02	-1.0383284263e-02	5.9962823562e-05	3.6865490753e-05
5.0000000000e+02	1.9575032409e-02	-1.0443284003e-02	6.0036632823e-05	3.6869934277e-05
5.0100000000e+02	1.9611904554e-02	-1.0503357482e-02	6.0110303466e-05	3.6874351978e-05
5.0200000000e+02	1.9648781104e-02	-1.0563504564e-02	6.0183835992e-05	3.6878744054e-05
5.0300000000e+02	1.9685662034e-02	-1.0623725109e-02	6.0257230899e-05	3.6883110701e-05
5.0400000000e+02	1.9722547317e-02	-1.0684018980e-02	6.0330488685e-05	3.6887452113e-05
5.0500000000e+02	1.9759436930e-02	-1.0744386040e-02	6.0403609842e-05	3.6891768484e-05
5.0600000000e+02	1.9796330846e-02	-1.0804826154e-02	6.0476594862e-05	3.6896060005e-05
5.0700000000e+02	1.9833229041e-02	-1.0865339185e-02	6.0549444233e-05	3.6900326863e-05
5.0800000000e+02	1.9870131492e-02	-1.0925924997e-02	6.0622158443e-05	3.6904569247e-05
5.0900000000e+02	1.9907038172e-02	-1.0986583457e-02	6.0694737974e-05	3.6908787341e-05
5.1000000000e+02	1.9943949058e-02	-1.1047314429e-02	6.0767183308e-05	3.6912981330e-05
5.1100000000e+02	1.9980864127e-02	-1.1108117779e-02	6.0839494923e-05	3.6917151395e-05
5.1200000000e+02	2.0017783353e-02	-1.1168993374e-02	6.0911673295e-05	3.6921297718e-05
5.1300000000e+02	2.0054706714e-02	-1.1229941081e-02	6.0983718899e-05	3.6925420476e-05
5.1400000000e+02	2.0091634186e-02	-1.1290960768e-02	6.1055632206e-05	3.6929519846e-05
5.1500000000e+02	2.0128565746e-02	-1.1352052302e-02	6.1127413685e-05	3.6933596004e-05
5.1600000000e+02	2.0165501371e-02	-1.1413215551e-02	6.1199063802e-05	3.6937649123e-05
5.1700000000e+02	2.0202441037e-02	-1.1474450386e-02	6.1270583022e-05	3.6941679376e-05
5.1800000000e+02	2.0239384722e-02	-1.1535756674e-02	6.1341971806e-05	3.6945686933e-05
5.1900000000e+02	2.0276332403e-02	-1.1597134286e-02	6.1413230615e-05	3.6949671963e-05
5.2000000000e+02	2.0313284058e-02	-1.1658583092e-02	6.1484359904e-05	3.6953634632e-05
5.2100000000e+02	2.0350239665e-02	-1.1720102963e-02	6.1555360130e-05	3.6957575108e-05
5.2200000000e+02	2.0387199201e-02	-1.1781693769e-02	6.1626231744e-05	3.6961493554e-05
5.2300000000e+02	2.0424162645e-02	-1.1843355384e-02	6.1696975198e-05	3.6965390133e-05
5.2400000000e+02	2.0461129974e-02	-1.1905087677e-02	6.1767590938e-05	3.6969265007e-05
5.2500000000e+02	2.0498101168e-02	-1.1966890523e-02	6.1838079411e-05	3.6973118335e-05
5.2600000000e+02	2.0535076204e-02	-1.2028763794e-02	6.1908441060e-05	3.6976950275e-05
5.2700000000e+02	2.0572055061e-02	-1.2090707363e-02	6.1978676326e-05	3.6980760985e-05
5.2800000000e+02	2.0609037719e-02	-1.2152721104e-02	6.2048785650e-05	3.6984550619e-05
5.2900000000e+02	2.0646024155e-02	-1.2214804892e-02	6.2118769466e-05	3.6988319333e-05
5.3000000000e+02	2.0683014350e-02	-1.2276958602e-02	6.2188628211e-05	3.6992067278e-05
5.3100000000e+02	2.0720008283e-02	-1.2339182107e-02	6.2258362317e-05	3.6995794607e-05
5.3200000000e+02	2.0757005933e-02	-1.2401475285e-02	6.2327972214e-05	3.6999501468e-05
5.3300000000e+02	2.0794007279e-02	-1.2463838010e-02	6.2397458330e-05	3.7003188011e-05
5.3400000000e+02	2.0831012302e-02	-1.2526270160e-02	6.2466821091e-05	3.7006854382e-05
5.3500000000e+02	2.0868020981e-02	-1.2588771612e-02	6.2536060921e-05	3.7010500728e-05
5.3600000000e+02	2.0905033297e-02	-1.2651342241e-02	6.2605178243e-05	3.7014127194e-05
5.3700000000e+02	2.0942049229e-02	-1.2713981927e-02	6.2674173476e-05	3.7017733922e-05
5.3800000000e+02	2.0979068758e-02	-1.2776690548e-02	6.2743047037e-05	3.7021321054e-05
5.3900000000e+02	2.1016091865e-02	-1.2839467981e-02	6.2811799343e-05	3.7024888733e-05
5.4000000000e+02	2.1053118529e-02	-1.2902314106e-02	6.2880430806e-05	3.7028437096e-05
5.4100000000e+02	2.1090148733e-02	-1.2965228803e-02	6.2948941839e-05	3.7031966282e-05
5.4200000000e+02	2.1127182455e-02	-1.3028211950e-02	6.3017332851e-05	3.7035476429e-05
5.4300000000e+02	2.1164219679e-02	-1.3091263428e-02	6.3085604250e-05	3.7038967672e-05
5.4400000000e+02	2.1201260385e-02	-1.3154383119e-02	6.3153756440e-05	3.7042440145e-05
5.4500000000e+02	2.1238304553e-02	-1.3217570902e-02	6.3221789825e-05	3.7045893983e-05
5.4600000000e+02	2.1275352166e-02	-1.3280826659e-02	6.3289704808e-05	3.7049329317e-05
5.4700000000e+02	2.1312403206e-02	-1.3344150272e-02	6.3357501787e-05	3.7052746279e-05
5.4800000000e+02	2.1349457653e-02	-1.3407541623e-02	6.3425181161e-05	3.7056144999e-05
5.4900000000e+02	2.1386515490e-02	-1.3471000595e-02	6.3492743324e-05	3.7059525605e-05
5.5000000000e+02	2.1423576698e-02	-1.3534527071e-02	6.3560188671e-05	3.7062888224e-05
5.5100000000e+02	2.1460641260e-02	-1.3598120934e-02	6.3627517593e-05	3.7066232985e-05
5.5200000000e+02	2.1497709158e-02	-1.3661782067e-02	6.3694730481e-05	3.7069560012e-05
5.5300000000e+02	2.1534780374e-02	-1.3725510356e-02	6.3761827722e-05	3.7072869429e-05
5.5400000000e+02	2.1571854891e-02	-1.3789305684e-02	6.3828809703e-05	3.7076161360e-05
5.5500000000e+02	2.1608932691e-02	-1.3853167937e-02	6.3895676808e-05	3.7079435927e-05
5.5600000000e+02	2.1646013757e-02	-1.3917097000e-02	6.3962429419e-05	3.7082693251e-05
5.5700000000e+02	2.1683098072e-02	-1.3981092758e-02	6.4029067918e-05	3.7085933452e-05
5.5800000000e+02	2.1720185618e-02	-1.4045155098e-02	6.4095592682e-05	3.7089156650e-05
5.5900000000e+02	2.1757276380e-02	-1.4109283906e-02	6.4162004088e-05	3.7092362962e-05
5.6000000000e+02	2.1794370339e-02	-1.4173479068e-02	6.4228302513e-05	3.7095552506e-05
5.6100000000e+02	2.1831467479e-02	-1.4237740473e-02	6.4294488329e-05	3.7098725397e-05
5.6200000000e+02	2.1868567784e-02	-1.4302068008e-02	6.4360561907e-05	3.7101881751e-05
5.6300000000e+02	2.1905671237e-02	-1.4366461560e-02	6.4426523618e-05	3.7105021681e-05
5.6400000000e+02	2.1942777822e-02	-1.4430921018e-02	6.4492373829e-05	3.7108145301e-05
5.6500000000e+02	2.1979887522e-02	-1.4495446270e-02	6.4558112907e-05	3.7111252723e-05
5.6600000000e+02	2.2017000322e-02	-1.4560037207e-02	6.4623741217e-05	3.7114344058e-05
5.6700000000e+02	2.2054116205e-02	-1.4624693716e-02	6.4689259120e-05	3.7117419415e-05
5.6800000000e+02	2.2091235156e-02	-1.4689415688e-02	6.4754666978e-05	3.7120478906e-05
5.6900000000e+02	2.2128357158e-02	-1.4754203013e-02	6.4819965151e-05	3.7123522636e-05
5.7000000000e+02	2.2165482196e-02	-1.4819055582e-02	6.4885153996e-05	3.7126550715e-05
5.7100000000e+02	2.2202610254e-02	-1.4883973285e-02	6.4950233869e-05	3.7129563249e-05
5.7200000000e+02	2.2239741317e-02	-1.4948956014e-02	6.5015205123e-05	3.7132560343e-05
5.7300000000e+02	2.2276875370e-02	-1.5014003659e-02	6.5080068113e-05	3.7135542102e-05
5.7400000000e+02	2.2314012396e-02	-1.5079116114e-02	6.5144823188e-05	3.7138508630e-05
5.7500000000e+02	2.2351152382e-02	-1.5144293270e-02	6.5209470698e-05	3.7141460030e-05
5.7600000000e+02	2.2388295311e-02	-1.5209535019e-02	6.5274010991e-05	3.7144396403e-05
5.7700000000e+02	2.2425441170e-02	-1.5274841256e-02	6.5338444412e-05	3.7147317852e-05
5.7800000000e+02	2.2462589942e-02	-1.5340211873e-02	6.5402771306e-05	3.7150224477e-05
5.7900000000e+02	2.2499741614e-02	-1.5405646763e-02	6.5466992015e-05	3.7153116376e-05
5.8000000000e+02	2.2536896170e-02	-1.5471145822e-02	6.5531106882e-05	3.7155993650e-05
5.8100000000e+02	2.2574053596e-02	-1.5536708942e-02	6.5595116244e-05	3.7158856395e-05
5.8200000000e+02	2.2611213878e-02	-1.5602336019e-02	6.5659020441e-05	3.7161704710e-05
5.8300000000e+02	2.2648377001e-02	-1.5668026948e-02	6.5722819809e-05	3.7164538689e-05
5.8400000000e+02	2.2685542950e-02	-1.5733781624e-02	6.5786514682e-05	3.7167358430e-05
5.8500000000e+02	2.2722711713e-02	-1.5799599942e-02	6.5850105394e-05	3.7170164026e-05
5.8600000000e+02	2.2759883274e-02	-1.5865481800e-02	6.5913592276e-05	3.7172955571e-05
5.8700000000e+02	2.2797057619e-02	-1.5931427092e-02	6.5976975659e-05	3.7175733159e-05
5.8800000000e+02	2.2834234736e-02	-1.5997435717e-02	6.6040255871e-05	3.7178496881e-05
5.8900000000e+02	2.2871414609e-02	-1.6063507570e-02	6.6103433240e-05	3.7181246831e-05
5.9000000000e+02	2.2908597225e-02	-1.6129642549e-02	6.6166508091e-05	3.7183983097e-05
5.9100000000e+02	2.2945782570e-02	-1.6195840552e-02	6.6229480748e-05	3.7186705772e-05
5.9200000000e+02	2.2982970632e-02	-1.6262101477e-02	6.6292351534e-05	3.7189414943e-05
5.9300000000e+02	2.3020161396e-02	-1.6328425221e-02	6.6355120770e-05	3.7192110700e-05
5.9400000000e+02	2.3057354849e-02	-1.6394811684e-02	6.6417788776e-05	3.7194793130e-05
5.9500000000e+02	2.3094550977e-02	-1.6461260765e-02	6.6480355870e-05	3.7197462322e-05
5.9600000000e+02	2.3131749769e-02	-1.6527772363e-02	6.6542822368e-05	3.7200118361e-05
5.9700000000e+02	2.3168951210e-02	-1.6594346377e-02	6.6605188587e-05	3.7202761333e-05
5.9800000000e+02	2.3206155287e-02	-1.6660982707e-02	6.6667454839e-05	3.7205391323e-05
5.9900000000e+02	2.3243361988e-02	-1.6727681253e-02	6.6729621438e-05	3.7208008416e-05
6.0000000000e+02	2.3280571300e-02	-1.6794441916e-02	6.6791688693e-05	3.7210612695e-05
6.0100000000e+02	2.3317783209e-02	-1.6861264597e-02	6.6853656916e-05	3.7213204244e-05
6.0200000000e+02	2.3354997704e-02	-1.6928149197e-02	6.6915526414e-05	3.7215783145e-05
6.0300000000e+02	2.3392214771e-02	-1.6995095617e-02	6.6977297494e-05	3.7218349480e-05
6.0400000000e+02	2.3429434399e-02	-1.7062103760e-02	6.7038970461e-05	3.7220903330e-05
6.0500000000e+02	2.3466656574e-02	-1.7129173526e-02	6.7100545619e-05	3.7223444775e-05
6.0600000000e+02	2.3503881284e-02	-1.7196304818e-02	6.7162023272e-05	3.7225973895e-05
6.0700000000e+02	2.3541108518e-02	-1.7263497540e-02	6.7223403719e-05	3.7228490769e-05
6.0800000000e+02	2.3578338262e-02	-1.7330751593e-02	6.7284687262e-05	3.7230995476e-05
6.0900000000e+02	2.3615570505e-02	-1.7398066882e-02	6.7345874198e-05	3.7233488093e-05
6.1000000000e+02	2.3652805234e-02	-1.7465443310e-02	6.7406964826e-05	3.7235968699e-05
6.1100000000e+02	2.3690042438e-02	-1.7532880780e-02	6.7467959440e-05	3.7238437369e-05
6.1200000000e+02	2.3727282105e-02	-1.7600379197e-02	6.7528858336e-05	3.7240894180e-05
6.1300000000e+02	2.3764524222e-02	-1.7667938465e-02	6.7589661806e-05	3.7243339207e-05
6.1400000000e+02	2.3801768779e-02	-1.7735558489e-02	6.7650370143e-05	3.7245772525e-05
6.1500000000e+02	2.3839015764e-02	-1.7803239173e-02	6.7710983637e-05	3.7248194209e-05
6.1600000000e+02	2.3876265164e-02	-1.7870980424e-02	6.7771502578e-05	3.7250604331e-05
6.1700000000e+02	2.3913516968e-02	-1.7938782147e-02	6.7831927254e-05	3.7253002966e-05
6.1800000000e+02	2.3950771166e-02	-1.8006644247e-02	6.7892257951e-05	3.7255390185e-05
6.1900000000e+02	2.3988027745e-02	-1.8074566632e-02	6.7952494954e-05	3.7257766061e-05
6.2000000000e+02	2.4025286694e-02	-1.8142549206e-02	6.8012638549e-05	3.7260130665e-05
6.2100000000e+02	2.4062548003e-02	-1.8210591878e-02	6.8072689018e-05	3.7262484067e-05
6.2200000000e+02	2.4099811659e-02	-1.8278694553e-02	6.8132646643e-05	3.7264826339e-05
6.2300000000e+02	2.4137077652e-02	-1.8346857140e-02	6.8192511704e-05	3.7267157550e-05
6.2400000000e+02	2.4174345970e-02	-1.8415079546e-02	6.8252284481e-05	3.7269477769e-05
6.2500000000e+02	2.4211616604e-02	-1.8483361679e-02	6.8311965251e-05	3.7271787064e-05
6.2600000000e+02	2.4248889541e-02	-1.8551703446e-02	6.8371554292e-05	3.7274085505e-05
6.2700000000e+02	2.4286164771e-02	-1.8620104757e-02	6.8431051878e-05	3.7276373158e-05
6.2800000000e+02	2.4323442283e-02	-1.8688565519e-02	6.8490458285e-05	3.7278650091e-05
6.2900000000e+02	2.4360722068e-02	-1.8757085643e-02	6.8549773784e-05	3.7280916370e-05
6.3000000000e+02	2.4398004113e-02	-1.8825665037e-02	6.8608998650e-05	3.7283172061e-05
6.3100000000e+02	2.4435288408e-02	-1.8894303610e-02	6.8668133151e-05	3.7285417230e-05
6.3200000000e+02	2.4472574944e-02	-1.8963001273e-02	6.8727177558e-05	3.7287651941e-05
6.3300000000e+02	2.4509863709e-02	-1.9031757935e-02	6.8786132139e-05	3.7289876261e-05
6.3400000000e+02	2.4547154693e-02	-1.9100573507e-02	6.8844997161e-05	3.7292090251e-05
6.3500000000e+02	2.4584447886e-02	-1.9169447900e-02	6.8903772890e-05	3.7294293976e-05
6.3600000000e+02	2.4621743277e-02	-1.9238381023e-02	6.8962459592e-05	3.7296487500e-05
6.3700000000e+02	2.4659040857e-02	-1.9307372789e-02	6.9021057530e-05	3.7298670884e-05
6.3800000000e+02	2.4696340616e-02	-1.9376423109e-02	6.9079566967e-05	3.7300844190e-05
6.3900000000e+02	2.4733642542e-02	-1.9445531894e-02	6.9137988163e-05	3.7303007481e-05
6.4000000000e+02	2.4770946627e-02	-1.9514699056e-02	6.9196321380e-05	3.7305160818e-05
6.4100000000e+02	2.4808252861e-02	-1.9583924507e-02	6.9254566877e-05	3.7307304261e-05
6.4200000000e+02	2.4845561233e-02	-1.9653208161e-02	6.9312724911e-05	3.7309437870e-05
6.4300000000e+02	2.4882871733e-02	-1.9722549928e-02	6.9370795741e-05	3.7311561705e-05
6.4400000000e+02	2.4920184353e-02	-1.9791949723e-02	6.9428779621e-05	3.7313675826e-05
6.4500000000e+02	2.4957499082e-02	-1.9861407459e-02	6.9486676806e-05	3.7315780292e-05
6.4600000000e+02	2.4994815910e-02	-1.9930923048e-02	6.9544487551e-05	3.7317875160e-05
6.4700000000e+02	2.5032134829e-02	-2.0000496405e-02	6.9602212108e-05	3.7319960490e-05
6.4800000000e+02	2.5069455828e-02	-2.0070127443e-02	6.9659850727e-05	3.7322036338e-05
6.4900000000e+02	2.5106778898e-02	-2.0139816078e-02	6.9717403661e-05	3.7324102761e-05
6.5000000000e+02	2.5144104030e-02	-2.0209562222e-02	6.9774871158e-05	3.7326159817e-05
6.5100000000e+02	2.5181431215e-02	-2.0279365792e-02	6.9832253466e-05	3.7328207562e-05
6.5200000000e+02	2.5218760442e-02	-2.0349226701e-02	6.9889550833e-05	3.7330246051e-05
6.5300000000e+02	2.5256091704e-02	-2.0419144865e-02	6.9946763505e-05	3.7332275340e-05
6.5400000000e+02	2.5293424990e-02	-2.0489120200e-02	7.0003891727e-05	3.7334295484e-05
6.5500000000e+02	2.5330760292e-02	-2.0559152621e-02	7.0060935744e-05	3.7336306538e-05
6.5600000000e+02	2.5368097600e-02	-2.0629242043e-02	7.0117895798e-05	3.7338308555e-05
6.5700000000e+02	2.5405436906e-02	-2.0699388384e-02	7.0174772131e-05	3.7340301590e-05
6.5800000000e+02	2.5442778200e-02	-2.0769591560e-02	7.0231564985e-05	3.7342285697e-05
6.5900000000e+02	2.5480121474e-02	-2.0839851486e-02	7.0288274599e-05	3.7344260927e-05
6.6000000000e+02	2.5517466719e-02	-2.0910168081e-02	7.0344901213e-05	3.7346227334e-05
6.6100000000e+02	2.5554813926e-02	-2.0980541261e-02	7.0401445064e-05	3.7348184971e-05
6.6200000000e+02	2.5592163086e-02	-2.1050970944e-02	7.0457906390e-05	3.7350133888e-05
6.6300000000e+02	2.5629514191e-02	-2.1121457047e-02	7.0514285426e-05	3.7352074137e-05
6.6400000000e+02	2.5666867232e-02	-2.1191999487e-02	7.0570582408e-05	3.7354005770e-05
6.6500000000e+02	2.5704222200e-02	-2.1262598184e-02	7.0626797570e-05	3.7355928837e-05
6.6600000000e+02	2.5741579086e-02	-2.1333253055e-02	7.0682931144e-05	3.7357843389e-05
6.6700000000e+02	2.5778937884e-02	-2.1403964019e-02	7.0738983363e-05	3.7359749475e-05
6.6800000000e+02	2.5816298583e-02	-2.1474730995e-02	7.0794954457e-05	3.7361647146e-05
6.6900000000e+02	2.5853661175e-02	-2.1545553901e-02	7.0850844658e-05	3.7363536450e-05
6.7000000000e+02	2.5891025653e-02	-2.1616432657e-02	7.0906654194e-05	3.7365417436e-05
6.7100000000e+02	2.5928392007e-02	-2.1687367183e-02	7.0962383294e-05	3.7367290153e-05
6.7200000000e+02	2.5965760230e-02	-2.1758357397e-02	7.1018032184e-05	3.7369154649e-05
6.7300000000e+02	2.6003130314e-02	-2.1829403221e-02	7.1073601091e-05	3.7371010973e-05
6.7400000000e+02	2.6040502250e-02	-2.1900504573e-02	7.1129090241e-05	3.7372859170e-05
6.7500000000e+02	2.6077876029e-02	-2.1971661375e-02	7.1184499858e-05	3.7374699290e-05
6.7600000000e+02	2.6115251645e-02	-2.2042873546e-02	7.1239830165e-05	3.7376531377e-05
6.7700000000e+02	2.6152629090e-02	-2.2114141009e-02	7.1295081386e-05	3.7378355480e-05
6.7800000000e+02	2.6190008354e-02	-2.2185463683e-02	7.1350253741e-05	3.7380171644e-05
6.7900000000e+02	2.6227389430e-02	-2.2256841490e-02	7.1405347452e-05	3.7381979915e-05
6.8000000000e+02	2.6264772311e-02	-2.2328274351e-02	7.1460362739e-05	3.7383780338e-05
6.8100000000e+02	2.6302156988e-02	-2.2399762189e-02	7.1515299820e-05	3.7385572958e-05
6.8200000000e+02	2.6339543454e-02	-2.2471304925e-02	7.1570158914e-05	3.7387357821e-05
6.8300000000e+02	2.6376931701e-02	-2.2542902481e-02	7.1624940238e-05	3.7389134971e-05
6.8400000000e+02	2.6414321722e-02	-2.2614554780e-02	7.1679644008e-05	3.7390904452e-05
6.8500000000e+02	2.6451713508e-02	-2.2686261743e-02	7.1734270439e-05	3.7392666308e-05
6.8600000000e+02	2.6489107052e-02	-2.2758023295e-02	7.1788819747e-05	3.7394420583e-05
6.8700000000e+02	2.6526502346e-02	-2.2829839357e-02	7.1843292145e-05	3.7396167319e-05
6.8800000000e+02	2.6563899384e-02	-2.2901709854e-02	7.1897687845e-05	3.7397906560e-05
6.8900000000e+02	2.6601298157e-02	-2.2973634707e-02	7.1952007060e-05	3.7399638349e-05
6.9000000000e+02	2.6638698658e-02	-2.3045613842e-02	7.2006250001e-05	3.7401362727e-05
6.9100000000e+02	2.6676100880e-02	-2.3117647182e-02	7.2060416877e-05	3.7403079738e-05
6.9200000000e+02	2.6713504815e-02	-2.3189734651e-02	7.2114507899e-05	3.7404789422e-05
6.9300000000e+02	2.6750910456e-02	-2.3261876173e-02	7.2168523274e-05	3.7406491821e-05
6.9400000000e+02	2.6788317796e-02	-2.3334071672e-02	7.2222463211e-05	3.7408186976e-05
6.9500000000e+02	2.6825726828e-02	-2.3406321074e-02	7.2276327916e-05	3.7409874928e-05
6.9600000000e+02	2.6863137544e-02	-2.3478624303e-02	7.2330117596e-05	3.7411555718e-05
6.9700000000e+02	2.6900549937e-02	-2.3550981284e-02	7.2383832455e-05	3.7413229386e-05
6.9800000000e+02	2.6937964000e-02	-2.3623391943e-02	7.2437472698e-05	3.7414895972e-05
6.9900000000e+02	2.6975379727e-02	-2.3695856205e-02	7.2491038528e-05	3.7416555516e-05
7.0000000000e+02	2.7012797109e-02	-2.3768373995e-02	7.2544530149e-05	3.7418208057e-05
7.0100000000e+02	2.7050216140e-02	-2.3840945240e-02	7.2597947761e-05	3.7419853635e-05
7.0200000000e+02	2.7087636814e-02	-2.3913569866e-02	7.2651291567e-05	3.7421492288e-05
7.0300000000e+02	2.7125059123e-02	-2.3986247799e-02	7.2704561766e-05	3.7423124055e-05
7.0400000000e+02	2.7162483060e-02	-2.4058978965e-02	7.2757758558e-05	3.7424748975e-05
7.0500000000e+02	2.7199908618e-02	-2.4131763292e-02	7.2810882142e-05	3.7426367085e-05
7.0600000000e+02	2.7237335792e-02	-2.4204600705e-02	7.2863932715e-05	3.7427978423e-05
7.0700000000e+02	2.7274764573e-02	-2.4277491133e-02	7.2916910475e-05	3.7429583028e-05
7.0800000000e+02	2.7312194955e-02	-2.4350434502e-02	7.2969815618e-05	3.7431180936e-05
7.0900000000e+02	2.7349626933e-02	-2.4423430740e-02	7.3022648339e-05	3.7432772184e-05
7.1000000000e+02	2.7387060498e-02	-2.4496479775e-02	7.3075408834e-05	3.7434356809e-05
7.1100000000e+02	2.7424495644e-02	-2.4569581534e-02	7.3128097296e-05	3.7435934848e-05
7.1200000000e+02	2.7461932365e-02	-2.4642735945e-02	7.3180713919e-05	3.7437506338e-05
7.1300000000e+02	2.7499370655e-02	-2.4715942938e-02	7.3233258895e-05	3.7439071313e-05
7.1400000000e+02	2.7536810506e-02	-2.4789202439e-02	7.3285732416e-05	3.7440629810e-05
7.1500000000e+02	2.7574251912e-02	-2.4862514379e-02	7.3338134672e-05	3.7442181865e-05
7.1600000000e+02	2.7611694867e-02	-2.4935878685e-02	7.3390465855e-05	3.7443727513e-05
7.1700000000e+02	2.7649139365e-02	-2.5009295287e-02	7.3442726153e-05	3.7445266789e-05
7.1800000000e+02	2.7686585399e-02	-2.5082764114e-02	7.3494915755e-05	3.7446799728e-05
7.1900000000e+02	2.7724032962e-02	-2.5156285095e-02	7.3547034850e-05	3.7448326364e-05
7.2000000000e+02	2.7761482049e-02	-2.5229858160e-02	7.3599083624e-05	3.7449846732e-05
7.2100000000e+02	2.7798932654e-02	-2.5303483239e-02	7.3651062264e-05	3.7451360866e-05
7.2200000000e+02	2.7836384769e-02	-2.5377160261e-02	7.3702970956e-05	3.7452868800e-05
7.2300000000e+02	2.7873838389e-02	-2.5450889157e-02	7.3754809884e-05	3.7454370567e-05
7.2400000000e+02	2.7911293508e-02	-2.5524669858e-02	7.3806579234e-05	3.7455866201e-05
7.2500000000e+02	2.7948750120e-02	-2.5598502293e-02	7.3858279189e-05	3.7457355736e-05
7.2600000000e+02	2.7986208218e-02	-2.5672386393e-02	7.3909909932e-05	3.7458839204e-05
7.2700000000e+02	2.8023667796e-02	-2.5746322089e-02	7.3961471644e-05	3.7460316638e-05
7.2800000000e+02	2.8061128849e-02	-2.5820309313e-02	7.4012964508e-05	3.7461788071e-05
7.2900000000e+02	2.8098591370e-02	-2.5894347996e-02	7.4064388705e-05	3.7463253534e-05
7.3000000000e+02	2.8136055354e-02	-2.5968438068e-02	7.4115744413e-05	3.7464713061e-05
7.3100000000e+02	2.8173520794e-02	-2.6042579462e-02	7.4167031814e-05	3.7466166683e-05
7.3200000000e+02	2.8210987685e-02	-2.6116772109e-02	7.4218251085e-05	3.7467614431e-05
7.3300000000e+02	2.8248456021e-02	-2.6191015941e-02	7.4269402404e-05	3.7469056338e-05
7.3400000000e+02	2.8285925796e-02	-2.6265310891e-02	7.4320485950e-05	3.7470492434e-05
7.3500000000e+02	2.8323397004e-02	-2.6339656891e-02	7.4371501898e-05	3.7471922751e-05
7.3600000000e+02	2.8360869640e-02	-2.6414053872e-02	7.4422450424e-05	3.7473347319e-05
7.3700000000e+02	2.8398343697e-02	-2.6488501769e-02	7.4473331704e-05	3.7474766169e-05
7.3800000000e+02	2.8435819170e-02	-2.6563000513e-02	7.4524145913e-05	3.7476179332e-05
7.3900000000e+02	2.8473296054e-02	-2.6637550039e-02	7.4574893223e-05	3.7477586837e-05
7.4000000000e+02	2.8510774342e-02	-2.6712150278e-02	7.4625573810e-05	3.7478988716e-05
7.4100000000e+02	2.8548254029e-02	-2.6786801164e-02	7.4676187845e-05	3.7480384997e-05
7.4200000000e+02	2.8585735110e-02	-2.6861502631e-02	7.4726735500e-05	3.7481775710e-05
7.4300000000e+02	2.8623217579e-02	-2.6936254613e-02	7.4777216947e-05	3.7483160885e-05
7.4400000000e+02	2.8660701430e-02	-2.7011057043e-02	7.4827632356e-05	3.7484540552e-05
7.4500000000e+02	2.8698186658e-02	-2.7085909856e-02	7.4877981898e-05	3.7485914738e-05
7.4600000000e+02	2.8735673258e-02	-2.7160812985e-02	7.4928265741e-05	3.7487283474e-05
7.4700000000e+02	2.8773161223e-02	-2.7235766365e-02	7.4978484054e-05	3.7488646787e-05
7.4800000000e+02	2.8810650549e-02	-2.7310769931e-02	7.5028637006e-05	3.7490004707e-05
7.4900000000e+02	2.8848141231e-02	-2.7385823618e-02	7.5078724764e-05	3.7491357261e-05
7.5000000000e+02	2.8885633262e-02	-2.7460927359e-02	7.5128747495e-05	3.7492704478e-05
7.5100000000e+02	2.8923126638e-02	-2.7536081091e-02	7.5178705365e-05	3.7494046385e-05
7.5200000000e+02	2.8960621353e-02	-2.7611284748e-02	7.5228598539e-05	3.7495383011e-05
7.5300000000e+02	2.8998117402e-02	-2.7686538266e-02	7.5278427183e-05	3.7496714383e-05
7.5400000000e+02	2.9035614780e-02	-2.7761841581e-02	7.5328191461e-05	3.7498040529e-05
7.5500000000e+02	2.9073113482e-02	-2.7837194628e-02	7.5377891536e-05	3.7499361475e-05
7.5600000000e+02	2.9110613501e-02	-2.7912597343e-02	7.5427527572e-05	3.7500677249e-05
7.5700000000e+02	2.9148114834e-02	-2.7988049662e-02	7.5477099731e-05	3.7501987877e-05
7.5800000000e+02	2.9185617475e-02	-2.8063551521e-02	7.5526608175e-05	3.7503293387e-05
7.5900000000e+02	2.9223121419e-02	-2.8139102857e-02	7.5576053065e-05	3.7504593804e-05
7.6000000000e+02	2.9260626661e-02	-2.8214703606e-02	7.5625434562e-05	3.7505889156e-05
7.6100000000e+02	2.9298133196e-02	-2.8290353705e-02	7.5674752827e-05	3.7507179469e-05
7.6200000000e+02	2.9335641019e-02	-2.8366053091e-02	7.5724008018e-05	3.7508464767e-05
7.6300000000e+02	2.9373150124e-02	-2.8441801700e-02	7.5773200294e-05	3.7509745078e-05
7.6400000000e+02	2.9410660507e-02	-2.8517599470e-02	7.5822329814e-05	3.7511020427e-05
7.6500000000e+02	2.9448172163e-02	-2.8593446339e-02	7.5871396735e-05	3.7512290840e-05
7.6600000000e+02	2.9485685087e-02	-2.8669342243e-02	7.5920401214e-05	3.7513556341e-05
7.6700000000e+02	2.9523199274e-02	-2.8745287121e-02	7.5969343409e-05	3.7514816957e-05
7.6800000000e+02	2.9560714719e-02	-2.8821280909e-02	7.6018223475e-05	3.7516072711e-05
7.6900000000e+02	2.9598231418e-02	-2.8897323547e-02	7.6067041567e-05	3.7517323630e-05
7.7000000000e+02	2.9635749365e-02	-2.8973414972e-02	7.6115797840e-05	3.7518569737e-05
7.7100000000e+02	2.9673268556e-02	-2.9049555122e-02	7.6164492449e-05	3.7519811058e-05
7.7200000000e+02	2.9710788986e-02	-2.9125743936e-02	7.6213125546e-05	3.7521047616e-05
7.7300000000e+02	2.9748310650e-02	-2.9201981353e-02	7.6261697286e-05	3.7522279436e-05
7.7400000000e+02	2.9785833543e-02	-2.9278267310e-02	7.6310207821e-05	3.7523506542e-05
7.7500000000e+02	2.9823357661e-02	-2.9354601748e-02	7.6358657302e-05	3.7524728959e-05
7.7600000000e+02	2.9860882999e-02	-2.9430984605e-02	7.6407045881e-05	3.7525946709e-05
7.7700000000e+02	2.9898409553e-02	-2.9507415819e-02	7.6455373710e-05	3.7527159816e-05
7.7800000000e+02	2.9935937317e-02	-2.9583895332e-02	7.6503640937e-05	3.7528368305e-05
7.7900000000e+02	2.9973466288e-02	-2.9660423081e-02	7.6551847714e-05	3.7529572197e-05
7.8000000000e+02	3.0010996460e-02	-2.9736999007e-02	7.6599994189e-05	3.7530771518e-05
7.8100000000e+02	3.0048527830e-02	-2.9813623049e-02	7.6648080511e-05	3.7531966289e-05
7.8200000000e+02	3.0086060391e-02	-2.9890295148e-02	7.6696106828e-05	3.7533156533e-05
7.8300000000e+02	3.0123594141e-02	-2.9967015243e-02	7.6744073288e-05	3.7534342273e-05
7.8400000000e+02	3.0161129074e-02	-3.0043783275e-02	7.6791980037e-05	3.7535523533e-05
7.8500000000e+02	3.0198665187e-02	-3.0120599183e-02	7.6839827223e-05	3.7536700333e-05
7.8600000000e+02	3.0236202474e-02	-3.0197462909e-02	7.6887614991e-05	3.7537872698e-05
7.8700000000e+02	3.0273740931e-02	-3.0274374394e-02	7.6935343487e-05	3.7539040648e-05
7.8800000000e+02	3.0311280553e-02	-3.0351333577e-02	7.6983012855e-05	3.7540204206e-05
7.8900000000e+02	3.0348821338e-02	-3.0428340400e-02	7.7030623241e-05	3.7541363394e-05
7.9000000000e+02	3.0386363279e-02	-3.0505394804e-02	7.7078174788e-05	3.7542518234e-05
7.9100000000e+02	3.0423906373e-02	-3.0582496730e-02	7.7125667639e-05	3.7543668747e-05
7.9200000000e+02	3.0461450615e-02	-3.0659646119e-02	7.7173101937e-05	3.7544814955e-05
7.9300000000e+02	3.0498996001e-02	-3.0736842914e-02	7.7220477825e-05	3.7545956880e-05
7.9400000000e+02	3.0536542527e-02	-3.0814087056e-02	7.7267795444e-05	3.7547094541e-05
7.9500000000e+02	3.0574090189e-02	-3.0891378486e-02	7.7315054936e-05	3.7548227962e-05
7.9600000000e+02	3.0611638982e-02	-3.0968717146e-02	7.7362256442e-05	3.7549357162e-05
7.9700000000e+02	3.0649188902e-02	-3.1046102979e-02	7.7409400101e-05	3.7550482162e-05
7.9800000000e+02	3.0686739945e-02	-3.1123535927e-02	7.7456486055e-05	3.7551602984e-05
7.9900000000e+02	3.0724292106e-02	-3.1201015932e-02	7.7503514441e-05	3.7552719647e-05
8.0000000000e+02	3.0761845382e-02	-3.1278542937e-02	7.7550485399e-05	3.7553832173e-05
8.0100000000e+02	3.0799399769e-02	-3.1356116884e-02	7.7597399067e-05	3.7554940582e-05
8.0200000000e+02	3.0836955262e-02	-3.1433737716e-02	7.7644255584e-05	3.7556044893e-05
8.0300000000e+02	3.0874511858e-02	-3.1511405376e-02	7.7691055085e-05	3.7557145128e-05
8.0400000000e+02	3.0912069551e-02	-3.1589119807e-02	7.7737797709e-05	3.7558241305e-05
8.0500000000e+02	3.0949628339e-02	-3.1666880952e-02	7.7784483592e-05	3.7559333446e-05
8.0600000000e+02	3.0987188217e-02	-3.1744688755e-02	7.7831112869e-05	3.7560421569e-05
8.0700000000e+02	3.1024749181e-02	-3.1822543159e-02	7.7877685675e-05	3.7561505694e-05
8.0800000000e+02	3.1062311227e-02	-3.1900444108e-02	7.7924202147e-05	3.7562585841e-05
8.0900000000e+02	3.1099874351e-02	-3.1978391545e-02	7.7970662418e-05	3.7563662029e-05
8.1000000000e+02	3.1137438550e-02	-3.2056385414e-02	7.8017066622e-05	3.7564734278e-05
8.1100000000e+02	3.1175003818e-02	-3.2134425660e-02	7.8063414893e-05	3.7565802606e-05
8.1200000000e+02	3.1212570153e-02	-3.2212512225e-02	7.8109707363e-05	3.7566867033e-05
8.1300000000e+02	3.1250137551e-02	-3.2290645056e-02	7.8155944166e-05	3.7567927577e-05
8.1400000000e+02	3.1287706007e-02	-3.2368824095e-02	7.8202125433e-05	3.7568984257e-05
8.1500000000e+02	3.1325275518e-02	-3.2447049288e-02	7.8248251296e-05	3.7570037093e-05
8.1600000000e+02	3.1362846080e-02	-3.2525320579e-02	7.8294321887e-05	3.7571086102e-05
8.1700000000e+02	3.1400417689e-02	-3.2603637914e-02	7.8340337335e-05	3.7572131303e-05
8.1800000000e+02	3.1437990342e-02	-3.2682001236e-02	7.8386297772e-05	3.7573172715e-05
8.1900000000e+02	3.1475564033e-02	-3.2760410491e-02	7.8432203326e-05	3.7574210355e-05
8.2000000000e+02	3.1513138761e-02	-3.2838865624e-02	7.8478054128e-05	3.7575244242e-05
8.2100000000e+02	3.1550714521e-02	-3.2917366581e-02	7.8523850306e-05	3.7576274394e-05
8.2200000000e+02	3.1588291309e-02	-3.2995913307e-02	7.8569591989e-05	3.7577300829e-05
8.2300000000e+02	3.1625869121e-02	-3.3074505747e-02	7.8615279305e-05	3.7578323564e-05
8.2400000000e+02	3.1663447954e-02	-3.3153143847e-02	7.8660912381e-05	3.7579342618e-05
8.2500000000e+02	3.1701027805e-02	-3.3231827553e-02	7.8706491344e-05	3.7580358007e-05
8.2600000000e+02	3.1738608669e-02	-3.3310556812e-02	7.8752016321e-05	3.7581369750e-05
8.2700000000e+02	3.1776190543e-02	-3.3389331568e-02	7.8797487438e-05	3.7582377864e-05
8.2800000000e+02	3.1813773424e-02	-3.3468151769e-02	7.8842904822e-05	3.7583382366e-05
8.2900000000e+02	3.1851357307e-02	-3.3547017360e-02	7.8888268597e-05	3.7584383272e-05
8.3000000000e+02	3.1888942189e-02	-3.3625928288e-02	7.8933578888e-05	3.7585380602e-05
8.3100000000e+02	3.1926528067e-02	-3.3704884500e-02	7.8978835820e-05	3.7586374370e-05
8.3200000000e+02	3.1964114937e-02	-3.3783885942e-02	7.9024039518e-05	3.7587364595e-05
8.3300000000e+02	3.2001702795e-02	-3.3862932561e-02	7.9069190103e-05	3.7588351293e-05
8.3400000000e+02	3.2039291638e-02	-3.3942024305e-02	7.9114287701e-05	3.7589334480e-05
8.3500000000e+02	3.2076881463e-02	-3.4021161119e-02	7.9159332433e-05	3.7590314174e-05
8.3600000000e+02	3.2114472265e-02	-3.4100342952e-02	7.9204324422e-05	3.7591290391e-05
8.3700000000e+02	3.2152064042e-02	-3.4179569750e-02	7.9249263791e-05	3.7592263146e-05
8.3800000000e+02	3.2189656790e-02	-3.4258841462e-02	7.9294150659e-05	3.7593232457e-05
8.3900000000e+02	3.2227250506e-02	-3.4338158034e-02	7.9338985149e-05	3.7594198340e-05
8.4000000000e+02	3.2264845186e-02	-3.4417519415e-02	7.9383767382e-05	3.7595160811e-05
8.4100000000e+02	3.2302440827e-02	-3.4496925552e-02	7.9428497477e-05	3.7596119885e-05
8.4200000000e+02	3.2340037425e-02	-3.4576376392e-02	7.9473175555e-05	3.7597075579e-05
8.4300000000e+02	3.2377634977e-02	-3.4655871885e-02	7.9517801734e-05	3.7598027908e-05
8.4400000000e+02	3.2415233479e-02	-3.4735411979e-02	7.9562376135e-05	3.7598976889e-05
8.4500000000e+02	3.2452832929e-02	-3.4814996620e-02	7.9606898875e-05	3.7599922537e-05
8.4600000000e+02	3.2490433323e-02	-3.4894625759e-02	7.9651370074e-05	3.7600864867e-05
8.4700000000e+02	3.2528034658e-02	-3.4974299343e-02	7.9695789848e-05	3.7601803895e-05
8.4800000000e+02	3.2565636930e-02	-3.5054017322e-02	7.9740158316e-05	3.7602739636e-05
8.4900000000e+02	3.2603240136e-02	-3.5133779643e-02	7.9784475594e-05	3.7603672106e-05
8.5000000000e+02	3.2640844273e-02	-3.5213586256e-02	7.9828741799e-05	3.7604601319e-05
8.5100000000e+02	3.2678449338e-02	-3.5293437110e-02	7.9872957047e-05	3.7605527291e-05
8.5200000000e+02	3.2716055327e-02	-3.5373332153e-02	7.9917121455e-05	3.7606450038e-05
8.5300000000e+02	3.2753662237e-02	-3.5453271336e-02	7.9961235138e-05	3.7607369573e-05
8.5400000000e+02	3.2791270065e-02	-3.5533254606e-02	8.0005298210e-05	3.7608285911e-05
8.5500000000e+02	3.2828878807e-02	-3.5613281915e-02	8.0049310787e-05	3.7609199068e-05
8.5600000000e+02	3.2866488462e-02	-3.5693353211e-02	8.0093272983e-05	3.7610109058e-05
8.5700000000e+02	3.2904099025e-02	-3.5773468444e-02	8.0137184911e-05	3.7611015896e-05
8.5800000000e+02	3.2941710493e-02	-3.5853627564e-02	8.0181046686e-05	3.7611919596e-05
8.5900000000e+02	3.2979322863e-02	-3.5933830521e-02	8.0224858421e-05	3.7612820173e-05
8.6000000000e+02	3.3016936132e-02	-3.6014077265e-02	8.0268620228e-05	3.7613717640e-05
8.6100000000e+02	3.3054550297e-02	-3.6094367745e-02	8.0312332221e-05	3.7614612013e-05
8.6200000000e+02	3.3092165355e-02	-3.6174701912e-02	8.0355994510e-05	3.7615503305e-05
8.6300000000e+02	3.3129781303e-02	-3.6255079717e-02	8.0399607207e-05	3.7616391531e-05
8.6400000000e+02	3.3167398137e-02	-3.6335501110e-02	8.0443170425e-05	3.7617276704e-05
8.6500000000e+02	3.3205015855e-02	-3.6415966042e-02	8.0486684274e-05	3.7618158839e-05
8.6600000000e+02	3.3242634454e-02	-3.6496474462e-02	8.0530148864e-05	3.7619037948e-05
8.6700000000e+02	3.3280253930e-02	-3.6577026323e-02	8.0573564306e-05	3.7619914047e-05
8.6800000000e+02	3.3317874281e-02	-3.6657621575e-02	8.0616930709e-05	3.7620787149e-05
8.6900000000e+02	3.3355495503e-02	-3.6738260168e-02	8.0660248183e-05	3.7621657267e-05
8.7000000000e+02	3.3393117594e-02	-3.6818942055e-02	8.0703516838e-05	3.7622524415e-05
8.7100000000e+02	3.3430740551e-02	-3.6899667186e-02	8.0746736781e-05	3.7623388606e-05
8.7200000000e+02	3.3468364370e-02	-3.6980435512e-02	8.0789908122e-05	3.7624249854e-05
8.7300000000e+02	3.3505989050e-02	-3.7061246986e-02	8.0833030968e-05	3.7625108173e-05
8.7400000000e+02	3.3543614586e-02	-3.7142101558e-02	8.0876105428e-05	3.7625963574e-05
8.7500000000e+02	3.3581240976e-02	-3.7222999181e-02	8.0919131607e-05	3.7626816073e-05
8.7600000000e+02	3.3618868217e-02	-3.7303939805e-02	8.0962109614e-05	3.7627665680e-05
8.7700000000e+02	3.3656496306e-02	-3.7384923384e-02	8.1005039555e-05	3.7628512411e-05
8.7800000000e+02	3.3694125241e-02	-3.7465949868e-02	8.1047921537e-05	3.7629356277e-05
8.7900000000e+02	3.3731755018e-02	-3.7547019211e-02	8.1090755664e-05	3.7630197291e-05
8.8000000000e+02	3.3769385635e-02	-3.7628131364e-02	8.1133542043e-05	3.7631035467e-05
8.8100000000e+02	3.3807017088e-02	-3.7709286279e-02	8.1176280780e-05	3.7631870817e-05
8.8200000000e+02	3.3844649375e-02	-3.7790483909e-02	8.1218971978e-05	3.7632703353e-05
8.8300000000e+02	3.3882282494e-02	-3.7871724207e-02	8.1261615743e-05	3.7633533089e-05
8.8400000000e+02	3.3919916440e-02	-3.7953007125e-02	8.1304212178e-05	3.7634360036e-05
8.8500000000e+02	3.3957551213e-02	-3.8034332616e-02	8.1346761388e-05	3.7635184208e-05
8.8600000000e+02	3.3995186808e-02	-3.8115700632e-02	8.1389263476e-05	3.7636005616e-05
8.8700000000e+02	3.4032823223e-02	-3.8197111127e-02	8.1431718546e-05	3.7636824273e-05
8.8800000000e+02	3.4070460456e-02	-3.8278564054e-02	8.1474126700e-05	3.7637640192e-05
8.8900000000e+02	3.4108098503e-02	-3.8360059365e-02	8.1516488040e-05	3.7638453383e-05
8.9000000000e+02	3.4145737361e-02	-3.8441597014e-02	8.1558802669e-05	3.7639263860e-05
8.9100000000e+02	3.4183377029e-02	-3.8523176955e-02	8.1601070689e-05	3.7640071635e-05
8.9200000000e+02	3.4221017504e-02	-3.8604799140e-02	8.1643292202e-05	3.7640876719e-05
8.9300000000e+02	3.4258658782e-02	-3.8686463524e-02	8.1685467308e-05	3.7641679124e-05
8.9400000000e+02	3.4296300861e-02	-3.8768170059e-02	8.1727596108e-05	3.7642478863e-05
8.9500000000e+02	3.4333943739e-02	-3.8849918700e-02	8.1769678703e-05	3.7643275946e-05
8.9600000000e+02	3.4371587412e-02	-3.8931709401e-02	8.1811715194e-05	3.7644070387e-05
8.9700000000e+02	3.4409231879e-02	-3.9013542116e-02	8.1853705679e-05	3.7644862195e-05
8.9800000000e+02	3.4446877136e-02	-3.9095416797e-02	8.1895650259e-05	3.7645651384e-05
8.9900000000e+02	3.4484523181e-02	-3.9177333401e-02	8.1937549034e-05	3.7646437964e-05
9.0000000000e+02	3.4522170011e-02	-3.9259291880e-02	8.1979402101e-05	3.7647221946e-05
9.0100000000e+02	3.4559817624e-02	-3.9341292190e-02	8.2021209560e-05	3.7648003343e-05
9.0200000000e+02	3.4597466017e-02	-3.9423334284e-02	8.2062971509e-05	3.7648782166e-05
9.0300000000e+02	3.4635115187e-02	-3.9505418118e-02	8.2104688045e-05	3.7649558426e-05
9.0400000000e+02	3.4672765133e-02	-3.9587543645e-02	8.2146359267e-05	3.7650332134e-05
9.0500000000e+02	3.4710415851e-02	-3.9669710821e-02	8.2187985273e-05	3.7651103301e-05
9.0600000000e+02	3.4748067338e-02	-3.9751919601e-02	8.2229566158e-05	3.7651871938e-05
9.0700000000e+02	3.4785719594e-02	-3.9834169938e-02	8.2271102020e-05	3.7652638057e-05
9.0800000000e+02	3.4823372614e-02	-3.9916461790e-02	8.2312592955e-05	3.7653401668e-05
9.0900000000e+02	3.4861026396e-02	-3.9998795109e-02	8.2354039060e-05	3.7654162782e-05
9.1000000000e+02	3.4898680938e-02	-4.0081169853e-02	8.2395440430e-05	3.7654921410e-05
9.1100000000e+02	3.4936336238e-02	-4.0163585975e-02	8.2436797161e-05	3.7655677564e-05
9.1200000000e+02	3.4973992293e-02	-4.0246043432e-02	8.2478109348e-05	3.7656431253e-05
9.1300000000e+02	3.5011649100e-02	-4.0328542179e-02	8.2519377085e-05	3.7657182488e-05
9.1400000000e+02	3.5049306657e-02	-4.0411082172e-02	8.2560600469e-05	3.7657931280e-05
9.1500000000e+02	3.5086964962e-02	-4.0493663365e-02	8.2601779592e-05	3.7658677639e-05
9.1600000000e+02	3.5124624011e-02	-4.0576285716e-02	8.2642914550e-05	3.7659421577e-05
9.1700000000e+02	3.5162283804e-02	-4.0658949180e-02	8.2684005435e-05	3.7660163103e-05
9.1800000000e+02	3.5199944337e-02	-4.0741653712e-02	8.2725052341e-05	3.7660902228e-05
9.1900000000e+02	3.5237605608e-02	-4.0824399270e-02	8.2766055362e-05	3.7661638961e-05
9.2000000000e+02	3.5275267614e-02	-4.0907185808e-02	8.2807014590e-05	3.7662373315e-05
9.2100000000e+02	3.5312930353e-02	-4.0990013284e-02	8.2847930117e-05	3.7663105298e-05
9.2200000000e+02	3.5350593824e-02	-4.1072881654e-02	8.2888802037e-05	3.7663834920e-05
9.2300000000e+02	3.5388258022e-02	-4.1155790874e-02	8.2929630440e-05	3.7664562193e-05
9.2400000000e+02	3.5425922947e-02	-4.1238740901e-02	8.2970415420e-05	3.7665287126e-05
9.2500000000e+02	3.5463588596e-02	-4.1321731690e-02	8.3011157066e-05	3.7666009728e-05
9.2600000000e+02	3.5501254966e-02	-4.1404763200e-02	8.3051855471e-05	3.7666730011e-05
9.2700000000e+02	3.5538922055e-02	-4.1487835387e-02	8.3092510725e-05	3.7667447983e-05
9.2800000000e+02	3.5576589861e-02	-4.1570948207e-02	8.3133122919e-05	3.7668163655e-05
9.2900000000e+02	3.5614258382e-02	-4.1654101619e-02	8.3173692142e-05	3.7668877037e-05
9.3000000000e+02	3.5651927614e-02	-4.1737295577e-02	8.3214218486e-05	3.7669588138e-05
9.3100000000e+02	3.5689597557e-02	-4.1820530041e-02	8.3254702039e-05	3.7670296968e-05
9.3200000000e+02	3.5727268208e-02	-4.1903804967e-02	8.3295142892e-05	3.7671003536e-05
9.3300000000e+02	3.5764939564e-02	-4.1987120313e-02	8.3335541132e-05	3.7671707852e-05
9.3400000000e+02	3.5802611623e-02	-4.2070476035e-02	8.3375896850e-05	3.7672409926e-05
9.3500000000e+02	3.5840284383e-02	-4.2153872092e-02	8.3416210134e-05	3.7673109768e-05
9.3600000000e+02	3.5877957841e-02	-4.2237308441e-02	8.3456481071e-05	3.7673807386e-05
9.3700000000e+02	3.5915631997e-02	-4.2320785040e-02	8.3496709751e-05	3.7674502790e-05
9.3800000000e+02	3.5953306846e-02	-4.2404301847e-02	8.3536896261e-05	3.7675195989e-05
9.3900000000e+02	3.5990982388e-02	-4.2487858819e-02	8.3577040689e-05	3.7675886993e-05
9.4000000000e+02	3.6028658619e-02	-4.2571455914e-02	8.3617143121e-05	3.7676575810e-05
9.4100000000e+02	3.6066335539e-02	-4.2655093091e-02	8.3657203645e-05	3.7677262451e-05
9.4200000000e+02	3.6104013144e-02	-4.2738770308e-02	8.3697222348e-05	3.7677946924e-05
9.4300000000e+02	3.6141691432e-02	-4.2822487522e-02	8.3737199315e-05	3.7678629239e-05
9.4400000000e+02	3.6179370401e-02	-4.2906244692e-02	8.3777134633e-05	3.7679309403e-05
9.4500000000e+02	3.6217050050e-02	-4.2990041777e-02	8.3817028389e-05	3.7679987427e-05
9.4600000000e+02	3.6254730376e-02	-4.3073878735e-02	8.3856880667e-05	3.7680663320e-05
9.4700000000e+02	3.6292411376e-02	-4.3157755525e-02	8.3896691553e-05	3.7681337089e-05
9.4800000000e+02	3.6330093049e-02	-4.3241672105e-02	8.3936461133e-05	3.7682008745e-05
9.4900000000e+02	3.6367775393e-02	-4.3325628433e-02	8.3976189490e-05	3.7682678296e-05
9.5000000000e+02	3.6405458405e-02	-4.3409624470e-02	8.4015876710e-05	3.7683345750e-05
9.5100000000e+02	3.6443142084e-02	-4.3493660173e-02	8.4055522878e-05	3.7684011116e-05
9.5200000000e+02	3.6480826426e-02	-4.3577735502e-02	8.4095128076e-05	3.7684674404e-05
9.5300000000e+02	3.6518511432e-02	-4.3661850416e-02	8.4134692390e-05	3.7685335622e-05
9.5400000000e+02	3.6556197097e-02	-4.3746004873e-02	8.4174215902e-05	3.7685994777e-05
9.5500000000e+02	3.6593883421e-02	-4.3830198834e-02	8.4213698696e-05	3.7686651880e-05
9.5600000000e+02	3.6631570400e-02	-4.3914432257e-02	8.4253140855e-05	3.7687306938e-05
9.5700000000e+02	3.6669258034e-02	-4.3998705102e-02	8.4292542462e-05	3.7687959959e-05
9.5800000000e+02	3.6706946319e-02	-4.4083017329e-02	8.4331903599e-05	3.7688610953e-05
9.5900000000e+02	3.6744635255e-02	-4.4167368896e-02	8.4371224349e-05	3.7689259928e-05
9.6000000000e+02	3.6782324839e-02	-4.4251759764e-02	8.4410504794e-05	3.7689906891e-05
9.6100000000e+02	3.6820015068e-02	-4.4336189892e-02	8.4449745016e-05	3.7690551852e-05
9.6200000000e+02	3.6857705942e-02	-4.4420659240e-02	8.4488945096e-05	3.7691194818e-05
9.6300000000e+02	3.6895397457e-02	-4.4505167769e-02	8.4528105115e-05	3.7691835798e-05
9.6400000000e+02	3.6933089613e-02	-4.4589715437e-02	8.4567225155e-05	3.7692474799e-05
9.6500000000e+02	3.6970782406e-02	-4.4674302206e-02	8.4606305297e-05	3.7693111831e-05
9.6600000000e+02	3.7008475836e-02	-4.4758928035e-02	8.4645345621e-05	3.7693746900e-05
9.6700000000e+02	3.7046169899e-02	-4.4843592884e-02	8.4684346208e-05	3.7694380015e-05
9.6800000000e+02	3.7083864595e-02	-4.4928296714e-02	8.4723307137e-05	3.7695011185e-05
9.6900000000e+02	3.7121559921e-02	-4.5013039485e-02	8.4762228489e-05	3.7695640416e-05
9.7000000000e+02	3.7159255875e-02	-4.5097821158e-02	8.4801110343e-05	3.7696267717e-05
9.7100000000e+02	3.7196952456e-02	-4.5182641693e-02	8.4839952779e-05	3.7696893096e-05
9.7200000000e+02	3.7234649661e-02	-4.5267501050e-02	8.4878755875e-05	3.7697516561e-05
9.7300000000e+02	3.7272347488e-02	-4.5352399191e-02	8.4917519712e-05	3.7698138119e-05
9.7400000000e+02	3.7310045936e-02	-4.5437336076e-02	8.4956244366e-05	3.7698757778e-05
9.7500000000e+02	3.7347745003e-02	-4.5522311667e-02	8.4994929918e-05	3.7699375546e-05
9.7600000000e+02	3.7385444687e-02	-4.5607325923e-02	8.5033576445e-05	3.7699991430e-05
9.7700000000e+02	3.7423144985e-02	-4.5692378807e-02	8.5072184025e-05	3.7700605439e-05
9.7800000000e+02	3.7460845897e-02	-4.5777470278e-02	8.5110752736e-05	3.7701217579e-05
9.7900000000e+02	3.7498547420e-02	-4.5862600299e-02	8.5149282655e-05	3.7701827858e-05
9.8000000000e+02	3.7536249552e-02	-4.5947768831e-02	8.5187773860e-05	3.7702436285e-05
9.8100000000e+02	3.7573952292e-02	-4.6032975834e-02	8.5226226428e-05	3.7703042865e-05
9.8200000000e+02	3.7611655637e-02	-4.6118221271e-02	8.5264640436e-05	3.7703647608e-05
9.8300000000e+02	3.7649359586e-02	-4.6203505102e-02	8.5303015960e-05	3.7704250519e-05
9.8400000000e+02	3.7687064138e-02	-4.6288827290e-02	8.5341353077e-05	3.7704851607e-05
9.8500000000e+02	3.7724769289e-02	-4.6374187796e-02	8.5379651863e-05	3.7705450879e-05
9.8600000000e+02	3.7762475039e-02	-4.6459586581e-02	8.5417912393e-05	3.7706048342e-05
9.8700000000e+02	3.7800181385e-02	-4.6545023608e-02	8.5456134744e-05	3.7706644003e-05
9.8800000000e+02	3.7837888326e-02	-4.6630498838e-02	8.5494318992e-05	3.7707237870e-05
9.8900000000e+02	3.7875595860e-02	-4.6716012233e-02	8.5532465211e-05	3.7707829950e-05
9.9000000000e+02	3.7913303986e-02	-4.6801563755e-02	8.5570573476e-05	3.7708420250e-05
9.9100000000e+02	3.7951012700e-02	-4.6887153367e-02	8.5608643862e-05	3.7709008777e-05
9.9200000000e+02	3.7988722002e-02	-4.6972781031e-02	8.5646676445e-05	3.7709595538e-05
9.9300000000e+02	3.8026431891e-02	-4.7058446708e-02	8.5684671297e-05	3.7710180540e-05
9.9400000000e+02	3.8064142363e-02	-4.7144150361e-02	8.5722628495e-05	3.7710763790e-05
9.9500000000e+02	3.8101853418e-02	-4.7229891952e-02	8.5760548110e-05	3.7711345296e-05
9.9600000000e+02	3.8139565053e-02	-4.7315671444e-02	8.5798430218e-05	3.7711925064e-05
9.9700000000e+02	3.8177277267e-02	-4.7401488800e-02	8.5836274892e-05	3.7712503100e-05
9.9800000000e+02	3.8214990059e-02	-4.7487343982e-02	8.5874082205e-05	3.7713079413e-05
9.9900000000e+02	3.8252703425e-02	-4.7573236952e-02	8.5911852230e-05	3.7713654008e-05
