# total modes from dos = 5.9999718916e+00
# ZPE = 4.9610311000e-03 Ry/cell
# Multiply by 13.6058 to have energies in eV/cell etc..
# Multiply by 13.6058 x 23060.35 = 313 754.5 to have energies in cal/(N mol).
# Multiply by 13.6058 x 96526.0 = 1 313 313 to have energies in J/(N mol).
# N is the number of formula units per cell.
#
# T (K) 	Evib (Ry/cell)	Fvib (Ry/cell)	Svib (Ry/cell/K)	Cvib (Ry/cell/K)
1.0000000000e+00	4.9610311126e-03	4.9610310311e-03	8.1441155748e-11	3.6340999337e-11
2.0000000000e+00	4.9610312227e-03	4.9610309212e-03	1.5074149322e-10	2.2081176564e-10
3.0000000000e+00	4.9610316525e-03	4.9610306968e-03	3.1857427232e-10	7.0031941366e-10
4.0000000000e+00	4.9610327710e-03	4.9610302349e-03	6.3402202867e-10	1.6227150550e-09
5.0000000000e+00	4.9610350953e-03	4.9610293631e-03	1.1464355038e-09	3.1371737478e-09
6.0000000000e+00	4.9610392931e-03	4.9610278598e-03	1.9055569027e-09	5.3951771145e-09
7.0000000000e+00	4.9610461852e-03	4.9610254530e-03	2.9617487792e-09	8.5521368384e-09
8.0000000000e+00	4.9610567509e-03	4.9610218202e-03	4.3663387003e-09	1.2769878556e-08
9.0000000000e+00	4.9610721359e-03	4.9610165866e-03	6.1721420307e-09	1.8220885854e-08
1.0000000000e+01	4.9610936671e-03	4.9610093238e-03	8.4343292846e-09	2.5096275801e-08
1.1000000000e+01	4.9611228772e-03	4.9609995462e-03	1.1211910257e-08	3.3619803040e-08
1.2000000000e+01	4.9611615475e-03	4.9609867065e-03	1.4570080291e-08	4.4068367479e-08
1.3000000000e+01	4.9612117726e-03	4.9609701878e-03	1.8583444430e-08	5.6796133693e-08
1.4000000000e+01	4.9612760494e-03	4.9609492922e-03	2.3339804953e-08	7.2256773784e-08
1.5000000000e+01	4.9613573850e-03	4.9609232258e-03	2.8943948230e-08	9.1018140959e-08
1.6000000000e+01	4.9614594132e-03	4.9608910803e-03	3.5520807979e-08	1.1376564411e-07
1.7000000000e+01	4.9615865088e-03	4.9608518112e-03	4.3217504265e-08	1.4129341702e-07
1.8000000000e+01	4.9617438872e-03	4.9608042156e-03	5.2203979703e-08	1.7448482973e-07
1.9000000000e+01	4.9619376811e-03	4.9607469095e-03	6.2672188327e-08	2.1428536916e-07
2.0000000000e+01	4.9621749865e-03	4.9606783069e-03	7.4833980036e-08	2.6167139008e-07
2.1000000000e+01	4.9624638778e-03	4.9605966010e-03	8.8917941806e-08	3.1761797796e-07
2.2000000000e+01	4.9628133911e-03	4.9604997499e-03	1.0516550841e-07	3.8306850665e-07
2.3000000000e+01	4.9632334786e-03	4.9603854655e-03	1.2382665571e-07	4.5890768881e-07
2.4000000000e+01	4.9637349383e-03	4.9602512074e-03	1.4515545686e-07	5.4593917764e-07
2.5000000000e+01	4.9643293240e-03	4.9600941807e-03	1.6940573185e-07	6.4486817019e-07
2.6000000000e+01	4.9650288399e-03	4.9599113388e-03	1.9682696603e-07	7.5628900948e-07
2.7000000000e+01	4.9658462259e-03	4.9596993892e-03	2.2766062035e-07	8.8067747479e-07
2.8000000000e+01	4.9667946367e-03	4.9594548032e-03	2.6213690983e-07	1.0183872630e-06
2.9000000000e+01	4.9678875194e-03	4.9591738289e-03	3.0047208859e-07	1.1696500687e-06
3.0000000000e+01	4.9691384933e-03	4.9588525058e-03	3.4286625007e-07	1.3345786409e-06
3.1000000000e+01	4.9705612329e-03	4.9584866824e-03	3.8950162853e-07	1.5131722110e-06
3.2000000000e+01	4.9721693582e-03	4.9580720342e-03	4.4054137271e-07	1.7053237256e-06
3.3000000000e+01	4.9739763324e-03	4.9576040836e-03	4.9612875194e-07	1.9108283790e-06
3.4000000000e+01	4.9759953691e-03	4.9570782196e-03	5.5638674952e-07	2.1293930027e-06
3.5000000000e+01	4.9782393486e-03	4.9564897188e-03	6.2141799491e-07	2.3606459356e-06
3.6000000000e+01	4.9807207444e-03	4.9558337648e-03	6.9130498686e-07	2.6041470636e-06
3.7000000000e+01	4.9834515598e-03	4.9551054691e-03	7.6611056029e-07	2.8593977738e-06
3.8000000000e+01	4.9864432744e-03	4.9542998894e-03	8.4587855325e-07	3.1258506262e-06
3.9000000000e+01	4.9897067998e-03	4.9534120491e-03	9.3063463305e-07	3.4029185878e-06
4.0000000000e+01	4.9932524442e-03	4.9524369544e-03	1.0203872450e-06	3.6899837201e-06
4.1000000000e+01	4.9970898862e-03	4.9513696115e-03	1.1151286509e-06	3.9864052425e-06
4.2000000000e+01	5.0012281549e-03	4.9502050416e-03	1.2148360289e-06	4.2915269241e-06
4.3000000000e+01	5.0056756184e-03	4.9489382962e-03	1.3194726098e-06	4.6046837807e-06
4.4000000000e+01	5.0104399782e-03	4.9475644697e-03	1.4289888285e-06	4.9252080742e-06
4.5000000000e+01	5.0155282686e-03	4.9460787123e-03	1.5433234731e-06	5.2524346231e-06
4.6000000000e+01	5.0209468621e-03	4.9444762405e-03	1.6624048178e-06	5.5857054501e-06
4.7000000000e+01	5.0267014785e-03	4.9427523474e-03	1.7861517259e-06	5.9243737953e-06
4.8000000000e+01	5.0327971979e-03	4.9409024116e-03	1.9144747161e-06	6.2678075352e-06
4.9000000000e+01	5.0392384769e-03	4.9389219048e-03	2.0472769827e-06	6.6153920482e-06
5.0000000000e+01	5.0460291671e-03	4.9368063988e-03	2.1844553659e-06	6.9665325700e-06
5.1000000000e+01	5.0531725361e-03	4.9345515715e-03	2.3259012677e-06	7.3206560845e-06
5.2000000000e+01	5.0606712901e-03	4.9321532115e-03	2.4715015118e-06	7.6772127954e-06
5.3000000000e+01	5.0685275974e-03	4.9296072226e-03	2.6211391457e-06	8.0356772200e-06
5.4000000000e+01	5.0767431134e-03	4.9269096274e-03	2.7746941850e-06	8.3955489496e-06
5.5000000000e+01	5.0853190058e-03	4.9240565692e-03	2.9320443011e-06	8.7563531146e-06
5.6000000000e+01	5.0942559804e-03	4.9210443151e-03	3.0930654524e-06	9.1176405916e-06
5.7000000000e+01	5.1035543067e-03	4.9178692564e-03	3.2576324614e-06	9.4789879880e-06
5.8000000000e+01	5.1132138434e-03	4.9145279101e-03	3.4256195401e-06	9.8399974353e-06
5.9000000000e+01	5.1232340644e-03	4.9110169192e-03	3.5969007650e-06	1.0200296221e-05
6.0000000000e+01	5.1336140827e-03	4.9073330524e-03	3.7713505048e-06	1.0559536283e-05
6.1000000000e+01	5.1443526758e-03	4.9034732037e-03	3.9488438040e-06	1.0917393595e-05
6.2000000000e+01	5.1554483085e-03	4.8994343916e-03	4.1292567238e-06	1.1273567460e-05
6.3000000000e+01	5.1668991566e-03	4.8952137580e-03	4.3124666447e-06	1.1627779732e-05
6.4000000000e+01	5.1787031284e-03	4.8908085664e-03	4.4983525317e-06	1.1979773982e-05
6.5000000000e+01	5.1908578864e-03	4.8862162007e-03	4.6867951659e-06	1.2329314630e-05
6.6000000000e+01	5.2033608677e-03	4.8814341629e-03	4.8776773457e-06	1.2676186037e-05
6.7000000000e+01	5.2162093030e-03	4.8764600712e-03	5.0708840580e-06	1.3020191596e-05
6.8000000000e+01	5.2294002359e-03	4.8712916575e-03	5.2663026237e-06	1.3361152805e-05
6.9000000000e+01	5.2429305399e-03	4.8659267654e-03	5.4638228191e-06	1.3698908347e-05
7.0000000000e+01	5.2567969355e-03	4.8603633472e-03	5.6633369756e-06	1.4033313173e-05
7.1000000000e+01	5.2709960060e-03	4.8545994618e-03	5.8647400583e-06	1.4364237608e-05
7.2000000000e+01	5.2855242121e-03	4.8486332716e-03	6.0679297284e-06	1.4691566464e-05
7.3000000000e+01	5.3003779064e-03	4.8424630401e-03	6.2728063877e-06	1.5015198185e-05
7.4000000000e+01	5.3155533463e-03	4.8360871288e-03	6.4792732096e-06	1.5335044014e-05
7.5000000000e+01	5.3310467067e-03	4.8295039950e-03	6.6872361566e-06	1.5651027183e-05
7.6000000000e+01	5.3468540912e-03	4.8227121883e-03	6.8966039860e-06	1.5963082142e-05
7.7000000000e+01	5.3629715431e-03	4.8157103482e-03	7.1072882456e-06	1.6271153812e-05
7.8000000000e+01	5.3793950558e-03	4.8084972015e-03	7.3192032603e-06	1.6575196870e-05
7.9000000000e+01	5.3961205818e-03	4.8010715591e-03	7.5322661102e-06	1.6875175071e-05
8.0000000000e+01	5.4131440417e-03	4.7934323135e-03	7.7463966025e-06	1.7171060592e-05
8.1000000000e+01	5.4304613320e-03	4.7855784359e-03	7.9615172363e-06	1.7462833423e-05
8.2000000000e+01	5.4480683333e-03	4.7775089739e-03	8.1775531629e-06	1.7750480775e-05
8.3000000000e+01	5.4659609163e-03	4.7692230486e-03	8.3944321414e-06	1.8033996528e-05
8.4000000000e+01	5.4841349491e-03	4.7607198519e-03	8.6120844905e-06	1.8313380703e-05
8.5000000000e+01	5.5025863024e-03	4.7519986442e-03	8.8304430369e-06	1.8588638972e-05
8.6000000000e+01	5.5213108553e-03	4.7430587520e-03	9.0494430614e-06	1.8859782189e-05
8.7000000000e+01	5.5403045002e-03	4.7338995651e-03	9.2690222428e-06	1.9126825949e-05
8.8000000000e+01	5.5595631473e-03	4.7245205345e-03	9.4891206001e-06	1.9389790182e-05
8.9000000000e+01	5.5790827286e-03	4.7149211701e-03	9.7096804333e-06	1.9648698758e-05
9.0000000000e+01	5.5988592020e-03	4.7051010383e-03	9.9306462637e-06	1.9903579131e-05
9.1000000000e+01	5.6188885544e-03	4.6950597600e-03	1.0151964773e-05	2.0154461996e-05
9.2000000000e+01	5.6391668047e-03	4.6847970083e-03	1.0373584744e-05	2.0401380976e-05
9.3000000000e+01	5.6596900071e-03	4.6743125065e-03	1.0595456996e-05	2.0644372319e-05
9.4000000000e+01	5.6804542530e-03	4.6636060260e-03	1.0817534330e-05	2.0883474631e-05
9.5000000000e+01	5.7014556736e-03	4.6526773846e-03	1.1039771463e-05	2.1118728612e-05
9.6000000000e+01	5.7226904416e-03	4.6415264443e-03	1.1262124972e-05	2.1350176819e-05
9.7000000000e+01	5.7441547733e-03	4.6301531097e-03	1.1484553233e-05	2.1577863446e-05
9.8000000000e+01	5.7658449298e-03	4.6185573262e-03	1.1707016363e-05	2.1801834113e-05
9.9000000000e+01	5.7877572185e-03	4.6067390781e-03	1.1929476165e-05	2.2022135680e-05
1.0000000000e+02	5.8098879941e-03	4.5946983872e-03	1.2151896069e-05	2.2238816067e-05
1.0100000000e+02	5.8322336598e-03	4.5824353110e-03	1.2374241078e-05	2.2451924091e-05
1.0200000000e+02	5.8547906680e-03	4.5699499412e-03	1.2596477714e-05	2.2661509315e-05
1.0300000000e+02	5.8775555209e-03	4.5572424023e-03	1.2818573967e-05	2.2867621907e-05
1.0400000000e+02	5.9005247712e-03	4.5443128502e-03	1.3040499240e-05	2.3070312516e-05
1.0500000000e+02	5.9236950223e-03	4.5311614706e-03	1.3262224302e-05	2.3269632147e-05
1.0600000000e+02	5.9470629289e-03	4.5177884777e-03	1.3483721238e-05	2.3465632057e-05
1.0700000000e+02	5.9706251970e-03	4.5041941131e-03	1.3704963401e-05	2.3658363657e-05
1.0800000000e+02	5.9943785839e-03	4.4903786443e-03	1.3925925367e-05	2.3847878415e-05
1.0900000000e+02	6.0183198987e-03	4.4763423638e-03	1.4146582888e-05	2.4034227778e-05
1.1000000000e+02	6.0424460015e-03	4.4620855877e-03	1.4366912852e-05	2.4217463091e-05
1.1100000000e+02	6.0667538039e-03	4.4476086547e-03	1.4586893236e-05	2.4397635535e-05
1.1200000000e+02	6.0912402686e-03	4.4329119248e-03	1.4806503069e-05	2.4574796056e-05
1.1300000000e+02	6.1159024089e-03	4.4179957787e-03	1.5025722391e-05	2.4748995312e-05
1.1400000000e+02	6.1407372889e-03	4.4028606165e-03	1.5244532214e-05	2.4920283624e-05
1.1500000000e+02	6.1657420225e-03	4.3875068568e-03	1.5462914484e-05	2.5088710923e-05
1.1600000000e+02	6.1909137736e-03	4.3719349358e-03	1.5680852050e-05	2.5254326714e-05
1.1700000000e+02	6.2162497551e-03	4.3561453064e-03	1.5898328622e-05	2.5417180036e-05
1.1800000000e+02	6.2417472290e-03	4.3401384374e-03	1.6115328743e-05	2.5577319429e-05
1.1900000000e+02	6.2674035053e-03	4.3239148126e-03	1.6331837754e-05	2.5734792905e-05
1.2000000000e+02	6.2932159420e-03	4.3074749302e-03	1.6547841765e-05	2.5889647921e-05
1.2100000000e+02	6.3191819440e-03	4.2908193018e-03	1.6763327621e-05	2.6041931359e-05
1.2200000000e+02	6.3452989629e-03	4.2739484518e-03	1.6978282878e-05	2.6191689500e-05
1.2300000000e+02	6.3715644965e-03	4.2568629168e-03	1.7192695769e-05	2.6338968013e-05
1.2400000000e+02	6.3979760875e-03	4.2395632448e-03	1.7406555183e-05	2.6483811939e-05
1.2500000000e+02	6.4245313236e-03	4.2220499945e-03	1.7619850633e-05	2.6626265676e-05
1.2600000000e+02	6.4512278367e-03	4.2043237348e-03	1.7832572237e-05	2.6766372971e-05
1.2700000000e+02	6.4780633018e-03	4.1863850444e-03	1.8044710688e-05	2.6904176910e-05
1.2800000000e+02	6.5050354368e-03	4.1682345108e-03	1.8256257235e-05	2.7039719916e-05
1.2900000000e+02	6.5321420019e-03	4.1498727300e-03	1.8467203658e-05	2.7173043738e-05
1.3000000000e+02	6.5593807983e-03	4.1313003061e-03	1.8677542248e-05	2.7304189453e-05
1.3100000000e+02	6.5867496682e-03	4.1125178505e-03	1.8887265784e-05	2.7433197460e-05
1.3200000000e+02	6.6142464939e-03	4.0935259818e-03	1.9096367516e-05	2.7560107483e-05
1.3300000000e+02	6.6418691969e-03	4.0743253248e-03	1.9304841143e-05	2.7684958569e-05
1.3400000000e+02	6.6696157375e-03	4.0549165108e-03	1.9512680796e-05	2.7807789091e-05
1.3500000000e+02	6.6974841141e-03	4.0353001764e-03	1.9719881020e-05	2.7928636749e-05
1.3600000000e+02	6.7254723624e-03	4.0154769636e-03	1.9926436756e-05	2.8047538575e-05
1.3700000000e+02	6.7535785548e-03	3.9954475193e-03	2.0132343325e-05	2.8164530936e-05
1.3800000000e+02	6.7818007997e-03	3.9752124948e-03	2.0337596413e-05	2.8279649541e-05
1.3900000000e+02	6.8101372410e-03	3.9547725456e-03	2.0542192053e-05	2.8392929441e-05
1.4000000000e+02	6.8385860572e-03	3.9341283310e-03	2.0746126615e-05	2.8504405043e-05
1.4100000000e+02	6.8671454609e-03	3.9132805138e-03	2.0949396788e-05	2.8614110110e-05
1.4200000000e+02	6.8958136983e-03	3.8922297599e-03	2.1151999566e-05	2.8722077771e-05
1.4300000000e+02	6.9245890481e-03	3.8709767381e-03	2.1353932238e-05	2.8828340527e-05
1.4400000000e+02	6.9534698216e-03	3.8495221196e-03	2.1555192375e-05	2.8932930259e-05
1.4500000000e+02	6.9824543614e-03	3.8278665782e-03	2.1755777815e-05	2.9035878239e-05
1.4600000000e+02	7.0115410411e-03	3.8060107895e-03	2.1955686655e-05	2.9137215132e-05
1.4700000000e+02	7.0407282647e-03	3.7839554310e-03	2.2154917236e-05	2.9236971011e-05
1.4800000000e+02	7.0700144660e-03	3.7617011816e-03	2.2353468137e-05	2.9335175362e-05
1.4900000000e+02	7.0993981079e-03	3.7392487217e-03	2.2551338162e-05	2.9431857092e-05
1.5000000000e+02	7.1288776820e-03	3.7165987326e-03	2.2748526330e-05	2.9527044543e-05
1.5100000000e+02	7.1584517081e-03	3.6937518966e-03	2.2945031865e-05	2.9620765494e-05
1.5200000000e+02	7.1881187333e-03	3.6707088966e-03	2.3140854189e-05	2.9713047177e-05
1.5300000000e+02	7.2178773316e-03	3.6474704161e-03	2.3335992912e-05	2.9803916279e-05
1.5400000000e+02	7.2477261037e-03	3.6240371387e-03	2.3530447825e-05	2.9893398960e-05
1.5500000000e+02	7.2776636760e-03	3.6004097484e-03	2.3724218888e-05	2.9981520855e-05
1.5600000000e+02	7.3076887002e-03	3.5765889289e-03	2.3917306227e-05	3.0068307084e-05
1.5700000000e+02	7.3377998531e-03	3.5525753637e-03	2.4109710123e-05	3.0153782266e-05
1.5800000000e+02	7.3679958358e-03	3.5283697363e-03	2.4301431009e-05	3.0237970524e-05
1.5900000000e+02	7.3982753731e-03	3.5039727292e-03	2.4492469458e-05	3.0320895493e-05
1.6000000000e+02	7.4286372134e-03	3.4793850246e-03	2.4682826180e-05	3.0402580336e-05
1.6100000000e+02	7.4590801279e-03	3.4546073038e-03	2.4872502013e-05	3.0483047743e-05
1.6200000000e+02	7.4896029105e-03	3.4296402472e-03	2.5061497921e-05	3.0562319950e-05
1.6300000000e+02	7.5202043767e-03	3.4044845342e-03	2.5249814984e-05	3.0640418740e-05
1.6400000000e+02	7.5508833639e-03	3.3791408431e-03	2.5437454395e-05	3.0717365455e-05
1.6500000000e+02	7.5816387306e-03	3.3536098509e-03	2.5624417452e-05	3.0793181007e-05
1.6600000000e+02	7.6124693557e-03	3.3278922332e-03	2.5810705557e-05	3.0867885882e-05
1.6700000000e+02	7.6433741388e-03	3.3019886643e-03	2.5996320207e-05	3.0941500151e-05
1.6800000000e+02	7.6743519991e-03	3.2758998168e-03	2.6181262990e-05	3.1014043479e-05
1.6900000000e+02	7.7054018752e-03	3.2496263617e-03	2.6365535583e-05	3.1085535130e-05
1.7000000000e+02	7.7365227251e-03	3.2231689684e-03	2.6549139745e-05	3.1155993980e-05
1.7100000000e+02	7.7677135251e-03	3.1965283044e-03	2.6732077314e-05	3.1225438521e-05
1.7200000000e+02	7.7989732700e-03	3.1697050353e-03	2.6914350202e-05	3.1293886870e-05
1.7300000000e+02	7.8303009727e-03	3.1426998249e-03	2.7095960392e-05	3.1361356777e-05
1.7400000000e+02	7.8616956632e-03	3.1155133348e-03	2.7276909934e-05	3.1427865633e-05
1.7500000000e+02	7.8931563893e-03	3.0881462245e-03	2.7457200941e-05	3.1493430478e-05
1.7600000000e+02	7.9246822151e-03	3.0605991517e-03	2.7636835588e-05	3.1558068005e-05
1.7700000000e+02	7.9562722216e-03	3.0328727714e-03	2.7815816103e-05	3.1621794573e-05
1.7800000000e+02	7.9879255059e-03	3.0049677368e-03	2.7994144771e-05	3.1684626206e-05
1.7900000000e+02	8.0196411810e-03	2.9768846984e-03	2.8171823925e-05	3.1746578610e-05
1.8000000000e+02	8.0514183752e-03	2.9486243046e-03	2.8348855948e-05	3.1807667171e-05
1.8100000000e+02	8.0832562324e-03	2.9201872014e-03	2.8525243265e-05	3.1867906968e-05
1.8200000000e+02	8.1151539112e-03	2.8915740322e-03	2.8700988346e-05	3.1927312774e-05
1.8300000000e+02	8.1471105848e-03	2.8627854379e-03	2.8876093699e-05	3.1985899069e-05
1.8400000000e+02	8.1791254409e-03	2.8338220572e-03	2.9050561868e-05	3.2043680038e-05
1.8500000000e+02	8.2111976810e-03	2.8046845257e-03	2.9224395434e-05	3.2100669586e-05
1.8600000000e+02	8.2433265208e-03	2.7753734770e-03	2.9397597010e-05	3.2156881339e-05
1.8700000000e+02	8.2755111889e-03	2.7458895415e-03	2.9570169237e-05	3.2212328650e-05
1.8800000000e+02	8.3077509276e-03	2.7162333474e-03	2.9742114788e-05	3.2267024607e-05
1.8900000000e+02	8.3400449920e-03	2.6864055199e-03	2.9913436360e-05	3.2320982037e-05
1.9000000000e+02	8.3723926497e-03	2.6564066817e-03	3.0084136673e-05	3.2374213511e-05
1.9100000000e+02	8.4047931811e-03	2.6262374527e-03	3.0254218473e-05	3.2426731354e-05
1.9200000000e+02	8.4372458786e-03	2.5958984500e-03	3.0423684524e-05	3.2478547643e-05
1.9300000000e+02	8.4697500465e-03	2.5653902880e-03	3.0592537609e-05	3.2529674219e-05
1.9400000000e+02	8.5023050010e-03	2.5347135782e-03	3.0760780530e-05	3.2580122688e-05
1.9500000000e+02	8.5349100696e-03	2.5038689294e-03	3.0928416104e-05	3.2629904429e-05
1.9600000000e+02	8.5675645913e-03	2.4728569475e-03	3.1095447162e-05	3.2679030595e-05
1.9700000000e+02	8.6002679159e-03	2.4416782356e-03	3.1261876550e-05	3.2727512123e-05
1.9800000000e+02	8.6330194042e-03	2.4103333940e-03	3.1427707122e-05	3.2775359734e-05
1.9900000000e+02	8.6658184276e-03	2.3788230200e-03	3.1592941747e-05	3.2822583940e-05
2.0000000000e+02	8.6986643678e-03	2.3471477082e-03	3.1757583298e-05	3.2869195048e-05
2.0100000000e+02	8.7315566167e-03	2.3153080502e-03	3.1921634659e-05	3.2915203165e-05
2.0200000000e+02	8.7644945764e-03	2.2833046347e-03	3.2085098721e-05	3.2960618201e-05
2.0300000000e+02	8.7974776587e-03	2.2511380475e-03	3.2247978380e-05	3.3005449875e-05
2.0400000000e+02	8.8305052849e-03	2.2188088717e-03	3.2410276535e-05	3.3049707717e-05
2.0500000000e+02	8.8635768859e-03	2.1863176873e-03	3.2571996091e-05	3.3093401074e-05
2.0600000000e+02	8.8966919019e-03	2.1536650715e-03	3.2733139954e-05	3.3136539112e-05
2.0700000000e+02	8.9298497820e-03	2.1208515984e-03	3.2893711032e-05	3.3179130822e-05
2.0800000000e+02	8.9630499844e-03	2.0878778394e-03	3.3053712236e-05	3.3221185023e-05
2.0900000000e+02	8.9962919758e-03	2.0547443629e-03	3.3213146473e-05	3.3262710365e-05
2.1000000000e+02	9.0295752317e-03	2.0214517344e-03	3.3372016654e-05	3.3303715333e-05
2.1100000000e+02	9.0628992358e-03	1.9880005166e-03	3.3530325683e-05	3.3344208249e-05
2.1200000000e+02	9.0962634802e-03	1.9543912691e-03	3.3688076467e-05	3.3384197281e-05
2.1300000000e+02	9.1296674651e-03	1.9206245488e-03	3.3845271907e-05	3.3423690437e-05
2.1400000000e+02	9.1631106984e-03	1.8867009095e-03	3.4001914902e-05	3.3462695579e-05
2.1500000000e+02	9.1965926961e-03	1.8526209022e-03	3.4158008344e-05	3.3501220416e-05
2.1600000000e+02	9.2301129817e-03	1.8183850750e-03	3.4313555123e-05	3.3539272517e-05
2.1700000000e+02	9.2636710861e-03	1.7839939732e-03	3.4468558124e-05	3.3576859305e-05
2.1800000000e+02	9.2972665476e-03	1.7494481391e-03	3.4623020223e-05	3.3613988065e-05
2.1900000000e+02	9.3308989119e-03	1.7147481121e-03	3.4776944291e-05	3.3650665948e-05
2.2000000000e+02	9.3645677315e-03	1.6798944289e-03	3.4930333194e-05	3.3686899969e-05
2.2100000000e+02	9.3982725662e-03	1.6448876231e-03	3.5083189787e-05	3.3722697015e-05
2.2200000000e+02	9.4320129822e-03	1.6097282258e-03	3.5235516921e-05	3.3758063845e-05
2.2300000000e+02	9.4657885527e-03	1.5744167648e-03	3.5387317434e-05	3.3793007091e-05
2.2400000000e+02	9.4995988573e-03	1.5389537655e-03	3.5538594160e-05	3.3827533267e-05
2.2500000000e+02	9.5334434823e-03	1.5033397502e-03	3.5689349921e-05	3.3861648762e-05
2.2600000000e+02	9.5673220201e-03	1.4675752384e-03	3.5839587530e-05	3.3895359853e-05
2.2700000000e+02	9.6012340693e-03	1.4316607469e-03	3.5989309790e-05	3.3928672698e-05
2.2800000000e+02	9.6351792347e-03	1.3955967897e-03	3.6138519496e-05	3.3961593345e-05
2.2900000000e+02	9.6691571272e-03	1.3593838778e-03	3.6287219430e-05	3.3994127731e-05
2.3000000000e+02	9.7031673634e-03	1.3230225198e-03	3.6435412363e-05	3.4026281686e-05
2.3100000000e+02	9.7372095657e-03	1.2865132212e-03	3.6583101058e-05	3.4058060934e-05
2.3200000000e+02	9.7712833622e-03	1.2498564848e-03	3.6730288265e-05	3.4089471095e-05
2.3300000000e+02	9.8053883867e-03	1.2130528109e-03	3.6876976720e-05	3.4120517689e-05
2.3400000000e+02	9.8395242782e-03	1.1761026967e-03	3.7023169152e-05	3.4151206136e-05
2.3500000000e+02	9.8736906813e-03	1.1390066370e-03	3.7168868274e-05	3.4181541760e-05
2.3600000000e+02	9.9078872459e-03	1.1017651237e-03	3.7314076789e-05	3.4211529788e-05
2.3700000000e+02	9.9421136268e-03	1.0643786461e-03	3.7458797387e-05	3.4241175355e-05
2.3800000000e+02	9.9763694841e-03	1.0268476907e-03	3.7603032745e-05	3.4270483506e-05
2.3900000000e+02	1.0010654483e-02	9.8917274146e-04	3.7746785529e-05	3.4299459194e-05
2.4000000000e+02	1.0044968293e-02	9.5135427962e-04	3.7890058390e-05	3.4328107286e-05
2.4100000000e+02	1.0079310590e-02	9.1339278377e-04	3.8032853967e-05	3.4356432562e-05
2.4200000000e+02	1.0113681052e-02	8.7528872990e-04	3.8175174886e-05	3.4384439720e-05
2.4300000000e+02	1.0148079365e-02	8.3704259135e-04	3.8317023759e-05	3.4412133375e-05
2.4400000000e+02	1.0182505216e-02	7.9865483886e-04	3.8458403186e-05	3.4439518058e-05
2.4500000000e+02	1.0216958299e-02	7.6012594060e-04	3.8599315751e-05	3.4466598226e-05
2.4600000000e+02	1.0251438313e-02	7.2145636212e-04	3.8739764026e-05	3.4493378256e-05
2.4700000000e+02	1.0285944957e-02	6.8264656646e-04	3.8879750571e-05	3.4519862448e-05
2.4800000000e+02	1.0320477940e-02	6.4369701405e-04	3.9019277928e-05	3.4546055029e-05
2.4900000000e+02	1.0355036972e-02	6.0460816282e-04	3.9158348630e-05	3.4571960153e-05
2.5000000000e+02	1.0389621766e-02	5.6538046817e-04	3.9296965192e-05	3.4597581902e-05
2.5100000000e+02	1.0424232042e-02	5.2601438298e-04	3.9435130117e-05	3.4622924288e-05
2.5200000000e+02	1.0458867523e-02	4.8651035765e-04	3.9572845894e-05	3.4647991255e-05
2.5300000000e+02	1.0493527934e-02	4.4686884008e-04	3.9710114997e-05	3.4672786679e-05
2.5400000000e+02	1.0528213007e-02	4.0709027573e-04	3.9846939887e-05	3.4697314371e-05
2.5500000000e+02	1.0562922475e-02	3.6717510757e-04	3.9983323010e-05	3.4721578074e-05
2.5600000000e+02	1.0597656076e-02	3.2712377615e-04	4.0119266798e-05	3.4745581472e-05
2.5700000000e+02	1.0632413552e-02	2.8693671961e-04	4.0254773669e-05	3.4769328185e-05
2.5800000000e+02	1.0667194648e-02	2.4661437365e-04	4.0389846026e-05	3.4792821771e-05
2.5900000000e+02	1.0701999113e-02	2.0615717160e-04	4.0524486259e-05	3.4816065728e-05
2.6000000000e+02	1.0736826698e-02	1.6556554438e-04	4.0658696744e-05	3.4839063499e-05
2.6100000000e+02	1.0771677159e-02	1.2483992057e-04	4.0792479840e-05	3.4861818464e-05
2.6200000000e+02	1.0806550255e-02	8.3980726383e-05	4.0925837895e-05	3.4884333952e-05
2.6300000000e+02	1.0841445748e-02	4.2988385686e-05	4.1058773241e-05	3.4906613233e-05
2.6400000000e+02	1.0876363404e-02	1.8633200317e-06	4.1191288196e-05	3.4928659524e-05
2.6500000000e+02	1.0911302990e-02	-3.9394051343e-05	4.1323385063e-05	3.4950475989e-05
2.6600000000e+02	1.0946264280e-02	-8.0783311496e-05	4.1455066134e-05	3.4972065740e-05
2.6700000000e+02	1.0981247047e-02	-1.2230404577e-04	4.1586333682e-05	3.4993431838e-05
2.6800000000e+02	1.1016251070e-02	-1.6395584177e-04	4.1717189970e-05	3.5014577292e-05
2.6900000000e+02	1.1051276129e-02	-2.0573828937e-04	4.1847637244e-05	3.5035505063e-05
2.7000000000e+02	1.1086322009e-02	-2.4765098067e-04	4.1977677738e-05	3.5056218065e-05
2.7100000000e+02	1.1121388495e-02	-2.8969351000e-04	4.2107313671e-05	3.5076719163e-05
2.7200000000e+02	1.1156475377e-02	-3.3186547389e-04	4.2236547247e-05	3.5097011176e-05
2.7300000000e+02	1.1191582448e-02	-3.7416647110e-04	4.2365380658e-05	3.5117096878e-05
2.7400000000e+02	1.1226709503e-02	-4.1659610255e-04	4.2493816080e-05	3.5136978996e-05
2.7500000000e+02	1.1261856339e-02	-4.5915397132e-04	4.2621855676e-05	3.5156660215e-05
2.7600000000e+02	1.1297022758e-02	-5.0183968267e-04	4.2749501595e-05	3.5176143178e-05
2.7700000000e+02	1.1332208561e-02	-5.4465284400e-04	4.2876755973e-05	3.5195430482e-05
2.7800000000e+02	1.1367413554e-02	-5.8759306481e-04	4.3003620932e-05	3.5214524688e-05
2.7900000000e+02	1.1402637546e-02	-6.3065995675e-04	4.3130098578e-05	3.5233428310e-05
2.8000000000e+02	1.1437880348e-02	-6.7385313356e-04	4.3256191006e-05	3.5252143827e-05
2.8100000000e+02	1.1473141772e-02	-7.1717221105e-04	4.3381900296e-05	3.5270673676e-05
2.8200000000e+02	1.1508421634e-02	-7.6061680713e-04	4.3507228516e-05	3.5289020257e-05
2.8300000000e+02	1.1543719752e-02	-8.0418654175e-04	4.3632177718e-05	3.5307185932e-05
2.8400000000e+02	1.1579035947e-02	-8.4788103691e-04	4.3756749942e-05	3.5325173024e-05
2.8500000000e+02	1.1614370040e-02	-8.9169991665e-04	4.3880947215e-05	3.5342983822e-05
2.8600000000e+02	1.1649721856e-02	-9.3564280703e-04	4.4004771550e-05	3.5360620579e-05
2.8700000000e+02	1.1685091224e-02	-9.7970933610e-04	4.4128224947e-05	3.5378085511e-05
2.8800000000e+02	1.1720477971e-02	-1.0238991339e-03	4.4251309392e-05	3.5395380801e-05
2.8900000000e+02	1.1755881929e-02	-1.0682118326e-03	4.4374026858e-05	3.5412508599e-05
2.9000000000e+02	1.1791302933e-02	-1.1126470660e-03	4.4496379306e-05	3.5429471020e-05
2.9100000000e+02	1.1826740817e-02	-1.1572044701e-03	4.4618368684e-05	3.5446270147e-05
2.9200000000e+02	1.1862195419e-02	-1.2018836830e-03	4.4739996926e-05	3.5462908031e-05
2.9300000000e+02	1.1897666580e-02	-1.2466843443e-03	4.4861265953e-05	3.5479386692e-05
2.9400000000e+02	1.1933154140e-02	-1.2916060958e-03	4.4982177674e-05	3.5495708118e-05
2.9500000000e+02	1.1968657944e-02	-1.3366485811e-03	4.5102733985e-05	3.5511874269e-05
2.9600000000e+02	1.2004177838e-02	-1.3818114459e-03	4.5222936769e-05	3.5527887071e-05
2.9700000000e+02	1.2039713668e-02	-1.4270943375e-03	4.5342787898e-05	3.5543748426e-05
2.9800000000e+02	1.2075265285e-02	-1.4724969051e-03	4.5462289228e-05	3.5559460202e-05
2.9900000000e+02	1.2110832539e-02	-1.5180187999e-03	4.5581442606e-05	3.5575024244e-05
3.0000000000e+02	1.2146415285e-02	-1.5636596749e-03	4.5700249865e-05	3.5590442364e-05
3.0100000000e+02	1.2182013376e-02	-1.6094191849e-03	4.5818712827e-05	3.5605716351e-05
3.0200000000e+02	1.2217626670e-02	-1.6552969864e-03	4.5936833299e-05	3.5620847965e-05
3.0300000000e+02	1.2253255025e-02	-1.7012927379e-03	4.6054613079e-05	3.5635838940e-05
3.0400000000e+02	1.2288898301e-02	-1.7474060996e-03	4.6172053951e-05	3.5650690984e-05
3.0500000000e+02	1.2324556361e-02	-1.7936367335e-03	4.6289157688e-05	3.5665405781e-05
3.0600000000e+02	1.2360229068e-02	-1.8399843032e-03	4.6405926049e-05	3.5679984989e-05
3.0700000000e+02	1.2395916287e-02	-1.8864484743e-03	4.6522360785e-05	3.5694430241e-05
3.0800000000e+02	1.2431617884e-02	-1.9330289141e-03	4.6638463631e-05	3.5708743147e-05
3.0900000000e+02	1.2467333729e-02	-1.9797252916e-03	4.6754236313e-05	3.5722925292e-05
3.1000000000e+02	1.2503063692e-02	-2.0265372773e-03	4.6869680545e-05	3.5736978239e-05
3.1100000000e+02	1.2538807643e-02	-2.0734645437e-03	4.6984798029e-05	3.5750903527e-05
3.1200000000e+02	1.2574565457e-02	-2.1205067650e-03	4.7099590454e-05	3.5764702674e-05
3.1300000000e+02	1.2610337007e-02	-2.1676636168e-03	4.7214059501e-05	3.5778377175e-05
3.1400000000e+02	1.2646122170e-02	-2.2149347768e-03	4.7328206837e-05	3.5791928503e-05
3.1500000000e+02	1.2681920823e-02	-2.2623199238e-03	4.7442034118e-05	3.5805358110e-05
3.1600000000e+02	1.2717732846e-02	-2.3098187389e-03	4.7555542991e-05	3.5818667428e-05
3.1700000000e+02	1.2753558119e-02	-2.3574309042e-03	4.7668735088e-05	3.5831857866e-05
3.1800000000e+02	1.2789396523e-02	-2.4051561040e-03	4.7781612034e-05	3.5844930815e-05
3.1900000000e+02	1.2825247942e-02	-2.4529940238e-03	4.7894175440e-05	3.5857887645e-05
3.2000000000e+02	1.2861112260e-02	-2.5009443509e-03	4.8006426908e-05	3.5870729706e-05
3.2100000000e+02	1.2896989363e-02	-2.5490067741e-03	4.8118368029e-05	3.5883458331e-05
3.2200000000e+02	1.2932879139e-02	-2.5971809840e-03	4.8230000382e-05	3.5896074831e-05
3.2300000000e+02	1.2968781476e-02	-2.6454666725e-03	4.8341325537e-05	3.5908580500e-05
3.2400000000e+02	1.3004696264e-02	-2.6938635332e-03	4.8452345052e-05	3.5920976614e-05
3.2500000000e+02	1.3040623393e-02	-2.7423712612e-03	4.8563060475e-05	3.5933264431e-05
3.2600000000e+02	1.3076562757e-02	-2.7909895533e-03	4.8673473344e-05	3.5945445189e-05
3.2700000000e+02	1.3112514248e-02	-2.8397181076e-03	4.8783585186e-05	3.5957520112e-05
3.2800000000e+02	1.3148477762e-02	-2.8885566238e-03	4.8893397518e-05	3.5969490404e-05
3.2900000000e+02	1.3184453194e-02	-2.9375048033e-03	4.9002911847e-05	3.5981357254e-05
3.3000000000e+02	1.3220440442e-02	-2.9865623487e-03	4.9112129670e-05	3.5993121834e-05
3.3100000000e+02	1.3256439404e-02	-3.0357289643e-03	4.9221052473e-05	3.6004785299e-05
3.3200000000e+02	1.3292449980e-02	-3.0850043558e-03	4.9329681734e-05	3.6016348789e-05
3.3300000000e+02	1.3328472069e-02	-3.1343882304e-03	4.9438018917e-05	3.6027813428e-05
3.3400000000e+02	1.3364505574e-02	-3.1838802968e-03	4.9546065481e-05	3.6039180323e-05
3.3500000000e+02	1.3400550397e-02	-3.2334802650e-03	4.9653822873e-05	3.6050450567e-05
3.3600000000e+02	1.3436606443e-02	-3.2831878466e-03	4.9761292529e-05	3.6061625239e-05
3.3700000000e+02	1.3472673616e-02	-3.3330027546e-03	4.9868475879e-05	3.6072705402e-05
3.3800000000e+02	1.3508751823e-02	-3.3829247034e-03	4.9975374338e-05	3.6083692104e-05
3.3900000000e+02	1.3544840970e-02	-3.4329534088e-03	5.0081989318e-05	3.6094586379e-05
3.4000000000e+02	1.3580940965e-02	-3.4830885880e-03	5.0188322215e-05	3.6105389249e-05
3.4100000000e+02	1.3617051718e-02	-3.5333299597e-03	5.0294374422e-05	3.6116101718e-05
3.4200000000e+02	1.3653173139e-02	-3.5836772437e-03	5.0400147318e-05	3.6126724781e-05
3.4300000000e+02	1.3689305138e-02	-3.6341301616e-03	5.0505642274e-05	3.6137259416e-05
3.4400000000e+02	1.3725447629e-02	-3.6846884361e-03	5.0610860653e-05	3.6147706590e-05
3.4500000000e+02	1.3761600523e-02	-3.7353517912e-03	5.0715803808e-05	3.6158067255e-05
3.4600000000e+02	1.3797763735e-02	-3.7861199524e-03	5.0820473084e-05	3.6168342353e-05
3.4700000000e+02	1.3833937179e-02	-3.8369926465e-03	5.0924869815e-05	3.6178532811e-05
3.4800000000e+02	1.3870120772e-02	-3.8879696016e-03	5.1028995327e-05	3.6188639544e-05
3.4900000000e+02	1.3906314431e-02	-3.9390505472e-03	5.1132850939e-05	3.6198663457e-05
3.5000000000e+02	1.3942518072e-02	-3.9902352140e-03	5.1236437960e-05	3.6208605440e-05
3.5100000000e+02	1.3978731614e-02	-4.0415233340e-03	5.1339757688e-05	3.6218466372e-05
3.5200000000e+02	1.4014954978e-02	-4.0929146407e-03	5.1442811416e-05	3.6228247122e-05
3.5300000000e+02	1.4051188082e-02	-4.1444088686e-03	5.1545600428e-05	3.6237948547e-05
3.5400000000e+02	1.4087430849e-02	-4.1960057537e-03	5.1648125996e-05	3.6247571490e-05
3.5500000000e+02	1.4123683199e-02	-4.2477050332e-03	5.1750389388e-05	3.6257116788e-05
3.5600000000e+02	1.4159945057e-02	-4.2995064455e-03	5.1852391860e-05	3.6266585262e-05
3.5700000000e+02	1.4196216345e-02	-4.3514097304e-03	5.1954134664e-05	3.6275977725e-05
3.5800000000e+02	1.4232496987e-02	-4.4034146287e-03	5.2055619039e-05	3.6285294979e-05
3.5900000000e+02	1.4268786910e-02	-4.4555208827e-03	5.2156846219e-05	3.6294537816e-05
3.6000000000e+02	1.4305086038e-02	-4.5077282358e-03	5.2257817428e-05	3.6303707016e-05
3.6100000000e+02	1.4341394299e-02	-4.5600364327e-03	5.2358533884e-05	3.6312803351e-05
3.6200000000e+02	1.4377711621e-02	-4.6124452191e-03	5.2458996796e-05	3.6321827583e-05
3.6300000000e+02	1.4414037931e-02	-4.6649543422e-03	5.2559207364e-05	3.6330780462e-05
3.6400000000e+02	1.4450373158e-02	-4.7175635501e-03	5.2659166781e-05	3.6339662730e-05
3.6500000000e+02	1.4486717233e-02	-4.7702725924e-03	5.2758876234e-05	3.6348475119e-05
3.6600000000e+02	1.4523070085e-02	-4.8230812196e-03	5.2858336899e-05	3.6357218353e-05
3.6700000000e+02	1.4559431647e-02	-4.8759891837e-03	5.2957549947e-05	3.6365893145e-05
3.6800000000e+02	1.4595801849e-02	-4.9289962374e-03	5.3056516540e-05	3.6374500199e-05
3.6900000000e+02	1.4632180625e-02	-4.9821021350e-03	5.3155237832e-05	3.6383040211e-05
3.7000000000e+02	1.4668567907e-02	-5.0353066317e-03	5.3253714971e-05	3.6391513869e-05
3.7100000000e+02	1.4704963631e-02	-5.0886094839e-03	5.3351949096e-05	3.6399921850e-05
3.7200000000e+02	1.4741367730e-02	-5.1420104492e-03	5.3449941341e-05	3.6408264823e-05
3.7300000000e+02	1.4777780139e-02	-5.1955092863e-03	5.3547692829e-05	3.6416543451e-05
3.7400000000e+02	1.4814200795e-02	-5.2491057550e-03	5.3645204680e-05	3.6424758386e-05
3.7500000000e+02	1.4850629635e-02	-5.3027996162e-03	5.3742478003e-05	3.6432910273e-05
3.7600000000e+02	1.4887066595e-02	-5.3565906319e-03	5.3839513901e-05	3.6440999748e-05
3.7700000000e+02	1.4923511614e-02	-5.4104785652e-03	5.3936313472e-05	3.6449027441e-05
3.7800000000e+02	1.4959964629e-02	-5.4644631804e-03	5.4032877804e-05	3.6456993972e-05
3.7900000000e+02	1.4996425581e-02	-5.5185442428e-03	5.4129207979e-05	3.6464899955e-05
3.8000000000e+02	1.5032894409e-02	-5.5727215187e-03	5.4225305074e-05	3.6472745995e-05
3.8100000000e+02	1.5069371054e-02	-5.6269947756e-03	5.4321170155e-05	3.6480532690e-05
3.8200000000e+02	1.5105855455e-02	-5.6813637820e-03	5.4416804286e-05	3.6488260632e-05
3.8300000000e+02	1.5142347556e-02	-5.7358283075e-03	5.4512208520e-05	3.6495930404e-05
3.8400000000e+02	1.5178847297e-02	-5.7903881228e-03	5.4607383905e-05	3.6503542582e-05
3.8500000000e+02	1.5215354622e-02	-5.8450429994e-03	5.4702331483e-05	3.6511097737e-05
3.8600000000e+02	1.5251869473e-02	-5.8997927101e-03	5.4797052289e-05	3.6518596429e-05
3.8700000000e+02	1.5288391796e-02	-5.9546370287e-03	5.4891547350e-05	3.6526039216e-05
3.8800000000e+02	1.5324921533e-02	-6.0095757299e-03	5.4985817689e-05	3.6533426645e-05
3.8900000000e+02	1.5361458631e-02	-6.0646085895e-03	5.5079864320e-05	3.6540759260e-05
3.9000000000e+02	1.5398003034e-02	-6.1197353843e-03	5.5173688252e-05	3.6548037595e-05
3.9100000000e+02	1.5434554688e-02	-6.1749558921e-03	5.5267290487e-05	3.6555262180e-05
3.9200000000e+02	1.5471113540e-02	-6.2302698917e-03	5.5360672021e-05	3.6562433538e-05
3.9300000000e+02	1.5507679538e-02	-6.2856771629e-03	5.5453833844e-05	3.6569552185e-05
3.9400000000e+02	1.5544252627e-02	-6.3411774865e-03	5.5546776939e-05	3.6576618632e-05
3.9500000000e+02	1.5580832758e-02	-6.3967706442e-03	5.5639502283e-05	3.6583633382e-05
3.9600000000e+02	1.5617419877e-02	-6.4524564188e-03	5.5732010848e-05	3.6590596935e-05
3.9700000000e+02	1.5654013935e-02	-6.5082345940e-03	5.5824303599e-05	3.6597509783e-05
3.9800000000e+02	1.5690614880e-02	-6.5641049544e-03	5.5916381493e-05	3.6604372412e-05
3.9900000000e+02	1.5727222663e-02	-6.6200672857e-03	5.6008245485e-05	3.6611185302e-05
4.0000000000e+02	1.5763837234e-02	-6.6761213744e-03	5.6099896521e-05	3.6617948929e-05
4.0100000000e+02	1.5800458545e-02	-6.7322670080e-03	5.6191335543e-05	3.6624663763e-05
4.0200000000e+02	1.5837086546e-02	-6.7885039751e-03	5.6282563484e-05	3.6631330266e-05
4.0300000000e+02	1.5873721189e-02	-6.8448320650e-03	5.6373581276e-05	3.6637948899e-05
4.0400000000e+02	1.5910362428e-02	-6.9012510679e-03	5.6464389840e-05	3.6644520113e-05
4.0500000000e+02	1.5947010214e-02	-6.9577607752e-03	5.6554990096e-05	3.6651044356e-05
4.0600000000e+02	1.5983664501e-02	-7.0143609790e-03	5.6645382955e-05	3.6657522072e-05
4.0700000000e+02	1.6020325242e-02	-7.0710514723e-03	5.6735569324e-05	3.6663953697e-05
4.0800000000e+02	1.6056992393e-02	-7.1278320491e-03	5.6825550103e-05	3.6670339664e-05
4.0900000000e+02	1.6093665907e-02	-7.1847025043e-03	5.6915326188e-05	3.6676680400e-05
4.1000000000e+02	1.6130345739e-02	-7.2416626335e-03	5.7004898469e-05	3.6682976328e-05
4.1100000000e+02	1.6167031845e-02	-7.2987122336e-03	5.7094267830e-05	3.6689227864e-05
4.1200000000e+02	1.6203724180e-02	-7.3558511019e-03	5.7183435150e-05	3.6695435423e-05
4.1300000000e+02	1.6240422701e-02	-7.4130790368e-03	5.7272401302e-05	3.6701599411e-05
4.1400000000e+02	1.6277127364e-02	-7.4703958377e-03	5.7361167155e-05	3.6707720232e-05
4.1500000000e+02	1.6313838127e-02	-7.5278013046e-03	5.7449733570e-05	3.6713798285e-05
4.1600000000e+02	1.6350554947e-02	-7.5852952386e-03	5.7538101407e-05	3.6719833964e-05
4.1700000000e+02	1.6387277781e-02	-7.6428774415e-03	5.7626271517e-05	3.6725827659e-05
4.1800000000e+02	1.6424006588e-02	-7.7005477160e-03	5.7714244747e-05	3.6731779754e-05
4.1900000000e+02	1.6460741327e-02	-7.7583058657e-03	5.7802021939e-05	3.6737690630e-05
4.2000000000e+02	1.6497481956e-02	-7.8161516949e-03	5.7889603930e-05	3.6743560665e-05
4.2100000000e+02	1.6534228435e-02	-7.8740850088e-03	5.7976991552e-05	3.6749390230e-05
4.2200000000e+02	1.6570980723e-02	-7.9321056134e-03	5.8064185631e-05	3.6755179693e-05
4.2300000000e+02	1.6607738781e-02	-7.9902133158e-03	5.8151186989e-05	3.6760929419e-05
4.2400000000e+02	1.6644502569e-02	-8.0484079235e-03	5.8237996444e-05	3.6766639767e-05
4.2500000000e+02	1.6681272047e-02	-8.1066892450e-03	5.8324614805e-05	3.6772311093e-05
4.2600000000e+02	1.6718047178e-02	-8.1650570896e-03	5.8411042882e-05	3.6777943748e-05
4.2700000000e+02	1.6754827922e-02	-8.2235112676e-03	5.8497281474e-05	3.6783538082e-05
4.2800000000e+02	1.6791614241e-02	-8.2820515897e-03	5.8583331381e-05	3.6789094437e-05
4.2900000000e+02	1.6828406098e-02	-8.3406778677e-03	5.8669193394e-05	3.6794613155e-05
4.3000000000e+02	1.6865203455e-02	-8.3993899141e-03	5.8754868301e-05	3.6800094571e-05
4.3100000000e+02	1.6902006275e-02	-8.4581875422e-03	5.8840356885e-05	3.6805539019e-05
4.3200000000e+02	1.6938814521e-02	-8.5170705660e-03	5.8925659924e-05	3.6810946826e-05
4.3300000000e+02	1.6975628157e-02	-8.5760388005e-03	5.9010778192e-05	3.6816318320e-05
4.3400000000e+02	1.7012447146e-02	-8.6350920611e-03	5.9095712458e-05	3.6821653821e-05
4.3500000000e+02	1.7049271452e-02	-8.6942301643e-03	5.9180463487e-05	3.6826953649e-05
4.3600000000e+02	1.7086101041e-02	-8.7534529272e-03	5.9265032038e-05	3.6832218117e-05
4.3700000000e+02	1.7122935877e-02	-8.8127601678e-03	5.9349418867e-05	3.6837447538e-05
4.3800000000e+02	1.7159775925e-02	-8.8721517046e-03	5.9433624725e-05	3.6842642219e-05
4.3900000000e+02	1.7196621150e-02	-8.9316273572e-03	5.9517650358e-05	3.6847802465e-05
4.4000000000e+02	1.7233471518e-02	-8.9911869455e-03	5.9601496509e-05	3.6852928578e-05
4.4100000000e+02	1.7270326996e-02	-9.0508302906e-03	5.9685163915e-05	3.6858020855e-05
4.4200000000e+02	1.7307187549e-02	-9.1105572140e-03	5.9768653310e-05	3.6863079592e-05
4.4300000000e+02	1.7344053144e-02	-9.1703675381e-03	5.9851965422e-05	3.6868105080e-05
4.4400000000e+02	1.7380923748e-02	-9.2302610860e-03	5.9935100978e-05	3.6873097607e-05
4.4500000000e+02	1.7417799328e-02	-9.2902376815e-03	6.0018060696e-05	3.6878057460e-05
4.4600000000e+02	1.7454679852e-02	-9.3502971490e-03	6.0100845294e-05	3.6882984920e-05
4.4700000000e+02	1.7491565287e-02	-9.4104393139e-03	6.0183455484e-05	3.6887880267e-05
4.4800000000e+02	1.7528455602e-02	-9.4706640021e-03	6.0265891974e-05	3.6892743778e-05
4.4900000000e+02	1.7565350764e-02	-9.5309710402e-03	6.0348155467e-05	3.6897575725e-05
4.5000000000e+02	1.7602250743e-02	-9.5913602556e-03	6.0430246664e-05	3.6902376380e-05
4.5100000000e+02	1.7639155507e-02	-9.6518314763e-03	6.0512166260e-05	3.6907146010e-05
4.5200000000e+02	1.7676065025e-02	-9.7123845312e-03	6.0593914947e-05	3.6911884880e-05
4.5300000000e+02	1.7712979266e-02	-9.7730192495e-03	6.0675493413e-05	3.6916593252e-05
4.5400000000e+02	1.7749898201e-02	-9.8337354615e-03	6.0756902341e-05	3.6921271385e-05
4.5500000000e+02	1.7786821799e-02	-9.8945329979e-03	6.0838142411e-05	3.6925919536e-05
4.5600000000e+02	1.7823750030e-02	-9.9554116902e-03	6.0919214300e-05	3.6930537958e-05
4.5700000000e+02	1.7860682865e-02	-1.0016371371e-02	6.1000118678e-05	3.6935126904e-05
4.5800000000e+02	1.7897620275e-02	-1.0077411872e-02	6.1080856215e-05	3.6939686620e-05
4.5900000000e+02	1.7934562229e-02	-1.0138533028e-02	6.1161427574e-05	3.6944217355e-05
4.6000000000e+02	1.7971508700e-02	-1.0199734672e-02	6.1241833417e-05	3.6948719350e-05
4.6100000000e+02	1.8008459658e-02	-1.0261016640e-02	6.1322074398e-05	3.6953192846e-05
4.6200000000e+02	1.8045415076e-02	-1.0322378766e-02	6.1402151173e-05	3.6957638083e-05
4.6300000000e+02	1.8082374925e-02	-1.0383820887e-02	6.1482064389e-05	3.6962055296e-05
4.6400000000e+02	1.8119339177e-02	-1.0445342840e-02	6.1561814693e-05	3.6966444718e-05
4.6500000000e+02	1.8156307805e-02	-1.0506944463e-02	6.1641402727e-05	3.6970806581e-05
4.6600000000e+02	1.8193280781e-02	-1.0568625592e-02	6.1720829127e-05	3.6975141112e-05
4.6700000000e+02	1.8230258078e-02	-1.0630386067e-02	6.1800094530e-05	3.6979448540e-05
4.6800000000e+02	1.8267239669e-02	-1.0692225728e-02	6.1879199566e-05	3.6983729087e-05
4.6900000000e+02	1.8304225528e-02	-1.0754144413e-02	6.1958144863e-05	3.6987982975e-05
4.7000000000e+02	1.8341215627e-02	-1.0816141964e-02	6.2036931044e-05	3.6992210423e-05
4.7100000000e+02	1.8378209940e-02	-1.0878218222e-02	6.2115558731e-05	3.6996411650e-05
4.7200000000e+02	1.8415208441e-02	-1.0940373029e-02	6.2194028539e-05	3.7000586870e-05
4.7300000000e+02	1.8452211105e-02	-1.1002606227e-02	6.2272341082e-05	3.7004736295e-05
4.7400000000e+02	1.8489217905e-02	-1.1064917659e-02	6.2350496971e-05	3.7008860136e-05
4.7500000000e+02	1.8526228817e-02	-1.1127307169e-02	6.2428496812e-05	3.7012958603e-05
4.7600000000e+02	1.8563243814e-02	-1.1189774601e-02	6.2506341208e-05	3.7017031901e-05
4.7700000000e+02	1.8600262872e-02	-1.1252319800e-02	6.2584030759e-05	3.7021080234e-05
4.7800000000e+02	1.8637285966e-02	-1.1314942611e-02	6.2661566061e-05	3.7025103805e-05
4.7900000000e+02	1.8674313072e-02	-1.1377642881e-02	6.2738947708e-05	3.7029102815e-05
4.8000000000e+02	1.8711344164e-02	-1.1440420455e-02	6.2816176290e-05	3.7033077461e-05
4.8100000000e+02	1.8748379218e-02	-1.1503275182e-02	6.2893252393e-05	3.7037027940e-05
4.8200000000e+02	1.8785418212e-02	-1.1566206910e-02	6.2970176600e-05	3.7040954445e-05
4.8300000000e+02	1.8822461119e-02	-1.1629215485e-02	6.3046949492e-05	3.7044857170e-05
4.8400000000e+02	1.8859507918e-02	-1.1692300758e-02	6.3123571646e-05	3.7048736305e-05
4.8500000000e+02	1.8896558584e-02	-1.1755462578e-02	6.3200043634e-05	3.7052592038e-05
4.8600000000e+02	1.8933613094e-02	-1.1818700796e-02	6.3276366029e-05	3.7056424556e-05
4.8700000000e+02	1.8970671426e-02	-1.1882015261e-02	6.3352539397e-05	3.7060234045e-05
4.8800000000e+02	1.9007733555e-02	-1.1945405825e-02	6.3428564303e-05	3.7064020686e-05
4.8900000000e+02	1.9044799460e-02	-1.2008872340e-02	6.3504441308e-05	3.7067784661e-05
4.9000000000e+02	1.9081869117e-02	-1.2072414659e-02	6.3580170970e-05	3.7071526150e-05
4.9100000000e+02	1.9118942504e-02	-1.2136032633e-02	6.3655753844e-05	3.7075245330e-05
4.9200000000e+02	1.9156019600e-02	-1.2199726117e-02	6.3731190483e-05	3.7078942377e-05
4.9300000000e+02	1.9193100382e-02	-1.2263494966e-02	6.3806481435e-05	3.7082617466e-05
4.9400000000e+02	1.9230184828e-02	-1.2327339032e-02	6.3881627246e-05	3.7086270769e-05
4.9500000000e+02	1.9267272916e-02	-1.2391258172e-02	6.3956628461e-05	3.7089902456e-05
4.9600000000e+02	1.9304364626e-02	-1.2455252241e-02	6.4031485618e-05	3.7093512698e-05
4.9700000000e+02	1.9341459934e-02	-1.2519321095e-02	6.4106199255e-05	3.7097101661e-05
4.9800000000e+02	1.9378558822e-02	-1.2583464592e-02	6.4180769907e-05	3.7100669511e-05
4.9900000000e+02	1.9415661266e-02	-1.2647682588e-02	6.4255198104e-05	3.7104216413e-05
5.0000000000e+02	1.9452767248e-02	-1.2711974941e-02	6.4329484377e-05	3.7107742530e-05
5.0100000000e+02	1.9489876745e-02	-1.2776341509e-02	6.4403629249e-05	3.7111248022e-05
5.0200000000e+02	1.9526989737e-02	-1.2840782152e-02	6.4477633245e-05	3.7114733049e-05
5.0300000000e+02	1.9564106204e-02	-1.2905296729e-02	6.4551496885e-05	3.7118197769e-05
5.0400000000e+02	1.9601226126e-02	-1.2969885099e-02	6.4625220685e-05	3.7121642340e-05
5.0500000000e+02	1.9638349482e-02	-1.3034547124e-02	6.4698805160e-05	3.7125066915e-05
5.0600000000e+02	1.9675476253e-02	-1.3099282663e-02	6.4772250823e-05	3.7128471649e-05
5.0700000000e+02	1.9712606419e-02	-1.3164091579e-02	6.4845558182e-05	3.7131856693e-05
5.0800000000e+02	1.9749739960e-02	-1.3228973734e-02	6.4918727743e-05	3.7135222198e-05
5.0900000000e+02	1.9786876857e-02	-1.3293928989e-02	6.4991760011e-05	3.7138568314e-05
5.1000000000e+02	1.9824017090e-02	-1.3358957208e-02	6.5064655487e-05	3.7141895188e-05
5.1100000000e+02	1.9861160641e-02	-1.3424058255e-02	6.5137414668e-05	3.7145202967e-05
5.1200000000e+02	1.9898307490e-02	-1.3489231992e-02	6.5210038051e-05	3.7148491796e-05
5.1300000000e+02	1.9935457618e-02	-1.3554478286e-02	6.5282526128e-05	3.7151761819e-05
5.1400000000e+02	1.9972611007e-02	-1.3619797000e-02	6.5354879390e-05	3.7155013177e-05
5.1500000000e+02	2.0009767638e-02	-1.3685188000e-02	6.5427098326e-05	3.7158246011e-05
5.1600000000e+02	2.0046927493e-02	-1.3750651152e-02	6.5499183420e-05	3.7161460463e-05
5.1700000000e+02	2.0084090553e-02	-1.3816186322e-02	6.5571135155e-05	3.7164656669e-05
5.1800000000e+02	2.0121256800e-02	-1.3881793378e-02	6.5642954011e-05	3.7167834767e-05
5.1900000000e+02	2.0158426217e-02	-1.3947472186e-02	6.5714640467e-05	3.7170994892e-05
5.2000000000e+02	2.0195598784e-02	-1.4013222615e-02	6.5786194998e-05	3.7174137180e-05
5.2100000000e+02	2.0232774485e-02	-1.4079044532e-02	6.5857618075e-05	3.7177261764e-05
5.2200000000e+02	2.0269953302e-02	-1.4144937807e-02	6.5928910170e-05	3.7180368775e-05
5.2300000000e+02	2.0307135217e-02	-1.4210902309e-02	6.6000071751e-05	3.7183458344e-05
5.2400000000e+02	2.0344320213e-02	-1.4276937907e-02	6.6071103282e-05	3.7186530601e-05
5.2500000000e+02	2.0381508272e-02	-1.4343044472e-02	6.6142005228e-05	3.7189585675e-05
5.2600000000e+02	2.0418699378e-02	-1.4409221875e-02	6.6212778048e-05	3.7192623692e-05
5.2700000000e+02	2.0455893514e-02	-1.4475469986e-02	6.6283422200e-05	3.7195644779e-05
5.2800000000e+02	2.0493090662e-02	-1.4541788676e-02	6.6353938141e-05	3.7198649061e-05
5.2900000000e+02	2.0530290807e-02	-1.4608177819e-02	6.6424326325e-05	3.7201636661e-05
5.3000000000e+02	2.0567493930e-02	-1.4674637287e-02	6.6494587201e-05	3.7204607702e-05
5.3100000000e+02	2.0604700016e-02	-1.4741166951e-02	6.6564721220e-05	3.7207562306e-05
5.3200000000e+02	2.0641909049e-02	-1.4807766687e-02	6.6634728827e-05	3.7210500592e-05
5.3300000000e+02	2.0679121012e-02	-1.4874436367e-02	6.6704610468e-05	3.7213422681e-05
5.3400000000e+02	2.0716335889e-02	-1.4941175866e-02	6.6774366583e-05	3.7216328691e-05
5.3500000000e+02	2.0753553664e-02	-1.5007985058e-02	6.6843997613e-05	3.7219218738e-05
5.3600000000e+02	2.0790774321e-02	-1.5074863820e-02	6.6913503995e-05	3.7222092938e-05
5.3700000000e+02	2.0827997845e-02	-1.5141812025e-02	6.6982886164e-05	3.7224951408e-05
5.3800000000e+02	2.0865224219e-02	-1.5208829551e-02	6.7052144554e-05	3.7227794261e-05
5.3900000000e+02	2.0902453428e-02	-1.5275916273e-02	6.7121279594e-05	3.7230621609e-05
5.4000000000e+02	2.0939685457e-02	-1.5343072069e-02	6.7190291715e-05	3.7233433565e-05
5.4100000000e+02	2.0976920290e-02	-1.5410296816e-02	6.7259181342e-05	3.7236230240e-05
5.4200000000e+02	2.1014157913e-02	-1.5477590391e-02	6.7327948899e-05	3.7239011743e-05
5.4300000000e+02	2.1051398309e-02	-1.5544952673e-02	6.7396594810e-05	3.7241778185e-05
5.4400000000e+02	2.1088641464e-02	-1.5612383540e-02	6.7465119493e-05	3.7244529672e-05
5.4500000000e+02	2.1125887363e-02	-1.5679882872e-02	6.7533523367e-05	3.7247266312e-05
5.4600000000e+02	2.1163135992e-02	-1.5747450547e-02	6.7601806847e-05	3.7249988211e-05
5.4700000000e+02	2.1200387335e-02	-1.5815086445e-02	6.7669970347e-05	3.7252695474e-05
5.4800000000e+02	2.1237641378e-02	-1.5882790448e-02	6.7738014280e-05	3.7255388206e-05
5.4900000000e+02	2.1274898106e-02	-1.5950562434e-02	6.7805939054e-05	3.7258066509e-05
5.5000000000e+02	2.1312157506e-02	-1.6018402286e-02	6.7873745077e-05	3.7260730486e-05
5.5100000000e+02	2.1349419563e-02	-1.6086309885e-02	6.7941432754e-05	3.7263380239e-05
5.5200000000e+02	2.1386684262e-02	-1.6154285112e-02	6.8009002489e-05	3.7266015868e-05
5.5300000000e+02	2.1423951590e-02	-1.6222327851e-02	6.8076454684e-05	3.7268637473e-05
5.5400000000e+02	2.1461221532e-02	-1.6290437983e-02	6.8143789738e-05	3.7271245153e-05
5.5500000000e+02	2.1498494075e-02	-1.6358615391e-02	6.8211008048e-05	3.7273839006e-05
5.5600000000e+02	2.1535769206e-02	-1.6426859960e-02	6.8278110010e-05	3.7276419128e-05
5.5700000000e+02	2.1573046909e-02	-1.6495171573e-02	6.8345096017e-05	3.7278985617e-05
5.5800000000e+02	2.1610327172e-02	-1.6563550113e-02	6.8411966462e-05	3.7281538567e-05
5.5900000000e+02	2.1647609982e-02	-1.6631995467e-02	6.8478721733e-05	3.7284078073e-05
5.6000000000e+02	2.1684895324e-02	-1.6700507519e-02	6.8545362219e-05	3.7286604230e-05
5.6100000000e+02	2.1722183186e-02	-1.6769086153e-02	6.8611888305e-05	3.7289117129e-05
5.6200000000e+02	2.1759473554e-02	-1.6837731257e-02	6.8678300376e-05	3.7291616864e-05
5.6300000000e+02	2.1796766415e-02	-1.6906442716e-02	6.8744598812e-05	3.7294103525e-05
5.6400000000e+02	2.1834061757e-02	-1.6975220417e-02	6.8810783996e-05	3.7296577203e-05
5.6500000000e+02	2.1871359565e-02	-1.7044064247e-02	6.8876856304e-05	3.7299037989e-05
5.6600000000e+02	2.1908659828e-02	-1.7112974092e-02	6.8942816114e-05	3.7301485970e-05
5.6700000000e+02	2.1945962533e-02	-1.7181949842e-02	6.9008663800e-05	3.7303921236e-05
5.6800000000e+02	2.1983267667e-02	-1.7250991383e-02	6.9074399734e-05	3.7306343873e-05
5.6900000000e+02	2.2020575217e-02	-1.7320098604e-02	6.9140024289e-05	3.7308753969e-05
5.7000000000e+02	2.2057885170e-02	-1.7389271394e-02	6.9205537832e-05	3.7311151610e-05
5.7100000000e+02	2.2095197516e-02	-1.7458509643e-02	6.9270940732e-05	3.7313536880e-05
5.7200000000e+02	2.2132512240e-02	-1.7527813239e-02	6.9336233355e-05	3.7315909865e-05
5.7300000000e+02	2.2169829331e-02	-1.7597182073e-02	6.9401416063e-05	3.7318270648e-05
5.7400000000e+02	2.2207148777e-02	-1.7666616034e-02	6.9466489219e-05	3.7320619313e-05
5.7500000000e+02	2.2244470566e-02	-1.7736115015e-02	6.9531453184e-05	3.7322955942e-05
5.7600000000e+02	2.2281794685e-02	-1.7805678905e-02	6.9596308315e-05	3.7325280616e-05
5.7700000000e+02	2.2319121123e-02	-1.7875307595e-02	6.9661054971e-05	3.7327593417e-05
5.7800000000e+02	2.2356449868e-02	-1.7945000978e-02	6.9725693506e-05	3.7329894425e-05
5.7900000000e+02	2.2393780908e-02	-1.8014758946e-02	6.9790224274e-05	3.7332183720e-05
5.8000000000e+02	2.2431114232e-02	-1.8084581391e-02	6.9854647626e-05	3.7334461381e-05
5.8100000000e+02	2.2468449827e-02	-1.8154468206e-02	6.9918963912e-05	3.7336727486e-05
5.8200000000e+02	2.2505787683e-02	-1.8224419283e-02	6.9983173481e-05	3.7338982112e-05
5.8300000000e+02	2.2543127787e-02	-1.8294434517e-02	7.0047276681e-05	3.7341225338e-05
5.8400000000e+02	2.2580470130e-02	-1.8364513801e-02	7.0111273855e-05	3.7343457239e-05
5.8500000000e+02	2.2617814698e-02	-1.8434657030e-02	7.0175165347e-05	3.7345677891e-05
5.8600000000e+02	2.2655161482e-02	-1.8504864097e-02	7.0238951500e-05	3.7347887370e-05
5.8700000000e+02	2.2692510469e-02	-1.8575134898e-02	7.0302632653e-05	3.7350085749e-05
5.8800000000e+02	2.2729861650e-02	-1.8645469327e-02	7.0366209145e-05	3.7352273103e-05
5.8900000000e+02	2.2767215012e-02	-1.8715867281e-02	7.0429681313e-05	3.7354449505e-05
5.9000000000e+02	2.2804570545e-02	-1.8786328655e-02	7.0493049492e-05	3.7356615027e-05
5.9100000000e+02	2.2841928238e-02	-1.8856853346e-02	7.0556314017e-05	3.7358769743e-05
5.9200000000e+02	2.2879288081e-02	-1.8927441249e-02	7.0619475219e-05	3.7360913723e-05
5.9300000000e+02	2.2916650062e-02	-1.8998092262e-02	7.0682533430e-05	3.7363047038e-05
5.9400000000e+02	2.2954014171e-02	-1.9068806282e-02	7.0745488978e-05	3.7365169758e-05
5.9500000000e+02	2.2991380398e-02	-1.9139583206e-02	7.0808342191e-05	3.7367281954e-05
5.9600000000e+02	2.3028748732e-02	-1.9210422932e-02	7.0871093396e-05	3.7369383694e-05
5.9700000000e+02	2.3066119162e-02	-1.9281325359e-02	7.0933742916e-05	3.7371475047e-05
5.9800000000e+02	2.3103491678e-02	-1.9352290384e-02	7.0996291074e-05	3.7373556081e-05
5.9900000000e+02	2.3140866271e-02	-1.9423317907e-02	7.1058738193e-05	3.7375626864e-05
6.0000000000e+02	2.3178242929e-02	-1.9494407827e-02	7.1121084593e-05	3.7377687463e-05
6.0100000000e+02	2.3215621642e-02	-1.9565560043e-02	7.1183330591e-05	3.7379737944e-05
6.0200000000e+02	2.3253002401e-02	-1.9636774455e-02	7.1245476505e-05	3.7381778372e-05
6.0300000000e+02	2.3290385196e-02	-1.9708050963e-02	7.1307522651e-05	3.7383808814e-05
6.0400000000e+02	2.3327770016e-02	-1.9779389467e-02	7.1369469342e-05	3.7385829333e-05
6.0500000000e+02	2.3365156851e-02	-1.9850789868e-02	7.1431316891e-05	3.7387839995e-05
6.0600000000e+02	2.3402545692e-02	-1.9922252068e-02	7.1493065611e-05	3.7389840863e-05
6.0700000000e+02	2.3439936530e-02	-1.9993775967e-02	7.1554715809e-05	3.7391832000e-05
6.0800000000e+02	2.3477329353e-02	-2.0065361467e-02	7.1616267796e-05	3.7393813470e-05
6.0900000000e+02	2.3514724153e-02	-2.0137008470e-02	7.1677721877e-05	3.7395785334e-05
6.1000000000e+02	2.3552120921e-02	-2.0208716878e-02	7.1739078358e-05	3.7397747653e-05
6.1100000000e+02	2.3589519645e-02	-2.0280486594e-02	7.1800337544e-05	3.7399700490e-05
6.1200000000e+02	2.3626920318e-02	-2.0352317521e-02	7.1861499737e-05	3.7401643906e-05
6.1300000000e+02	2.3664322930e-02	-2.0424209561e-02	7.1922565239e-05	3.7403577959e-05
6.1400000000e+02	2.3701727471e-02	-2.0496162619e-02	7.1983534349e-05	3.7405502711e-05
6.1500000000e+02	2.3739133933e-02	-2.0568176598e-02	7.2044407366e-05	3.7407418220e-05
6.1600000000e+02	2.3776542305e-02	-2.0640251402e-02	7.2105184588e-05	3.7409324546e-05
6.1700000000e+02	2.3813952579e-02	-2.0712386935e-02	7.2165866311e-05	3.7411221746e-05
6.1800000000e+02	2.3851364745e-02	-2.0784583103e-02	7.2226452828e-05	3.7413109879e-05
6.1900000000e+02	2.3888778795e-02	-2.0856839809e-02	7.2286944434e-05	3.7414989002e-05
6.2000000000e+02	2.3926194720e-02	-2.0929156960e-02	7.2347341419e-05	3.7416859172e-05
6.2100000000e+02	2.3963612511e-02	-2.1001534461e-02	7.2407644076e-05	3.7418720446e-05
6.2200000000e+02	2.4001032158e-02	-2.1073972217e-02	7.2467852693e-05	3.7420572880e-05
6.2300000000e+02	2.4038453654e-02	-2.1146470135e-02	7.2527967557e-05	3.7422416530e-05
6.2400000000e+02	2.4075876988e-02	-2.1219028121e-02	7.2587988957e-05	3.7424251450e-05
6.2500000000e+02	2.4113302154e-02	-2.1291646082e-02	7.2647917176e-05	3.7426077696e-05
6.2600000000e+02	2.4150729141e-02	-2.1364323924e-02	7.2707752500e-05	3.7427895322e-05
6.2700000000e+02	2.4188157941e-02	-2.1437061556e-02	7.2767495210e-05	3.7429704381e-05
6.2800000000e+02	2.4225588547e-02	-2.1509858884e-02	7.2827145590e-05	3.7431504929e-05
6.2900000000e+02	2.4263020948e-02	-2.1582715816e-02	7.2886703918e-05	3.7433297017e-05
6.3000000000e+02	2.4300455138e-02	-2.1655632261e-02	7.2946170474e-05	3.7435080698e-05
6.3100000000e+02	2.4337891107e-02	-2.1728608127e-02	7.3005545537e-05	3.7436856025e-05
6.3200000000e+02	2.4375328847e-02	-2.1801643322e-02	7.3064829381e-05	3.7438623050e-05
6.3300000000e+02	2.4412768350e-02	-2.1874737755e-02	7.3124022283e-05	3.7440381823e-05
6.3400000000e+02	2.4450209608e-02	-2.1947891336e-02	7.3183124518e-05	3.7442132397e-05
6.3500000000e+02	2.4487652612e-02	-2.2021103974e-02	7.3242136356e-05	3.7443874822e-05
6.3600000000e+02	2.4525097355e-02	-2.2094375579e-02	7.3301058072e-05	3.7445609148e-05
6.3700000000e+02	2.4562543828e-02	-2.2167706060e-02	7.3359889934e-05	3.7447335425e-05
6.3800000000e+02	2.4599992023e-02	-2.2241095329e-02	7.3418632213e-05	3.7449053703e-05
6.3900000000e+02	2.4637441933e-02	-2.2314543295e-02	7.3477285176e-05	3.7450764031e-05
6.4000000000e+02	2.4674893549e-02	-2.2388049869e-02	7.3535849091e-05	3.7452466457e-05
6.4100000000e+02	2.4712346863e-02	-2.2461614963e-02	7.3594324222e-05	3.7454161031e-05
6.4200000000e+02	2.4749801868e-02	-2.2535238488e-02	7.3652710836e-05	3.7455847800e-05
6.4300000000e+02	2.4787258556e-02	-2.2608920356e-02	7.3711009194e-05	3.7457526811e-05
6.4400000000e+02	2.4824716919e-02	-2.2682660477e-02	7.3769219560e-05	3.7459198113e-05
6.4500000000e+02	2.4862176950e-02	-2.2756458766e-02	7.3827342194e-05	3.7460861752e-05
6.4600000000e+02	2.4899638640e-02	-2.2830315133e-02	7.3885377357e-05	3.7462517774e-05
6.4700000000e+02	2.4937101983e-02	-2.2904229491e-02	7.3943325307e-05	3.7464166227e-05
6.4800000000e+02	2.4974566970e-02	-2.2978201754e-02	7.4001186303e-05	3.7465807155e-05
6.4900000000e+02	2.5012033595e-02	-2.3052231835e-02	7.4058960600e-05	3.7467440606e-05
6.5000000000e+02	2.5049501849e-02	-2.3126319647e-02	7.4116648454e-05	3.7469066622e-05
6.5100000000e+02	2.5086971725e-02	-2.3200465103e-02	7.4174250120e-05	3.7470685251e-05
6.5200000000e+02	2.5124443217e-02	-2.3274668118e-02	7.4231765851e-05	3.7472296535e-05
6.5300000000e+02	2.5161916316e-02	-2.3348928606e-02	7.4289195899e-05	3.7473900520e-05
6.5400000000e+02	2.5199391016e-02	-2.3423246481e-02	7.4346540515e-05	3.7475497249e-05
6.5500000000e+02	2.5236867308e-02	-2.3497621659e-02	7.4403799950e-05	3.7477086766e-05
6.5600000000e+02	2.5274345187e-02	-2.3572054053e-02	7.4460974451e-05	3.7478669114e-05
6.5700000000e+02	2.5311824644e-02	-2.3646543579e-02	7.4518064267e-05	3.7480244336e-05
6.5800000000e+02	2.5349305673e-02	-2.3721090153e-02	7.4575069645e-05	3.7481812474e-05
6.5900000000e+02	2.5386788267e-02	-2.3795693691e-02	7.4631990830e-05	3.7483373571e-05
6.6000000000e+02	2.5424272418e-02	-2.3870354107e-02	7.4688828068e-05	3.7484927669e-05
6.6100000000e+02	2.5461758120e-02	-2.3945071319e-02	7.4745581601e-05	3.7486474809e-05
6.6200000000e+02	2.5499245365e-02	-2.4019845243e-02	7.4802251673e-05	3.7488015033e-05
6.6300000000e+02	2.5536734147e-02	-2.4094675795e-02	7.4858838525e-05	3.7489548381e-05
6.6400000000e+02	2.5574224460e-02	-2.4169562892e-02	7.4915342397e-05	3.7491074895e-05
6.6500000000e+02	2.5611716295e-02	-2.4244506452e-02	7.4971763529e-05	3.7492594615e-05
6.6600000000e+02	2.5649209647e-02	-2.4319506391e-02	7.5028102159e-05	3.7494107581e-05
6.6700000000e+02	2.5686704508e-02	-2.4394562629e-02	7.5084358525e-05	3.7495613832e-05
6.6800000000e+02	2.5724200872e-02	-2.4469675081e-02	7.5140532864e-05	3.7497113409e-05
6.6900000000e+02	2.5761698732e-02	-2.4544843667e-02	7.5196625410e-05	3.7498606351e-05
6.7000000000e+02	2.5799198082e-02	-2.4620068305e-02	7.5252636399e-05	3.7500092696e-05
6.7100000000e+02	2.5836698916e-02	-2.4695348913e-02	7.5308566063e-05	3.7501572484e-05
6.7200000000e+02	2.5874201225e-02	-2.4770685410e-02	7.5364414636e-05	3.7503045752e-05
6.7300000000e+02	2.5911705005e-02	-2.4846077715e-02	7.5420182348e-05	3.7504512539e-05
6.7400000000e+02	2.5949210248e-02	-2.4921525748e-02	7.5475869430e-05	3.7505972883e-05
6.7500000000e+02	2.5986716949e-02	-2.4997029427e-02	7.5531476112e-05	3.7507426820e-05
6.7600000000e+02	2.6024225100e-02	-2.5072588673e-02	7.5587002623e-05	3.7508874390e-05
6.7700000000e+02	2.6061734695e-02	-2.5148203406e-02	7.5642449189e-05	3.7510315627e-05
6.7800000000e+02	2.6099245729e-02	-2.5223873545e-02	7.5697816038e-05	3.7511750571e-05
6.7900000000e+02	2.6136758194e-02	-2.5299599011e-02	7.5753103396e-05	3.7513179255e-05
6.8000000000e+02	2.6174272085e-02	-2.5375379725e-02	7.5808311486e-05	3.7514601718e-05
6.8100000000e+02	2.6211787396e-02	-2.5451215608e-02	7.5863440534e-05	3.7516017995e-05
6.8200000000e+02	2.6249304119e-02	-2.5527106580e-02	7.5918490762e-05	3.7517428121e-05
6.8300000000e+02	2.6286822250e-02	-2.5603052563e-02	7.5973462391e-05	3.7518832133e-05
6.8400000000e+02	2.6324341782e-02	-2.5679053479e-02	7.6028355644e-05	3.7520230065e-05
6.8500000000e+02	2.6361862708e-02	-2.5755109249e-02	7.6083170740e-05	3.7521621952e-05
6.8600000000e+02	2.6399385023e-02	-2.5831219794e-02	7.6137907898e-05	3.7523007829e-05
6.8700000000e+02	2.6436908722e-02	-2.5907385038e-02	7.6192567336e-05	3.7524387730e-05
6.8800000000e+02	2.6474433797e-02	-2.5983604903e-02	7.6247149273e-05	3.7525761690e-05
6.8900000000e+02	2.6511960243e-02	-2.6059879311e-02	7.6301653925e-05	3.7527129743e-05
6.9000000000e+02	2.6549488054e-02	-2.6136208185e-02	7.6356081507e-05	3.7528491921e-05
6.9100000000e+02	2.6587017225e-02	-2.6212591449e-02	7.6410432234e-05	3.7529848260e-05
6.9200000000e+02	2.6624547749e-02	-2.6289029024e-02	7.6464706320e-05	3.7531198791e-05
6.9300000000e+02	2.6662079621e-02	-2.6365520836e-02	7.6518903978e-05	3.7532543549e-05
6.9400000000e+02	2.6699612834e-02	-2.6442066807e-02	7.6573025419e-05	3.7533882565e-05
6.9500000000e+02	2.6737147384e-02	-2.6518666861e-02	7.6627070856e-05	3.7535215873e-05
6.9600000000e+02	2.6774683264e-02	-2.6595320923e-02	7.6681040499e-05	3.7536543504e-05
6.9700000000e+02	2.6812220469e-02	-2.6672028917e-02	7.6734934557e-05	3.7537865491e-05
6.9800000000e+02	2.6849758993e-02	-2.6748790767e-02	7.6788753238e-05	3.7539181865e-05
6.9900000000e+02	2.6887298831e-02	-2.6825606399e-02	7.6842496752e-05	3.7540492658e-05
7.0000000000e+02	2.6924839977e-02	-2.6902475736e-02	7.6896165303e-05	3.7541797903e-05
7.0100000000e+02	2.6962382425e-02	-2.6979398704e-02	7.6949759100e-05	3.7543097628e-05
7.0200000000e+02	2.6999926170e-02	-2.7056375229e-02	7.7003278346e-05	3.7544391867e-05
7.0300000000e+02	2.7037471207e-02	-2.7133405236e-02	7.7056723247e-05	3.7545680649e-05
7.0400000000e+02	2.7075017530e-02	-2.7210488651e-02	7.7110094006e-05	3.7546964005e-05
7.0500000000e+02	2.7112565133e-02	-2.7287625399e-02	7.7163390826e-05	3.7548241966e-05
7.0600000000e+02	2.7150114012e-02	-2.7364815408e-02	7.7216613909e-05	3.7549514561e-05
7.0700000000e+02	2.7187664160e-02	-2.7442058603e-02	7.7269763456e-05	3.7550781820e-05
7.0800000000e+02	2.7225215574e-02	-2.7519354910e-02	7.7322839667e-05	3.7552043774e-05
7.0900000000e+02	2.7262768246e-02	-2.7596704258e-02	7.7375842742e-05	3.7553300451e-05
7.1000000000e+02	2.7300322173e-02	-2.7674106572e-02	7.7428772879e-05	3.7554551881e-05
7.1100000000e+02	2.7337877348e-02	-2.7751561779e-02	7.7481630278e-05	3.7555798093e-05
7.1200000000e+02	2.7375433767e-02	-2.7829069808e-02	7.7534415134e-05	3.7557039115e-05
7.1300000000e+02	2.7412991425e-02	-2.7906630585e-02	7.7587127644e-05	3.7558274978e-05
7.1400000000e+02	2.7450550315e-02	-2.7984244039e-02	7.7639768004e-05	3.7559505708e-05
7.1500000000e+02	2.7488110434e-02	-2.8061910097e-02	7.7692336408e-05	3.7560731335e-05
7.1600000000e+02	2.7525671776e-02	-2.8139628688e-02	7.7744833051e-05	3.7561951886e-05
7.1700000000e+02	2.7563234336e-02	-2.8217399740e-02	7.7797258126e-05	3.7563167389e-05
7.1800000000e+02	2.7600798109e-02	-2.8295223181e-02	7.7849611825e-05	3.7564377873e-05
7.1900000000e+02	2.7638363091e-02	-2.8373098940e-02	7.7901894339e-05	3.7565583364e-05
7.2000000000e+02	2.7675929275e-02	-2.8451026946e-02	7.7954105861e-05	3.7566783890e-05
7.2100000000e+02	2.7713496657e-02	-2.8529007128e-02	7.8006246580e-05	3.7567979478e-05
7.2200000000e+02	2.7751065232e-02	-2.8607039415e-02	7.8058316686e-05	3.7569170155e-05
7.2300000000e+02	2.7788634995e-02	-2.8685123738e-02	7.8110316366e-05	3.7570355948e-05
7.2400000000e+02	2.7826205942e-02	-2.8763260025e-02	7.8162245810e-05	3.7571536884e-05
7.2500000000e+02	2.7863778067e-02	-2.8841448206e-02	7.8214105205e-05	3.7572712988e-05
7.2600000000e+02	2.7901351367e-02	-2.8919688212e-02	7.8265894736e-05	3.7573884287e-05
7.2700000000e+02	2.7938925834e-02	-2.8997979972e-02	7.8317614590e-05	3.7575050808e-05
7.2800000000e+02	2.7976501467e-02	-2.9076323418e-02	7.8369264951e-05	3.7576212575e-05
7.2900000000e+02	2.8014078258e-02	-2.9154718479e-02	7.8420846004e-05	3.7577369616e-05
7.3000000000e+02	2.8051656204e-02	-2.9233165087e-02	7.8472357933e-05	3.7578521955e-05
7.3100000000e+02	2.8089235300e-02	-2.9311663172e-02	7.8523800920e-05	3.7579669617e-05
7.3200000000e+02	2.8126815542e-02	-2.9390212666e-02	7.8575175147e-05	3.7580812628e-05
7.3300000000e+02	2.8164396924e-02	-2.9468813499e-02	7.8626480796e-05	3.7581951014e-05
7.3400000000e+02	2.8201979442e-02	-2.9547465604e-02	7.8677718047e-05	3.7583084798e-05
7.3500000000e+02	2.8239563092e-02	-2.9626168913e-02	7.8728887081e-05	3.7584214005e-05
7.3600000000e+02	2.8277147869e-02	-2.9704923356e-02	7.8779988077e-05	3.7585338661e-05
7.3700000000e+02	2.8314733768e-02	-2.9783728866e-02	7.8831021213e-05	3.7586458789e-05
7.3800000000e+02	2.8352320785e-02	-2.9862585376e-02	7.8881986668e-05	3.7587574414e-05
7.3900000000e+02	2.8389908915e-02	-2.9941492817e-02	7.8932884617e-05	3.7588685559e-05
7.4000000000e+02	2.8427498155e-02	-3.0020451123e-02	7.8983715239e-05	3.7589792248e-05
7.4100000000e+02	2.8465088498e-02	-3.0099460225e-02	7.9034478709e-05	3.7590894507e-05
7.4200000000e+02	2.8502679942e-02	-3.0178520058e-02	7.9085175202e-05	3.7591992356e-05
7.4300000000e+02	2.8540272482e-02	-3.0257630553e-02	7.9135804892e-05	3.7593085821e-05
7.4400000000e+02	2.8577866112e-02	-3.0336791645e-02	7.9186367954e-05	3.7594174925e-05
7.4500000000e+02	2.8615460830e-02	-3.0416003267e-02	7.9236864560e-05	3.7595259690e-05
7.4600000000e+02	2.8653056630e-02	-3.0495265352e-02	7.9287294883e-05	3.7596340140e-05
7.4700000000e+02	2.8690653509e-02	-3.0574577835e-02	7.9337659094e-05	3.7597416297e-05
7.4800000000e+02	2.8728251461e-02	-3.0653940648e-02	7.9387957366e-05	3.7598488184e-05
7.4900000000e+02	2.8765850484e-02	-3.0733353727e-02	7.9438189868e-05	3.7599555824e-05
7.5000000000e+02	2.8803450572e-02	-3.0812817006e-02	7.9488356771e-05	3.7600619238e-05
7.5100000000e+02	2.8841051721e-02	-3.0892330419e-02	7.9538458242e-05	3.7601678450e-05
7.5200000000e+02	2.8878653927e-02	-3.0971893901e-02	7.9588494452e-05	3.7602733481e-05
7.5300000000e+02	2.8916257186e-02	-3.1051507386e-02	7.9638465568e-05	3.7603784352e-05
7.5400000000e+02	2.8953861495e-02	-3.1131170810e-02	7.9688371757e-05	3.7604831087e-05
7.5500000000e+02	2.8991466847e-02	-3.1210884108e-02	7.9738213186e-05	3.7605873706e-05
7.5600000000e+02	2.9029073241e-02	-3.1290647215e-02	7.9787990021e-05	3.7606912231e-05
7.5700000000e+02	2.9066680670e-02	-3.1370460067e-02	7.9837702427e-05	3.7607946683e-05
7.5800000000e+02	2.9104289133e-02	-3.1450322599e-02	7.9887350569e-05	3.7608977084e-05
7.5900000000e+02	2.9141898623e-02	-3.1530234747e-02	7.9936934611e-05	3.7610003455e-05
7.6000000000e+02	2.9179509138e-02	-3.1610196447e-02	7.9986454717e-05	3.7611025816e-05
7.6100000000e+02	2.9217120673e-02	-3.1690207635e-02	8.0035911049e-05	3.7612044188e-05
7.6200000000e+02	2.9254733225e-02	-3.1770268248e-02	8.0085303770e-05	3.7613058593e-05
7.6300000000e+02	2.9292346789e-02	-3.1850378221e-02	8.0134633041e-05	3.7614069050e-05
7.6400000000e+02	2.9329961362e-02	-3.1930537493e-02	8.0183899024e-05	3.7615075580e-05
7.6500000000e+02	2.9367576939e-02	-3.2010745998e-02	8.0233101879e-05	3.7616078203e-05
7.6600000000e+02	2.9405193517e-02	-3.2091003675e-02	8.0282241766e-05	3.7617076939e-05
7.6700000000e+02	2.9442811092e-02	-3.2171310461e-02	8.0331318843e-05	3.7618071809e-05
7.6800000000e+02	2.9480429659e-02	-3.2251666292e-02	8.0380333270e-05	3.7619062832e-05
7.6900000000e+02	2.9518049216e-02	-3.2332071107e-02	8.0429285205e-05	3.7620050029e-05
7.7000000000e+02	2.9555669758e-02	-3.2412524842e-02	8.0478174805e-05	3.7621033418e-05
7.7100000000e+02	2.9593291282e-02	-3.2493027435e-02	8.0527002227e-05	3.7622013019e-05
7.7200000000e+02	2.9630913783e-02	-3.2573578826e-02	8.0575767628e-05	3.7622988851e-05
7.7300000000e+02	2.9668537258e-02	-3.2654178950e-02	8.0624471162e-05	3.7623960935e-05
7.7400000000e+02	2.9706161704e-02	-3.2734827747e-02	8.0673112986e-05	3.7624929288e-05
7.7500000000e+02	2.9743787116e-02	-3.2815525156e-02	8.0721693253e-05	3.7625893931e-05
7.7600000000e+02	2.9781413490e-02	-3.2896271113e-02	8.0770212118e-05	3.7626854881e-05
7.7700000000e+02	2.9819040824e-02	-3.2977065559e-02	8.0818669734e-05	3.7627812158e-05
7.7800000000e+02	2.9856669113e-02	-3.3057908432e-02	8.0867066254e-05	3.7628765780e-05
7.7900000000e+02	2.9894298354e-02	-3.3138799672e-02	8.0915401831e-05	3.7629715766e-05
7.8000000000e+02	2.9931928544e-02	-3.3219739216e-02	8.0963676615e-05	3.7630662134e-05
7.8100000000e+02	2.9969559678e-02	-3.3300727005e-02	8.1011890758e-05	3.7631604903e-05
7.8200000000e+02	3.0007191752e-02	-3.3381762977e-02	8.1060044411e-05	3.7632544091e-05
7.8300000000e+02	3.0044824764e-02	-3.3462847073e-02	8.1108137724e-05	3.7633479715e-05
7.8400000000e+02	3.0082458711e-02	-3.3543979233e-02	8.1156170846e-05	3.7634411794e-05
7.8500000000e+02	3.0120093587e-02	-3.3625159395e-02	8.1204143926e-05	3.7635340346e-05
7.8600000000e+02	3.0157729390e-02	-3.3706387500e-02	8.1252057113e-05	3.7636265388e-05
7.8700000000e+02	3.0195366117e-02	-3.3787663489e-02	8.1299910554e-05	3.7637186938e-05
7.8800000000e+02	3.0233003763e-02	-3.3868987302e-02	8.1347704397e-05	3.7638105014e-05
7.8900000000e+02	3.0270642325e-02	-3.3950358878e-02	8.1395438788e-05	3.7639019632e-05
7.9000000000e+02	3.0308281801e-02	-3.4031778160e-02	8.1443113874e-05	3.7639930811e-05
7.9100000000e+02	3.0345922186e-02	-3.4113245086e-02	8.1490729800e-05	3.7640838567e-05
7.9200000000e+02	3.0383563477e-02	-3.4194759599e-02	8.1538286713e-05	3.7641742917e-05
7.9300000000e+02	3.0421205671e-02	-3.4276321640e-02	8.1585784755e-05	3.7642643879e-05
7.9400000000e+02	3.0458848764e-02	-3.4357931149e-02	8.1633224072e-05	3.7643541469e-05
7.9500000000e+02	3.0496492752e-02	-3.4439588069e-02	8.1680604806e-05	3.7644435705e-05
7.9600000000e+02	3.0534137634e-02	-3.4521292340e-02	8.1727927102e-05	3.7645326602e-05
7.9700000000e+02	3.0571783404e-02	-3.4603043903e-02	8.1775191102e-05	3.7646214177e-05
7.9800000000e+02	3.0609430061e-02	-3.4684842702e-02	8.1822396947e-05	3.7647098447e-05
7.9900000000e+02	3.0647077600e-02	-3.4766688678e-02	8.1869544779e-05	3.7647979428e-05
8.0000000000e+02	3.0684726019e-02	-3.4848581773e-02	8.1916634739e-05	3.7648857137e-05
8.0100000000e+02	3.0722375313e-02	-3.4930521928e-02	8.1963666968e-05	3.7649731589e-05
8.0200000000e+02	3.0760025481e-02	-3.5012509087e-02	8.2010641606e-05	3.7650602800e-05
8.0300000000e+02	3.0797676518e-02	-3.5094543192e-02	8.2057558792e-05	3.7651470787e-05
8.0400000000e+02	3.0835328421e-02	-3.5176624186e-02	8.2104418666e-05	3.7652335566e-05
8.0500000000e+02	3.0872981188e-02	-3.5258752011e-02	8.2151221365e-05	3.7653197151e-05
8.0600000000e+02	3.0910634815e-02	-3.5340926610e-02	8.2197967028e-05	3.7654055560e-05
8.0700000000e+02	3.0948289298e-02	-3.5423147926e-02	8.2244655792e-05	3.7654910807e-05
8.0800000000e+02	3.0985944635e-02	-3.5505415902e-02	8.2291287794e-05	3.7655762907e-05
8.0900000000e+02	3.1023600823e-02	-3.5587730482e-02	8.2337863171e-05	3.7656611877e-05
8.1000000000e+02	3.1061257858e-02	-3.5670091610e-02	8.2384382059e-05	3.7657457731e-05
8.1100000000e+02	3.1098915737e-02	-3.5752499228e-02	8.2430844593e-05	3.7658300485e-05
8.1200000000e+02	3.1136574458e-02	-3.5834953280e-02	8.2477250909e-05	3.7659140154e-05
8.1300000000e+02	3.1174234017e-02	-3.5917453711e-02	8.2523601141e-05	3.7659976753e-05
8.1400000000e+02	3.1211894410e-02	-3.6000000464e-02	8.2569895423e-05	3.7660810296e-05
8.1500000000e+02	3.1249555636e-02	-3.6082593483e-02	8.2616133889e-05	3.7661640799e-05
8.1600000000e+02	3.1287217691e-02	-3.6165232713e-02	8.2662316672e-05	3.7662468276e-05
8.1700000000e+02	3.1324880572e-02	-3.6247918098e-02	8.2708443904e-05	3.7663292742e-05
8.1800000000e+02	3.1362544275e-02	-3.6330649582e-02	8.2754515719e-05	3.7664114212e-05
8.1900000000e+02	3.1400208799e-02	-3.6413427111e-02	8.2800532247e-05	3.7664932700e-05
8.2000000000e+02	3.1437874140e-02	-3.6496250628e-02	8.2846493620e-05	3.7665748219e-05
8.2100000000e+02	3.1475540295e-02	-3.6579120080e-02	8.2892399969e-05	3.7666560786e-05
8.2200000000e+02	3.1513207260e-02	-3.6662035410e-02	8.2938251424e-05	3.7667370414e-05
8.2300000000e+02	3.1550875034e-02	-3.6744996564e-02	8.2984048115e-05	3.7668177116e-05
8.2400000000e+02	3.1588543614e-02	-3.6828003488e-02	8.3029790172e-05	3.7668980908e-05
8.2500000000e+02	3.1626212995e-02	-3.6911056127e-02	8.3075477724e-05	3.7669781802e-05
8.2600000000e+02	3.1663883176e-02	-3.6994154425e-02	8.3121110898e-05	3.7670579813e-05
8.2700000000e+02	3.1701554154e-02	-3.7077298330e-02	8.3166689824e-05	3.7671374955e-05
8.2800000000e+02	3.1739225925e-02	-3.7160487787e-02	8.3212214628e-05	3.7672167242e-05
8.2900000000e+02	3.1776898488e-02	-3.7243722742e-02	8.3257685439e-05	3.7672956686e-05
8.3000000000e+02	3.1814571838e-02	-3.7327003140e-02	8.3303102383e-05	3.7673743302e-05
8.3100000000e+02	3.1852245973e-02	-3.7410328928e-02	8.3348465586e-05	3.7674527103e-05
8.3200000000e+02	3.1889920891e-02	-3.7493700053e-02	8.3393775173e-05	3.7675308103e-05
8.3300000000e+02	3.1927596588e-02	-3.7577116461e-02	8.3439031272e-05	3.7676086314e-05
8.3400000000e+02	3.1965273063e-02	-3.7660578098e-02	8.3484234006e-05	3.7676861750e-05
8.3500000000e+02	3.2002950311e-02	-3.7744084911e-02	8.3529383500e-05	3.7677634424e-05
8.3600000000e+02	3.2040628331e-02	-3.7827636847e-02	8.3574479878e-05	3.7678404350e-05
8.3700000000e+02	3.2078307119e-02	-3.7911233853e-02	8.3619523264e-05	3.7679171539e-05
8.3800000000e+02	3.2115986673e-02	-3.7994875876e-02	8.3664513782e-05	3.7679936006e-05
8.3900000000e+02	3.2153666990e-02	-3.8078562863e-02	8.3709451553e-05	3.7680697762e-05
8.4000000000e+02	3.2191348067e-02	-3.8162294762e-02	8.3754336701e-05	3.7681456822e-05
8.4100000000e+02	3.2229029903e-02	-3.8246071519e-02	8.3799169348e-05	3.7682213196e-05
8.4200000000e+02	3.2266712493e-02	-3.8329893083e-02	8.3843949615e-05	3.7682966899e-05
8.4300000000e+02	3.2304395836e-02	-3.8413759401e-02	8.3888677623e-05	3.7683717942e-05
8.4400000000e+02	3.2342079928e-02	-3.8497670421e-02	8.3933353494e-05	3.7684466339e-05
8.4500000000e+02	3.2379764767e-02	-3.8581626091e-02	8.3977977347e-05	3.7685212100e-05
8.4600000000e+02	3.2417450351e-02	-3.8665626358e-02	8.4022549302e-05	3.7685955240e-05
8.4700000000e+02	3.2455136677e-02	-3.8749671172e-02	8.4067069479e-05	3.7686695769e-05
8.4800000000e+02	3.2492823742e-02	-3.8833760480e-02	8.4111537998e-05	3.7687433701e-05
8.4900000000e+02	3.2530511544e-02	-3.8917894231e-02	8.4155954976e-05	3.7688169047e-05
8.5000000000e+02	3.2568200079e-02	-3.9002072373e-02	8.4200320532e-05	3.7688901819e-05
8.5100000000e+02	3.2605889346e-02	-3.9086294855e-02	8.4244634784e-05	3.7689632030e-05
8.5200000000e+02	3.2643579342e-02	-3.9170561625e-02	8.4288897849e-05	3.7690359691e-05
8.5300000000e+02	3.2681270065e-02	-3.9254872633e-02	8.4333109846e-05	3.7691084814e-05
8.5400000000e+02	3.2718961511e-02	-3.9339227828e-02	8.4377270889e-05	3.7691807411e-05
8.5500000000e+02	3.2756653679e-02	-3.9423627158e-02	8.4421381096e-05	3.7692527493e-05
8.5600000000e+02	3.2794346565e-02	-3.9508070573e-02	8.4465440583e-05	3.7693245073e-05
8.5700000000e+02	3.2832040168e-02	-3.9592558023e-02	8.4509449464e-05	3.7693960161e-05
8.5800000000e+02	3.2869734485e-02	-3.9677089455e-02	8.4553407856e-05	3.7694672770e-05
8.5900000000e+02	3.2907429513e-02	-3.9761664821e-02	8.4597315872e-05	3.7695382910e-05
8.6000000000e+02	3.2945125250e-02	-3.9846284070e-02	8.4641173628e-05	3.7696090593e-05
8.6100000000e+02	3.2982821693e-02	-3.9930947152e-02	8.4684981237e-05	3.7696795830e-05
8.6200000000e+02	3.3020518841e-02	-4.0015654016e-02	8.4728738813e-05	3.7697498633e-05
8.6300000000e+02	3.3058216690e-02	-4.0100404613e-02	8.4772446469e-05	3.7698199013e-05
8.6400000000e+02	3.3095915238e-02	-4.0185198893e-02	8.4816104318e-05	3.7698896981e-05
8.6500000000e+02	3.3133614483e-02	-4.0270036805e-02	8.4859712472e-05	3.7699592547e-05
8.6600000000e+02	3.3171314422e-02	-4.0354918301e-02	8.4903271043e-05	3.7700285723e-05
8.6700000000e+02	3.3209015054e-02	-4.0439843331e-02	8.4946780143e-05	3.7700976520e-05
8.6800000000e+02	3.3246716374e-02	-4.0524811845e-02	8.4990239884e-05	3.7701664949e-05
8.6900000000e+02	3.3284418383e-02	-4.0609823794e-02	8.5033650376e-05	3.7702351020e-05
8.7000000000e+02	3.3322121076e-02	-4.0694879129e-02	8.5077011730e-05	3.7703034744e-05
8.7100000000e+02	3.3359824451e-02	-4.0779977801e-02	8.5120324056e-05	3.7703716132e-05
8.7200000000e+02	3.3397528507e-02	-4.0865119761e-02	8.5163587464e-05	3.7704395195e-05
8.7300000000e+02	3.3435233241e-02	-4.0950304960e-02	8.5206802063e-05	3.7705071942e-05
8.7400000000e+02	3.3472938650e-02	-4.1035533349e-02	8.5249967962e-05	3.7705746385e-05
8.7500000000e+02	3.3510644733e-02	-4.1120804880e-02	8.5293085271e-05	3.7706418534e-05
8.7600000000e+02	3.3548351487e-02	-4.1206119503e-02	8.5336154098e-05	3.7707088399e-05
8.7700000000e+02	3.3586058909e-02	-4.1291477172e-02	8.5379174550e-05	3.7707755991e-05
8.7800000000e+02	3.3623766998e-02	-4.1376877836e-02	8.5422146736e-05	3.7708421319e-05
8.7900000000e+02	3.3661475751e-02	-4.1462321449e-02	8.5465070762e-05	3.7709084395e-05
8.8000000000e+02	3.3699185166e-02	-4.1547807962e-02	8.5507946736e-05	3.7709745228e-05
8.8100000000e+02	3.3736895241e-02	-4.1633337327e-02	8.5550774764e-05	3.7710403828e-05
8.8200000000e+02	3.3774605973e-02	-4.1718909495e-02	8.5593554953e-05	3.7711060205e-05
8.8300000000e+02	3.3812317360e-02	-4.1804524421e-02	8.5636287407e-05	3.7711714370e-05
8.8400000000e+02	3.3850029401e-02	-4.1890182054e-02	8.5678972234e-05	3.7712366332e-05
8.8500000000e+02	3.3887742092e-02	-4.1975882349e-02	8.5721609538e-05	3.7713016101e-05
8.8600000000e+02	3.3925455432e-02	-4.2061625258e-02	8.5764199424e-05	3.7713663686e-05
8.8700000000e+02	3.3963169419e-02	-4.2147410732e-02	8.5806741997e-05	3.7714309099e-05
8.8800000000e+02	3.4000884050e-02	-4.2233238726e-02	8.5849237360e-05	3.7714952347e-05
8.8900000000e+02	3.4038599323e-02	-4.2319109191e-02	8.5891685618e-05	3.7715593442e-05
8.9000000000e+02	3.4076315236e-02	-4.2405022081e-02	8.5934086873e-05	3.7716232392e-05
8.9100000000e+02	3.4114031787e-02	-4.2490977349e-02	8.5976441230e-05	3.7716869207e-05
8.9200000000e+02	3.4151748974e-02	-4.2576974948e-02	8.6018748791e-05	3.7717503897e-05
8.9300000000e+02	3.4189466794e-02	-4.2663014831e-02	8.6061009659e-05	3.7718136471e-05
8.9400000000e+02	3.4227185246e-02	-4.2749096952e-02	8.6103223935e-05	3.7718766938e-05
8.9500000000e+02	3.4264904327e-02	-4.2835221264e-02	8.6145391722e-05	3.7719395308e-05
8.9600000000e+02	3.4302624036e-02	-4.2921387720e-02	8.6187513120e-05	3.7720021590e-05
8.9700000000e+02	3.4340344370e-02	-4.3007596275e-02	8.6229588232e-05	3.7720645793e-05
8.9800000000e+02	3.4378065327e-02	-4.3093846881e-02	8.6271617158e-05	3.7721267927e-05
8.9900000000e+02	3.4415786905e-02	-4.3180139493e-02	8.6313599998e-05	3.7721888000e-05
9.0000000000e+02	3.4453509102e-02	-4.3266474066e-02	8.6355536853e-05	3.7722506021e-05
9.0100000000e+02	3.4491231916e-02	-4.3352850552e-02	8.6397427823e-05	3.7723122000e-05
9.0200000000e+02	3.4528955345e-02	-4.3439268906e-02	8.6439273006e-05	3.7723735946e-05
9.0300000000e+02	3.4566679387e-02	-4.3525729083e-02	8.6481072503e-05	3.7724347867e-05
9.0400000000e+02	3.4604404040e-02	-4.3612231036e-02	8.6522826412e-05	3.7724957773e-05
9.0500000000e+02	3.4642129302e-02	-4.3698774720e-02	8.6564534832e-05	3.7725565671e-05
9.0600000000e+02	3.4679855171e-02	-4.3785360090e-02	8.6606197860e-05	3.7726171572e-05
9.0700000000e+02	3.4717581645e-02	-4.3871987101e-02	8.6647815596e-05	3.7726775483e-05
9.0800000000e+02	3.4755308721e-02	-4.3958655707e-02	8.6689388137e-05	3.7727377414e-05
9.0900000000e+02	3.4793036399e-02	-4.4045365862e-02	8.6730915579e-05	3.7727977373e-05
9.1000000000e+02	3.4830764676e-02	-4.4132117523e-02	8.6772398020e-05	3.7728575369e-05
9.1100000000e+02	3.4868493549e-02	-4.4218910643e-02	8.6813835557e-05	3.7729171409e-05
9.1200000000e+02	3.4906223018e-02	-4.4305745179e-02	8.6855228286e-05	3.7729765503e-05
9.1300000000e+02	3.4943953079e-02	-4.4392621085e-02	8.6896576303e-05	3.7730357660e-05
9.1400000000e+02	3.4981683732e-02	-4.4479538317e-02	8.6937879704e-05	3.7730947887e-05
9.1500000000e+02	3.5019414975e-02	-4.4566496830e-02	8.6979138584e-05	3.7731536193e-05
9.1600000000e+02	3.5057146804e-02	-4.4653496579e-02	8.7020353038e-05	3.7732122585e-05
9.1700000000e+02	3.5094879219e-02	-4.4740537521e-02	8.7061523162e-05	3.7732707074e-05
9.1800000000e+02	3.5132612218e-02	-4.4827619611e-02	8.7102649050e-05	3.7733289666e-05
9.1900000000e+02	3.5170345798e-02	-4.4914742804e-02	8.7143730797e-05	3.7733870370e-05
9.2000000000e+02	3.5208079958e-02	-4.5001907058e-02	8.7184768495e-05	3.7734449194e-05
9.2100000000e+02	3.5245814696e-02	-4.5089112327e-02	8.7225762239e-05	3.7735026146e-05
9.2200000000e+02	3.5283550009e-02	-4.5176358567e-02	8.7266712122e-05	3.7735601234e-05
9.2300000000e+02	3.5321285897e-02	-4.5263645736e-02	8.7307618238e-05	3.7736174466e-05
9.2400000000e+02	3.5359022358e-02	-4.5350973789e-02	8.7348480679e-05	3.7736745851e-05
9.2500000000e+02	3.5396759388e-02	-4.5438342683e-02	8.7389299537e-05	3.7737315395e-05
9.2600000000e+02	3.5434496988e-02	-4.5525752374e-02	8.7430074905e-05	3.7737883108e-05
9.2700000000e+02	3.5472235154e-02	-4.5613202818e-02	8.7470806874e-05	3.7738448996e-05
9.2800000000e+02	3.5509973885e-02	-4.5700693973e-02	8.7511495537e-05	3.7739013067e-05
9.2900000000e+02	3.5547713180e-02	-4.5788225795e-02	8.7552140985e-05	3.7739575330e-05
9.3000000000e+02	3.5585453035e-02	-4.5875798241e-02	8.7592743308e-05	3.7740135792e-05
9.3100000000e+02	3.5623193451e-02	-4.5963411267e-02	8.7633302597e-05	3.7740694461e-05
9.3200000000e+02	3.5660934424e-02	-4.6051064832e-02	8.7673818943e-05	3.7741251344e-05
9.3300000000e+02	3.5698675953e-02	-4.6138758891e-02	8.7714292437e-05	3.7741806449e-05
9.3400000000e+02	3.5736418036e-02	-4.6226493402e-02	8.7754723167e-05	3.7742359783e-05
9.3500000000e+02	3.5774160672e-02	-4.6314268323e-02	8.7795111224e-05	3.7742911354e-05
9.3600000000e+02	3.5811903858e-02	-4.6402083611e-02	8.7835456697e-05	3.7743461170e-05
9.3700000000e+02	3.5849647593e-02	-4.6489939222e-02	8.7875759675e-05	3.7744009237e-05
9.3800000000e+02	3.5887391876e-02	-4.6577835116e-02	8.7916020247e-05	3.7744555564e-05
9.3900000000e+02	3.5925136704e-02	-4.6665771249e-02	8.7956238501e-05	3.7745100157e-05
9.4000000000e+02	3.5962882076e-02	-4.6753747579e-02	8.7996414526e-05	3.7745643025e-05
9.4100000000e+02	3.6000627989e-02	-4.6841764064e-02	8.8036548409e-05	3.7746184173e-05
9.4200000000e+02	3.6038374444e-02	-4.6929820661e-02	8.8076640239e-05	3.7746723610e-05
9.4300000000e+02	3.6076121436e-02	-4.7017917330e-02	8.8116690102e-05	3.7747261342e-05
9.4400000000e+02	3.6113868966e-02	-4.7106054028e-02	8.8156698086e-05	3.7747797378e-05
9.4500000000e+02	3.6151617030e-02	-4.7194230712e-02	8.8196664278e-05	3.7748331723e-05
9.4600000000e+02	3.6189365629e-02	-4.7282447342e-02	8.8236588764e-05	3.7748864385e-05
9.4700000000e+02	3.6227114759e-02	-4.7370703876e-02	8.8276471631e-05	3.7749395371e-05
9.4800000000e+02	3.6264864419e-02	-4.7459000272e-02	8.8316312965e-05	3.7749924689e-05
9.4900000000e+02	3.6302614607e-02	-4.7547336488e-02	8.8356112851e-05	3.7750452344e-05
9.5000000000e+02	3.6340365323e-02	-4.7635712484e-02	8.8395871375e-05	3.7750978344e-05
9.5100000000e+02	3.6378116563e-02	-4.7724128217e-02	8.8435588623e-05	3.7751502696e-05
9.5200000000e+02	3.6415868328e-02	-4.7812583647e-02	8.8475264680e-05	3.7752025407e-05
9.5300000000e+02	3.6453620614e-02	-4.7901078733e-02	8.8514899629e-05	3.7752546484e-05
9.5400000000e+02	3.6491373420e-02	-4.7989613433e-02	8.8554493557e-05	3.7753065933e-05
9.5500000000e+02	3.6529126745e-02	-4.8078187706e-02	8.8594046546e-05	3.7753583761e-05
9.5600000000e+02	3.6566880587e-02	-4.8166801512e-02	8.8633558681e-05	3.7754099974e-05
9.5700000000e+02	3.6604634944e-02	-4.8255454810e-02	8.8673030047e-05	3.7754614581e-05
9.5800000000e+02	3.6642389816e-02	-4.8344147559e-02	8.8712460725e-05	3.7755127586e-05
9.5900000000e+02	3.6680145199e-02	-4.8432879718e-02	8.8751850800e-05	3.7755638998e-05
9.6000000000e+02	3.6717901093e-02	-4.8521651247e-02	8.8791200354e-05	3.7756148822e-05
9.6100000000e+02	3.6755657496e-02	-4.8610462105e-02	8.8830509471e-05	3.7756657064e-05
9.6200000000e+02	3.6793414407e-02	-4.8699312252e-02	8.8869778232e-05	3.7757163733e-05
9.6300000000e+02	3.6831171823e-02	-4.8788201648e-02	8.8909006720e-05	3.7757668833e-05
9.6400000000e+02	3.6868929744e-02	-4.8877130252e-02	8.8948195017e-05	3.7758172372e-05
9.6500000000e+02	3.6906688167e-02	-4.8966098025e-02	8.8987343204e-05	3.7758674355e-05
9.6600000000e+02	3.6944447092e-02	-4.9055104926e-02	8.9026451364e-05	3.7759174790e-05
9.6700000000e+02	3.6982206516e-02	-4.9144150914e-02	8.9065519577e-05	3.7759673682e-05
9.6800000000e+02	3.7019966439e-02	-4.9233235951e-02	8.9104547924e-05	3.7760171039e-05
9.6900000000e+02	3.7057726858e-02	-4.9322359997e-02	8.9143536486e-05	3.7760666865e-05
9.7000000000e+02	3.7095487772e-02	-4.9411523011e-02	8.9182485344e-05	3.7761161168e-05
9.7100000000e+02	3.7133249180e-02	-4.9500724954e-02	8.9221394577e-05	3.7761653954e-05
9.7200000000e+02	3.7171011080e-02	-4.9589965787e-02	8.9260264266e-05	3.7762145228e-05
9.7300000000e+02	3.7208773470e-02	-4.9679245470e-02	8.9299094491e-05	3.7762634998e-05
9.7400000000e+02	3.7246536349e-02	-4.9768563963e-02	8.9337885331e-05	3.7763123269e-05
9.7500000000e+02	3.7284299716e-02	-4.9857921227e-02	8.9376636865e-05	3.7763610047e-05
9.7600000000e+02	3.7322063569e-02	-4.9947317224e-02	8.9415349172e-05	3.7764095338e-05
9.7700000000e+02	3.7359827906e-02	-5.0036751913e-02	8.9454022332e-05	3.7764579149e-05
9.7800000000e+02	3.7397592727e-02	-5.0126225255e-02	8.9492656423e-05	3.7765061485e-05
9.7900000000e+02	3.7435358029e-02	-5.0215737212e-02	8.9531251523e-05	3.7765542353e-05
9.8000000000e+02	3.7473123811e-02	-5.0305287745e-02	8.9569807710e-05	3.7766021758e-05
9.8100000000e+02	3.7510890072e-02	-5.0394876815e-02	8.9608325063e-05	3.7766499706e-05
9.8200000000e+02	3.7548656810e-02	-5.0484504383e-02	8.9646803658e-05	3.7766976203e-05
9.8300000000e+02	3.7586424023e-02	-5.0574170409e-02	8.9685243574e-05	3.7767451255e-05
9.8400000000e+02	3.7624191712e-02	-5.0663874857e-02	8.9723644887e-05	3.7767924868e-05
9.8500000000e+02	3.7661959873e-02	-5.0753617686e-02	8.9762007674e-05	3.7768397048e-05
9.8600000000e+02	3.7699728505e-02	-5.0843398859e-02	8.9800332013e-05	3.7768867800e-05
9.8700000000e+02	3.7737497608e-02	-5.0933218338e-02	8.9838617979e-05	3.7769337130e-05
9.8800000000e+02	3.7775267179e-02	-5.1023076083e-02	8.9876865649e-05	3.7769805044e-05
9.8900000000e+02	3.7813037217e-02	-5.1112972056e-02	8.9915075100e-05	3.7770271547e-05
9.9000000000e+02	3.7850807722e-02	-5.1202906220e-02	8.9953246406e-05	3.7770736646e-05
9.9100000000e+02	3.7888578690e-02	-5.1292878536e-02	8.9991379643e-05	3.7771200346e-05
9.9200000000e+02	3.7926350122e-02	-5.1382888967e-02	9.0029474888e-05	3.7771662652e-05
9.9300000000e+02	3.7964122015e-02	-5.1472937473e-02	9.0067532214e-05	3.7772123569e-05
9.9400000000e+02	3.8001894369e-02	-5.1563024018e-02	9.0105551697e-05	3.7772583105e-05
9.9500000000e+02	3.8039667181e-02	-5.1653148564e-02	9.0143533412e-05	3.7773041263e-05
9.9600000000e+02	3.8077440451e-02	-5.1743311073e-02	9.0181477433e-05	3.7773498050e-05
9.9700000000e+02	3.8115214177e-02	-5.1833511506e-02	9.0219383835e-05	3.7773953471e-05
9.9800000000e+02	3.8152988357e-02	-5.1923749828e-02	9.0257252690e-05	3.7774407531e-05
9.9900000000e+02	3.8190762991e-02	-5.2014025999e-02	9.0295084075e-05	3.7774860236e-05
