# total modes from dos = 5.9999452062e+00
# ZPE = 5.4312227876e-03 Ry/cell
# Multiply by 13.6058 to have energies in eV/cell etc..
# Multiply by 13.6058 x 23060.35 = 313 754.5 to have energies in cal/(N mol).
# Multiply by 13.6058 x 96526.0 = 1 313 313 to have energies in J/(N mol).
# N is the number of formula units per cell.
#
# T (K) 	Evib (Ry/cell)	Fvib (Ry/cell)	Svib (Ry/cell/K)	Cvib (Ry/cell/K)
1.0000000000e+00	5.4312227979e-03	5.4312227255e-03	7.2433615397e-11	2.9557197188e-11
2.0000000000e+00	5.4312228874e-03	5.4312226299e-03	1.2879160885e-10	1.7960431324e-10
3.0000000000e+00	5.4312232371e-03	5.4312224412e-03	2.6530698410e-10	5.6960989338e-10
4.0000000000e+00	5.4312241466e-03	5.4312220592e-03	5.2183132423e-10	1.3193513856e-09
5.0000000000e+00	5.4312260358e-03	5.4312213442e-03	9.3832489128e-10	2.5491769897e-09
6.0000000000e+00	5.4312294454e-03	5.4312201159e-03	1.5549168726e-09	4.3804949507e-09
7.0000000000e+00	5.4312350384e-03	5.4312181542e-03	2.4120300326e-09	6.9367034449e-09
8.0000000000e+00	5.4312436026e-03	5.4312151980e-03	3.5505740128e-09	1.0344551437e-08
9.0000000000e+00	5.4312560553e-03	5.4312109453e-03	5.0122185523e-09	1.4736129275e-08
1.0000000000e+01	5.4312734495e-03	5.4312050516e-03	6.8397871125e-09	2.0252038663e-08
1.1000000000e+01	5.4312969854e-03	5.4311971290e-03	9.0778579943e-09	2.7046721695e-08
1.2000000000e+01	5.4313280278e-03	5.4311867434e-03	1.1773698170e-08	3.5296939277e-08
1.3000000000e+01	5.4313681342e-03	5.4311734119e-03	1.4978636822e-08	4.5213549325e-08
1.4000000000e+01	5.4314190959e-03	5.4311565974e-03	1.8749890600e-08	5.7055323368e-08
1.5000000000e+01	5.4314829925e-03	5.4311357017e-03	2.3152715736e-08	7.1142366433e-08
1.6000000000e+01	5.4315622588e-03	5.4311100564e-03	2.8262645696e-08	8.7866390519e-08
1.7000000000e+01	5.4316597595e-03	5.4310789116e-03	3.4167522386e-08	1.0769568027e-07
1.8000000000e+01	5.4317788656e-03	5.4310414227e-03	4.0969052286e-08	1.3117369789e-07
1.9000000000e+01	5.4319235262e-03	5.4309966360e-03	4.8783695463e-08	1.5891143609e-07
2.0000000000e+01	5.4320983298e-03	5.4309434740e-03	5.7742794405e-08	1.9157452281e-07
2.1000000000e+01	5.4323085513e-03	5.4308807205e-03	6.7991944370e-08	2.2986658759e-07
2.2000000000e+01	5.4325601803e-03	5.4308070073e-03	7.9689681332e-08	2.7451054561e-07
2.3000000000e+01	5.4328599309e-03	5.4307208018e-03	9.3005611803e-08	3.2622933788e-07
2.4000000000e+01	5.4332152325e-03	5.4306203973e-03	1.0811813199e-07	3.8572739863e-07
2.5000000000e+01	5.4336342024e-03	5.4305039052e-03	1.2521188698e-07	4.5367379411e-07
2.6000000000e+01	5.4341256032e-03	5.4303692504e-03	1.4447510982e-07	5.3068765437e-07
2.7000000000e+01	5.4346987867e-03	5.4302141688e-03	1.6609696166e-07	6.1732623735e-07
2.8000000000e+01	5.4353636269e-03	5.4300362077e-03	1.9026497101e-07	7.1407573735e-07
2.9000000000e+01	5.4361304456e-03	5.4298327289e-03	2.1716264700e-07	8.2134477988e-07
3.0000000000e+01	5.4370099329e-03	5.4296009133e-03	2.4696731980e-07	9.3946042710e-07
3.1000000000e+01	5.4380130642e-03	5.4293377687e-03	2.7984824181e-07	1.0686664431e-06
3.2000000000e+01	5.4391510171e-03	5.4290401381e-03	3.1596496712e-07	1.2091235278e-06
3.3000000000e+01	5.4404350890e-03	5.4287047105e-03	3.5546601399e-07	1.3609112129e-06
3.4000000000e+01	5.4418766177e-03	5.4283280324e-03	3.9848780446e-07	1.5240311171e-06
3.5000000000e+01	5.4434869054e-03	5.4279065200e-03	4.4515386831e-07	1.6984112725e-06
3.6000000000e+01	5.4452771476e-03	5.4274364730e-03	4.9557429299e-07	1.8839112572e-06
3.7000000000e+01	5.4472583674e-03	5.4269140877e-03	5.4984539788e-07	2.0803278986e-06
3.8000000000e+01	5.4494413562e-03	5.4263354710e-03	6.0804960938e-07	2.2874013386e-06
3.9000000000e+01	5.4518366194e-03	5.4256966544e-03	6.7025551262e-07	2.5048212843e-06
4.0000000000e+01	5.4544543299e-03	5.4249936076e-03	7.3651805552e-07	2.7322332935e-06
4.1000000000e+01	5.4573042863e-03	5.4242222521e-03	8.0687888227e-07	2.9692449749e-06
4.2000000000e+01	5.4603958785e-03	5.4233784741e-03	8.8136677380e-07	3.2154320020e-06
4.3000000000e+01	5.4637380588e-03	5.4224581372e-03	9.5999817522e-07	3.4703438678e-06
4.4000000000e+01	5.4673393177e-03	5.4214570948e-03	1.0427777913e-06	3.7335093202e-06
4.5000000000e+01	5.4712076664e-03	5.4203712009e-03	1.1296992332e-06	4.0044414402e-06
4.6000000000e+01	5.4753506235e-03	5.4191963213e-03	1.2207457017e-06	4.2826423352e-06
4.7000000000e+01	5.4797752059e-03	5.4179283433e-03	1.3158906937e-06	4.5676074338e-06
4.8000000000e+01	5.4844879240e-03	5.4165631854e-03	1.4150987204e-06	4.8588293780e-06
4.9000000000e+01	5.4894947813e-03	5.4150968060e-03	1.5183260272e-06	5.1558015152e-06
5.0000000000e+01	5.4948012761e-03	5.4135252106e-03	1.6255213088e-06	5.4580210011e-06
5.1000000000e+01	5.5004124069e-03	5.4118444600e-03	1.7366264093e-06	5.7649915271e-06
5.2000000000e+01	5.5063326802e-03	5.4100506759e-03	1.8515770057e-06	6.0762256909e-06
5.3000000000e+01	5.5125661205e-03	5.4081400474e-03	1.9703032666e-06	6.3912470321e-06
5.4000000000e+01	5.5191162819e-03	5.4061088357e-03	2.0927304857e-06	6.7095917530e-06
5.5000000000e+01	5.5259862617e-03	5.4039533791e-03	2.2187796854e-06	7.0308101509e-06
5.6000000000e+01	5.5331787151e-03	5.4016700965e-03	2.3483681893e-06	7.3544677830e-06
5.7000000000e+01	5.5406958708e-03	5.3992554915e-03	2.4814101631e-06	7.6801463897e-06
5.8000000000e+01	5.5485395476e-03	5.3967061545e-03	2.6178171219e-06	8.0074445986e-06
5.9000000000e+01	5.5567111717e-03	5.3940187658e-03	2.7574984047e-06	8.3359784308e-06
6.0000000000e+01	5.5652117940e-03	5.3911900970e-03	2.9003616165e-06	8.6653816323e-06
6.1000000000e+01	5.5740421084e-03	5.3882170131e-03	3.0463130371e-06	8.9953058497e-06
6.2000000000e+01	5.5832024691e-03	5.3850964731e-03	3.1952579992e-06	9.3254206694e-06
6.3000000000e+01	5.5926929089e-03	5.3818255310e-03	3.3471012356e-06	9.6554135377e-06
6.4000000000e+01	5.6025131570e-03	5.3784013364e-03	3.5017471969e-06	9.9849895783e-06
6.5000000000e+01	5.6126626564e-03	5.3748211343e-03	3.6591003410e-06	1.0313871322e-05
6.6000000000e+01	5.6231405812e-03	5.3710822651e-03	3.8190653961e-06	1.0641798361e-05
6.7000000000e+01	5.6339458535e-03	5.3671821644e-03	3.9815475978e-06	1.0968526945e-05
6.8000000000e+01	5.6450771596e-03	5.3631183622e-03	4.1464529030e-06	1.1293829521e-05
6.9000000000e+01	5.6565329664e-03	5.3588884820e-03	4.3136881801e-06	1.1617494235e-05
7.0000000000e+01	5.6683115364e-03	5.3544902399e-03	4.4831613789e-06	1.1939324406e-05
7.1000000000e+01	5.6804109429e-03	5.3499214435e-03	4.6547816806e-06	1.2259137966e-05
7.2000000000e+01	5.6928290840e-03	5.3451799907e-03	4.8284596294e-06	1.2576766893e-05
7.3000000000e+01	5.7055636968e-03	5.3402638677e-03	5.0041072470e-06	1.2892056627e-05
7.4000000000e+01	5.7186123701e-03	5.3351711484e-03	5.1816381312e-06	1.3204865483e-05
7.5000000000e+01	5.7319725575e-03	5.3298999920e-03	5.3609675403e-06	1.3515064061e-05
7.6000000000e+01	5.7456415888e-03	5.3244486415e-03	5.5420124642e-06	1.3822534659e-05
7.7000000000e+01	5.7596166819e-03	5.3188154223e-03	5.7246916824e-06	1.4127170698e-05
7.8000000000e+01	5.7738949532e-03	5.3129987399e-03	5.9089258121e-06	1.4428876143e-05
7.9000000000e+01	5.7884734285e-03	5.3069970782e-03	6.0946373450e-06	1.4727564953e-05
8.0000000000e+01	5.8033490520e-03	5.3008089979e-03	6.2817506751e-06	1.5023160528e-05
8.1000000000e+01	5.8185186958e-03	5.2944331342e-03	6.4701921186e-06	1.5315595182e-05
8.2000000000e+01	5.8339791688e-03	5.2878681949e-03	6.6598899254e-06	1.5604809626e-05
8.3000000000e+01	5.8497272244e-03	5.2811129589e-03	6.8507742842e-06	1.5890752474e-05
8.4000000000e+01	5.8657595685e-03	5.2741662735e-03	7.0427773215e-06	1.6173379760e-05
8.5000000000e+01	5.8820728664e-03	5.2670270533e-03	7.2358330947e-06	1.6452654477e-05
8.6000000000e+01	5.8986637497e-03	5.2596942778e-03	7.4298775808e-06	1.6728546138e-05
8.7000000000e+01	5.9155288228e-03	5.2521669893e-03	7.6248486604e-06	1.7001030348e-05
8.8000000000e+01	5.9326646683e-03	5.2444442917e-03	7.8206860979e-06	1.7270088402e-05
8.9000000000e+01	5.9500678530e-03	5.2365253478e-03	8.0173315189e-06	1.7535706896e-05
9.0000000000e+01	5.9677349327e-03	5.2284093782e-03	8.2147283835e-06	1.7797877363e-05
9.1000000000e+01	5.9856624570e-03	5.2200956588e-03	8.4128219583e-06	1.8056595917e-05
9.2000000000e+01	6.0038469740e-03	5.2115835197e-03	8.6115592856e-06	1.8311862926e-05
9.3000000000e+01	6.0222850338e-03	5.2028723428e-03	8.8108891506e-06	1.8563682696e-05
9.4000000000e+01	6.0409731929e-03	5.1939615604e-03	9.0107620478e-06	1.8812063169e-05
9.5000000000e+01	6.0599080174e-03	5.1848506536e-03	9.2111301451e-06	1.9057015644e-05
9.6000000000e+01	6.0790860863e-03	5.1755391505e-03	9.4119472481e-06	1.9298554511e-05
9.7000000000e+01	6.0985039943e-03	5.1660266243e-03	9.6131687622e-06	1.9536696996e-05
9.8000000000e+01	6.1181583547e-03	5.1563126925e-03	9.8147516554e-06	1.9771462925e-05
9.9000000000e+01	6.1380458020e-03	5.1463970144e-03	1.0016654420e-05	2.0002874505e-05
1.0000000000e+02	6.1581629937e-03	5.1362792904e-03	1.0218837033e-05	2.0230956106e-05
1.0100000000e+02	6.1785066130e-03	5.1259592599e-03	1.0421260921e-05	2.0455734070e-05
1.0200000000e+02	6.1990733700e-03	5.1154367005e-03	1.0623888916e-05	2.0677236525e-05
1.0300000000e+02	6.2198600041e-03	5.1047114260e-03	1.0826685224e-05	2.0895493206e-05
1.0400000000e+02	6.2408632849e-03	5.0937832855e-03	1.1029615379e-05	2.1110535301e-05
1.0500000000e+02	6.2620800140e-03	5.0826521617e-03	1.1232646212e-05	2.1322395291e-05
1.0600000000e+02	6.2835070260e-03	5.0713179701e-03	1.1435745810e-05	2.1531106810e-05
1.0700000000e+02	6.3051411896e-03	5.0597806574e-03	1.1638883479e-05	2.1736704515e-05
1.0800000000e+02	6.3269794089e-03	5.0480402003e-03	1.1842029709e-05	2.1939223959e-05
1.0900000000e+02	6.3490186236e-03	5.0360966046e-03	1.2045156137e-05	2.2138701473e-05
1.1000000000e+02	6.3712558102e-03	5.0239499038e-03	1.2248235513e-05	2.2335174063e-05
1.1100000000e+02	6.3936879826e-03	5.0116001580e-03	1.2451241663e-05	2.2528679309e-05
1.1200000000e+02	6.4163121924e-03	4.9990474532e-03	1.2654149457e-05	2.2719255267e-05
1.1300000000e+02	6.4391255295e-03	4.9862918999e-03	1.2856934775e-05	2.2906940390e-05
1.1400000000e+02	6.4621251225e-03	4.9733336322e-03	1.3059574476e-05	2.3091773439e-05
1.1500000000e+02	6.4853081387e-03	4.9601728069e-03	1.3262046363e-05	2.3273793419e-05
1.1600000000e+02	6.5086717847e-03	4.9468096026e-03	1.3464329156e-05	2.3453039500e-05
1.1700000000e+02	6.5322133061e-03	4.9332442185e-03	1.3666402459e-05	2.3629550961e-05
1.1800000000e+02	6.5559299882e-03	4.9194768740e-03	1.3868246730e-05	2.3803367128e-05
1.1900000000e+02	6.5798191551e-03	4.9055078076e-03	1.4069843256e-05	2.3974527320e-05
1.2000000000e+02	6.6038781706e-03	4.8913372760e-03	1.4271174121e-05	2.4143070801e-05
1.2100000000e+02	6.6281044375e-03	4.8769655536e-03	1.4472222181e-05	2.4309036734e-05
1.2200000000e+02	6.6524953978e-03	4.8623929314e-03	1.4672971036e-05	2.4472464137e-05
1.2300000000e+02	6.6770485325e-03	4.8476197165e-03	1.4873405008e-05	2.4633391848e-05
1.2400000000e+02	6.7017613612e-03	4.8326462314e-03	1.5073509111e-05	2.4791858488e-05
1.2500000000e+02	6.7266314420e-03	4.8174728130e-03	1.5273269031e-05	2.4947902431e-05
1.2600000000e+02	6.7516563712e-03	4.8020998126e-03	1.5472671100e-05	2.5101561773e-05
1.2700000000e+02	6.7768337832e-03	4.7865275945e-03	1.5671702274e-05	2.5252874306e-05
1.2800000000e+02	6.8021613500e-03	4.7707565358e-03	1.5870350111e-05	2.5401877497e-05
1.2900000000e+02	6.8276367808e-03	4.7547870260e-03	1.6068602751e-05	2.5548608465e-05
1.3000000000e+02	6.8532578218e-03	4.7386194658e-03	1.6266448892e-05	2.5693103959e-05
1.3100000000e+02	6.8790222557e-03	4.7222542673e-03	1.6463877774e-05	2.5835400349e-05
1.3200000000e+02	6.9049279015e-03	4.7056918528e-03	1.6660879157e-05	2.5975533601e-05
1.3300000000e+02	6.9309726137e-03	4.6889326547e-03	1.6857443301e-05	2.6113539270e-05
1.3400000000e+02	6.9571542825e-03	4.6719771150e-03	1.7053560951e-05	2.6249452490e-05
1.3500000000e+02	6.9834708328e-03	4.6548256846e-03	1.7249223320e-05	2.6383307955e-05
1.3600000000e+02	7.0099202239e-03	4.6374788229e-03	1.7444422066e-05	2.6515139921e-05
1.3700000000e+02	7.0365004494e-03	4.6199369976e-03	1.7639149283e-05	2.6644982191e-05
1.3800000000e+02	7.0632095362e-03	4.6022006840e-03	1.7833397479e-05	2.6772868112e-05
1.3900000000e+02	7.0900455445e-03	4.5842703647e-03	1.8027159567e-05	2.6898830568e-05
1.4000000000e+02	7.1170065670e-03	4.5661465292e-03	1.8220428842e-05	2.7022901980e-05
1.4100000000e+02	7.1440907287e-03	4.5478296734e-03	1.8413198974e-05	2.7145114299e-05
1.4200000000e+02	7.1712961864e-03	4.5293202996e-03	1.8605463991e-05	2.7265499003e-05
1.4300000000e+02	7.1986211279e-03	4.5106189157e-03	1.8797218267e-05	2.7384087101e-05
1.4400000000e+02	7.2260637719e-03	4.4917260351e-03	1.8988456506e-05	2.7500909127e-05
1.4500000000e+02	7.2536223675e-03	4.4726421764e-03	1.9179173732e-05	2.7615995143e-05
1.4600000000e+02	7.2812951934e-03	4.4533678629e-03	1.9369365278e-05	2.7729374738e-05
1.4700000000e+02	7.3090805579e-03	4.4339036225e-03	1.9559026771e-05	2.7841077033e-05
1.4800000000e+02	7.3369767979e-03	4.4142499874e-03	1.9748154125e-05	2.7951130675e-05
1.4900000000e+02	7.3649822791e-03	4.3944074936e-03	1.9936743527e-05	2.8059563850e-05
1.5000000000e+02	7.3930953947e-03	4.3743766808e-03	2.0124791426e-05	2.8166404277e-05
1.5100000000e+02	7.4213145658e-03	4.3541580923e-03	2.0312294526e-05	2.8271679213e-05
1.5200000000e+02	7.4496382402e-03	4.3337522744e-03	2.0499249775e-05	2.8375415462e-05
1.5300000000e+02	7.4780648926e-03	4.3131597763e-03	2.0685654355e-05	2.8477639371e-05
1.5400000000e+02	7.5065930235e-03	4.2923811501e-03	2.0871505671e-05	2.8578376839e-05
1.5500000000e+02	7.5352211593e-03	4.2714169502e-03	2.1056801349e-05	2.8677653320e-05
1.5600000000e+02	7.5639478515e-03	4.2502677333e-03	2.1241539219e-05	2.8775493828e-05
1.5700000000e+02	7.5927716765e-03	4.2289340584e-03	2.1425717313e-05	2.8871922943e-05
1.5800000000e+02	7.6216912350e-03	4.2074164859e-03	2.1609333855e-05	2.8966964812e-05
1.5900000000e+02	7.6507051516e-03	4.1857155784e-03	2.1792387253e-05	2.9060643160e-05
1.6000000000e+02	7.6798120746e-03	4.1638318996e-03	2.1974876094e-05	2.9152981289e-05
1.6100000000e+02	7.7090106751e-03	4.1417660148e-03	2.2156799132e-05	2.9244002089e-05
1.6200000000e+02	7.7382996471e-03	4.1195184903e-03	2.2338155289e-05	2.9333728040e-05
1.6300000000e+02	7.7676777069e-03	4.0970898935e-03	2.2518943641e-05	2.9422181222e-05
1.6400000000e+02	7.7971435925e-03	4.0744807925e-03	2.2699163415e-05	2.9509383312e-05
1.6500000000e+02	7.8266960636e-03	4.0516917564e-03	2.2878813983e-05	2.9595355602e-05
1.6600000000e+02	7.8563339008e-03	4.0287233545e-03	2.3057894857e-05	2.9680118993e-05
1.6700000000e+02	7.8860559055e-03	4.0055761567e-03	2.3236405681e-05	2.9763694008e-05
1.6800000000e+02	7.9158608994e-03	3.9822507332e-03	2.3414346227e-05	2.9846100798e-05
1.6900000000e+02	7.9457477243e-03	3.9587476544e-03	2.3591716390e-05	2.9927359144e-05
1.7000000000e+02	7.9757152413e-03	3.9350674905e-03	2.3768516181e-05	3.0007488464e-05
1.7100000000e+02	8.0057623312e-03	3.9112108121e-03	2.3944745726e-05	3.0086507822e-05
1.7200000000e+02	8.0358878932e-03	3.8871781891e-03	2.4120405257e-05	3.0164435930e-05
1.7300000000e+02	8.0660908454e-03	3.8629701915e-03	2.4295495110e-05	3.0241291157e-05
1.7400000000e+02	8.0963701239e-03	3.8385873886e-03	2.4470015720e-05	3.0317091532e-05
1.7500000000e+02	8.1267246828e-03	3.8140303496e-03	2.4643967618e-05	3.0391854751e-05
1.7600000000e+02	8.1571534935e-03	3.7892996427e-03	2.4817351425e-05	3.0465598184e-05
1.7700000000e+02	8.1876555449e-03	3.7643958359e-03	2.4990167848e-05	3.0538338880e-05
1.7800000000e+02	8.2182298426e-03	3.7393194959e-03	2.5162417678e-05	3.0610093571e-05
1.7900000000e+02	8.2488754089e-03	3.7140711891e-03	2.5334101786e-05	3.0680878679e-05
1.8000000000e+02	8.2795912822e-03	3.6886514806e-03	2.5505221120e-05	3.0750710323e-05
1.8100000000e+02	8.3103765170e-03	3.6630609348e-03	2.5675776697e-05	3.0819604322e-05
1.8200000000e+02	8.3412301834e-03	3.6373001148e-03	2.5845769608e-05	3.0887576201e-05
1.8300000000e+02	8.3721513671e-03	3.6113695827e-03	2.6015201007e-05	3.0954641197e-05
1.8400000000e+02	8.4031391685e-03	3.5852698995e-03	2.6184072114e-05	3.1020814266e-05
1.8500000000e+02	8.4341927032e-03	3.5590016248e-03	2.6352384207e-05	3.1086110084e-05
1.8600000000e+02	8.4653111011e-03	3.5325653170e-03	2.6520138624e-05	3.1150543055e-05
1.8700000000e+02	8.4964935064e-03	3.5059615330e-03	2.6687336756e-05	3.1214127318e-05
1.8800000000e+02	8.5277390774e-03	3.4791908284e-03	2.6853980048e-05	3.1276876747e-05
1.8900000000e+02	8.5590469862e-03	3.4522537574e-03	2.7020069994e-05	3.1338804960e-05
1.9000000000e+02	8.5904164181e-03	3.4251508724e-03	2.7185608135e-05	3.1399925323e-05
1.9100000000e+02	8.6218465719e-03	3.3978827245e-03	2.7350596060e-05	3.1460250952e-05
1.9200000000e+02	8.6533366594e-03	3.3704498631e-03	2.7515035397e-05	3.1519794724e-05
1.9300000000e+02	8.6848859049e-03	3.3428528360e-03	2.7678927818e-05	3.1578569274e-05
1.9400000000e+02	8.7164935456e-03	3.3150921892e-03	2.7842275033e-05	3.1636587006e-05
1.9500000000e+02	8.7481588307e-03	3.2871684671e-03	2.8005078788e-05	3.1693860095e-05
1.9600000000e+02	8.7798810216e-03	3.2590822122e-03	2.8167340864e-05	3.1750400488e-05
1.9700000000e+02	8.8116593914e-03	3.2308339653e-03	2.8329063077e-05	3.1806219917e-05
1.9800000000e+02	8.8434932249e-03	3.2024242654e-03	2.8490247270e-05	3.1861329892e-05
1.9900000000e+02	8.8753818185e-03	3.1738536495e-03	2.8650895321e-05	3.1915741717e-05
2.0000000000e+02	8.9073244794e-03	3.1451226528e-03	2.8811009133e-05	3.1969466484e-05
2.0100000000e+02	8.9393205260e-03	3.1162318087e-03	2.8970590634e-05	3.2022515083e-05
2.0200000000e+02	8.9713692877e-03	3.0871816483e-03	2.9129641779e-05	3.2074898206e-05
2.0300000000e+02	9.0034701041e-03	3.0579727012e-03	2.9288164546e-05	3.2126626345e-05
2.0400000000e+02	9.0356223255e-03	3.0286054947e-03	2.9446160935e-05	3.2177709806e-05
2.0500000000e+02	9.0678253122e-03	2.9990805542e-03	2.9603632966e-05	3.2228158701e-05
2.0600000000e+02	9.1000784347e-03	2.9693984029e-03	2.9760582679e-05	3.2277982961e-05
2.0700000000e+02	9.1323810732e-03	2.9395595622e-03	2.9917012130e-05	3.2327192337e-05
2.0800000000e+02	9.1647326176e-03	2.9095645514e-03	3.0072923395e-05	3.2375796399e-05
2.0900000000e+02	9.1971324673e-03	2.8794138875e-03	3.0228318564e-05	3.2423804548e-05
2.1000000000e+02	9.2295800311e-03	2.8491080856e-03	3.0383199741e-05	3.2471226011e-05
2.1100000000e+02	9.2620747268e-03	2.8186476586e-03	3.0537569044e-05	3.2518069850e-05
2.1200000000e+02	9.2946159813e-03	2.7880331174e-03	3.0691428603e-05	3.2564344962e-05
2.1300000000e+02	9.3272032301e-03	2.7572649706e-03	3.0844780561e-05	3.2610060085e-05
2.1400000000e+02	9.3598359176e-03	2.7263437247e-03	3.0997627070e-05	3.2655223800e-05
2.1500000000e+02	9.3925134967e-03	2.6952698842e-03	3.1149970291e-05	3.2699844531e-05
2.1600000000e+02	9.4252354285e-03	2.6640439512e-03	3.1301812395e-05	3.2743930554e-05
2.1700000000e+02	9.4580011823e-03	2.6326664257e-03	3.1453155560e-05	3.2787489997e-05
2.1800000000e+02	9.4908102356e-03	2.6011378057e-03	3.1604001972e-05	3.2830530840e-05
2.1900000000e+02	9.5236620737e-03	2.5694585867e-03	3.1754353822e-05	3.2873060923e-05
2.2000000000e+02	9.5565561898e-03	2.5376292621e-03	3.1904213307e-05	3.2915087945e-05
2.2100000000e+02	9.5894920844e-03	2.5056503234e-03	3.2053582629e-05	3.2956619470e-05
2.2200000000e+02	9.6224692660e-03	2.4735222595e-03	3.2202463993e-05	3.2997662927e-05
2.2300000000e+02	9.6554872500e-03	2.4412455574e-03	3.2350859608e-05	3.3038225613e-05
2.2400000000e+02	9.6885455594e-03	2.4088207015e-03	3.2498771687e-05	3.3078314696e-05
2.2500000000e+02	9.7216437239e-03	2.3762481744e-03	3.2646202442e-05	3.3117937220e-05
2.2600000000e+02	9.7547812806e-03	2.3435284563e-03	3.2793154090e-05	3.3157100102e-05
2.2700000000e+02	9.7879577732e-03	2.3106620252e-03	3.2939628846e-05	3.3195810139e-05
2.2800000000e+02	9.8211727521e-03	2.2776493569e-03	3.3085628927e-05	3.3234074011e-05
2.2900000000e+02	9.8544257747e-03	2.2444909248e-03	3.3231156549e-05	3.3271898277e-05
2.3000000000e+02	9.8877164043e-03	2.2111872005e-03	3.3376213930e-05	3.3309289384e-05
2.3100000000e+02	9.9210442111e-03	2.1777386530e-03	3.3520803282e-05	3.3346253668e-05
2.3200000000e+02	9.9544087715e-03	2.1441457492e-03	3.3664926820e-05	3.3382797354e-05
2.3300000000e+02	9.9878096677e-03	2.1104089539e-03	3.3808586755e-05	3.3418926557e-05
2.3400000000e+02	1.0021246488e-02	2.0765287295e-03	3.3951785294e-05	3.3454647289e-05
2.3500000000e+02	1.0054718828e-02	2.0425055364e-03	3.4094524646e-05	3.3489965458e-05
2.3600000000e+02	1.0088226287e-02	2.0083398325e-03	3.4236807011e-05	3.3524886869e-05
2.3700000000e+02	1.0121768471e-02	1.9740320739e-03	3.4378634589e-05	3.3559417228e-05
2.3800000000e+02	1.0155344993e-02	1.9395827142e-03	3.4520009575e-05	3.3593562143e-05
2.3900000000e+02	1.0188955469e-02	1.9049922049e-03	3.4660934160e-05	3.3627327127e-05
2.4000000000e+02	1.0222599522e-02	1.8702609953e-03	3.4801410530e-05	3.3660717598e-05
2.4100000000e+02	1.0256276781e-02	1.8353895325e-03	3.4941440866e-05	3.3693738882e-05
2.4200000000e+02	1.0289986879e-02	1.8003782615e-03	3.5081027345e-05	3.3726396215e-05
2.4300000000e+02	1.0323729454e-02	1.7652276251e-03	3.5220172136e-05	3.3758694744e-05
2.4400000000e+02	1.0357504150e-02	1.7299380638e-03	3.5358877405e-05	3.3790639528e-05
2.4500000000e+02	1.0391310617e-02	1.6945100161e-03	3.5497145310e-05	3.3822235542e-05
2.4600000000e+02	1.0425148507e-02	1.6589439182e-03	3.5634978003e-05	3.3853487678e-05
2.4700000000e+02	1.0459017479e-02	1.6232402044e-03	3.5772377631e-05	3.3884400743e-05
2.4800000000e+02	1.0492917197e-02	1.5873993066e-03	3.5909346332e-05	3.3914979467e-05
2.4900000000e+02	1.0526847328e-02	1.5514216547e-03	3.6045886239e-05	3.3945228499e-05
2.5000000000e+02	1.0560807546e-02	1.5153076763e-03	3.6181999477e-05	3.3975152410e-05
2.5100000000e+02	1.0594797526e-02	1.4790577972e-03	3.6317688163e-05	3.4004755696e-05
2.5200000000e+02	1.0628816952e-02	1.4426724408e-03	3.6452954408e-05	3.4034042778e-05
2.5300000000e+02	1.0662865508e-02	1.4061520285e-03	3.6587800313e-05	3.4063018005e-05
2.5400000000e+02	1.0696942885e-02	1.3694969796e-03	3.6722227974e-05	3.4091685653e-05
2.5500000000e+02	1.0731048778e-02	1.3327077113e-03	3.6856239477e-05	3.4120049928e-05
2.5600000000e+02	1.0765182885e-02	1.2957846387e-03	3.6989836900e-05	3.4148114965e-05
2.5700000000e+02	1.0799344910e-02	1.2587281748e-03	3.7123022314e-05	3.4175884836e-05
2.5800000000e+02	1.0833534558e-02	1.2215387307e-03	3.7255797779e-05	3.4203363540e-05
2.5900000000e+02	1.0867751541e-02	1.1842167152e-03	3.7388165350e-05	3.4230555017e-05
2.6000000000e+02	1.0901995573e-02	1.1467625353e-03	3.7520127070e-05	3.4257463138e-05
2.6100000000e+02	1.0936266374e-02	1.1091765957e-03	3.7651684974e-05	3.4284091714e-05
2.6200000000e+02	1.0970563665e-02	1.0714592993e-03	3.7782841090e-05	3.4310444494e-05
2.6300000000e+02	1.1004887172e-02	1.0336110468e-03	3.7913597435e-05	3.4336525165e-05
2.6400000000e+02	1.1039236626e-02	9.9563223699e-04	3.8043956018e-05	3.4362337356e-05
2.6500000000e+02	1.1073611759e-02	9.5752326667e-04	3.8173918838e-05	3.4387884637e-05
2.6600000000e+02	1.1108012308e-02	9.1928453057e-04	3.8303487885e-05	3.4413170521e-05
2.6700000000e+02	1.1142438014e-02	8.8091642150e-04	3.8432665139e-05	3.4438198464e-05
2.6800000000e+02	1.1176888620e-02	8.4241933024e-04	3.8561452574e-05	3.4462971869e-05
2.6900000000e+02	1.1211363874e-02	8.0379364563e-04	3.8689852149e-05	3.4487494082e-05
2.7000000000e+02	1.1245863525e-02	7.6503975457e-04	3.8817865818e-05	3.4511768398e-05
2.7100000000e+02	1.1280387329e-02	7.2615804199e-04	3.8945495524e-05	3.4535798059e-05
2.7200000000e+02	1.1314935041e-02	6.8714889087e-04	3.9072743199e-05	3.4559586255e-05
2.7300000000e+02	1.1349506422e-02	6.4801268229e-04	3.9199610768e-05	3.4583136127e-05
2.7400000000e+02	1.1384101235e-02	6.0874979540e-04	3.9326100144e-05	3.4606450767e-05
2.7500000000e+02	1.1418719246e-02	5.6936060743e-04	3.9452213232e-05	3.4629533216e-05
2.7600000000e+02	1.1453360225e-02	5.2984549373e-04	3.9577951925e-05	3.4652386471e-05
2.7700000000e+02	1.1488023944e-02	4.9020482775e-04	3.9703318108e-05	3.4675013478e-05
2.7800000000e+02	1.1522710178e-02	4.5043898106e-04	3.9828313656e-05	3.4697417141e-05
2.7900000000e+02	1.1557418704e-02	4.1054832336e-04	3.9952940434e-05	3.4719600317e-05
2.8000000000e+02	1.1592149306e-02	3.7053322250e-04	4.0077200297e-05	3.4741565818e-05
2.8100000000e+02	1.1626901764e-02	3.3039404446e-04	4.0201095089e-05	3.4763316415e-05
2.8200000000e+02	1.1661675868e-02	2.9013115340e-04	4.0324626646e-05	3.4784854834e-05
2.8300000000e+02	1.1696471404e-02	2.4974491163e-04	4.0447796794e-05	3.4806183760e-05
2.8400000000e+02	1.1731288166e-02	2.0923567967e-04	4.0570607347e-05	3.4827305837e-05
2.8500000000e+02	1.1766125948e-02	1.6860381620e-04	4.0693060111e-05	3.4848223668e-05
2.8600000000e+02	1.1800984546e-02	1.2784967811e-04	4.0815156882e-05	3.4868939817e-05
2.8700000000e+02	1.1835863761e-02	8.6973620508e-05	4.0936899445e-05	3.4889456807e-05
2.8800000000e+02	1.1870763394e-02	4.5975996702e-05	4.1058289575e-05	3.4909777126e-05
2.8900000000e+02	1.1905683251e-02	4.8571582454e-06	4.1179329040e-05	3.4929903221e-05
2.9000000000e+02	1.1940623137e-02	-3.6382545074e-05	4.1300019593e-05	3.4949837504e-05
2.9100000000e+02	1.1975582863e-02	-7.7742765219e-05	4.1420362982e-05	3.4969582350e-05
2.9200000000e+02	1.2010562239e-02	-1.1922315590e-04	4.1540360942e-05	3.4989140099e-05
2.9300000000e+02	1.2045561081e-02	-1.6082337254e-04	4.1660015200e-05	3.5008513054e-05
2.9400000000e+02	1.2080579205e-02	-2.0254307230e-04	4.1779327472e-05	3.5027703485e-05
2.9500000000e+02	1.2115616428e-02	-2.4438191405e-04	4.1898299465e-05	3.5046713629e-05
2.9600000000e+02	1.2150672572e-02	-2.8633955837e-04	4.2016932874e-05	3.5065545687e-05
2.9700000000e+02	1.2185747461e-02	-3.2841566751e-04	4.2135229388e-05	3.5084201830e-05
2.9800000000e+02	1.2220840918e-02	-3.7060990541e-04	4.2253190683e-05	3.5102684196e-05
2.9900000000e+02	1.2255952772e-02	-4.1292193769e-04	4.2370818427e-05	3.5120994890e-05
3.0000000000e+02	1.2291082851e-02	-4.5535143163e-04	4.2488114277e-05	3.5139135987e-05
3.0100000000e+02	1.2326230988e-02	-4.9789805616e-04	4.2605079881e-05	3.5157109532e-05
3.0200000000e+02	1.2361397015e-02	-5.4056148185e-04	4.2721716878e-05	3.5174917539e-05
3.0300000000e+02	1.2396580769e-02	-5.8334138092e-04	4.2838026896e-05	3.5192561994e-05
3.0400000000e+02	1.2431782085e-02	-6.2623742719e-04	4.2954011555e-05	3.5210044852e-05
3.0500000000e+02	1.2467000805e-02	-6.6924929612e-04	4.3069672463e-05	3.5227368040e-05
3.0600000000e+02	1.2502236769e-02	-7.1237666474e-04	4.3185011221e-05	3.5244533460e-05
3.0700000000e+02	1.2537489820e-02	-7.5561921170e-04	4.3300029419e-05	3.5261542981e-05
3.0800000000e+02	1.2572759804e-02	-7.9897661725e-04	4.3414728639e-05	3.5278398449e-05
3.0900000000e+02	1.2608046566e-02	-8.4244856318e-04	4.3529110451e-05	3.5295101683e-05
3.1000000000e+02	1.2643349957e-02	-8.8603473287e-04	4.3643176418e-05	3.5311654475e-05
3.1100000000e+02	1.2678669826e-02	-9.2973481125e-04	4.3756928093e-05	3.5328058590e-05
3.1200000000e+02	1.2714006025e-02	-9.7354848481e-04	4.3870367018e-05	3.5344315770e-05
3.1300000000e+02	1.2749358409e-02	-1.0174754416e-03	4.3983494729e-05	3.5360427731e-05
3.1400000000e+02	1.2784726833e-02	-1.0615153710e-03	4.4096312750e-05	3.5376396166e-05
3.1500000000e+02	1.2820111154e-02	-1.1056679643e-03	4.4208822597e-05	3.5392222740e-05
3.1600000000e+02	1.2855511231e-02	-1.1499329140e-03	4.4321025776e-05	3.5407909100e-05
3.1700000000e+02	1.2890926926e-02	-1.1943099142e-03	4.4432923785e-05	3.5423456864e-05
3.1800000000e+02	1.2926358099e-02	-1.2387986603e-03	4.4544518112e-05	3.5438867632e-05
3.1900000000e+02	1.2961804616e-02	-1.2833988496e-03	4.4655810237e-05	3.5454142979e-05
3.2000000000e+02	1.2997266341e-02	-1.3281101806e-03	4.4766801629e-05	3.5469284458e-05
3.2100000000e+02	1.3032743141e-02	-1.3729323531e-03	4.4877493750e-05	3.5484293600e-05
3.2200000000e+02	1.3068234884e-02	-1.4178650688e-03	4.4987888053e-05	3.5499171915e-05
3.2300000000e+02	1.3103741441e-02	-1.4629080305e-03	4.5097985981e-05	3.5513920894e-05
3.2400000000e+02	1.3139262683e-02	-1.5080609425e-03	4.5207788969e-05	3.5528542003e-05
3.2500000000e+02	1.3174798483e-02	-1.5533235106e-03	4.5317298443e-05	3.5543036691e-05
3.2600000000e+02	1.3210348715e-02	-1.5986954420e-03	4.5426515820e-05	3.5557406386e-05
3.2700000000e+02	1.3245913255e-02	-1.6441764453e-03	4.5535442508e-05	3.5571652496e-05
3.2800000000e+02	1.3281491979e-02	-1.6897662306e-03	4.5644079909e-05	3.5585776410e-05
3.2900000000e+02	1.3317084767e-02	-1.7354645092e-03	4.5752429412e-05	3.5599779497e-05
3.3000000000e+02	1.3352691499e-02	-1.7812709939e-03	4.5860492402e-05	3.5613663109e-05
3.3100000000e+02	1.3388312054e-02	-1.8271853989e-03	4.5968270251e-05	3.5627428578e-05
3.3200000000e+02	1.3423946317e-02	-1.8732074398e-03	4.6075764327e-05	3.5641077217e-05
3.3300000000e+02	1.3459594170e-02	-1.9193368334e-03	4.6182975987e-05	3.5654610325e-05
3.3400000000e+02	1.3495255499e-02	-1.9655732981e-03	4.6289906579e-05	3.5668029178e-05
3.3500000000e+02	1.3530930191e-02	-2.0119165533e-03	4.6396557445e-05	3.5681335039e-05
3.3600000000e+02	1.3566618132e-02	-2.0583663202e-03	4.6502929918e-05	3.5694529152e-05
3.3700000000e+02	1.3602319212e-02	-2.1049223208e-03	4.6609025321e-05	3.5707612745e-05
3.3800000000e+02	1.3638033321e-02	-2.1515842789e-03	4.6714844971e-05	3.5720587029e-05
3.3900000000e+02	1.3673760350e-02	-2.1983519193e-03	4.6820390176e-05	3.5733453198e-05
3.4000000000e+02	1.3709500192e-02	-2.2452249682e-03	4.6925662236e-05	3.5746212431e-05
3.4100000000e+02	1.3745252740e-02	-2.2922031531e-03	4.7030662443e-05	3.5758865892e-05
3.4200000000e+02	1.3781017889e-02	-2.3392862029e-03	4.7135392081e-05	3.5771414728e-05
3.4300000000e+02	1.3816795535e-02	-2.3864738475e-03	4.7239852427e-05	3.5783860072e-05
3.4400000000e+02	1.3852585575e-02	-2.4337658184e-03	4.7344044748e-05	3.5796203040e-05
3.4500000000e+02	1.3888387907e-02	-2.4811618481e-03	4.7447970305e-05	3.5808444735e-05
3.4600000000e+02	1.3924202431e-02	-2.5286616705e-03	4.7551630351e-05	3.5820586246e-05
3.4700000000e+02	1.3960029047e-02	-2.5762650207e-03	4.7655026131e-05	3.5832628645e-05
3.4800000000e+02	1.3995867656e-02	-2.6239716351e-03	4.7758158881e-05	3.5844572993e-05
3.4900000000e+02	1.4031718160e-02	-2.6717812512e-03	4.7861029833e-05	3.5856420335e-05
3.5000000000e+02	1.4067580464e-02	-2.7196936079e-03	4.7963640206e-05	3.5868171702e-05
3.5100000000e+02	1.4103454472e-02	-2.7677084452e-03	4.8065991217e-05	3.5879828114e-05
3.5200000000e+02	1.4139340089e-02	-2.8158255043e-03	4.8168084072e-05	3.5891390576e-05
3.5300000000e+02	1.4175237222e-02	-2.8640445277e-03	4.8269919971e-05	3.5902860080e-05
3.5400000000e+02	1.4211145779e-02	-2.9123652590e-03	4.8371500107e-05	3.5914237605e-05
3.5500000000e+02	1.4247065667e-02	-2.9607874430e-03	4.8472825662e-05	3.5925524117e-05
3.5600000000e+02	1.4282996797e-02	-3.0093108258e-03	4.8573897817e-05	3.5936720572e-05
3.5700000000e+02	1.4318939079e-02	-3.0579351546e-03	4.8674717740e-05	3.5947827910e-05
3.5800000000e+02	1.4354892423e-02	-3.1066601776e-03	4.8775286595e-05	3.5958847063e-05
3.5900000000e+02	1.4390856744e-02	-3.1554856445e-03	4.8875605538e-05	3.5969778947e-05
3.6000000000e+02	1.4426831952e-02	-3.2044113058e-03	4.8975675717e-05	3.5980624469e-05
3.6100000000e+02	1.4462817964e-02	-3.2534369134e-03	4.9075498275e-05	3.5991384523e-05
3.6200000000e+02	1.4498814693e-02	-3.3025622202e-03	4.9175074347e-05	3.6002059993e-05
3.6300000000e+02	1.4534822056e-02	-3.3517869803e-03	4.9274405059e-05	3.6012651751e-05
3.6400000000e+02	1.4570839969e-02	-3.4011109489e-03	4.9373491533e-05	3.6023160658e-05
3.6500000000e+02	1.4606868350e-02	-3.4505338823e-03	4.9472334883e-05	3.6033587563e-05
3.6600000000e+02	1.4642907117e-02	-3.5000555380e-03	4.9570936217e-05	3.6043933307e-05
3.6700000000e+02	1.4678956190e-02	-3.5496756744e-03	4.9669296633e-05	3.6054198718e-05
3.6800000000e+02	1.4715015488e-02	-3.5993940513e-03	4.9767417227e-05	3.6064384614e-05
3.6900000000e+02	1.4751084933e-02	-3.6492104293e-03	4.9865299085e-05	3.6074491804e-05
3.7000000000e+02	1.4787164446e-02	-3.6991245702e-03	4.9962943287e-05	3.6084521086e-05
3.7100000000e+02	1.4823253949e-02	-3.7491362370e-03	5.0060350907e-05	3.6094473247e-05
3.7200000000e+02	1.4859353367e-02	-3.7992451936e-03	5.0157523012e-05	3.6104349067e-05
3.7300000000e+02	1.4895462622e-02	-3.8494512049e-03	5.0254460663e-05	3.6114149314e-05
3.7400000000e+02	1.4931581641e-02	-3.8997540371e-03	5.0351164914e-05	3.6123874747e-05
3.7500000000e+02	1.4967710347e-02	-3.9501534573e-03	5.0447636812e-05	3.6133526116e-05
3.7600000000e+02	1.5003848668e-02	-4.0006492336e-03	5.0543877399e-05	3.6143104161e-05
3.7700000000e+02	1.5039996531e-02	-4.0512411353e-03	5.0639887710e-05	3.6152609615e-05
3.7800000000e+02	1.5076153864e-02	-4.1019289326e-03	5.0735668773e-05	3.6162043198e-05
3.7900000000e+02	1.5112320594e-02	-4.1527123968e-03	5.0831221611e-05	3.6171405626e-05
3.8000000000e+02	1.5148496651e-02	-4.2035913001e-03	5.0926547241e-05	3.6180697602e-05
3.8100000000e+02	1.5184681966e-02	-4.2545654159e-03	5.1021646671e-05	3.6189919824e-05
3.8200000000e+02	1.5220876468e-02	-4.3056345184e-03	5.1116520907e-05	3.6199072979e-05
3.8300000000e+02	1.5257080089e-02	-4.3567983829e-03	5.1211170945e-05	3.6208157746e-05
3.8400000000e+02	1.5293292761e-02	-4.4080567859e-03	5.1305597778e-05	3.6217174797e-05
3.8500000000e+02	1.5329514416e-02	-4.4594095044e-03	5.1399802392e-05	3.6226124795e-05
3.8600000000e+02	1.5365744988e-02	-4.5108563169e-03	5.1493785765e-05	3.6235008395e-05
3.8700000000e+02	1.5401984411e-02	-4.5623970025e-03	5.1587548873e-05	3.6243826245e-05
3.8800000000e+02	1.5438232619e-02	-4.6140313415e-03	5.1681092682e-05	3.6252578983e-05
3.8900000000e+02	1.5474489548e-02	-4.6657591151e-03	5.1774418156e-05	3.6261267243e-05
3.9000000000e+02	1.5510755132e-02	-4.7175801054e-03	5.1867526251e-05	3.6269891647e-05
3.9100000000e+02	1.5547029310e-02	-4.7694940955e-03	5.1960417917e-05	3.6278452814e-05
3.9200000000e+02	1.5583312017e-02	-4.8215008694e-03	5.2053094098e-05	3.6286951352e-05
3.9300000000e+02	1.5619603192e-02	-4.8736002122e-03	5.2145555736e-05	3.6295387863e-05
3.9400000000e+02	1.5655902772e-02	-4.9257919097e-03	5.2237803762e-05	3.6303762944e-05
3.9500000000e+02	1.5692210698e-02	-4.9780757488e-03	5.2329839105e-05	3.6312077182e-05
3.9600000000e+02	1.5728526907e-02	-5.0304515173e-03	5.2421662687e-05	3.6320331159e-05
3.9700000000e+02	1.5764851340e-02	-5.0829190039e-03	5.2513275425e-05	3.6328525447e-05
3.9800000000e+02	1.5801183938e-02	-5.1354779982e-03	5.2604678231e-05	3.6336660617e-05
3.9900000000e+02	1.5837524642e-02	-5.1881282907e-03	5.2695872011e-05	3.6344737227e-05
4.0000000000e+02	1.5873873393e-02	-5.2408696728e-03	5.2786857665e-05	3.6352755833e-05
4.0100000000e+02	1.5910230134e-02	-5.2937019369e-03	5.2877636087e-05	3.6360716983e-05
4.0200000000e+02	1.5946594808e-02	-5.3466248762e-03	5.2968208170e-05	3.6368621217e-05
4.0300000000e+02	1.5982967358e-02	-5.3996382848e-03	5.3058574795e-05	3.6376469072e-05
4.0400000000e+02	1.6019347728e-02	-5.4527419576e-03	5.3148736844e-05	3.6384261077e-05
4.0500000000e+02	1.6055735862e-02	-5.5059356906e-03	5.3238695190e-05	3.6391997754e-05
4.0600000000e+02	1.6092131705e-02	-5.5592192804e-03	5.3328450702e-05	3.6399679620e-05
4.0700000000e+02	1.6128535203e-02	-5.6125925246e-03	5.3418004244e-05	3.6407307186e-05
4.0800000000e+02	1.6164946301e-02	-5.6660552218e-03	5.3507356674e-05	3.6414880958e-05
4.0900000000e+02	1.6201364947e-02	-5.7196071712e-03	5.3596508846e-05	3.6422401434e-05
4.1000000000e+02	1.6237791086e-02	-5.7732481730e-03	5.3685461609e-05	3.6429869108e-05
4.1100000000e+02	1.6274224668e-02	-5.8269780283e-03	5.3774215805e-05	3.6437284469e-05
4.1200000000e+02	1.6310665638e-02	-5.8807965387e-03	5.3862772274e-05	3.6444647997e-05
4.1300000000e+02	1.6347113946e-02	-5.9347035072e-03	5.3951131849e-05	3.6451960172e-05
4.1400000000e+02	1.6383569542e-02	-5.9886987371e-03	5.4039295359e-05	3.6459221463e-05
4.1500000000e+02	1.6420032373e-02	-6.0427820328e-03	5.4127263627e-05	3.6466432337e-05
4.1600000000e+02	1.6456502390e-02	-6.0969531995e-03	5.4215037474e-05	3.6473593254e-05
4.1700000000e+02	1.6492979543e-02	-6.1512120432e-03	5.4302617712e-05	3.6480704671e-05
4.1800000000e+02	1.6529463783e-02	-6.2055583707e-03	5.4390005151e-05	3.6487767039e-05
4.1900000000e+02	1.6565955060e-02	-6.2599919895e-03	5.4477200597e-05	3.6494780801e-05
4.2000000000e+02	1.6602453328e-02	-6.3145127082e-03	5.4564204848e-05	3.6501746400e-05
4.2100000000e+02	1.6638958537e-02	-6.3691203358e-03	5.4651018701e-05	3.6508664271e-05
4.2200000000e+02	1.6675470641e-02	-6.4238146824e-03	5.4737642946e-05	3.6515534843e-05
4.2300000000e+02	1.6711989591e-02	-6.4785955587e-03	5.4824078369e-05	3.6522358544e-05
4.2400000000e+02	1.6748515342e-02	-6.5334627764e-03	5.4910325752e-05	3.6529135794e-05
4.2500000000e+02	1.6785047848e-02	-6.5884161478e-03	5.4996385872e-05	3.6535867010e-05
4.2600000000e+02	1.6821587061e-02	-6.6434554860e-03	5.5082259501e-05	3.6542552604e-05
4.2700000000e+02	1.6858132938e-02	-6.6985806049e-03	5.5167947407e-05	3.6549192983e-05
4.2800000000e+02	1.6894685432e-02	-6.7537913192e-03	5.5253450354e-05	3.6555788550e-05
4.2900000000e+02	1.6931244500e-02	-6.8090874442e-03	5.5338769101e-05	3.6562339703e-05
4.3000000000e+02	1.6967810097e-02	-6.8644687962e-03	5.5423904403e-05	3.6568846836e-05
4.3100000000e+02	1.7004382179e-02	-6.9199351921e-03	5.5508857010e-05	3.6575310340e-05
4.3200000000e+02	1.7040960703e-02	-6.9754864496e-03	5.5593627669e-05	3.6581730600e-05
4.3300000000e+02	1.7077545626e-02	-7.0311223870e-03	5.5678217121e-05	3.6588107996e-05
4.3400000000e+02	1.7114136905e-02	-7.0868428237e-03	5.5762626103e-05	3.6594442907e-05
4.3500000000e+02	1.7150734498e-02	-7.1426475793e-03	5.5846855350e-05	3.6600735704e-05
4.3600000000e+02	1.7187338363e-02	-7.1985364747e-03	5.5930905590e-05	3.6606986758e-05
4.3700000000e+02	1.7223948458e-02	-7.2545093311e-03	5.6014777549e-05	3.6613196432e-05
4.3800000000e+02	1.7260564742e-02	-7.3105659706e-03	5.6098471946e-05	3.6619365089e-05
4.3900000000e+02	1.7297187174e-02	-7.3667062160e-03	5.6181989500e-05	3.6625493084e-05
4.4000000000e+02	1.7333815715e-02	-7.4229298909e-03	5.6265330921e-05	3.6631580772e-05
4.4100000000e+02	1.7370450322e-02	-7.4792368194e-03	5.6348496920e-05	3.6637628503e-05
4.4200000000e+02	1.7407090958e-02	-7.5356268265e-03	5.6431488201e-05	3.6643636621e-05
4.4300000000e+02	1.7443737583e-02	-7.5920997378e-03	5.6514305464e-05	3.6649605469e-05
4.4400000000e+02	1.7480390156e-02	-7.6486553796e-03	5.6596949405e-05	3.6655535385e-05
4.4500000000e+02	1.7517048641e-02	-7.7052935791e-03	5.6679420718e-05	3.6661426704e-05
4.4600000000e+02	1.7553712997e-02	-7.7620141638e-03	5.6761720091e-05	3.6667279758e-05
4.4700000000e+02	1.7590383187e-02	-7.8188169622e-03	5.6843848209e-05	3.6673094874e-05
4.4800000000e+02	1.7627059174e-02	-7.8757018033e-03	5.6925805753e-05	3.6678872376e-05
4.4900000000e+02	1.7663740920e-02	-7.9326685170e-03	5.7007593400e-05	3.6684612586e-05
4.5000000000e+02	1.7700428387e-02	-7.9897169337e-03	5.7089211824e-05	3.6690315820e-05
4.5100000000e+02	1.7737121539e-02	-8.0468468845e-03	5.7170661693e-05	3.6695982393e-05
4.5200000000e+02	1.7773820340e-02	-8.1040582011e-03	5.7251943674e-05	3.6701612616e-05
4.5300000000e+02	1.7810524752e-02	-8.1613507161e-03	5.7333058429e-05	3.6707206796e-05
4.5400000000e+02	1.7847234741e-02	-8.2187242625e-03	5.7414006616e-05	3.6712765238e-05
4.5500000000e+02	1.7883950271e-02	-8.2761786740e-03	5.7494788890e-05	3.6718288242e-05
4.5600000000e+02	1.7920671306e-02	-8.3337137852e-03	5.7575405902e-05	3.6723776108e-05
4.5700000000e+02	1.7957397812e-02	-8.3913294310e-03	5.7655858299e-05	3.6729229129e-05
4.5800000000e+02	1.7994129753e-02	-8.4490254471e-03	5.7736146725e-05	3.6734647598e-05
4.5900000000e+02	1.8030867095e-02	-8.5068016700e-03	5.7816271820e-05	3.6740031803e-05
4.6000000000e+02	1.8067609805e-02	-8.5646579365e-03	5.7896234221e-05	3.6745382031e-05
4.6100000000e+02	1.8104357848e-02	-8.6225940844e-03	5.7976034561e-05	3.6750698564e-05
4.6200000000e+02	1.8141111191e-02	-8.6806099518e-03	5.8055673470e-05	3.6755981683e-05
4.6300000000e+02	1.8177869801e-02	-8.7387053777e-03	5.8135151573e-05	3.6761231664e-05
4.6400000000e+02	1.8214633644e-02	-8.7968802016e-03	5.8214469494e-05	3.6766448782e-05
4.6500000000e+02	1.8251402687e-02	-8.8551342635e-03	5.8293627851e-05	3.6771633308e-05
4.6600000000e+02	1.8288176899e-02	-8.9134674043e-03	5.8372627261e-05	3.6776785511e-05
4.6700000000e+02	1.8324956248e-02	-8.9718794653e-03	5.8451468336e-05	3.6781905657e-05
4.6800000000e+02	1.8361740700e-02	-9.0303702884e-03	5.8530151685e-05	3.6786994010e-05
4.6900000000e+02	1.8398530225e-02	-9.0889397163e-03	5.8608677913e-05	3.6792050829e-05
4.7000000000e+02	1.8435324791e-02	-9.1475875921e-03	5.8687047624e-05	3.6797076373e-05
4.7100000000e+02	1.8472124368e-02	-9.2063137595e-03	5.8765261416e-05	3.6802070897e-05
4.7200000000e+02	1.8508928923e-02	-9.2651180631e-03	5.8843319886e-05	3.6807034653e-05
4.7300000000e+02	1.8545738427e-02	-9.3240003477e-03	5.8921223625e-05	3.6811967893e-05
4.7400000000e+02	1.8582552849e-02	-9.3829604590e-03	5.8998973223e-05	3.6816870864e-05
4.7500000000e+02	1.8619372158e-02	-9.4419982430e-03	5.9076569266e-05	3.6821743810e-05
4.7600000000e+02	1.8656196326e-02	-9.5011135465e-03	5.9154012338e-05	3.6826586975e-05
4.7700000000e+02	1.8693025322e-02	-9.5603062169e-03	5.9231303018e-05	3.6831400599e-05
4.7800000000e+02	1.8729859118e-02	-9.6195761020e-03	5.9308441882e-05	3.6836184920e-05
4.7900000000e+02	1.8766697683e-02	-9.6789230502e-03	5.9385429505e-05	3.6840940174e-05
4.8000000000e+02	1.8803540988e-02	-9.7383469107e-03	5.9462266457e-05	3.6845666593e-05
4.8100000000e+02	1.8840389006e-02	-9.7978475331e-03	5.9538953304e-05	3.6850364409e-05
4.8200000000e+02	1.8877241708e-02	-9.8574247675e-03	5.9615490613e-05	3.6855033850e-05
4.8300000000e+02	1.8914099065e-02	-9.9170784647e-03	5.9691878943e-05	3.6859675142e-05
4.8400000000e+02	1.8950961049e-02	-9.9768084759e-03	5.9768118853e-05	3.6864288510e-05
4.8500000000e+02	1.8987827632e-02	-1.0036614653e-02	5.9844210898e-05	3.6868874175e-05
4.8600000000e+02	1.9024698788e-02	-1.0096496849e-02	5.9920155631e-05	3.6873432358e-05
4.8700000000e+02	1.9061574488e-02	-1.0156454915e-02	5.9995953600e-05	3.6877963275e-05
4.8800000000e+02	1.9098454705e-02	-1.0216488707e-02	6.0071605354e-05	3.6882467143e-05
4.8900000000e+02	1.9135339413e-02	-1.0276598078e-02	6.0147111433e-05	3.6886944174e-05
4.9000000000e+02	1.9172228585e-02	-1.0336782882e-02	6.0222472381e-05	3.6891394580e-05
4.9100000000e+02	1.9209122194e-02	-1.0397042974e-02	6.0297688733e-05	3.6895818569e-05
4.9200000000e+02	1.9246020213e-02	-1.0457378211e-02	6.0372761025e-05	3.6900216350e-05
4.9300000000e+02	1.9282922618e-02	-1.0517788448e-02	6.0447689789e-05	3.6904588127e-05
4.9400000000e+02	1.9319829381e-02	-1.0578273543e-02	6.0522475554e-05	3.6908934103e-05
4.9500000000e+02	1.9356740477e-02	-1.0638833352e-02	6.0597118847e-05	3.6913254479e-05
4.9600000000e+02	1.9393655881e-02	-1.0699467733e-02	6.0671620191e-05	3.6917549456e-05
4.9700000000e+02	1.9430575568e-02	-1.0760176545e-02	6.0745980107e-05	3.6921819229e-05
4.9800000000e+02	1.9467499512e-02	-1.0820959647e-02	6.0820199113e-05	3.6926063995e-05
4.9900000000e+02	1.9504427688e-02	-1.0881816897e-02	6.0894277724e-05	3.6930283946e-05
5.0000000000e+02	1.9541360071e-02	-1.0942748155e-02	6.0968216453e-05	3.6934479276e-05
5.0100000000e+02	1.9578296638e-02	-1.1003753283e-02	6.1042015811e-05	3.6938650173e-05
5.0200000000e+02	1.9615237364e-02	-1.1064832141e-02	6.1115676303e-05	3.6942796825e-05
5.0300000000e+02	1.9652182224e-02	-1.1125984590e-02	6.1189198436e-05	3.6946919419e-05
5.0400000000e+02	1.9689131194e-02	-1.1187210492e-02	6.1262582710e-05	3.6951018140e-05
5.0500000000e+02	1.9726084252e-02	-1.1248509709e-02	6.1335829626e-05	3.6955093169e-05
5.0600000000e+02	1.9763041373e-02	-1.1309882105e-02	6.1408939680e-05	3.6959144689e-05
5.0700000000e+02	1.9800002534e-02	-1.1371327543e-02	6.1481913366e-05	3.6963172877e-05
5.0800000000e+02	1.9836967711e-02	-1.1432845887e-02	6.1554751176e-05	3.6967177913e-05
5.0900000000e+02	1.9873936882e-02	-1.1494437000e-02	6.1627453600e-05	3.6971159971e-05
5.1000000000e+02	1.9910910023e-02	-1.1556100749e-02	6.1700021122e-05	3.6975119226e-05
5.1100000000e+02	1.9947887113e-02	-1.1617836998e-02	6.1772454228e-05	3.6979055851e-05
5.1200000000e+02	1.9984868128e-02	-1.1679645613e-02	6.1844753399e-05	3.6982970016e-05
5.1300000000e+02	2.0021853045e-02	-1.1741526460e-02	6.1916919114e-05	3.6986861891e-05
5.1400000000e+02	2.0058841844e-02	-1.1803479407e-02	6.1988951849e-05	3.6990731644e-05
5.1500000000e+02	2.0095834501e-02	-1.1865504320e-02	6.2060852079e-05	3.6994579441e-05
5.1600000000e+02	2.0132830996e-02	-1.1927601067e-02	6.2132620276e-05	3.6998405447e-05
5.1700000000e+02	2.0169831305e-02	-1.1989769516e-02	6.2204256908e-05	3.7002209825e-05
5.1800000000e+02	2.0206835408e-02	-1.2052009537e-02	6.2275762442e-05	3.7005992736e-05
5.1900000000e+02	2.0243843283e-02	-1.2114320998e-02	6.2347137343e-05	3.7009754341e-05
5.2000000000e+02	2.0280854910e-02	-1.2176703768e-02	6.2418382073e-05	3.7013494798e-05
5.2100000000e+02	2.0317870266e-02	-1.2239157719e-02	6.2489497091e-05	3.7017214265e-05
5.2200000000e+02	2.0354889331e-02	-1.2301682719e-02	6.2560482855e-05	3.7020912897e-05
5.2300000000e+02	2.0391912085e-02	-1.2364278641e-02	6.2631339821e-05	3.7024590849e-05
5.2400000000e+02	2.0428938506e-02	-1.2426945356e-02	6.2702068439e-05	3.7028248273e-05
5.2500000000e+02	2.0465968575e-02	-1.2489682736e-02	6.2772669162e-05	3.7031885322e-05
5.2600000000e+02	2.0503002270e-02	-1.2552490652e-02	6.2843142437e-05	3.7035502145e-05
5.2700000000e+02	2.0540039572e-02	-1.2615368978e-02	6.2913488710e-05	3.7039098890e-05
5.2800000000e+02	2.0577080461e-02	-1.2678317587e-02	6.2983708425e-05	3.7042675706e-05
5.2900000000e+02	2.0614124917e-02	-1.2741336353e-02	6.3053802023e-05	3.7046232739e-05
5.3000000000e+02	2.0651172920e-02	-1.2804425149e-02	6.3123769942e-05	3.7049770132e-05
5.3100000000e+02	2.0688224451e-02	-1.2867583851e-02	6.3193612621e-05	3.7053288030e-05
5.3200000000e+02	2.0725279490e-02	-1.2930812333e-02	6.3263330494e-05	3.7056786575e-05
5.3300000000e+02	2.0762338018e-02	-1.2994110471e-02	6.3332923993e-05	3.7060265907e-05
5.3400000000e+02	2.0799400015e-02	-1.3057478140e-02	6.3402393548e-05	3.7063726166e-05
5.3500000000e+02	2.0836465464e-02	-1.3120915217e-02	6.3471739589e-05	3.7067167491e-05
5.3600000000e+02	2.0873534344e-02	-1.3184421578e-02	6.3540962540e-05	3.7070590018e-05
5.3700000000e+02	2.0910606637e-02	-1.3247997101e-02	6.3610062827e-05	3.7073993883e-05
5.3800000000e+02	2.0947682325e-02	-1.3311641663e-02	6.3679040870e-05	3.7077379222e-05
5.3900000000e+02	2.0984761390e-02	-1.3375355142e-02	6.3747897090e-05	3.7080746166e-05
5.4000000000e+02	2.1021843812e-02	-1.3439137416e-02	6.3816631904e-05	3.7084094849e-05
5.4100000000e+02	2.1058929573e-02	-1.3502988365e-02	6.3885245728e-05	3.7087425402e-05
5.4200000000e+02	2.1096018657e-02	-1.3566907868e-02	6.3953738975e-05	3.7090737953e-05
5.4300000000e+02	2.1133111043e-02	-1.3630895803e-02	6.4022112056e-05	3.7094032633e-05
5.4400000000e+02	2.1170206716e-02	-1.3694952052e-02	6.4090365382e-05	3.7097309569e-05
5.4500000000e+02	2.1207305657e-02	-1.3759076494e-02	6.4158499359e-05	3.7100568887e-05
5.4600000000e+02	2.1244407848e-02	-1.3823269011e-02	6.4226514393e-05	3.7103810713e-05
5.4700000000e+02	2.1281513272e-02	-1.3887529483e-02	6.4294410888e-05	3.7107035170e-05
5.4800000000e+02	2.1318621912e-02	-1.3951857793e-02	6.4362189244e-05	3.7110242382e-05
5.4900000000e+02	2.1355733751e-02	-1.4016253823e-02	6.4429849862e-05	3.7113432470e-05
5.5000000000e+02	2.1392848772e-02	-1.4080717454e-02	6.4497393138e-05	3.7116605557e-05
5.5100000000e+02	2.1429966957e-02	-1.4145248570e-02	6.4564819468e-05	3.7119761762e-05
5.5200000000e+02	2.1467088290e-02	-1.4209847054e-02	6.4632129246e-05	3.7122901203e-05
5.5300000000e+02	2.1504212754e-02	-1.4274512790e-02	6.4699322863e-05	3.7126023998e-05
5.5400000000e+02	2.1541340332e-02	-1.4339245661e-02	6.4766400710e-05	3.7129130265e-05
5.5500000000e+02	2.1578471009e-02	-1.4404045553e-02	6.4833363174e-05	3.7132220119e-05
5.5600000000e+02	2.1615604767e-02	-1.4468912349e-02	6.4900210641e-05	3.7135293675e-05
5.5700000000e+02	2.1652741591e-02	-1.4533845936e-02	6.4966943494e-05	3.7138351046e-05
5.5800000000e+02	2.1689881464e-02	-1.4598846198e-02	6.5033562118e-05	3.7141392346e-05
5.5900000000e+02	2.1727024370e-02	-1.4663913022e-02	6.5100066891e-05	3.7144417686e-05
5.6000000000e+02	2.1764170294e-02	-1.4729046294e-02	6.5166458193e-05	3.7147427178e-05
5.6100000000e+02	2.1801319219e-02	-1.4794245901e-02	6.5232736399e-05	3.7150420930e-05
5.6200000000e+02	2.1838471130e-02	-1.4859511729e-02	6.5298901886e-05	3.7153399052e-05
5.6300000000e+02	2.1875626012e-02	-1.4924843667e-02	6.5364955025e-05	3.7156361652e-05
5.6400000000e+02	2.1912783849e-02	-1.4990241602e-02	6.5430896189e-05	3.7159308838e-05
5.6500000000e+02	2.1949944625e-02	-1.5055705422e-02	6.5496725747e-05	3.7162240714e-05
5.6600000000e+02	2.1987108325e-02	-1.5121235016e-02	6.5562444066e-05	3.7165157387e-05
5.6700000000e+02	2.2024274934e-02	-1.5186830273e-02	6.5628051513e-05	3.7168058961e-05
5.6800000000e+02	2.2061444438e-02	-1.5252491083e-02	6.5693548452e-05	3.7170945539e-05
5.6900000000e+02	2.2098616820e-02	-1.5318217334e-02	6.5758935244e-05	3.7173817225e-05
5.7000000000e+02	2.2135792067e-02	-1.5384008917e-02	6.5824212252e-05	3.7176674119e-05
5.7100000000e+02	2.2172970164e-02	-1.5449865722e-02	6.5889379834e-05	3.7179516322e-05
5.7200000000e+02	2.2210151095e-02	-1.5515787640e-02	6.5954438348e-05	3.7182343935e-05
5.7300000000e+02	2.2247334847e-02	-1.5581774562e-02	6.6019388148e-05	3.7185157057e-05
5.7400000000e+02	2.2284521404e-02	-1.5647826380e-02	6.6084229590e-05	3.7187955786e-05
5.7500000000e+02	2.2321710754e-02	-1.5713942985e-02	6.6148963024e-05	3.7190740220e-05
5.7600000000e+02	2.2358902880e-02	-1.5780124270e-02	6.6213588803e-05	3.7193510455e-05
5.7700000000e+02	2.2396097770e-02	-1.5846370127e-02	6.6278107274e-05	3.7196266587e-05
5.7800000000e+02	2.2433295409e-02	-1.5912680449e-02	6.6342518785e-05	3.7199008711e-05
5.7900000000e+02	2.2470495783e-02	-1.5979055129e-02	6.6406823682e-05	3.7201736922e-05
5.8000000000e+02	2.2507698878e-02	-1.6045494061e-02	6.6471022308e-05	3.7204451313e-05
5.8100000000e+02	2.2544904681e-02	-1.6111997139e-02	6.6535115007e-05	3.7207151977e-05
5.8200000000e+02	2.2582113177e-02	-1.6178564256e-02	6.6599102119e-05	3.7209839005e-05
5.8300000000e+02	2.2619324354e-02	-1.6245195308e-02	6.6662983983e-05	3.7212512489e-05
5.8400000000e+02	2.2656538198e-02	-1.6311890189e-02	6.6726760936e-05	3.7215172519e-05
5.8500000000e+02	2.2693754695e-02	-1.6378648795e-02	6.6790433315e-05	3.7217819185e-05
5.8600000000e+02	2.2730973832e-02	-1.6445471021e-02	6.6854001455e-05	3.7220452576e-05
5.8700000000e+02	2.2768195596e-02	-1.6512356763e-02	6.6917465687e-05	3.7223072780e-05
5.8800000000e+02	2.2805419973e-02	-1.6579305918e-02	6.6980826344e-05	3.7225679884e-05
5.8900000000e+02	2.2842646951e-02	-1.6646318381e-02	6.7044083756e-05	3.7228273975e-05
5.9000000000e+02	2.2879876517e-02	-1.6713394051e-02	6.7107238250e-05	3.7230855140e-05
5.9100000000e+02	2.2917108657e-02	-1.6780532824e-02	6.7170290153e-05	3.7233423463e-05
5.9200000000e+02	2.2954343359e-02	-1.6847734597e-02	6.7233239791e-05	3.7235979030e-05
5.9300000000e+02	2.2991580611e-02	-1.6914999269e-02	6.7296087487e-05	3.7238521923e-05
5.9400000000e+02	2.3028820399e-02	-1.6982326738e-02	6.7358833564e-05	3.7241052227e-05
5.9500000000e+02	2.3066062711e-02	-1.7049716902e-02	6.7421478342e-05	3.7243570024e-05
5.9600000000e+02	2.3103307535e-02	-1.7117169661e-02	6.7484022141e-05	3.7246075395e-05
5.9700000000e+02	2.3140554858e-02	-1.7184684913e-02	6.7546465278e-05	3.7248568423e-05
5.9800000000e+02	2.3177804668e-02	-1.7252262558e-02	6.7608808070e-05	3.7251049187e-05
5.9900000000e+02	2.3215056952e-02	-1.7319902496e-02	6.7671050831e-05	3.7253517768e-05
6.0000000000e+02	2.3252311699e-02	-1.7387604627e-02	6.7733193876e-05	3.7255974244e-05
6.0100000000e+02	2.3289568897e-02	-1.7455368851e-02	6.7795237516e-05	3.7258418695e-05
6.0200000000e+02	2.3326828532e-02	-1.7523195069e-02	6.7857182062e-05	3.7260851198e-05
6.0300000000e+02	2.3364090595e-02	-1.7591083182e-02	6.7919027822e-05	3.7263271831e-05
6.0400000000e+02	2.3401355072e-02	-1.7659033091e-02	6.7980775105e-05	3.7265680670e-05
6.0500000000e+02	2.3438621952e-02	-1.7727044699e-02	6.8042424218e-05	3.7268077792e-05
6.0600000000e+02	2.3475891224e-02	-1.7795117907e-02	6.8103975464e-05	3.7270463273e-05
6.0700000000e+02	2.3513162875e-02	-1.7863252618e-02	6.8165429148e-05	3.7272837186e-05
6.0800000000e+02	2.3550436894e-02	-1.7931448733e-02	6.8226785572e-05	3.7275199607e-05
6.0900000000e+02	2.3587713270e-02	-1.7999706157e-02	6.8288045036e-05	3.7277550608e-05
6.1000000000e+02	2.3624991992e-02	-1.8068024791e-02	6.8349207841e-05	3.7279890264e-05
6.1100000000e+02	2.3662273047e-02	-1.8136404540e-02	6.8410274284e-05	3.7282218647e-05
6.1200000000e+02	2.3699556425e-02	-1.8204845308e-02	6.8471244662e-05	3.7284535829e-05
6.1300000000e+02	2.3736842115e-02	-1.8273346997e-02	6.8532119270e-05	3.7286841880e-05
6.1400000000e+02	2.3774130106e-02	-1.8341909514e-02	6.8592898404e-05	3.7289136873e-05
6.1500000000e+02	2.3811420385e-02	-1.8410532763e-02	6.8653582354e-05	3.7291420877e-05
6.1600000000e+02	2.3848712944e-02	-1.8479216647e-02	6.8714171414e-05	3.7293693962e-05
6.1700000000e+02	2.3886007770e-02	-1.8547961074e-02	6.8774665873e-05	3.7295956197e-05
6.1800000000e+02	2.3923304852e-02	-1.8616765948e-02	6.8835066020e-05	3.7298207651e-05
6.1900000000e+02	2.3960604181e-02	-1.8685631175e-02	6.8895372142e-05	3.7300448391e-05
6.2000000000e+02	2.3997905746e-02	-1.8754556661e-02	6.8955584526e-05	3.7302678486e-05
6.2100000000e+02	2.4035209535e-02	-1.8823542312e-02	6.9015703458e-05	3.7304898003e-05
6.2200000000e+02	2.4072515538e-02	-1.8892588037e-02	6.9075729220e-05	3.7307107008e-05
6.2300000000e+02	2.4109823745e-02	-1.8961693740e-02	6.9135662095e-05	3.7309305566e-05
6.2400000000e+02	2.4147134146e-02	-1.9030859330e-02	6.9195502365e-05	3.7311493744e-05
6.2500000000e+02	2.4184446729e-02	-1.9100084714e-02	6.9255250309e-05	3.7313671607e-05
6.2600000000e+02	2.4221761486e-02	-1.9169369800e-02	6.9314906207e-05	3.7315839218e-05
6.2700000000e+02	2.4259078404e-02	-1.9238714496e-02	6.9374470335e-05	3.7317996642e-05
6.2800000000e+02	2.4296397476e-02	-1.9308118710e-02	6.9433942971e-05	3.7320143942e-05
6.2900000000e+02	2.4333718689e-02	-1.9377582351e-02	6.9493324388e-05	3.7322281182e-05
6.3000000000e+02	2.4371042035e-02	-1.9447105328e-02	6.9552614862e-05	3.7324408423e-05
6.3100000000e+02	2.4408367502e-02	-1.9516687551e-02	6.9611814664e-05	3.7326525728e-05
6.3200000000e+02	2.4445695083e-02	-1.9586328928e-02	6.9670924067e-05	3.7328633158e-05
6.3300000000e+02	2.4483024766e-02	-1.9656029369e-02	6.9729943340e-05	3.7330730774e-05
6.3400000000e+02	2.4520356541e-02	-1.9725788784e-02	6.9788872753e-05	3.7332818637e-05
6.3500000000e+02	2.4557690400e-02	-1.9795607084e-02	6.9847712573e-05	3.7334896808e-05
6.3600000000e+02	2.4595026331e-02	-1.9865484180e-02	6.9906463068e-05	3.7336965344e-05
6.3700000000e+02	2.4632364327e-02	-1.9935419981e-02	6.9965124502e-05	3.7339024307e-05
6.3800000000e+02	2.4669704377e-02	-2.0005414399e-02	7.0023697141e-05	3.7341073754e-05
6.3900000000e+02	2.4707046471e-02	-2.0075467346e-02	7.0082181247e-05	3.7343113744e-05
6.4000000000e+02	2.4744390601e-02	-2.0145578732e-02	7.0140577084e-05	3.7345144335e-05
6.4100000000e+02	2.4781736757e-02	-2.0215748471e-02	7.0198884910e-05	3.7347165583e-05
6.4200000000e+02	2.4819084929e-02	-2.0285976473e-02	7.0257104988e-05	3.7349177547e-05
6.4300000000e+02	2.4856435109e-02	-2.0356262651e-02	7.0315237574e-05	3.7351180283e-05
6.4400000000e+02	2.4893787287e-02	-2.0426606919e-02	7.0373282928e-05	3.7353173846e-05
6.4500000000e+02	2.4931141454e-02	-2.0497009188e-02	7.0431241305e-05	3.7355158293e-05
6.4600000000e+02	2.4968497600e-02	-2.0567469373e-02	7.0489112961e-05	3.7357133678e-05
6.4700000000e+02	2.5005855718e-02	-2.0637987385e-02	7.0546898150e-05	3.7359100057e-05
6.4800000000e+02	2.5043215798e-02	-2.0708563140e-02	7.0604597126e-05	3.7361057484e-05
6.4900000000e+02	2.5080577830e-02	-2.0779196551e-02	7.0662210140e-05	3.7363006013e-05
6.5000000000e+02	2.5117941807e-02	-2.0849887532e-02	7.0719737444e-05	3.7364945698e-05
6.5100000000e+02	2.5155307718e-02	-2.0920635997e-02	7.0777179287e-05	3.7366876592e-05
6.5200000000e+02	2.5192675557e-02	-2.0991441862e-02	7.0834535919e-05	3.7368798747e-05
6.5300000000e+02	2.5230045313e-02	-2.1062305041e-02	7.0891807586e-05	3.7370712216e-05
6.5400000000e+02	2.5267416978e-02	-2.1133225449e-02	7.0948994537e-05	3.7372617052e-05
6.5500000000e+02	2.5304790544e-02	-2.1204203002e-02	7.1006097017e-05	3.7374513306e-05
6.5600000000e+02	2.5342166002e-02	-2.1275237615e-02	7.1063115270e-05	3.7376401029e-05
6.5700000000e+02	2.5379543344e-02	-2.1346329204e-02	7.1120049540e-05	3.7378280272e-05
6.5800000000e+02	2.5416922560e-02	-2.1417477686e-02	7.1176900070e-05	3.7380151085e-05
6.5900000000e+02	2.5454303643e-02	-2.1488682977e-02	7.1233667101e-05	3.7382013519e-05
6.6000000000e+02	2.5491686584e-02	-2.1559944993e-02	7.1290350874e-05	3.7383867624e-05
6.6100000000e+02	2.5529071375e-02	-2.1631263651e-02	7.1346951628e-05	3.7385713448e-05
6.6200000000e+02	2.5566458008e-02	-2.1702638868e-02	7.1403469602e-05	3.7387551041e-05
6.6300000000e+02	2.5603846475e-02	-2.1774070562e-02	7.1459905033e-05	3.7389380452e-05
6.6400000000e+02	2.5641236767e-02	-2.1845558651e-02	7.1516258159e-05	3.7391201729e-05
6.6500000000e+02	2.5678628876e-02	-2.1917103051e-02	7.1572529213e-05	3.7393014920e-05
6.6600000000e+02	2.5716022794e-02	-2.1988703682e-02	7.1628718432e-05	3.7394820072e-05
6.6700000000e+02	2.5753418513e-02	-2.2060360461e-02	7.1684826048e-05	3.7396617233e-05
6.6800000000e+02	2.5790816025e-02	-2.2132073307e-02	7.1740852294e-05	3.7398406449e-05
6.6900000000e+02	2.5828215323e-02	-2.2203842139e-02	7.1796797402e-05	3.7400187768e-05
6.7000000000e+02	2.5865616398e-02	-2.2275666875e-02	7.1852661602e-05	3.7401961235e-05
6.7100000000e+02	2.5903019243e-02	-2.2347547435e-02	7.1908445124e-05	3.7403726897e-05
6.7200000000e+02	2.5940423850e-02	-2.2419483738e-02	7.1964148196e-05	3.7405484798e-05
6.7300000000e+02	2.5977830210e-02	-2.2491475705e-02	7.2019771047e-05	3.7407234985e-05
6.7400000000e+02	2.6015238317e-02	-2.2563523254e-02	7.2075313903e-05	3.7408977502e-05
6.7500000000e+02	2.6052648163e-02	-2.2635626306e-02	7.2130776990e-05	3.7410712393e-05
6.7600000000e+02	2.6090059739e-02	-2.2707784781e-02	7.2186160533e-05	3.7412439703e-05
6.7700000000e+02	2.6127473040e-02	-2.2779998600e-02	7.2241464756e-05	3.7414159476e-05
6.7800000000e+02	2.6164888056e-02	-2.2852267684e-02	7.2296689882e-05	3.7415871756e-05
6.7900000000e+02	2.6202304781e-02	-2.2924591954e-02	7.2351836133e-05	3.7417576585e-05
6.8000000000e+02	2.6239723206e-02	-2.2996971330e-02	7.2406903731e-05	3.7419274008e-05
6.8100000000e+02	2.6277143326e-02	-2.3069405735e-02	7.2461892895e-05	3.7420964065e-05
6.8200000000e+02	2.6314565132e-02	-2.3141895090e-02	7.2516803845e-05	3.7422646801e-05
6.8300000000e+02	2.6351988617e-02	-2.3214439317e-02	7.2571636800e-05	3.7424322256e-05
6.8400000000e+02	2.6389413774e-02	-2.3287038338e-02	7.2626391976e-05	3.7425990474e-05
6.8500000000e+02	2.6426840596e-02	-2.3359692075e-02	7.2681069592e-05	3.7427651494e-05
6.8600000000e+02	2.6464269075e-02	-2.3432400451e-02	7.2735669863e-05	3.7429305359e-05
6.8700000000e+02	2.6501699204e-02	-2.3505163389e-02	7.2790193003e-05	3.7430952109e-05
6.8800000000e+02	2.6539130977e-02	-2.3577980811e-02	7.2844639227e-05	3.7432591785e-05
6.8900000000e+02	2.6576564385e-02	-2.3650852642e-02	7.2899008748e-05	3.7434224427e-05
6.9000000000e+02	2.6613999423e-02	-2.3723778803e-02	7.2953301778e-05	3.7435850075e-05
6.9100000000e+02	2.6651436083e-02	-2.3796759220e-02	7.3007518528e-05	3.7437468770e-05
6.9200000000e+02	2.6688874358e-02	-2.3869793815e-02	7.3061659210e-05	3.7439080550e-05
6.9300000000e+02	2.6726314242e-02	-2.3942882513e-02	7.3115724033e-05	3.7440685454e-05
6.9400000000e+02	2.6763755727e-02	-2.4016025238e-02	7.3169713206e-05	3.7442283522e-05
6.9500000000e+02	2.6801198807e-02	-2.4089221914e-02	7.3223626937e-05	3.7443874792e-05
6.9600000000e+02	2.6838643474e-02	-2.4162472467e-02	7.3277465433e-05	3.7445459303e-05
6.9700000000e+02	2.6876089723e-02	-2.4235776820e-02	7.3331228900e-05	3.7447037092e-05
6.9800000000e+02	2.6913537546e-02	-2.4309134900e-02	7.3384917544e-05	3.7448608198e-05
6.9900000000e+02	2.6950986937e-02	-2.4382546630e-02	7.3438531571e-05	3.7450172658e-05
7.0000000000e+02	2.6988437889e-02	-2.4456011938e-02	7.3492071182e-05	3.7451730509e-05
7.0100000000e+02	2.7025890396e-02	-2.4529530748e-02	7.3545536582e-05	3.7453281789e-05
7.0200000000e+02	2.7063344451e-02	-2.4603102986e-02	7.3598927973e-05	3.7454826533e-05
7.0300000000e+02	2.7100800047e-02	-2.4676728579e-02	7.3652245557e-05	3.7456364780e-05
7.0400000000e+02	2.7138257178e-02	-2.4750407453e-02	7.3705489533e-05	3.7457896564e-05
7.0500000000e+02	2.7175715838e-02	-2.4824139534e-02	7.3758660102e-05	3.7459421922e-05
7.0600000000e+02	2.7213176020e-02	-2.4897924749e-02	7.3811757463e-05	3.7460940890e-05
7.0700000000e+02	2.7250637718e-02	-2.4971763025e-02	7.3864781814e-05	3.7462453504e-05
7.0800000000e+02	2.7288100925e-02	-2.5045654288e-02	7.3917733352e-05	3.7463959797e-05
7.0900000000e+02	2.7325565635e-02	-2.5119598467e-02	7.3970612274e-05	3.7465459807e-05
7.1000000000e+02	2.7363031842e-02	-2.5193595489e-02	7.4023418776e-05	3.7466953566e-05
7.1100000000e+02	2.7400499540e-02	-2.5267645281e-02	7.4076153053e-05	3.7468441111e-05
7.1200000000e+02	2.7437968723e-02	-2.5341747771e-02	7.4128815300e-05	3.7469922475e-05
7.1300000000e+02	2.7475439383e-02	-2.5415902887e-02	7.4181405709e-05	3.7471397692e-05
7.1400000000e+02	2.7512911516e-02	-2.5490110558e-02	7.4233924474e-05	3.7472866796e-05
7.1500000000e+02	2.7550385115e-02	-2.5564370712e-02	7.4286371786e-05	3.7474329821e-05
7.1600000000e+02	2.7587860174e-02	-2.5638683278e-02	7.4338747838e-05	3.7475786801e-05
7.1700000000e+02	2.7625336686e-02	-2.5713048184e-02	7.4391052818e-05	3.7477237767e-05
7.1800000000e+02	2.7662814647e-02	-2.5787465360e-02	7.4443286918e-05	3.7478682754e-05
7.1900000000e+02	2.7700294050e-02	-2.5861934735e-02	7.4495450326e-05	3.7480121794e-05
7.2000000000e+02	2.7737774889e-02	-2.5936456237e-02	7.4547543231e-05	3.7481554919e-05
7.2100000000e+02	2.7775257158e-02	-2.6011029798e-02	7.4599565819e-05	3.7482982162e-05
7.2200000000e+02	2.7812740851e-02	-2.6085655346e-02	7.4651518278e-05	3.7484403554e-05
7.2300000000e+02	2.7850225963e-02	-2.6160332811e-02	7.4703400794e-05	3.7485819128e-05
7.2400000000e+02	2.7887712487e-02	-2.6235062124e-02	7.4755213551e-05	3.7487228915e-05
7.2500000000e+02	2.7925200419e-02	-2.6309843215e-02	7.4806956736e-05	3.7488632947e-05
7.2600000000e+02	2.7962689751e-02	-2.6384676014e-02	7.4858630531e-05	3.7490031255e-05
7.2700000000e+02	2.8000180479e-02	-2.6459560453e-02	7.4910235120e-05	3.7491423869e-05
7.2800000000e+02	2.8037672597e-02	-2.6534496461e-02	7.4961770685e-05	3.7492810821e-05
7.2900000000e+02	2.8075166099e-02	-2.6609483971e-02	7.5013237408e-05	3.7494192140e-05
7.3000000000e+02	2.8112660980e-02	-2.6684522913e-02	7.5064635470e-05	3.7495567859e-05
7.3100000000e+02	2.8150157233e-02	-2.6759613219e-02	7.5115965051e-05	3.7496938005e-05
7.3200000000e+02	2.8187654854e-02	-2.6834754821e-02	7.5167226331e-05	3.7498302611e-05
7.3300000000e+02	2.8225153836e-02	-2.6909947649e-02	7.5218419489e-05	3.7499661704e-05
7.3400000000e+02	2.8262654175e-02	-2.6985191637e-02	7.5269544704e-05	3.7501015315e-05
7.3500000000e+02	2.8300155865e-02	-2.7060486716e-02	7.5320602152e-05	3.7502363474e-05
7.3600000000e+02	2.8337658901e-02	-2.7135832819e-02	7.5371592010e-05	3.7503706208e-05
7.3700000000e+02	2.8375163276e-02	-2.7211229878e-02	7.5422514455e-05	3.7505043548e-05
7.3800000000e+02	2.8412668986e-02	-2.7286677825e-02	7.5473369663e-05	3.7506375522e-05
7.3900000000e+02	2.8450176025e-02	-2.7362176595e-02	7.5524157808e-05	3.7507702159e-05
7.4000000000e+02	2.8487684388e-02	-2.7437726119e-02	7.5574879064e-05	3.7509023486e-05
7.4100000000e+02	2.8525194070e-02	-2.7513326330e-02	7.5625533604e-05	3.7510339533e-05
7.4200000000e+02	2.8562705066e-02	-2.7588977164e-02	7.5676121603e-05	3.7511650327e-05
7.4300000000e+02	2.8600217369e-02	-2.7664678552e-02	7.5726643231e-05	3.7512955896e-05
7.4400000000e+02	2.8637730976e-02	-2.7740430428e-02	7.5777098661e-05	3.7514256268e-05
7.4500000000e+02	2.8675245880e-02	-2.7816232727e-02	7.5827488063e-05	3.7515551470e-05
7.4600000000e+02	2.8712762077e-02	-2.7892085382e-02	7.5877811608e-05	3.7516841529e-05
7.4700000000e+02	2.8750279561e-02	-2.7967988328e-02	7.5928069464e-05	3.7518126473e-05
7.4800000000e+02	2.8787798328e-02	-2.8043941499e-02	7.5978261802e-05	3.7519406329e-05
7.4900000000e+02	2.8825318372e-02	-2.8119944830e-02	7.6028388788e-05	3.7520681122e-05
7.5000000000e+02	2.8862839689e-02	-2.8195998255e-02	7.6078450592e-05	3.7521950881e-05
7.5100000000e+02	2.8900362273e-02	-2.8272101710e-02	7.6128447380e-05	3.7523215630e-05
7.5200000000e+02	2.8937886118e-02	-2.8348255128e-02	7.6178379317e-05	3.7524475397e-05
7.5300000000e+02	2.8975411222e-02	-2.8424458447e-02	7.6228246571e-05	3.7525730208e-05
7.5400000000e+02	2.9012937577e-02	-2.8500711600e-02	7.6278049307e-05	3.7526980088e-05
7.5500000000e+02	2.9050465180e-02	-2.8577014524e-02	7.6327787687e-05	3.7528225063e-05
7.5600000000e+02	2.9087994026e-02	-2.8653367154e-02	7.6377461878e-05	3.7529465159e-05
7.5700000000e+02	2.9125524109e-02	-2.8729769426e-02	7.6427072041e-05	3.7530700400e-05
7.5800000000e+02	2.9163055425e-02	-2.8806221277e-02	7.6476618340e-05	3.7531930813e-05
7.5900000000e+02	2.9200587969e-02	-2.8882722642e-02	7.6526100936e-05	3.7533156423e-05
7.6000000000e+02	2.9238121736e-02	-2.8959273457e-02	7.6575519991e-05	3.7534377253e-05
7.6100000000e+02	2.9275656722e-02	-2.9035873660e-02	7.6624875667e-05	3.7535593330e-05
7.6200000000e+02	2.9313192921e-02	-2.9112523188e-02	7.6674168122e-05	3.7536804677e-05
7.6300000000e+02	2.9350730330e-02	-2.9189221976e-02	7.6723397517e-05	3.7538011319e-05
7.6400000000e+02	2.9388268942e-02	-2.9265969962e-02	7.6772564010e-05	3.7539213280e-05
7.6500000000e+02	2.9425808755e-02	-2.9342767083e-02	7.6821667761e-05	3.7540410585e-05
7.6600000000e+02	2.9463349762e-02	-2.9419613276e-02	7.6870708927e-05	3.7541603257e-05
7.6700000000e+02	2.9500891960e-02	-2.9496508480e-02	7.6919687666e-05	3.7542791320e-05
7.6800000000e+02	2.9538435343e-02	-2.9573452631e-02	7.6968604133e-05	3.7543974798e-05
7.6900000000e+02	2.9575979908e-02	-2.9650445667e-02	7.7017458485e-05	3.7545153714e-05
7.7000000000e+02	2.9613525649e-02	-2.9727487527e-02	7.7066250878e-05	3.7546328091e-05
7.7100000000e+02	2.9651072562e-02	-2.9804578149e-02	7.7114981467e-05	3.7547497954e-05
7.7200000000e+02	2.9688620643e-02	-2.9881717470e-02	7.7163650405e-05	3.7548663324e-05
7.7300000000e+02	2.9726169888e-02	-2.9958905429e-02	7.7212257848e-05	3.7549824225e-05
7.7400000000e+02	2.9763720290e-02	-3.0036141965e-02	7.7260803947e-05	3.7550980679e-05
7.7500000000e+02	2.9801271847e-02	-3.0113427016e-02	7.7309288857e-05	3.7552132710e-05
7.7600000000e+02	2.9838824554e-02	-3.0190760522e-02	7.7357712728e-05	3.7553280339e-05
7.7700000000e+02	2.9876378407e-02	-3.0268142422e-02	7.7406075712e-05	3.7554423589e-05
7.7800000000e+02	2.9913933400e-02	-3.0345572653e-02	7.7454377961e-05	3.7555562483e-05
7.7900000000e+02	2.9951489530e-02	-3.0423051157e-02	7.7502619624e-05	3.7556697041e-05
7.8000000000e+02	2.9989046793e-02	-3.0500577873e-02	7.7550800853e-05	3.7557827286e-05
7.8100000000e+02	3.0026605183e-02	-3.0578152739e-02	7.7598921795e-05	3.7558953241e-05
7.8200000000e+02	3.0064164698e-02	-3.0655775696e-02	7.7646982601e-05	3.7560074925e-05
7.8300000000e+02	3.0101725332e-02	-3.0733446684e-02	7.7694983417e-05	3.7561192362e-05
7.8400000000e+02	3.0139287081e-02	-3.0811165643e-02	7.7742924393e-05	3.7562305572e-05
7.8500000000e+02	3.0176849941e-02	-3.0888932513e-02	7.7790805674e-05	3.7563414577e-05
7.8600000000e+02	3.0214413909e-02	-3.0966747234e-02	7.7838627409e-05	3.7564519397e-05
7.8700000000e+02	3.0251978979e-02	-3.1044609748e-02	7.7886389742e-05	3.7565620054e-05
7.8800000000e+02	3.0289545148e-02	-3.1122519994e-02	7.7934092819e-05	3.7566716568e-05
7.8900000000e+02	3.0327112411e-02	-3.1200477914e-02	7.7981736787e-05	3.7567808961e-05
7.9000000000e+02	3.0364680764e-02	-3.1278483448e-02	7.8029321788e-05	3.7568897252e-05
7.9100000000e+02	3.0402250204e-02	-3.1356536538e-02	7.8076847967e-05	3.7569981462e-05
7.9200000000e+02	3.0439820726e-02	-3.1434637124e-02	7.8124315467e-05	3.7571061612e-05
7.9300000000e+02	3.0477392326e-02	-3.1512785149e-02	7.8171724433e-05	3.7572137722e-05
7.9400000000e+02	3.0514965000e-02	-3.1590980554e-02	7.8219075005e-05	3.7573209811e-05
7.9500000000e+02	3.0552538744e-02	-3.1669223280e-02	7.8266367326e-05	3.7574277900e-05
7.9600000000e+02	3.0590113554e-02	-3.1747513269e-02	7.8313601537e-05	3.7575342009e-05
7.9700000000e+02	3.0627689427e-02	-3.1825850464e-02	7.8360777780e-05	3.7576402157e-05
7.9800000000e+02	3.0665266357e-02	-3.1904234805e-02	7.8407896194e-05	3.7577458364e-05
7.9900000000e+02	3.0702844342e-02	-3.1982666237e-02	7.8454956920e-05	3.7578510649e-05
8.0000000000e+02	3.0740423377e-02	-3.2061144700e-02	7.8501960097e-05	3.7579559032e-05
8.0100000000e+02	3.0778003459e-02	-3.2139670138e-02	7.8548905864e-05	3.7580603531e-05
8.0200000000e+02	3.0815584583e-02	-3.2218242493e-02	7.8595794359e-05	3.7581644167e-05
8.0300000000e+02	3.0853166746e-02	-3.2296861708e-02	7.8642625720e-05	3.7582680957e-05
8.0400000000e+02	3.0890749944e-02	-3.2375527725e-02	7.8689400086e-05	3.7583713921e-05
8.0500000000e+02	3.0928334172e-02	-3.2454240489e-02	7.8736117592e-05	3.7584743078e-05
8.0600000000e+02	3.0965919429e-02	-3.2532999941e-02	7.8782778375e-05	3.7585768446e-05
8.0700000000e+02	3.1003505708e-02	-3.2611806027e-02	7.8829382571e-05	3.7586790044e-05
8.0800000000e+02	3.1041093007e-02	-3.2690658688e-02	7.8875930316e-05	3.7587807890e-05
8.0900000000e+02	3.1078681323e-02	-3.2769557869e-02	7.8922421744e-05	3.7588822002e-05
8.1000000000e+02	3.1116270650e-02	-3.2848503513e-02	7.8968856991e-05	3.7589832399e-05
8.1100000000e+02	3.1153860986e-02	-3.2927495564e-02	7.9015236190e-05	3.7590839099e-05
8.1200000000e+02	3.1191452327e-02	-3.3006533966e-02	7.9061559475e-05	3.7591842119e-05
8.1300000000e+02	3.1229044669e-02	-3.3085618664e-02	7.9107826978e-05	3.7592841478e-05
8.1400000000e+02	3.1266638009e-02	-3.3164749602e-02	7.9154038834e-05	3.7593837193e-05
8.1500000000e+02	3.1304232342e-02	-3.3243926723e-02	7.9200195173e-05	3.7594829282e-05
8.1600000000e+02	3.1341827666e-02	-3.3323149974e-02	7.9246296127e-05	3.7595817763e-05
8.1700000000e+02	3.1379423977e-02	-3.3402419297e-02	7.9292341829e-05	3.7596802653e-05
8.1800000000e+02	3.1417021270e-02	-3.3481734639e-02	7.9338332407e-05	3.7597783968e-05
8.1900000000e+02	3.1454619543e-02	-3.3561095944e-02	7.9384267994e-05	3.7598761728e-05
8.2000000000e+02	3.1492218793e-02	-3.3640503157e-02	7.9430148719e-05	3.7599735948e-05
8.2100000000e+02	3.1529819014e-02	-3.3719956223e-02	7.9475974710e-05	3.7600706645e-05
8.2200000000e+02	3.1567420205e-02	-3.3799455088e-02	7.9521746098e-05	3.7601673837e-05
8.2300000000e+02	3.1605022361e-02	-3.3878999697e-02	7.9567463010e-05	3.7602637541e-05
8.2400000000e+02	3.1642625479e-02	-3.3958589996e-02	7.9613125576e-05	3.7603597772e-05
8.2500000000e+02	3.1680229555e-02	-3.4038225930e-02	7.9658733921e-05	3.7604554548e-05
8.2600000000e+02	3.1717834587e-02	-3.4117907446e-02	7.9704288174e-05	3.7605507885e-05
8.2700000000e+02	3.1755440570e-02	-3.4197634488e-02	7.9749788462e-05	3.7606457800e-05
8.2800000000e+02	3.1793047501e-02	-3.4277407004e-02	7.9795234910e-05	3.7607404309e-05
8.2900000000e+02	3.1830655377e-02	-3.4357224940e-02	7.9840627645e-05	3.7608347428e-05
8.3000000000e+02	3.1868264195e-02	-3.4437088242e-02	7.9885966791e-05	3.7609287174e-05
8.3100000000e+02	3.1905873950e-02	-3.4516996856e-02	7.9931252475e-05	3.7610223561e-05
8.3200000000e+02	3.1943484641e-02	-3.4596950729e-02	7.9976484820e-05	3.7611156607e-05
8.3300000000e+02	3.1981096263e-02	-3.4676949808e-02	8.0021663950e-05	3.7612086327e-05
8.3400000000e+02	3.2018708812e-02	-3.4756994039e-02	8.0066789990e-05	3.7613012737e-05
8.3500000000e+02	3.2056322287e-02	-3.4837083370e-02	8.0111863062e-05	3.7613935853e-05
8.3600000000e+02	3.2093936683e-02	-3.4917217748e-02	8.0156883290e-05	3.7614855689e-05
8.3700000000e+02	3.2131551997e-02	-3.4997397119e-02	8.0201850796e-05	3.7615772262e-05
8.3800000000e+02	3.2169168226e-02	-3.5077621432e-02	8.0246765702e-05	3.7616685587e-05
8.3900000000e+02	3.2206785367e-02	-3.5157890633e-02	8.0291628129e-05	3.7617595679e-05
8.4000000000e+02	3.2244403417e-02	-3.5238204671e-02	8.0336438199e-05	3.7618502554e-05
8.4100000000e+02	3.2282022371e-02	-3.5318563492e-02	8.0381196033e-05	3.7619406226e-05
8.4200000000e+02	3.2319642228e-02	-3.5398967045e-02	8.0425901750e-05	3.7620306711e-05
8.4300000000e+02	3.2357262984e-02	-3.5479415278e-02	8.0470555471e-05	3.7621204023e-05
8.4400000000e+02	3.2394884635e-02	-3.5559908139e-02	8.0515157315e-05	3.7622098177e-05
8.4500000000e+02	3.2432507179e-02	-3.5640445576e-02	8.0559707402e-05	3.7622989189e-05
8.4600000000e+02	3.2470130612e-02	-3.5721027537e-02	8.0604205850e-05	3.7623877072e-05
8.4700000000e+02	3.2507754932e-02	-3.5801653970e-02	8.0648652777e-05	3.7624761842e-05
8.4800000000e+02	3.2545380135e-02	-3.5882324825e-02	8.0693048302e-05	3.7625643513e-05
8.4900000000e+02	3.2583006218e-02	-3.5963040050e-02	8.0737392542e-05	3.7626522099e-05
8.5000000000e+02	3.2620633178e-02	-3.6043799593e-02	8.0781685613e-05	3.7627397615e-05
8.5100000000e+02	3.2658261012e-02	-3.6124603404e-02	8.0825927634e-05	3.7628270074e-05
8.5200000000e+02	3.2695889717e-02	-3.6205451431e-02	8.0870118719e-05	3.7629139492e-05
8.5300000000e+02	3.2733519290e-02	-3.6286343624e-02	8.0914258986e-05	3.7630005882e-05
8.5400000000e+02	3.2771149728e-02	-3.6367279932e-02	8.0958348549e-05	3.7630869258e-05
8.5500000000e+02	3.2808781028e-02	-3.6448260305e-02	8.1002387523e-05	3.7631729634e-05
8.5600000000e+02	3.2846413186e-02	-3.6529284691e-02	8.1046376025e-05	3.7632587024e-05
8.5700000000e+02	3.2884046201e-02	-3.6610353040e-02	8.1090314167e-05	3.7633441442e-05
8.5800000000e+02	3.2921680068e-02	-3.6691465302e-02	8.1134202064e-05	3.7634292901e-05
8.5900000000e+02	3.2959314786e-02	-3.6772621427e-02	8.1178039829e-05	3.7635141415e-05
8.6000000000e+02	3.2996950350e-02	-3.6853821365e-02	8.1221827576e-05	3.7635986998e-05
8.6100000000e+02	3.3034586759e-02	-3.6935065066e-02	8.1265565418e-05	3.7636829663e-05
8.6200000000e+02	3.3072224009e-02	-3.7016352479e-02	8.1309253466e-05	3.7637669423e-05
8.6300000000e+02	3.3109862097e-02	-3.7097683556e-02	8.1352891834e-05	3.7638506292e-05
8.6400000000e+02	3.3147501020e-02	-3.7179058247e-02	8.1396480633e-05	3.7639340283e-05
8.6500000000e+02	3.3185140776e-02	-3.7260476501e-02	8.1440019974e-05	3.7640171409e-05
8.6600000000e+02	3.3222781362e-02	-3.7341938270e-02	8.1483509968e-05	3.7640999683e-05
8.6700000000e+02	3.3260422775e-02	-3.7423443505e-02	8.1526950726e-05	3.7641825118e-05
8.6800000000e+02	3.3298065011e-02	-3.7504992155e-02	8.1570342358e-05	3.7642647728e-05
8.6900000000e+02	3.3335708069e-02	-3.7586584173e-02	8.1613684974e-05	3.7643467524e-05
8.7000000000e+02	3.3373351945e-02	-3.7668219509e-02	8.1656978683e-05	3.7644284520e-05
8.7100000000e+02	3.3410996637e-02	-3.7749898114e-02	8.1700223595e-05	3.7645098729e-05
8.7200000000e+02	3.3448642142e-02	-3.7831619940e-02	8.1743419818e-05	3.7645910163e-05
8.7300000000e+02	3.3486288457e-02	-3.7913384937e-02	8.1786567462e-05	3.7646718834e-05
8.7400000000e+02	3.3523935579e-02	-3.7995193059e-02	8.1829666633e-05	3.7647524755e-05
8.7500000000e+02	3.3561583505e-02	-3.8077044255e-02	8.1872717440e-05	3.7648327939e-05
8.7600000000e+02	3.3599232234e-02	-3.8158938477e-02	8.1915719990e-05	3.7649128398e-05
8.7700000000e+02	3.3636881761e-02	-3.8240875679e-02	8.1958674390e-05	3.7649926144e-05
8.7800000000e+02	3.3674532085e-02	-3.8322855810e-02	8.2001580746e-05	3.7650721190e-05
8.7900000000e+02	3.3712183203e-02	-3.8404878824e-02	8.2044439166e-05	3.7651513547e-05
8.8000000000e+02	3.3749835111e-02	-3.8486944672e-02	8.2087249754e-05	3.7652303228e-05
8.8100000000e+02	3.3787487808e-02	-3.8569053308e-02	8.2130012617e-05	3.7653090244e-05
8.8200000000e+02	3.3825141291e-02	-3.8651204682e-02	8.2172727860e-05	3.7653874609e-05
8.8300000000e+02	3.3862795557e-02	-3.8733398748e-02	8.2215395588e-05	3.7654656332e-05
8.8400000000e+02	3.3900450603e-02	-3.8815635457e-02	8.2258015905e-05	3.7655435427e-05
8.8500000000e+02	3.3938106427e-02	-3.8897914764e-02	8.2300588915e-05	3.7656211905e-05
8.8600000000e+02	3.3975763026e-02	-3.8980236619e-02	8.2343114723e-05	3.7656985778e-05
8.8700000000e+02	3.4013420397e-02	-3.9062600977e-02	8.2385593432e-05	3.7657757057e-05
8.8800000000e+02	3.4051078539e-02	-3.9145007790e-02	8.2428025146e-05	3.7658525754e-05
8.8900000000e+02	3.4088737448e-02	-3.9227457012e-02	8.2470409966e-05	3.7659291881e-05
8.9000000000e+02	3.4126397122e-02	-3.9309948595e-02	8.2512747996e-05	3.7660055448e-05
8.9100000000e+02	3.4164057558e-02	-3.9392482492e-02	8.2555039338e-05	3.7660816467e-05
8.9200000000e+02	3.4201718754e-02	-3.9475058658e-02	8.2597284094e-05	3.7661574950e-05
8.9300000000e+02	3.4239380707e-02	-3.9557677045e-02	8.2639482365e-05	3.7662330908e-05
8.9400000000e+02	3.4277043415e-02	-3.9640337607e-02	8.2681634253e-05	3.7663084351e-05
8.9500000000e+02	3.4314706875e-02	-3.9723040298e-02	8.2723739858e-05	3.7663835292e-05
8.9600000000e+02	3.4352371085e-02	-3.9805785072e-02	8.2765799281e-05	3.7664583740e-05
8.9700000000e+02	3.4390036042e-02	-3.9888571881e-02	8.2807812623e-05	3.7665329708e-05
8.9800000000e+02	3.4427701743e-02	-3.9971400681e-02	8.2849779983e-05	3.7666073206e-05
8.9900000000e+02	3.4465368187e-02	-4.0054271426e-02	8.2891701461e-05	3.7666814244e-05
9.0000000000e+02	3.4503035371e-02	-4.0137184069e-02	8.2933577156e-05	3.7667552834e-05
9.0100000000e+02	3.4540703292e-02	-4.0220138565e-02	8.2975407167e-05	3.7668288987e-05
9.0200000000e+02	3.4578371948e-02	-4.0303134868e-02	8.3017191592e-05	3.7669022713e-05
9.0300000000e+02	3.4616041337e-02	-4.0386172933e-02	8.3058930531e-05	3.7669754022e-05
9.0400000000e+02	3.4653711455e-02	-4.0469252714e-02	8.3100624081e-05	3.7670482926e-05
9.0500000000e+02	3.4691382302e-02	-4.0552374166e-02	8.3142272340e-05	3.7671209434e-05
9.0600000000e+02	3.4729053873e-02	-4.0635537244e-02	8.3183875405e-05	3.7671933558e-05
9.0700000000e+02	3.4766726168e-02	-4.0718741902e-02	8.3225433374e-05	3.7672655307e-05
9.0800000000e+02	3.4804399183e-02	-4.0801988096e-02	8.3266946342e-05	3.7673374693e-05
9.0900000000e+02	3.4842072917e-02	-4.0885275780e-02	8.3308414407e-05	3.7674091725e-05
9.1000000000e+02	3.4879747366e-02	-4.0968604909e-02	8.3349837665e-05	3.7674806413e-05
9.1100000000e+02	3.4917422529e-02	-4.1051975440e-02	8.3391216212e-05	3.7675518769e-05
9.1200000000e+02	3.4955098403e-02	-4.1135387327e-02	8.3432550142e-05	3.7676228801e-05
9.1300000000e+02	3.4992774985e-02	-4.1218840526e-02	8.3473839552e-05	3.7676936520e-05
9.1400000000e+02	3.5030452275e-02	-4.1302334991e-02	8.3515084536e-05	3.7677641936e-05
9.1500000000e+02	3.5068130269e-02	-4.1385870680e-02	8.3556285190e-05	3.7678345058e-05
9.1600000000e+02	3.5105808964e-02	-4.1469447547e-02	8.3597441606e-05	3.7679045898e-05
9.1700000000e+02	3.5143488360e-02	-4.1553065548e-02	8.3638553880e-05	3.7679744465e-05
9.1800000000e+02	3.5181168452e-02	-4.1636724640e-02	8.3679622105e-05	3.7680440767e-05
9.1900000000e+02	3.5218849240e-02	-4.1720424778e-02	8.3720646375e-05	3.7681134817e-05
9.2000000000e+02	3.5256530721e-02	-4.1804165918e-02	8.3761626782e-05	3.7681826622e-05
9.2100000000e+02	3.5294212893e-02	-4.1887948017e-02	8.3802563420e-05	3.7682516192e-05
9.2200000000e+02	3.5331895753e-02	-4.1971771030e-02	8.3843456381e-05	3.7683203538e-05
9.2300000000e+02	3.5369579299e-02	-4.2055634915e-02	8.3884305758e-05	3.7683888669e-05
9.2400000000e+02	3.5407263530e-02	-4.2139539627e-02	8.3925111642e-05	3.7684571593e-05
9.2500000000e+02	3.5444948442e-02	-4.2223485124e-02	8.3965874125e-05	3.7685252322e-05
9.2600000000e+02	3.5482634033e-02	-4.2307471361e-02	8.4006593299e-05	3.7685930863e-05
9.2700000000e+02	3.5520320303e-02	-4.2391498296e-02	8.4047269254e-05	3.7686607227e-05
9.2800000000e+02	3.5558007247e-02	-4.2475565885e-02	8.4087902082e-05	3.7687281422e-05
9.2900000000e+02	3.5595694865e-02	-4.2559674086e-02	8.4128491874e-05	3.7687953458e-05
9.3000000000e+02	3.5633383153e-02	-4.2643822855e-02	8.4169038718e-05	3.7688623345e-05
9.3100000000e+02	3.5671072111e-02	-4.2728012149e-02	8.4209542707e-05	3.7689291090e-05
9.3200000000e+02	3.5708761735e-02	-4.2812241926e-02	8.4250003928e-05	3.7689956704e-05
9.3300000000e+02	3.5746452023e-02	-4.2896512143e-02	8.4290422472e-05	3.7690620196e-05
9.3400000000e+02	3.5784142975e-02	-4.2980822757e-02	8.4330798427e-05	3.7691281573e-05
9.3500000000e+02	3.5821834586e-02	-4.3065173725e-02	8.4371131884e-05	3.7691940846e-05
9.3600000000e+02	3.5859526856e-02	-4.3149565006e-02	8.4411422929e-05	3.7692598023e-05
9.3700000000e+02	3.5897219781e-02	-4.3233996557e-02	8.4451671653e-05	3.7693253114e-05
9.3800000000e+02	3.5934913361e-02	-4.3318468336e-02	8.4491878141e-05	3.7693906126e-05
9.3900000000e+02	3.5972607593e-02	-4.3402980299e-02	8.4532042484e-05	3.7694557069e-05
9.4000000000e+02	3.6010302474e-02	-4.3487532407e-02	8.4572164767e-05	3.7695205951e-05
9.4100000000e+02	3.6047998004e-02	-4.3572124615e-02	8.4612245079e-05	3.7695852781e-05
9.4200000000e+02	3.6085694179e-02	-4.3656756883e-02	8.4652283505e-05	3.7696497568e-05
9.4300000000e+02	3.6123390998e-02	-4.3741429168e-02	8.4692280134e-05	3.7697140320e-05
9.4400000000e+02	3.6161088459e-02	-4.3826141429e-02	8.4732235051e-05	3.7697781046e-05
9.4500000000e+02	3.6198786560e-02	-4.3910893624e-02	8.4772148343e-05	3.7698419755e-05
9.4600000000e+02	3.6236485298e-02	-4.3995685712e-02	8.4812020095e-05	3.7699056454e-05
9.4700000000e+02	3.6274184672e-02	-4.4080517651e-02	8.4851850394e-05	3.7699691152e-05
9.4800000000e+02	3.6311884680e-02	-4.4165389399e-02	8.4891639324e-05	3.7700323857e-05
9.4900000000e+02	3.6349585319e-02	-4.4250300916e-02	8.4931386970e-05	3.7700954579e-05
9.5000000000e+02	3.6387286588e-02	-4.4335252159e-02	8.4971093418e-05	3.7701583324e-05
9.5100000000e+02	3.6424988485e-02	-4.4420243089e-02	8.5010758753e-05	3.7702210102e-05
9.5200000000e+02	3.6462691008e-02	-4.4505273663e-02	8.5050383058e-05	3.7702834920e-05
9.5300000000e+02	3.6500394154e-02	-4.4590343841e-02	8.5089966417e-05	3.7703457787e-05
9.5400000000e+02	3.6538097923e-02	-4.4675453582e-02	8.5129508915e-05	3.7704078711e-05
9.5500000000e+02	3.6575802311e-02	-4.4760602845e-02	8.5169010635e-05	3.7704697699e-05
9.5600000000e+02	3.6613507318e-02	-4.4845791590e-02	8.5208471661e-05	3.7705314760e-05
9.5700000000e+02	3.6651212940e-02	-4.4931019775e-02	8.5247892074e-05	3.7705929902e-05
9.5800000000e+02	3.6688919177e-02	-4.5016287361e-02	8.5287271960e-05	3.7706543133e-05
9.5900000000e+02	3.6726626026e-02	-4.5101594306e-02	8.5326611399e-05	3.7707154461e-05
9.6000000000e+02	3.6764333485e-02	-4.5186940570e-02	8.5365910474e-05	3.7707763893e-05
9.6100000000e+02	3.6802041553e-02	-4.5272326113e-02	8.5405169267e-05	3.7708371437e-05
9.6200000000e+02	3.6839750227e-02	-4.5357750895e-02	8.5444387861e-05	3.7708977101e-05
9.6300000000e+02	3.6877459506e-02	-4.5443214875e-02	8.5483566336e-05	3.7709580893e-05
9.6400000000e+02	3.6915169388e-02	-4.5528718014e-02	8.5522704775e-05	3.7710182821e-05
9.6500000000e+02	3.6952879871e-02	-4.5614260272e-02	8.5561803257e-05	3.7710782891e-05
9.6600000000e+02	3.6990590954e-02	-4.5699841608e-02	8.5600861865e-05	3.7711381113e-05
9.6700000000e+02	3.7028302633e-02	-4.5785461982e-02	8.5639880678e-05	3.7711977493e-05
9.6800000000e+02	3.7066014908e-02	-4.5871121356e-02	8.5678859776e-05	3.7712572038e-05
9.6900000000e+02	3.7103727777e-02	-4.5956819688e-02	8.5717799241e-05	3.7713164757e-05
9.7000000000e+02	3.7141441237e-02	-4.6042556941e-02	8.5756699152e-05	3.7713755657e-05
9.7100000000e+02	3.7179155287e-02	-4.6128333074e-02	8.5795559589e-05	3.7714344745e-05
9.7200000000e+02	3.7216869926e-02	-4.6214148047e-02	8.5834380630e-05	3.7714932029e-05
9.7300000000e+02	3.7254585151e-02	-4.6300001822e-02	8.5873162356e-05	3.7715517516e-05
9.7400000000e+02	3.7292300960e-02	-4.6385894359e-02	8.5911904845e-05	3.7716101213e-05
9.7500000000e+02	3.7330017353e-02	-4.6471825618e-02	8.5950608175e-05	3.7716683128e-05
9.7600000000e+02	3.7367734326e-02	-4.6557795562e-02	8.5989272426e-05	3.7717263268e-05
9.7700000000e+02	3.7405451878e-02	-4.6643804150e-02	8.6027897675e-05	3.7717841639e-05
9.7800000000e+02	3.7443170009e-02	-4.6729851344e-02	8.6066484001e-05	3.7718418250e-05
9.7900000000e+02	3.7480888714e-02	-4.6815937105e-02	8.6105031481e-05	3.7718993107e-05
9.8000000000e+02	3.7518607994e-02	-4.6902061394e-02	8.6143540192e-05	3.7719566217e-05
9.8100000000e+02	3.7556327846e-02	-4.6988224173e-02	8.6182010213e-05	3.7720137588e-05
9.8200000000e+02	3.7594048269e-02	-4.7074425402e-02	8.6220441620e-05	3.7720707227e-05
9.8300000000e+02	3.7631769260e-02	-4.7160665043e-02	8.6258834490e-05	3.7721275140e-05
9.8400000000e+02	3.7669490818e-02	-4.7246943058e-02	8.6297188899e-05	3.7721841334e-05
9.8500000000e+02	3.7707212942e-02	-4.7333259408e-02	8.6335504924e-05	3.7722405817e-05
9.8600000000e+02	3.7744935630e-02	-4.7419614055e-02	8.6373782642e-05	3.7722968594e-05
9.8700000000e+02	3.7782658879e-02	-4.7506006961e-02	8.6412022127e-05	3.7723529674e-05
9.8800000000e+02	3.7820382688e-02	-4.7592438087e-02	8.6450223457e-05	3.7724089063e-05
9.8900000000e+02	3.7858107056e-02	-4.7678907395e-02	8.6488386705e-05	3.7724646768e-05
9.9000000000e+02	3.7895831981e-02	-4.7765414847e-02	8.6526511948e-05	3.7725202794e-05
9.9100000000e+02	3.7933557461e-02	-4.7851960406e-02	8.6564599261e-05	3.7725757150e-05
9.9200000000e+02	3.7971283495e-02	-4.7938544033e-02	8.6602648718e-05	3.7726309842e-05
9.9300000000e+02	3.8009010081e-02	-4.8025165691e-02	8.6640660394e-05	3.7726860876e-05
9.9400000000e+02	3.8046737216e-02	-4.8111825342e-02	8.6678634364e-05	3.7727410259e-05
9.9500000000e+02	3.8084464901e-02	-4.8198522947e-02	8.6716570701e-05	3.7727957998e-05
9.9600000000e+02	3.8122193132e-02	-4.8285258470e-02	8.6754469480e-05	3.7728504099e-05
9.9700000000e+02	3.8159921908e-02	-4.8372031874e-02	8.6792330774e-05	3.7729048568e-05
9.9800000000e+02	3.8197651228e-02	-4.8458843120e-02	8.6830154657e-05	3.7729591413e-05
9.9900000000e+02	3.8235381090e-02	-4.8545692171e-02	8.6867941202e-05	3.7730132639e-05
