# total modes from dos = 6.0000072792e+00
# ZPE = 4.9589718962e-03 Ry/cell
# Multiply by 13.6058 to have energies in eV/cell etc..
# Multiply by 13.6058 x 23060.35 = 313 754.5 to have energies in cal/(N mol).
# Multiply by 13.6058 x 96526.0 = 1 313 313 to have energies in J/(N mol).
# N is the number of formula units per cell.
#
# T (K) 	Evib (Ry/cell)	Fvib (Ry/cell)	Svib (Ry/cell/K)	Cvib (Ry/cell/K)
1.0000000000e+00	4.9589719083e-03	4.9589718318e-03	7.6480189852e-11	3.5276470859e-11
2.0000000000e+00	4.9589720153e-03	4.9589717277e-03	1.4380658963e-10	2.1460457523e-10
3.0000000000e+00	4.9589724331e-03	4.9589715123e-03	3.0693680459e-10	6.8069439829e-10
4.0000000000e+00	4.9589735201e-03	4.9589710660e-03	6.1351324948e-10	1.5769047240e-09
5.0000000000e+00	4.9589757784e-03	4.9589702215e-03	1.1113738527e-09	3.0475665636e-09
6.0000000000e+00	4.9589798553e-03	4.9589687635e-03	1.8486485113e-09	5.2388085110e-09
7.0000000000e+00	4.9589865459e-03	4.9589664282e-03	2.8739602446e-09	8.3000330899e-09
8.0000000000e+00	4.9589967969e-03	4.9589629031e-03	4.2367347996e-09	1.2386126975e-08
9.0000000000e+00	4.9590117143e-03	4.9589578254e-03	5.9876538638e-09	1.7660940051e-08
1.0000000000e+01	4.9590325744e-03	4.9589507809e-03	8.1793536728e-09	2.4303307184e-08
1.1000000000e+01	4.9590608443e-03	4.9589413012e-03	1.0867557294e-08	3.2517459646e-08
1.2000000000e+01	4.9590982144e-03	4.9589288601e-03	1.4112857534e-08	4.2548973334e-08
1.3000000000e+01	4.9591466496e-03	4.9589128672e-03	1.7983257201e-08	5.4705178959e-08
1.4000000000e+01	4.9592084620e-03	4.9588926592e-03	2.2557343290e-08	6.9376481688e-08
1.5000000000e+01	4.9592864033e-03	4.9588674873e-03	2.7927734720e-08	8.7053851066e-08
1.6000000000e+01	4.9593837709e-03	4.9588365019e-03	3.4204310523e-08	1.0833836203e-07
1.7000000000e+01	4.9595045182e-03	4.9587987337e-03	4.1516736623e-08	1.3394052240e-07
1.8000000000e+01	4.9596533599e-03	4.9587530731e-03	5.0015934147e-08	1.6466926415e-07
1.9000000000e+01	4.9598358608e-03	4.9586982490e-03	5.9874309807e-08	2.0141218703e-07
2.0000000000e+01	4.9600585022e-03	4.9586328073e-03	7.1284743326e-08	2.4510962726e-07
2.1000000000e+01	4.9603287196e-03	4.9585550919e-03	8.4458463837e-08	2.9672541322e-07
2.2000000000e+01	4.9606549120e-03	4.9584632272e-03	9.9622034145e-08	3.5721695858e-07
2.3000000000e+01	4.9610464203e-03	4.9583551052e-03	1.1701370127e-07	4.2750684988e-07
2.4000000000e+01	4.9615134802e-03	4.9582283752e-03	1.3687937409e-07	5.0845749136e-07
2.5000000000e+01	4.9620671503e-03	4.9580804386e-03	1.5946846631e-07	6.0084979152e-07
2.6000000000e+01	4.9627192224e-03	4.9579084475e-03	1.8502980595e-07	7.0536637801e-07
2.7000000000e+01	4.9634821165e-03	4.9577093067e-03	2.1380777031e-07	8.2257943525e-07
2.8000000000e+01	4.9643687661e-03	4.9574796808e-03	2.4603876253e-07	9.5294297227e-07
2.9000000000e+01	4.9653924980e-03	4.9572160029e-03	2.8194810714e-07	1.0967891360e-06
3.0000000000e+01	4.9665669100e-03	4.9569144877e-03	3.2174740835e-07	1.2543280704e-06
3.1000000000e+01	4.9679057500e-03	4.9565711460e-03	3.6563238736e-07	1.4256507673e-06
3.2000000000e+01	4.9694227997e-03	4.9561818015e-03	4.1378119352e-07	1.6107343445e-06
3.3000000000e+01	4.9711317636e-03	4.9557421090e-03	4.6635316806e-07	1.8094492074e-06
3.4000000000e+01	4.9730461669e-03	4.9552475740e-03	5.2348802811e-07	2.0215675929e-06
3.5000000000e+01	4.9751792620e-03	4.9546935719e-03	5.8530543115e-07	2.2467730458e-06
3.6000000000e+01	4.9775439444e-03	4.9540753689e-03	6.5190487647e-07	2.4846704390e-06
3.7000000000e+01	4.9801526796e-03	4.9533881414e-03	7.2336589827e-07	2.7347962079e-06
3.8000000000e+01	4.9830174396e-03	4.9526269963e-03	7.9974850591e-07	2.9966285289e-06
3.9000000000e+01	4.9861496493e-03	4.9517869900e-03	8.8109382824e-07	3.2695972259e-06
4.0000000000e+01	4.9895601434e-03	4.9508631466e-03	9.6742492212e-07	3.5530932387e-06
4.1000000000e+01	4.9932591321e-03	4.9498504760e-03	1.0587477081e-06	3.8464775299e-06
4.2000000000e+01	4.9972561745e-03	4.9487439905e-03	1.1550520007e-06	4.1490893467e-06
4.3000000000e+01	5.0015601617e-03	4.9475387198e-03	1.2563126032e-06	4.4602537831e-06
4.4000000000e+01	5.0061793055e-03	4.9462297260e-03	1.3624904432e-06	4.7792886165e-06
4.5000000000e+01	5.0111211346e-03	4.9448121169e-03	1.4735337246e-06	5.1055104131e-06
4.6000000000e+01	5.0163924955e-03	4.9432810578e-03	1.5893790808e-06	5.4382399140e-06
4.7000000000e+01	5.0219995600e-03	4.9416317826e-03	1.7099527110e-06	5.7768067254e-06
4.8000000000e+01	5.0279478354e-03	4.9398596039e-03	1.8351714893e-06	6.1205533477e-06
4.9000000000e+01	5.0342421794e-03	4.9379599216e-03	1.9649440358e-06	6.4688385843e-06
5.0000000000e+01	5.0408868178e-03	4.9359282307e-03	2.0991717426e-06	6.8210403741e-06
5.1000000000e+01	5.0478853652e-03	4.9337601280e-03	2.2377497490e-06	7.1765580959e-06
5.2000000000e+01	5.0552408466e-03	4.9314513178e-03	2.3805678619e-06	7.5348143921e-06
5.3000000000e+01	5.0629557223e-03	4.9289976170e-03	2.5275114195e-06	7.8952565613e-06
5.4000000000e+01	5.0710319124e-03	4.9263949592e-03	2.6784620958e-06	8.2573575635e-06
5.5000000000e+01	5.0794708232e-03	4.9236393975e-03	2.8332986475e-06	8.6206166855e-06
5.6000000000e+01	5.0882733735e-03	4.9207271078e-03	2.9918976022e-06	8.9845599064e-06
5.7000000000e+01	5.0974400216e-03	4.9176543899e-03	3.1541338903e-06	9.3487400039e-06
5.8000000000e+01	5.1069707920e-03	4.9144176696e-03	3.3198814210e-06	9.7127364371e-06
5.9000000000e+01	5.1168653016e-03	4.9110134988e-03	3.4890136065e-06	1.0076155040e-05
6.0000000000e+01	5.1271227864e-03	4.9074385563e-03	3.6614038346e-06	1.0438627554e-05
6.1000000000e+01	5.1377421268e-03	4.9036896472e-03	3.8369258941e-06	1.0799811032e-05
6.2000000000e+01	5.1487218724e-03	4.8997637024e-03	4.0154543547e-06	1.1159387129e-05
6.3000000000e+01	5.1600602668e-03	4.8956577778e-03	4.1968649042e-06	1.1517061314e-05
6.4000000000e+01	5.1717552703e-03	4.8913690529e-03	4.3810346468e-06	1.1872562009e-05
6.5000000000e+01	5.1838045829e-03	4.8868948292e-03	4.5678423642e-06	1.2225639687e-05
6.6000000000e+01	5.1962056656e-03	4.8822325286e-03	4.7571687423e-06	1.2576065925e-05
6.7000000000e+01	5.2089557613e-03	4.8773796913e-03	4.9488965673e-06	1.2923632443e-05
6.8000000000e+01	5.2220519140e-03	4.8723339734e-03	5.1429108923e-06	1.3268150131e-05
6.9000000000e+01	5.2354909881e-03	4.8670931449e-03	5.3390991774e-06	1.3609448072e-05
7.0000000000e+01	5.2492696855e-03	4.8616550871e-03	5.5373514066e-06	1.3947372574e-05
7.1000000000e+01	5.2633845628e-03	4.8560177899e-03	5.7375601817e-06	1.4281786217e-05
7.2000000000e+01	5.2778320468e-03	4.8501793495e-03	5.9396207968e-06	1.4612566911e-05
7.3000000000e+01	5.2926084496e-03	4.8441379651e-03	6.1434312953e-06	1.4939606985e-05
7.4000000000e+01	5.3077099824e-03	4.8378919367e-03	6.3488925101e-06	1.5262812301e-05
7.5000000000e+01	5.3231327687e-03	4.8314396619e-03	6.5559080897e-06	1.5582101393e-05
7.6000000000e+01	5.3388728564e-03	4.8247796336e-03	6.7643845117e-06	1.5897404642e-05
7.7000000000e+01	5.3549262297e-03	4.8179104362e-03	6.9742310840e-06	1.6208663482e-05
7.8000000000e+01	5.3712888191e-03	4.8108307440e-03	7.1853599369e-06	1.6515829640e-05
7.9000000000e+01	5.3879565118e-03	4.8035393173e-03	7.3976860055e-06	1.6818864410e-05
8.0000000000e+01	5.4049251607e-03	4.7960350004e-03	7.6111270045e-06	1.7117737962e-05
8.1000000000e+01	5.4221905933e-03	4.7883167182e-03	7.8256033964e-06	1.7412428684e-05
8.2000000000e+01	5.4397486191e-03	4.7803834741e-03	8.0410383535e-06	1.7702922560e-05
8.3000000000e+01	5.4575950371e-03	4.7722343467e-03	8.2573577151e-06	1.7989212581e-05
8.4000000000e+01	5.4757256427e-03	4.7638684877e-03	8.4744899401e-06	1.8271298188e-05
8.5000000000e+01	5.4941362337e-03	4.7552851189e-03	8.6923660565e-06	1.8549184745e-05
8.6000000000e+01	5.5128226160e-03	4.7464835298e-03	8.9109196072e-06	1.8822883045e-05
8.7000000000e+01	5.5317806089e-03	4.7374630752e-03	9.1300865940e-06	1.9092408848e-05
8.8000000000e+01	5.5510060496e-03	4.7282231727e-03	9.3498054194e-06	1.9357782441e-05
8.9000000000e+01	5.5704947978e-03	4.7187633002e-03	9.5700168268e-06	1.9619028230e-05
9.0000000000e+01	5.5902427395e-03	4.7090829939e-03	9.7906638400e-06	1.9876174357e-05
9.1000000000e+01	5.6102457905e-03	4.6991818456e-03	1.0011691701e-05	2.0129252345e-05
9.2000000000e+01	5.6304998996e-03	4.6890595011e-03	1.0233047810e-05	2.0378296757e-05
9.3000000000e+01	5.6510010519e-03	4.6787156575e-03	1.0454681660e-05	2.0623344891e-05
9.4000000000e+01	5.6717452705e-03	4.6681500614e-03	1.0676544778e-05	2.0864436486e-05
9.5000000000e+01	5.6927286199e-03	4.6573625070e-03	1.0898590662e-05	2.1101613453e-05
9.6000000000e+01	5.7139472072e-03	4.6463528340e-03	1.1120774720e-05	2.1334919622e-05
9.7000000000e+01	5.7353971841e-03	4.6351209258e-03	1.1343054209e-05	2.1564400512e-05
9.8000000000e+01	5.7570747487e-03	4.6236667075e-03	1.1565388176e-05	2.1790103113e-05
9.9000000000e+01	5.7789761469e-03	4.6119901444e-03	1.1787737400e-05	2.2012075687e-05
1.0000000000e+02	5.8010976732e-03	4.6000912401e-03	1.2010064331e-05	2.2230367581e-05
1.0100000000e+02	5.8234356720e-03	4.5879700351e-03	1.2232333038e-05	2.2445029057e-05
1.0200000000e+02	5.8459865382e-03	4.5756266049e-03	1.2454509150e-05	2.2656111138e-05
1.0300000000e+02	5.8687467183e-03	4.5630610586e-03	1.2676559802e-05	2.2863665456e-05
1.0400000000e+02	5.8917127105e-03	4.5502735376e-03	1.2898453586e-05	2.3067744123e-05
1.0500000000e+02	5.9148810655e-03	4.5372642138e-03	1.3120160492e-05	2.3268399609e-05
1.0600000000e+02	5.9382483863e-03	4.5240332885e-03	1.3341651866e-05	2.3465684624e-05
1.0700000000e+02	5.9618113289e-03	4.5105809910e-03	1.3562900354e-05	2.3659652021e-05
1.0800000000e+02	5.9855666021e-03	4.4969075775e-03	1.3783879858e-05	2.3850354698e-05
1.0900000000e+02	6.0095109676e-03	4.4830133293e-03	1.4004565489e-05	2.4037845512e-05
1.1000000000e+02	6.0336412401e-03	4.4688985524e-03	1.4224933525e-05	2.4222177204e-05
1.1100000000e+02	6.0579542865e-03	4.4545635756e-03	1.4444961359e-05	2.4403402323e-05
1.1200000000e+02	6.0824470266e-03	4.4400087502e-03	1.4664627468e-05	2.4581573164e-05
1.1300000000e+02	6.1071164321e-03	4.4252344481e-03	1.4883911362e-05	2.4756741708e-05
1.1400000000e+02	6.1319595265e-03	4.4102410614e-03	1.5102793553e-05	2.4928959573e-05
1.1500000000e+02	6.1569733847e-03	4.3950290011e-03	1.5321255510e-05	2.5098277961e-05
1.1600000000e+02	6.1821551328e-03	4.3795986963e-03	1.5539279625e-05	2.5264747619e-05
1.1700000000e+02	6.2075019472e-03	4.3639505934e-03	1.5756849178e-05	2.5428418802e-05
1.1800000000e+02	6.2330110542e-03	4.3480851548e-03	1.5973948300e-05	2.5589341236e-05
1.1900000000e+02	6.2586797298e-03	4.3320028586e-03	1.6190561943e-05	2.5747564088e-05
1.2000000000e+02	6.2845052987e-03	4.3157041975e-03	1.6406675843e-05	2.5903135945e-05
1.2100000000e+02	6.3104851340e-03	4.2991896780e-03	1.6622276496e-05	2.6056104785e-05
1.2200000000e+02	6.3366166564e-03	4.2824598199e-03	1.6837351119e-05	2.6206517960e-05
1.2300000000e+02	6.3628973336e-03	4.2655151552e-03	1.7051887630e-05	2.6354422178e-05
1.2400000000e+02	6.3893246798e-03	4.2483562278e-03	1.7265874613e-05	2.6499863490e-05
1.2500000000e+02	6.4158962548e-03	4.2309835927e-03	1.7479301296e-05	2.6642887277e-05
1.2600000000e+02	6.4426096634e-03	4.2133978154e-03	1.7692157524e-05	2.6783538238e-05
1.2700000000e+02	6.4694625550e-03	4.1955994710e-03	1.7904433732e-05	2.6921860388e-05
1.2800000000e+02	6.4964526224e-03	4.1775891442e-03	1.8116120923e-05	2.7057897045e-05
1.2900000000e+02	6.5235776015e-03	4.1593674283e-03	1.8327210644e-05	2.7191690831e-05
1.3000000000e+02	6.5508352704e-03	4.1409349248e-03	1.8537694966e-05	2.7323283664e-05
1.3100000000e+02	6.5782234489e-03	4.1222922427e-03	1.8747566460e-05	2.7452716764e-05
1.3200000000e+02	6.6057399975e-03	4.1034399984e-03	1.8956818175e-05	2.7580030646e-05
1.3300000000e+02	6.6333828170e-03	4.0843788151e-03	1.9165443624e-05	2.7705265123e-05
1.3400000000e+02	6.6611498477e-03	4.0651093220e-03	1.9373436759e-05	2.7828459313e-05
1.3500000000e+02	6.6890390684e-03	4.0456321542e-03	1.9580791957e-05	2.7949651632e-05
1.3600000000e+02	6.7170484962e-03	4.0259479524e-03	1.9787503998e-05	2.8068879810e-05
1.3700000000e+02	6.7451761856e-03	4.0060573622e-03	1.9993568054e-05	2.8186180884e-05
1.3800000000e+02	6.7734202278e-03	3.9859610338e-03	2.0198979666e-05	2.8301591214e-05
1.3900000000e+02	6.8017787497e-03	3.9656596217e-03	2.0403734734e-05	2.8415146481e-05
1.4000000000e+02	6.8302499140e-03	3.9451537845e-03	2.0607829497e-05	2.8526881698e-05
1.4100000000e+02	6.8588319179e-03	3.9244441840e-03	2.0811260524e-05	2.8636831215e-05
1.4200000000e+02	6.8875229925e-03	3.9035314857e-03	2.1014024696e-05	2.8745028730e-05
1.4300000000e+02	6.9163214024e-03	3.8824163578e-03	2.1216119193e-05	2.8851507290e-05
1.4400000000e+02	6.9452254449e-03	3.8610994714e-03	2.1417541483e-05	2.8956299308e-05
1.4500000000e+02	6.9742334494e-03	3.8395814997e-03	2.1618289308e-05	2.9059436564e-05
1.4600000000e+02	7.0033437768e-03	3.8178631183e-03	2.1818360675e-05	2.9160950219e-05
1.4700000000e+02	7.0325548188e-03	3.7959450044e-03	2.2017753840e-05	2.9260870821e-05
1.4800000000e+02	7.0618649974e-03	3.7738278371e-03	2.2216467299e-05	2.9359228317e-05
1.4900000000e+02	7.0912727642e-03	3.7515122968e-03	2.2414499781e-05	2.9456052058e-05
1.5000000000e+02	7.1207765999e-03	3.7289990649e-03	2.2611850233e-05	2.9551370812e-05
1.5100000000e+02	7.1503750136e-03	3.7062888240e-03	2.2808517812e-05	2.9645212775e-05
1.5200000000e+02	7.1800665424e-03	3.6833822571e-03	2.3004501877e-05	2.9737605575e-05
1.5300000000e+02	7.2098497507e-03	3.6602800482e-03	2.3199801977e-05	2.9828576286e-05
1.5400000000e+02	7.2397232298e-03	3.6369828813e-03	2.3394417848e-05	2.9918151438e-05
1.5500000000e+02	7.2696855971e-03	3.6134914406e-03	2.3588349396e-05	3.0006357023e-05
1.5600000000e+02	7.2997354958e-03	3.5898064106e-03	2.3781596700e-05	3.0093218509e-05
1.5700000000e+02	7.3298715944e-03	3.5659284752e-03	2.3974159995e-05	3.0178760846e-05
1.5800000000e+02	7.3600925859e-03	3.5418583184e-03	2.4166039668e-05	3.0263008479e-05
1.5900000000e+02	7.3903971878e-03	3.5175966236e-03	2.4357236253e-05	3.0345985353e-05
1.6000000000e+02	7.4207841409e-03	3.4931440734e-03	2.4547750422e-05	3.0427714928e-05
1.6100000000e+02	7.4512522095e-03	3.4685013500e-03	2.4737582979e-05	3.0508220184e-05
1.6200000000e+02	7.4818001807e-03	3.4436691344e-03	2.4926734854e-05	3.0587523633e-05
1.6300000000e+02	7.5124268635e-03	3.4186481068e-03	2.5115207097e-05	3.0665647326e-05
1.6400000000e+02	7.5431310893e-03	3.3934389463e-03	2.5303000872e-05	3.0742612865e-05
1.6500000000e+02	7.5739117103e-03	3.3680423308e-03	2.5490117451e-05	3.0818441407e-05
1.6600000000e+02	7.6047676000e-03	3.3424589367e-03	2.5676558213e-05	3.0893153680e-05
1.6700000000e+02	7.6356976523e-03	3.3166894391e-03	2.5862324630e-05	3.0966769985e-05
1.6800000000e+02	7.6667007813e-03	3.2907345117e-03	2.6047418271e-05	3.1039310211e-05
1.6900000000e+02	7.6977759205e-03	3.2645948263e-03	2.6231840794e-05	3.1110793835e-05
1.7000000000e+02	7.7289220231e-03	3.2382710532e-03	2.6415593940e-05	3.1181239941e-05
1.7100000000e+02	7.7601380608e-03	3.2117638609e-03	2.6598679531e-05	3.1250667219e-05
1.7200000000e+02	7.7914230240e-03	3.1850739161e-03	2.6781099465e-05	3.1319093979e-05
1.7300000000e+02	7.8227759213e-03	3.1582018832e-03	2.6962855711e-05	3.1386538156e-05
1.7400000000e+02	7.8541957787e-03	3.1311484252e-03	2.7143950308e-05	3.1453017319e-05
1.7500000000e+02	7.8856816400e-03	3.1039142025e-03	2.7324385357e-05	3.1518548678e-05
1.7600000000e+02	7.9172325657e-03	3.0764998736e-03	2.7504163024e-05	3.1583149095e-05
1.7700000000e+02	7.9488476333e-03	3.0489060948e-03	2.7683285528e-05	3.1646835085e-05
1.7800000000e+02	7.9805259365e-03	3.0211335202e-03	2.7861755148e-05	3.1709622828e-05
1.7900000000e+02	8.0122665849e-03	2.9931828014e-03	2.8039574209e-05	3.1771528177e-05
1.8000000000e+02	8.0440687039e-03	2.9650545878e-03	2.8216745089e-05	3.1832566660e-05
1.8100000000e+02	8.0759314343e-03	2.9367495264e-03	2.8393270209e-05	3.1892753494e-05
1.8200000000e+02	8.1078539320e-03	2.9082682618e-03	2.8569152034e-05	3.1952103584e-05
1.8300000000e+02	8.1398353674e-03	2.8796114360e-03	2.8744393068e-05	3.2010631536e-05
1.8400000000e+02	8.1718749258e-03	2.8507796884e-03	2.8918995855e-05	3.2068351660e-05
1.8500000000e+02	8.2039718062e-03	2.8217736562e-03	2.9092962973e-05	3.2125277978e-05
1.8600000000e+02	8.2361252217e-03	2.7925939735e-03	2.9266297033e-05	3.2181424230e-05
1.8700000000e+02	8.2683343991e-03	2.7632412722e-03	2.9439000678e-05	3.2236803878e-05
1.8800000000e+02	8.3005985783e-03	2.7337161814e-03	2.9611076579e-05	3.2291430115e-05
1.8900000000e+02	8.3329170125e-03	2.7040193274e-03	2.9782527434e-05	3.2345315871e-05
1.9000000000e+02	8.3652889675e-03	2.6741513340e-03	2.9953355966e-05	3.2398473815e-05
1.9100000000e+02	8.3977137217e-03	2.6441128220e-03	3.0123564920e-05	3.2450916363e-05
1.9200000000e+02	8.4301905658e-03	2.6139044097e-03	3.0293157063e-05	3.2502655687e-05
1.9300000000e+02	8.4627188026e-03	2.5835267126e-03	3.0462135182e-05	3.2553703712e-05
1.9400000000e+02	8.4952977467e-03	2.5529803431e-03	3.0630502080e-05	3.2604072129e-05
1.9500000000e+02	8.5279267241e-03	2.5222659112e-03	3.0798260579e-05	3.2653772399e-05
1.9600000000e+02	8.5606050725e-03	2.4913840238e-03	3.0965413514e-05	3.2702815751e-05
1.9700000000e+02	8.5933321404e-03	2.4603352851e-03	3.1131963732e-05	3.2751213198e-05
1.9800000000e+02	8.6261072872e-03	2.4291202963e-03	3.1297914095e-05	3.2798975533e-05
1.9900000000e+02	8.6589298832e-03	2.3977396559e-03	3.1463267474e-05	3.2846113336e-05
2.0000000000e+02	8.6917993092e-03	2.3661939594e-03	3.1628026749e-05	3.2892636983e-05
2.0100000000e+02	8.7247149559e-03	2.3344837995e-03	3.1792194808e-05	3.2938556644e-05
2.0200000000e+02	8.7576762244e-03	2.3026097659e-03	3.1955774547e-05	3.2983882291e-05
2.0300000000e+02	8.7906825257e-03	2.2705724455e-03	3.2118768868e-05	3.3028623702e-05
2.0400000000e+02	8.8237332803e-03	2.2383724223e-03	3.2281180676e-05	3.3072790465e-05
2.0500000000e+02	8.8568279182e-03	2.2060102774e-03	3.2443012882e-05	3.3116391981e-05
2.0600000000e+02	8.8899658789e-03	2.1734865888e-03	3.2604268399e-05	3.3159437469e-05
2.0700000000e+02	8.9231466109e-03	2.1408019318e-03	3.2764950140e-05	3.3201935973e-05
2.0800000000e+02	8.9563695715e-03	2.1079568788e-03	3.2925061023e-05	3.3243896358e-05
2.0900000000e+02	8.9896342271e-03	2.0749519991e-03	3.3084603962e-05	3.3285327322e-05
2.1000000000e+02	9.0229400525e-03	2.0417878592e-03	3.3243581873e-05	3.3326237396e-05
2.1100000000e+02	9.0562865310e-03	2.0084650227e-03	3.3401997670e-05	3.3366634945e-05
2.1200000000e+02	9.0896731543e-03	1.9749840503e-03	3.3559854264e-05	3.3406528178e-05
2.1300000000e+02	9.1230994220e-03	1.9413454996e-03	3.3717154565e-05	3.3445925145e-05
2.1400000000e+02	9.1565648418e-03	1.9075499256e-03	3.3873901478e-05	3.3484833744e-05
2.1500000000e+02	9.1900689293e-03	1.8735978802e-03	3.4030097903e-05	3.3523261724e-05
2.1600000000e+02	9.2236112076e-03	1.8394899123e-03	3.4185746737e-05	3.3561216687e-05
2.1700000000e+02	9.2571912075e-03	1.8052265682e-03	3.4340850872e-05	3.3598706091e-05
2.1800000000e+02	9.2908084670e-03	1.7708083912e-03	3.4495413192e-05	3.3635737256e-05
2.1900000000e+02	9.3244625316e-03	1.7362359215e-03	3.4649436576e-05	3.3672317360e-05
2.2000000000e+02	9.3581529537e-03	1.7015096967e-03	3.4802923896e-05	3.3708453453e-05
2.2100000000e+02	9.3918792928e-03	1.6666302514e-03	3.4955878015e-05	3.3744152449e-05
2.2200000000e+02	9.4256411152e-03	1.6315981175e-03	3.5108301792e-05	3.3779421133e-05
2.2300000000e+02	9.4594379939e-03	1.5964138237e-03	3.5260198073e-05	3.3814266168e-05
2.2400000000e+02	9.4932695085e-03	1.5610778962e-03	3.5411569698e-05	3.3848694089e-05
2.2500000000e+02	9.5271352452e-03	1.5255908582e-03	3.5562419497e-05	3.3882711314e-05
2.2600000000e+02	9.5610347963e-03	1.4899532302e-03	3.5712750293e-05	3.3916324139e-05
2.2700000000e+02	9.5949677607e-03	1.4541655297e-03	3.5862564894e-05	3.3949538749e-05
2.2800000000e+02	9.6289337431e-03	1.4182282716e-03	3.6011866103e-05	3.3982361211e-05
2.2900000000e+02	9.6629323544e-03	1.3821419677e-03	3.6160656710e-05	3.4014797484e-05
2.3000000000e+02	9.6969632113e-03	1.3459071274e-03	3.6308939495e-05	3.4046853417e-05
2.3100000000e+02	9.7310259364e-03	1.3095242571e-03	3.6456717226e-05	3.4078534753e-05
2.3200000000e+02	9.7651201578e-03	1.2729938604e-03	3.6603992661e-05	3.4109847132e-05
2.3300000000e+02	9.7992455095e-03	1.2363164383e-03	3.6750768546e-05	3.4140796089e-05
2.3400000000e+02	9.8334016307e-03	1.1994924889e-03	3.6897047614e-05	3.4171387063e-05
2.3500000000e+02	9.8675881661e-03	1.1625225077e-03	3.7042832589e-05	3.4201625392e-05
2.3600000000e+02	9.9018047657e-03	1.1254069875e-03	3.7188126179e-05	3.4231516320e-05
2.3700000000e+02	9.9360510846e-03	1.0881464183e-03	3.7332931082e-05	3.4261064995e-05
2.3800000000e+02	9.9703267832e-03	1.0507412874e-03	3.7477249983e-05	3.4290276477e-05
2.3900000000e+02	1.0004631527e-02	1.0131920794e-03	3.7621085554e-05	3.4319155731e-05
2.4000000000e+02	1.0038964986e-02	9.7549927647e-04	3.7764440455e-05	3.4347707639e-05
2.4100000000e+02	1.0073326835e-02	9.3766335785e-04	3.7907317331e-05	3.4375936992e-05
2.4200000000e+02	1.0107716754e-02	8.9968480027e-04	3.8049718816e-05	3.4403848499e-05
2.4300000000e+02	1.0142134427e-02	8.6156407781e-04	3.8191647528e-05	3.4431446785e-05
2.4400000000e+02	1.0176579544e-02	8.2330166194e-04	3.8333106075e-05	3.4458736395e-05
2.4500000000e+02	1.0211051799e-02	7.8489802152e-04	3.8474097049e-05	3.4485721793e-05
2.4600000000e+02	1.0245550888e-02	7.4635362284e-04	3.8614623029e-05	3.4512407366e-05
2.4700000000e+02	1.0280076515e-02	7.0766892960e-04	3.8754686580e-05	3.4538797423e-05
2.4800000000e+02	1.0314628386e-02	6.6884440297e-04	3.8894290253e-05	3.4564896201e-05
2.4900000000e+02	1.0349206211e-02	6.2988050154e-04	3.9033436586e-05	3.4590707860e-05
2.5000000000e+02	1.0383809707e-02	5.9077768140e-04	3.9172128103e-05	3.4616236492e-05
2.5100000000e+02	1.0418438591e-02	5.5153639611e-04	3.9310367312e-05	3.4641486115e-05
2.5200000000e+02	1.0453092588e-02	5.1215709672e-04	3.9448156710e-05	3.4666460680e-05
2.5300000000e+02	1.0487771422e-02	4.7264023180e-04	3.9585498777e-05	3.4691164070e-05
2.5400000000e+02	1.0522474827e-02	4.3298624745e-04	3.9722395981e-05	3.4715600101e-05
2.5500000000e+02	1.0557202535e-02	3.9319558731e-04	3.9858850774e-05	3.4739772524e-05
2.5600000000e+02	1.0591954285e-02	3.5326869256e-04	3.9994865596e-05	3.4763685027e-05
2.5700000000e+02	1.0626729819e-02	3.1320600196e-04	4.0130442869e-05	3.4787341234e-05
2.5800000000e+02	1.0661528883e-02	2.7300795187e-04	4.0265585006e-05	3.4810744710e-05
2.5900000000e+02	1.0696351226e-02	2.3267497620e-04	4.0400294400e-05	3.4833898958e-05
2.6000000000e+02	1.0731196599e-02	1.9220750652e-04	4.0534573434e-05	3.4856807423e-05
2.6100000000e+02	1.0766064760e-02	1.5160597200e-04	4.0668424474e-05	3.4879473492e-05
2.6200000000e+02	1.0800955467e-02	1.1087079945e-04	4.0801849875e-05	3.4901900494e-05
2.6300000000e+02	1.0835868482e-02	7.0002413348e-05	4.0934851973e-05	3.4924091705e-05
2.6400000000e+02	1.0870803572e-02	2.9001235830e-05	4.1067433093e-05	3.4946050346e-05
2.6500000000e+02	1.0905760506e-02	-1.2132313282e-05	4.1199595546e-05	3.4967779582e-05
2.6600000000e+02	1.0940739056e-02	-5.3397816471e-05	4.1331341627e-05	3.4989282528e-05
2.6700000000e+02	1.0975738997e-02	-9.4794858505e-05	4.1462673616e-05	3.5010562248e-05
2.6800000000e+02	1.1010760107e-02	-1.3632302643e-04	4.1593593783e-05	3.5031621754e-05
2.6900000000e+02	1.1045802168e-02	-1.7798190955e-04	4.1724104378e-05	3.5052464009e-05
2.7000000000e+02	1.1080864964e-02	-2.1977109941e-04	4.1854207642e-05	3.5073091928e-05
2.7100000000e+02	1.1115948282e-02	-2.6169018979e-04	4.1983905798e-05	3.5093508379e-05
2.7200000000e+02	1.1151051911e-02	-3.0373877671e-04	4.2113201058e-05	3.5113716182e-05
2.7300000000e+02	1.1186175645e-02	-3.4591645834e-04	4.2242095618e-05	3.5133718111e-05
2.7400000000e+02	1.1221319280e-02	-3.8822283510e-04	4.2370591659e-05	3.5153516896e-05
2.7500000000e+02	1.1256482612e-02	-4.3065750955e-04	4.2498691352e-05	3.5173115224e-05
2.7600000000e+02	1.1291665444e-02	-4.7322008641e-04	4.2626396850e-05	3.5192515736e-05
2.7700000000e+02	1.1326867579e-02	-5.1591017256e-04	4.2753710293e-05	3.5211721033e-05
2.7800000000e+02	1.1362088822e-02	-5.5872737702e-04	4.2880633809e-05	3.5230733673e-05
2.7900000000e+02	1.1397328983e-02	-6.0167131091e-04	4.3007169511e-05	3.5249556174e-05
2.8000000000e+02	1.1432587872e-02	-6.4474158747e-04	4.3133319497e-05	3.5268191013e-05
2.8100000000e+02	1.1467865303e-02	-6.8793782203e-04	4.3259085854e-05	3.5286640629e-05
2.8200000000e+02	1.1503161092e-02	-7.3125963199e-04	4.3384470653e-05	3.5304907421e-05
2.8300000000e+02	1.1538475058e-02	-7.7470663683e-04	4.3509475952e-05	3.5322993750e-05
2.8400000000e+02	1.1573807020e-02	-8.1827845808e-04	4.3634103797e-05	3.5340901941e-05
2.8500000000e+02	1.1609156803e-02	-8.6197471928e-04	4.3758356218e-05	3.5358634282e-05
2.8600000000e+02	1.1644524231e-02	-9.0579504604e-04	4.3882235234e-05	3.5376193025e-05
2.8700000000e+02	1.1679909132e-02	-9.4973906595e-04	4.4005742849e-05	3.5393580387e-05
2.8800000000e+02	1.1715311335e-02	-9.9380640861e-04	4.4128881055e-05	3.5410798550e-05
2.8900000000e+02	1.1750730673e-02	-1.0379967056e-03	4.4251651830e-05	3.5427849662e-05
2.9000000000e+02	1.1786166980e-02	-1.0823095904e-03	4.4374057138e-05	3.5444735839e-05
2.9100000000e+02	1.1821620091e-02	-1.1267446987e-03	4.4496098932e-05	3.5461459162e-05
2.9200000000e+02	1.1857089844e-02	-1.1713016678e-03	4.4617779151e-05	3.5478021682e-05
2.9300000000e+02	1.1892576081e-02	-1.2159801371e-03	4.4739099721e-05	3.5494425417e-05
2.9400000000e+02	1.1928078643e-02	-1.2607797480e-03	4.4860062554e-05	3.5510672356e-05
2.9500000000e+02	1.1963597374e-02	-1.3057001436e-03	4.4980669552e-05	3.5526764456e-05
2.9600000000e+02	1.1999132121e-02	-1.3507409691e-03	4.5100922601e-05	3.5542703643e-05
2.9700000000e+02	1.2034682731e-02	-1.3959018714e-03	4.5220823577e-05	3.5558491817e-05
2.9800000000e+02	1.2070249055e-02	-1.4411824995e-03	4.5340374343e-05	3.5574130846e-05
2.9900000000e+02	1.2105830944e-02	-1.4865825040e-03	4.5459576748e-05	3.5589622571e-05
3.0000000000e+02	1.2141428251e-02	-1.5321015375e-03	4.5578432630e-05	3.5604968806e-05
3.0100000000e+02	1.2177040833e-02	-1.5777392544e-03	4.5696943813e-05	3.5620171336e-05
3.0200000000e+02	1.2212668547e-02	-1.6234953108e-03	4.5815112111e-05	3.5635231921e-05
3.0300000000e+02	1.2248311250e-02	-1.6693693649e-03	4.5932939325e-05	3.5650152293e-05
3.0400000000e+02	1.2283968805e-02	-1.7153610764e-03	4.6050427242e-05	3.5664934159e-05
3.0500000000e+02	1.2319641073e-02	-1.7614701069e-03	4.6167577639e-05	3.5679579200e-05
3.0600000000e+02	1.2355327918e-02	-1.8076961197e-03	4.6284392282e-05	3.5694089074e-05
3.0700000000e+02	1.2391029207e-02	-1.8540387801e-03	4.6400872922e-05	3.5708465411e-05
3.0800000000e+02	1.2426744805e-02	-1.9004977548e-03	4.6517021299e-05	3.5722709819e-05
3.0900000000e+02	1.2462474583e-02	-1.9470727125e-03	4.6632839144e-05	3.5736823883e-05
3.1000000000e+02	1.2498218410e-02	-1.9937633235e-03	4.6748328173e-05	3.5750809163e-05
3.1100000000e+02	1.2533976159e-02	-2.0405692598e-03	4.6863490092e-05	3.5764667197e-05
3.1200000000e+02	1.2569747703e-02	-2.0874901952e-03	4.6978326596e-05	3.5778399500e-05
3.1300000000e+02	1.2605532916e-02	-2.1345258051e-03	4.7092839366e-05	3.5792007565e-05
3.1400000000e+02	1.2641331677e-02	-2.1816757666e-03	4.7207030075e-05	3.5805492864e-05
3.1500000000e+02	1.2677143862e-02	-2.2289397585e-03	4.7320900382e-05	3.5818856848e-05
3.1600000000e+02	1.2712969351e-02	-2.2763174611e-03	4.7434451936e-05	3.5832100944e-05
3.1700000000e+02	1.2748808024e-02	-2.3238085566e-03	4.7547686375e-05	3.5845226562e-05
3.1800000000e+02	1.2784659765e-02	-2.3714127287e-03	4.7660605325e-05	3.5858235089e-05
3.1900000000e+02	1.2820524456e-02	-2.4191296627e-03	4.7773210403e-05	3.5871127895e-05
3.2000000000e+02	1.2856401982e-02	-2.4669590454e-03	4.7885503212e-05	3.5883906327e-05
3.2100000000e+02	1.2892292231e-02	-2.5149005655e-03	4.7997485347e-05	3.5896571714e-05
3.2200000000e+02	1.2928195089e-02	-2.5629539131e-03	4.8109158390e-05	3.5909125368e-05
3.2300000000e+02	1.2964110445e-02	-2.6111187798e-03	4.8220523915e-05	3.5921568580e-05
3.2400000000e+02	1.3000038189e-02	-2.6593948589e-03	4.8331583482e-05	3.5933902623e-05
3.2500000000e+02	1.3035978214e-02	-2.7077818453e-03	4.8442338644e-05	3.5946128753e-05
3.2600000000e+02	1.3071930411e-02	-2.7562794353e-03	4.8552790940e-05	3.5958248207e-05
3.2700000000e+02	1.3107894675e-02	-2.8048873267e-03	4.8662941902e-05	3.5970262206e-05
3.2800000000e+02	1.3143870901e-02	-2.8536052191e-03	4.8772793049e-05	3.5982171952e-05
3.2900000000e+02	1.3179858985e-02	-2.9024328134e-03	4.8882345891e-05	3.5993978632e-05
3.3000000000e+02	1.3215858824e-02	-2.9513698120e-03	4.8991601928e-05	3.6005683416e-05
3.3100000000e+02	1.3251870318e-02	-3.0004159188e-03	4.9100562649e-05	3.6017287457e-05
3.3200000000e+02	1.3287893366e-02	-3.0495708393e-03	4.9209229534e-05	3.6028791891e-05
3.3300000000e+02	1.3323927869e-02	-3.0988342804e-03	4.9317604052e-05	3.6040197842e-05
3.3400000000e+02	1.3359973729e-02	-3.1482059505e-03	4.9425687664e-05	3.6051506414e-05
3.3500000000e+02	1.3396030850e-02	-3.1976855593e-03	4.9533481818e-05	3.6062718699e-05
3.3600000000e+02	1.3432099135e-02	-3.2472728181e-03	4.9640987955e-05	3.6073835772e-05
3.3700000000e+02	1.3468178490e-02	-3.2969674397e-03	4.9748207506e-05	3.6084858694e-05
3.3800000000e+02	1.3504268821e-02	-3.3467691381e-03	4.9855141891e-05	3.6095788512e-05
3.3900000000e+02	1.3540370036e-02	-3.3966776288e-03	4.9961792522e-05	3.6106626258e-05
3.4000000000e+02	1.3576482043e-02	-3.4466926290e-03	5.0068160801e-05	3.6117372950e-05
3.4100000000e+02	1.3612604752e-02	-3.4968138568e-03	5.0174248120e-05	3.6128029592e-05
3.4200000000e+02	1.3648738073e-02	-3.5470410320e-03	5.0280055862e-05	3.6138597174e-05
3.4300000000e+02	1.3684881917e-02	-3.5973738758e-03	5.0385585402e-05	3.6149076675e-05
3.4400000000e+02	1.3721036197e-02	-3.6478121106e-03	5.0490838104e-05	3.6159469058e-05
3.4500000000e+02	1.3757200826e-02	-3.6983554602e-03	5.0595815324e-05	3.6169775273e-05
3.4600000000e+02	1.3793375719e-02	-3.7490036498e-03	5.0700518408e-05	3.6179996260e-05
3.4700000000e+02	1.3829560791e-02	-3.7997564061e-03	5.0804948694e-05	3.6190132944e-05
3.4800000000e+02	1.3865755957e-02	-3.8506134567e-03	5.0909107512e-05	3.6200186239e-05
3.4900000000e+02	1.3901961136e-02	-3.9015745310e-03	5.1012996180e-05	3.6210157045e-05
3.5000000000e+02	1.3938176244e-02	-3.9526393595e-03	5.1116616011e-05	3.6220046251e-05
3.5100000000e+02	1.3974401201e-02	-4.0038076739e-03	5.1219968306e-05	3.6229854736e-05
3.5200000000e+02	1.4010635927e-02	-4.0550792073e-03	5.1323054359e-05	3.6239583364e-05
3.5300000000e+02	1.4046880342e-02	-4.1064536943e-03	5.1425875456e-05	3.6249232991e-05
3.5400000000e+02	1.4083134367e-02	-4.1579308704e-03	5.1528432874e-05	3.6258804459e-05
3.5500000000e+02	1.4119397925e-02	-4.2095104725e-03	5.1630727880e-05	3.6268298600e-05
3.5600000000e+02	1.4155670939e-02	-4.2611922391e-03	5.1732761735e-05	3.6277716236e-05
3.5700000000e+02	1.4191953332e-02	-4.3129759094e-03	5.1834535691e-05	3.6287058176e-05
3.5800000000e+02	1.4228245030e-02	-4.3648612242e-03	5.1936050990e-05	3.6296325221e-05
3.5900000000e+02	1.4264545958e-02	-4.4168479256e-03	5.2037308868e-05	3.6305518160e-05
3.6000000000e+02	1.4300856042e-02	-4.4689357566e-03	5.2138310552e-05	3.6314637772e-05
3.6100000000e+02	1.4337175209e-02	-4.5211244617e-03	5.2239057260e-05	3.6323684826e-05
3.6200000000e+02	1.4373503388e-02	-4.5734137865e-03	5.2339550205e-05	3.6332660081e-05
3.6300000000e+02	1.4409840506e-02	-4.6258034779e-03	5.2439790589e-05	3.6341564287e-05
3.6400000000e+02	1.4446186493e-02	-4.6782932839e-03	5.2539779606e-05	3.6350398183e-05
3.6500000000e+02	1.4482541279e-02	-4.7308829537e-03	5.2639518446e-05	3.6359162499e-05
3.6600000000e+02	1.4518904795e-02	-4.7835722378e-03	5.2739008286e-05	3.6367857957e-05
3.6700000000e+02	1.4555276972e-02	-4.8363608877e-03	5.2838250299e-05	3.6376485268e-05
3.6800000000e+02	1.4591657743e-02	-4.8892486562e-03	5.2937245650e-05	3.6385045134e-05
3.6900000000e+02	1.4628047040e-02	-4.9422352971e-03	5.3035995494e-05	3.6393538249e-05
3.7000000000e+02	1.4664444797e-02	-4.9953205657e-03	5.3134500981e-05	3.6401965298e-05
3.7100000000e+02	1.4700850949e-02	-5.0485042180e-03	5.3232763253e-05	3.6410326958e-05
3.7200000000e+02	1.4737265430e-02	-5.1017860115e-03	5.3330783444e-05	3.6418623896e-05
3.7300000000e+02	1.4773688175e-02	-5.1551657046e-03	5.3428562681e-05	3.6426856770e-05
3.7400000000e+02	1.4810119122e-02	-5.2086430569e-03	5.3526102083e-05	3.6435026233e-05
3.7500000000e+02	1.4846558207e-02	-5.2622178292e-03	5.3623402763e-05	3.6443132927e-05
3.7600000000e+02	1.4883005367e-02	-5.3158897832e-03	5.3720465826e-05	3.6451177487e-05
3.7700000000e+02	1.4919460541e-02	-5.3696586820e-03	5.3817292370e-05	3.6459160539e-05
3.7800000000e+02	1.4955923668e-02	-5.4235242895e-03	5.3913883486e-05	3.6467082703e-05
3.7900000000e+02	1.4992394687e-02	-5.4774863709e-03	5.4010240258e-05	3.6474944591e-05
3.8000000000e+02	1.5028873537e-02	-5.5315446923e-03	5.4106363762e-05	3.6482746805e-05
3.8100000000e+02	1.5065360161e-02	-5.5856990210e-03	5.4202255070e-05	3.6490489942e-05
3.8200000000e+02	1.5101854498e-02	-5.6399491254e-03	5.4297915244e-05	3.6498174592e-05
3.8300000000e+02	1.5138356491e-02	-5.6942947748e-03	5.4393345340e-05	3.6505801336e-05
3.8400000000e+02	1.5174866081e-02	-5.7487357397e-03	5.4488546409e-05	3.6513370748e-05
3.8500000000e+02	1.5211383213e-02	-5.8032717916e-03	5.4583519493e-05	3.6520883397e-05
3.8600000000e+02	1.5247907829e-02	-5.8579027030e-03	5.4678265628e-05	3.6528339842e-05
3.8700000000e+02	1.5284439874e-02	-5.9126282476e-03	5.4772785845e-05	3.6535740638e-05
3.8800000000e+02	1.5320979292e-02	-5.9674481998e-03	5.4867081165e-05	3.6543086332e-05
3.8900000000e+02	1.5357526029e-02	-6.0223623353e-03	5.4961152607e-05	3.6550377464e-05
3.9000000000e+02	1.5394080029e-02	-6.0773704307e-03	5.5055001179e-05	3.6557614568e-05
3.9100000000e+02	1.5430641240e-02	-6.1324722637e-03	5.5148627887e-05	3.6564798172e-05
3.9200000000e+02	1.5467209608e-02	-6.1876676128e-03	5.5242033726e-05	3.6571928796e-05
3.9300000000e+02	1.5503785080e-02	-6.2429562578e-03	5.5335219690e-05	3.6579006955e-05
3.9400000000e+02	1.5540367605e-02	-6.2983379793e-03	5.5428186761e-05	3.6586033159e-05
3.9500000000e+02	1.5576957129e-02	-6.3538125587e-03	5.5520935919e-05	3.6593007909e-05
3.9600000000e+02	1.5613553603e-02	-6.4093797788e-03	5.5613468137e-05	3.6599931702e-05
3.9700000000e+02	1.5650156976e-02	-6.4650394230e-03	5.5705784380e-05	3.6606805030e-05
3.9800000000e+02	1.5686767197e-02	-6.5207912759e-03	5.5797885610e-05	3.6613628375e-05
3.9900000000e+02	1.5723384216e-02	-6.5766351229e-03	5.5889772779e-05	3.6620402219e-05
4.0000000000e+02	1.5760007985e-02	-6.6325707504e-03	5.5981446838e-05	3.6627127033e-05
4.0100000000e+02	1.5796638454e-02	-6.6885979458e-03	5.6072908728e-05	3.6633803286e-05
4.0200000000e+02	1.5833275575e-02	-6.7447164974e-03	5.6164159385e-05	3.6640431440e-05
4.0300000000e+02	1.5869919301e-02	-6.8009261945e-03	5.6255199741e-05	3.6647011952e-05
4.0400000000e+02	1.5906569584e-02	-6.8572268271e-03	5.6346030720e-05	3.6653545274e-05
4.0500000000e+02	1.5943226376e-02	-6.9136181864e-03	5.6436653241e-05	3.6660031851e-05
4.0600000000e+02	1.5979889632e-02	-6.9701000644e-03	5.6527068217e-05	3.6666472124e-05
4.0700000000e+02	1.6016559305e-02	-7.0266722540e-03	5.6617276558e-05	3.6672866530e-05
4.0800000000e+02	1.6053235350e-02	-7.0833345490e-03	5.6707279163e-05	3.6679215499e-05
4.0900000000e+02	1.6089917721e-02	-7.1400867440e-03	5.6797076932e-05	3.6685519456e-05
4.1000000000e+02	1.6126606374e-02	-7.1969286348e-03	5.6886670753e-05	3.6691778824e-05
4.1100000000e+02	1.6163301264e-02	-7.2538600179e-03	5.6976061513e-05	3.6697994017e-05
4.1200000000e+02	1.6200002347e-02	-7.3108806905e-03	5.7065250092e-05	3.6704165447e-05
4.1300000000e+02	1.6236709580e-02	-7.3679904509e-03	5.7154237364e-05	3.6710293520e-05
4.1400000000e+02	1.6273422920e-02	-7.4251890984e-03	5.7243024199e-05	3.6716378639e-05
4.1500000000e+02	1.6310142323e-02	-7.4824764328e-03	5.7331611461e-05	3.6722421200e-05
4.1600000000e+02	1.6346867748e-02	-7.5398522551e-03	5.7420000008e-05	3.6728421595e-05
4.1700000000e+02	1.6383599153e-02	-7.5973163669e-03	5.7508190694e-05	3.6734380214e-05
4.1800000000e+02	1.6420336495e-02	-7.6548685708e-03	5.7596184368e-05	3.6740297439e-05
4.1900000000e+02	1.6457079734e-02	-7.7125086702e-03	5.7683981871e-05	3.6746173651e-05
4.2000000000e+02	1.6493828829e-02	-7.7702364694e-03	5.7771584043e-05	3.6752009224e-05
4.2100000000e+02	1.6530583739e-02	-7.8280517735e-03	5.7858991716e-05	3.6757804529e-05
4.2200000000e+02	1.6567344424e-02	-7.8859543883e-03	5.7946205717e-05	3.6763559932e-05
4.2300000000e+02	1.6604110846e-02	-7.9439441206e-03	5.8033226870e-05	3.6769275797e-05
4.2400000000e+02	1.6640882963e-02	-8.0020207780e-03	5.8120055993e-05	3.6774952482e-05
4.2500000000e+02	1.6677660738e-02	-8.0601841689e-03	5.8206693898e-05	3.6780590341e-05
4.2600000000e+02	1.6714444131e-02	-8.1184341024e-03	5.8293141392e-05	3.6786189724e-05
4.2700000000e+02	1.6751233104e-02	-8.1767703885e-03	5.8379399281e-05	3.6791750979e-05
4.2800000000e+02	1.6788027620e-02	-8.2351928380e-03	5.8465468360e-05	3.6797274447e-05
4.2900000000e+02	1.6824827641e-02	-8.2937012625e-03	5.8551349425e-05	3.6802760469e-05
4.3000000000e+02	1.6861633129e-02	-8.3522954744e-03	5.8637043263e-05	3.6808209378e-05
4.3100000000e+02	1.6898444047e-02	-8.4109752869e-03	5.8722550659e-05	3.6813621506e-05
4.3200000000e+02	1.6935260360e-02	-8.4697405138e-03	5.8807872392e-05	3.6818997182e-05
4.3300000000e+02	1.6972082030e-02	-8.5285909700e-03	5.8893009237e-05	3.6824336728e-05
4.3400000000e+02	1.7008909021e-02	-8.5875264709e-03	5.8977961963e-05	3.6829640467e-05
4.3500000000e+02	1.7045741299e-02	-8.6465468328e-03	5.9062731337e-05	3.6834908714e-05
4.3600000000e+02	1.7082578827e-02	-8.7056518728e-03	5.9147318118e-05	3.6840141784e-05
4.3700000000e+02	1.7119421571e-02	-8.7648414085e-03	5.9231723064e-05	3.6845339986e-05
4.3800000000e+02	1.7156269495e-02	-8.8241152585e-03	5.9315946927e-05	3.6850503628e-05
4.3900000000e+02	1.7193122566e-02	-8.8834732422e-03	5.9399990453e-05	3.6855633012e-05
4.4000000000e+02	1.7229980750e-02	-8.9429151796e-03	5.9483854385e-05	3.6860728439e-05
4.4100000000e+02	1.7266844012e-02	-9.0024408914e-03	5.9567539464e-05	3.6865790206e-05
4.4200000000e+02	1.7303712319e-02	-9.0620501991e-03	5.9651046422e-05	3.6870818606e-05
4.4300000000e+02	1.7340585638e-02	-9.1217429251e-03	5.9734375990e-05	3.6875813930e-05
4.4400000000e+02	1.7377463936e-02	-9.1815188922e-03	5.9817528893e-05	3.6880776465e-05
4.4500000000e+02	1.7414347180e-02	-9.2413779242e-03	5.9900505853e-05	3.6885706496e-05
4.4600000000e+02	1.7451235338e-02	-9.3013198455e-03	5.9983307587e-05	3.6890604304e-05
4.4700000000e+02	1.7488128378e-02	-9.3613444812e-03	6.0065934809e-05	3.6895470166e-05
4.4800000000e+02	1.7525026268e-02	-9.4214516572e-03	6.0148388226e-05	3.6900304359e-05
4.4900000000e+02	1.7561928977e-02	-9.4816412000e-03	6.0230668545e-05	3.6905107154e-05
4.5000000000e+02	1.7598836472e-02	-9.5419129368e-03	6.0312776464e-05	3.6909878821e-05
4.5100000000e+02	1.7635748724e-02	-9.6022666957e-03	6.0394712682e-05	3.6914619627e-05
4.5200000000e+02	1.7672665701e-02	-9.6627023052e-03	6.0476477890e-05	3.6919329834e-05
4.5300000000e+02	1.7709587374e-02	-9.7232195947e-03	6.0558072778e-05	3.6924009705e-05
4.5400000000e+02	1.7746513711e-02	-9.7838183942e-03	6.0639498028e-05	3.6928659496e-05
4.5500000000e+02	1.7783444683e-02	-9.8444985344e-03	6.0720754323e-05	3.6933279465e-05
4.5600000000e+02	1.7820380260e-02	-9.9052598467e-03	6.0801842339e-05	3.6937869863e-05
4.5700000000e+02	1.7857320413e-02	-9.9661021632e-03	6.0882762748e-05	3.6942430940e-05
4.5800000000e+02	1.7894265112e-02	-1.0027025317e-02	6.0963516219e-05	3.6946962944e-05
4.5900000000e+02	1.7931214329e-02	-1.0088029140e-02	6.1044103418e-05	3.6951466120e-05
4.6000000000e+02	1.7968168035e-02	-1.0149113468e-02	6.1124525006e-05	3.6955940710e-05
4.6100000000e+02	1.8005126201e-02	-1.0210278135e-02	6.1204781640e-05	3.6960386955e-05
4.6200000000e+02	1.8042088799e-02	-1.0271522977e-02	6.1284873974e-05	3.6964805090e-05
4.6300000000e+02	1.8079055802e-02	-1.0332847829e-02	6.1364802657e-05	3.6969195352e-05
4.6400000000e+02	1.8116027181e-02	-1.0394252528e-02	6.1444568337e-05	3.6973557973e-05
4.6500000000e+02	1.8153002908e-02	-1.0455736911e-02	6.1524171655e-05	3.6977893182e-05
4.6600000000e+02	1.8189982958e-02	-1.0517300817e-02	6.1603613251e-05	3.6982201208e-05
4.6700000000e+02	1.8226967302e-02	-1.0578944084e-02	6.1682893760e-05	3.6986482275e-05
4.6800000000e+02	1.8263955914e-02	-1.0640666551e-02	6.1762013814e-05	3.6990736607e-05
4.6900000000e+02	1.8300948766e-02	-1.0702468058e-02	6.1840974040e-05	3.6994964424e-05
4.7000000000e+02	1.8337945834e-02	-1.0764348446e-02	6.1919775063e-05	3.6999165945e-05
4.7100000000e+02	1.8374947089e-02	-1.0826307556e-02	6.1998417506e-05	3.7003341386e-05
4.7200000000e+02	1.8411952508e-02	-1.0888345229e-02	6.2076901984e-05	3.7007490961e-05
4.7300000000e+02	1.8448962063e-02	-1.0950461307e-02	6.2155229112e-05	3.7011614883e-05
4.7400000000e+02	1.8485975729e-02	-1.1012655635e-02	6.2233399501e-05	3.7015713359e-05
4.7500000000e+02	1.8522993481e-02	-1.1074928054e-02	6.2311413758e-05	3.7019786599e-05
4.7600000000e+02	1.8560015294e-02	-1.1137278410e-02	6.2389272488e-05	3.7023834808e-05
4.7700000000e+02	1.8597041143e-02	-1.1199706547e-02	6.2466976289e-05	3.7027858189e-05
4.7800000000e+02	1.8634071002e-02	-1.1262212311e-02	6.2544525760e-05	3.7031856943e-05
4.7900000000e+02	1.8671104848e-02	-1.1324795548e-02	6.2621921495e-05	3.7035831270e-05
4.8000000000e+02	1.8708142657e-02	-1.1387456103e-02	6.2699164083e-05	3.7039781368e-05
4.8100000000e+02	1.8745184403e-02	-1.1450193825e-02	6.2776254112e-05	3.7043707430e-05
4.8200000000e+02	1.8782230063e-02	-1.1513008561e-02	6.2853192167e-05	3.7047609652e-05
4.8300000000e+02	1.8819279614e-02	-1.1575900159e-02	6.2929978827e-05	3.7051488223e-05
4.8400000000e+02	1.8856333032e-02	-1.1638868468e-02	6.3006614670e-05	3.7055343335e-05
4.8500000000e+02	1.8893390293e-02	-1.1701913338e-02	6.3083100271e-05	3.7059175174e-05
4.8600000000e+02	1.8930451375e-02	-1.1765034619e-02	6.3159436201e-05	3.7062983927e-05
4.8700000000e+02	1.8967516254e-02	-1.1828232161e-02	6.3235623027e-05	3.7066769777e-05
4.8800000000e+02	1.9004584907e-02	-1.1891505815e-02	6.3311661316e-05	3.7070532907e-05
4.8900000000e+02	1.9041657312e-02	-1.1954855434e-02	6.3387551628e-05	3.7074273496e-05
4.9000000000e+02	1.9078733446e-02	-1.2018280870e-02	6.3463294522e-05	3.7077991724e-05
4.9100000000e+02	1.9115813288e-02	-1.2081781974e-02	6.3538890554e-05	3.7081687768e-05
4.9200000000e+02	1.9152896814e-02	-1.2145358602e-02	6.3614340277e-05	3.7085361802e-05
4.9300000000e+02	1.9189984004e-02	-1.2209010606e-02	6.3689644240e-05	3.7089013999e-05
4.9400000000e+02	1.9227074835e-02	-1.2272737842e-02	6.3764802990e-05	3.7092644533e-05
4.9500000000e+02	1.9264169286e-02	-1.2336540164e-02	6.3839817071e-05	3.7096253571e-05
4.9600000000e+02	1.9301267335e-02	-1.2400417428e-02	6.3914687023e-05	3.7099841284e-05
4.9700000000e+02	1.9338368962e-02	-1.2464369490e-02	6.3989413384e-05	3.7103407837e-05
4.9800000000e+02	1.9375474144e-02	-1.2528396207e-02	6.4063996689e-05	3.7106953397e-05
4.9900000000e+02	1.9412582861e-02	-1.2592497436e-02	6.4138437470e-05	3.7110478125e-05
5.0000000000e+02	1.9449695093e-02	-1.2656673035e-02	6.4212736256e-05	3.7113982185e-05
5.0100000000e+02	1.9486810819e-02	-1.2720922861e-02	6.4286893574e-05	3.7117465736e-05
5.0200000000e+02	1.9523930018e-02	-1.2785246775e-02	6.4360909946e-05	3.7120928938e-05
5.0300000000e+02	1.9561052670e-02	-1.2849644634e-02	6.4434785894e-05	3.7124371947e-05
5.0400000000e+02	1.9598178755e-02	-1.2914116300e-02	6.4508521935e-05	3.7127794920e-05
5.0500000000e+02	1.9635308253e-02	-1.2978661632e-02	6.4582118585e-05	3.7131198011e-05
5.0600000000e+02	1.9672441145e-02	-1.3043280491e-02	6.4655576355e-05	3.7134581372e-05
5.0700000000e+02	1.9709577410e-02	-1.3107972738e-02	6.4728895756e-05	3.7137945156e-05
5.0800000000e+02	1.9746717029e-02	-1.3172738236e-02	6.4802077293e-05	3.7141289511e-05
5.0900000000e+02	1.9783859982e-02	-1.3237576847e-02	6.4875121472e-05	3.7144614587e-05
5.1000000000e+02	1.9821006251e-02	-1.3302488434e-02	6.4948028794e-05	3.7147920530e-05
5.1100000000e+02	1.9858155817e-02	-1.3367472859e-02	6.5020799758e-05	3.7151207487e-05
5.1200000000e+02	1.9895308660e-02	-1.3432529988e-02	6.5093434859e-05	3.7154475602e-05
5.1300000000e+02	1.9932464762e-02	-1.3497659684e-02	6.5165934592e-05	3.7157725017e-05
5.1400000000e+02	1.9969624104e-02	-1.3562861812e-02	6.5238299448e-05	3.7160955874e-05
5.1500000000e+02	2.0006786667e-02	-1.3628136238e-02	6.5310529914e-05	3.7164168314e-05
5.1600000000e+02	2.0043952434e-02	-1.3693482827e-02	6.5382626476e-05	3.7167362475e-05
5.1700000000e+02	2.0081121386e-02	-1.3758901447e-02	6.5454589619e-05	3.7170538496e-05
5.1800000000e+02	2.0118293505e-02	-1.3824391962e-02	6.5526419822e-05	3.7173696512e-05
5.1900000000e+02	2.0155468773e-02	-1.3889954242e-02	6.5598117564e-05	3.7176836659e-05
5.2000000000e+02	2.0192647173e-02	-1.3955588153e-02	6.5669683320e-05	3.7179959070e-05
5.2100000000e+02	2.0229828686e-02	-1.4021293565e-02	6.5741117564e-05	3.7183063879e-05
5.2200000000e+02	2.0267013295e-02	-1.4087070345e-02	6.5812420766e-05	3.7186151216e-05
5.2300000000e+02	2.0304200982e-02	-1.4152918363e-02	6.5883593394e-05	3.7189221211e-05
5.2400000000e+02	2.0341391731e-02	-1.4218837488e-02	6.5954635916e-05	3.7192273995e-05
5.2500000000e+02	2.0378585525e-02	-1.4284827591e-02	6.6025548793e-05	3.7195309694e-05
5.2600000000e+02	2.0415782345e-02	-1.4350888543e-02	6.6096332487e-05	3.7198328434e-05
5.2700000000e+02	2.0452982176e-02	-1.4417020214e-02	6.6166987456e-05	3.7201330343e-05
5.2800000000e+02	2.0490185000e-02	-1.4483222475e-02	6.6237514158e-05	3.7204315543e-05
5.2900000000e+02	2.0527390801e-02	-1.4549495199e-02	6.6307913045e-05	3.7207284158e-05
5.3000000000e+02	2.0564599563e-02	-1.4615838259e-02	6.6378184569e-05	3.7210236310e-05
5.3100000000e+02	2.0601811269e-02	-1.4682251526e-02	6.6448329180e-05	3.7213172120e-05
5.3200000000e+02	2.0639025902e-02	-1.4748734875e-02	6.6518347325e-05	3.7216091707e-05
5.3300000000e+02	2.0676243447e-02	-1.4815288179e-02	6.6588239447e-05	3.7218995191e-05
5.3400000000e+02	2.0713463887e-02	-1.4881911312e-02	6.6658005990e-05	3.7221882688e-05
5.3500000000e+02	2.0750687207e-02	-1.4948604149e-02	6.6727647394e-05	3.7224754316e-05
5.3600000000e+02	2.0787913390e-02	-1.5015366565e-02	6.6797164096e-05	3.7227610190e-05
5.3700000000e+02	2.0825142422e-02	-1.5082198436e-02	6.6866556532e-05	3.7230450425e-05
5.3800000000e+02	2.0862374286e-02	-1.5149099637e-02	6.6935825136e-05	3.7233275134e-05
5.3900000000e+02	2.0899608967e-02	-1.5216070045e-02	6.7004970338e-05	3.7236084428e-05
5.4000000000e+02	2.0936846450e-02	-1.5283109537e-02	6.7073992567e-05	3.7238878421e-05
5.4100000000e+02	2.0974086719e-02	-1.5350217989e-02	6.7142892252e-05	3.7241657222e-05
5.4200000000e+02	2.1011329759e-02	-1.5417395280e-02	6.7211669815e-05	3.7244420940e-05
5.4300000000e+02	2.1048575556e-02	-1.5484641288e-02	6.7280325680e-05	3.7247169684e-05
5.4400000000e+02	2.1085824094e-02	-1.5551955891e-02	6.7348860266e-05	3.7249903562e-05
5.4500000000e+02	2.1123075358e-02	-1.5619338969e-02	6.7417273994e-05	3.7252622679e-05
5.4600000000e+02	2.1160329334e-02	-1.5686790399e-02	6.7485567277e-05	3.7255327142e-05
5.4700000000e+02	2.1197586007e-02	-1.5754310063e-02	6.7553740531e-05	3.7258017056e-05
5.4800000000e+02	2.1234845363e-02	-1.5821897840e-02	6.7621794167e-05	3.7260692523e-05
5.4900000000e+02	2.1272107388e-02	-1.5889553612e-02	6.7689728596e-05	3.7263353646e-05
5.5000000000e+02	2.1309372066e-02	-1.5957277258e-02	6.7757544225e-05	3.7266000528e-05
5.5100000000e+02	2.1346639384e-02	-1.6025068661e-02	6.7825241460e-05	3.7268633270e-05
5.5200000000e+02	2.1383909328e-02	-1.6092927702e-02	6.7892820705e-05	3.7271251971e-05
5.5300000000e+02	2.1421181883e-02	-1.6160854263e-02	6.7960282362e-05	3.7273856731e-05
5.5400000000e+02	2.1458457037e-02	-1.6228848227e-02	6.8027626830e-05	3.7276447648e-05
5.5500000000e+02	2.1495734774e-02	-1.6296909478e-02	6.8094854507e-05	3.7279024819e-05
5.5600000000e+02	2.1533015082e-02	-1.6365037897e-02	6.8161965790e-05	3.7281588341e-05
5.5700000000e+02	2.1570297946e-02	-1.6433233371e-02	6.8228961071e-05	3.7284138311e-05
5.5800000000e+02	2.1607583354e-02	-1.6501495781e-02	6.8295840744e-05	3.7286674822e-05
5.5900000000e+02	2.1644871291e-02	-1.6569825014e-02	6.8362605197e-05	3.7289197969e-05
5.6000000000e+02	2.1682161745e-02	-1.6638220953e-02	6.8429254819e-05	3.7291707846e-05
5.6100000000e+02	2.1719454703e-02	-1.6706683485e-02	6.8495789996e-05	3.7294204544e-05
5.6200000000e+02	2.1756750150e-02	-1.6775212495e-02	6.8562211112e-05	3.7296688155e-05
5.6300000000e+02	2.1794048075e-02	-1.6843807869e-02	6.8628518551e-05	3.7299158771e-05
5.6400000000e+02	2.1831348463e-02	-1.6912469494e-02	6.8694712691e-05	3.7301616482e-05
5.6500000000e+02	2.1868651303e-02	-1.6981197257e-02	6.8760793912e-05	3.7304061376e-05
5.6600000000e+02	2.1905956582e-02	-1.7049991045e-02	6.8826762591e-05	3.7306493543e-05
5.6700000000e+02	2.1943264286e-02	-1.7118850745e-02	6.8892619103e-05	3.7308913069e-05
5.6800000000e+02	2.1980574404e-02	-1.7187776246e-02	6.8958363820e-05	3.7311320043e-05
5.6900000000e+02	2.2017886922e-02	-1.7256767435e-02	6.9023997114e-05	3.7313714551e-05
5.7000000000e+02	2.2055201829e-02	-1.7325824203e-02	6.9089519354e-05	3.7316096677e-05
5.7100000000e+02	2.2092519111e-02	-1.7394946437e-02	6.9154930908e-05	3.7318466507e-05
5.7200000000e+02	2.2129838758e-02	-1.7464134028e-02	6.9220232143e-05	3.7320824126e-05
5.7300000000e+02	2.2167160756e-02	-1.7533386865e-02	6.9285423421e-05	3.7323169616e-05
5.7400000000e+02	2.2204485093e-02	-1.7602704838e-02	6.9350505107e-05	3.7325503060e-05
5.7500000000e+02	2.2241811758e-02	-1.7672087839e-02	6.9415477559e-05	3.7327824540e-05
5.7600000000e+02	2.2279140738e-02	-1.7741535757e-02	6.9480341137e-05	3.7330134137e-05
5.7700000000e+02	2.2316472022e-02	-1.7811048485e-02	6.9545096199e-05	3.7332431933e-05
5.7800000000e+02	2.2353805598e-02	-1.7880625913e-02	6.9609743099e-05	3.7334718007e-05
5.7900000000e+02	2.2391141454e-02	-1.7950267935e-02	6.9674282192e-05	3.7336992437e-05
5.8000000000e+02	2.2428479579e-02	-1.8019974442e-02	6.9738713829e-05	3.7339255304e-05
5.8100000000e+02	2.2465819961e-02	-1.8089745327e-02	6.9803038361e-05	3.7341506685e-05
5.8200000000e+02	2.2503162589e-02	-1.8159580483e-02	6.9867256137e-05	3.7343746656e-05
5.8300000000e+02	2.2540507451e-02	-1.8229479804e-02	6.9931367503e-05	3.7345975295e-05
5.8400000000e+02	2.2577854535e-02	-1.8299443183e-02	6.9995372805e-05	3.7348192678e-05
5.8500000000e+02	2.2615203832e-02	-1.8369470514e-02	7.0059272387e-05	3.7350398880e-05
5.8600000000e+02	2.2652555330e-02	-1.8439561692e-02	7.0123066590e-05	3.7352593976e-05
5.8700000000e+02	2.2689909016e-02	-1.8509716612e-02	7.0186755756e-05	3.7354778040e-05
5.8800000000e+02	2.2727264882e-02	-1.8579935169e-02	7.0250340223e-05	3.7356951145e-05
5.8900000000e+02	2.2764622915e-02	-1.8650217258e-02	7.0313820328e-05	3.7359113365e-05
5.9000000000e+02	2.2801983105e-02	-1.8720562775e-02	7.0377196407e-05	3.7361264771e-05
5.9100000000e+02	2.2839345441e-02	-1.8790971616e-02	7.0440468794e-05	3.7363405436e-05
5.9200000000e+02	2.2876709912e-02	-1.8861443678e-02	7.0503637822e-05	3.7365535429e-05
5.9300000000e+02	2.2914076508e-02	-1.8931978858e-02	7.0566703821e-05	3.7367654823e-05
5.9400000000e+02	2.2951445219e-02	-1.9002577052e-02	7.0629667121e-05	3.7369763687e-05
5.9500000000e+02	2.2988816032e-02	-1.9073238158e-02	7.0692528050e-05	3.7371862090e-05
5.9600000000e+02	2.3026188939e-02	-1.9143962074e-02	7.0755286934e-05	3.7373950101e-05
5.9700000000e+02	2.3063563929e-02	-1.9214748698e-02	7.0817944098e-05	3.7376027788e-05
5.9800000000e+02	2.3100940991e-02	-1.9285597928e-02	7.0880499865e-05	3.7378095220e-05
5.9900000000e+02	2.3138320116e-02	-1.9356509664e-02	7.0942954557e-05	3.7380152462e-05
6.0000000000e+02	2.3175701293e-02	-1.9427483804e-02	7.1005308494e-05	3.7382199582e-05
6.0100000000e+02	2.3213084512e-02	-1.9498520247e-02	7.1067561995e-05	3.7384236646e-05
6.0200000000e+02	2.3250469763e-02	-1.9569618894e-02	7.1129715377e-05	3.7386263719e-05
6.0300000000e+02	2.3287857036e-02	-1.9640779645e-02	7.1191768956e-05	3.7388280866e-05
6.0400000000e+02	2.3325246321e-02	-1.9712002399e-02	7.1253723047e-05	3.7390288152e-05
6.0500000000e+02	2.3362637609e-02	-1.9783287058e-02	7.1315577962e-05	3.7392285640e-05
6.0600000000e+02	2.3400030889e-02	-1.9854633522e-02	7.1377334012e-05	3.7394273395e-05
6.0700000000e+02	2.3437426153e-02	-1.9926041693e-02	7.1438991508e-05	3.7396251478e-05
6.0800000000e+02	2.3474823389e-02	-1.9997511472e-02	7.1500550759e-05	3.7398219952e-05
6.0900000000e+02	2.3512222589e-02	-2.0069042762e-02	7.1562012071e-05	3.7400178880e-05
6.1000000000e+02	2.3549623744e-02	-2.0140635464e-02	7.1623375750e-05	3.7402128323e-05
6.1100000000e+02	2.3587026843e-02	-2.0212289481e-02	7.1684642101e-05	3.7404068340e-05
6.1200000000e+02	2.3624431877e-02	-2.0284004716e-02	7.1745811426e-05	3.7405998994e-05
6.1300000000e+02	2.3661838838e-02	-2.0355781071e-02	7.1806884028e-05	3.7407920344e-05
6.1400000000e+02	2.3699247715e-02	-2.0427618452e-02	7.1867860206e-05	3.7409832449e-05
6.1500000000e+02	2.3736658500e-02	-2.0499516760e-02	7.1928740259e-05	3.7411735368e-05
6.1600000000e+02	2.3774071183e-02	-2.0571475900e-02	7.1989524485e-05	3.7413629160e-05
6.1700000000e+02	2.3811485755e-02	-2.0643495777e-02	7.2050213180e-05	3.7415513884e-05
6.1800000000e+02	2.3848902207e-02	-2.0715576295e-02	7.2110806638e-05	3.7417389595e-05
6.1900000000e+02	2.3886320531e-02	-2.0787717359e-02	7.2171305153e-05	3.7419256353e-05
6.2000000000e+02	2.3923740717e-02	-2.0859918874e-02	7.2231709017e-05	3.7421114212e-05
6.2100000000e+02	2.3961162757e-02	-2.0932180745e-02	7.2292018521e-05	3.7422963231e-05
6.2200000000e+02	2.3998586641e-02	-2.1004502879e-02	7.2352233955e-05	3.7424803463e-05
6.2300000000e+02	2.4036012361e-02	-2.1076885182e-02	7.2412355606e-05	3.7426634966e-05
6.2400000000e+02	2.4073439908e-02	-2.1149327559e-02	7.2472383761e-05	3.7428457793e-05
6.2500000000e+02	2.4110869273e-02	-2.1221829918e-02	7.2532318706e-05	3.7430272000e-05
6.2600000000e+02	2.4148300449e-02	-2.1294392166e-02	7.2592160726e-05	3.7432077640e-05
6.2700000000e+02	2.4185733426e-02	-2.1367014209e-02	7.2651910103e-05	3.7433874767e-05
6.2800000000e+02	2.4223168196e-02	-2.1439695955e-02	7.2711567119e-05	3.7435663434e-05
6.2900000000e+02	2.4260604750e-02	-2.1512437312e-02	7.2771132054e-05	3.7437443694e-05
6.3000000000e+02	2.4298043080e-02	-2.1585238189e-02	7.2830605188e-05	3.7439215600e-05
6.3100000000e+02	2.4335483178e-02	-2.1658098492e-02	7.2889986799e-05	3.7440979203e-05
6.3200000000e+02	2.4372925036e-02	-2.1731018132e-02	7.2949277164e-05	3.7442734555e-05
6.3300000000e+02	2.4410368645e-02	-2.1803997016e-02	7.3008476557e-05	3.7444481707e-05
6.3400000000e+02	2.4447813996e-02	-2.1877035055e-02	7.3067585254e-05	3.7446220711e-05
6.3500000000e+02	2.4485261083e-02	-2.1950132157e-02	7.3126603527e-05	3.7447951616e-05
6.3600000000e+02	2.4522709897e-02	-2.2023288232e-02	7.3185531649e-05	3.7449674473e-05
6.3700000000e+02	2.4560160430e-02	-2.2096503190e-02	7.3244369889e-05	3.7451389331e-05
6.3800000000e+02	2.4597612673e-02	-2.2169776942e-02	7.3303118518e-05	3.7453096239e-05
6.3900000000e+02	2.4635066619e-02	-2.2243109397e-02	7.3361777804e-05	3.7454795247e-05
6.4000000000e+02	2.4672522261e-02	-2.2316500468e-02	7.3420348013e-05	3.7456486403e-05
6.4100000000e+02	2.4709979590e-02	-2.2389950064e-02	7.3478829412e-05	3.7458169755e-05
6.4200000000e+02	2.4747438598e-02	-2.2463458097e-02	7.3537222266e-05	3.7459845351e-05
6.4300000000e+02	2.4784899278e-02	-2.2537024479e-02	7.3595526837e-05	3.7461513237e-05
6.4400000000e+02	2.4822361622e-02	-2.2610649121e-02	7.3653743390e-05	3.7463173463e-05
6.4500000000e+02	2.4859825622e-02	-2.2684331936e-02	7.3711872184e-05	3.7464826073e-05
6.4600000000e+02	2.4897291271e-02	-2.2758072836e-02	7.3769913479e-05	3.7466471114e-05
6.4700000000e+02	2.4934758562e-02	-2.2831871734e-02	7.3827867536e-05	3.7468108633e-05
6.4800000000e+02	2.4972227486e-02	-2.2905728542e-02	7.3885734612e-05	3.7469738675e-05
6.4900000000e+02	2.5009698037e-02	-2.2979643174e-02	7.3943514963e-05	3.7471361285e-05
6.5000000000e+02	2.5047170206e-02	-2.3053615544e-02	7.4001208846e-05	3.7472976508e-05
6.5100000000e+02	2.5084643987e-02	-2.3127645563e-02	7.4058816514e-05	3.7474584390e-05
6.5200000000e+02	2.5122119373e-02	-2.3201733148e-02	7.4116338222e-05	3.7476184973e-05
6.5300000000e+02	2.5159596355e-02	-2.3275878211e-02	7.4173774221e-05	3.7477778302e-05
6.5400000000e+02	2.5197074927e-02	-2.3350080668e-02	7.4231124762e-05	3.7479364422e-05
6.5500000000e+02	2.5234555081e-02	-2.3424340432e-02	7.4288390097e-05	3.7480943374e-05
6.5600000000e+02	2.5272036811e-02	-2.3498657420e-02	7.4345570474e-05	3.7482515202e-05
6.5700000000e+02	2.5309520109e-02	-2.3573031545e-02	7.4402666141e-05	3.7484079949e-05
6.5800000000e+02	2.5347004969e-02	-2.3647462724e-02	7.4459677344e-05	3.7485637657e-05
6.5900000000e+02	2.5384491382e-02	-2.3721950872e-02	7.4516604331e-05	3.7487188367e-05
6.6000000000e+02	2.5421979343e-02	-2.3796495905e-02	7.4573447345e-05	3.7488732123e-05
6.6100000000e+02	2.5459468844e-02	-2.3871097738e-02	7.4630206630e-05	3.7490268965e-05
6.6200000000e+02	2.5496959879e-02	-2.3945756290e-02	7.4686882430e-05	3.7491798934e-05
6.6300000000e+02	2.5534452440e-02	-2.4020471476e-02	7.4743474986e-05	3.7493322070e-05
6.6400000000e+02	2.5571946521e-02	-2.4095243212e-02	7.4799984538e-05	3.7494838416e-05
6.6500000000e+02	2.5609442114e-02	-2.4170071417e-02	7.4856411326e-05	3.7496348010e-05
6.6600000000e+02	2.5646939214e-02	-2.4244956007e-02	7.4912755588e-05	3.7497850893e-05
6.6700000000e+02	2.5684437814e-02	-2.4319896901e-02	7.4969017563e-05	3.7499347103e-05
6.6800000000e+02	2.5721937906e-02	-2.4394894015e-02	7.5025197487e-05	3.7500836682e-05
6.6900000000e+02	2.5759439485e-02	-2.4469947269e-02	7.5081295596e-05	3.7502319666e-05
6.7000000000e+02	2.5796942544e-02	-2.4545056579e-02	7.5137312124e-05	3.7503796096e-05
6.7100000000e+02	2.5834447075e-02	-2.4620221866e-02	7.5193247304e-05	3.7505266010e-05
6.7200000000e+02	2.5871953073e-02	-2.4695443047e-02	7.5249101369e-05	3.7506729446e-05
6.7300000000e+02	2.5909460532e-02	-2.4770720041e-02	7.5304874552e-05	3.7508186441e-05
6.7400000000e+02	2.5946969444e-02	-2.4846052769e-02	7.5360567082e-05	3.7509637034e-05
6.7500000000e+02	2.5984479804e-02	-2.4921441149e-02	7.5416179189e-05	3.7511081261e-05
6.7600000000e+02	2.6021991605e-02	-2.4996885101e-02	7.5471711102e-05	3.7512519161e-05
6.7700000000e+02	2.6059504840e-02	-2.5072384544e-02	7.5527163049e-05	3.7513950768e-05
6.7800000000e+02	2.6097019504e-02	-2.5147939400e-02	7.5582535257e-05	3.7515376121e-05
6.7900000000e+02	2.6134535590e-02	-2.5223549588e-02	7.5637827951e-05	3.7516795256e-05
6.8000000000e+02	2.6172053093e-02	-2.5299215030e-02	7.5693041356e-05	3.7518208208e-05
6.8100000000e+02	2.6209572005e-02	-2.5374935645e-02	7.5748175697e-05	3.7519615013e-05
6.8200000000e+02	2.6247092321e-02	-2.5450711355e-02	7.5803231195e-05	3.7521015706e-05
6.8300000000e+02	2.6284614034e-02	-2.5526542081e-02	7.5858208075e-05	3.7522410324e-05
6.8400000000e+02	2.6322137139e-02	-2.5602427745e-02	7.5913106555e-05	3.7523798900e-05
6.8500000000e+02	2.6359661630e-02	-2.5678368268e-02	7.5967926858e-05	3.7525181471e-05
6.8600000000e+02	2.6397187500e-02	-2.5754363572e-02	7.6022669202e-05	3.7526558069e-05
6.8700000000e+02	2.6434714744e-02	-2.5830413580e-02	7.6077333806e-05	3.7527928730e-05
6.8800000000e+02	2.6472243356e-02	-2.5906518214e-02	7.6131920886e-05	3.7529293487e-05
6.8900000000e+02	2.6509773329e-02	-2.5982677396e-02	7.6186430661e-05	3.7530652374e-05
6.9000000000e+02	2.6547304658e-02	-2.6058891050e-02	7.6240863345e-05	3.7532005425e-05
6.9100000000e+02	2.6584837338e-02	-2.6135159098e-02	7.6295219154e-05	3.7533352672e-05
6.9200000000e+02	2.6622371362e-02	-2.6211481463e-02	7.6349498301e-05	3.7534694150e-05
6.9300000000e+02	2.6659906724e-02	-2.6287858069e-02	7.6403701000e-05	3.7536029891e-05
6.9400000000e+02	2.6697443420e-02	-2.6364288839e-02	7.6457827462e-05	3.7537359926e-05
6.9500000000e+02	2.6734981442e-02	-2.6440773698e-02	7.6511877900e-05	3.7538684290e-05
6.9600000000e+02	2.6772520786e-02	-2.6517312570e-02	7.6565852523e-05	3.7540003013e-05
6.9700000000e+02	2.6810061446e-02	-2.6593905378e-02	7.6619751542e-05	3.7541316128e-05
6.9800000000e+02	2.6847603417e-02	-2.6670552048e-02	7.6673575164e-05	3.7542623667e-05
6.9900000000e+02	2.6885146692e-02	-2.6747252503e-02	7.6727323598e-05	3.7543925660e-05
7.0000000000e+02	2.6922691266e-02	-2.6824006670e-02	7.6780997052e-05	3.7545222139e-05
7.0100000000e+02	2.6960237134e-02	-2.6900814473e-02	7.6834595730e-05	3.7546513135e-05
7.0200000000e+02	2.6997784291e-02	-2.6977675837e-02	7.6888119839e-05	3.7547798679e-05
7.0300000000e+02	2.7035332730e-02	-2.7054590687e-02	7.6941569584e-05	3.7549078802e-05
7.0400000000e+02	2.7072882447e-02	-2.7131558951e-02	7.6994945167e-05	3.7550353533e-05
7.0500000000e+02	2.7110433435e-02	-2.7208580553e-02	7.7048246792e-05	3.7551622903e-05
7.0600000000e+02	2.7147985691e-02	-2.7285655420e-02	7.7101474661e-05	3.7552886942e-05
7.0700000000e+02	2.7185539207e-02	-2.7362783478e-02	7.7154628975e-05	3.7554145680e-05
7.0800000000e+02	2.7223093980e-02	-2.7439964653e-02	7.7207709934e-05	3.7555399145e-05
7.0900000000e+02	2.7260650004e-02	-2.7517198873e-02	7.7260717739e-05	3.7556647368e-05
7.1000000000e+02	2.7298207273e-02	-2.7594486065e-02	7.7313652588e-05	3.7557890378e-05
7.1100000000e+02	2.7335765783e-02	-2.7671826154e-02	7.7366514680e-05	3.7559128203e-05
7.1200000000e+02	2.7373325528e-02	-2.7749219070e-02	7.7419304210e-05	3.7560360872e-05
7.1300000000e+02	2.7410886503e-02	-2.7826664739e-02	7.7472021377e-05	3.7561588413e-05
7.1400000000e+02	2.7448448703e-02	-2.7904163088e-02	7.7524666375e-05	3.7562810856e-05
7.1500000000e+02	2.7486012123e-02	-2.7981714047e-02	7.7577239399e-05	3.7564028228e-05
7.1600000000e+02	2.7523576758e-02	-2.8059317543e-02	7.7629740644e-05	3.7565240557e-05
7.1700000000e+02	2.7561142602e-02	-2.8136973505e-02	7.7682170303e-05	3.7566447870e-05
7.1800000000e+02	2.7598709652e-02	-2.8214681860e-02	7.7734528568e-05	3.7567650196e-05
7.1900000000e+02	2.7636277901e-02	-2.8292442538e-02	7.7786815632e-05	3.7568847562e-05
7.2000000000e+02	2.7673847345e-02	-2.8370255468e-02	7.7839031685e-05	3.7570039994e-05
7.2100000000e+02	2.7711417979e-02	-2.8448120578e-02	7.7891176917e-05	3.7571227521e-05
7.2200000000e+02	2.7748989799e-02	-2.8526037798e-02	7.7943251519e-05	3.7572410168e-05
7.2300000000e+02	2.7786562798e-02	-2.8604007058e-02	7.7995255679e-05	3.7573587962e-05
7.2400000000e+02	2.7824136973e-02	-2.8682028286e-02	7.8047189584e-05	3.7574760930e-05
7.2500000000e+02	2.7861712318e-02	-2.8760101413e-02	7.8099053423e-05	3.7575929098e-05
7.2600000000e+02	2.7899288830e-02	-2.8838226370e-02	7.8150847382e-05	3.7577092492e-05
7.2700000000e+02	2.7936866502e-02	-2.8916403085e-02	7.8202571646e-05	3.7578251138e-05
7.2800000000e+02	2.7974445330e-02	-2.8994631490e-02	7.8254226401e-05	3.7579405062e-05
7.2900000000e+02	2.8012025310e-02	-2.9072911515e-02	7.8305811831e-05	3.7580554289e-05
7.3000000000e+02	2.8049606437e-02	-2.9151243090e-02	7.8357328120e-05	3.7581698845e-05
7.3100000000e+02	2.8087188707e-02	-2.9229626148e-02	7.8408775451e-05	3.7582838755e-05
7.3200000000e+02	2.8124772113e-02	-2.9308060618e-02	7.8460154005e-05	3.7583974043e-05
7.3300000000e+02	2.8162356653e-02	-2.9386546433e-02	7.8511463965e-05	3.7585104735e-05
7.3400000000e+02	2.8199942321e-02	-2.9465083523e-02	7.8562705510e-05	3.7586230856e-05
7.3500000000e+02	2.8237529113e-02	-2.9543671821e-02	7.8613878822e-05	3.7587352430e-05
7.3600000000e+02	2.8275117025e-02	-2.9622311258e-02	7.8664984080e-05	3.7588469482e-05
7.3700000000e+02	2.8312706051e-02	-2.9701001767e-02	7.8716021462e-05	3.7589582035e-05
7.3800000000e+02	2.8350296187e-02	-2.9779743279e-02	7.8766991146e-05	3.7590690114e-05
7.3900000000e+02	2.8387887429e-02	-2.9858535727e-02	7.8817893310e-05	3.7591793742e-05
7.4000000000e+02	2.8425479773e-02	-2.9937379043e-02	7.8868728130e-05	3.7592892944e-05
7.4100000000e+02	2.8463073214e-02	-3.0016273160e-02	7.8919495782e-05	3.7593987743e-05
7.4200000000e+02	2.8500667747e-02	-3.0095218012e-02	7.8970196441e-05	3.7595078162e-05
7.4300000000e+02	2.8538263369e-02	-3.0174213531e-02	7.9020830282e-05	3.7596164225e-05
7.4400000000e+02	2.8575860074e-02	-3.0253259650e-02	7.9071397479e-05	3.7597245954e-05
7.4500000000e+02	2.8613457859e-02	-3.0332356304e-02	7.9121898205e-05	3.7598323373e-05
7.4600000000e+02	2.8651056720e-02	-3.0411503425e-02	7.9172332633e-05	3.7599396505e-05
7.4700000000e+02	2.8688656651e-02	-3.0490700947e-02	7.9222700934e-05	3.7600465372e-05
7.4800000000e+02	2.8726257649e-02	-3.0569948805e-02	7.9273003280e-05	3.7601529997e-05
7.4900000000e+02	2.8763859709e-02	-3.0649246932e-02	7.9323239841e-05	3.7602590402e-05
7.5000000000e+02	2.8801462828e-02	-3.0728595262e-02	7.9373410788e-05	3.7603646609e-05
7.5100000000e+02	2.8839067001e-02	-3.0807993731e-02	7.9423516289e-05	3.7604698641e-05
7.5200000000e+02	2.8876672224e-02	-3.0887442273e-02	7.9473556513e-05	3.7605746518e-05
7.5300000000e+02	2.8914278493e-02	-3.0966940823e-02	7.9523531628e-05	3.7606790264e-05
7.5400000000e+02	2.8951885803e-02	-3.1046489315e-02	7.9573441801e-05	3.7607829900e-05
7.5500000000e+02	2.8989494151e-02	-3.1126087685e-02	7.9623287200e-05	3.7608865447e-05
7.5600000000e+02	2.9027103533e-02	-3.1205735868e-02	7.9673067990e-05	3.7609896926e-05
7.5700000000e+02	2.9064713944e-02	-3.1285433799e-02	7.9722784337e-05	3.7610924359e-05
7.5800000000e+02	2.9102325380e-02	-3.1365181415e-02	7.9772436405e-05	3.7611947767e-05
7.5900000000e+02	2.9139937838e-02	-3.1444978651e-02	7.9822024359e-05	3.7612967171e-05
7.6000000000e+02	2.9177551313e-02	-3.1524825442e-02	7.9871548363e-05	3.7613982592e-05
7.6100000000e+02	2.9215165802e-02	-3.1604721726e-02	7.9921008578e-05	3.7614994050e-05
7.6200000000e+02	2.9252781300e-02	-3.1684667438e-02	7.9970405169e-05	3.7616001566e-05
7.6300000000e+02	2.9290397804e-02	-3.1764662515e-02	8.0019738295e-05	3.7617005160e-05
7.6400000000e+02	2.9328015309e-02	-3.1844706894e-02	8.0069008119e-05	3.7618004853e-05
7.6500000000e+02	2.9365633812e-02	-3.1924800511e-02	8.0118214801e-05	3.7619000664e-05
7.6600000000e+02	2.9403253309e-02	-3.2004943302e-02	8.0167358501e-05	3.7619992614e-05
7.6700000000e+02	2.9440873796e-02	-3.2085135207e-02	8.0216439378e-05	3.7620980723e-05
7.6800000000e+02	2.9478495269e-02	-3.2165376160e-02	8.0265457591e-05	3.7621965010e-05
7.6900000000e+02	2.9516117725e-02	-3.2245666101e-02	8.0314413298e-05	3.7622945495e-05
7.7000000000e+02	2.9553741159e-02	-3.2326004966e-02	8.0363306656e-05	3.7623922198e-05
7.7100000000e+02	2.9591365568e-02	-3.2406392694e-02	8.0412137823e-05	3.7624895137e-05
7.7200000000e+02	2.9628990948e-02	-3.2486829221e-02	8.0460906955e-05	3.7625864333e-05
7.7300000000e+02	2.9666617295e-02	-3.2567314487e-02	8.0509614207e-05	3.7626829804e-05
7.7400000000e+02	2.9704244606e-02	-3.2647848429e-02	8.0558259736e-05	3.7627791569e-05
7.7500000000e+02	2.9741872877e-02	-3.2728430986e-02	8.0606843694e-05	3.7628749648e-05
7.7600000000e+02	2.9779502104e-02	-3.2809062096e-02	8.0655366238e-05	3.7629704059e-05
7.7700000000e+02	2.9817132284e-02	-3.2889741698e-02	8.0703827519e-05	3.7630654820e-05
7.7800000000e+02	2.9854763413e-02	-3.2970469731e-02	8.0752227691e-05	3.7631601950e-05
7.7900000000e+02	2.9892395487e-02	-3.3051246133e-02	8.0800566906e-05	3.7632545468e-05
7.8000000000e+02	2.9930028503e-02	-3.3132070844e-02	8.0848845316e-05	3.7633485392e-05
7.8100000000e+02	2.9967662457e-02	-3.3212943803e-02	8.0897063073e-05	3.7634421740e-05
7.8200000000e+02	3.0005297345e-02	-3.3293864950e-02	8.0945220326e-05	3.7635354531e-05
7.8300000000e+02	3.0042933164e-02	-3.3374834224e-02	8.0993317226e-05	3.7636283781e-05
7.8400000000e+02	3.0080569911e-02	-3.3455851564e-02	8.1041353923e-05	3.7637209510e-05
7.8500000000e+02	3.0118207582e-02	-3.3536916912e-02	8.1089330565e-05	3.7638131734e-05
7.8600000000e+02	3.0155846174e-02	-3.3618030206e-02	8.1137247302e-05	3.7639050471e-05
7.8700000000e+02	3.0193485682e-02	-3.3699191386e-02	8.1185104280e-05	3.7639965740e-05
7.8800000000e+02	3.0231126104e-02	-3.3780400394e-02	8.1232901648e-05	3.7640877556e-05
7.8900000000e+02	3.0268767436e-02	-3.3861657170e-02	8.1280639551e-05	3.7641785939e-05
7.9000000000e+02	3.0306409675e-02	-3.3942961654e-02	8.1328318137e-05	3.7642690904e-05
7.9100000000e+02	3.0344052817e-02	-3.4024313786e-02	8.1375937551e-05	3.7643592469e-05
7.9200000000e+02	3.0381696859e-02	-3.4105713509e-02	8.1423497939e-05	3.7644490650e-05
7.9300000000e+02	3.0419341797e-02	-3.4187160763e-02	8.1470999444e-05	3.7645385466e-05
7.9400000000e+02	3.0456987628e-02	-3.4268655488e-02	8.1518442212e-05	3.7646276931e-05
7.9500000000e+02	3.0494634350e-02	-3.4350197628e-02	8.1565826386e-05	3.7647165064e-05
7.9600000000e+02	3.0532281957e-02	-3.4431787122e-02	8.1613152109e-05	3.7648049881e-05
7.9700000000e+02	3.0569930448e-02	-3.4513423912e-02	8.1660419524e-05	3.7648931398e-05
7.9800000000e+02	3.0607579819e-02	-3.4595107941e-02	8.1707628772e-05	3.7649809631e-05
7.9900000000e+02	3.0645230066e-02	-3.4676839150e-02	8.1754779996e-05	3.7650684597e-05
8.0000000000e+02	3.0682881187e-02	-3.4758617482e-02	8.1801873336e-05	3.7651556312e-05
8.0100000000e+02	3.0720533178e-02	-3.4840442878e-02	8.1848908934e-05	3.7652424791e-05
8.0200000000e+02	3.0758186036e-02	-3.4922315281e-02	8.1895886928e-05	3.7653290052e-05
8.0300000000e+02	3.0795839757e-02	-3.5004234633e-02	8.1942807459e-05	3.7654152110e-05
8.0400000000e+02	3.0833494339e-02	-3.5086200876e-02	8.1989670666e-05	3.7655010979e-05
8.0500000000e+02	3.0871149778e-02	-3.5168213955e-02	8.2036476687e-05	3.7655866677e-05
8.0600000000e+02	3.0908806071e-02	-3.5250273811e-02	8.2083225660e-05	3.7656719219e-05
8.0700000000e+02	3.0946463215e-02	-3.5332380387e-02	8.2129917723e-05	3.7657568620e-05
8.0800000000e+02	3.0984121207e-02	-3.5414533627e-02	8.2176553013e-05	3.7658414896e-05
8.0900000000e+02	3.1021780044e-02	-3.5496733474e-02	8.2223131667e-05	3.7659258061e-05
8.1000000000e+02	3.1059439722e-02	-3.5578979872e-02	8.2269653820e-05	3.7660098132e-05
8.1100000000e+02	3.1097100239e-02	-3.5661272763e-02	8.2316119609e-05	3.7660935122e-05
8.1200000000e+02	3.1134761592e-02	-3.5743612092e-02	8.2362529167e-05	3.7661769048e-05
8.1300000000e+02	3.1172423776e-02	-3.5825997803e-02	8.2408882631e-05	3.7662599924e-05
8.1400000000e+02	3.1210086790e-02	-3.5908429839e-02	8.2455180134e-05	3.7663427764e-05
8.1500000000e+02	3.1247750631e-02	-3.5990908145e-02	8.2501421810e-05	3.7664252585e-05
8.1600000000e+02	3.1285415295e-02	-3.6073432664e-02	8.2547607792e-05	3.7665074399e-05
8.1700000000e+02	3.1323080779e-02	-3.6156003342e-02	8.2593738213e-05	3.7665893223e-05
8.1800000000e+02	3.1360747080e-02	-3.6238620122e-02	8.2639813205e-05	3.7666709069e-05
8.1900000000e+02	3.1398414196e-02	-3.6321282950e-02	8.2685832900e-05	3.7667521954e-05
8.2000000000e+02	3.1436082123e-02	-3.6403991769e-02	8.2731797430e-05	3.7668331890e-05
8.2100000000e+02	3.1473750859e-02	-3.6486746526e-02	8.2777706924e-05	3.7669138892e-05
8.2200000000e+02	3.1511420400e-02	-3.6569547165e-02	8.2823561514e-05	3.7669942975e-05
8.2300000000e+02	3.1549090744e-02	-3.6652393631e-02	8.2869361330e-05	3.7670744152e-05
8.2400000000e+02	3.1586761887e-02	-3.6735285869e-02	8.2915106501e-05	3.7671542438e-05
8.2500000000e+02	3.1624433828e-02	-3.6818223826e-02	8.2960797155e-05	3.7672337845e-05
8.2600000000e+02	3.1662106562e-02	-3.6901207446e-02	8.3006433423e-05	3.7673130389e-05
8.2700000000e+02	3.1699780087e-02	-3.6984236674e-02	8.3052015431e-05	3.7673920082e-05
8.2800000000e+02	3.1737454401e-02	-3.7067311458e-02	8.3097543309e-05	3.7674706938e-05
8.2900000000e+02	3.1775129500e-02	-3.7150431743e-02	8.3143017181e-05	3.7675490972e-05
8.3000000000e+02	3.1812805382e-02	-3.7233597475e-02	8.3188437177e-05	3.7676272195e-05
8.3100000000e+02	3.1850482044e-02	-3.7316808600e-02	8.3233803422e-05	3.7677050622e-05
8.3200000000e+02	3.1888159482e-02	-3.7400065064e-02	8.3279116041e-05	3.7677826267e-05
8.3300000000e+02	3.1925837695e-02	-3.7483366814e-02	8.3324375161e-05	3.7678599141e-05
8.3400000000e+02	3.1963516680e-02	-3.7566713796e-02	8.3369580907e-05	3.7679369259e-05
8.3500000000e+02	3.2001196433e-02	-3.7650105958e-02	8.3414733402e-05	3.7680136633e-05
8.3600000000e+02	3.2038876952e-02	-3.7733543245e-02	8.3459832772e-05	3.7680901277e-05
8.3700000000e+02	3.2076558235e-02	-3.7817025606e-02	8.3504879140e-05	3.7681663202e-05
8.3800000000e+02	3.2114240278e-02	-3.7900552986e-02	8.3549872630e-05	3.7682422423e-05
8.3900000000e+02	3.2151923079e-02	-3.7984125333e-02	8.3594813363e-05	3.7683178952e-05
8.4000000000e+02	3.2189606635e-02	-3.8067742595e-02	8.3639701464e-05	3.7683932802e-05
8.4100000000e+02	3.2227290943e-02	-3.8151404719e-02	8.3684537054e-05	3.7684683985e-05
8.4200000000e+02	3.2264976002e-02	-3.8235111652e-02	8.3729320254e-05	3.7685432513e-05
8.4300000000e+02	3.2302661807e-02	-3.8318863342e-02	8.3774051185e-05	3.7686178400e-05
8.4400000000e+02	3.2340348358e-02	-3.8402659737e-02	8.3818729970e-05	3.7686921657e-05
8.4500000000e+02	3.2378035650e-02	-3.8486500784e-02	8.3863356727e-05	3.7687662298e-05
8.4600000000e+02	3.2415723681e-02	-3.8570386433e-02	8.3907931577e-05	3.7688400333e-05
8.4700000000e+02	3.2453412450e-02	-3.8654316630e-02	8.3952454640e-05	3.7689135776e-05
8.4800000000e+02	3.2491101952e-02	-3.8738291325e-02	8.3996926034e-05	3.7689868638e-05
8.4900000000e+02	3.2528792186e-02	-3.8822310465e-02	8.4041345879e-05	3.7690598932e-05
8.5000000000e+02	3.2566483149e-02	-3.8906374000e-02	8.4085714293e-05	3.7691326669e-05
8.5100000000e+02	3.2604174839e-02	-3.8990481877e-02	8.4130031393e-05	3.7692051862e-05
8.5200000000e+02	3.2641867252e-02	-3.9074634045e-02	8.4174297297e-05	3.7692774522e-05
8.5300000000e+02	3.2679560387e-02	-3.9158830454e-02	8.4218512123e-05	3.7693494660e-05
8.5400000000e+02	3.2717254241e-02	-3.9243071053e-02	8.4262675987e-05	3.7694212290e-05
8.5500000000e+02	3.2754948811e-02	-3.9327355789e-02	8.4306789006e-05	3.7694927422e-05
8.5600000000e+02	3.2792644095e-02	-3.9411684614e-02	8.4350851295e-05	3.7695640067e-05
8.5700000000e+02	3.2830340090e-02	-3.9496057475e-02	8.4394862970e-05	3.7696350238e-05
8.5800000000e+02	3.2868036794e-02	-3.9580474323e-02	8.4438824146e-05	3.7697057945e-05
8.5900000000e+02	3.2905734205e-02	-3.9664935107e-02	8.4482734938e-05	3.7697763201e-05
8.6000000000e+02	3.2943432320e-02	-3.9749439776e-02	8.4526595460e-05	3.7698466016e-05
8.6100000000e+02	3.2981131136e-02	-3.9833988281e-02	8.4570405827e-05	3.7699166402e-05
8.6200000000e+02	3.3018830652e-02	-3.9918580571e-02	8.4614166152e-05	3.7699864369e-05
8.6300000000e+02	3.3056530864e-02	-4.0003216596e-02	8.4657876548e-05	3.7700559929e-05
8.6400000000e+02	3.3094231771e-02	-4.0087896307e-02	8.4701537128e-05	3.7701253093e-05
8.6500000000e+02	3.3131933369e-02	-4.0172619654e-02	8.4745148004e-05	3.7701943872e-05
8.6600000000e+02	3.3169635658e-02	-4.0257386587e-02	8.4788709289e-05	3.7702632277e-05
8.6700000000e+02	3.3207338633e-02	-4.0342197056e-02	8.4832221095e-05	3.7703318319e-05
8.6800000000e+02	3.3245042294e-02	-4.0427051013e-02	8.4875683533e-05	3.7704002008e-05
8.6900000000e+02	3.3282746637e-02	-4.0511948407e-02	8.4919096713e-05	3.7704683355e-05
8.7000000000e+02	3.3320451660e-02	-4.0596889190e-02	8.4962460746e-05	3.7705362371e-05
8.7100000000e+02	3.3358157360e-02	-4.0681873312e-02	8.5005775743e-05	3.7706039066e-05
8.7200000000e+02	3.3395863737e-02	-4.0766900725e-02	8.5049041814e-05	3.7706713451e-05
8.7300000000e+02	3.3433570787e-02	-4.0851971379e-02	8.5092259068e-05	3.7707385537e-05
8.7400000000e+02	3.3471278507e-02	-4.0937085227e-02	8.5135427613e-05	3.7708055333e-05
8.7500000000e+02	3.3508986897e-02	-4.1022242218e-02	8.5178547560e-05	3.7708722851e-05
8.7600000000e+02	3.3546695952e-02	-4.1107442306e-02	8.5221619016e-05	3.7709388100e-05
8.7700000000e+02	3.3584405672e-02	-4.1192685440e-02	8.5264642089e-05	3.7710051091e-05
8.7800000000e+02	3.3622116054e-02	-4.1277971574e-02	8.5307616888e-05	3.7710711834e-05
8.7900000000e+02	3.3659827095e-02	-4.1363300658e-02	8.5350543519e-05	3.7711370340e-05
8.8000000000e+02	3.3697538794e-02	-4.1448672645e-02	8.5393422089e-05	3.7712026617e-05
8.8100000000e+02	3.3735251147e-02	-4.1534087486e-02	8.5436252705e-05	3.7712680677e-05
8.8200000000e+02	3.3772964154e-02	-4.1619545134e-02	8.5479035474e-05	3.7713332528e-05
8.8300000000e+02	3.3810677812e-02	-4.1705045541e-02	8.5521770502e-05	3.7713982182e-05
8.8400000000e+02	3.3848392118e-02	-4.1790588659e-02	8.5564457893e-05	3.7714629648e-05
8.8500000000e+02	3.3886107070e-02	-4.1876174441e-02	8.5607097753e-05	3.7715274935e-05
8.8600000000e+02	3.3923822667e-02	-4.1961802839e-02	8.5649690187e-05	3.7715918054e-05
8.8700000000e+02	3.3961538906e-02	-4.2047473806e-02	8.5692235300e-05	3.7716559014e-05
8.8800000000e+02	3.3999255784e-02	-4.2133187294e-02	8.5734733196e-05	3.7717197825e-05
8.8900000000e+02	3.4036973301e-02	-4.2218943256e-02	8.5777183979e-05	3.7717834497e-05
8.9000000000e+02	3.4074691453e-02	-4.2304741646e-02	8.5819587751e-05	3.7718469038e-05
8.9100000000e+02	3.4112410238e-02	-4.2390582416e-02	8.5861944618e-05	3.7719101458e-05
8.9200000000e+02	3.4150129655e-02	-4.2476465520e-02	8.5904254680e-05	3.7719731768e-05
8.9300000000e+02	3.4187849701e-02	-4.2562390910e-02	8.5946518041e-05	3.7720359975e-05
8.9400000000e+02	3.4225570374e-02	-4.2648358540e-02	8.5988734804e-05	3.7720986090e-05
8.9500000000e+02	3.4263291672e-02	-4.2734368364e-02	8.6030905069e-05	3.7721610122e-05
8.9600000000e+02	3.4301013594e-02	-4.2820420335e-02	8.6073028938e-05	3.7722232080e-05
8.9700000000e+02	3.4338736136e-02	-4.2906514407e-02	8.6115106513e-05	3.7722851973e-05
8.9800000000e+02	3.4376459297e-02	-4.2992650533e-02	8.6157137895e-05	3.7723469810e-05
8.9900000000e+02	3.4414183075e-02	-4.3078828667e-02	8.6199123183e-05	3.7724085601e-05
9.0000000000e+02	3.4451907467e-02	-4.3165048764e-02	8.6241062479e-05	3.7724699353e-05
9.0100000000e+02	3.4489632473e-02	-4.3251310777e-02	8.6282955882e-05	3.7725311078e-05
9.0200000000e+02	3.4527358089e-02	-4.3337614660e-02	8.6324803491e-05	3.7725920782e-05
9.0300000000e+02	3.4565084314e-02	-4.3423960368e-02	8.6366605407e-05	3.7726528475e-05
9.0400000000e+02	3.4602811145e-02	-4.3510347856e-02	8.6408361727e-05	3.7727134167e-05
9.0500000000e+02	3.4640538581e-02	-4.3596777077e-02	8.6450072550e-05	3.7727737865e-05
9.0600000000e+02	3.4678266620e-02	-4.3683247986e-02	8.6491737976e-05	3.7728339578e-05
9.0700000000e+02	3.4715995260e-02	-4.3769760538e-02	8.6533358101e-05	3.7728939315e-05
9.0800000000e+02	3.4753724498e-02	-4.3856314687e-02	8.6574933023e-05	3.7729537086e-05
9.0900000000e+02	3.4791454333e-02	-4.3942910389e-02	8.6616462840e-05	3.7730132897e-05
9.1000000000e+02	3.4829184763e-02	-4.4029547598e-02	8.6657947649e-05	3.7730726758e-05
9.1100000000e+02	3.4866915786e-02	-4.4116226269e-02	8.6699387547e-05	3.7731318678e-05
9.1200000000e+02	3.4904647400e-02	-4.4202946358e-02	8.6740782629e-05	3.7731908664e-05
9.1300000000e+02	3.4942379603e-02	-4.4289707819e-02	8.6782132993e-05	3.7732496725e-05
9.1400000000e+02	3.4980112393e-02	-4.4376510609e-02	8.6823438733e-05	3.7733082870e-05
9.1500000000e+02	3.5017845768e-02	-4.4463354682e-02	8.6864699945e-05	3.7733667107e-05
9.1600000000e+02	3.5055579726e-02	-4.4550239994e-02	8.6905916725e-05	3.7734249444e-05
9.1700000000e+02	3.5093314266e-02	-4.4637166501e-02	8.6947089168e-05	3.7734829889e-05
9.1800000000e+02	3.5131049386e-02	-4.4724134158e-02	8.6988217367e-05	3.7735408450e-05
9.1900000000e+02	3.5168785082e-02	-4.4811142921e-02	8.7029301418e-05	3.7735985136e-05
9.2000000000e+02	3.5206521355e-02	-4.4898192746e-02	8.7070341414e-05	3.7736559955e-05
9.2100000000e+02	3.5244258202e-02	-4.4985283589e-02	8.7111337449e-05	3.7737132914e-05
9.2200000000e+02	3.5281995620e-02	-4.5072415406e-02	8.7152289616e-05	3.7737704022e-05
9.2300000000e+02	3.5319733609e-02	-4.5159588153e-02	8.7193198009e-05	3.7738273287e-05
9.2400000000e+02	3.5357472166e-02	-4.5246801787e-02	8.7234062721e-05	3.7738840716e-05
9.2500000000e+02	3.5395211290e-02	-4.5334056264e-02	8.7274883843e-05	3.7739406318e-05
9.2600000000e+02	3.5432950978e-02	-4.5421351541e-02	8.7315661468e-05	3.7739970100e-05
9.2700000000e+02	3.5470691230e-02	-4.5508687573e-02	8.7356395688e-05	3.7740532069e-05
9.2800000000e+02	3.5508432042e-02	-4.5596064318e-02	8.7397086594e-05	3.7741092235e-05
9.2900000000e+02	3.5546173414e-02	-4.5683481732e-02	8.7437734279e-05	3.7741650604e-05
9.3000000000e+02	3.5583915343e-02	-4.5770939772e-02	8.7478338833e-05	3.7742207185e-05
9.3100000000e+02	3.5621657827e-02	-4.5858438395e-02	8.7518900346e-05	3.7742761984e-05
9.3200000000e+02	3.5659400866e-02	-4.5945977558e-02	8.7559418910e-05	3.7743315009e-05
9.3300000000e+02	3.5697144457e-02	-4.6033557218e-02	8.7599894614e-05	3.7743866268e-05
9.3400000000e+02	3.5734888598e-02	-4.6121177333e-02	8.7640327549e-05	3.7744415769e-05
9.3500000000e+02	3.5772633288e-02	-4.6208837859e-02	8.7680717804e-05	3.7744963519e-05
9.3600000000e+02	3.5810378524e-02	-4.6296538755e-02	8.7721065469e-05	3.7745509525e-05
9.3700000000e+02	3.5848124306e-02	-4.6384279976e-02	8.7761370632e-05	3.7746053794e-05
9.3800000000e+02	3.5885870631e-02	-4.6472061482e-02	8.7801633383e-05	3.7746596334e-05
9.3900000000e+02	3.5923617498e-02	-4.6559883229e-02	8.7841853809e-05	3.7747137153e-05
9.4000000000e+02	3.5961364905e-02	-4.6647745175e-02	8.7882032000e-05	3.7747676257e-05
9.4100000000e+02	3.5999112850e-02	-4.6735647279e-02	8.7922168043e-05	3.7748213655e-05
9.4200000000e+02	3.6036861332e-02	-4.6823589497e-02	8.7962262027e-05	3.7748749352e-05
9.4300000000e+02	3.6074610348e-02	-4.6911571789e-02	8.8002314037e-05	3.7749283356e-05
9.4400000000e+02	3.6112359898e-02	-4.6999594111e-02	8.8042324162e-05	3.7749815674e-05
9.4500000000e+02	3.6150109979e-02	-4.7087656423e-02	8.8082292489e-05	3.7750346314e-05
9.4600000000e+02	3.6187860590e-02	-4.7175758682e-02	8.8122219104e-05	3.7750875282e-05
9.4700000000e+02	3.6225611729e-02	-4.7263900847e-02	8.8162104094e-05	3.7751402586e-05
9.4800000000e+02	3.6263363395e-02	-4.7352082877e-02	8.8201947544e-05	3.7751928232e-05
9.4900000000e+02	3.6301115585e-02	-4.7440304729e-02	8.8241749540e-05	3.7752452227e-05
9.5000000000e+02	3.6338868299e-02	-4.7528566362e-02	8.8281510169e-05	3.7752974578e-05
9.5100000000e+02	3.6376621534e-02	-4.7616867735e-02	8.8321229515e-05	3.7753495292e-05
9.5200000000e+02	3.6414375289e-02	-4.7705208807e-02	8.8360907664e-05	3.7754014376e-05
9.5300000000e+02	3.6452129562e-02	-4.7793589537e-02	8.8400544700e-05	3.7754531837e-05
9.5400000000e+02	3.6489884352e-02	-4.7882009883e-02	8.8440140707e-05	3.7755047681e-05
9.5500000000e+02	3.6527639657e-02	-4.7970469805e-02	8.8479695771e-05	3.7755561915e-05
9.5600000000e+02	3.6565395475e-02	-4.8058969261e-02	8.8519209975e-05	3.7756074546e-05
9.5700000000e+02	3.6603151805e-02	-4.8147508211e-02	8.8558683403e-05	3.7756585581e-05
9.5800000000e+02	3.6640908646e-02	-4.8236086614e-02	8.8598116138e-05	3.7757095025e-05
9.5900000000e+02	3.6678665995e-02	-4.8324704430e-02	8.8637508263e-05	3.7757602886e-05
9.6000000000e+02	3.6716423851e-02	-4.8413361617e-02	8.8676859863e-05	3.7758109171e-05
9.6100000000e+02	3.6754182213e-02	-4.8502058136e-02	8.8716171018e-05	3.7758613885e-05
9.6200000000e+02	3.6791941078e-02	-4.8590793946e-02	8.8755441813e-05	3.7759117035e-05
9.6300000000e+02	3.6829700446e-02	-4.8679569006e-02	8.8794672329e-05	3.7759618627e-05
9.6400000000e+02	3.6867460315e-02	-4.8768383277e-02	8.8833862647e-05	3.7760118669e-05
9.6500000000e+02	3.6905220683e-02	-4.8857236718e-02	8.8873012851e-05	3.7760617166e-05
9.6600000000e+02	3.6942981549e-02	-4.8946129289e-02	8.8912123021e-05	3.7761114125e-05
9.6700000000e+02	3.6980742911e-02	-4.9035060951e-02	8.8951193238e-05	3.7761609551e-05
9.6800000000e+02	3.7018504767e-02	-4.9124031663e-02	8.8990223585e-05	3.7762103453e-05
9.6900000000e+02	3.7056267117e-02	-4.9213041385e-02	8.9029214140e-05	3.7762595834e-05
9.7000000000e+02	3.7094029958e-02	-4.9302090078e-02	8.9068164986e-05	3.7763086703e-05
9.7100000000e+02	3.7131793290e-02	-4.9391177702e-02	8.9107076201e-05	3.7763576064e-05
9.7200000000e+02	3.7169557110e-02	-4.9480304217e-02	8.9145947867e-05	3.7764063925e-05
9.7300000000e+02	3.7207321417e-02	-4.9569469584e-02	8.9184780063e-05	3.7764550291e-05
9.7400000000e+02	3.7245086210e-02	-4.9658673764e-02	8.9223572869e-05	3.7765035168e-05
9.7500000000e+02	3.7282851487e-02	-4.9747916717e-02	8.9262326363e-05	3.7765518563e-05
9.7600000000e+02	3.7320617247e-02	-4.9837198404e-02	8.9301040625e-05	3.7766000481e-05
9.7700000000e+02	3.7358383488e-02	-4.9926518785e-02	8.9339715735e-05	3.7766480928e-05
9.7800000000e+02	3.7396150208e-02	-5.0015877822e-02	8.9378351769e-05	3.7766959911e-05
9.7900000000e+02	3.7433917407e-02	-5.0105275476e-02	8.9416948807e-05	3.7767437435e-05
9.8000000000e+02	3.7471685083e-02	-5.0194711707e-02	8.9455506928e-05	3.7767913507e-05
9.8100000000e+02	3.7509453234e-02	-5.0284186476e-02	8.9494026208e-05	3.7768388131e-05
9.8200000000e+02	3.7547221858e-02	-5.0373699746e-02	8.9532506726e-05	3.7768861315e-05
9.8300000000e+02	3.7584990956e-02	-5.0463251477e-02	8.9570948558e-05	3.7769333063e-05
9.8400000000e+02	3.7622760524e-02	-5.0552841630e-02	8.9609351783e-05	3.7769803382e-05
9.8500000000e+02	3.7660530562e-02	-5.0642470168e-02	8.9647716477e-05	3.7770272277e-05
9.8600000000e+02	3.7698301068e-02	-5.0732137051e-02	8.9686042717e-05	3.7770739755e-05
9.8700000000e+02	3.7736072041e-02	-5.0821842240e-02	8.9724330579e-05	3.7771205820e-05
9.8800000000e+02	3.7773843479e-02	-5.0911585699e-02	8.9762580140e-05	3.7771670478e-05
9.8900000000e+02	3.7811615381e-02	-5.1001367388e-02	8.9800791476e-05	3.7772133736e-05
9.9000000000e+02	3.7849387746e-02	-5.1091187269e-02	8.9838964662e-05	3.7772595598e-05
9.9100000000e+02	3.7887160572e-02	-5.1181045305e-02	8.9877099775e-05	3.7773056071e-05
9.9200000000e+02	3.7924933858e-02	-5.1270941456e-02	8.9915196889e-05	3.7773515160e-05
9.9300000000e+02	3.7962707602e-02	-5.1360875686e-02	8.9953256080e-05	3.7773972869e-05
9.9400000000e+02	3.8000481803e-02	-5.1450847956e-02	8.9991277423e-05	3.7774429206e-05
9.9500000000e+02	3.8038256460e-02	-5.1540858228e-02	9.0029260993e-05	3.7774884176e-05
9.9600000000e+02	3.8076031571e-02	-5.1630906465e-02	9.0067206864e-05	3.7775337783e-05
9.9700000000e+02	3.8113807135e-02	-5.1720992629e-02	9.0105115110e-05	3.7775790033e-05
9.9800000000e+02	3.8151583151e-02	-5.1811116683e-02	9.0142985805e-05	3.7776240932e-05
9.9900000000e+02	3.8189359617e-02	-5.1901278588e-02	9.0180819024e-05	3.7776690485e-05
