# total modes from dos = 5.9999847289e+00
# ZPE = 4.9513284722e-03 Ry/cell
# Multiply by 13.6058 to have energies in eV/cell etc..
# Multiply by 13.6058 x 23060.35 = 313 754.5 to have energies in cal/(N mol).
# Multiply by 13.6058 x 96526.0 = 1 313 313 to have energies in J/(N mol).
# N is the number of formula units per cell.
#
# T (K) 	Evib (Ry/cell)	Fvib (Ry/cell)	Svib (Ry/cell/K)	Cvib (Ry/cell/K)
1.0000000000e+00	4.9513284841e-03	4.9513284084e-03	7.5641199767e-11	3.4279888522e-11
2.0000000000e+00	4.9513285880e-03	4.9513283059e-03	1.4106786173e-10	2.0859414441e-10
3.0000000000e+00	4.9513289942e-03	4.9513280952e-03	2.9966676026e-10	6.6189950252e-10
4.0000000000e+00	4.9513300514e-03	4.9513276600e-03	5.9784209218e-10	1.5339789254e-09
5.0000000000e+00	4.9513322488e-03	4.9513268375e-03	1.0822686000e-09	2.9659951747e-09
6.0000000000e+00	4.9513362178e-03	4.9513254177e-03	1.8000125462e-09	5.1013762257e-09
7.0000000000e+00	4.9513427350e-03	4.9513231438e-03	2.7987488815e-09	8.0873582356e-09
8.0000000000e+00	4.9513527271e-03	4.9513197104e-03	4.1270841356e-09	1.2077246924e-08
9.0000000000e+00	4.9513672783e-03	4.9513147631e-03	5.8350187910e-09	1.7233895993e-08
1.0000000000e+01	4.9513876429e-03	4.9513078965e-03	7.9746434865e-09	2.3735582385e-08
1.1000000000e+01	4.9514152653e-03	4.9512986515e-03	1.0601246798e-08	3.1786082375e-08
1.2000000000e+01	4.9514518123e-03	4.9512865117e-03	1.3775052260e-08	4.1630269400e-08
1.3000000000e+01	4.9514992249e-03	4.9512708966e-03	1.7563713605e-08	5.3574500109e-08
1.4000000000e+01	4.9515597901e-03	4.9512511534e-03	2.2045478820e-08	6.8008471354e-08
1.5000000000e+01	4.9516362343e-03	4.9512265440e-03	2.7312686341e-08	8.5423732465e-08
1.6000000000e+01	4.9517318314e-03	4.9511962298e-03	3.3475098857e-08	1.0642438790e-07
1.7000000000e+01	4.9518505160e-03	4.9511592524e-03	4.0662567937e-08	1.3172731510e-07
1.8000000000e+01	4.9519969922e-03	4.9511145127e-03	4.9026636850e-08	1.6215148982e-07
1.9000000000e+01	4.9521768258e-03	4.9510607493e-03	5.8740869987e-08	1.9859792793e-07
2.0000000000e+01	4.9523965140e-03	4.9509965163e-03	6.9999884060e-08	2.4202291675e-07
2.1000000000e+01	4.9526635250e-03	4.9509201636e-03	8.3017207719e-08	2.9340760079e-07
2.2000000000e+01	4.9529863077e-03	4.9508298194e-03	9.8022195127e-08	3.5372679746e-07
2.3000000000e+01	4.9533742704e-03	4.9507233763e-03	1.1525626596e-07	4.2391939113e-07
2.4000000000e+01	4.9538377308e-03	4.9505984808e-03	1.3496874939e-07	5.0486199891e-07
2.5000000000e+01	4.9543878430e-03	4.9504525283e-03	1.5741258627e-07	5.9734695905e-07
2.6000000000e+01	4.9550365037e-03	4.9502826610e-03	1.8284010381e-07	7.0206514180e-07
2.7000000000e+01	4.9557962447e-03	4.9500857709e-03	2.1149903112e-07	8.1959365207e-07
2.8000000000e+01	4.9566801144e-03	4.9498585059e-03	2.4362887732e-07	9.5038818478e-07
2.9000000000e+01	4.9577015548e-03	4.9495972800e-03	2.7945775212e-07	1.0947795927e-06
3.0000000000e+01	4.9588742760e-03	4.9492982858e-03	3.1919967244e-07	1.2529741118e-06
3.1000000000e+01	4.9602121336e-03	4.9489575102e-03	3.6305236979e-07	1.4250566415e-06
3.2000000000e+01	4.9617290096e-03	4.9485707507e-03	4.1119559022e-07	1.6109964736e-06
3.3000000000e+01	4.9634387005e-03	4.9481336351e-03	4.6378986254e-07	1.8106548985e-06
3.4000000000e+01	4.9653548140e-03	4.9476416402e-03	5.2097569888e-07	2.0237941613e-06
3.5000000000e+01	4.9674906744e-03	4.9470901129e-03	5.8287318477e-07	2.2500873096e-06
3.6000000000e+01	4.9698592387e-03	4.9464742899e-03	6.4958191225e-07	2.4891285328e-06
3.7000000000e+01	4.9724730234e-03	4.9457893187e-03	7.2118120846e-07	2.7404436634e-06
3.8000000000e+01	4.9753440405e-03	4.9450302772e-03	7.9773061290e-07	3.0035005696e-06
3.9000000000e+01	4.9784837455e-03	4.9441921937e-03	8.7927055907e-07	3.2777192286e-06
4.0000000000e+01	4.9819029938e-03	4.9432700650e-03	9.6582321909e-07	3.5624813172e-06
4.1000000000e+01	4.9856120070e-03	4.9422588746e-03	1.0573934737e-06	3.8571392037e-06
4.2000000000e+01	4.9896203480e-03	4.9411536091e-03	1.1539699740e-06	4.1610242620e-06
4.3000000000e+01	4.9939369040e-03	4.9399492745e-03	1.2555262658e-06	4.4734544593e-06
4.4000000000e+01	4.9985698758e-03	4.9386409100e-03	1.3620219503e-06	4.7937411972e-06
4.5000000000e+01	5.0035267755e-03	4.9372236018e-03	1.4734038599e-06	5.1211954051e-06
4.6000000000e+01	5.0088144276e-03	4.9356924950e-03	1.5896072305e-06	5.4551329000e-06
4.7000000000e+01	5.0144389773e-03	4.9340428051e-03	1.7105568555e-06	5.7948790431e-06
4.8000000000e+01	5.0204059014e-03	4.9322698273e-03	1.8361682096e-06	6.1397727279e-06
4.9000000000e+01	5.0267200237e-03	4.9303689456e-03	1.9663485315e-06	6.4891697440e-06
5.0000000000e+01	5.0333855335e-03	4.9283356405e-03	2.1009978608e-06	6.8424455624e-06
5.1000000000e+01	5.0404060066e-03	4.9261654956e-03	2.2400100203e-06	7.1989975929e-06
5.2000000000e+01	5.0477844276e-03	4.9238542033e-03	2.3832735436e-06	7.5582469609e-06
5.3000000000e+01	5.0555232147e-03	4.9213975699e-03	2.5306725433e-06	7.9196398537e-06
5.4000000000e+01	5.0636242456e-03	4.9187915195e-03	2.6820875192e-06	8.2826484829e-06
5.5000000000e+01	5.0720888829e-03	4.9160320970e-03	2.8373961077e-06	8.6467717083e-06
5.6000000000e+01	5.0809180021e-03	4.9131154709e-03	2.9964737718e-06	9.0115353651e-06
5.7000000000e+01	5.0901120178e-03	4.9100379351e-03	3.1591944330e-06	9.3764923347e-06
5.8000000000e+01	5.0996709109e-03	4.9067959101e-03	3.3254310485e-06	9.7412223946e-06
5.9000000000e+01	5.1095942554e-03	4.9033859435e-03	3.4950561340e-06	1.0105331881e-05
6.0000000000e+01	5.1198812450e-03	4.8998047108e-03	3.6679422362e-06	1.0468453198e-05
6.1000000000e+01	5.1305307181e-03	4.8960490144e-03	3.8439623561e-06	1.0830244190e-05
6.2000000000e+01	5.1415411838e-03	4.8921157835e-03	4.0229903282e-06	1.1190387418e-05
6.3000000000e+01	5.1529108456e-03	4.8880020728e-03	4.2049011555e-06	1.1548589346e-05
6.4000000000e+01	5.1646376250e-03	4.8837050614e-03	4.3895713061e-06	1.1904579467e-05
6.5000000000e+01	5.1767191842e-03	4.8792220510e-03	4.5768789721e-06	1.2258109379e-05
6.6000000000e+01	5.1891529477e-03	4.8745504643e-03	4.7667042946e-06	1.2608951832e-05
6.7000000000e+01	5.2019361228e-03	4.8696878425e-03	4.9589295572e-06	1.2956899750e-05
6.8000000000e+01	5.2150657195e-03	4.8646318437e-03	5.1534393509e-06	1.3301765247e-05
6.9000000000e+01	5.2285385691e-03	4.8593802400e-03	5.3501207121e-06	1.3643378644e-05
7.0000000000e+01	5.2423513418e-03	4.8539309152e-03	5.5488632367e-06	1.3981587492e-05
7.1000000000e+01	5.2565005637e-03	4.8482818624e-03	5.7495591730e-06	1.4316255606e-05
7.2000000000e+01	5.2709826323e-03	4.8424311808e-03	5.9521034935e-06	1.4647262127e-05
7.3000000000e+01	5.2857938318e-03	4.8363770734e-03	6.1563939503e-06	1.4974500601e-05
7.4000000000e+01	5.3009303464e-03	4.8301178440e-03	6.3623311131e-06	1.5297878087e-05
7.5000000000e+01	5.3163882740e-03	4.8236518945e-03	6.5698183941e-06	1.5617314296e-05
7.6000000000e+01	5.3321636383e-03	4.8169777218e-03	6.7787620589e-06	1.5932740760e-05
7.7000000000e+01	5.3482523997e-03	4.8100939152e-03	6.9890712271e-06	1.6244100038e-05
7.8000000000e+01	5.3646504668e-03	4.8029991536e-03	7.2006578621e-06	1.6551344954e-05
7.9000000000e+01	5.3813537055e-03	4.7956922021e-03	7.4134367520e-06	1.6854437865e-05
8.0000000000e+01	5.3983579488e-03	4.7881719101e-03	7.6273254837e-06	1.7153349975e-05
8.1000000000e+01	5.4156590049e-03	4.7804372078e-03	7.8422444091e-06	1.7448060674e-05
8.2000000000e+01	5.4332526653e-03	4.7724871036e-03	8.0581166060e-06	1.7738556916e-05
8.3000000000e+01	5.4511347118e-03	4.7643206816e-03	8.2748678343e-06	1.8024832625e-05
8.4000000000e+01	5.4693009237e-03	4.7559370988e-03	8.4924264873e-06	1.8306888144e-05
8.5000000000e+01	5.4877470834e-03	4.7473355825e-03	8.7107235400e-06	1.8584729706e-05
8.6000000000e+01	5.5064689823e-03	4.7385154278e-03	8.9296924946e-06	1.8858368941e-05
8.7000000000e+01	5.5254624260e-03	4.7294759949e-03	9.1492693226e-06	1.9127822410e-05
8.8000000000e+01	5.5447232389e-03	4.7202167071e-03	9.3693924065e-06	1.9393111172e-05
8.9000000000e+01	5.5642472684e-03	4.7107370478e-03	9.5900024790e-06	1.9654260373e-05
9.0000000000e+01	5.5840303893e-03	4.7010365588e-03	9.8110425613e-06	1.9911298864e-05
9.1000000000e+01	5.6040685066e-03	4.6911148376e-03	1.0032457901e-05	2.0164258845e-05
9.2000000000e+01	5.6243575592e-03	4.6809715355e-03	1.0254195910e-05	2.0413175530e-05
9.3000000000e+01	5.6448935225e-03	4.6706063551e-03	1.0476206102e-05	2.0658086836e-05
9.4000000000e+01	5.6656724112e-03	4.6600190487e-03	1.0698440026e-05	2.0899033096e-05
9.5000000000e+01	5.6866902812e-03	4.6492094160e-03	1.0920851213e-05	2.1136056786e-05
9.6000000000e+01	5.7079432320e-03	4.6381773021e-03	1.1143395103e-05	2.1369202277e-05
9.7000000000e+01	5.7294274083e-03	4.6269225958e-03	1.1366028995e-05	2.1598515602e-05
9.8000000000e+01	5.7511390016e-03	4.6154452277e-03	1.1588711979e-05	2.1824044243e-05
9.9000000000e+01	5.7730742515e-03	4.6037451686e-03	1.1811404878e-05	2.2045836928e-05
1.0000000000e+02	5.7952294468e-03	4.5918224272e-03	1.2034070196e-05	2.2263943448e-05
1.0100000000e+02	5.8176009266e-03	4.5796770493e-03	1.2256672052e-05	2.2478414491e-05
1.0200000000e+02	5.8401850811e-03	4.5673091157e-03	1.2479176131e-05	2.2689301478e-05
1.0300000000e+02	5.8629783522e-03	4.5547187406e-03	1.2701549627e-05	2.2896656427e-05
1.0400000000e+02	5.8859772340e-03	4.5419060704e-03	1.2923761188e-05	2.3100531810e-05
1.0500000000e+02	5.9091782735e-03	4.5288712822e-03	1.3145780870e-05	2.3300980443e-05
1.0600000000e+02	5.9325780704e-03	4.5156145822e-03	1.3367580077e-05	2.3498055363e-05
1.0700000000e+02	5.9561732774e-03	4.5021362047e-03	1.3589131521e-05	2.3691809732e-05
1.0800000000e+02	5.9799606007e-03	4.4884364104e-03	1.3810409169e-05	2.3882296742e-05
1.0900000000e+02	6.0039367995e-03	4.4745154859e-03	1.4031388198e-05	2.4069569529e-05
1.1000000000e+02	6.0280986860e-03	4.4603737415e-03	1.4252044950e-05	2.4253681096e-05
1.1100000000e+02	6.0524431255e-03	4.4460115109e-03	1.4472356888e-05	2.4434684242e-05
1.1200000000e+02	6.0769670359e-03	4.4314291498e-03	1.4692302554e-05	2.4612631498e-05
1.1300000000e+02	6.1016673873e-03	4.4166270347e-03	1.4911861527e-05	2.4787575069e-05
1.1400000000e+02	6.1265412021e-03	4.4016055621e-03	1.5131014385e-05	2.4959566781e-05
1.1500000000e+02	6.1515855541e-03	4.3863651475e-03	1.5349742666e-05	2.5128658037e-05
1.1600000000e+02	6.1767975683e-03	4.3709062242e-03	1.5568028829e-05	2.5294899771e-05
1.1700000000e+02	6.2021744206e-03	4.3552292428e-03	1.5785856221e-05	2.5458342415e-05
1.1800000000e+02	6.2277133368e-03	4.3393346700e-03	1.6003209041e-05	2.5619035861e-05
1.1900000000e+02	6.2534115923e-03	4.3232229879e-03	1.6220072306e-05	2.5777029435e-05
1.2000000000e+02	6.2792665119e-03	4.3068946933e-03	1.6436431822e-05	2.5932371871e-05
1.2100000000e+02	6.3052754684e-03	4.2903502966e-03	1.6652274147e-05	2.6085111285e-05
1.2200000000e+02	6.3314358826e-03	4.2735903216e-03	1.6867586566e-05	2.6235295161e-05
1.2300000000e+02	6.3577452225e-03	4.2566153042e-03	1.7082357060e-05	2.6382970330e-05
1.2400000000e+02	6.3842010025e-03	4.2394257919e-03	1.7296574279e-05	2.6528182958e-05
1.2500000000e+02	6.4108007828e-03	4.2220223436e-03	1.7510227513e-05	2.6670978534e-05
1.2600000000e+02	6.4375421688e-03	4.2044055283e-03	1.7723306671e-05	2.6811401860e-05
1.2700000000e+02	6.4644228104e-03	4.1865759248e-03	1.7935802249e-05	2.6949497044e-05
1.2800000000e+02	6.4914404013e-03	4.1685341213e-03	1.8147705313e-05	2.7085307492e-05
1.2900000000e+02	6.5185926781e-03	4.1502807145e-03	1.8359007470e-05	2.7218875910e-05
1.3000000000e+02	6.5458774198e-03	4.1318163093e-03	1.8569700850e-05	2.7350244295e-05
1.3100000000e+02	6.5732924471e-03	4.1131415182e-03	1.8779778084e-05	2.7479453937e-05
1.3200000000e+02	6.6008356216e-03	4.0942569608e-03	1.8989232279e-05	2.7606545418e-05
1.3300000000e+02	6.6285048452e-03	4.0751632634e-03	1.9198057006e-05	2.7731558614e-05
1.3400000000e+02	6.6562980592e-03	4.0558610586e-03	1.9406246273e-05	2.7854532700e-05
1.3500000000e+02	6.6842132437e-03	4.0363509846e-03	1.9613794512e-05	2.7975506148e-05
1.3600000000e+02	6.7122484172e-03	4.0166336850e-03	1.9820696560e-05	2.8094516734e-05
1.3700000000e+02	6.7404016353e-03	3.9967098084e-03	2.0026947641e-05	2.8211601544e-05
1.3800000000e+02	6.7686709905e-03	3.9765800082e-03	2.0232543350e-05	2.8326796978e-05
1.3900000000e+02	6.7970546113e-03	3.9562449415e-03	2.0437479639e-05	2.8440138757e-05
1.4000000000e+02	6.8255506618e-03	3.9357052699e-03	2.0641752799e-05	2.8551661928e-05
1.4100000000e+02	6.8541573405e-03	3.9149616581e-03	2.0845359449e-05	2.8661400875e-05
1.4200000000e+02	6.8828728801e-03	3.8940147742e-03	2.1048296520e-05	2.8769389323e-05
1.4300000000e+02	6.9116955466e-03	3.8728652892e-03	2.1250561241e-05	2.8875660348e-05
1.4400000000e+02	6.9406236391e-03	3.8515138767e-03	2.1452151128e-05	2.8980246387e-05
1.4500000000e+02	6.9696554884e-03	3.8299612126e-03	2.1653063971e-05	2.9083179241e-05
1.4600000000e+02	6.9987894569e-03	3.8082079751e-03	2.1853297821e-05	2.9184490090e-05
1.4700000000e+02	7.0280239381e-03	3.7862548439e-03	2.2052850981e-05	2.9284209500e-05
1.4800000000e+02	7.0573573554e-03	3.7641025005e-03	2.2251721993e-05	2.9382367432e-05
1.4900000000e+02	7.0867881622e-03	3.7417516277e-03	2.2449909628e-05	2.9478993252e-05
1.5000000000e+02	7.1163148408e-03	3.7192029094e-03	2.2647412876e-05	2.9574115738e-05
1.5100000000e+02	7.1459359020e-03	3.6964570303e-03	2.2844230938e-05	2.9667763095e-05
1.5200000000e+02	7.1756498845e-03	3.6735146761e-03	2.3040363213e-05	2.9759962959e-05
1.5300000000e+02	7.2054553545e-03	3.6503765327e-03	2.3235809293e-05	2.9850742413e-05
1.5400000000e+02	7.2353509047e-03	3.6270432863e-03	2.3430568951e-05	2.9940127988e-05
1.5500000000e+02	7.2653351545e-03	3.6035156236e-03	2.3624642135e-05	3.0028145683e-05
1.5600000000e+02	7.2954067486e-03	3.5797942308e-03	2.3818028960e-05	3.0114820966e-05
1.5700000000e+02	7.3255643573e-03	3.5558797944e-03	2.4010729700e-05	3.0200178789e-05
1.5800000000e+02	7.3558066752e-03	3.5317730000e-03	2.4202744780e-05	3.0284243597e-05
1.5900000000e+02	7.3861324214e-03	3.5074745332e-03	2.4394074769e-05	3.0367039334e-05
1.6000000000e+02	7.4165403387e-03	3.4829850786e-03	2.4584720376e-05	3.0448589458e-05
1.6100000000e+02	7.4470291928e-03	3.4583053203e-03	2.4774682438e-05	3.0528916946e-05
1.6200000000e+02	7.4775977725e-03	3.4334359412e-03	2.4963961922e-05	3.0608044305e-05
1.6300000000e+02	7.5082448887e-03	3.4083776236e-03	2.5152559909e-05	3.0685993583e-05
1.6400000000e+02	7.5389693742e-03	3.3831310482e-03	2.5340477598e-05	3.0762786374e-05
1.6500000000e+02	7.5697700831e-03	3.3576968947e-03	2.5527716293e-05	3.0838443832e-05
1.6600000000e+02	7.6006458903e-03	3.3320758415e-03	2.5714277403e-05	3.0912986677e-05
1.6700000000e+02	7.6315956916e-03	3.3062685653e-03	2.5900162433e-05	3.0986435202e-05
1.6800000000e+02	7.6626184026e-03	3.2802757414e-03	2.6085372983e-05	3.1058809287e-05
1.6900000000e+02	7.6937129586e-03	3.2540980436e-03	2.6269910740e-05	3.1130128403e-05
1.7000000000e+02	7.7248783141e-03	3.2277361436e-03	2.6453777473e-05	3.1200411623e-05
1.7100000000e+02	7.7561134427e-03	3.2011907117e-03	2.6636975035e-05	3.1269677628e-05
1.7200000000e+02	7.7874173364e-03	3.1744624160e-03	2.6819505351e-05	3.1337944718e-05
1.7300000000e+02	7.8187890052e-03	3.1475519227e-03	2.7001370419e-05	3.1405230817e-05
1.7400000000e+02	7.8502274769e-03	3.1204598962e-03	2.7182572303e-05	3.1471553485e-05
1.7500000000e+02	7.8817317967e-03	3.0931869985e-03	2.7363113133e-05	3.1536929920e-05
1.7600000000e+02	7.9133010269e-03	3.0657338895e-03	2.7542995099e-05	3.1601376972e-05
1.7700000000e+02	7.9449342464e-03	3.0381012272e-03	2.7722220448e-05	3.1664911145e-05
1.7800000000e+02	7.9766305503e-03	3.0102896668e-03	2.7900791481e-05	3.1727548608e-05
1.7900000000e+02	8.0083890500e-03	2.9822998615e-03	2.8078710550e-05	3.1789305200e-05
1.8000000000e+02	8.0402088723e-03	2.9541324622e-03	2.8255980056e-05	3.1850196438e-05
1.8100000000e+02	8.0720891595e-03	2.9257881171e-03	2.8432602444e-05	3.1910237526e-05
1.8200000000e+02	8.1040290689e-03	2.8972674722e-03	2.8608580202e-05	3.1969443357e-05
1.8300000000e+02	8.1360277727e-03	2.8685711707e-03	2.8783915857e-05	3.2027828524e-05
1.8400000000e+02	8.1680844572e-03	2.8396998536e-03	2.8958611976e-05	3.2085407324e-05
1.8500000000e+02	8.2001983232e-03	2.8106541591e-03	2.9132671157e-05	3.2142193766e-05
1.8600000000e+02	8.2323685852e-03	2.7814347228e-03	2.9306096035e-05	3.2198201575e-05
1.8700000000e+02	8.2645944713e-03	2.7520421776e-03	2.9478889271e-05	3.2253444203e-05
1.8800000000e+02	8.2968752229e-03	2.7224771539e-03	2.9651053559e-05	3.2307934828e-05
1.8900000000e+02	8.3292100946e-03	2.6927402792e-03	2.9822591616e-05	3.2361686366e-05
1.9000000000e+02	8.3615983535e-03	2.6628321785e-03	2.9993506184e-05	3.2414711473e-05
1.9100000000e+02	8.3940392795e-03	2.6327534737e-03	3.0163800030e-05	3.2467022553e-05
1.9200000000e+02	8.4265321647e-03	2.6025047844e-03	3.0333475939e-05	3.2518631763e-05
1.9300000000e+02	8.4590763131e-03	2.5720867269e-03	3.0502536716e-05	3.2569551015e-05
1.9400000000e+02	8.4916710406e-03	2.5414999151e-03	3.0670985183e-05	3.2619791988e-05
1.9500000000e+02	8.5243156748e-03	2.5107449597e-03	3.0838824180e-05	3.2669366126e-05
1.9600000000e+02	8.5570095543e-03	2.4798224689e-03	3.1006056558e-05	3.2718284648e-05
1.9700000000e+02	8.5897520292e-03	2.4487330478e-03	3.1172685184e-05	3.2766558552e-05
1.9800000000e+02	8.6225424601e-03	2.4174772988e-03	3.1338712936e-05	3.2814198618e-05
1.9900000000e+02	8.6553802187e-03	2.3860558213e-03	3.1504142700e-05	3.2861215413e-05
2.0000000000e+02	8.6882646867e-03	2.3544692118e-03	3.1668977374e-05	3.2907619299e-05
2.0100000000e+02	8.7211952563e-03	2.3227180639e-03	3.1833219863e-05	3.2953420433e-05
2.0200000000e+02	8.7541713299e-03	2.2908029685e-03	3.1996873076e-05	3.2998628774e-05
2.0300000000e+02	8.7871923195e-03	2.2587245132e-03	3.2159939933e-05	3.3043254086e-05
2.0400000000e+02	8.8202576470e-03	2.2264832831e-03	3.2322423352e-05	3.3087305945e-05
2.0500000000e+02	8.8533667434e-03	2.1940798600e-03	3.2484326260e-05	3.3130793739e-05
2.0600000000e+02	8.8865190495e-03	2.1615148231e-03	3.2645651584e-05	3.3173726675e-05
2.0700000000e+02	8.9197140148e-03	2.1287887484e-03	3.2806402253e-05	3.3216113781e-05
2.0800000000e+02	8.9529510981e-03	2.0959022092e-03	3.2966581197e-05	3.3257963913e-05
2.0900000000e+02	8.9862297666e-03	2.0628557756e-03	3.3126191344e-05	3.3299285754e-05
2.1000000000e+02	9.0195494963e-03	2.0296500151e-03	3.3285235625e-05	3.3340087822e-05
2.1100000000e+02	9.0529097717e-03	1.9962854920e-03	3.3443716965e-05	3.3380378472e-05
2.1200000000e+02	9.0863100855e-03	1.9627627678e-03	3.3601638291e-05	3.3420165899e-05
2.1300000000e+02	9.1197499385e-03	1.9290824011e-03	3.3759002523e-05	3.3459458141e-05
2.1400000000e+02	9.1532288394e-03	1.8952449475e-03	3.3915812579e-05	3.3498263083e-05
2.1500000000e+02	9.1867463048e-03	1.8612509597e-03	3.4072071372e-05	3.3536588464e-05
2.1600000000e+02	9.2203018590e-03	1.8271009876e-03	3.4227781812e-05	3.3574441871e-05
2.1700000000e+02	9.2538950337e-03	1.7927955779e-03	3.4382946801e-05	3.3611830753e-05
2.1800000000e+02	9.2875253681e-03	1.7583352748e-03	3.4537569235e-05	3.3648762416e-05
2.1900000000e+02	9.3211924085e-03	1.7237206193e-03	3.4691652005e-05	3.3685244030e-05
2.2000000000e+02	9.3548957085e-03	1.6889521497e-03	3.4845197994e-05	3.3721282628e-05
2.2100000000e+02	9.3886348284e-03	1.6540304013e-03	3.4998210077e-05	3.3756885116e-05
2.2200000000e+02	9.4224093356e-03	1.6189559066e-03	3.5150691122e-05	3.3792058269e-05
2.2300000000e+02	9.4562188040e-03	1.5837291951e-03	3.5302643986e-05	3.3826808735e-05
2.2400000000e+02	9.4900628143e-03	1.5483507937e-03	3.5454071521e-05	3.3861143041e-05
2.2500000000e+02	9.5239409535e-03	1.5128212263e-03	3.5604976566e-05	3.3895067592e-05
2.2600000000e+02	9.5578528150e-03	1.4771410138e-03	3.5755361952e-05	3.3928588675e-05
2.2700000000e+02	9.5917979985e-03	1.4413106746e-03	3.5905230501e-05	3.3961712462e-05
2.2800000000e+02	9.6257761095e-03	1.4053307242e-03	3.6054585024e-05	3.3994445011e-05
2.2900000000e+02	9.6597867600e-03	1.3692016750e-03	3.6203428319e-05	3.4026792269e-05
2.3000000000e+02	9.6938295676e-03	1.3329240370e-03	3.6351763177e-05	3.4058760077e-05
2.3100000000e+02	9.7279041556e-03	1.2964983172e-03	3.6499592374e-05	3.4090354166e-05
2.3200000000e+02	9.7620101532e-03	1.2599250199e-03	3.6646918678e-05	3.4121580166e-05
2.3300000000e+02	9.7961471951e-03	1.2232046466e-03	3.6793744844e-05	3.4152443602e-05
2.3400000000e+02	9.8303149214e-03	1.1863376960e-03	3.6940073613e-05	3.4182949903e-05
2.3500000000e+02	9.8645129776e-03	1.1493246642e-03	3.7085907717e-05	3.4213104396e-05
2.3600000000e+02	9.8987410147e-03	1.1121660445e-03	3.7231249873e-05	3.4242912317e-05
2.3700000000e+02	9.9329986885e-03	1.0748623276e-03	3.7376102789e-05	3.4272378805e-05
2.3800000000e+02	9.9672856601e-03	1.0374140011e-03	3.7520469155e-05	3.4301508908e-05
2.3900000000e+02	1.0001601596e-02	9.9982155053e-04	3.7664351654e-05	3.4330307584e-05
2.4000000000e+02	1.0035946166e-02	9.6208545824e-04	3.7807752951e-05	3.4358779702e-05
2.4100000000e+02	1.0070319048e-02	9.2420620415e-04	3.7950675700e-05	3.4386930048e-05
2.4200000000e+02	1.0104719921e-02	8.8618426547e-04	3.8093122543e-05	3.4414763320e-05
2.4300000000e+02	1.0139148470e-02	8.4802011682e-04	3.8235096105e-05	3.4442284135e-05
2.4400000000e+02	1.0173604387e-02	8.0971423015e-04	3.8376599001e-05	3.4469497027e-05
2.4500000000e+02	1.0208087363e-02	7.7126707484e-04	3.8517633831e-05	3.4496406453e-05
2.4600000000e+02	1.0242597100e-02	7.3267911765e-04	3.8658203179e-05	3.4523016790e-05
2.4700000000e+02	1.0277133299e-02	6.9395082278e-04	3.8798309619e-05	3.4549332341e-05
2.4800000000e+02	1.0311695668e-02	6.5508265186e-04	3.8937955708e-05	3.4575357331e-05
2.4900000000e+02	1.0346283918e-02	6.1607506397e-04	3.9077143992e-05	3.4601095915e-05
2.5000000000e+02	1.0380897765e-02	5.7692851564e-04	3.9215876998e-05	3.4626552174e-05
2.5100000000e+02	1.0415536929e-02	5.3764346089e-04	3.9354157245e-05	3.4651730120e-05
2.5200000000e+02	1.0450201134e-02	4.9822035123e-04	3.9491987233e-05	3.4676633694e-05
2.5300000000e+02	1.0484890107e-02	4.5865963568e-04	3.9629369451e-05	3.4701266773e-05
2.5400000000e+02	1.0519603579e-02	4.1896176077e-04	3.9766306370e-05	3.4725633163e-05
2.5500000000e+02	1.0554341285e-02	3.7912717055e-04	3.9902800450e-05	3.4749736609e-05
2.5600000000e+02	1.0589102965e-02	3.3915630666e-04	4.0038854136e-05	3.4773580790e-05
2.5700000000e+02	1.0623888362e-02	2.9904960827e-04	4.0174469858e-05	3.4797169324e-05
2.5800000000e+02	1.0658697220e-02	2.5880751213e-04	4.0309650031e-05	3.4820505767e-05
2.5900000000e+02	1.0693529290e-02	2.1843045259e-04	4.0444397057e-05	3.4843593616e-05
2.6000000000e+02	1.0728384326e-02	1.7791886160e-04	4.0578713323e-05	3.4866436307e-05
2.6100000000e+02	1.0763262082e-02	1.3727316874e-04	4.0712601202e-05	3.4889037221e-05
2.6200000000e+02	1.0798162321e-02	9.6493801209e-05	4.0846063051e-05	3.4911399680e-05
2.6300000000e+02	1.0833084803e-02	5.5581183867e-05	4.0979101215e-05	3.4933526953e-05
2.6400000000e+02	1.0868029297e-02	1.4535739232e-05	4.1111718022e-05	3.4955422252e-05
2.6500000000e+02	1.0902995572e-02	-2.6642112498e-05	4.1243915789e-05	3.4977088738e-05
2.6600000000e+02	1.0937983399e-02	-6.7951953433e-05	4.1375696815e-05	3.4998529519e-05
2.6700000000e+02	1.0972992556e-02	-1.0939336798e-04	4.1507063387e-05	3.5019747650e-05
2.6800000000e+02	1.1008022821e-02	-1.5096594281e-04	4.1638017777e-05	3.5040746137e-05
2.6900000000e+02	1.1043073976e-02	-1.9266926689e-04	4.1768562243e-05	3.5061527939e-05
2.7000000000e+02	1.1078145806e-02	-2.3450293141e-04	4.1898699028e-05	3.5082095962e-05
2.7100000000e+02	1.1113238098e-02	-2.7646652980e-04	4.2028430361e-05	3.5102453068e-05
2.7200000000e+02	1.1148350643e-02	-3.1855965772e-04	4.2157758458e-05	3.5122602071e-05
2.7300000000e+02	1.1183483234e-02	-3.6078191303e-04	4.2286685519e-05	3.5142545740e-05
2.7400000000e+02	1.1218635667e-02	-4.0313289581e-04	4.2415213732e-05	3.5162286798e-05
2.7500000000e+02	1.1253807741e-02	-4.4561220827e-04	4.2543345269e-05	3.5181827924e-05
2.7600000000e+02	1.1288999257e-02	-4.8821945484e-04	4.2671082289e-05	3.5201171757e-05
2.7700000000e+02	1.1324210019e-02	-5.3095424206e-04	4.2798426936e-05	3.5220320889e-05
2.7800000000e+02	1.1359439835e-02	-5.7381617863e-04	4.2925381343e-05	3.5239277873e-05
2.7900000000e+02	1.1394688512e-02	-6.1680487537e-04	4.3051947625e-05	3.5258045222e-05
2.8000000000e+02	1.1429955863e-02	-6.5991994521e-04	4.3178127885e-05	3.5276625407e-05
2.8100000000e+02	1.1465241701e-02	-7.0316100316e-04	4.3303924215e-05	3.5295020860e-05
2.8200000000e+02	1.1500545844e-02	-7.4652766635e-04	4.3429338688e-05	3.5313233976e-05
2.8300000000e+02	1.1535868109e-02	-7.9001955394e-04	4.3554373368e-05	3.5331267111e-05
2.8400000000e+02	1.1571208319e-02	-8.3363628717e-04	4.3679030302e-05	3.5349122583e-05
2.8500000000e+02	1.1606566296e-02	-8.7737748931e-04	4.3803311527e-05	3.5366802677e-05
2.8600000000e+02	1.1641941866e-02	-9.2124278566e-04	4.3927219063e-05	3.5384309637e-05
2.8700000000e+02	1.1677334858e-02	-9.6523180354e-04	4.4050754919e-05	3.5401645676e-05
2.8800000000e+02	1.1712745101e-02	-1.0093441723e-03	4.4173921089e-05	3.5418812971e-05
2.8900000000e+02	1.1748172428e-02	-1.0535795232e-03	4.4296719556e-05	3.5435813665e-05
2.9000000000e+02	1.1783616674e-02	-1.0979374895e-03	4.4419152287e-05	3.5452649869e-05
2.9100000000e+02	1.1819077674e-02	-1.1424177065e-03	4.4541221239e-05	3.5469323659e-05
2.9200000000e+02	1.1854555268e-02	-1.1870198113e-03	4.4662928353e-05	3.5485837081e-05
2.9300000000e+02	1.1890049295e-02	-1.2317434432e-03	4.4784275559e-05	3.5502192150e-05
2.9400000000e+02	1.1925559600e-02	-1.2765882431e-03	4.4905264772e-05	3.5518390847e-05
2.9500000000e+02	1.1961086026e-02	-1.3215538541e-03	4.5025897897e-05	3.5534435126e-05
2.9600000000e+02	1.1996628419e-02	-1.3666399209e-03	4.5146176825e-05	3.5550326909e-05
2.9700000000e+02	1.2032186629e-02	-1.4118460903e-03	4.5266103433e-05	3.5566068090e-05
2.9800000000e+02	1.2067760506e-02	-1.4571720109e-03	4.5385679587e-05	3.5581660533e-05
2.9900000000e+02	1.2103349901e-02	-1.5026173332e-03	4.5504907139e-05	3.5597106076e-05
3.0000000000e+02	1.2138954670e-02	-1.5481817096e-03	4.5623787931e-05	3.5612406527e-05
3.0100000000e+02	1.2174574667e-02	-1.5938647941e-03	4.5742323790e-05	3.5627563667e-05
3.0200000000e+02	1.2210209750e-02	-1.6396662428e-03	4.5860516532e-05	3.5642579252e-05
3.0300000000e+02	1.2245859779e-02	-1.6855857134e-03	4.5978367960e-05	3.5657455010e-05
3.0400000000e+02	1.2281524614e-02	-1.7316228655e-03	4.6095879866e-05	3.5672192643e-05
3.0500000000e+02	1.2317204118e-02	-1.7777773606e-03	4.6213054029e-05	3.5686793829e-05
3.0600000000e+02	1.2352898157e-02	-1.8240488616e-03	4.6329892216e-05	3.5701260220e-05
3.0700000000e+02	1.2388606594e-02	-1.8704370336e-03	4.6446396183e-05	3.5715593443e-05
3.0800000000e+02	1.2424329300e-02	-1.9169415432e-03	4.6562567671e-05	3.5729795104e-05
3.0900000000e+02	1.2460066141e-02	-1.9635620587e-03	4.6678408414e-05	3.5743866781e-05
3.1000000000e+02	1.2495816990e-02	-2.0102982503e-03	4.6793920131e-05	3.5757810032e-05
3.1100000000e+02	1.2531581719e-02	-2.0571497898e-03	4.6909104530e-05	3.5771626390e-05
3.1200000000e+02	1.2567360201e-02	-2.1041163508e-03	4.7023963308e-05	3.5785317368e-05
3.1300000000e+02	1.2603152313e-02	-2.1511976085e-03	4.7138498150e-05	3.5798884454e-05
3.1400000000e+02	1.2638957929e-02	-2.1983932397e-03	4.7252710730e-05	3.5812329116e-05
3.1500000000e+02	1.2674776930e-02	-2.2457029231e-03	4.7366602710e-05	3.5825652802e-05
3.1600000000e+02	1.2710609195e-02	-2.2931263388e-03	4.7480175741e-05	3.5838856935e-05
3.1700000000e+02	1.2746454605e-02	-2.3406631688e-03	4.7593431463e-05	3.5851942922e-05
3.1800000000e+02	1.2782313042e-02	-2.3883130965e-03	4.7706371505e-05	3.5864912147e-05
3.1900000000e+02	1.2818184391e-02	-2.4360758071e-03	4.7818997485e-05	3.5877765974e-05
3.2000000000e+02	1.2854068536e-02	-2.4839509873e-03	4.7931311011e-05	3.5890505749e-05
3.2100000000e+02	1.2889965365e-02	-2.5319383255e-03	4.8043313677e-05	3.5903132799e-05
3.2200000000e+02	1.2925874765e-02	-2.5800375116e-03	4.8155007069e-05	3.5915648428e-05
3.2300000000e+02	1.2961796625e-02	-2.6282482371e-03	4.8266392761e-05	3.5928053928e-05
3.2400000000e+02	1.2997730836e-02	-2.6765701951e-03	4.8377472318e-05	3.5940350566e-05
3.2500000000e+02	1.3033677290e-02	-2.7250030802e-03	4.8488247293e-05	3.5952539596e-05
3.2600000000e+02	1.3069635880e-02	-2.7735465886e-03	4.8598719228e-05	3.5964622252e-05
3.2700000000e+02	1.3105606500e-02	-2.8222004181e-03	4.8708889657e-05	3.5976599752e-05
3.2800000000e+02	1.3141589045e-02	-2.8709642680e-03	4.8818760099e-05	3.5988473294e-05
3.2900000000e+02	1.3177583412e-02	-2.9198378389e-03	4.8928332069e-05	3.6000244063e-05
3.3000000000e+02	1.3213589499e-02	-2.9688208331e-03	4.9037607067e-05	3.6011913225e-05
3.3100000000e+02	1.3249607205e-02	-3.0179129545e-03	4.9146586584e-05	3.6023481930e-05
3.3200000000e+02	1.3285636430e-02	-3.0671139083e-03	4.9255272102e-05	3.6034951313e-05
3.3300000000e+02	1.3321677075e-02	-3.1164234012e-03	4.9363665093e-05	3.6046322492e-05
3.3400000000e+02	1.3357729042e-02	-3.1658411414e-03	4.9471767017e-05	3.6057596571e-05
3.3500000000e+02	1.3393792236e-02	-3.2153668387e-03	4.9579579327e-05	3.6068774637e-05
3.3600000000e+02	1.3429866560e-02	-3.2650002040e-03	4.9687103464e-05	3.6079857764e-05
3.3700000000e+02	1.3465951920e-02	-3.3147409500e-03	4.9794340861e-05	3.6090847009e-05
3.3800000000e+02	1.3502048223e-02	-3.3645887907e-03	4.9901292940e-05	3.6101743416e-05
3.3900000000e+02	1.3538155376e-02	-3.4145434413e-03	5.0007961114e-05	3.6112548015e-05
3.4000000000e+02	1.3574273289e-02	-3.4646046187e-03	5.0114346787e-05	3.6123261822e-05
3.4100000000e+02	1.3610401870e-02	-3.5147720411e-03	5.0220451352e-05	3.6133885837e-05
3.4200000000e+02	1.3646541031e-02	-3.5650454282e-03	5.0326276196e-05	3.6144421049e-05
3.4300000000e+02	1.3682690683e-02	-3.6154245008e-03	5.0431822693e-05	3.6154868432e-05
3.4400000000e+02	1.3718850739e-02	-3.6659089812e-03	5.0537092209e-05	3.6165228948e-05
3.4500000000e+02	1.3755021112e-02	-3.7164985933e-03	5.0642086103e-05	3.6175503545e-05
3.4600000000e+02	1.3791201718e-02	-3.7671930620e-03	5.0746805721e-05	3.6185693160e-05
3.4700000000e+02	1.3827392470e-02	-3.8179921138e-03	5.0851252404e-05	3.6195798715e-05
3.4800000000e+02	1.3863593287e-02	-3.8688954763e-03	5.0955427481e-05	3.6205821121e-05
3.4900000000e+02	1.3899804085e-02	-3.9199028786e-03	5.1059332275e-05	3.6215761278e-05
3.5000000000e+02	1.3936024783e-02	-3.9710140512e-03	5.1162968097e-05	3.6225620071e-05
3.5100000000e+02	1.3972255299e-02	-4.0222287256e-03	5.1266336251e-05	3.6235398377e-05
3.5200000000e+02	1.4008495553e-02	-4.0735466349e-03	5.1369438033e-05	3.6245097058e-05
3.5300000000e+02	1.4044745466e-02	-4.1249675133e-03	5.1472274730e-05	3.6254716966e-05
3.5400000000e+02	1.4081004961e-02	-4.1764910964e-03	5.1574847619e-05	3.6264258943e-05
3.5500000000e+02	1.4117273959e-02	-4.2281171210e-03	5.1677157971e-05	3.6273723817e-05
3.5600000000e+02	1.4153552383e-02	-4.2798453253e-03	5.1779207046e-05	3.6283112409e-05
3.5700000000e+02	1.4189840158e-02	-4.3316754485e-03	5.1880996097e-05	3.6292425526e-05
3.5800000000e+02	1.4226137209e-02	-4.3836072312e-03	5.1982526370e-05	3.6301663965e-05
3.5900000000e+02	1.4262443462e-02	-4.4356404153e-03	5.2083799100e-05	3.6310828515e-05
3.6000000000e+02	1.4298758842e-02	-4.4877747440e-03	5.2184815516e-05	3.6319919952e-05
3.6100000000e+02	1.4335083277e-02	-4.5400099613e-03	5.2285576839e-05	3.6328939042e-05
3.6200000000e+02	1.4371416696e-02	-4.5923458130e-03	5.2386084279e-05	3.6337886544e-05
3.6300000000e+02	1.4407759027e-02	-4.6447820457e-03	5.2486339043e-05	3.6346763205e-05
3.6400000000e+02	1.4444110199e-02	-4.6973184073e-03	5.2586342325e-05	3.6355569761e-05
3.6500000000e+02	1.4480470143e-02	-4.7499546469e-03	5.2686095315e-05	3.6364306942e-05
3.6600000000e+02	1.4516838790e-02	-4.8026905149e-03	5.2785599194e-05	3.6372975466e-05
3.6700000000e+02	1.4553216072e-02	-4.8555257626e-03	5.2884855134e-05	3.6381576042e-05
3.6800000000e+02	1.4589601920e-02	-4.9084601429e-03	5.2983864301e-05	3.6390109373e-05
3.6900000000e+02	1.4625996268e-02	-4.9614934094e-03	5.3082627852e-05	3.6398576149e-05
3.7000000000e+02	1.4662399050e-02	-5.0146253171e-03	5.3181146938e-05	3.6406977053e-05
3.7100000000e+02	1.4698810200e-02	-5.0678556221e-03	5.3279422702e-05	3.6415312759e-05
3.7200000000e+02	1.4735229654e-02	-5.1211840818e-03	5.3377456279e-05	3.6423583935e-05
3.7300000000e+02	1.4771657347e-02	-5.1746104543e-03	5.3475248797e-05	3.6431791236e-05
3.7400000000e+02	1.4808093216e-02	-5.2281344994e-03	5.3572801377e-05	3.6439935312e-05
3.7500000000e+02	1.4844537197e-02	-5.2817559775e-03	5.3670115131e-05	3.6448016805e-05
3.7600000000e+02	1.4880989228e-02	-5.3354746504e-03	5.3767191167e-05	3.6456036347e-05
3.7700000000e+02	1.4917449249e-02	-5.3892902810e-03	5.3864030584e-05	3.6463994564e-05
3.7800000000e+02	1.4953917197e-02	-5.4432026331e-03	5.3960634472e-05	3.6471892072e-05
3.7900000000e+02	1.4990393013e-02	-5.4972114718e-03	5.4057003918e-05	3.6479729482e-05
3.8000000000e+02	1.5026876637e-02	-5.5513165631e-03	5.4153139999e-05	3.6487507395e-05
3.8100000000e+02	1.5063368008e-02	-5.6055176743e-03	5.4249043786e-05	3.6495226407e-05
3.8200000000e+02	1.5099867070e-02	-5.6598145736e-03	5.4344716344e-05	3.6502887104e-05
3.8300000000e+02	1.5136373763e-02	-5.7142070303e-03	5.4440158730e-05	3.6510490067e-05
3.8400000000e+02	1.5172888031e-02	-5.7686948147e-03	5.4535371994e-05	3.6518035870e-05
3.8500000000e+02	1.5209409816e-02	-5.8232776982e-03	5.4630357180e-05	3.6525525077e-05
3.8600000000e+02	1.5245939062e-02	-5.8779554534e-03	5.4725115326e-05	3.6532958247e-05
3.8700000000e+02	1.5282475714e-02	-5.9327278536e-03	5.4819647462e-05	3.6540335935e-05
3.8800000000e+02	1.5319019716e-02	-5.9875946733e-03	5.4913954612e-05	3.6547658683e-05
3.8900000000e+02	1.5355571013e-02	-6.0425556881e-03	5.5008037793e-05	3.6554927033e-05
3.9000000000e+02	1.5392129552e-02	-6.0976106746e-03	5.5101898017e-05	3.6562141515e-05
3.9100000000e+02	1.5428695279e-02	-6.1527594102e-03	5.5195536288e-05	3.6569302657e-05
3.9200000000e+02	1.5465268140e-02	-6.2080016735e-03	5.5288953605e-05	3.6576410977e-05
3.9300000000e+02	1.5501848083e-02	-6.2633372441e-03	5.5382150960e-05	3.6583466990e-05
3.9400000000e+02	1.5538435057e-02	-6.3187659024e-03	5.5475129337e-05	3.6590471201e-05
3.9500000000e+02	1.5575029008e-02	-6.3742874301e-03	5.5567889718e-05	3.6597424113e-05
3.9600000000e+02	1.5611629888e-02	-6.4299016095e-03	5.5660433074e-05	3.6604326221e-05
3.9700000000e+02	1.5648237644e-02	-6.4856082242e-03	5.5752760374e-05	3.6611178013e-05
3.9800000000e+02	1.5684852227e-02	-6.5414070586e-03	5.5844872577e-05	3.6617979974e-05
3.9900000000e+02	1.5721473588e-02	-6.5972978980e-03	5.5936770641e-05	3.6624732580e-05
4.0000000000e+02	1.5758101676e-02	-6.6532805288e-03	5.6028455512e-05	3.6631436305e-05
4.0100000000e+02	1.5794736444e-02	-6.7093547383e-03	5.6119928136e-05	3.6638091613e-05
4.0200000000e+02	1.5831377843e-02	-6.7655203146e-03	5.6211189448e-05	3.6644698968e-05
4.0300000000e+02	1.5868025826e-02	-6.8217770470e-03	5.6302240380e-05	3.6651258823e-05
4.0400000000e+02	1.5904680345e-02	-6.8781247256e-03	5.6393081859e-05	3.6657771629e-05
4.0500000000e+02	1.5941341354e-02	-6.9345631412e-03	5.6483714803e-05	3.6664237832e-05
4.0600000000e+02	1.5978008806e-02	-6.9910920860e-03	5.6574140127e-05	3.6670657870e-05
4.0700000000e+02	1.6014682654e-02	-7.0477113526e-03	5.6664358740e-05	3.6677032178e-05
4.0800000000e+02	1.6051362855e-02	-7.1044207348e-03	5.6754371543e-05	3.6683361187e-05
4.0900000000e+02	1.6088049362e-02	-7.1612200274e-03	5.6844179436e-05	3.6689645320e-05
4.1000000000e+02	1.6124742131e-02	-7.2181090257e-03	5.6933783308e-05	3.6695884997e-05
4.1100000000e+02	1.6161441117e-02	-7.2750875263e-03	5.7023184047e-05	3.6702080632e-05
4.1200000000e+02	1.6198146277e-02	-7.3321553264e-03	5.7112382533e-05	3.6708232637e-05
4.1300000000e+02	1.6234857568e-02	-7.3893122242e-03	5.7201379642e-05	3.6714341416e-05
4.1400000000e+02	1.6271574946e-02	-7.4465580188e-03	5.7290176243e-05	3.6720407370e-05
4.1500000000e+02	1.6308298369e-02	-7.5038925101e-03	5.7378773202e-05	3.6726430894e-05
4.1600000000e+02	1.6345027794e-02	-7.5613154990e-03	5.7467171377e-05	3.6732412381e-05
4.1700000000e+02	1.6381763179e-02	-7.6188267869e-03	5.7555371622e-05	3.6738352218e-05
4.1800000000e+02	1.6418504484e-02	-7.6764261765e-03	5.7643374787e-05	3.6744250786e-05
4.1900000000e+02	1.6455251667e-02	-7.7341134711e-03	5.7731181715e-05	3.6750108465e-05
4.2000000000e+02	1.6492004688e-02	-7.7918884748e-03	5.7818793244e-05	3.6755925628e-05
4.2100000000e+02	1.6528763505e-02	-7.8497509927e-03	5.7906210209e-05	3.6761702645e-05
4.2200000000e+02	1.6565528080e-02	-7.9077008307e-03	5.7993433437e-05	3.6767439882e-05
4.2300000000e+02	1.6602298372e-02	-7.9657377953e-03	5.8080463752e-05	3.6773137701e-05
4.2400000000e+02	1.6639074342e-02	-8.0238616941e-03	5.8167301973e-05	3.6778796457e-05
4.2500000000e+02	1.6675855952e-02	-8.0820723355e-03	5.8253948912e-05	3.6784416506e-05
4.2600000000e+02	1.6712643162e-02	-8.1403695285e-03	5.8340405378e-05	3.6789998197e-05
4.2700000000e+02	1.6749435936e-02	-8.1987530830e-03	5.8426672175e-05	3.6795541874e-05
4.2800000000e+02	1.6786234234e-02	-8.2572228099e-03	5.8512750102e-05	3.6801047880e-05
4.2900000000e+02	1.6823038019e-02	-8.3157785205e-03	5.8598639952e-05	3.6806516553e-05
4.3000000000e+02	1.6859847254e-02	-8.3744200273e-03	5.8684342516e-05	3.6811948227e-05
4.3100000000e+02	1.6896661903e-02	-8.4331471434e-03	5.8769858577e-05	3.6817343232e-05
4.3200000000e+02	1.6933481929e-02	-8.4919596826e-03	5.8855188915e-05	3.6822701895e-05
4.3300000000e+02	1.6970307295e-02	-8.5508574596e-03	5.8940334306e-05	3.6828024539e-05
4.3400000000e+02	1.7007137966e-02	-8.6098402898e-03	5.9025295520e-05	3.6833311484e-05
4.3500000000e+02	1.7043973906e-02	-8.6689079895e-03	5.9110073323e-05	3.6838563046e-05
4.3600000000e+02	1.7080815080e-02	-8.7280603756e-03	5.9194668477e-05	3.6843779538e-05
4.3700000000e+02	1.7117661454e-02	-8.7872972658e-03	5.9279081738e-05	3.6848961269e-05
4.3800000000e+02	1.7154512991e-02	-8.8466184787e-03	5.9363313859e-05	3.6854108545e-05
4.3900000000e+02	1.7191369659e-02	-8.9060238334e-03	5.9447365587e-05	3.6859221668e-05
4.4000000000e+02	1.7228231423e-02	-8.9655131499e-03	5.9531237667e-05	3.6864300938e-05
4.4100000000e+02	1.7265098250e-02	-9.0250862491e-03	5.9614930837e-05	3.6869346651e-05
4.4200000000e+02	1.7301970106e-02	-9.0847429522e-03	5.9698445832e-05	3.6874359099e-05
4.4300000000e+02	1.7338846957e-02	-9.1444830816e-03	5.9781783383e-05	3.6879338572e-05
4.4400000000e+02	1.7375728772e-02	-9.2043064601e-03	5.9864944216e-05	3.6884285356e-05
4.4500000000e+02	1.7412615517e-02	-9.2642129114e-03	5.9947929053e-05	3.6889199736e-05
4.4600000000e+02	1.7449507161e-02	-9.3242022598e-03	6.0030738611e-05	3.6894081991e-05
4.4700000000e+02	1.7486403671e-02	-9.3842743304e-03	6.0113373604e-05	3.6898932399e-05
4.4800000000e+02	1.7523305015e-02	-9.4444289490e-03	6.0195834741e-05	3.6903751235e-05
4.4900000000e+02	1.7560211163e-02	-9.5046659422e-03	6.0278122728e-05	3.6908538769e-05
4.5000000000e+02	1.7597122082e-02	-9.5649851370e-03	6.0360238265e-05	3.6913295270e-05
4.5100000000e+02	1.7634037743e-02	-9.6253863614e-03	6.0442182049e-05	3.6918021005e-05
4.5200000000e+02	1.7670958114e-02	-9.6858694441e-03	6.0523954774e-05	3.6922716235e-05
4.5300000000e+02	1.7707883165e-02	-9.7464342142e-03	6.0605557129e-05	3.6927381222e-05
4.5400000000e+02	1.7744812866e-02	-9.8070805018e-03	6.0686989798e-05	3.6932016223e-05
4.5500000000e+02	1.7781747188e-02	-9.8678081375e-03	6.0768253462e-05	3.6936621491e-05
4.5600000000e+02	1.7818686100e-02	-9.9286169526e-03	6.0849348799e-05	3.6941197281e-05
4.5700000000e+02	1.7855629573e-02	-9.9895067792e-03	6.0930276481e-05	3.6945743840e-05
4.5800000000e+02	1.7892577578e-02	-1.0050477450e-02	6.1011037178e-05	3.6950261415e-05
4.5900000000e+02	1.7929530086e-02	-1.0111528798e-02	6.1091631555e-05	3.6954750251e-05
4.6000000000e+02	1.7966487069e-02	-1.0172660658e-02	6.1172060275e-05	3.6959210589e-05
4.6100000000e+02	1.8003448498e-02	-1.0233872864e-02	6.1252323994e-05	3.6963642669e-05
4.6200000000e+02	1.8040414345e-02	-1.0295165251e-02	6.1332423367e-05	3.6968046726e-05
4.6300000000e+02	1.8077384582e-02	-1.0356537656e-02	6.1412359044e-05	3.6972422996e-05
4.6400000000e+02	1.8114359181e-02	-1.0417989915e-02	6.1492131673e-05	3.6976771710e-05
4.6500000000e+02	1.8151338116e-02	-1.0479521865e-02	6.1571741895e-05	3.6981093097e-05
4.6600000000e+02	1.8188321359e-02	-1.0541133345e-02	6.1651190350e-05	3.6985387384e-05
4.6700000000e+02	1.8225308882e-02	-1.0602824192e-02	6.1730477674e-05	3.6989654796e-05
4.6800000000e+02	1.8262300659e-02	-1.0664594246e-02	6.1809604499e-05	3.6993895555e-05
4.6900000000e+02	1.8299296664e-02	-1.0726443348e-02	6.1888571454e-05	3.6998109882e-05
4.7000000000e+02	1.8336296870e-02	-1.0788371336e-02	6.1967379163e-05	3.7002297994e-05
4.7100000000e+02	1.8373301252e-02	-1.0850378053e-02	6.2046028248e-05	3.7006460106e-05
4.7200000000e+02	1.8410309782e-02	-1.0912463340e-02	6.2124519326e-05	3.7010596433e-05
4.7300000000e+02	1.8447322436e-02	-1.0974627039e-02	6.2202853013e-05	3.7014707184e-05
4.7400000000e+02	1.8484339188e-02	-1.1036868994e-02	6.2281029919e-05	3.7018792571e-05
4.7500000000e+02	1.8521360013e-02	-1.1099189047e-02	6.2359050652e-05	3.7022852798e-05
4.7600000000e+02	1.8558384885e-02	-1.1161587043e-02	6.2436915816e-05	3.7026888072e-05
4.7700000000e+02	1.8595413781e-02	-1.1224062827e-02	6.2514626012e-05	3.7030898595e-05
4.7800000000e+02	1.8632446674e-02	-1.1286616244e-02	6.2592181837e-05	3.7034884568e-05
4.7900000000e+02	1.8669483542e-02	-1.1349247140e-02	6.2669583885e-05	3.7038846189e-05
4.8000000000e+02	1.8706524358e-02	-1.1411955361e-02	6.2746832748e-05	3.7042783655e-05
4.8100000000e+02	1.8743569101e-02	-1.1474740754e-02	6.2823929012e-05	3.7046697162e-05
4.8200000000e+02	1.8780617745e-02	-1.1537603168e-02	6.2900873263e-05	3.7050586901e-05
4.8300000000e+02	1.8817670267e-02	-1.1600542450e-02	6.2977666081e-05	3.7054453064e-05
4.8400000000e+02	1.8854726643e-02	-1.1663558450e-02	6.3054308043e-05	3.7058295839e-05
4.8500000000e+02	1.8891786851e-02	-1.1726651016e-02	6.3130799726e-05	3.7062115415e-05
4.8600000000e+02	1.8928850866e-02	-1.1789819999e-02	6.3207141699e-05	3.7065911976e-05
4.8700000000e+02	1.8965918667e-02	-1.1853065250e-02	6.3283334532e-05	3.7069685705e-05
4.8800000000e+02	1.9002990230e-02	-1.1916386619e-02	6.3359378789e-05	3.7073436785e-05
4.8900000000e+02	1.9040065533e-02	-1.1979783958e-02	6.3435275033e-05	3.7077165394e-05
4.9000000000e+02	1.9077144554e-02	-1.2043257120e-02	6.3511023823e-05	3.7080871712e-05
4.9100000000e+02	1.9114227269e-02	-1.2106805957e-02	6.3586625715e-05	3.7084555913e-05
4.9200000000e+02	1.9151313658e-02	-1.2170430322e-02	6.3662081261e-05	3.7088218174e-05
4.9300000000e+02	1.9188403698e-02	-1.2234130071e-02	6.3737391012e-05	3.7091858667e-05
4.9400000000e+02	1.9225497368e-02	-1.2297905056e-02	6.3812555515e-05	3.7095477563e-05
4.9500000000e+02	1.9262594646e-02	-1.2361755134e-02	6.3887575313e-05	3.7099075031e-05
4.9600000000e+02	1.9299695511e-02	-1.2425680159e-02	6.3962450947e-05	3.7102651240e-05
4.9700000000e+02	1.9336799942e-02	-1.2489679988e-02	6.4037182956e-05	3.7106206355e-05
4.9800000000e+02	1.9373907917e-02	-1.2553754477e-02	6.4111771875e-05	3.7109740541e-05
4.9900000000e+02	1.9411019416e-02	-1.2617903484e-02	6.4186218236e-05	3.7113253962e-05
5.0000000000e+02	1.9448134418e-02	-1.2682126866e-02	6.4260522568e-05	3.7116746778e-05
5.0100000000e+02	1.9485252903e-02	-1.2746424482e-02	6.4334685398e-05	3.7120219150e-05
5.0200000000e+02	1.9522374850e-02	-1.2810796190e-02	6.4408707250e-05	3.7123671236e-05
5.0300000000e+02	1.9559500238e-02	-1.2875241849e-02	6.4482588644e-05	3.7127103193e-05
5.0400000000e+02	1.9596629049e-02	-1.2939761320e-02	6.4556330099e-05	3.7130515176e-05
5.0500000000e+02	1.9633761262e-02	-1.3004354463e-02	6.4629932129e-05	3.7133907339e-05
5.0600000000e+02	1.9670896857e-02	-1.3069021138e-02	6.4703395249e-05	3.7137279834e-05
5.0700000000e+02	1.9708035815e-02	-1.3133761208e-02	6.4776719966e-05	3.7140632812e-05
5.0800000000e+02	1.9745178117e-02	-1.3198574532e-02	6.4849906789e-05	3.7143966423e-05
5.0900000000e+02	1.9782323742e-02	-1.3263460975e-02	6.4922956222e-05	3.7147280815e-05
5.1000000000e+02	1.9819472672e-02	-1.3328420399e-02	6.4995868767e-05	3.7150576134e-05
5.1100000000e+02	1.9856624888e-02	-1.3393452667e-02	6.5068644922e-05	3.7153852527e-05
5.1200000000e+02	1.9893780371e-02	-1.3458557644e-02	6.5141285184e-05	3.7157110135e-05
5.1300000000e+02	1.9930939102e-02	-1.3523735193e-02	6.5213790047e-05	3.7160349103e-05
5.1400000000e+02	1.9968101063e-02	-1.3588985179e-02	6.5286160003e-05	3.7163569571e-05
5.1500000000e+02	2.0005266235e-02	-1.3654307468e-02	6.5358395539e-05	3.7166771679e-05
5.1600000000e+02	2.0042434600e-02	-1.3719701925e-02	6.5430497142e-05	3.7169955566e-05
5.1700000000e+02	2.0079606140e-02	-1.3785168418e-02	6.5502465295e-05	3.7173121370e-05
5.1800000000e+02	2.0116780837e-02	-1.3850706812e-02	6.5574300479e-05	3.7176269225e-05
5.1900000000e+02	2.0153958672e-02	-1.3916316974e-02	6.5646003173e-05	3.7179399267e-05
5.2000000000e+02	2.0191139629e-02	-1.3981998774e-02	6.5717573852e-05	3.7182511629e-05
5.2100000000e+02	2.0228323690e-02	-1.4047752078e-02	6.5789012991e-05	3.7185606443e-05
5.2200000000e+02	2.0265510836e-02	-1.4113576756e-02	6.5860321059e-05	3.7188683841e-05
5.2300000000e+02	2.0302701052e-02	-1.4179472677e-02	6.5931498525e-05	3.7191743952e-05
5.2400000000e+02	2.0339894319e-02	-1.4245439710e-02	6.6002545856e-05	3.7194786904e-05
5.2500000000e+02	2.0377090620e-02	-1.4311477725e-02	6.6073463515e-05	3.7197812826e-05
5.2600000000e+02	2.0414289939e-02	-1.4377586594e-02	6.6144251963e-05	3.7200821843e-05
5.2700000000e+02	2.0451492258e-02	-1.4443766186e-02	6.6214911659e-05	3.7203814080e-05
5.2800000000e+02	2.0488697561e-02	-1.4510016374e-02	6.6285443060e-05	3.7206789662e-05
5.2900000000e+02	2.0525905832e-02	-1.4576337030e-02	6.6355846619e-05	3.7209748711e-05
5.3000000000e+02	2.0563117053e-02	-1.4642728025e-02	6.6426122789e-05	3.7212691348e-05
5.3100000000e+02	2.0600331209e-02	-1.4709189233e-02	6.6496272019e-05	3.7215617694e-05
5.3200000000e+02	2.0637548283e-02	-1.4775720527e-02	6.6566294756e-05	3.7218527869e-05
5.3300000000e+02	2.0674768259e-02	-1.4842321781e-02	6.6636191445e-05	3.7221421992e-05
5.3400000000e+02	2.0711991122e-02	-1.4908992868e-02	6.6705962528e-05	3.7224300178e-05
5.3500000000e+02	2.0749216855e-02	-1.4975733664e-02	6.6775608446e-05	3.7227162545e-05
5.3600000000e+02	2.0786445442e-02	-1.5042544043e-02	6.6845129636e-05	3.7230009207e-05
5.3700000000e+02	2.0823676868e-02	-1.5109423882e-02	6.6914526535e-05	3.7232840279e-05
5.3800000000e+02	2.0860911117e-02	-1.5176373055e-02	6.6983799577e-05	3.7235655874e-05
5.3900000000e+02	2.0898148174e-02	-1.5243391440e-02	6.7052949191e-05	3.7238456104e-05
5.4000000000e+02	2.0935388024e-02	-1.5310478913e-02	6.7121975809e-05	3.7241241080e-05
5.4100000000e+02	2.0972630651e-02	-1.5377635351e-02	6.7190879856e-05	3.7244010912e-05
5.4200000000e+02	2.1009876041e-02	-1.5444860632e-02	6.7259661757e-05	3.7246765709e-05
5.4300000000e+02	2.1047124178e-02	-1.5512154633e-02	6.7328321936e-05	3.7249505579e-05
5.4400000000e+02	2.1084375047e-02	-1.5579517235e-02	6.7396860813e-05	3.7252230629e-05
5.4500000000e+02	2.1121628634e-02	-1.5646948315e-02	6.7465278806e-05	3.7254940966e-05
5.4600000000e+02	2.1158884924e-02	-1.5714447752e-02	6.7533576331e-05	3.7257636695e-05
5.4700000000e+02	2.1196143903e-02	-1.5782015427e-02	6.7601753803e-05	3.7260317919e-05
5.4800000000e+02	2.1233405555e-02	-1.5849651220e-02	6.7669811634e-05	3.7262984743e-05
5.4900000000e+02	2.1270669868e-02	-1.5917355011e-02	6.7737750234e-05	3.7265637269e-05
5.5000000000e+02	2.1307936825e-02	-1.5985126681e-02	6.7805570011e-05	3.7268275599e-05
5.5100000000e+02	2.1345206414e-02	-1.6052966112e-02	6.7873271371e-05	3.7270899832e-05
5.5200000000e+02	2.1382478620e-02	-1.6120873184e-02	6.7940854718e-05	3.7273510070e-05
5.5300000000e+02	2.1419753430e-02	-1.6188847782e-02	6.8008320454e-05	3.7276106410e-05
5.5400000000e+02	2.1457030828e-02	-1.6256889786e-02	6.8075668979e-05	3.7278688951e-05
5.5500000000e+02	2.1494310803e-02	-1.6324999081e-02	6.8142900691e-05	3.7281257789e-05
5.5600000000e+02	2.1531593339e-02	-1.6393175549e-02	6.8210015986e-05	3.7283813023e-05
5.5700000000e+02	2.1568878424e-02	-1.6461419074e-02	6.8277015258e-05	3.7286354746e-05
5.5800000000e+02	2.1606166044e-02	-1.6529729541e-02	6.8343898898e-05	3.7288883053e-05
5.5900000000e+02	2.1643456186e-02	-1.6598106833e-02	6.8410667298e-05	3.7291398039e-05
5.6000000000e+02	2.1680748836e-02	-1.6666550837e-02	6.8477320845e-05	3.7293899795e-05
5.6100000000e+02	2.1718043981e-02	-1.6735061437e-02	6.8543859926e-05	3.7296388416e-05
5.6200000000e+02	2.1755341609e-02	-1.6803638519e-02	6.8610284924e-05	3.7298863991e-05
5.6300000000e+02	2.1792641705e-02	-1.6872281969e-02	6.8676596224e-05	3.7301326612e-05
5.6400000000e+02	2.1829944258e-02	-1.6940991674e-02	6.8742794204e-05	3.7303776368e-05
5.6500000000e+02	2.1867249253e-02	-1.7009767520e-02	6.8808879245e-05	3.7306213348e-05
5.6600000000e+02	2.1904556680e-02	-1.7078609395e-02	6.8874851722e-05	3.7308637641e-05
5.6700000000e+02	2.1941866525e-02	-1.7147517186e-02	6.8940712011e-05	3.7311049334e-05
5.6800000000e+02	2.1979178774e-02	-1.7216490781e-02	6.9006460486e-05	3.7313448514e-05
5.6900000000e+02	2.2016493417e-02	-1.7285530070e-02	6.9072097517e-05	3.7315835268e-05
5.7000000000e+02	2.2053810441e-02	-1.7354634939e-02	6.9137623474e-05	3.7318209679e-05
5.7100000000e+02	2.2091129833e-02	-1.7423805280e-02	6.9203038726e-05	3.7320571833e-05
5.7200000000e+02	2.2128451581e-02	-1.7493040980e-02	6.9268343637e-05	3.7322921815e-05
5.7300000000e+02	2.2165775672e-02	-1.7562341930e-02	6.9333538573e-05	3.7325259706e-05
5.7400000000e+02	2.2203102096e-02	-1.7631708021e-02	6.9398623896e-05	3.7327585589e-05
5.7500000000e+02	2.2240430839e-02	-1.7701139142e-02	6.9463599967e-05	3.7329899547e-05
5.7600000000e+02	2.2277761891e-02	-1.7770635184e-02	6.9528467145e-05	3.7332201659e-05
5.7700000000e+02	2.2315095239e-02	-1.7840196040e-02	6.9593225786e-05	3.7334492008e-05
5.7800000000e+02	2.2352430871e-02	-1.7909821600e-02	6.9657876247e-05	3.7336770671e-05
5.7900000000e+02	2.2389768776e-02	-1.7979511756e-02	6.9722418882e-05	3.7339037729e-05
5.8000000000e+02	2.2427108943e-02	-1.8049266402e-02	6.9786854042e-05	3.7341293259e-05
5.8100000000e+02	2.2464451359e-02	-1.8119085429e-02	6.9851182079e-05	3.7343537339e-05
5.8200000000e+02	2.2501796014e-02	-1.8188968730e-02	6.9915403340e-05	3.7345770047e-05
5.8300000000e+02	2.2539142895e-02	-1.8258916200e-02	6.9979518174e-05	3.7347991459e-05
5.8400000000e+02	2.2576491993e-02	-1.8328927731e-02	7.0043526925e-05	3.7350201650e-05
5.8500000000e+02	2.2613843295e-02	-1.8399003218e-02	7.0107429937e-05	3.7352400695e-05
5.8600000000e+02	2.2651196791e-02	-1.8469142556e-02	7.0171227554e-05	3.7354588670e-05
5.8700000000e+02	2.2688552469e-02	-1.8539345639e-02	7.0234920114e-05	3.7356765648e-05
5.8800000000e+02	2.2725910318e-02	-1.8609612361e-02	7.0298507958e-05	3.7358931702e-05
5.8900000000e+02	2.2763270328e-02	-1.8679942620e-02	7.0361991423e-05	3.7361086905e-05
5.9000000000e+02	2.2800632488e-02	-1.8750336309e-02	7.0425370844e-05	3.7363231329e-05
5.9100000000e+02	2.2837996788e-02	-1.8820793327e-02	7.0488646556e-05	3.7365365045e-05
5.9200000000e+02	2.2875363215e-02	-1.8891313568e-02	7.0551818890e-05	3.7367488125e-05
5.9300000000e+02	2.2912731760e-02	-1.8961896930e-02	7.0614888180e-05	3.7369600639e-05
5.9400000000e+02	2.2950102413e-02	-1.9032543310e-02	7.0677854753e-05	3.7371702656e-05
5.9500000000e+02	2.2987475162e-02	-1.9103252606e-02	7.0740718937e-05	3.7373794245e-05
5.9600000000e+02	2.3024849998e-02	-1.9174024714e-02	7.0803481060e-05	3.7375875476e-05
5.9700000000e+02	2.3062226910e-02	-1.9244859534e-02	7.0866141446e-05	3.7377946416e-05
5.9800000000e+02	2.3099605887e-02	-1.9315756963e-02	7.0928700419e-05	3.7380007132e-05
5.9900000000e+02	2.3136986920e-02	-1.9386716901e-02	7.0991158300e-05	3.7382057692e-05
6.0000000000e+02	2.3174369999e-02	-1.9457739246e-02	7.1053515409e-05	3.7384098162e-05
6.0100000000e+02	2.3211755113e-02	-1.9528823898e-02	7.1115772066e-05	3.7386128608e-05
6.0200000000e+02	2.3249142253e-02	-1.9599970757e-02	7.1177928588e-05	3.7388149095e-05
6.0300000000e+02	2.3286531408e-02	-1.9671179722e-02	7.1239985291e-05	3.7390159687e-05
6.0400000000e+02	2.3323922569e-02	-1.9742450694e-02	7.1301942489e-05	3.7392160450e-05
6.0500000000e+02	2.3361315726e-02	-1.9813783574e-02	7.1363800496e-05	3.7394151447e-05
6.0600000000e+02	2.3398710869e-02	-1.9885178262e-02	7.1425559623e-05	3.7396132740e-05
6.0700000000e+02	2.3436107988e-02	-1.9956634660e-02	7.1487220179e-05	3.7398104394e-05
6.0800000000e+02	2.3473507074e-02	-2.0028152670e-02	7.1548782474e-05	3.7400066469e-05
6.0900000000e+02	2.3510908118e-02	-2.0099732193e-02	7.1610246816e-05	3.7402019028e-05
6.1000000000e+02	2.3548311109e-02	-2.0171373131e-02	7.1671613509e-05	3.7403962132e-05
6.1100000000e+02	2.3585716039e-02	-2.0243075387e-02	7.1732882858e-05	3.7405895841e-05
6.1200000000e+02	2.3623122898e-02	-2.0314838864e-02	7.1794055167e-05	3.7407820216e-05
6.1300000000e+02	2.3660531677e-02	-2.0386663465e-02	7.1855130737e-05	3.7409735317e-05
6.1400000000e+02	2.3697942366e-02	-2.0458549094e-02	7.1916109869e-05	3.7411641203e-05
6.1500000000e+02	2.3735354956e-02	-2.0530495653e-02	7.1976992860e-05	3.7413537932e-05
6.1600000000e+02	2.3772769438e-02	-2.0602503048e-02	7.2037780010e-05	3.7415425564e-05
6.1700000000e+02	2.3810185804e-02	-2.0674571181e-02	7.2098471613e-05	3.7417304155e-05
6.1800000000e+02	2.3847604044e-02	-2.0746699959e-02	7.2159067966e-05	3.7419173763e-05
6.1900000000e+02	2.3885024149e-02	-2.0818889286e-02	7.2219569360e-05	3.7421034446e-05
6.2000000000e+02	2.3922446110e-02	-2.0891139066e-02	7.2279976090e-05	3.7422886260e-05
6.2100000000e+02	2.3959869918e-02	-2.0963449206e-02	7.2340288445e-05	3.7424729261e-05
6.2200000000e+02	2.3997295565e-02	-2.1035819612e-02	7.2400506715e-05	3.7426563504e-05
6.2300000000e+02	2.4034723042e-02	-2.1108250188e-02	7.2460631189e-05	3.7428389045e-05
6.2400000000e+02	2.4072152340e-02	-2.1180740843e-02	7.2520662153e-05	3.7430205938e-05
6.2500000000e+02	2.4109583451e-02	-2.1253291482e-02	7.2580599893e-05	3.7432014238e-05
6.2600000000e+02	2.4147016366e-02	-2.1325902012e-02	7.2640444693e-05	3.7433813999e-05
6.2700000000e+02	2.4184451076e-02	-2.1398572340e-02	7.2700196837e-05	3.7435605274e-05
6.2800000000e+02	2.4221887574e-02	-2.1471302375e-02	7.2759856606e-05	3.7437388116e-05
6.2900000000e+02	2.4259325850e-02	-2.1544092023e-02	7.2819424281e-05	3.7439162579e-05
6.3000000000e+02	2.4296765896e-02	-2.1616941193e-02	7.2878900141e-05	3.7440928713e-05
6.3100000000e+02	2.4334207704e-02	-2.1689849792e-02	7.2938284464e-05	3.7442686572e-05
6.3200000000e+02	2.4371651267e-02	-2.1762817731e-02	7.2997577528e-05	3.7444436206e-05
6.3300000000e+02	2.4409096574e-02	-2.1835844917e-02	7.3056779607e-05	3.7446177667e-05
6.3400000000e+02	2.4446543619e-02	-2.1908931260e-02	7.3115890977e-05	3.7447911005e-05
6.3500000000e+02	2.4483992394e-02	-2.1982076669e-02	7.3174911909e-05	3.7449636270e-05
6.3600000000e+02	2.4521442889e-02	-2.2055281054e-02	7.3233842677e-05	3.7451353513e-05
6.3700000000e+02	2.4558895098e-02	-2.2128544324e-02	7.3292683551e-05	3.7453062783e-05
6.3800000000e+02	2.4596349012e-02	-2.2201866391e-02	7.3351434801e-05	3.7454764128e-05
6.3900000000e+02	2.4633804624e-02	-2.2275247164e-02	7.3410096694e-05	3.7456457599e-05
6.4000000000e+02	2.4671261925e-02	-2.2348686555e-02	7.3468669499e-05	3.7458143242e-05
6.4100000000e+02	2.4708720907e-02	-2.2422184474e-02	7.3527153481e-05	3.7459821106e-05
6.4200000000e+02	2.4746181564e-02	-2.2495740832e-02	7.3585548904e-05	3.7461491240e-05
6.4300000000e+02	2.4783643887e-02	-2.2569355542e-02	7.3643856033e-05	3.7463153689e-05
6.4400000000e+02	2.4821107869e-02	-2.2643028515e-02	7.3702075130e-05	3.7464808501e-05
6.4500000000e+02	2.4858573502e-02	-2.2716759663e-02	7.3760206457e-05	3.7466455722e-05
6.4600000000e+02	2.4896040778e-02	-2.2790548899e-02	7.3818250273e-05	3.7468095399e-05
6.4700000000e+02	2.4933509690e-02	-2.2864396134e-02	7.3876206839e-05	3.7469727577e-05
6.4800000000e+02	2.4970980231e-02	-2.2938301283e-02	7.3934076410e-05	3.7471352303e-05
6.4900000000e+02	2.5008452392e-02	-2.3012264258e-02	7.3991859246e-05	3.7472969620e-05
6.5000000000e+02	2.5045926167e-02	-2.3086284973e-02	7.4049555601e-05	3.7474579575e-05
6.5100000000e+02	2.5083401549e-02	-2.3160363341e-02	7.4107165729e-05	3.7476182211e-05
6.5200000000e+02	2.5120878529e-02	-2.3234499276e-02	7.4164689885e-05	3.7477777572e-05
6.5300000000e+02	2.5158357102e-02	-2.3308692692e-02	7.4222128321e-05	3.7479365703e-05
6.5400000000e+02	2.5195837258e-02	-2.3382943504e-02	7.4279481288e-05	3.7480946647e-05
6.5500000000e+02	2.5233318993e-02	-2.3457251626e-02	7.4336749036e-05	3.7482520447e-05
6.5600000000e+02	2.5270802297e-02	-2.3531616974e-02	7.4393931815e-05	3.7484087145e-05
6.5700000000e+02	2.5308287165e-02	-2.3606039462e-02	7.4451029872e-05	3.7485646785e-05
6.5800000000e+02	2.5345773588e-02	-2.3680519005e-02	7.4508043455e-05	3.7487199409e-05
6.5900000000e+02	2.5383261561e-02	-2.3755055520e-02	7.4564972809e-05	3.7488745058e-05
6.6000000000e+02	2.5420751076e-02	-2.3829648923e-02	7.4621818180e-05	3.7490283775e-05
6.6100000000e+02	2.5458242126e-02	-2.3904299129e-02	7.4678579811e-05	3.7491815599e-05
6.6200000000e+02	2.5495734705e-02	-2.3979006055e-02	7.4735257945e-05	3.7493340573e-05
6.6300000000e+02	2.5533228805e-02	-2.4053769617e-02	7.4791852824e-05	3.7494858737e-05
6.6400000000e+02	2.5570724420e-02	-2.4128589733e-02	7.4848364688e-05	3.7496370131e-05
6.6500000000e+02	2.5608221543e-02	-2.4203466319e-02	7.4904793777e-05	3.7497874796e-05
6.6600000000e+02	2.5645720167e-02	-2.4278399293e-02	7.4961140331e-05	3.7499372770e-05
6.6700000000e+02	2.5683220286e-02	-2.4353388572e-02	7.5017404585e-05	3.7500864095e-05
6.6800000000e+02	2.5720721893e-02	-2.4428434075e-02	7.5073586778e-05	3.7502348808e-05
6.6900000000e+02	2.5758224982e-02	-2.4503535718e-02	7.5129687145e-05	3.7503826949e-05
6.7000000000e+02	2.5795729545e-02	-2.4578693422e-02	7.5185705921e-05	3.7505298556e-05
6.7100000000e+02	2.5833235577e-02	-2.4653907103e-02	7.5241643338e-05	3.7506763668e-05
6.7200000000e+02	2.5870743070e-02	-2.4729176681e-02	7.5297499630e-05	3.7508222322e-05
6.7300000000e+02	2.5908252019e-02	-2.4804502075e-02	7.5353275029e-05	3.7509674557e-05
6.7400000000e+02	2.5945762417e-02	-2.4879883204e-02	7.5408969765e-05	3.7511120410e-05
6.7500000000e+02	2.5983274258e-02	-2.4955319988e-02	7.5464584068e-05	3.7512559918e-05
6.7600000000e+02	2.6020787535e-02	-2.5030812346e-02	7.5520118167e-05	3.7513993119e-05
6.7700000000e+02	2.6058302242e-02	-2.5106360198e-02	7.5575572289e-05	3.7515420048e-05
6.7800000000e+02	2.6095818373e-02	-2.5181963464e-02	7.5630946662e-05	3.7516840743e-05
6.7900000000e+02	2.6133335922e-02	-2.5257622065e-02	7.5686241511e-05	3.7518255238e-05
6.8000000000e+02	2.6170854882e-02	-2.5333335920e-02	7.5741457062e-05	3.7519663572e-05
6.8100000000e+02	2.6208375247e-02	-2.5409104952e-02	7.5796593537e-05	3.7521065778e-05
6.8200000000e+02	2.6245897011e-02	-2.5484929081e-02	7.5851651162e-05	3.7522461893e-05
6.8300000000e+02	2.6283420168e-02	-2.5560808228e-02	7.5906630157e-05	3.7523851951e-05
6.8400000000e+02	2.6320944713e-02	-2.5636742315e-02	7.5961530743e-05	3.7525235987e-05
6.8500000000e+02	2.6358470638e-02	-2.5712731264e-02	7.6016353142e-05	3.7526614037e-05
6.8600000000e+02	2.6395997939e-02	-2.5788774996e-02	7.6071097572e-05	3.7527986134e-05
6.8700000000e+02	2.6433526609e-02	-2.5864873433e-02	7.6125764253e-05	3.7529352312e-05
6.8800000000e+02	2.6471056642e-02	-2.5941026498e-02	7.6180353401e-05	3.7530712606e-05
6.8900000000e+02	2.6508588032e-02	-2.6017234114e-02	7.6234865234e-05	3.7532067049e-05
6.9000000000e+02	2.6546120774e-02	-2.6093496203e-02	7.6289299967e-05	3.7533415674e-05
6.9100000000e+02	2.6583654861e-02	-2.6169812688e-02	7.6343657815e-05	3.7534758515e-05
6.9200000000e+02	2.6621190289e-02	-2.6246183493e-02	7.6397938992e-05	3.7536095605e-05
6.9300000000e+02	2.6658727051e-02	-2.6322608541e-02	7.6452143711e-05	3.7537426976e-05
6.9400000000e+02	2.6696265141e-02	-2.6399087755e-02	7.6506272185e-05	3.7538752660e-05
6.9500000000e+02	2.6733804554e-02	-2.6475621060e-02	7.6560324625e-05	3.7540072691e-05
6.9600000000e+02	2.6771345285e-02	-2.6552208379e-02	7.6614301241e-05	3.7541387099e-05
6.9700000000e+02	2.6808887327e-02	-2.6628849637e-02	7.6668202244e-05	3.7542695917e-05
6.9800000000e+02	2.6846430675e-02	-2.6705544759e-02	7.6722027841e-05	3.7543999177e-05
6.9900000000e+02	2.6883975323e-02	-2.6782293668e-02	7.6775778242e-05	3.7545296910e-05
7.0000000000e+02	2.6921521267e-02	-2.6859096290e-02	7.6829453652e-05	3.7546589146e-05
7.0100000000e+02	2.6959068500e-02	-2.6935952550e-02	7.6883054279e-05	3.7547875917e-05
7.0200000000e+02	2.6996617017e-02	-2.7012862374e-02	7.6936580328e-05	3.7549157253e-05
7.0300000000e+02	2.7034166812e-02	-2.7089825686e-02	7.6990032003e-05	3.7550433185e-05
7.0400000000e+02	2.7071717881e-02	-2.7166842413e-02	7.7043409509e-05	3.7551703744e-05
7.0500000000e+02	2.7109270218e-02	-2.7243912480e-02	7.7096713047e-05	3.7552968958e-05
7.0600000000e+02	2.7146823817e-02	-2.7321035814e-02	7.7149942821e-05	3.7554228859e-05
7.0700000000e+02	2.7184378674e-02	-2.7398212342e-02	7.7203099032e-05	3.7555483475e-05
7.0800000000e+02	2.7221934782e-02	-2.7475441988e-02	7.7256181879e-05	3.7556732837e-05
7.0900000000e+02	2.7259492138e-02	-2.7552724681e-02	7.7309191564e-05	3.7557976972e-05
7.1000000000e+02	2.7297050735e-02	-2.7630060347e-02	7.7362128284e-05	3.7559215912e-05
7.1100000000e+02	2.7334610568e-02	-2.7707448913e-02	7.7414992238e-05	3.7560449683e-05
7.1200000000e+02	2.7372171632e-02	-2.7784890307e-02	7.7467783623e-05	3.7561678315e-05
7.1300000000e+02	2.7409733923e-02	-2.7862384456e-02	7.7520502636e-05	3.7562901836e-05
7.1400000000e+02	2.7447297434e-02	-2.7939931288e-02	7.7573149472e-05	3.7564120275e-05
7.1500000000e+02	2.7484862162e-02	-2.8017530731e-02	7.7625724326e-05	3.7565333659e-05
7.1600000000e+02	2.7522428100e-02	-2.8095182713e-02	7.7678227393e-05	3.7566542017e-05
7.1700000000e+02	2.7559995244e-02	-2.8172887162e-02	7.7730658865e-05	3.7567745376e-05
7.1800000000e+02	2.7597563589e-02	-2.8250644007e-02	7.7783018936e-05	3.7568943763e-05
7.1900000000e+02	2.7635133130e-02	-2.8328453176e-02	7.7835307797e-05	3.7570137206e-05
7.2000000000e+02	2.7672703862e-02	-2.8406314599e-02	7.7887525640e-05	3.7571325731e-05
7.2100000000e+02	2.7710275780e-02	-2.8484228204e-02	7.7939672654e-05	3.7572509367e-05
7.2200000000e+02	2.7747848879e-02	-2.8562193921e-02	7.7991749030e-05	3.7573688138e-05
7.2300000000e+02	2.7785423154e-02	-2.8640211679e-02	7.8043754956e-05	3.7574862073e-05
7.2400000000e+02	2.7822998601e-02	-2.8718281407e-02	7.8095690620e-05	3.7576031197e-05
7.2500000000e+02	2.7860575215e-02	-2.8796403036e-02	7.8147556209e-05	3.7577195537e-05
7.2600000000e+02	2.7898152991e-02	-2.8874576496e-02	7.8199351911e-05	3.7578355118e-05
7.2700000000e+02	2.7935731924e-02	-2.8952801717e-02	7.8251077911e-05	3.7579509966e-05
7.2800000000e+02	2.7973312009e-02	-2.9031078629e-02	7.8302734393e-05	3.7580660108e-05
7.2900000000e+02	2.8010893243e-02	-2.9109407163e-02	7.8354321544e-05	3.7581805568e-05
7.3000000000e+02	2.8048475619e-02	-2.9187787249e-02	7.8405839545e-05	3.7582946372e-05
7.3100000000e+02	2.8086059134e-02	-2.9266218819e-02	7.8457288581e-05	3.7584082544e-05
7.3200000000e+02	2.8123643782e-02	-2.9344701803e-02	7.8508668833e-05	3.7585214111e-05
7.3300000000e+02	2.8161229560e-02	-2.9423236134e-02	7.8559980483e-05	3.7586341096e-05
7.3400000000e+02	2.8198816463e-02	-2.9501821741e-02	7.8611223712e-05	3.7587463524e-05
7.3500000000e+02	2.8236404486e-02	-2.9580458558e-02	7.8662398700e-05	3.7588581421e-05
7.3600000000e+02	2.8273993624e-02	-2.9659146516e-02	7.8713505626e-05	3.7589694809e-05
7.3700000000e+02	2.8311583874e-02	-2.9737885547e-02	7.8764544669e-05	3.7590803714e-05
7.3800000000e+02	2.8349175230e-02	-2.9816675583e-02	7.8815516007e-05	3.7591908159e-05
7.3900000000e+02	2.8386767689e-02	-2.9895516556e-02	7.8866419818e-05	3.7593008168e-05
7.4000000000e+02	2.8424361245e-02	-2.9974408400e-02	7.8917256278e-05	3.7594103764e-05
7.4100000000e+02	2.8461955895e-02	-3.0053351047e-02	7.8968025562e-05	3.7595194972e-05
7.4200000000e+02	2.8499551634e-02	-3.0132344429e-02	7.9018727847e-05	3.7596281815e-05
7.4300000000e+02	2.8537148457e-02	-3.0211388480e-02	7.9069363307e-05	3.7597364315e-05
7.4400000000e+02	2.8574746361e-02	-3.0290483133e-02	7.9119932116e-05	3.7598442496e-05
7.4500000000e+02	2.8612345341e-02	-3.0369628322e-02	7.9170434447e-05	3.7599516381e-05
7.4600000000e+02	2.8649945392e-02	-3.0448823980e-02	7.9220870472e-05	3.7600585992e-05
7.4700000000e+02	2.8687546511e-02	-3.0528070041e-02	7.9271240365e-05	3.7601651352e-05
7.4800000000e+02	2.8725148694e-02	-3.0607366439e-02	7.9321544295e-05	3.7602712484e-05
7.4900000000e+02	2.8762751935e-02	-3.0686713108e-02	7.9371782433e-05	3.7603769409e-05
7.5000000000e+02	2.8800356231e-02	-3.0766109982e-02	7.9421954950e-05	3.7604822150e-05
7.5100000000e+02	2.8837961578e-02	-3.0845556996e-02	7.9472062015e-05	3.7605870730e-05
7.5200000000e+02	2.8875567971e-02	-3.0925054084e-02	7.9522103797e-05	3.7606915169e-05
7.5300000000e+02	2.8913175407e-02	-3.1004601182e-02	7.9572080463e-05	3.7607955489e-05
7.5400000000e+02	2.8950783881e-02	-3.1084198223e-02	7.9621992180e-05	3.7608991713e-05
7.5500000000e+02	2.8988393389e-02	-3.1163845144e-02	7.9671839117e-05	3.7610023861e-05
7.5600000000e+02	2.9026003927e-02	-3.1243541880e-02	7.9721621438e-05	3.7611051954e-05
7.5700000000e+02	2.9063615491e-02	-3.1323288366e-02	7.9771339309e-05	3.7612076015e-05
7.5800000000e+02	2.9101228078e-02	-3.1403084537e-02	7.9820992896e-05	3.7613096064e-05
7.5900000000e+02	2.9138841682e-02	-3.1482930330e-02	7.9870582362e-05	3.7614112121e-05
7.6000000000e+02	2.9176456301e-02	-3.1562825681e-02	7.9920107870e-05	3.7615124208e-05
7.6100000000e+02	2.9214071929e-02	-3.1642770525e-02	7.9969569585e-05	3.7616132346e-05
7.6200000000e+02	2.9251688564e-02	-3.1722764799e-02	8.0018967668e-05	3.7617136554e-05
7.6300000000e+02	2.9289306201e-02	-3.1802808439e-02	8.0068302280e-05	3.7618136852e-05
7.6400000000e+02	2.9326924836e-02	-3.1882901382e-02	8.0117573584e-05	3.7619133263e-05
7.6500000000e+02	2.9364544466e-02	-3.1963043565e-02	8.0166781740e-05	3.7620125804e-05
7.6600000000e+02	2.9402165087e-02	-3.2043234925e-02	8.0215926908e-05	3.7621114497e-05
7.6700000000e+02	2.9439786694e-02	-3.2123475398e-02	8.0265009246e-05	3.7622099361e-05
7.6800000000e+02	2.9477409284e-02	-3.2203764922e-02	8.0314028915e-05	3.7623080415e-05
7.6900000000e+02	2.9515032854e-02	-3.2284103435e-02	8.0362986071e-05	3.7624057680e-05
7.7000000000e+02	2.9552657398e-02	-3.2364490874e-02	8.0411880873e-05	3.7625031175e-05
7.7100000000e+02	2.9590282915e-02	-3.2444927176e-02	8.0460713477e-05	3.7626000919e-05
7.7200000000e+02	2.9627909399e-02	-3.2525412280e-02	8.0509484040e-05	3.7626966931e-05
7.7300000000e+02	2.9665536847e-02	-3.2605946123e-02	8.0558192718e-05	3.7627929231e-05
7.7400000000e+02	2.9703165256e-02	-3.2686528645e-02	8.0606839665e-05	3.7628887837e-05
7.7500000000e+02	2.9740794622e-02	-3.2767159782e-02	8.0655425037e-05	3.7629842768e-05
7.7600000000e+02	2.9778424940e-02	-3.2847839474e-02	8.0703948988e-05	3.7630794043e-05
7.7700000000e+02	2.9816056209e-02	-3.2928567660e-02	8.0752411671e-05	3.7631741681e-05
7.7800000000e+02	2.9853688423e-02	-3.3009344277e-02	8.0800813239e-05	3.7632685699e-05
7.7900000000e+02	2.9891321579e-02	-3.3090169266e-02	8.0849153844e-05	3.7633626117e-05
7.8000000000e+02	2.9928955674e-02	-3.3171042565e-02	8.0897433639e-05	3.7634562953e-05
7.8100000000e+02	2.9966590704e-02	-3.3251964113e-02	8.0945652774e-05	3.7635496224e-05
7.8200000000e+02	3.0004226665e-02	-3.3332933850e-02	8.0993811400e-05	3.7636425949e-05
7.8300000000e+02	3.0041863554e-02	-3.3413951716e-02	8.1041909668e-05	3.7637352146e-05
7.8400000000e+02	3.0079501368e-02	-3.3495017649e-02	8.1089947726e-05	3.7638274832e-05
7.8500000000e+02	3.0117140103e-02	-3.3576131591e-02	8.1137925725e-05	3.7639194025e-05
7.8600000000e+02	3.0154779755e-02	-3.3657293481e-02	8.1185843811e-05	3.7640109743e-05
7.8700000000e+02	3.0192420321e-02	-3.3738503259e-02	8.1233702134e-05	3.7641022003e-05
7.8800000000e+02	3.0230061798e-02	-3.3819760865e-02	8.1281500841e-05	3.7641930823e-05
7.8900000000e+02	3.0267704182e-02	-3.3901066241e-02	8.1329240079e-05	3.7642836219e-05
7.9000000000e+02	3.0305347469e-02	-3.3982419326e-02	8.1376919993e-05	3.7643738210e-05
7.9100000000e+02	3.0342991657e-02	-3.4063820061e-02	8.1424540730e-05	3.7644636811e-05
7.9200000000e+02	3.0380636742e-02	-3.4145268387e-02	8.1472102436e-05	3.7645532040e-05
7.9300000000e+02	3.0418282720e-02	-3.4226764246e-02	8.1519605253e-05	3.7646423913e-05
7.9400000000e+02	3.0455929588e-02	-3.4308307578e-02	8.1567049328e-05	3.7647312448e-05
7.9500000000e+02	3.0493577344e-02	-3.4389898325e-02	8.1614434804e-05	3.7648197661e-05
7.9600000000e+02	3.0531225983e-02	-3.4471536428e-02	8.1661761823e-05	3.7649079568e-05
7.9700000000e+02	3.0568875502e-02	-3.4553221829e-02	8.1709030528e-05	3.7649958187e-05
7.9800000000e+02	3.0606525898e-02	-3.4634954470e-02	8.1756241063e-05	3.7650833532e-05
7.9900000000e+02	3.0644177168e-02	-3.4716734292e-02	8.1803393567e-05	3.7651705621e-05
8.0000000000e+02	3.0681829308e-02	-3.4798561238e-02	8.1850488182e-05	3.7652574469e-05
8.0100000000e+02	3.0719482316e-02	-3.4880435249e-02	8.1897525050e-05	3.7653440093e-05
8.0200000000e+02	3.0757136187e-02	-3.4962356269e-02	8.1944504309e-05	3.7654302508e-05
8.0300000000e+02	3.0794790920e-02	-3.5044324239e-02	8.1991426100e-05	3.7655161730e-05
8.0400000000e+02	3.0832446510e-02	-3.5126339102e-02	8.2038290561e-05	3.7656017775e-05
8.0500000000e+02	3.0870102954e-02	-3.5208400801e-02	8.2085097832e-05	3.7656870658e-05
8.0600000000e+02	3.0907760250e-02	-3.5290509279e-02	8.2131848050e-05	3.7657720396e-05
8.0700000000e+02	3.0945418394e-02	-3.5372664478e-02	8.2178541353e-05	3.7658567003e-05
8.0800000000e+02	3.0983077383e-02	-3.5454866342e-02	8.2225177878e-05	3.7659410494e-05
8.0900000000e+02	3.1020737214e-02	-3.5537114815e-02	8.2271757761e-05	3.7660250886e-05
8.1000000000e+02	3.1058397884e-02	-3.5619409839e-02	8.2318281139e-05	3.7661088193e-05
8.1100000000e+02	3.1096059389e-02	-3.5701751358e-02	8.2364748147e-05	3.7661922430e-05
8.1200000000e+02	3.1133721727e-02	-3.5784139317e-02	8.2411158921e-05	3.7662753612e-05
8.1300000000e+02	3.1171384895e-02	-3.5866573657e-02	8.2457513595e-05	3.7663581754e-05
8.1400000000e+02	3.1209048890e-02	-3.5949054325e-02	8.2503812303e-05	3.7664406871e-05
8.1500000000e+02	3.1246713708e-02	-3.6031581263e-02	8.2550055180e-05	3.7665228977e-05
8.1600000000e+02	3.1284379347e-02	-3.6114154417e-02	8.2596242357e-05	3.7666048088e-05
8.1700000000e+02	3.1322045803e-02	-3.6196773730e-02	8.2642373969e-05	3.7666864217e-05
8.1800000000e+02	3.1359713074e-02	-3.6279439146e-02	8.2688450147e-05	3.7667677379e-05
8.1900000000e+02	3.1397381157e-02	-3.6362150611e-02	8.2734471024e-05	3.7668487588e-05
8.2000000000e+02	3.1435050048e-02	-3.6444908070e-02	8.2780436730e-05	3.7669294859e-05
8.2100000000e+02	3.1472719746e-02	-3.6527711467e-02	8.2826347396e-05	3.7670099205e-05
8.2200000000e+02	3.1510390246e-02	-3.6610560746e-02	8.2872203154e-05	3.7670900642e-05
8.2300000000e+02	3.1548061546e-02	-3.6693455855e-02	8.2918004132e-05	3.7671699182e-05
8.2400000000e+02	3.1585733643e-02	-3.6776396737e-02	8.2963750461e-05	3.7672494840e-05
8.2500000000e+02	3.1623406535e-02	-3.6859383337e-02	8.3009442269e-05	3.7673287629e-05
8.2600000000e+02	3.1661080218e-02	-3.6942415603e-02	8.3055079686e-05	3.7674077564e-05
8.2700000000e+02	3.1698754689e-02	-3.7025493479e-02	8.3100662839e-05	3.7674864657e-05
8.2800000000e+02	3.1736429946e-02	-3.7108616911e-02	8.3146191856e-05	3.7675648924e-05
8.2900000000e+02	3.1774105986e-02	-3.7191785844e-02	8.3191666864e-05	3.7676430376e-05
8.3000000000e+02	3.1811782806e-02	-3.7275000226e-02	8.3237087990e-05	3.7677209027e-05
8.3100000000e+02	3.1849460403e-02	-3.7358260002e-02	8.3282455362e-05	3.7677984892e-05
8.3200000000e+02	3.1887138775e-02	-3.7441565119e-02	8.3327769103e-05	3.7678757982e-05
8.3300000000e+02	3.1924817918e-02	-3.7524915523e-02	8.3373029341e-05	3.7679528312e-05
8.3400000000e+02	3.1962497830e-02	-3.7608311160e-02	8.3418236200e-05	3.7680295894e-05
8.3500000000e+02	3.2000178509e-02	-3.7691751977e-02	8.3463389804e-05	3.7681060741e-05
8.3600000000e+02	3.2037859951e-02	-3.7775237922e-02	8.3508490279e-05	3.7681822867e-05
8.3700000000e+02	3.2075542154e-02	-3.7858768940e-02	8.3553537747e-05	3.7682582284e-05
8.3800000000e+02	3.2113225115e-02	-3.7942344980e-02	8.3598532332e-05	3.7683339005e-05
8.3900000000e+02	3.2150908831e-02	-3.8025965987e-02	8.3643474158e-05	3.7684093042e-05
8.4000000000e+02	3.2188593300e-02	-3.8109631911e-02	8.3688363346e-05	3.7684844409e-05
8.4100000000e+02	3.2226278519e-02	-3.8193342697e-02	8.3733200018e-05	3.7685593118e-05
8.4200000000e+02	3.2263964485e-02	-3.8277098293e-02	8.3777984297e-05	3.7686339181e-05
8.4300000000e+02	3.2301651196e-02	-3.8360898648e-02	8.3822716304e-05	3.7687082611e-05
8.4400000000e+02	3.2339338649e-02	-3.8444743708e-02	8.3867396159e-05	3.7687823421e-05
8.4500000000e+02	3.2377026842e-02	-3.8528633423e-02	8.3912023982e-05	3.7688561621e-05
8.4600000000e+02	3.2414715772e-02	-3.8612567739e-02	8.3956599895e-05	3.7689297226e-05
8.4700000000e+02	3.2452405436e-02	-3.8696546605e-02	8.4001124015e-05	3.7690030246e-05
8.4800000000e+02	3.2490095832e-02	-3.8780569970e-02	8.4045596464e-05	3.7690760694e-05
8.4900000000e+02	3.2527786956e-02	-3.8864637781e-02	8.4090017359e-05	3.7691488582e-05
8.5000000000e+02	3.2565478808e-02	-3.8948749987e-02	8.4134386818e-05	3.7692213922e-05
8.5100000000e+02	3.2603171383e-02	-3.9032906538e-02	8.4178704960e-05	3.7692936725e-05
8.5200000000e+02	3.2640864680e-02	-3.9117107380e-02	8.4222971902e-05	3.7693657004e-05
8.5300000000e+02	3.2678558697e-02	-3.9201352464e-02	8.4267187762e-05	3.7694374770e-05
8.5400000000e+02	3.2716253429e-02	-3.9285641739e-02	8.4311352656e-05	3.7695090035e-05
8.5500000000e+02	3.2753948876e-02	-3.9369975153e-02	8.4355466700e-05	3.7695802811e-05
8.5600000000e+02	3.2791645034e-02	-3.9454352655e-02	8.4399530011e-05	3.7696513108e-05
8.5700000000e+02	3.2829341901e-02	-3.9538774196e-02	8.4443542704e-05	3.7697220939e-05
8.5800000000e+02	3.2867039475e-02	-3.9623239724e-02	8.4487504894e-05	3.7697926314e-05
8.5900000000e+02	3.2904737753e-02	-3.9707749189e-02	8.4531416696e-05	3.7698629246e-05
8.6000000000e+02	3.2942436733e-02	-3.9792302540e-02	8.4575278225e-05	3.7699329745e-05
8.6100000000e+02	3.2980136412e-02	-3.9876899729e-02	8.4619089594e-05	3.7700027822e-05
8.6200000000e+02	3.3017836788e-02	-3.9961540703e-02	8.4662850917e-05	3.7700723489e-05
8.6300000000e+02	3.3055537858e-02	-4.0046225414e-02	8.4706562308e-05	3.7701416757e-05
8.6400000000e+02	3.3093239620e-02	-4.0130953811e-02	8.4750223879e-05	3.7702107637e-05
8.6500000000e+02	3.3130942072e-02	-4.0215725845e-02	8.4793835743e-05	3.7702796139e-05
8.6600000000e+02	3.3168645212e-02	-4.0300541466e-02	8.4837398011e-05	3.7703482275e-05
8.6700000000e+02	3.3206349036e-02	-4.0385400624e-02	8.4880910796e-05	3.7704166055e-05
8.6800000000e+02	3.3244053543e-02	-4.0470303271e-02	8.4924374210e-05	3.7704847490e-05
8.6900000000e+02	3.3281758730e-02	-4.0555249356e-02	8.4967788362e-05	3.7705526591e-05
8.7000000000e+02	3.3319464595e-02	-4.0640238831e-02	8.5011153364e-05	3.7706203369e-05
8.7100000000e+02	3.3357171136e-02	-4.0725271647e-02	8.5054469326e-05	3.7706877833e-05
8.7200000000e+02	3.3394878350e-02	-4.0810347754e-02	8.5097736358e-05	3.7707549995e-05
8.7300000000e+02	3.3432586235e-02	-4.0895467103e-02	8.5140954569e-05	3.7708219865e-05
8.7400000000e+02	3.3470294789e-02	-4.0980629647e-02	8.5184124069e-05	3.7708887453e-05
8.7500000000e+02	3.3508004010e-02	-4.1065835335e-02	8.5227244966e-05	3.7709552770e-05
8.7600000000e+02	3.3545713894e-02	-4.1151084120e-02	8.5270317368e-05	3.7710215826e-05
8.7700000000e+02	3.3583424441e-02	-4.1236375954e-02	8.5313341385e-05	3.7710876631e-05
8.7800000000e+02	3.3621135647e-02	-4.1321710787e-02	8.5356317123e-05	3.7711535196e-05
8.7900000000e+02	3.3658847510e-02	-4.1407088572e-02	8.5399244690e-05	3.7712191530e-05
8.8000000000e+02	3.3696560029e-02	-4.1492509260e-02	8.5442124193e-05	3.7712845643e-05
8.8100000000e+02	3.3734273201e-02	-4.1577972804e-02	8.5484955738e-05	3.7713497546e-05
8.8200000000e+02	3.3771987023e-02	-4.1663479156e-02	8.5527739432e-05	3.7714147248e-05
8.8300000000e+02	3.3809701494e-02	-4.1749028267e-02	8.5570475382e-05	3.7714794759e-05
8.8400000000e+02	3.3847416612e-02	-4.1834620091e-02	8.5613163691e-05	3.7715440090e-05
8.8500000000e+02	3.3885132374e-02	-4.1920254579e-02	8.5655804467e-05	3.7716083249e-05
8.8600000000e+02	3.3922848778e-02	-4.2005931684e-02	8.5698397813e-05	3.7716724247e-05
8.8700000000e+02	3.3960565822e-02	-4.2091651359e-02	8.5740943834e-05	3.7717363093e-05
8.8800000000e+02	3.3998283503e-02	-4.2177413556e-02	8.5783442634e-05	3.7717999797e-05
8.8900000000e+02	3.4036001821e-02	-4.2263218228e-02	8.5825894318e-05	3.7718634368e-05
8.9000000000e+02	3.4073720771e-02	-4.2349065329e-02	8.5868298989e-05	3.7719266817e-05
8.9100000000e+02	3.4111440354e-02	-4.2434954811e-02	8.5910656750e-05	3.7719897151e-05
8.9200000000e+02	3.4149160565e-02	-4.2520886627e-02	8.5952967704e-05	3.7720525381e-05
8.9300000000e+02	3.4186881404e-02	-4.2606860731e-02	8.5995231953e-05	3.7721151517e-05
8.9400000000e+02	3.4224602867e-02	-4.2692877075e-02	8.6037449600e-05	3.7721775566e-05
8.9500000000e+02	3.4262324954e-02	-4.2778935614e-02	8.6079620747e-05	3.7722397539e-05
8.9600000000e+02	3.4300047662e-02	-4.2865036301e-02	8.6121745494e-05	3.7723017445e-05
8.9700000000e+02	3.4337770988e-02	-4.2951179090e-02	8.6163823944e-05	3.7723635293e-05
8.9800000000e+02	3.4375494932e-02	-4.3037363934e-02	8.6205856197e-05	3.7724251092e-05
8.9900000000e+02	3.4413219490e-02	-4.3123590787e-02	8.6247842354e-05	3.7724864851e-05
9.0000000000e+02	3.4450944661e-02	-4.3209859603e-02	8.6289782515e-05	3.7725476579e-05
9.0100000000e+02	3.4488670442e-02	-4.3296170337e-02	8.6331676780e-05	3.7726086285e-05
9.0200000000e+02	3.4526396833e-02	-4.3382522941e-02	8.6373525248e-05	3.7726693977e-05
9.0300000000e+02	3.4564123830e-02	-4.3468917372e-02	8.6415328019e-05	3.7727299665e-05
9.0400000000e+02	3.4601851431e-02	-4.3555353582e-02	8.6457085192e-05	3.7727903358e-05
9.0500000000e+02	3.4639579636e-02	-4.3641831527e-02	8.6498796865e-05	3.7728505064e-05
9.0600000000e+02	3.4677308441e-02	-4.3728351161e-02	8.6540463136e-05	3.7729104792e-05
9.0700000000e+02	3.4715037844e-02	-4.3814912438e-02	8.6582084104e-05	3.7729702550e-05
9.0800000000e+02	3.4752767845e-02	-4.3901515314e-02	8.6623659867e-05	3.7730298348e-05
9.0900000000e+02	3.4790498441e-02	-4.3988159743e-02	8.6665190521e-05	3.7730892193e-05
9.1000000000e+02	3.4828229629e-02	-4.4074845680e-02	8.6706676164e-05	3.7731484094e-05
9.1100000000e+02	3.4865961408e-02	-4.4161573080e-02	8.6748116892e-05	3.7732074060e-05
9.1200000000e+02	3.4903693776e-02	-4.4248341899e-02	8.6789512802e-05	3.7732662099e-05
9.1300000000e+02	3.4941426732e-02	-4.4335152091e-02	8.6830863990e-05	3.7733248220e-05
9.1400000000e+02	3.4979160272e-02	-4.4422003612e-02	8.6872170551e-05	3.7733832430e-05
9.1500000000e+02	3.5016894396e-02	-4.4508896417e-02	8.6913432583e-05	3.7734414738e-05
9.1600000000e+02	3.5054629101e-02	-4.4595830462e-02	8.6954650178e-05	3.7734995153e-05
9.1700000000e+02	3.5092364386e-02	-4.4682805703e-02	8.6995823433e-05	3.7735573682e-05
9.1800000000e+02	3.5130100248e-02	-4.4769822094e-02	8.7036952442e-05	3.7736150333e-05
9.1900000000e+02	3.5167836686e-02	-4.4856879593e-02	8.7078037300e-05	3.7736725116e-05
9.2000000000e+02	3.5205573697e-02	-4.4943978154e-02	8.7119078100e-05	3.7737298037e-05
9.2100000000e+02	3.5243311281e-02	-4.5031117734e-02	8.7160074935e-05	3.7737869105e-05
9.2200000000e+02	3.5281049435e-02	-4.5118298290e-02	8.7201027901e-05	3.7738438327e-05
9.2300000000e+02	3.5318788157e-02	-4.5205519776e-02	8.7241937089e-05	3.7739005713e-05
9.2400000000e+02	3.5356527446e-02	-4.5292782149e-02	8.7282802592e-05	3.7739571269e-05
9.2500000000e+02	3.5394267299e-02	-4.5380085366e-02	8.7323624503e-05	3.7740135003e-05
9.2600000000e+02	3.5432007715e-02	-4.5467429384e-02	8.7364402914e-05	3.7740696923e-05
9.2700000000e+02	3.5469748692e-02	-4.5554814158e-02	8.7405137918e-05	3.7741257038e-05
9.2800000000e+02	3.5507490229e-02	-4.5642239645e-02	8.7445829605e-05	3.7741815354e-05
9.2900000000e+02	3.5545232322e-02	-4.5729705803e-02	8.7486478068e-05	3.7742371879e-05
9.3000000000e+02	3.5582974972e-02	-4.5817212587e-02	8.7527083396e-05	3.7742926622e-05
9.3100000000e+02	3.5620718175e-02	-4.5904759955e-02	8.7567645682e-05	3.7743479589e-05
9.3200000000e+02	3.5658461930e-02	-4.5992347864e-02	8.7608165015e-05	3.7744030788e-05
9.3300000000e+02	3.5696206236e-02	-4.6079976271e-02	8.7648641486e-05	3.7744580227e-05
9.3400000000e+02	3.5733951090e-02	-4.6167645133e-02	8.7689075185e-05	3.7745127913e-05
9.3500000000e+02	3.5771696491e-02	-4.6255354407e-02	8.7729466201e-05	3.7745673854e-05
9.3600000000e+02	3.5809442437e-02	-4.6343104051e-02	8.7769814624e-05	3.7746218057e-05
9.3700000000e+02	3.5847188927e-02	-4.6430894022e-02	8.7810120543e-05	3.7746760529e-05
9.3800000000e+02	3.5884935958e-02	-4.6518724278e-02	8.7850384046e-05	3.7747301277e-05
9.3900000000e+02	3.5922683529e-02	-4.6606594776e-02	8.7890605223e-05	3.7747840310e-05
9.4000000000e+02	3.5960431638e-02	-4.6694505474e-02	8.7930784162e-05	3.7748377634e-05
9.4100000000e+02	3.5998180283e-02	-4.6782456330e-02	8.7970920950e-05	3.7748913256e-05
9.4200000000e+02	3.6035929464e-02	-4.6870447302e-02	8.8011015675e-05	3.7749447184e-05
9.4300000000e+02	3.6073679177e-02	-4.6958478348e-02	8.8051068425e-05	3.7749979424e-05
9.4400000000e+02	3.6111429422e-02	-4.7046549425e-02	8.8091079287e-05	3.7750509984e-05
9.4500000000e+02	3.6149180197e-02	-4.7134660492e-02	8.8131048348e-05	3.7751038871e-05
9.4600000000e+02	3.6186931499e-02	-4.7222811508e-02	8.8170975694e-05	3.7751566092e-05
9.4700000000e+02	3.6224683328e-02	-4.7311002430e-02	8.8210861413e-05	3.7752091654e-05
9.4800000000e+02	3.6262435682e-02	-4.7399233217e-02	8.8250705589e-05	3.7752615563e-05
9.4900000000e+02	3.6300188559e-02	-4.7487503827e-02	8.8290508310e-05	3.7753137827e-05
9.5000000000e+02	3.6337941957e-02	-4.7575814219e-02	8.8330269660e-05	3.7753658453e-05
9.5100000000e+02	3.6375695875e-02	-4.7664164353e-02	8.8369989724e-05	3.7754177447e-05
9.5200000000e+02	3.6413450312e-02	-4.7752554185e-02	8.8409668589e-05	3.7754694816e-05
9.5300000000e+02	3.6451205264e-02	-4.7840983676e-02	8.8449306338e-05	3.7755210567e-05
9.5400000000e+02	3.6488960732e-02	-4.7929452784e-02	8.8488903057e-05	3.7755724707e-05
9.5500000000e+02	3.6526716713e-02	-4.8017961469e-02	8.8528458829e-05	3.7756237242e-05
9.5600000000e+02	3.6564473206e-02	-4.8106509688e-02	8.8567973739e-05	3.7756748180e-05
9.5700000000e+02	3.6602230209e-02	-4.8195097402e-02	8.8607447870e-05	3.7757257526e-05
9.5800000000e+02	3.6639987721e-02	-4.8283724570e-02	8.8646881306e-05	3.7757765287e-05
9.5900000000e+02	3.6677745739e-02	-4.8372391152e-02	8.8686274130e-05	3.7758271470e-05
9.6000000000e+02	3.6715504263e-02	-4.8461097105e-02	8.8725626425e-05	3.7758776081e-05
9.6100000000e+02	3.6753263291e-02	-4.8549842391e-02	8.8764938274e-05	3.7759279127e-05
9.6200000000e+02	3.6791022821e-02	-4.8638626968e-02	8.8804209760e-05	3.7759780615e-05
9.6300000000e+02	3.6828782851e-02	-4.8727450797e-02	8.8843440964e-05	3.7760280550e-05
9.6400000000e+02	3.6866543381e-02	-4.8816313837e-02	8.8882631969e-05	3.7760778939e-05
9.6500000000e+02	3.6904304409e-02	-4.8905216048e-02	8.8921782856e-05	3.7761275789e-05
9.6600000000e+02	3.6942065932e-02	-4.8994157389e-02	8.8960893708e-05	3.7761771105e-05
9.6700000000e+02	3.6979827951e-02	-4.9083137822e-02	8.8999964604e-05	3.7762264894e-05
9.6800000000e+02	3.7017590462e-02	-4.9172157305e-02	8.9038995627e-05	3.7762757163e-05
9.6900000000e+02	3.7055353464e-02	-4.9261215800e-02	8.9077986857e-05	3.7763247918e-05
9.7000000000e+02	3.7093116957e-02	-4.9350313266e-02	8.9116938374e-05	3.7763737164e-05
9.7100000000e+02	3.7130880938e-02	-4.9439449663e-02	8.9155850259e-05	3.7764224908e-05
9.7200000000e+02	3.7168645406e-02	-4.9528624953e-02	8.9194722592e-05	3.7764711156e-05
9.7300000000e+02	3.7206410360e-02	-4.9617839095e-02	8.9233555452e-05	3.7765195914e-05
9.7400000000e+02	3.7244175798e-02	-4.9707092051e-02	8.9272348920e-05	3.7765679189e-05
9.7500000000e+02	3.7281941718e-02	-4.9796383780e-02	8.9311103075e-05	3.7766160986e-05
9.7600000000e+02	3.7319708119e-02	-4.9885714244e-02	8.9349817995e-05	3.7766641311e-05
9.7700000000e+02	3.7357475000e-02	-4.9975083403e-02	8.9388493759e-05	3.7767120170e-05
9.7800000000e+02	3.7395242359e-02	-5.0064491218e-02	8.9427130447e-05	3.7767597570e-05
9.7900000000e+02	3.7433010195e-02	-5.0153937651e-02	8.9465728136e-05	3.7768073515e-05
9.8000000000e+02	3.7470778506e-02	-5.0243422662e-02	8.9504286905e-05	3.7768548013e-05
9.8100000000e+02	3.7508547290e-02	-5.0332946212e-02	8.9542806832e-05	3.7769021068e-05
9.8200000000e+02	3.7546316547e-02	-5.0422508262e-02	8.9581287993e-05	3.7769492688e-05
9.8300000000e+02	3.7584086275e-02	-5.0512108775e-02	8.9619730468e-05	3.7769962876e-05
9.8400000000e+02	3.7621856472e-02	-5.0601747710e-02	8.9658134332e-05	3.7770431640e-05
9.8500000000e+02	3.7659627138e-02	-5.0691425031e-02	8.9696499663e-05	3.7770898985e-05
9.8600000000e+02	3.7697398270e-02	-5.0781140697e-02	8.9734826538e-05	3.7771364917e-05
9.8700000000e+02	3.7735169867e-02	-5.0870894671e-02	8.9773115034e-05	3.7771829441e-05
9.8800000000e+02	3.7772941928e-02	-5.0960686914e-02	8.9811365225e-05	3.7772292564e-05
9.8900000000e+02	3.7810714452e-02	-5.1050517389e-02	8.9849577190e-05	3.7772754290e-05
9.9000000000e+02	3.7848487437e-02	-5.1140386056e-02	8.9887751002e-05	3.7773214625e-05
9.9100000000e+02	3.7886260881e-02	-5.1230292878e-02	8.9925886739e-05	3.7773673575e-05
9.9200000000e+02	3.7924034783e-02	-5.1320237817e-02	8.9963984476e-05	3.7774131146e-05
9.9300000000e+02	3.7961809143e-02	-5.1410220834e-02	9.0002044287e-05	3.7774587342e-05
9.9400000000e+02	3.7999583957e-02	-5.1500241893e-02	9.0040066247e-05	3.7775042170e-05
9.9500000000e+02	3.8037359226e-02	-5.1590300954e-02	9.0078050433e-05	3.7775495635e-05
9.9600000000e+02	3.8075134948e-02	-5.1680397981e-02	9.0115996917e-05	3.7775947742e-05
9.9700000000e+02	3.8112911121e-02	-5.1770532935e-02	9.0153905774e-05	3.7776398497e-05
9.9800000000e+02	3.8150687745e-02	-5.1860705780e-02	9.0191777079e-05	3.7776847905e-05
9.9900000000e+02	3.8188464817e-02	-5.1950916477e-02	9.0229610905e-05	3.7777295971e-05
