# T (K) 		alpha_xx		alpha_zz
1.0000000000e+00		2.6085695129e-11	1.0789716326e-11
2.0000000000e+00		4.5881507052e-11	2.5237208127e-11
3.0000000000e+00		1.0670727738e-10	6.9842440126e-11
4.0000000000e+00		2.1853489441e-10	1.5229583388e-10
5.0000000000e+00		3.9853638915e-10	2.8577797146e-10
6.0000000000e+00		6.6413313721e-10	4.8455098579e-10
7.0000000000e+00		1.0330890281e-09	7.6527366792e-10
8.0000000000e+00		1.5237095087e-09	1.1492333132e-09
9.0000000000e+00		2.1554829652e-09	1.6654614097e-09
1.0000000000e+01		2.9507169772e-09	2.3546516367e-09
1.1000000000e+01		3.9375938060e-09	3.2735902228e-09
1.2000000000e+01		5.1544998310e-09	4.4994033492e-09
1.3000000000e+01		6.6547586906e-09	6.1326972074e-09
1.4000000000e+01		8.5105251198e-09	8.2988067635e-09
1.5000000000e+01		1.0814779100e-08	1.1146805350e-08
1.6000000000e+01		1.3680898123e-08	1.4846382190e-08
1.7000000000e+01		1.7239888459e-08	1.9583017705e-08
1.8000000000e+01		2.1635792627e-08	2.5552058674e-08
1.9000000000e+01		2.7019989104e-08	3.2952304425e-08
2.0000000000e+01		3.3545107610e-08	4.1979637389e-08
2.1000000000e+01		4.1359166926e-08	5.2821120317e-08
2.2000000000e+01		5.0600364821e-08	6.5649853396e-08
2.3000000000e+01		6.1392788081e-08	8.0620763403e-08
2.4000000000e+01		7.3843158627e-08	9.7867397454e-08
2.5000000000e+01		8.8038617822e-08	1.1749972235e-07
2.6000000000e+01		1.0404548532e-07	1.3960286251e-07
2.7000000000e+01		1.2190886898e-07	1.6423668373e-07
2.8000000000e+01		1.4165299292e-07	1.9143610505e-07
2.9000000000e+01		1.6328209635e-07	2.2121200238e-07
3.0000000000e+01		1.8678176262e-07	2.5355258559e-07
3.1000000000e+01		2.1212055683e-07	2.8842512733e-07
3.2000000000e+01		2.3925185590e-07	3.2577792973e-07
3.3000000000e+01		2.6811578192e-07	3.6554243837e-07
3.4000000000e+01		2.9864116156e-07	4.0763542132e-07
3.5000000000e+01		3.3074744724e-07	4.5196114756e-07
3.6000000000e+01		3.6434656565e-07	4.9841351066e-07
3.7000000000e+01		3.9934465146e-07	5.4687805685e-07
3.8000000000e+01		4.3564364519e-07	5.9723389184e-07
3.9000000000e+01		4.7314274587e-07	6.4935544319e-07
4.0000000000e+01		5.1173971062e-07	7.0311406410e-07
4.1000000000e+01		5.5133199943e-07	7.5837947815e-07
4.2000000000e+01		5.9181777124e-07	8.1502106109e-07
4.3000000000e+01		6.3309673356e-07	8.7290896406e-07
4.4000000000e+01		6.7507085771e-07	9.3191508271e-07
4.5000000000e+01		7.1764497219e-07	9.9191388105e-07
4.6000000000e+01		7.6072723774e-07	1.0527830870e-06
4.7000000000e+01		8.0422952251e-07	1.1144042586e-06
4.8000000000e+01		8.4806768359e-07	1.1766632380e-06
4.9000000000e+01		8.9216176911e-07	1.2394505088e-06
5.0000000000e+01		9.3643615025e-07	1.3026614579e-06
5.1000000000e+01		9.8081958995e-07	1.3661965607e-06
5.2000000000e+01		1.0252452607e-06	1.4299614956e-06
5.3000000000e+01		1.0696507184e-06	1.4938672000e-06
5.4000000000e+01		1.1139778393e-06	1.5578298710e-06
5.5000000000e+01		1.1581727275e-06	1.6217709219e-06
5.6000000000e+01		1.2021855982e-06	1.6856169065e-06
5.7000000000e+01		1.2459706381e-06	1.7492994115e-06
5.8000000000e+01		1.2894858575e-06	1.8127549167e-06
5.9000000000e+01		1.3326929282e-06	1.8759246448e-06
6.0000000000e+01		1.3755570114e-06	1.9387543954e-06
6.1000000000e+01		1.4180465876e-06	2.0011943575e-06
6.2000000000e+01		1.4601332784e-06	2.0631989267e-06
6.3000000000e+01		1.5017916718e-06	2.1247265089e-06
6.4000000000e+01		1.5429991479e-06	2.1857393236e-06
6.5000000000e+01		1.5837357055e-06	2.2462032096e-06
6.6000000000e+01		1.6239837979e-06	2.3060874261e-06
6.7000000000e+01		1.6637281699e-06	2.3653644596e-06
6.8000000000e+01		1.7029556992e-06	2.4240098355e-06
6.9000000000e+01		1.7416552476e-06	2.4820019343e-06
7.0000000000e+01		1.7798175170e-06	2.5393218107e-06
7.1000000000e+01		1.8174349113e-06	2.5959530202e-06
7.2000000000e+01		1.8545014054e-06	2.6518814542e-06
7.3000000000e+01		1.8910124221e-06	2.7070951791e-06
7.4000000000e+01		1.9269647152e-06	2.7615842837e-06
7.5000000000e+01		1.9623562584e-06	2.8153407342e-06
7.6000000000e+01		1.9971861422e-06	2.8683582352e-06
7.7000000000e+01		2.0314544760e-06	2.9206320979e-06
7.8000000000e+01		2.0651622969e-06	2.9721591179e-06
7.9000000000e+01		2.0983114843e-06	3.0229374559e-06
8.0000000000e+01		2.1309046801e-06	3.0729665267e-06
8.1000000000e+01		2.1629452157e-06	3.1222468965e-06
8.2000000000e+01		2.1944370409e-06	3.1707801839e-06
8.3000000000e+01		2.2253846603e-06	3.2185689692e-06
8.4000000000e+01		2.2557930745e-06	3.2656167073e-06
8.5000000000e+01		2.2856677253e-06	3.3119276463e-06
8.6000000000e+01		2.3150144429e-06	3.3575067552e-06
8.7000000000e+01		2.3438394003e-06	3.4023596509e-06
8.8000000000e+01		2.3721490691e-06	3.4464925344e-06
8.9000000000e+01		2.3999501791e-06	3.4899121298e-06
9.0000000000e+01		2.4272496841e-06	3.5326256250e-06
9.1000000000e+01		2.4540547241e-06	3.5746406247e-06
9.2000000000e+01		2.4803725968e-06	3.6159650969e-06
9.3000000000e+01		2.5062107294e-06	3.6566073291e-06
9.4000000000e+01		2.5315766499e-06	3.6965758884e-06
9.5000000000e+01		2.5564779673e-06	3.7358795804e-06
9.6000000000e+01		2.5809223480e-06	3.7745274138e-06
9.7000000000e+01		2.6049174948e-06	3.8125285696e-06
9.8000000000e+01		2.6284711300e-06	3.8498923709e-06
9.9000000000e+01		2.6515909822e-06	3.8866282512e-06
1.0000000000e+02		2.6742847672e-06	3.9227457332e-06
1.0100000000e+02		2.6965601759e-06	3.9582544052e-06
1.0200000000e+02		2.7184248651e-06	3.9931638964e-06
1.0300000000e+02		2.7398864438e-06	4.0274838606e-06
1.0400000000e+02		2.7609524645e-06	4.0612239576e-06
1.0500000000e+02		2.7816304161e-06	4.0943938360e-06
1.0600000000e+02		2.8019277139e-06	4.1270031194e-06
1.0700000000e+02		2.8218516954e-06	4.1590613930e-06
1.0800000000e+02		2.8414096126e-06	4.1905781915e-06
1.0900000000e+02		2.8606086281e-06	4.2215629873e-06
1.1000000000e+02		2.8794558098e-06	4.2520251828e-06
1.1100000000e+02		2.8979581269e-06	4.2819740999e-06
1.1200000000e+02		2.9161224482e-06	4.3114189714e-06
1.1300000000e+02		2.9339555380e-06	4.3403689372e-06
1.1400000000e+02		2.9514640543e-06	4.3688330350e-06
1.1500000000e+02		2.9686545460e-06	4.3968201962e-06
1.1600000000e+02		2.9855334534e-06	4.4243392412e-06
1.1700000000e+02		3.0021071053e-06	4.4513988758e-06
1.1800000000e+02		3.0183817194e-06	4.4780076858e-06
1.1900000000e+02		3.0343634014e-06	4.5041741361e-06
1.2000000000e+02		3.0500581439e-06	4.5299065674e-06
1.2100000000e+02		3.0654718287e-06	4.5552131930e-06
1.2200000000e+02		3.0806102255e-06	4.5801020994e-06
1.2300000000e+02		3.0954789916e-06	4.6045812429e-06
1.2400000000e+02		3.1100836743e-06	4.6286584495e-06
1.2500000000e+02		3.1244297106e-06	4.6523414158e-06
1.2600000000e+02		3.1385224284e-06	4.6756377055e-06
1.2700000000e+02		3.1523670482e-06	4.6985547515e-06
1.2800000000e+02		3.1659686823e-06	4.7210998561e-06
1.2900000000e+02		3.1793323383e-06	4.7432801891e-06
1.3000000000e+02		3.1924629196e-06	4.7651027918e-06
1.3100000000e+02		3.2053652254e-06	4.7865745764e-06
1.3200000000e+02		3.2180439550e-06	4.8077023243e-06
1.3300000000e+02		3.2305037069e-06	4.8284926904e-06
1.3400000000e+02		3.2427489809e-06	4.8489522039e-06
1.3500000000e+02		3.2547841810e-06	4.8690872668e-06
1.3600000000e+02		3.2666136150e-06	4.8889041587e-06
1.3700000000e+02		3.2782414979e-06	4.9084090372e-06
1.3800000000e+02		3.2896719526e-06	4.9276079376e-06
1.3900000000e+02		3.3009090111e-06	4.9465067759e-06
1.4000000000e+02		3.3119566181e-06	4.9651113516e-06
1.4100000000e+02		3.3228186310e-06	4.9834273471e-06
1.4200000000e+02		3.3334988216e-06	5.0014603308e-06
1.4300000000e+02		3.3440008786e-06	5.0192157592e-06
1.4400000000e+02		3.3543284100e-06	5.0366989765e-06
1.4500000000e+02		3.3644849418e-06	5.0539152192e-06
1.4600000000e+02		3.3744739225e-06	5.0708696171e-06
1.4700000000e+02		3.3842987246e-06	5.0875671933e-06
1.4800000000e+02		3.3939626440e-06	5.1040128685e-06
1.4900000000e+02		3.4034689037e-06	5.1202114620e-06
1.5000000000e+02		3.4128206555e-06	5.1361676924e-06
1.5100000000e+02		3.4220209797e-06	5.1518861808e-06
1.5200000000e+02		3.4310728883e-06	5.1673714532e-06
1.5300000000e+02		3.4399793255e-06	5.1826279410e-06
1.5400000000e+02		3.4487431711e-06	5.1976599812e-06
1.5500000000e+02		3.4573672392e-06	5.2124718235e-06
1.5600000000e+02		3.4658542812e-06	5.2270676272e-06
1.5700000000e+02		3.4742069875e-06	5.2414514642e-06
1.5800000000e+02		3.4824279880e-06	5.2556273223e-06
1.5900000000e+02		3.4905198551e-06	5.2695991047e-06
1.6000000000e+02		3.4984851026e-06	5.2833706335e-06
1.6100000000e+02		3.5063261887e-06	5.2969456507e-06
1.6200000000e+02		3.5140455171e-06	5.3103278198e-06
1.6300000000e+02		3.5216454383e-06	5.3235207268e-06
1.6400000000e+02		3.5291282506e-06	5.3365278839e-06
1.6500000000e+02		3.5364962004e-06	5.3493527291e-06
1.6600000000e+02		3.5437514860e-06	5.3619986273e-06
1.6700000000e+02		3.5508962563e-06	5.3744688743e-06
1.6800000000e+02		3.5579326119e-06	5.3867666979e-06
1.6900000000e+02		3.5648626086e-06	5.3988952561e-06
1.7000000000e+02		3.5716882569e-06	5.4108576415e-06
1.7100000000e+02		3.5784115221e-06	5.4226568835e-06
1.7200000000e+02		3.5850343267e-06	5.4342959475e-06
1.7300000000e+02		3.5915585520e-06	5.4457777365e-06
1.7400000000e+02		3.5979860383e-06	5.4571050934e-06
1.7500000000e+02		3.6043185837e-06	5.4682808038e-06
1.7600000000e+02		3.6105579492e-06	5.4793075934e-06
1.7700000000e+02		3.6167058578e-06	5.4901881312e-06
1.7800000000e+02		3.6227639936e-06	5.5009250323e-06
1.7900000000e+02		3.6287340051e-06	5.5115208579e-06
1.8000000000e+02		3.6346175058e-06	5.5219781149e-06
1.8100000000e+02		3.6404160742e-06	5.5322992592e-06
1.8200000000e+02		3.6461312535e-06	5.5424866973e-06
1.8300000000e+02		3.6517645563e-06	5.5525427842e-06
1.8400000000e+02		3.6573174614e-06	5.5624698285e-06
1.8500000000e+02		3.6627914153e-06	5.5722700910e-06
1.8600000000e+02		3.6681878363e-06	5.5819457852e-06
1.8700000000e+02		3.6735081096e-06	5.5914990813e-06
1.8800000000e+02		3.6787535931e-06	5.6009321041e-06
1.8900000000e+02		3.6839256161e-06	5.6102469356e-06
1.9000000000e+02		3.6890254783e-06	5.6194456159e-06
1.9100000000e+02		3.6940544538e-06	5.6285301435e-06
1.9200000000e+02		3.6990137888e-06	5.6375024763e-06
1.9300000000e+02		3.7039047044e-06	5.6463645337e-06
1.9400000000e+02		3.7087283958e-06	5.6551181955e-06
1.9500000000e+02		3.7134860330e-06	5.6637653046e-06
1.9600000000e+02		3.7181787626e-06	5.6723076669e-06
1.9700000000e+02		3.7228077067e-06	5.6807470515e-06
1.9800000000e+02		3.7273739648e-06	5.6890851930e-06
1.9900000000e+02		3.7318786137e-06	5.6973237915e-06
2.0000000000e+02		3.7363227077e-06	5.7054645136e-06
2.0100000000e+02		3.7407072804e-06	5.7135089920e-06
2.0200000000e+02		3.7450333433e-06	5.7214588278e-06
2.0300000000e+02		3.7493018875e-06	5.7293155912e-06
2.0400000000e+02		3.7535138854e-06	5.7370808207e-06
2.0500000000e+02		3.7576702884e-06	5.7447560245e-06
2.0600000000e+02		3.7617720280e-06	5.7523426823e-06
2.0700000000e+02		3.7658200187e-06	5.7598422442e-06
2.0800000000e+02		3.7698151564e-06	5.7672561321e-06
2.0900000000e+02		3.7737583180e-06	5.7745857408e-06
2.1000000000e+02		3.7776503636e-06	5.7818324376e-06
2.1100000000e+02		3.7814921360e-06	5.7889975642e-06
2.1200000000e+02		3.7852844617e-06	5.7960824358e-06
2.1300000000e+02		3.7890281507e-06	5.8030883422e-06
2.1400000000e+02		3.7927239963e-06	5.8100165490e-06
2.1500000000e+02		3.7963727780e-06	5.8168682974e-06
2.1600000000e+02		3.7999752583e-06	5.8236448045e-06
2.1700000000e+02		3.8035321849e-06	5.8303472659e-06
2.1800000000e+02		3.8070442919e-06	5.8369768531e-06
2.1900000000e+02		3.8105122990e-06	5.8435347149e-06
2.2000000000e+02		3.8139369110e-06	5.8500219804e-06
2.2100000000e+02		3.8173188201e-06	5.8564397557e-06
2.2200000000e+02		3.8206587051e-06	5.8627891273e-06
2.2300000000e+02		3.8239572307e-06	5.8690711611e-06
2.2400000000e+02		3.8272150505e-06	5.8752869019e-06
2.2500000000e+02		3.8304328042e-06	5.8814373774e-06
2.2600000000e+02		3.8336111203e-06	5.8875235947e-06
2.2700000000e+02		3.8367506151e-06	5.8935465426e-06
2.2800000000e+02		3.8398518924e-06	5.8995071913e-06
2.2900000000e+02		3.8429155463e-06	5.9054064932e-06
2.3000000000e+02		3.8459421583e-06	5.9112453848e-06
2.3100000000e+02		3.8489322997e-06	5.9170247831e-06
2.3200000000e+02		3.8518865311e-06	5.9227455894e-06
2.3300000000e+02		3.8548054022e-06	5.9284086891e-06
2.3400000000e+02		3.8576894526e-06	5.9340149512e-06
2.3500000000e+02		3.8605392122e-06	5.9395652286e-06
2.3600000000e+02		3.8633552014e-06	5.9450603587e-06
2.3700000000e+02		3.8661379305e-06	5.9505011650e-06
2.3800000000e+02		3.8688879006e-06	5.9558884548e-06
2.3900000000e+02		3.8716056033e-06	5.9612230216e-06
2.4000000000e+02		3.8742915211e-06	5.9665056457e-06
2.4100000000e+02		3.8769461294e-06	5.9717370909e-06
2.4200000000e+02		3.8795698929e-06	5.9769181100e-06
2.4300000000e+02		3.8821632685e-06	5.9820494417e-06
2.4400000000e+02		3.8847267056e-06	5.9871318110e-06
2.4500000000e+02		3.8872606445e-06	5.9921659311e-06
2.4600000000e+02		3.8897655189e-06	5.9971525020e-06
2.4700000000e+02		3.8922417535e-06	6.0020922120e-06
2.4800000000e+02		3.8946897654e-06	6.0069857362e-06
2.4900000000e+02		3.8971099653e-06	6.0118337395e-06
2.5000000000e+02		3.8995027564e-06	6.0166368748e-06
2.5100000000e+02		3.9018685340e-06	6.0213957826e-06
2.5200000000e+02		3.9042076868e-06	6.0261110941e-06
2.5300000000e+02		3.9065205972e-06	6.0307834286e-06
2.5400000000e+02		3.9088076407e-06	6.0354133943e-06
2.5500000000e+02		3.9110691855e-06	6.0400015901e-06
2.5600000000e+02		3.9133055939e-06	6.0445486044e-06
2.5700000000e+02		3.9155172226e-06	6.0490550148e-06
2.5800000000e+02		3.9177044210e-06	6.0535213899e-06
2.5900000000e+02		3.9198675333e-06	6.0579482887e-06
2.6000000000e+02		3.9220068970e-06	6.0623362603e-06
2.6100000000e+02		3.9241228442e-06	6.0666858450e-06
2.6200000000e+02		3.9262157022e-06	6.0709975731e-06
2.6300000000e+02		3.9282857917e-06	6.0752719668e-06
2.6400000000e+02		3.9303334273e-06	6.0795095406e-06
2.6500000000e+02		3.9323589199e-06	6.0837107983e-06
2.6600000000e+02		3.9343625743e-06	6.0878762363e-06
2.6700000000e+02		3.9363446898e-06	6.0920063437e-06
2.6800000000e+02		3.9383055616e-06	6.0961016001e-06
2.6900000000e+02		3.9402454791e-06	6.1001624781e-06
2.7000000000e+02		3.9421647273e-06	6.1041894415e-06
2.7100000000e+02		3.9440635869e-06	6.1081829477e-06
2.7200000000e+02		3.9459423328e-06	6.1121434463e-06
2.7300000000e+02		3.9478012360e-06	6.1160713795e-06
2.7400000000e+02		3.9496405633e-06	6.1199671817e-06
2.7500000000e+02		3.9514605764e-06	6.1238312811e-06
2.7600000000e+02		3.9532615336e-06	6.1276640992e-06
2.7700000000e+02		3.9550436882e-06	6.1314660495e-06
2.7800000000e+02		3.9568072899e-06	6.1352375398e-06
2.7900000000e+02		3.9585525836e-06	6.1389789710e-06
2.8000000000e+02		3.9602798114e-06	6.1426907378e-06
2.8100000000e+02		3.9619892100e-06	6.1463732293e-06
2.8200000000e+02		3.9636810131e-06	6.1500268270e-06
2.8300000000e+02		3.9653554517e-06	6.1536519067e-06
2.8400000000e+02		3.9670127509e-06	6.1572488390e-06
2.8500000000e+02		3.9686531336e-06	6.1608179882e-06
2.8600000000e+02		3.9702768193e-06	6.1643597129e-06
2.8700000000e+02		3.9718840228e-06	6.1678743661e-06
2.8800000000e+02		3.9734749566e-06	6.1713622955e-06
2.8900000000e+02		3.9750498299e-06	6.1748238428e-06
2.9000000000e+02		3.9766088475e-06	6.1782593451e-06
2.9100000000e+02		3.9781522119e-06	6.1816691335e-06
2.9200000000e+02		3.9796801227e-06	6.1850535347e-06
2.9300000000e+02		3.9811927750e-06	6.1884128705e-06
2.9400000000e+02		3.9826903620e-06	6.1917474564e-06
2.9500000000e+02		3.9841730743e-06	6.1950576045e-06
2.9600000000e+02		3.9856410983e-06	6.1983436221e-06
2.9700000000e+02		3.9870946177e-06	6.2016058101e-06
2.9800000000e+02		3.9885338143e-06	6.2048444671e-06
2.9900000000e+02		3.9899588670e-06	6.2080598856e-06
3.0000000000e+02		3.9913699502e-06	6.2112523546e-06
3.0100000000e+02		3.9927672377e-06	6.2144221581e-06
3.0200000000e+02		3.9941509004e-06	6.2175695756e-06
3.0300000000e+02		3.9955211053e-06	6.2206948836e-06
3.0400000000e+02		3.9968780181e-06	6.2237983531e-06
3.0500000000e+02		3.9982218009e-06	6.2268802524e-06
3.0600000000e+02		3.9995526147e-06	6.2299408450e-06
3.0700000000e+02		4.0008706173e-06	6.2329803897e-06
3.0800000000e+02		4.0021759638e-06	6.2359991426e-06
3.0900000000e+02		4.0034688075e-06	6.2389973566e-06
3.1000000000e+02		4.0047492999e-06	6.2419752792e-06
3.1100000000e+02		4.0060175891e-06	6.2449331551e-06
3.1200000000e+02		4.0072738214e-06	6.2478712257e-06
3.1300000000e+02		4.0085181415e-06	6.2507897285e-06
3.1400000000e+02		4.0097506915e-06	6.2536888977e-06
3.1500000000e+02		4.0109716113e-06	6.2565689636e-06
3.1600000000e+02		4.0121810387e-06	6.2594301541e-06
3.1700000000e+02		4.0133791098e-06	6.2622726929e-06
3.1800000000e+02		4.0145659592e-06	6.2650968006e-06
3.1900000000e+02		4.0157417185e-06	6.2679026956e-06
3.2000000000e+02		4.0169065176e-06	6.2706905915e-06
3.2100000000e+02		4.0180604843e-06	6.2734607008e-06
3.2200000000e+02		4.0192037463e-06	6.2762132310e-06
3.2300000000e+02		4.0203364279e-06	6.2789483874e-06
3.2400000000e+02		4.0214586507e-06	6.2816663738e-06
3.2500000000e+02		4.0225705365e-06	6.2843673890e-06
3.2600000000e+02		4.0236722048e-06	6.2870516297e-06
3.2700000000e+02		4.0247637729e-06	6.2897192904e-06
3.2800000000e+02		4.0258453566e-06	6.2923705624e-06
3.2900000000e+02		4.0269170707e-06	6.2950056339e-06
3.3000000000e+02		4.0279790272e-06	6.2976246914e-06
3.3100000000e+02		4.0290313372e-06	6.3002279184e-06
3.3200000000e+02		4.0300741109e-06	6.3028154954e-06
3.3300000000e+02		4.0311074557e-06	6.3053876007e-06
3.3400000000e+02		4.0321314777e-06	6.3079444105e-06
3.3500000000e+02		4.0331462824e-06	6.3104860986e-06
3.3600000000e+02		4.0341519735e-06	6.3130128352e-06
3.3700000000e+02		4.0351486527e-06	6.3155247892e-06
3.3800000000e+02		4.0361364206e-06	6.3180221276e-06
3.3900000000e+02		4.0371153769e-06	6.3205050140e-06
3.4000000000e+02		4.0380856187e-06	6.3229736107e-06
3.4100000000e+02		4.0390472429e-06	6.3254280768e-06
3.4200000000e+02		4.0400003453e-06	6.3278685699e-06
3.4300000000e+02		4.0409450192e-06	6.3302952460e-06
3.4400000000e+02		4.0418813572e-06	6.3327082579e-06
3.4500000000e+02		4.0428094508e-06	6.3351077570e-06
3.4600000000e+02		4.0437293905e-06	6.3374938922e-06
3.4700000000e+02		4.0446412648e-06	6.3398668108e-06
3.4800000000e+02		4.0455451615e-06	6.3422266583e-06
3.4900000000e+02		4.0464411671e-06	6.3445735777e-06
3.5000000000e+02		4.0473293667e-06	6.3469077102e-06
3.5100000000e+02		4.0482098454e-06	6.3492291957e-06
3.5200000000e+02		4.0490826855e-06	6.3515381713e-06
3.5300000000e+02		4.0499479690e-06	6.3538347736e-06
3.5400000000e+02		4.0508057772e-06	6.3561191360e-06
3.5500000000e+02		4.0516561898e-06	6.3583913911e-06
3.5600000000e+02		4.0524992854e-06	6.3606516693e-06
3.5700000000e+02		4.0533351420e-06	6.3629000989e-06
3.5800000000e+02		4.0541638358e-06	6.3651368083e-06
3.5900000000e+02		4.0549854432e-06	6.3673619222e-06
3.6000000000e+02		4.0558000388e-06	6.3695755640e-06
3.6100000000e+02		4.0566076955e-06	6.3717778570e-06
3.6200000000e+02		4.0574084869e-06	6.3739689211e-06
3.6300000000e+02		4.0582024848e-06	6.3761488754e-06
3.6400000000e+02		4.0589897594e-06	6.3783178385e-06
3.6500000000e+02		4.0597703812e-06	6.3804759252e-06
3.6600000000e+02		4.0605444200e-06	6.3826232503e-06
3.6700000000e+02		4.0613119423e-06	6.3847599281e-06
3.6800000000e+02		4.0620730162e-06	6.3868860692e-06
3.6900000000e+02		4.0628277088e-06	6.3890017838e-06
3.7000000000e+02		4.0635760850e-06	6.3911071808e-06
3.7100000000e+02		4.0643182095e-06	6.3932023684e-06
3.7200000000e+02		4.0650541465e-06	6.3952874525e-06
3.7300000000e+02		4.0657839587e-06	6.3973625375e-06
3.7400000000e+02		4.0665077090e-06	6.3994277267e-06
3.7500000000e+02		4.0672254588e-06	6.4014831227e-06
3.7600000000e+02		4.0679372683e-06	6.4035288268e-06
3.7700000000e+02		4.0686431983e-06	6.4055649379e-06
3.7800000000e+02		4.0693433077e-06	6.4075915544e-06
3.7900000000e+02		4.0700376547e-06	6.4096087741e-06
3.8000000000e+02		4.0707262973e-06	6.4116166926e-06
3.8100000000e+02		4.0714092926e-06	6.4136154046e-06
3.8200000000e+02		4.0720866971e-06	6.4156050041e-06
3.8300000000e+02		4.0727585661e-06	6.4175855833e-06
3.8400000000e+02		4.0734249547e-06	6.4195572332e-06
3.8500000000e+02		4.0740859172e-06	6.4215200443e-06
3.8600000000e+02		4.0747415071e-06	6.4234741065e-06
3.8700000000e+02		4.0753917773e-06	6.4254195068e-06
3.8800000000e+02		4.0760367807e-06	6.4273563319e-06
3.8900000000e+02		4.0766765683e-06	6.4292846691e-06
3.9000000000e+02		4.0773111910e-06	6.4312046022e-06
3.9100000000e+02		4.0779407001e-06	6.4331162145e-06
3.9200000000e+02		4.0785651449e-06	6.4350195902e-06
3.9300000000e+02		4.0791845740e-06	6.4369148109e-06
3.9400000000e+02		4.0797990368e-06	6.4388019568e-06
3.9500000000e+02		4.0804085809e-06	6.4406811080e-06
3.9600000000e+02		4.0810132541e-06	6.4425523433e-06
3.9700000000e+02		4.0816131034e-06	6.4444157411e-06
3.9800000000e+02		4.0822081743e-06	6.4462713781e-06
3.9900000000e+02		4.0827985135e-06	6.4481193307e-06
4.0000000000e+02		4.0833841657e-06	6.4499596739e-06
4.0100000000e+02		4.0839651753e-06	6.4517924822e-06
4.0200000000e+02		4.0845415870e-06	6.4536178294e-06
4.0300000000e+02		4.0851134441e-06	6.4554357874e-06
4.0400000000e+02		4.0856807901e-06	6.4572464282e-06
4.0500000000e+02		4.0862436674e-06	6.4590498231e-06
4.0600000000e+02		4.0868021177e-06	6.4608460419e-06
4.0700000000e+02		4.0873561833e-06	6.4626351539e-06
4.0800000000e+02		4.0879059047e-06	6.4644172277e-06
4.0900000000e+02		4.0884513233e-06	6.4661923308e-06
4.1000000000e+02		4.0889924785e-06	6.4679605300e-06
4.1100000000e+02		4.0895294103e-06	6.4697218916e-06
4.1200000000e+02		4.0900621579e-06	6.4714764814e-06
4.1300000000e+02		4.0905907599e-06	6.4732243637e-06
4.1400000000e+02		4.0911152558e-06	6.4749656016e-06
4.1500000000e+02		4.0916356818e-06	6.4767002591e-06
4.1600000000e+02		4.0921520765e-06	6.4784283983e-06
4.1700000000e+02		4.0926644766e-06	6.4801500813e-06
4.1800000000e+02		4.0931729186e-06	6.4818653683e-06
4.1900000000e+02		4.0936774387e-06	6.4835743209e-06
4.2000000000e+02		4.0941780731e-06	6.4852769974e-06
4.2100000000e+02		4.0946748570e-06	6.4869734570e-06
4.2200000000e+02		4.0951678247e-06	6.4886637590e-06
4.2300000000e+02		4.0956570119e-06	6.4903479599e-06
4.2400000000e+02		4.0961424521e-06	6.4920261170e-06
4.2500000000e+02		4.0966241793e-06	6.4936982869e-06
4.2600000000e+02		4.0971022269e-06	6.4953645255e-06
4.2700000000e+02		4.0975766278e-06	6.4970248873e-06
4.2800000000e+02		4.0980474152e-06	6.4986794264e-06
4.2900000000e+02		4.0985146208e-06	6.5003281982e-06
4.3000000000e+02		4.0989782768e-06	6.5019712549e-06
4.3100000000e+02		4.0994384150e-06	6.5036086490e-06
4.3200000000e+02		4.0998950662e-06	6.5052404335e-06
4.3300000000e+02		4.1003482619e-06	6.5068666593e-06
4.3400000000e+02		4.1007980324e-06	6.5084873777e-06
4.3500000000e+02		4.1012444080e-06	6.5101026383e-06
4.3600000000e+02		4.1016874186e-06	6.5117124919e-06
4.3700000000e+02		4.1021270933e-06	6.5133169877e-06
4.3800000000e+02		4.1025634618e-06	6.5149161742e-06
4.3900000000e+02		4.1029965532e-06	6.5165100998e-06
4.4000000000e+02		4.1034263962e-06	6.5180988115e-06
4.4100000000e+02		4.1038530185e-06	6.5196823574e-06
4.4200000000e+02		4.1042764487e-06	6.5212607846e-06
4.4300000000e+02		4.1046967139e-06	6.5228341384e-06
4.4400000000e+02		4.1051138418e-06	6.5244024647e-06
4.4500000000e+02		4.1055278597e-06	6.5259658085e-06
4.4600000000e+02		4.1059387942e-06	6.5275242149e-06
4.4700000000e+02		4.1063466721e-06	6.5290777279e-06
4.4800000000e+02		4.1067515192e-06	6.5306263915e-06
4.4900000000e+02		4.1071533620e-06	6.5321702485e-06
4.5000000000e+02		4.1075522259e-06	6.5337093426e-06
4.5100000000e+02		4.1079481359e-06	6.5352437159e-06
4.5200000000e+02		4.1083411174e-06	6.5367734098e-06
4.5300000000e+02		4.1087311962e-06	6.5382984661e-06
4.5400000000e+02		4.1091183959e-06	6.5398189260e-06
4.5500000000e+02		4.1095027408e-06	6.5413348302e-06
4.5600000000e+02		4.1098842554e-06	6.5428462185e-06
4.5700000000e+02		4.1102629637e-06	6.5443531312e-06
4.5800000000e+02		4.1106388889e-06	6.5458556074e-06
4.5900000000e+02		4.1110120543e-06	6.5473536858e-06
4.6000000000e+02		4.1113824838e-06	6.5488474048e-06
4.6100000000e+02		4.1117501996e-06	6.5503368036e-06
4.6200000000e+02		4.1121152241e-06	6.5518219196e-06
4.6300000000e+02		4.1124775801e-06	6.5533027894e-06
4.6400000000e+02		4.1128372896e-06	6.5547794505e-06
4.6500000000e+02		4.1131943749e-06	6.5562519393e-06
4.6600000000e+02		4.1135488576e-06	6.5577202922e-06
4.6700000000e+02		4.1139007585e-06	6.5591845453e-06
4.6800000000e+02		4.1142501000e-06	6.5606447336e-06
4.6900000000e+02		4.1145969025e-06	6.5621008925e-06
4.7000000000e+02		4.1149411865e-06	6.5635530564e-06
4.7100000000e+02		4.1152829738e-06	6.5650012597e-06
4.7200000000e+02		4.1156222833e-06	6.5664455375e-06
4.7300000000e+02		4.1159591358e-06	6.5678859229e-06
4.7400000000e+02		4.1162935525e-06	6.5693224479e-06
4.7500000000e+02		4.1166255518e-06	6.5707551471e-06
4.7600000000e+02		4.1169551531e-06	6.5721840537e-06
4.7700000000e+02		4.1172823763e-06	6.5736091992e-06
4.7800000000e+02		4.1176072416e-06	6.5750306151e-06
4.7900000000e+02		4.1179297672e-06	6.5764483332e-06
4.8000000000e+02		4.1182499713e-06	6.5778623856e-06
4.8100000000e+02		4.1185678732e-06	6.5792728034e-06
4.8200000000e+02		4.1188834915e-06	6.5806796175e-06
4.8300000000e+02		4.1191968439e-06	6.5820828580e-06
4.8400000000e+02		4.1195079490e-06	6.5834825547e-06
4.8500000000e+02		4.1198168245e-06	6.5848787380e-06
4.8600000000e+02		4.1201234882e-06	6.5862714374e-06
4.8700000000e+02		4.1204279583e-06	6.5876606818e-06
4.8800000000e+02		4.1207302509e-06	6.5890465009e-06
4.8900000000e+02		4.1210303838e-06	6.5904289233e-06
4.9000000000e+02		4.1213283745e-06	6.5918079769e-06
4.9100000000e+02		4.1216242391e-06	6.5931836902e-06
4.9200000000e+02		4.1219179950e-06	6.5945560914e-06
4.9300000000e+02		4.1222096588e-06	6.5959252072e-06
4.9400000000e+02		4.1224992465e-06	6.5972910655e-06
4.9500000000e+02		4.1227867743e-06	6.5986536935e-06
4.9600000000e+02		4.1230722583e-06	6.6000131178e-06
4.9700000000e+02		4.1233557147e-06	6.6013693653e-06
4.9800000000e+02		4.1236371593e-06	6.6027224618e-06
4.9900000000e+02		4.1239166074e-06	6.6040724335e-06
5.0000000000e+02		4.1241940745e-06	6.6054193065e-06
5.0100000000e+02		4.1244695765e-06	6.6067631057e-06
5.0200000000e+02		4.1247431281e-06	6.6081038567e-06
5.0300000000e+02		4.1250147440e-06	6.6094415853e-06
5.0400000000e+02		4.1252844399e-06	6.6107763154e-06
5.0500000000e+02		4.1255522300e-06	6.6121080715e-06
5.0600000000e+02		4.1258181292e-06	6.6134368787e-06
5.0700000000e+02		4.1260821516e-06	6.6147627607e-06
5.0800000000e+02		4.1263443122e-06	6.6160857406e-06
5.0900000000e+02		4.1266046247e-06	6.6174058436e-06
5.1000000000e+02		4.1268631029e-06	6.6187230927e-06
5.1100000000e+02		4.1271197614e-06	6.6200375101e-06
5.1200000000e+02		4.1273746139e-06	6.6213491196e-06
5.1300000000e+02		4.1276276735e-06	6.6226579443e-06
5.1400000000e+02		4.1278789542e-06	6.6239640063e-06
5.1500000000e+02		4.1281284695e-06	6.6252673279e-06
5.1600000000e+02		4.1283762325e-06	6.6265679313e-06
5.1700000000e+02		4.1286222569e-06	6.6278658383e-06
5.1800000000e+02		4.1288665554e-06	6.6291610710e-06
5.1900000000e+02		4.1291091401e-06	6.6304536513e-06
5.2000000000e+02		4.1293500250e-06	6.6317435998e-06
5.2100000000e+02		4.1295892228e-06	6.6330309375e-06
5.2200000000e+02		4.1298267454e-06	6.6343156858e-06
5.2300000000e+02		4.1300626053e-06	6.6355978659e-06
5.2400000000e+02		4.1302968154e-06	6.6368774975e-06
5.2500000000e+02		4.1305293882e-06	6.6381546006e-06
5.2600000000e+02		4.1307603349e-06	6.6394291969e-06
5.2700000000e+02		4.1309896676e-06	6.6407013056e-06
5.2800000000e+02		4.1312173990e-06	6.6419709461e-06
5.2900000000e+02		4.1314435403e-06	6.6432381392e-06
5.3000000000e+02		4.1316681037e-06	6.6445029027e-06
5.3100000000e+02		4.1318911002e-06	6.6457652573e-06
5.3200000000e+02		4.1321125416e-06	6.6470252217e-06
5.3300000000e+02		4.1323324395e-06	6.6482828143e-06
5.3400000000e+02		4.1325508046e-06	6.6495380549e-06
5.3500000000e+02		4.1327676489e-06	6.6507909607e-06
5.3600000000e+02		4.1329829831e-06	6.6520415515e-06
5.3700000000e+02		4.1331968179e-06	6.6532898453e-06
5.3800000000e+02		4.1334091645e-06	6.6545358590e-06
5.3900000000e+02		4.1336200337e-06	6.6557796120e-06
5.4000000000e+02		4.1338294361e-06	6.6570211217e-06
5.4100000000e+02		4.1340373827e-06	6.6582604049e-06
5.4200000000e+02		4.1342438833e-06	6.6594974805e-06
5.4300000000e+02		4.1344489488e-06	6.6607323645e-06
5.4400000000e+02		4.1346525894e-06	6.6619650746e-06
5.4500000000e+02		4.1348548155e-06	6.6631956280e-06
5.4600000000e+02		4.1350556376e-06	6.6644240406e-06
5.4700000000e+02		4.1352550650e-06	6.6656503306e-06
5.4800000000e+02		4.1354531080e-06	6.6668745136e-06
5.4900000000e+02		4.1356497767e-06	6.6680966057e-06
5.5000000000e+02		4.1358450805e-06	6.6693166241e-06
5.5100000000e+02		4.1360390291e-06	6.6705345843e-06
5.5200000000e+02		4.1362316330e-06	6.6717505024e-06
5.5300000000e+02		4.1364229009e-06	6.6729643950e-06
5.5400000000e+02		4.1366128426e-06	6.6741762760e-06
5.5500000000e+02		4.1368014673e-06	6.6753861627e-06
5.5600000000e+02		4.1369887843e-06	6.6765940704e-06
5.5700000000e+02		4.1371748036e-06	6.6778000128e-06
5.5800000000e+02		4.1373595332e-06	6.6790040072e-06
5.5900000000e+02		4.1375429830e-06	6.6802060669e-06
5.6000000000e+02		4.1377251618e-06	6.6814062077e-06
5.6100000000e+02		4.1379060781e-06	6.6826044446e-06
5.6200000000e+02		4.1380857418e-06	6.6838007910e-06
5.6300000000e+02		4.1382641607e-06	6.6849952630e-06
5.6400000000e+02		4.1384413434e-06	6.6861878741e-06
5.6500000000e+02		4.1386172992e-06	6.6873786391e-06
5.6600000000e+02		4.1387920368e-06	6.6885675715e-06
5.6700000000e+02		4.1389655643e-06	6.6897546853e-06
5.6800000000e+02		4.1391378895e-06	6.6909399957e-06
5.6900000000e+02		4.1393090216e-06	6.6921235153e-06
5.7000000000e+02		4.1394789692e-06	6.6933052576e-06
5.7100000000e+02		4.1396477397e-06	6.6944852369e-06
5.7200000000e+02		4.1398153413e-06	6.6956634666e-06
5.7300000000e+02		4.1399817825e-06	6.6968399596e-06
5.7400000000e+02		4.1401470712e-06	6.6980147294e-06
5.7500000000e+02		4.1403112154e-06	6.6991877891e-06
5.7600000000e+02		4.1404742225e-06	6.7003591520e-06
5.7700000000e+02		4.1406361008e-06	6.7015288307e-06
5.7800000000e+02		4.1407968581e-06	6.7026968374e-06
5.7900000000e+02		4.1409565017e-06	6.7038631858e-06
5.8000000000e+02		4.1411150397e-06	6.7050278879e-06
5.8100000000e+02		4.1412724794e-06	6.7061909566e-06
5.8200000000e+02		4.1414288283e-06	6.7073524036e-06
5.8300000000e+02		4.1415840940e-06	6.7085122418e-06
5.8400000000e+02		4.1417382836e-06	6.7096704833e-06
5.8500000000e+02		4.1418914047e-06	6.7108271395e-06
5.8600000000e+02		4.1420434644e-06	6.7119822236e-06
5.8700000000e+02		4.1421944700e-06	6.7131357466e-06
5.8800000000e+02		4.1423444285e-06	6.7142877203e-06
5.8900000000e+02		4.1424933475e-06	6.7154381562e-06
5.9000000000e+02		4.1426412338e-06	6.7165870663e-06
5.9100000000e+02		4.1427880941e-06	6.7177344623e-06
5.9200000000e+02		4.1429339354e-06	6.7188803551e-06
5.9300000000e+02		4.1430787647e-06	6.7200247561e-06
5.9400000000e+02		4.1432225888e-06	6.7211676763e-06
5.9500000000e+02		4.1433654148e-06	6.7223091272e-06
5.9600000000e+02		4.1435072487e-06	6.7234491205e-06
5.9700000000e+02		4.1436480979e-06	6.7245876658e-06
5.9800000000e+02		4.1437879689e-06	6.7257247738e-06
5.9900000000e+02		4.1439268675e-06	6.7268604569e-06
6.0000000000e+02		4.1440648011e-06	6.7279947247e-06
6.0100000000e+02		4.1442017757e-06	6.7291275878e-06
6.0200000000e+02		4.1443377975e-06	6.7302590573e-06
6.0300000000e+02		4.1444728738e-06	6.7313891425e-06
6.0400000000e+02		4.1446070104e-06	6.7325178543e-06
6.0500000000e+02		4.1447402129e-06	6.7336452035e-06
6.0600000000e+02		4.1448724882e-06	6.7347712004e-06
6.0700000000e+02		4.1450038428e-06	6.7358958535e-06
6.0800000000e+02		4.1451342819e-06	6.7370191743e-06
6.0900000000e+02		4.1452638125e-06	6.7381411725e-06
6.1000000000e+02		4.1453924402e-06	6.7392618574e-06
6.1100000000e+02		4.1455201703e-06	6.7403812397e-06
6.1200000000e+02		4.1456470101e-06	6.7414993276e-06
6.1300000000e+02		4.1457729649e-06	6.7426161318e-06
6.1400000000e+02		4.1458980400e-06	6.7437316627e-06
6.1500000000e+02		4.1460222419e-06	6.7448459283e-06
6.1600000000e+02		4.1461455764e-06	6.7459589376e-06
6.1700000000e+02		4.1462680485e-06	6.7470707020e-06
6.1800000000e+02		4.1463896644e-06	6.7481812295e-06
6.1900000000e+02		4.1465104302e-06	6.7492905284e-06
6.2000000000e+02		4.1466303509e-06	6.7503986094e-06
6.2100000000e+02		4.1467494316e-06	6.7515054810e-06
6.2200000000e+02		4.1468676784e-06	6.7526111522e-06
6.2300000000e+02		4.1469850971e-06	6.7537156313e-06
6.2400000000e+02		4.1471016927e-06	6.7548189277e-06
6.2500000000e+02		4.1472174705e-06	6.7559210508e-06
6.2600000000e+02		4.1473324362e-06	6.7570220077e-06
6.2700000000e+02		4.1474465946e-06	6.7581218077e-06
6.2800000000e+02		4.1475599517e-06	6.7592204603e-06
6.2900000000e+02		4.1476725121e-06	6.7603179731e-06
6.3000000000e+02		4.1477842809e-06	6.7614143548e-06
6.3100000000e+02		4.1478952642e-06	6.7625096138e-06
6.3200000000e+02		4.1480054664e-06	6.7636037580e-06
6.3300000000e+02		4.1481148921e-06	6.7646967961e-06
6.3400000000e+02		4.1482235476e-06	6.7657887359e-06
6.3500000000e+02		4.1483314373e-06	6.7668795856e-06
6.3600000000e+02		4.1484385659e-06	6.7679693536e-06
6.3700000000e+02		4.1485449386e-06	6.7690580479e-06
6.3800000000e+02		4.1486505603e-06	6.7701456764e-06
6.3900000000e+02		4.1487554360e-06	6.7712322464e-06
6.4000000000e+02		4.1488595704e-06	6.7723177660e-06
6.4100000000e+02		4.1489629683e-06	6.7734022433e-06
6.4200000000e+02		4.1490656345e-06	6.7744856861e-06
6.4300000000e+02		4.1491675736e-06	6.7755681011e-06
6.4400000000e+02		4.1492687907e-06	6.7766494966e-06
6.4500000000e+02		4.1493692900e-06	6.7777298807e-06
6.4600000000e+02		4.1494690762e-06	6.7788092601e-06
6.4700000000e+02		4.1495681547e-06	6.7798876416e-06
6.4800000000e+02		4.1496665294e-06	6.7809650334e-06
6.4900000000e+02		4.1497642047e-06	6.7820414432e-06
6.5000000000e+02		4.1498611850e-06	6.7831168779e-06
6.5100000000e+02		4.1499574751e-06	6.7841913442e-06
6.5200000000e+02		4.1500530798e-06	6.7852648498e-06
6.5300000000e+02		4.1501480030e-06	6.7863374014e-06
6.5400000000e+02		4.1502422493e-06	6.7874090063e-06
6.5500000000e+02		4.1503358233e-06	6.7884796714e-06
6.5600000000e+02		4.1504287287e-06	6.7895494037e-06
6.5700000000e+02		4.1505209699e-06	6.7906182106e-06
6.5800000000e+02		4.1506125521e-06	6.7916860978e-06
6.5900000000e+02		4.1507034785e-06	6.7927530728e-06
6.6000000000e+02		4.1507937533e-06	6.7938191427e-06
6.6100000000e+02		4.1508833819e-06	6.7948843131e-06
6.6200000000e+02		4.1509723675e-06	6.7959485914e-06
6.6300000000e+02		4.1510607137e-06	6.7970119847e-06
6.6400000000e+02		4.1511484255e-06	6.7980744986e-06
6.6500000000e+02		4.1512355072e-06	6.7991361394e-06
6.6600000000e+02		4.1513219623e-06	6.8001969145e-06
6.6700000000e+02		4.1514077948e-06	6.8012568298e-06
6.6800000000e+02		4.1514930087e-06	6.8023158918e-06
6.6900000000e+02		4.1515776082e-06	6.8033741071e-06
6.7000000000e+02		4.1516615968e-06	6.8044314817e-06
6.7100000000e+02		4.1517449791e-06	6.8054880215e-06
6.7200000000e+02		4.1518277590e-06	6.8065437324e-06
6.7300000000e+02		4.1519099395e-06	6.8075986218e-06
6.7400000000e+02		4.1519915251e-06	6.8086526947e-06
6.7500000000e+02		4.1520725199e-06	6.8097059575e-06
6.7600000000e+02		4.1521529267e-06	6.8107584167e-06
6.7700000000e+02		4.1522327498e-06	6.8118100776e-06
6.7800000000e+02		4.1523119935e-06	6.8128609459e-06
6.7900000000e+02		4.1523906607e-06	6.8139110285e-06
6.8000000000e+02		4.1524687554e-06	6.8149603305e-06
6.8100000000e+02		4.1525462815e-06	6.8160088574e-06
6.8200000000e+02		4.1526232424e-06	6.8170566154e-06
6.8300000000e+02		4.1526996414e-06	6.8181036109e-06
6.8400000000e+02		4.1527754826e-06	6.8191498489e-06
6.8500000000e+02		4.1528507699e-06	6.8201953343e-06
6.8600000000e+02		4.1529255060e-06	6.8212400740e-06
6.8700000000e+02		4.1529996949e-06	6.8222840729e-06
6.8800000000e+02		4.1530733401e-06	6.8233273362e-06
6.8900000000e+02		4.1531464446e-06	6.8243698706e-06
6.9000000000e+02		4.1532190129e-06	6.8254116804e-06
6.9100000000e+02		4.1532910482e-06	6.8264527705e-06
6.9200000000e+02		4.1533625528e-06	6.8274931480e-06
6.9300000000e+02		4.1534335312e-06	6.8285328175e-06
6.9400000000e+02		4.1535039868e-06	6.8295717838e-06
6.9500000000e+02		4.1535739220e-06	6.8306100525e-06
6.9600000000e+02		4.1536433414e-06	6.8316476290e-06
6.9700000000e+02		4.1537122476e-06	6.8326845183e-06
6.9800000000e+02		4.1537806435e-06	6.8337207258e-06
6.9900000000e+02		4.1538485337e-06	6.8347562560e-06
7.0000000000e+02		4.1539159206e-06	6.8357911138e-06
7.0100000000e+02		4.1539828071e-06	6.8368253055e-06
7.0200000000e+02		4.1540491967e-06	6.8378588358e-06
7.0300000000e+02		4.1541150933e-06	6.8388917091e-06
7.0400000000e+02		4.1541804993e-06	6.8399239305e-06
7.0500000000e+02		4.1542454181e-06	6.8409555045e-06
7.0600000000e+02		4.1543098532e-06	6.8419864368e-06
7.0700000000e+02		4.1543738066e-06	6.8430167321e-06
7.0800000000e+02		4.1544372826e-06	6.8440463948e-06
7.0900000000e+02		4.1545002845e-06	6.8450754296e-06
7.1000000000e+02		4.1545628139e-06	6.8461038421e-06
7.1100000000e+02		4.1546248749e-06	6.8471316365e-06
7.1200000000e+02		4.1546864709e-06	6.8481588167e-06
7.1300000000e+02		4.1547476038e-06	6.8491853886e-06
7.1400000000e+02		4.1548082776e-06	6.8502113562e-06
7.1500000000e+02		4.1548684943e-06	6.8512367244e-06
7.1600000000e+02		4.1549282576e-06	6.8522614978e-06
7.1700000000e+02		4.1549875709e-06	6.8532856801e-06
7.1800000000e+02		4.1550464362e-06	6.8543092767e-06
7.1900000000e+02		4.1551048565e-06	6.8553322915e-06
7.2000000000e+02		4.1551628351e-06	6.8563547296e-06
7.2100000000e+02		4.1552203746e-06	6.8573765952e-06
7.2200000000e+02		4.1552774780e-06	6.8583978921e-06
7.2300000000e+02		4.1553341483e-06	6.8594186250e-06
7.2400000000e+02		4.1553903883e-06	6.8604387985e-06
7.2500000000e+02		4.1554462006e-06	6.8614584169e-06
7.2600000000e+02		4.1555015883e-06	6.8624774836e-06
7.2700000000e+02		4.1555565536e-06	6.8634960042e-06
7.2800000000e+02		4.1556110996e-06	6.8645139824e-06
7.2900000000e+02		4.1556652297e-06	6.8655314212e-06
7.3000000000e+02		4.1557189455e-06	6.8665483265e-06
7.3100000000e+02		4.1557722505e-06	6.8675647016e-06
7.3200000000e+02		4.1558251473e-06	6.8685805507e-06
7.3300000000e+02		4.1558776387e-06	6.8695958775e-06
7.3400000000e+02		4.1559297271e-06	6.8706106865e-06
7.3500000000e+02		4.1559814146e-06	6.8716249826e-06
7.3600000000e+02		4.1560327049e-06	6.8726387681e-06
7.3700000000e+02		4.1560836005e-06	6.8736520478e-06
7.3800000000e+02		4.1561341037e-06	6.8746648255e-06
7.3900000000e+02		4.1561842168e-06	6.8756771052e-06
7.4000000000e+02		4.1562339432e-06	6.8766888909e-06
7.4100000000e+02		4.1562832852e-06	6.8777001862e-06
7.4200000000e+02		4.1563322445e-06	6.8787109959e-06
7.4300000000e+02		4.1563808249e-06	6.8797213223e-06
7.4400000000e+02		4.1564290286e-06	6.8807311698e-06
7.4500000000e+02		4.1564768575e-06	6.8817405429e-06
7.4600000000e+02		4.1565243146e-06	6.8827494446e-06
7.4700000000e+02		4.1565714024e-06	6.8837578788e-06
7.4800000000e+02		4.1566181237e-06	6.8847658489e-06
7.4900000000e+02		4.1566644802e-06	6.8857733593e-06
7.5000000000e+02		4.1567104750e-06	6.8867804133e-06
7.5100000000e+02		4.1567561103e-06	6.8877870142e-06
7.5200000000e+02		4.1568013886e-06	6.8887931655e-06
7.5300000000e+02		4.1568463123e-06	6.8897988719e-06
7.5400000000e+02		4.1568908836e-06	6.8908041362e-06
7.5500000000e+02		4.1569351051e-06	6.8918089615e-06
7.5600000000e+02		4.1569789795e-06	6.8928133520e-06
7.5700000000e+02		4.1570225084e-06	6.8938173114e-06
7.5800000000e+02		4.1570656950e-06	6.8948208427e-06
7.5900000000e+02		4.1571085414e-06	6.8958239492e-06
7.6000000000e+02		4.1571510494e-06	6.8968266345e-06
7.6100000000e+02		4.1571932223e-06	6.8978289018e-06
7.6200000000e+02		4.1572350612e-06	6.8988307558e-06
7.6300000000e+02		4.1572765689e-06	6.8998321987e-06
7.6400000000e+02		4.1573177486e-06	6.9008332332e-06
7.6500000000e+02		4.1573586015e-06	6.9018338637e-06
7.6600000000e+02		4.1573991300e-06	6.9028340935e-06
7.6700000000e+02		4.1574393368e-06	6.9038339257e-06
7.6800000000e+02		4.1574792241e-06	6.9048333631e-06
7.6900000000e+02		4.1575187936e-06	6.9058324098e-06
7.7000000000e+02		4.1575580477e-06	6.9068310684e-06
7.7100000000e+02		4.1575969892e-06	6.9078293421e-06
7.7200000000e+02		4.1576356195e-06	6.9088272348e-06
7.7300000000e+02		4.1576739413e-06	6.9098247486e-06
7.7400000000e+02		4.1577119568e-06	6.9108218872e-06
7.7500000000e+02		4.1577496680e-06	6.9118186543e-06
7.7600000000e+02		4.1577870768e-06	6.9128150518e-06
7.7700000000e+02		4.1578241857e-06	6.9138110838e-06
7.7800000000e+02		4.1578609971e-06	6.9148067529e-06
7.7900000000e+02		4.1578975128e-06	6.9158020621e-06
7.8000000000e+02		4.1579337344e-06	6.9167970153e-06
7.8100000000e+02		4.1579696648e-06	6.9177916142e-06
7.8200000000e+02		4.1580053059e-06	6.9187858621e-06
7.8300000000e+02		4.1580406595e-06	6.9197797634e-06
7.8400000000e+02		4.1580757281e-06	6.9207733195e-06
7.8500000000e+02		4.1581105137e-06	6.9217665330e-06
7.8600000000e+02		4.1581450180e-06	6.9227594086e-06
7.8700000000e+02		4.1581792436e-06	6.9237519478e-06
7.8800000000e+02		4.1582131920e-06	6.9247441540e-06
7.8900000000e+02		4.1582468652e-06	6.9257360302e-06
7.9000000000e+02		4.1582802657e-06	6.9267275789e-06
7.9100000000e+02		4.1583133952e-06	6.9277188035e-06
7.9200000000e+02		4.1583462563e-06	6.9287097062e-06
7.9300000000e+02		4.1583788501e-06	6.9297002901e-06
7.9400000000e+02		4.1584111786e-06	6.9306905580e-06
7.9500000000e+02		4.1584432447e-06	6.9316805124e-06
7.9600000000e+02		4.1584750501e-06	6.9326701563e-06
7.9700000000e+02		4.1585065960e-06	6.9336594927e-06
7.9800000000e+02		4.1585378848e-06	6.9346485241e-06
7.9900000000e+02		4.1585689184e-06	6.9356372534e-06
8.0000000000e+02		4.1585996992e-06	6.9366256825e-06
8.0100000000e+02		4.1586302288e-06	6.9376138145e-06
8.0200000000e+02		4.1586605088e-06	6.9386016528e-06
8.0300000000e+02		4.1586905415e-06	6.9395891996e-06
8.0400000000e+02		4.1587203283e-06	6.9405764568e-06
8.0500000000e+02		4.1587498717e-06	6.9415634280e-06
8.0600000000e+02		4.1587791737e-06	6.9425501155e-06
8.0700000000e+02		4.1588082358e-06	6.9435365213e-06
8.0800000000e+02		4.1588370594e-06	6.9445226488e-06
8.0900000000e+02		4.1588656470e-06	6.9455085004e-06
8.1000000000e+02		4.1588940004e-06	6.9464940783e-06
8.1100000000e+02		4.1589221215e-06	6.9474793850e-06
8.1200000000e+02		4.1589500119e-06	6.9484644235e-06
8.1300000000e+02		4.1589776734e-06	6.9494491960e-06
8.1400000000e+02		4.1590051083e-06	6.9504337047e-06
8.1500000000e+02		4.1590323178e-06	6.9514179525e-06
8.1600000000e+02		4.1590593038e-06	6.9524019419e-06
8.1700000000e+02		4.1590860683e-06	6.9533856752e-06
8.1800000000e+02		4.1591126135e-06	6.9543691546e-06
8.1900000000e+02		4.1591389406e-06	6.9553523825e-06
8.2000000000e+02		4.1591650509e-06	6.9563353621e-06
8.2100000000e+02		4.1591909471e-06	6.9573180950e-06
8.2200000000e+02		4.1592166313e-06	6.9583005829e-06
8.2300000000e+02		4.1592421043e-06	6.9592828297e-06
8.2400000000e+02		4.1592673673e-06	6.9602648379e-06
8.2500000000e+02		4.1592924236e-06	6.9612466081e-06
8.2600000000e+02		4.1593172747e-06	6.9622281427e-06
8.2700000000e+02		4.1593419208e-06	6.9632094463e-06
8.2800000000e+02		4.1593663652e-06	6.9641905191e-06
8.2900000000e+02		4.1593906094e-06	6.9651713638e-06
8.3000000000e+02		4.1594146543e-06	6.9661519835e-06
8.3100000000e+02		4.1594385024e-06	6.9671323792e-06
8.3200000000e+02		4.1594621550e-06	6.9681125537e-06
8.3300000000e+02		4.1594856136e-06	6.9690925096e-06
8.3400000000e+02		4.1595088803e-06	6.9700722492e-06
8.3500000000e+02		4.1595319569e-06	6.9710517734e-06
8.3600000000e+02		4.1595548447e-06	6.9720310856e-06
8.3700000000e+02		4.1595775453e-06	6.9730101880e-06
8.3800000000e+02		4.1596000606e-06	6.9739890824e-06
8.3900000000e+02		4.1596223923e-06	6.9749677704e-06
8.4000000000e+02		4.1596445416e-06	6.9759462554e-06
8.4100000000e+02		4.1596665106e-06	6.9769245388e-06
8.4200000000e+02		4.1596883009e-06	6.9779026225e-06
8.4300000000e+02		4.1597099138e-06	6.9788805090e-06
8.4400000000e+02		4.1597313511e-06	6.9798582001e-06
8.4500000000e+02		4.1597526148e-06	6.9808356981e-06
8.4600000000e+02		4.1597737060e-06	6.9818130051e-06
8.4700000000e+02		4.1597946261e-06	6.9827901238e-06
8.4800000000e+02		4.1598153773e-06	6.9837670546e-06
8.4900000000e+02		4.1598359608e-06	6.9847438011e-06
8.5000000000e+02		4.1598563781e-06	6.9857203644e-06
8.5100000000e+02		4.1598766311e-06	6.9866967468e-06
8.5200000000e+02		4.1598967214e-06	6.9876729507e-06
8.5300000000e+02		4.1599166506e-06	6.9886489774e-06
8.5400000000e+02		4.1599364197e-06	6.9896248292e-06
8.5500000000e+02		4.1599560305e-06	6.9906005081e-06
8.5600000000e+02		4.1599754848e-06	6.9915760164e-06
8.5700000000e+02		4.1599947844e-06	6.9925513552e-06
8.5800000000e+02		4.1600139301e-06	6.9935265274e-06
8.5900000000e+02		4.1600329236e-06	6.9945015344e-06
8.6000000000e+02		4.1600517670e-06	6.9954763778e-06
8.6100000000e+02		4.1600704613e-06	6.9964510601e-06
8.6200000000e+02		4.1600890081e-06	6.9974255833e-06
8.6300000000e+02		4.1601074091e-06	6.9983999485e-06
8.6400000000e+02		4.1601256654e-06	6.9993741583e-06
8.6500000000e+02		4.1601437791e-06	7.0003482144e-06
8.6600000000e+02		4.1601617512e-06	7.0013221183e-06
8.6700000000e+02		4.1601795831e-06	7.0022958723e-06
8.6800000000e+02		4.1601972769e-06	7.0032694779e-06
8.6900000000e+02		4.1602148337e-06	7.0042429374e-06
8.7000000000e+02		4.1602322545e-06	7.0052162525e-06
8.7100000000e+02		4.1602495415e-06	7.0061894246e-06
8.7200000000e+02		4.1602666965e-06	7.0071624554e-06
8.7300000000e+02		4.1602837200e-06	7.0081353473e-06
8.7400000000e+02		4.1603006138e-06	7.0091081013e-06
8.7500000000e+02		4.1603173793e-06	7.0100807200e-06
8.7600000000e+02		4.1603340180e-06	7.0110532054e-06
8.7700000000e+02		4.1603505318e-06	7.0120255579e-06
8.7800000000e+02		4.1603669212e-06	7.0129977803e-06
8.7900000000e+02		4.1603831883e-06	7.0139698742e-06
8.8000000000e+02		4.1603993347e-06	7.0149418404e-06
8.8100000000e+02		4.1604153614e-06	7.0159136822e-06
8.8200000000e+02		4.1604312698e-06	7.0168854004e-06
8.8300000000e+02		4.1604470616e-06	7.0178569961e-06
8.8400000000e+02		4.1604627377e-06	7.0188284725e-06
8.8500000000e+02		4.1604782999e-06	7.0197998301e-06
8.8600000000e+02		4.1604937499e-06	7.0207710707e-06
8.8700000000e+02		4.1605090887e-06	7.0217421964e-06
8.8800000000e+02		4.1605243176e-06	7.0227132086e-06
8.8900000000e+02		4.1605394382e-06	7.0236841083e-06
8.9000000000e+02		4.1605544519e-06	7.0246548985e-06
8.9100000000e+02		4.1605693596e-06	7.0256255807e-06
8.9200000000e+02		4.1605841632e-06	7.0265961548e-06
8.9300000000e+02		4.1605988644e-06	7.0275666239e-06
8.9400000000e+02		4.1606134639e-06	7.0285369891e-06
8.9500000000e+02		4.1606279631e-06	7.0295072524e-06
8.9600000000e+02		4.1606423635e-06	7.0304774154e-06
8.9700000000e+02		4.1606566666e-06	7.0314474789e-06
8.9800000000e+02		4.1606708739e-06	7.0324174446e-06
8.9900000000e+02		4.1606849862e-06	7.0333873147e-06
9.0000000000e+02		4.1606990048e-06	7.0343570913e-06
9.0100000000e+02		4.1607129319e-06	7.0353267742e-06
9.0200000000e+02		4.1607267682e-06	7.0362963663e-06
9.0300000000e+02		4.1607405152e-06	7.0372658680e-06
9.0400000000e+02		4.1607541738e-06	7.0382352819e-06
9.0500000000e+02		4.1607677456e-06	7.0392046095e-06
9.0600000000e+02		4.1607812329e-06	7.0401738508e-06
9.0700000000e+02		4.1607946354e-06	7.0411430090e-06
9.0800000000e+02		4.1608079549e-06	7.0421120856e-06
9.0900000000e+02		4.1608211935e-06	7.0430810805e-06
9.1000000000e+02		4.1608343519e-06	7.0440499960e-06
9.1100000000e+02		4.1608474311e-06	7.0450188347e-06
9.1200000000e+02		4.1608604329e-06	7.0459875966e-06
9.1300000000e+02		4.1608733582e-06	7.0469562833e-06
9.1400000000e+02		4.1608862089e-06	7.0479248967e-06
9.1500000000e+02		4.1608989861e-06	7.0488934377e-06
9.1600000000e+02		4.1609116903e-06	7.0498619086e-06
9.1700000000e+02		4.1609243241e-06	7.0508303100e-06
9.1800000000e+02		4.1609368874e-06	7.0517986439e-06
9.1900000000e+02		4.1609493817e-06	7.0527669119e-06
9.2000000000e+02		4.1609618099e-06	7.0537351135e-06
9.2100000000e+02		4.1609741717e-06	7.0547032521e-06
9.2200000000e+02		4.1609864680e-06	7.0556713293e-06
9.2300000000e+02		4.1609987016e-06	7.0566393446e-06
9.2400000000e+02		4.1610108728e-06	7.0576073005e-06
9.2500000000e+02		4.1610229823e-06	7.0585751990e-06
9.2600000000e+02		4.1610350325e-06	7.0595430406e-06
9.2700000000e+02		4.1610470242e-06	7.0605108267e-06
9.2800000000e+02		4.1610589590e-06	7.0614785581e-06
9.2900000000e+02		4.1610708374e-06	7.0624462372e-06
9.3000000000e+02		4.1610826608e-06	7.0634138656e-06
9.3100000000e+02		4.1610944308e-06	7.0643814430e-06
9.3200000000e+02		4.1611061487e-06	7.0653489720e-06
9.3300000000e+02		4.1611178151e-06	7.0663164536e-06
9.3400000000e+02		4.1611294318e-06	7.0672838885e-06
9.3500000000e+02		4.1611410000e-06	7.0682512790e-06
9.3600000000e+02		4.1611525207e-06	7.0692186259e-06
9.3700000000e+02		4.1611639950e-06	7.0701859303e-06
9.3800000000e+02		4.1611754241e-06	7.0711531942e-06
9.3900000000e+02		4.1611868098e-06	7.0721204177e-06
9.4000000000e+02		4.1611981527e-06	7.0730876028e-06
9.4100000000e+02		4.1612094539e-06	7.0740547515e-06
9.4200000000e+02		4.1612207154e-06	7.0750218631e-06
9.4300000000e+02		4.1612319381e-06	7.0759889398e-06
9.4400000000e+02		4.1612431224e-06	7.0769559838e-06
9.4500000000e+02		4.1612542699e-06	7.0779229958e-06
9.4600000000e+02		4.1612653824e-06	7.0788899758e-06
9.4700000000e+02		4.1612764610e-06	7.0798569261e-06
9.4800000000e+02		4.1612875057e-06	7.0808238487e-06
9.4900000000e+02		4.1612985189e-06	7.0817907427e-06
9.5000000000e+02		4.1613095018e-06	7.0827576104e-06
9.5100000000e+02		4.1613204541e-06	7.0837244545e-06
9.5200000000e+02		4.1613313789e-06	7.0846912737e-06
9.5300000000e+02		4.1613422767e-06	7.0856580696e-06
9.5400000000e+02		4.1613531477e-06	7.0866248449e-06
9.5500000000e+02		4.1613639943e-06	7.0875916002e-06
9.5600000000e+02		4.1613748169e-06	7.0885583360e-06
9.5700000000e+02		4.1613856168e-06	7.0895250537e-06
9.5800000000e+02		4.1613963962e-06	7.0904917539e-06
9.5900000000e+02		4.1614071547e-06	7.0914584389e-06
9.6000000000e+02		4.1614178940e-06	7.0924251097e-06
9.6100000000e+02		4.1614286158e-06	7.0933917665e-06
9.6200000000e+02		4.1614393203e-06	7.0943584114e-06
9.6300000000e+02		4.1614500093e-06	7.0953250449e-06
9.6400000000e+02		4.1614606841e-06	7.0962916687e-06
9.6500000000e+02		4.1614713452e-06	7.0972582831e-06
9.6600000000e+02		4.1614819943e-06	7.0982248891e-06
9.6700000000e+02		4.1614926319e-06	7.0991914894e-06
9.6800000000e+02		4.1615032597e-06	7.1001580836e-06
9.6900000000e+02		4.1615138786e-06	7.1011246735e-06
9.7000000000e+02		4.1615244898e-06	7.1020912598e-06
9.7100000000e+02		4.1615350946e-06	7.1030578433e-06
9.7200000000e+02		4.1615456937e-06	7.1040244258e-06
9.7300000000e+02		4.1615562887e-06	7.1049910075e-06
9.7400000000e+02		4.1615668803e-06	7.1059575906e-06
9.7500000000e+02		4.1615774693e-06	7.1069241759e-06
9.7600000000e+02		4.1615880578e-06	7.1078907635e-06
9.7700000000e+02		4.1615986461e-06	7.1088573552e-06
9.7800000000e+02		4.1616092357e-06	7.1098239518e-06
9.7900000000e+02		4.1616198277e-06	7.1107905545e-06
9.8000000000e+02		4.1616304230e-06	7.1117571643e-06
9.8100000000e+02		4.1616410227e-06	7.1127237820e-06
9.8200000000e+02		4.1616516281e-06	7.1136904091e-06
9.8300000000e+02		4.1616622404e-06	7.1146570458e-06
9.8400000000e+02		4.1616728598e-06	7.1156236941e-06
9.8500000000e+02		4.1616834885e-06	7.1165903548e-06
9.8600000000e+02		4.1616941275e-06	7.1175570279e-06
9.8700000000e+02		4.1617047770e-06	7.1185237155e-06
9.8800000000e+02		4.1617154387e-06	7.1194904183e-06
9.8900000000e+02		4.1617261139e-06	7.1204571371e-06
9.9000000000e+02		4.1617368032e-06	7.1214238729e-06
9.9100000000e+02		4.1617475075e-06	7.1223906272e-06
9.9200000000e+02		4.1617582286e-06	7.1233574002e-06
9.9300000000e+02		4.1617689673e-06	7.1243241930e-06
9.9400000000e+02		4.1617797247e-06	7.1252910069e-06
9.9500000000e+02		4.1617905018e-06	7.1262578428e-06
9.9600000000e+02		4.1618012990e-06	7.1272247018e-06
9.9700000000e+02		4.1618121184e-06	7.1281915841e-06
9.9800000000e+02		4.1618229604e-06	7.1291584917e-06
9.9900000000e+02		4.1618197265e-06	7.1296165330e-06
