# T (K)		a		c
1.0000000000e+00	5.1382569893e+00	8.1266757768e+00	
2.0000000000e+00	5.1382569894e+00	8.1266757769e+00	
3.0000000000e+00	5.1382569898e+00	8.1266757772e+00	
4.0000000000e+00	5.1382569905e+00	8.1266757781e+00	
5.0000000000e+00	5.1382569920e+00	8.1266757797e+00	
6.0000000000e+00	5.1382569946e+00	8.1266757827e+00	
7.0000000000e+00	5.1382569988e+00	8.1266757876e+00	
8.0000000000e+00	5.1382570052e+00	8.1266757951e+00	
9.0000000000e+00	5.1382570145e+00	8.1266758063e+00	
1.0000000000e+01	5.1382570274e+00	8.1266758222e+00	
1.1000000000e+01	5.1382570448e+00	8.1266758445e+00	
1.2000000000e+01	5.1382570679e+00	8.1266758754e+00	
1.3000000000e+01	5.1382570978e+00	8.1266759177e+00	
1.4000000000e+01	5.1382571362e+00	8.1266759751e+00	
1.5000000000e+01	5.1382571852e+00	8.1266760526e+00	
1.6000000000e+01	5.1382572474e+00	8.1266761563e+00	
1.7000000000e+01	5.1382573258e+00	8.1266762939e+00	
1.8000000000e+01	5.1382574245e+00	8.1266764746e+00	
1.9000000000e+01	5.1382575482e+00	8.1266767092e+00	
2.0000000000e+01	5.1382577022e+00	8.1266770101e+00	
2.1000000000e+01	5.1382578929e+00	8.1266773915e+00	
2.2000000000e+01	5.1382581272e+00	8.1266778687e+00	
2.3000000000e+01	5.1382584129e+00	8.1266784585e+00	
2.4000000000e+01	5.1382587581e+00	8.1266791790e+00	
2.5000000000e+01	5.1382591718e+00	8.1266800492e+00	
2.6000000000e+01	5.1382596629e+00	8.1266810888e+00	
2.7000000000e+01	5.1382602410e+00	8.1266823182e+00	
2.8000000000e+01	5.1382609157e+00	8.1266837582e+00	
2.9000000000e+01	5.1382616967e+00	8.1266854297e+00	
3.0000000000e+01	5.1382625937e+00	8.1266873536e+00	
3.1000000000e+01	5.1382636161e+00	8.1266895508e+00	
3.2000000000e+01	5.1382647735e+00	8.1266920415e+00	
3.3000000000e+01	5.1382660748e+00	8.1266948458e+00	
3.4000000000e+01	5.1382675288e+00	8.1266979828e+00	
3.5000000000e+01	5.1382691438e+00	8.1267014712e+00	
3.6000000000e+01	5.1382709278e+00	8.1267053287e+00	
3.7000000000e+01	5.1382728880e+00	8.1267095721e+00	
3.8000000000e+01	5.1382750316e+00	8.1267142174e+00	
3.9000000000e+01	5.1382773650e+00	8.1267192792e+00	
4.0000000000e+01	5.1382798939e+00	8.1267247716e+00	
4.1000000000e+01	5.1382826239e+00	8.1267307073e+00	
4.2000000000e+01	5.1382855597e+00	8.1267370979e+00	
4.3000000000e+01	5.1382887057e+00	8.1267439542e+00	
4.4000000000e+01	5.1382920658e+00	8.1267512857e+00	
4.5000000000e+01	5.1382956432e+00	8.1267591011e+00	
4.6000000000e+01	5.1382994407e+00	8.1267674078e+00	
4.7000000000e+01	5.1383034609e+00	8.1267762125e+00	
4.8000000000e+01	5.1383077055e+00	8.1267855208e+00	
4.9000000000e+01	5.1383121761e+00	8.1267953375e+00	
5.0000000000e+01	5.1383168739e+00	8.1268056664e+00	
5.1000000000e+01	5.1383217995e+00	8.1268165105e+00	
5.2000000000e+01	5.1383269534e+00	8.1268278720e+00	
5.3000000000e+01	5.1383323356e+00	8.1268397526e+00	
5.4000000000e+01	5.1383379459e+00	8.1268521529e+00	
5.5000000000e+01	5.1383437836e+00	8.1268650731e+00	
5.6000000000e+01	5.1383498480e+00	8.1268785127e+00	
5.7000000000e+01	5.1383561381e+00	8.1268924707e+00	
5.8000000000e+01	5.1383626525e+00	8.1269069454e+00	
5.9000000000e+01	5.1383693898e+00	8.1269219349e+00	
6.0000000000e+01	5.1383763483e+00	8.1269374364e+00	
6.1000000000e+01	5.1383835261e+00	8.1269534471e+00	
6.2000000000e+01	5.1383909212e+00	8.1269699636e+00	
6.3000000000e+01	5.1383985315e+00	8.1269869822e+00	
6.4000000000e+01	5.1384063548e+00	8.1270044989e+00	
6.5000000000e+01	5.1384143886e+00	8.1270225093e+00	
6.6000000000e+01	5.1384226306e+00	8.1270410088e+00	
6.7000000000e+01	5.1384310781e+00	8.1270599926e+00	
6.8000000000e+01	5.1384397285e+00	8.1270794557e+00	
6.9000000000e+01	5.1384485791e+00	8.1270993928e+00	
7.0000000000e+01	5.1384576273e+00	8.1271197986e+00	
7.1000000000e+01	5.1384668702e+00	8.1271406676e+00	
7.2000000000e+01	5.1384763050e+00	8.1271619940e+00	
7.3000000000e+01	5.1384859288e+00	8.1271837721e+00	
7.4000000000e+01	5.1384957388e+00	8.1272059961e+00	
7.5000000000e+01	5.1385057322e+00	8.1272286600e+00	
7.6000000000e+01	5.1385159060e+00	8.1272517579e+00	
7.7000000000e+01	5.1385262573e+00	8.1272752838e+00	
7.8000000000e+01	5.1385367834e+00	8.1272992315e+00	
7.9000000000e+01	5.1385474812e+00	8.1273235950e+00	
8.0000000000e+01	5.1385583479e+00	8.1273483683e+00	
8.1000000000e+01	5.1385693807e+00	8.1273735452e+00	
8.2000000000e+01	5.1385805768e+00	8.1273991196e+00	
8.3000000000e+01	5.1385919333e+00	8.1274250856e+00	
8.4000000000e+01	5.1386034475e+00	8.1274514370e+00	
8.5000000000e+01	5.1386151166e+00	8.1274781679e+00	
8.6000000000e+01	5.1386269378e+00	8.1275052722e+00	
8.7000000000e+01	5.1386389086e+00	8.1275327442e+00	
8.8000000000e+01	5.1386510261e+00	8.1275605778e+00	
8.9000000000e+01	5.1386632878e+00	8.1275887673e+00	
9.0000000000e+01	5.1386756912e+00	8.1276173069e+00	
9.1000000000e+01	5.1386882335e+00	8.1276461910e+00	
9.2000000000e+01	5.1387009124e+00	8.1276754138e+00	
9.3000000000e+01	5.1387137253e+00	8.1277049698e+00	
9.4000000000e+01	5.1387266698e+00	8.1277348534e+00	
9.5000000000e+01	5.1387397435e+00	8.1277650593e+00	
9.6000000000e+01	5.1387529440e+00	8.1277955821e+00	
9.7000000000e+01	5.1387662689e+00	8.1278264165e+00	
9.8000000000e+01	5.1387797161e+00	8.1278575573e+00	
9.9000000000e+01	5.1387932832e+00	8.1278889993e+00	
1.0000000000e+02	5.1388069681e+00	8.1279207374e+00	
1.0100000000e+02	5.1388207685e+00	8.1279527668e+00	
1.0200000000e+02	5.1388346823e+00	8.1279850824e+00	
1.0300000000e+02	5.1388487075e+00	8.1280176795e+00	
1.0400000000e+02	5.1388628421e+00	8.1280505534e+00	
1.0500000000e+02	5.1388770839e+00	8.1280836992e+00	
1.0600000000e+02	5.1388914310e+00	8.1281171125e+00	
1.0700000000e+02	5.1389058815e+00	8.1281507887e+00	
1.0800000000e+02	5.1389204334e+00	8.1281847235e+00	
1.0900000000e+02	5.1389350850e+00	8.1282189123e+00	
1.1000000000e+02	5.1389498344e+00	8.1282533510e+00	
1.1100000000e+02	5.1389646798e+00	8.1282880354e+00	
1.1200000000e+02	5.1389796194e+00	8.1283229613e+00	
1.1300000000e+02	5.1389946516e+00	8.1283581246e+00	
1.1400000000e+02	5.1390097746e+00	8.1283935214e+00	
1.1500000000e+02	5.1390249868e+00	8.1284291478e+00	
1.1600000000e+02	5.1390402865e+00	8.1284649999e+00	
1.1700000000e+02	5.1390556723e+00	8.1285010740e+00	
1.1800000000e+02	5.1390711425e+00	8.1285373663e+00	
1.1900000000e+02	5.1390866957e+00	8.1285738733e+00	
1.2000000000e+02	5.1391023302e+00	8.1286105913e+00	
1.2100000000e+02	5.1391180448e+00	8.1286475170e+00	
1.2200000000e+02	5.1391338379e+00	8.1286846468e+00	
1.2300000000e+02	5.1391497081e+00	8.1287219774e+00	
1.2400000000e+02	5.1391656542e+00	8.1287595055e+00	
1.2500000000e+02	5.1391816746e+00	8.1287972279e+00	
1.2600000000e+02	5.1391977682e+00	8.1288351414e+00	
1.2700000000e+02	5.1392139336e+00	8.1288732429e+00	
1.2800000000e+02	5.1392301696e+00	8.1289115293e+00	
1.2900000000e+02	5.1392464749e+00	8.1289499977e+00	
1.3000000000e+02	5.1392628483e+00	8.1289886451e+00	
1.3100000000e+02	5.1392792887e+00	8.1290274686e+00	
1.3200000000e+02	5.1392957948e+00	8.1290664655e+00	
1.3300000000e+02	5.1393123656e+00	8.1291056329e+00	
1.3400000000e+02	5.1393290000e+00	8.1291449681e+00	
1.3500000000e+02	5.1393456967e+00	8.1291844685e+00	
1.3600000000e+02	5.1393624549e+00	8.1292241315e+00	
1.3700000000e+02	5.1393792734e+00	8.1292639545e+00	
1.3800000000e+02	5.1393961511e+00	8.1293039350e+00	
1.3900000000e+02	5.1394130872e+00	8.1293440706e+00	
1.4000000000e+02	5.1394300806e+00	8.1293843588e+00	
1.4100000000e+02	5.1394471304e+00	8.1294247972e+00	
1.4200000000e+02	5.1394642355e+00	8.1294653835e+00	
1.4300000000e+02	5.1394813952e+00	8.1295061156e+00	
1.4400000000e+02	5.1394986084e+00	8.1295469910e+00	
1.4500000000e+02	5.1395158743e+00	8.1295880077e+00	
1.4600000000e+02	5.1395331920e+00	8.1296291635e+00	
1.4700000000e+02	5.1395505607e+00	8.1296704563e+00	
1.4800000000e+02	5.1395679796e+00	8.1297118840e+00	
1.4900000000e+02	5.1395854477e+00	8.1297534446e+00	
1.5000000000e+02	5.1396029644e+00	8.1297951361e+00	
1.5100000000e+02	5.1396205288e+00	8.1298369566e+00	
1.5200000000e+02	5.1396381402e+00	8.1298789041e+00	
1.5300000000e+02	5.1396557978e+00	8.1299209768e+00	
1.5400000000e+02	5.1396735008e+00	8.1299631728e+00	
1.5500000000e+02	5.1396912486e+00	8.1300054904e+00	
1.5600000000e+02	5.1397090404e+00	8.1300479277e+00	
1.5700000000e+02	5.1397268756e+00	8.1300904830e+00	
1.5800000000e+02	5.1397447534e+00	8.1301331546e+00	
1.5900000000e+02	5.1397626731e+00	8.1301759409e+00	
1.6000000000e+02	5.1397806342e+00	8.1302188402e+00	
1.6100000000e+02	5.1397986360e+00	8.1302618508e+00	
1.6200000000e+02	5.1398166779e+00	8.1303049713e+00	
1.6300000000e+02	5.1398347591e+00	8.1303482000e+00	
1.6400000000e+02	5.1398528792e+00	8.1303915354e+00	
1.6500000000e+02	5.1398710375e+00	8.1304349761e+00	
1.6600000000e+02	5.1398892335e+00	8.1304785206e+00	
1.6700000000e+02	5.1399074665e+00	8.1305221673e+00	
1.6800000000e+02	5.1399257360e+00	8.1305659150e+00	
1.6900000000e+02	5.1399440415e+00	8.1306097623e+00	
1.7000000000e+02	5.1399623824e+00	8.1306537077e+00	
1.7100000000e+02	5.1399807582e+00	8.1306977499e+00	
1.7200000000e+02	5.1399991684e+00	8.1307418876e+00	
1.7300000000e+02	5.1400176124e+00	8.1307861196e+00	
1.7400000000e+02	5.1400360897e+00	8.1308304445e+00	
1.7500000000e+02	5.1400545999e+00	8.1308748612e+00	
1.7600000000e+02	5.1400731425e+00	8.1309193684e+00	
1.7700000000e+02	5.1400917170e+00	8.1309639648e+00	
1.7800000000e+02	5.1401103229e+00	8.1310086494e+00	
1.7900000000e+02	5.1401289598e+00	8.1310534210e+00	
1.8000000000e+02	5.1401476272e+00	8.1310982783e+00	
1.8100000000e+02	5.1401663247e+00	8.1311432204e+00	
1.8200000000e+02	5.1401850519e+00	8.1311882462e+00	
1.8300000000e+02	5.1402038083e+00	8.1312333545e+00	
1.8400000000e+02	5.1402225935e+00	8.1312785442e+00	
1.8500000000e+02	5.1402414072e+00	8.1313238144e+00	
1.8600000000e+02	5.1402602488e+00	8.1313691641e+00	
1.8700000000e+02	5.1402791180e+00	8.1314145922e+00	
1.8800000000e+02	5.1402980145e+00	8.1314600977e+00	
1.8900000000e+02	5.1403169378e+00	8.1315056797e+00	
1.9000000000e+02	5.1403358876e+00	8.1315513372e+00	
1.9100000000e+02	5.1403548635e+00	8.1315970693e+00	
1.9200000000e+02	5.1403738651e+00	8.1316428751e+00	
1.9300000000e+02	5.1403928921e+00	8.1316887536e+00	
1.9400000000e+02	5.1404119442e+00	8.1317347040e+00	
1.9500000000e+02	5.1404310209e+00	8.1317807254e+00	
1.9600000000e+02	5.1404501220e+00	8.1318268170e+00	
1.9700000000e+02	5.1404692471e+00	8.1318729779e+00	
1.9800000000e+02	5.1404883960e+00	8.1319192072e+00	
1.9900000000e+02	5.1405075682e+00	8.1319655043e+00	
2.0000000000e+02	5.1405267635e+00	8.1320118681e+00	
2.0100000000e+02	5.1405459815e+00	8.1320582981e+00	
2.0200000000e+02	5.1405652220e+00	8.1321047933e+00	
2.0300000000e+02	5.1405844847e+00	8.1321513531e+00	
2.0400000000e+02	5.1406037692e+00	8.1321979766e+00	
2.0500000000e+02	5.1406230753e+00	8.1322446632e+00	
2.0600000000e+02	5.1406424027e+00	8.1322914121e+00	
2.0700000000e+02	5.1406617512e+00	8.1323382227e+00	
2.0800000000e+02	5.1406811204e+00	8.1323850941e+00	
2.0900000000e+02	5.1407005100e+00	8.1324320258e+00	
2.1000000000e+02	5.1407199199e+00	8.1324790170e+00	
2.1100000000e+02	5.1407393497e+00	8.1325260670e+00	
2.1200000000e+02	5.1407587992e+00	8.1325731753e+00	
2.1300000000e+02	5.1407782682e+00	8.1326203412e+00	
2.1400000000e+02	5.1407977563e+00	8.1326675639e+00	
2.1500000000e+02	5.1408172634e+00	8.1327148430e+00	
2.1600000000e+02	5.1408367892e+00	8.1327621778e+00	
2.1700000000e+02	5.1408563335e+00	8.1328095677e+00	
2.1800000000e+02	5.1408758961e+00	8.1328570120e+00	
2.1900000000e+02	5.1408954766e+00	8.1329045103e+00	
2.2000000000e+02	5.1409150750e+00	8.1329520618e+00	
2.2100000000e+02	5.1409346909e+00	8.1329996662e+00	
2.2200000000e+02	5.1409543241e+00	8.1330473227e+00	
2.2300000000e+02	5.1409739745e+00	8.1330950308e+00	
2.2400000000e+02	5.1409936419e+00	8.1331427901e+00	
2.2500000000e+02	5.1410133259e+00	8.1331905999e+00	
2.2600000000e+02	5.1410330265e+00	8.1332384598e+00	
2.2700000000e+02	5.1410527434e+00	8.1332863692e+00	
2.2800000000e+02	5.1410724763e+00	8.1333343276e+00	
2.2900000000e+02	5.1410922253e+00	8.1333823345e+00	
2.3000000000e+02	5.1411119899e+00	8.1334303895e+00	
2.3100000000e+02	5.1411317701e+00	8.1334784919e+00	
2.3200000000e+02	5.1411515656e+00	8.1335266415e+00	
2.3300000000e+02	5.1411713764e+00	8.1335748376e+00	
2.3400000000e+02	5.1411912021e+00	8.1336230798e+00	
2.3500000000e+02	5.1412110426e+00	8.1336713676e+00	
2.3600000000e+02	5.1412308978e+00	8.1337197007e+00	
2.3700000000e+02	5.1412507674e+00	8.1337680785e+00	
2.3800000000e+02	5.1412706513e+00	8.1338165007e+00	
2.3900000000e+02	5.1412905494e+00	8.1338649668e+00	
2.4000000000e+02	5.1413104614e+00	8.1339134763e+00	
2.4100000000e+02	5.1413303873e+00	8.1339620288e+00	
2.4200000000e+02	5.1413503268e+00	8.1340106240e+00	
2.4300000000e+02	5.1413702797e+00	8.1340592615e+00	
2.4400000000e+02	5.1413902460e+00	8.1341079407e+00	
2.4500000000e+02	5.1414102255e+00	8.1341566614e+00	
2.4600000000e+02	5.1414302180e+00	8.1342054232e+00	
2.4700000000e+02	5.1414502234e+00	8.1342542256e+00	
2.4800000000e+02	5.1414702416e+00	8.1343030682e+00	
2.4900000000e+02	5.1414902723e+00	8.1343519508e+00	
2.5000000000e+02	5.1415103155e+00	8.1344008730e+00	
2.5100000000e+02	5.1415303710e+00	8.1344498343e+00	
2.5200000000e+02	5.1415504386e+00	8.1344988345e+00	
2.5300000000e+02	5.1415705183e+00	8.1345478731e+00	
2.5400000000e+02	5.1415906099e+00	8.1345969499e+00	
2.5500000000e+02	5.1416107133e+00	8.1346460644e+00	
2.5600000000e+02	5.1416308283e+00	8.1346952164e+00	
2.5700000000e+02	5.1416509549e+00	8.1347444055e+00	
2.5800000000e+02	5.1416710928e+00	8.1347936315e+00	
2.5900000000e+02	5.1416912420e+00	8.1348428938e+00	
2.6000000000e+02	5.1417114023e+00	8.1348921924e+00	
2.6100000000e+02	5.1417315736e+00	8.1349415267e+00	
2.6200000000e+02	5.1417517558e+00	8.1349908966e+00	
2.6300000000e+02	5.1417719489e+00	8.1350403018e+00	
2.6400000000e+02	5.1417921525e+00	8.1350897418e+00	
2.6500000000e+02	5.1418123668e+00	8.1351392165e+00	
2.6600000000e+02	5.1418325914e+00	8.1351887255e+00	
2.6700000000e+02	5.1418528264e+00	8.1352382685e+00	
2.6800000000e+02	5.1418730717e+00	8.1352878453e+00	
2.6900000000e+02	5.1418933270e+00	8.1353374556e+00	
2.7000000000e+02	5.1419135923e+00	8.1353870991e+00	
2.7100000000e+02	5.1419338675e+00	8.1354367755e+00	
2.7200000000e+02	5.1419541525e+00	8.1354864845e+00	
2.7300000000e+02	5.1419744472e+00	8.1355362260e+00	
2.7400000000e+02	5.1419947515e+00	8.1355859996e+00	
2.7500000000e+02	5.1420150653e+00	8.1356358050e+00	
2.7600000000e+02	5.1420353885e+00	8.1356856421e+00	
2.7700000000e+02	5.1420557209e+00	8.1357355105e+00	
2.7800000000e+02	5.1420760626e+00	8.1357854101e+00	
2.7900000000e+02	5.1420964133e+00	8.1358353405e+00	
2.8000000000e+02	5.1421167731e+00	8.1358853015e+00	
2.8100000000e+02	5.1421371418e+00	8.1359352929e+00	
2.8200000000e+02	5.1421575193e+00	8.1359853145e+00	
2.8300000000e+02	5.1421779055e+00	8.1360353660e+00	
2.8400000000e+02	5.1421983004e+00	8.1360854472e+00	
2.8500000000e+02	5.1422187038e+00	8.1361355578e+00	
2.8600000000e+02	5.1422391158e+00	8.1361856977e+00	
2.8700000000e+02	5.1422595361e+00	8.1362358666e+00	
2.8800000000e+02	5.1422799647e+00	8.1362860642e+00	
2.8900000000e+02	5.1423004015e+00	8.1363362905e+00	
2.9000000000e+02	5.1423208465e+00	8.1363865451e+00	
2.9100000000e+02	5.1423412995e+00	8.1364368279e+00	
2.9200000000e+02	5.1423617605e+00	8.1364871386e+00	
2.9300000000e+02	5.1423822294e+00	8.1365374771e+00	
2.9400000000e+02	5.1424027061e+00	8.1365878432e+00	
2.9500000000e+02	5.1424231906e+00	8.1366382365e+00	
2.9600000000e+02	5.1424436827e+00	8.1366886570e+00	
2.9700000000e+02	5.1424641825e+00	8.1367391045e+00	
2.9800000000e+02	5.1424846897e+00	8.1367895787e+00	
2.9900000000e+02	5.1425052044e+00	8.1368400795e+00	
3.0000000000e+02	5.1425257265e+00	8.1368906067e+00	
3.0100000000e+02	5.1425462559e+00	8.1369411601e+00	
3.0200000000e+02	5.1425667925e+00	8.1369917395e+00	
3.0300000000e+02	5.1425873362e+00	8.1370423447e+00	
3.0400000000e+02	5.1426078871e+00	8.1370929756e+00	
3.0500000000e+02	5.1426284450e+00	8.1371436320e+00	
3.0600000000e+02	5.1426490098e+00	8.1371943136e+00	
3.0700000000e+02	5.1426695816e+00	8.1372450205e+00	
3.0800000000e+02	5.1426901602e+00	8.1372957522e+00	
3.0900000000e+02	5.1427107455e+00	8.1373465088e+00	
3.1000000000e+02	5.1427313375e+00	8.1373972900e+00	
3.1100000000e+02	5.1427519362e+00	8.1374480957e+00	
3.1200000000e+02	5.1427725414e+00	8.1374989256e+00	
3.1300000000e+02	5.1427931532e+00	8.1375497797e+00	
3.1400000000e+02	5.1428137714e+00	8.1376006579e+00	
3.1500000000e+02	5.1428343960e+00	8.1376515598e+00	
3.1600000000e+02	5.1428550269e+00	8.1377024854e+00	
3.1700000000e+02	5.1428756641e+00	8.1377534346e+00	
3.1800000000e+02	5.1428963075e+00	8.1378044071e+00	
3.1900000000e+02	5.1429169571e+00	8.1378554028e+00	
3.2000000000e+02	5.1429376128e+00	8.1379064216e+00	
3.2100000000e+02	5.1429582745e+00	8.1379574634e+00	
3.2200000000e+02	5.1429789422e+00	8.1380085280e+00	
3.2300000000e+02	5.1429996159e+00	8.1380596152e+00	
3.2400000000e+02	5.1430202954e+00	8.1381107249e+00	
3.2500000000e+02	5.1430409808e+00	8.1381618569e+00	
3.2600000000e+02	5.1430616719e+00	8.1382130113e+00	
3.2700000000e+02	5.1430823687e+00	8.1382641877e+00	
3.2800000000e+02	5.1431030713e+00	8.1383153861e+00	
3.2900000000e+02	5.1431237794e+00	8.1383666063e+00	
3.3000000000e+02	5.1431444931e+00	8.1384178482e+00	
3.3100000000e+02	5.1431652124e+00	8.1384691117e+00	
3.3200000000e+02	5.1431859371e+00	8.1385203966e+00	
3.3300000000e+02	5.1432066672e+00	8.1385717029e+00	
3.3400000000e+02	5.1432274027e+00	8.1386230303e+00	
3.3500000000e+02	5.1432481436e+00	8.1386743788e+00	
3.3600000000e+02	5.1432688897e+00	8.1387257483e+00	
3.3700000000e+02	5.1432896410e+00	8.1387771386e+00	
3.3800000000e+02	5.1433103975e+00	8.1388285496e+00	
3.3900000000e+02	5.1433311592e+00	8.1388799812e+00	
3.4000000000e+02	5.1433519260e+00	8.1389314332e+00	
3.4100000000e+02	5.1433726978e+00	8.1389829057e+00	
3.4200000000e+02	5.1433934746e+00	8.1390343984e+00	
3.4300000000e+02	5.1434142564e+00	8.1390859112e+00	
3.4400000000e+02	5.1434350431e+00	8.1391374440e+00	
3.4500000000e+02	5.1434558347e+00	8.1391889967e+00	
3.4600000000e+02	5.1434766312e+00	8.1392405693e+00	
3.4700000000e+02	5.1434974324e+00	8.1392921615e+00	
3.4800000000e+02	5.1435182384e+00	8.1393437733e+00	
3.4900000000e+02	5.1435390491e+00	8.1393954046e+00	
3.5000000000e+02	5.1435598644e+00	8.1394470553e+00	
3.5100000000e+02	5.1435806844e+00	8.1394987253e+00	
3.5200000000e+02	5.1436015090e+00	8.1395504144e+00	
3.5300000000e+02	5.1436223382e+00	8.1396021226e+00	
3.5400000000e+02	5.1436431718e+00	8.1396538498e+00	
3.5500000000e+02	5.1436640100e+00	8.1397055958e+00	
3.5600000000e+02	5.1436848525e+00	8.1397573606e+00	
3.5700000000e+02	5.1437056995e+00	8.1398091441e+00	
3.5800000000e+02	5.1437265509e+00	8.1398609462e+00	
3.5900000000e+02	5.1437474065e+00	8.1399127668e+00	
3.6000000000e+02	5.1437682665e+00	8.1399646058e+00	
3.6100000000e+02	5.1437891307e+00	8.1400164630e+00	
3.6200000000e+02	5.1438099992e+00	8.1400683385e+00	
3.6300000000e+02	5.1438308718e+00	8.1401202321e+00	
3.6400000000e+02	5.1438517486e+00	8.1401721438e+00	
3.6500000000e+02	5.1438726295e+00	8.1402240733e+00	
3.6600000000e+02	5.1438935145e+00	8.1402760208e+00	
3.6700000000e+02	5.1439144035e+00	8.1403279860e+00	
3.6800000000e+02	5.1439352966e+00	8.1403799688e+00	
3.6900000000e+02	5.1439561936e+00	8.1404319693e+00	
3.7000000000e+02	5.1439770946e+00	8.1404839873e+00	
3.7100000000e+02	5.1439979995e+00	8.1405360227e+00	
3.7200000000e+02	5.1440189083e+00	8.1405880755e+00	
3.7300000000e+02	5.1440398209e+00	8.1406401455e+00	
3.7400000000e+02	5.1440607374e+00	8.1406922327e+00	
3.7500000000e+02	5.1440816576e+00	8.1407443371e+00	
3.7600000000e+02	5.1441025817e+00	8.1407964584e+00	
3.7700000000e+02	5.1441235094e+00	8.1408485967e+00	
3.7800000000e+02	5.1441444409e+00	8.1409007519e+00	
3.7900000000e+02	5.1441653760e+00	8.1409529239e+00	
3.8000000000e+02	5.1441863148e+00	8.1410051125e+00	
3.8100000000e+02	5.1442072571e+00	8.1410573179e+00	
3.8200000000e+02	5.1442282031e+00	8.1411095398e+00	
3.8300000000e+02	5.1442491526e+00	8.1411617782e+00	
3.8400000000e+02	5.1442701057e+00	8.1412140330e+00	
3.8500000000e+02	5.1442910622e+00	8.1412663041e+00	
3.8600000000e+02	5.1443120222e+00	8.1413185916e+00	
3.8700000000e+02	5.1443329857e+00	8.1413708952e+00	
3.8800000000e+02	5.1443539526e+00	8.1414232150e+00	
3.8900000000e+02	5.1443749229e+00	8.1414755509e+00	
3.9000000000e+02	5.1443958965e+00	8.1415279027e+00	
3.9100000000e+02	5.1444168735e+00	8.1415802705e+00	
3.9200000000e+02	5.1444378537e+00	8.1416326542e+00	
3.9300000000e+02	5.1444588373e+00	8.1416850537e+00	
3.9400000000e+02	5.1444798241e+00	8.1417374689e+00	
3.9500000000e+02	5.1445008142e+00	8.1417898997e+00	
3.9600000000e+02	5.1445218075e+00	8.1418423462e+00	
3.9700000000e+02	5.1445428039e+00	8.1418948082e+00	
3.9800000000e+02	5.1445638035e+00	8.1419472857e+00	
3.9900000000e+02	5.1445848063e+00	8.1419997786e+00	
4.0000000000e+02	5.1446058121e+00	8.1420522869e+00	
4.0100000000e+02	5.1446268211e+00	8.1421048105e+00	
4.0200000000e+02	5.1446478331e+00	8.1421573492e+00	
4.0300000000e+02	5.1446688481e+00	8.1422099032e+00	
4.0400000000e+02	5.1446898662e+00	8.1422624723e+00	
4.0500000000e+02	5.1447108873e+00	8.1423150564e+00	
4.0600000000e+02	5.1447319113e+00	8.1423676555e+00	
4.0700000000e+02	5.1447529383e+00	8.1424202696e+00	
4.0800000000e+02	5.1447739682e+00	8.1424728985e+00	
4.0900000000e+02	5.1447950010e+00	8.1425255422e+00	
4.1000000000e+02	5.1448160367e+00	8.1425782008e+00	
4.1100000000e+02	5.1448370752e+00	8.1426308740e+00	
4.1200000000e+02	5.1448581166e+00	8.1426835619e+00	
4.1300000000e+02	5.1448791608e+00	8.1427362644e+00	
4.1400000000e+02	5.1449002078e+00	8.1427889814e+00	
4.1500000000e+02	5.1449212575e+00	8.1428417129e+00	
4.1600000000e+02	5.1449423101e+00	8.1428944589e+00	
4.1700000000e+02	5.1449633653e+00	8.1429472192e+00	
4.1800000000e+02	5.1449844233e+00	8.1429999939e+00	
4.1900000000e+02	5.1450054839e+00	8.1430527829e+00	
4.2000000000e+02	5.1450265473e+00	8.1431055861e+00	
4.2100000000e+02	5.1450476132e+00	8.1431584035e+00	
4.2200000000e+02	5.1450686819e+00	8.1432112350e+00	
4.2300000000e+02	5.1450897531e+00	8.1432640806e+00	
4.2400000000e+02	5.1451108269e+00	8.1433169402e+00	
4.2500000000e+02	5.1451319033e+00	8.1433698139e+00	
4.2600000000e+02	5.1451529822e+00	8.1434227014e+00	
4.2700000000e+02	5.1451740637e+00	8.1434756029e+00	
4.2800000000e+02	5.1451951477e+00	8.1435285181e+00	
4.2900000000e+02	5.1452162342e+00	8.1435814472e+00	
4.3000000000e+02	5.1452373232e+00	8.1436343900e+00	
4.3100000000e+02	5.1452584147e+00	8.1436873466e+00	
4.3200000000e+02	5.1452795086e+00	8.1437403168e+00	
4.3300000000e+02	5.1453006049e+00	8.1437933006e+00	
4.3400000000e+02	5.1453217036e+00	8.1438462979e+00	
4.3500000000e+02	5.1453428047e+00	8.1438993088e+00	
4.3600000000e+02	5.1453639082e+00	8.1439523332e+00	
4.3700000000e+02	5.1453850141e+00	8.1440053709e+00	
4.3800000000e+02	5.1454061223e+00	8.1440584221e+00	
4.3900000000e+02	5.1454272328e+00	8.1441114867e+00	
4.4000000000e+02	5.1454483456e+00	8.1441645645e+00	
4.4100000000e+02	5.1454694607e+00	8.1442176556e+00	
4.4200000000e+02	5.1454905781e+00	8.1442707599e+00	
4.4300000000e+02	5.1455116978e+00	8.1443238774e+00	
4.4400000000e+02	5.1455328196e+00	8.1443770081e+00	
4.4500000000e+02	5.1455539438e+00	8.1444301518e+00	
4.4600000000e+02	5.1455750701e+00	8.1444833086e+00	
4.4700000000e+02	5.1455961986e+00	8.1445364784e+00	
4.4800000000e+02	5.1456173293e+00	8.1445896612e+00	
4.4900000000e+02	5.1456384621e+00	8.1446428570e+00	
4.5000000000e+02	5.1456595971e+00	8.1446960656e+00	
4.5100000000e+02	5.1456807343e+00	8.1447492871e+00	
4.5200000000e+02	5.1457018735e+00	8.1448025215e+00	
4.5300000000e+02	5.1457230149e+00	8.1448557686e+00	
4.5400000000e+02	5.1457441583e+00	8.1449090285e+00	
4.5500000000e+02	5.1457653038e+00	8.1449623011e+00	
4.5600000000e+02	5.1457864514e+00	8.1450155863e+00	
4.5700000000e+02	5.1458076010e+00	8.1450688842e+00	
4.5800000000e+02	5.1458287526e+00	8.1451221947e+00	
4.5900000000e+02	5.1458499063e+00	8.1451755178e+00	
4.6000000000e+02	5.1458710619e+00	8.1452288534e+00	
4.6100000000e+02	5.1458922196e+00	8.1452822015e+00	
4.6200000000e+02	5.1459133792e+00	8.1453355621e+00	
4.6300000000e+02	5.1459345407e+00	8.1453889351e+00	
4.6400000000e+02	5.1459557042e+00	8.1454423205e+00	
4.6500000000e+02	5.1459768697e+00	8.1454957183e+00	
4.6600000000e+02	5.1459980370e+00	8.1455491284e+00	
4.6700000000e+02	5.1460192063e+00	8.1456025507e+00	
4.6800000000e+02	5.1460403775e+00	8.1456559854e+00	
4.6900000000e+02	5.1460615505e+00	8.1457094322e+00	
4.7000000000e+02	5.1460827254e+00	8.1457628913e+00	
4.7100000000e+02	5.1461039022e+00	8.1458163625e+00	
4.7200000000e+02	5.1461250808e+00	8.1458698459e+00	
4.7300000000e+02	5.1461462612e+00	8.1459233414e+00	
4.7400000000e+02	5.1461674434e+00	8.1459768489e+00	
4.7500000000e+02	5.1461886274e+00	8.1460303685e+00	
4.7600000000e+02	5.1462098133e+00	8.1460839000e+00	
4.7700000000e+02	5.1462310009e+00	8.1461374436e+00	
4.7800000000e+02	5.1462521902e+00	8.1461909991e+00	
4.7900000000e+02	5.1462733814e+00	8.1462445665e+00	
4.8000000000e+02	5.1462945742e+00	8.1462981458e+00	
4.8100000000e+02	5.1463157688e+00	8.1463517369e+00	
4.8200000000e+02	5.1463369651e+00	8.1464053399e+00	
4.8300000000e+02	5.1463581631e+00	8.1464589547e+00	
4.8400000000e+02	5.1463793629e+00	8.1465125813e+00	
4.8500000000e+02	5.1464005643e+00	8.1465662196e+00	
4.8600000000e+02	5.1464217673e+00	8.1466198696e+00	
4.8700000000e+02	5.1464429720e+00	8.1466735313e+00	
4.8800000000e+02	5.1464641784e+00	8.1467272046e+00	
4.8900000000e+02	5.1464853864e+00	8.1467808896e+00	
4.9000000000e+02	5.1465065961e+00	8.1468345862e+00	
4.9100000000e+02	5.1465278073e+00	8.1468882943e+00	
4.9200000000e+02	5.1465490202e+00	8.1469420140e+00	
4.9300000000e+02	5.1465702346e+00	8.1469957453e+00	
4.9400000000e+02	5.1465914506e+00	8.1470494880e+00	
4.9500000000e+02	5.1466126683e+00	8.1471032422e+00	
4.9600000000e+02	5.1466338874e+00	8.1471570078e+00	
4.9700000000e+02	5.1466551081e+00	8.1472107849e+00	
4.9800000000e+02	5.1466763304e+00	8.1472645733e+00	
4.9900000000e+02	5.1466975542e+00	8.1473183731e+00	
5.0000000000e+02	5.1467187795e+00	8.1473721843e+00	
5.0100000000e+02	5.1467400063e+00	8.1474260067e+00	
5.0200000000e+02	5.1467612346e+00	8.1474798405e+00	
5.0300000000e+02	5.1467824645e+00	8.1475336855e+00	
5.0400000000e+02	5.1468036958e+00	8.1475875418e+00	
5.0500000000e+02	5.1468249285e+00	8.1476414093e+00	
5.0600000000e+02	5.1468461627e+00	8.1476952880e+00	
5.0700000000e+02	5.1468673984e+00	8.1477491778e+00	
5.0800000000e+02	5.1468886355e+00	8.1478030788e+00	
5.0900000000e+02	5.1469098741e+00	8.1478569909e+00	
5.1000000000e+02	5.1469311141e+00	8.1479109142e+00	
5.1100000000e+02	5.1469523554e+00	8.1479648485e+00	
5.1200000000e+02	5.1469735982e+00	8.1480187938e+00	
5.1300000000e+02	5.1469948424e+00	8.1480727502e+00	
5.1400000000e+02	5.1470160880e+00	8.1481267176e+00	
5.1500000000e+02	5.1470373349e+00	8.1481806960e+00	
5.1600000000e+02	5.1470585833e+00	8.1482346854e+00	
5.1700000000e+02	5.1470798329e+00	8.1482886857e+00	
5.1800000000e+02	5.1471010840e+00	8.1483426969e+00	
5.1900000000e+02	5.1471223363e+00	8.1483967190e+00	
5.2000000000e+02	5.1471435900e+00	8.1484507520e+00	
5.2100000000e+02	5.1471648450e+00	8.1485047959e+00	
5.2200000000e+02	5.1471861014e+00	8.1485588506e+00	
5.2300000000e+02	5.1472073590e+00	8.1486129161e+00	
5.2400000000e+02	5.1472286179e+00	8.1486669924e+00	
5.2500000000e+02	5.1472498782e+00	8.1487210795e+00	
5.2600000000e+02	5.1472711397e+00	8.1487751774e+00	
5.2700000000e+02	5.1472924025e+00	8.1488292860e+00	
5.2800000000e+02	5.1473136665e+00	8.1488834053e+00	
5.2900000000e+02	5.1473349318e+00	8.1489375353e+00	
5.3000000000e+02	5.1473561984e+00	8.1489916759e+00	
5.3100000000e+02	5.1473774661e+00	8.1490458273e+00	
5.3200000000e+02	5.1473987352e+00	8.1490999892e+00	
5.3300000000e+02	5.1474200054e+00	8.1491541618e+00	
5.3400000000e+02	5.1474412769e+00	8.1492083450e+00	
5.3500000000e+02	5.1474625495e+00	8.1492625388e+00	
5.3600000000e+02	5.1474838234e+00	8.1493167431e+00	
5.3700000000e+02	5.1475050985e+00	8.1493709579e+00	
5.3800000000e+02	5.1475263747e+00	8.1494251833e+00	
5.3900000000e+02	5.1475476521e+00	8.1494794192e+00	
5.4000000000e+02	5.1475689307e+00	8.1495336656e+00	
5.4100000000e+02	5.1475902105e+00	8.1495879225e+00	
5.4200000000e+02	5.1476114914e+00	8.1496421898e+00	
5.4300000000e+02	5.1476327734e+00	8.1496964675e+00	
5.4400000000e+02	5.1476540566e+00	8.1497507557e+00	
5.4500000000e+02	5.1476753409e+00	8.1498050542e+00	
5.4600000000e+02	5.1476966264e+00	8.1498593631e+00	
5.4700000000e+02	5.1477179130e+00	8.1499136824e+00	
5.4800000000e+02	5.1477392007e+00	8.1499680121e+00	
5.4900000000e+02	5.1477604894e+00	8.1500223521e+00	
5.5000000000e+02	5.1477817793e+00	8.1500767024e+00	
5.5100000000e+02	5.1478030703e+00	8.1501310630e+00	
5.5200000000e+02	5.1478243623e+00	8.1501854338e+00	
5.5300000000e+02	5.1478456555e+00	8.1502398150e+00	
5.5400000000e+02	5.1478669497e+00	8.1502942064e+00	
5.5500000000e+02	5.1478882449e+00	8.1503486080e+00	
5.5600000000e+02	5.1479095413e+00	8.1504030198e+00	
5.5700000000e+02	5.1479308386e+00	8.1504574418e+00	
5.5800000000e+02	5.1479521370e+00	8.1505118741e+00	
5.5900000000e+02	5.1479734365e+00	8.1505663164e+00	
5.6000000000e+02	5.1479947370e+00	8.1506207690e+00	
5.6100000000e+02	5.1480160385e+00	8.1506752317e+00	
5.6200000000e+02	5.1480373410e+00	8.1507297045e+00	
5.6300000000e+02	5.1480586445e+00	8.1507841874e+00	
5.6400000000e+02	5.1480799490e+00	8.1508386804e+00	
5.6500000000e+02	5.1481012546e+00	8.1508931834e+00	
5.6600000000e+02	5.1481225611e+00	8.1509476966e+00	
5.6700000000e+02	5.1481438686e+00	8.1510022198e+00	
5.6800000000e+02	5.1481651771e+00	8.1510567530e+00	
5.6900000000e+02	5.1481864865e+00	8.1511112962e+00	
5.7000000000e+02	5.1482077969e+00	8.1511658495e+00	
5.7100000000e+02	5.1482291083e+00	8.1512204127e+00	
5.7200000000e+02	5.1482504206e+00	8.1512749859e+00	
5.7300000000e+02	5.1482717339e+00	8.1513295691e+00	
5.7400000000e+02	5.1482930481e+00	8.1513841622e+00	
5.7500000000e+02	5.1483143633e+00	8.1514387653e+00	
5.7600000000e+02	5.1483356794e+00	8.1514933783e+00	
5.7700000000e+02	5.1483569964e+00	8.1515480012e+00	
5.7800000000e+02	5.1483783143e+00	8.1516026339e+00	
5.7900000000e+02	5.1483996332e+00	8.1516572766e+00	
5.8000000000e+02	5.1484209529e+00	8.1517119291e+00	
5.8100000000e+02	5.1484422736e+00	8.1517665915e+00	
5.8200000000e+02	5.1484635951e+00	8.1518212637e+00	
5.8300000000e+02	5.1484849176e+00	8.1518759458e+00	
5.8400000000e+02	5.1485062409e+00	8.1519306376e+00	
5.8500000000e+02	5.1485275651e+00	8.1519853393e+00	
5.8600000000e+02	5.1485488902e+00	8.1520400508e+00	
5.8700000000e+02	5.1485702161e+00	8.1520947720e+00	
5.8800000000e+02	5.1485915429e+00	8.1521495030e+00	
5.8900000000e+02	5.1486128706e+00	8.1522042438e+00	
5.9000000000e+02	5.1486341991e+00	8.1522589943e+00	
5.9100000000e+02	5.1486555285e+00	8.1523137545e+00	
5.9200000000e+02	5.1486768587e+00	8.1523685244e+00	
5.9300000000e+02	5.1486981898e+00	8.1524233041e+00	
5.9400000000e+02	5.1487195216e+00	8.1524780934e+00	
5.9500000000e+02	5.1487408543e+00	8.1525328924e+00	
5.9600000000e+02	5.1487621879e+00	8.1525877011e+00	
5.9700000000e+02	5.1487835222e+00	8.1526425194e+00	
5.9800000000e+02	5.1488048574e+00	8.1526973474e+00	
5.9900000000e+02	5.1488261933e+00	8.1527521850e+00	
6.0000000000e+02	5.1488475301e+00	8.1528070323e+00	
6.0100000000e+02	5.1488688676e+00	8.1528618891e+00	
6.0200000000e+02	5.1488902060e+00	8.1529167556e+00	
6.0300000000e+02	5.1489115451e+00	8.1529716316e+00	
6.0400000000e+02	5.1489328850e+00	8.1530265172e+00	
6.0500000000e+02	5.1489542257e+00	8.1530814124e+00	
6.0600000000e+02	5.1489755672e+00	8.1531363171e+00	
6.0700000000e+02	5.1489969094e+00	8.1531912314e+00	
6.0800000000e+02	5.1490182524e+00	8.1532461552e+00	
6.0900000000e+02	5.1490395962e+00	8.1533010885e+00	
6.1000000000e+02	5.1490609407e+00	8.1533560314e+00	
6.1100000000e+02	5.1490822859e+00	8.1534109837e+00	
6.1200000000e+02	5.1491036319e+00	8.1534659456e+00	
6.1300000000e+02	5.1491249786e+00	8.1535209169e+00	
6.1400000000e+02	5.1491463261e+00	8.1535758977e+00	
6.1500000000e+02	5.1491676743e+00	8.1536308880e+00	
6.1600000000e+02	5.1491890232e+00	8.1536858877e+00	
6.1700000000e+02	5.1492103729e+00	8.1537408968e+00	
6.1800000000e+02	5.1492317233e+00	8.1537959154e+00	
6.1900000000e+02	5.1492530743e+00	8.1538509434e+00	
6.2000000000e+02	5.1492744261e+00	8.1539059808e+00	
6.2100000000e+02	5.1492957786e+00	8.1539610277e+00	
6.2200000000e+02	5.1493171318e+00	8.1540160839e+00	
6.2300000000e+02	5.1493384857e+00	8.1540711495e+00	
6.2400000000e+02	5.1493598403e+00	8.1541262244e+00	
6.2500000000e+02	5.1493811955e+00	8.1541813087e+00	
6.2600000000e+02	5.1494025515e+00	8.1542364024e+00	
6.2700000000e+02	5.1494239081e+00	8.1542915055e+00	
6.2800000000e+02	5.1494452654e+00	8.1543466178e+00	
6.2900000000e+02	5.1494666234e+00	8.1544017395e+00	
6.3000000000e+02	5.1494879820e+00	8.1544568705e+00	
6.3100000000e+02	5.1495093413e+00	8.1545120108e+00	
6.3200000000e+02	5.1495307012e+00	8.1545671604e+00	
6.3300000000e+02	5.1495520619e+00	8.1546223194e+00	
6.3400000000e+02	5.1495734231e+00	8.1546774875e+00	
6.3500000000e+02	5.1495947850e+00	8.1547326650e+00	
6.3600000000e+02	5.1496161476e+00	8.1547878517e+00	
6.3700000000e+02	5.1496375107e+00	8.1548430477e+00	
6.3800000000e+02	5.1496588746e+00	8.1548982529e+00	
6.3900000000e+02	5.1496802390e+00	8.1549534674e+00	
6.4000000000e+02	5.1497016041e+00	8.1550086911e+00	
6.4100000000e+02	5.1497229698e+00	8.1550639240e+00	
6.4200000000e+02	5.1497443361e+00	8.1551191662e+00	
6.4300000000e+02	5.1497657030e+00	8.1551744175e+00	
6.4400000000e+02	5.1497870706e+00	8.1552296780e+00	
6.4500000000e+02	5.1498084388e+00	8.1552849478e+00	
6.4600000000e+02	5.1498298075e+00	8.1553402267e+00	
6.4700000000e+02	5.1498511769e+00	8.1553955148e+00	
6.4800000000e+02	5.1498725468e+00	8.1554508120e+00	
6.4900000000e+02	5.1498939174e+00	8.1555061184e+00	
6.5000000000e+02	5.1499152885e+00	8.1555614340e+00	
6.5100000000e+02	5.1499366602e+00	8.1556167587e+00	
6.5200000000e+02	5.1499580326e+00	8.1556720925e+00	
6.5300000000e+02	5.1499794054e+00	8.1557274355e+00	
6.5400000000e+02	5.1500007789e+00	8.1557827875e+00	
6.5500000000e+02	5.1500221529e+00	8.1558381487e+00	
6.5600000000e+02	5.1500435275e+00	8.1558935190e+00	
6.5700000000e+02	5.1500649027e+00	8.1559488984e+00	
6.5800000000e+02	5.1500862785e+00	8.1560042869e+00	
6.5900000000e+02	5.1501076547e+00	8.1560596845e+00	
6.6000000000e+02	5.1501290316e+00	8.1561150911e+00	
6.6100000000e+02	5.1501504090e+00	8.1561705068e+00	
6.6200000000e+02	5.1501717869e+00	8.1562259316e+00	
6.6300000000e+02	5.1501931654e+00	8.1562813654e+00	
6.6400000000e+02	5.1502145445e+00	8.1563368082e+00	
6.6500000000e+02	5.1502359240e+00	8.1563922602e+00	
6.6600000000e+02	5.1502573042e+00	8.1564477211e+00	
6.6700000000e+02	5.1502786848e+00	8.1565031911e+00	
6.6800000000e+02	5.1503000660e+00	8.1565586700e+00	
6.6900000000e+02	5.1503214477e+00	8.1566141580e+00	
6.7000000000e+02	5.1503428299e+00	8.1566696550e+00	
6.7100000000e+02	5.1503642126e+00	8.1567251610e+00	
6.7200000000e+02	5.1503855959e+00	8.1567806760e+00	
6.7300000000e+02	5.1504069797e+00	8.1568362000e+00	
6.7400000000e+02	5.1504283639e+00	8.1568917330e+00	
6.7500000000e+02	5.1504497487e+00	8.1569472749e+00	
6.7600000000e+02	5.1504711340e+00	8.1570028258e+00	
6.7700000000e+02	5.1504925198e+00	8.1570583856e+00	
6.7800000000e+02	5.1505139061e+00	8.1571139544e+00	
6.7900000000e+02	5.1505352929e+00	8.1571695322e+00	
6.8000000000e+02	5.1505566802e+00	8.1572251189e+00	
6.8100000000e+02	5.1505780679e+00	8.1572807145e+00	
6.8200000000e+02	5.1505994562e+00	8.1573363191e+00	
6.8300000000e+02	5.1506208449e+00	8.1573919326e+00	
6.8400000000e+02	5.1506422342e+00	8.1574475550e+00	
6.8500000000e+02	5.1506636239e+00	8.1575031863e+00	
6.8600000000e+02	5.1506850140e+00	8.1575588265e+00	
6.8700000000e+02	5.1507064047e+00	8.1576144756e+00	
6.8800000000e+02	5.1507277958e+00	8.1576701336e+00	
6.8900000000e+02	5.1507491874e+00	8.1577258005e+00	
6.9000000000e+02	5.1507705794e+00	8.1577814763e+00	
6.9100000000e+02	5.1507919719e+00	8.1578371610e+00	
6.9200000000e+02	5.1508133649e+00	8.1578928545e+00	
6.9300000000e+02	5.1508347583e+00	8.1579485569e+00	
6.9400000000e+02	5.1508561522e+00	8.1580042681e+00	
6.9500000000e+02	5.1508775465e+00	8.1580599882e+00	
6.9600000000e+02	5.1508989413e+00	8.1581157172e+00	
6.9700000000e+02	5.1509203365e+00	8.1581714550e+00	
6.9800000000e+02	5.1509417322e+00	8.1582272016e+00	
6.9900000000e+02	5.1509631283e+00	8.1582829571e+00	
7.0000000000e+02	5.1509845248e+00	8.1583387214e+00	
7.0100000000e+02	5.1510059218e+00	8.1583944945e+00	
7.0200000000e+02	5.1510273192e+00	8.1584502764e+00	
7.0300000000e+02	5.1510487171e+00	8.1585060671e+00	
7.0400000000e+02	5.1510701153e+00	8.1585618667e+00	
7.0500000000e+02	5.1510915140e+00	8.1586176750e+00	
7.0600000000e+02	5.1511129131e+00	8.1586734922e+00	
7.0700000000e+02	5.1511343126e+00	8.1587293181e+00	
7.0800000000e+02	5.1511557126e+00	8.1587851528e+00	
7.0900000000e+02	5.1511771129e+00	8.1588409963e+00	
7.1000000000e+02	5.1511985137e+00	8.1588968486e+00	
7.1100000000e+02	5.1512199149e+00	8.1589527096e+00	
7.1200000000e+02	5.1512413165e+00	8.1590085794e+00	
7.1300000000e+02	5.1512627185e+00	8.1590644580e+00	
7.1400000000e+02	5.1512841209e+00	8.1591203453e+00	
7.1500000000e+02	5.1513055237e+00	8.1591762414e+00	
7.1600000000e+02	5.1513269269e+00	8.1592321462e+00	
7.1700000000e+02	5.1513483305e+00	8.1592880598e+00	
7.1800000000e+02	5.1513697345e+00	8.1593439821e+00	
7.1900000000e+02	5.1513911388e+00	8.1593999131e+00	
7.2000000000e+02	5.1514125436e+00	8.1594558529e+00	
7.2100000000e+02	5.1514339487e+00	8.1595118013e+00	
7.2200000000e+02	5.1514553543e+00	8.1595677585e+00	
7.2300000000e+02	5.1514767602e+00	8.1596237245e+00	
7.2400000000e+02	5.1514981665e+00	8.1596796991e+00	
7.2500000000e+02	5.1515195732e+00	8.1597356824e+00	
7.2600000000e+02	5.1515409802e+00	8.1597916745e+00	
7.2700000000e+02	5.1515623876e+00	8.1598476752e+00	
7.2800000000e+02	5.1515837954e+00	8.1599036846e+00	
7.2900000000e+02	5.1516052036e+00	8.1599597028e+00	
7.3000000000e+02	5.1516266121e+00	8.1600157296e+00	
7.3100000000e+02	5.1516480210e+00	8.1600717650e+00	
7.3200000000e+02	5.1516694303e+00	8.1601278092e+00	
7.3300000000e+02	5.1516908399e+00	8.1601838620e+00	
7.3400000000e+02	5.1517122499e+00	8.1602399235e+00	
7.3500000000e+02	5.1517336602e+00	8.1602959937e+00	
7.3600000000e+02	5.1517550709e+00	8.1603520725e+00	
7.3700000000e+02	5.1517764819e+00	8.1604081600e+00	
7.3800000000e+02	5.1517978933e+00	8.1604642561e+00	
7.3900000000e+02	5.1518193051e+00	8.1605203609e+00	
7.4000000000e+02	5.1518407171e+00	8.1605764743e+00	
7.4100000000e+02	5.1518621296e+00	8.1606325964e+00	
7.4200000000e+02	5.1518835423e+00	8.1606887271e+00	
7.4300000000e+02	5.1519049555e+00	8.1607448664e+00	
7.4400000000e+02	5.1519263689e+00	8.1608010144e+00	
7.4500000000e+02	5.1519477827e+00	8.1608571710e+00	
7.4600000000e+02	5.1519691968e+00	8.1609133362e+00	
7.4700000000e+02	5.1519906113e+00	8.1609695100e+00	
7.4800000000e+02	5.1520120260e+00	8.1610256925e+00	
7.4900000000e+02	5.1520334411e+00	8.1610818835e+00	
7.5000000000e+02	5.1520548566e+00	8.1611380832e+00	
7.5100000000e+02	5.1520762723e+00	8.1611942915e+00	
7.5200000000e+02	5.1520976884e+00	8.1612505083e+00	
7.5300000000e+02	5.1521191048e+00	8.1613067338e+00	
7.5400000000e+02	5.1521405216e+00	8.1613629679e+00	
7.5500000000e+02	5.1521619386e+00	8.1614192105e+00	
7.5600000000e+02	5.1521833560e+00	8.1614754617e+00	
7.5700000000e+02	5.1522047737e+00	8.1615317216e+00	
7.5800000000e+02	5.1522261916e+00	8.1615879900e+00	
7.5900000000e+02	5.1522476099e+00	8.1616442669e+00	
7.6000000000e+02	5.1522690285e+00	8.1617005525e+00	
7.6100000000e+02	5.1522904475e+00	8.1617568466e+00	
7.6200000000e+02	5.1523118667e+00	8.1618131493e+00	
7.6300000000e+02	5.1523332862e+00	8.1618694605e+00	
7.6400000000e+02	5.1523547060e+00	8.1619257804e+00	
7.6500000000e+02	5.1523761262e+00	8.1619821087e+00	
7.6600000000e+02	5.1523975466e+00	8.1620384456e+00	
7.6700000000e+02	5.1524189673e+00	8.1620947911e+00	
7.6800000000e+02	5.1524403883e+00	8.1621511451e+00	
7.6900000000e+02	5.1524618096e+00	8.1622075077e+00	
7.7000000000e+02	5.1524832312e+00	8.1622638788e+00	
7.7100000000e+02	5.1525046531e+00	8.1623202585e+00	
7.7200000000e+02	5.1525260753e+00	8.1623766466e+00	
7.7300000000e+02	5.1525474978e+00	8.1624330434e+00	
7.7400000000e+02	5.1525689205e+00	8.1624894486e+00	
7.7500000000e+02	5.1525903436e+00	8.1625458624e+00	
7.7600000000e+02	5.1526117669e+00	8.1626022847e+00	
7.7700000000e+02	5.1526331905e+00	8.1626587155e+00	
7.7800000000e+02	5.1526546144e+00	8.1627151548e+00	
7.7900000000e+02	5.1526760385e+00	8.1627716027e+00	
7.8000000000e+02	5.1526974630e+00	8.1628280591e+00	
7.8100000000e+02	5.1527188877e+00	8.1628845239e+00	
7.8200000000e+02	5.1527403127e+00	8.1629409973e+00	
7.8300000000e+02	5.1527617379e+00	8.1629974792e+00	
7.8400000000e+02	5.1527831635e+00	8.1630539696e+00	
7.8500000000e+02	5.1528045893e+00	8.1631104685e+00	
7.8600000000e+02	5.1528260153e+00	8.1631669759e+00	
7.8700000000e+02	5.1528474417e+00	8.1632234918e+00	
7.8800000000e+02	5.1528688682e+00	8.1632800162e+00	
7.8900000000e+02	5.1528902951e+00	8.1633365490e+00	
7.9000000000e+02	5.1529117222e+00	8.1633930904e+00	
7.9100000000e+02	5.1529331496e+00	8.1634496402e+00	
7.9200000000e+02	5.1529545772e+00	8.1635061986e+00	
7.9300000000e+02	5.1529760051e+00	8.1635627654e+00	
7.9400000000e+02	5.1529974333e+00	8.1636193407e+00	
7.9500000000e+02	5.1530188617e+00	8.1636759244e+00	
7.9600000000e+02	5.1530402904e+00	8.1637325166e+00	
7.9700000000e+02	5.1530617193e+00	8.1637891173e+00	
7.9800000000e+02	5.1530831485e+00	8.1638457265e+00	
7.9900000000e+02	5.1531045779e+00	8.1639023441e+00	
8.0000000000e+02	5.1531260075e+00	8.1639589702e+00	
8.0100000000e+02	5.1531474374e+00	8.1640156048e+00	
8.0200000000e+02	5.1531688676e+00	8.1640722478e+00	
8.0300000000e+02	5.1531902980e+00	8.1641288993e+00	
8.0400000000e+02	5.1532117287e+00	8.1641855592e+00	
8.0500000000e+02	5.1532331595e+00	8.1642422276e+00	
8.0600000000e+02	5.1532545907e+00	8.1642989044e+00	
8.0700000000e+02	5.1532760220e+00	8.1643555897e+00	
8.0800000000e+02	5.1532974536e+00	8.1644122834e+00	
8.0900000000e+02	5.1533188855e+00	8.1644689856e+00	
8.1000000000e+02	5.1533403176e+00	8.1645256962e+00	
8.1100000000e+02	5.1533617499e+00	8.1645824153e+00	
8.1200000000e+02	5.1533831824e+00	8.1646391427e+00	
8.1300000000e+02	5.1534046152e+00	8.1646958787e+00	
8.1400000000e+02	5.1534260482e+00	8.1647526230e+00	
8.1500000000e+02	5.1534474815e+00	8.1648093758e+00	
8.1600000000e+02	5.1534689149e+00	8.1648661370e+00	
8.1700000000e+02	5.1534903486e+00	8.1649229067e+00	
8.1800000000e+02	5.1535117825e+00	8.1649796847e+00	
8.1900000000e+02	5.1535332167e+00	8.1650364712e+00	
8.2000000000e+02	5.1535546511e+00	8.1650932662e+00	
8.2100000000e+02	5.1535760857e+00	8.1651500695e+00	
8.2200000000e+02	5.1535975205e+00	8.1652068813e+00	
8.2300000000e+02	5.1536189555e+00	8.1652637014e+00	
8.2400000000e+02	5.1536403908e+00	8.1653205300e+00	
8.2500000000e+02	5.1536618263e+00	8.1653773670e+00	
8.2600000000e+02	5.1536832620e+00	8.1654342124e+00	
8.2700000000e+02	5.1537046979e+00	8.1654910662e+00	
8.2800000000e+02	5.1537261340e+00	8.1655479285e+00	
8.2900000000e+02	5.1537475703e+00	8.1656047991e+00	
8.3000000000e+02	5.1537690069e+00	8.1656616781e+00	
8.3100000000e+02	5.1537904437e+00	8.1657185656e+00	
8.3200000000e+02	5.1538118806e+00	8.1657754614e+00	
8.3300000000e+02	5.1538333178e+00	8.1658323657e+00	
8.3400000000e+02	5.1538547552e+00	8.1658892783e+00	
8.3500000000e+02	5.1538761928e+00	8.1659461993e+00	
8.3600000000e+02	5.1538976307e+00	8.1660031288e+00	
8.3700000000e+02	5.1539190687e+00	8.1660600666e+00	
8.3800000000e+02	5.1539405069e+00	8.1661170128e+00	
8.3900000000e+02	5.1539619453e+00	8.1661739674e+00	
8.4000000000e+02	5.1539833840e+00	8.1662309304e+00	
8.4100000000e+02	5.1540048228e+00	8.1662879018e+00	
8.4200000000e+02	5.1540262619e+00	8.1663448816e+00	
8.4300000000e+02	5.1540477011e+00	8.1664018697e+00	
8.4400000000e+02	5.1540691405e+00	8.1664588663e+00	
8.4500000000e+02	5.1540905802e+00	8.1665158712e+00	
8.4600000000e+02	5.1541120200e+00	8.1665728845e+00	
8.4700000000e+02	5.1541334601e+00	8.1666299061e+00	
8.4800000000e+02	5.1541549003e+00	8.1666869362e+00	
8.4900000000e+02	5.1541763407e+00	8.1667439746e+00	
8.5000000000e+02	5.1541977814e+00	8.1668010214e+00	
8.5100000000e+02	5.1542192222e+00	8.1668580766e+00	
8.5200000000e+02	5.1542406632e+00	8.1669151401e+00	
8.5300000000e+02	5.1542621044e+00	8.1669722121e+00	
8.5400000000e+02	5.1542835458e+00	8.1670292923e+00	
8.5500000000e+02	5.1543049874e+00	8.1670863810e+00	
8.5600000000e+02	5.1543264292e+00	8.1671434780e+00	
8.5700000000e+02	5.1543478711e+00	8.1672005834e+00	
8.5800000000e+02	5.1543693133e+00	8.1672576972e+00	
8.5900000000e+02	5.1543907556e+00	8.1673148193e+00	
8.6000000000e+02	5.1544121981e+00	8.1673719498e+00	
8.6100000000e+02	5.1544336409e+00	8.1674290886e+00	
8.6200000000e+02	5.1544550838e+00	8.1674862358e+00	
8.6300000000e+02	5.1544765268e+00	8.1675433913e+00	
8.6400000000e+02	5.1544979701e+00	8.1676005553e+00	
8.6500000000e+02	5.1545194136e+00	8.1676577275e+00	
8.6600000000e+02	5.1545408572e+00	8.1677149082e+00	
8.6700000000e+02	5.1545623010e+00	8.1677720971e+00	
8.6800000000e+02	5.1545837450e+00	8.1678292945e+00	
8.6900000000e+02	5.1546051892e+00	8.1678865002e+00	
8.7000000000e+02	5.1546266335e+00	8.1679437142e+00	
8.7100000000e+02	5.1546480781e+00	8.1680009366e+00	
8.7200000000e+02	5.1546695228e+00	8.1680581673e+00	
8.7300000000e+02	5.1546909677e+00	8.1681154064e+00	
8.7400000000e+02	5.1547124127e+00	8.1681726538e+00	
8.7500000000e+02	5.1547338580e+00	8.1682299096e+00	
8.7600000000e+02	5.1547553034e+00	8.1682871737e+00	
8.7700000000e+02	5.1547767490e+00	8.1683444462e+00	
8.7800000000e+02	5.1547981948e+00	8.1684017270e+00	
8.7900000000e+02	5.1548196407e+00	8.1684590162e+00	
8.8000000000e+02	5.1548410868e+00	8.1685163137e+00	
8.8100000000e+02	5.1548625331e+00	8.1685736195e+00	
8.8200000000e+02	5.1548839795e+00	8.1686309337e+00	
8.8300000000e+02	5.1549054262e+00	8.1686882562e+00	
8.8400000000e+02	5.1549268730e+00	8.1687455871e+00	
8.8500000000e+02	5.1549483199e+00	8.1688029262e+00	
8.8600000000e+02	5.1549697671e+00	8.1688602738e+00	
8.8700000000e+02	5.1549912144e+00	8.1689176296e+00	
8.8800000000e+02	5.1550126618e+00	8.1689749938e+00	
8.8900000000e+02	5.1550341095e+00	8.1690323664e+00	
8.9000000000e+02	5.1550555573e+00	8.1690897472e+00	
8.9100000000e+02	5.1550770053e+00	8.1691471364e+00	
8.9200000000e+02	5.1550984534e+00	8.1692045340e+00	
8.9300000000e+02	5.1551199017e+00	8.1692619399e+00	
8.9400000000e+02	5.1551413502e+00	8.1693193540e+00	
8.9500000000e+02	5.1551627988e+00	8.1693767766e+00	
8.9600000000e+02	5.1551842476e+00	8.1694342074e+00	
8.9700000000e+02	5.1552056966e+00	8.1694916466e+00	
8.9800000000e+02	5.1552271457e+00	8.1695490941e+00	
8.9900000000e+02	5.1552485950e+00	8.1696065500e+00	
9.0000000000e+02	5.1552700444e+00	8.1696640142e+00	
9.0100000000e+02	5.1552914940e+00	8.1697214867e+00	
9.0200000000e+02	5.1553129438e+00	8.1697789675e+00	
9.0300000000e+02	5.1553343937e+00	8.1698364566e+00	
9.0400000000e+02	5.1553558438e+00	8.1698939541e+00	
9.0500000000e+02	5.1553772940e+00	8.1699514599e+00	
9.0600000000e+02	5.1553987445e+00	8.1700089740e+00	
9.0700000000e+02	5.1554201950e+00	8.1700664965e+00	
9.0800000000e+02	5.1554416457e+00	8.1701240272e+00	
9.0900000000e+02	5.1554630966e+00	8.1701815663e+00	
9.1000000000e+02	5.1554845477e+00	8.1702391137e+00	
9.1100000000e+02	5.1555059989e+00	8.1702966695e+00	
9.1200000000e+02	5.1555274502e+00	8.1703542335e+00	
9.1300000000e+02	5.1555489017e+00	8.1704118059e+00	
9.1400000000e+02	5.1555703534e+00	8.1704693866e+00	
9.1500000000e+02	5.1555918052e+00	8.1705269756e+00	
9.1600000000e+02	5.1556132572e+00	8.1705845729e+00	
9.1700000000e+02	5.1556347093e+00	8.1706421786e+00	
9.1800000000e+02	5.1556561616e+00	8.1706997926e+00	
9.1900000000e+02	5.1556776140e+00	8.1707574148e+00	
9.2000000000e+02	5.1556990666e+00	8.1708150455e+00	
9.2100000000e+02	5.1557205194e+00	8.1708726844e+00	
9.2200000000e+02	5.1557419723e+00	8.1709303316e+00	
9.2300000000e+02	5.1557634253e+00	8.1709879872e+00	
9.2400000000e+02	5.1557848785e+00	8.1710456511e+00	
9.2500000000e+02	5.1558063319e+00	8.1711033232e+00	
9.2600000000e+02	5.1558277854e+00	8.1711610037e+00	
9.2700000000e+02	5.1558492390e+00	8.1712186926e+00	
9.2800000000e+02	5.1558706928e+00	8.1712763897e+00	
9.2900000000e+02	5.1558921468e+00	8.1713340952e+00	
9.3000000000e+02	5.1559136009e+00	8.1713918089e+00	
9.3100000000e+02	5.1559350552e+00	8.1714495310e+00	
9.3200000000e+02	5.1559565096e+00	8.1715072614e+00	
9.3300000000e+02	5.1559779641e+00	8.1715650001e+00	
9.3400000000e+02	5.1559994188e+00	8.1716227471e+00	
9.3500000000e+02	5.1560208737e+00	8.1716805025e+00	
9.3600000000e+02	5.1560423287e+00	8.1717382661e+00	
9.3700000000e+02	5.1560637838e+00	8.1717960381e+00	
9.3800000000e+02	5.1560852391e+00	8.1718538183e+00	
9.3900000000e+02	5.1561066946e+00	8.1719116069e+00	
9.4000000000e+02	5.1561281502e+00	8.1719694038e+00	
9.4100000000e+02	5.1561496059e+00	8.1720272090e+00	
9.4200000000e+02	5.1561710618e+00	8.1720850226e+00	
9.4300000000e+02	5.1561925179e+00	8.1721428444e+00	
9.4400000000e+02	5.1562139740e+00	8.1722006745e+00	
9.4500000000e+02	5.1562354304e+00	8.1722585130e+00	
9.4600000000e+02	5.1562568869e+00	8.1723163598e+00	
9.4700000000e+02	5.1562783435e+00	8.1723742149e+00	
9.4800000000e+02	5.1562998003e+00	8.1724320783e+00	
9.4900000000e+02	5.1563212572e+00	8.1724899500e+00	
9.5000000000e+02	5.1563427142e+00	8.1725478300e+00	
9.5100000000e+02	5.1563641715e+00	8.1726057183e+00	
9.5200000000e+02	5.1563856288e+00	8.1726636150e+00	
9.5300000000e+02	5.1564070863e+00	8.1727215199e+00	
9.5400000000e+02	5.1564285440e+00	8.1727794332e+00	
9.5500000000e+02	5.1564500018e+00	8.1728373548e+00	
9.5600000000e+02	5.1564714597e+00	8.1728952846e+00	
9.5700000000e+02	5.1564929178e+00	8.1729532228e+00	
9.5800000000e+02	5.1565143760e+00	8.1730111694e+00	
9.5900000000e+02	5.1565358344e+00	8.1730691242e+00	
9.6000000000e+02	5.1565572929e+00	8.1731270873e+00	
9.6100000000e+02	5.1565787516e+00	8.1731850588e+00	
9.6200000000e+02	5.1566002104e+00	8.1732430385e+00	
9.6300000000e+02	5.1566216693e+00	8.1733010266e+00	
9.6400000000e+02	5.1566431284e+00	8.1733590230e+00	
9.6500000000e+02	5.1566645876e+00	8.1734170277e+00	
9.6600000000e+02	5.1566860470e+00	8.1734750407e+00	
9.6700000000e+02	5.1567075066e+00	8.1735330620e+00	
9.6800000000e+02	5.1567289662e+00	8.1735910916e+00	
9.6900000000e+02	5.1567504260e+00	8.1736491296e+00	
9.7000000000e+02	5.1567718860e+00	8.1737071758e+00	
9.7100000000e+02	5.1567933461e+00	8.1737652304e+00	
9.7200000000e+02	5.1568148064e+00	8.1738232933e+00	
9.7300000000e+02	5.1568362668e+00	8.1738813645e+00	
9.7400000000e+02	5.1568577273e+00	8.1739394440e+00	
9.7500000000e+02	5.1568791880e+00	8.1739975318e+00	
9.7600000000e+02	5.1569006488e+00	8.1740556280e+00	
9.7700000000e+02	5.1569221098e+00	8.1741137324e+00	
9.7800000000e+02	5.1569435709e+00	8.1741718452e+00	
9.7900000000e+02	5.1569650321e+00	8.1742299663e+00	
9.8000000000e+02	5.1569864935e+00	8.1742880957e+00	
9.8100000000e+02	5.1570079551e+00	8.1743462334e+00	
9.8200000000e+02	5.1570294168e+00	8.1744043794e+00	
9.8300000000e+02	5.1570508786e+00	8.1744625337e+00	
9.8400000000e+02	5.1570723406e+00	8.1745206964e+00	
9.8500000000e+02	5.1570938027e+00	8.1745788674e+00	
9.8600000000e+02	5.1571152650e+00	8.1746370466e+00	
9.8700000000e+02	5.1571367274e+00	8.1746952342e+00	
9.8800000000e+02	5.1571581899e+00	8.1747534302e+00	
9.8900000000e+02	5.1571796526e+00	8.1748116344e+00	
9.9000000000e+02	5.1572011155e+00	8.1748698470e+00	
9.9100000000e+02	5.1572225784e+00	8.1749280678e+00	
9.9200000000e+02	5.1572440416e+00	8.1749862970e+00	
9.9300000000e+02	5.1572655048e+00	8.1750445345e+00	
9.9400000000e+02	5.1572869683e+00	8.1751027804e+00	
9.9500000000e+02	5.1573084318e+00	8.1751610345e+00	
9.9600000000e+02	5.1573298955e+00	8.1752192970e+00	
9.9700000000e+02	5.1573513594e+00	8.1752775677e+00	
9.9800000000e+02	5.1573728234e+00	8.1753358469e+00	
9.9900000000e+02	5.1573942875e+00	8.1753941343e+00	
