# total modes from dos = 6.0000020018e+00
# ZPE = 5.1147714328e-03 Ry/cell
# Multiply by 13.6058 to have energies in eV/cell etc..
# Multiply by 13.6058 x 23060.35 = 313 754.5 to have energies in cal/(N mol).
# Multiply by 13.6058 x 96526.0 = 1 313 313 to have energies in J/(N mol).
# N is the number of formula units per cell.
#
# T (K) 	Evib (Ry/cell)	Fvib (Ry/cell)	Svib (Ry/cell/K)	Cvib (Ry/cell/K)
1.0000000000e+00	5.1147714440e-03	5.1147713713e-03	7.2783882428e-11	3.2533038586e-11
2.0000000000e+00	5.1147715427e-03	5.1147712730e-03	1.3487461522e-10	1.9795014369e-10
3.0000000000e+00	5.1147719281e-03	5.1147710721e-03	2.8536496822e-10	6.2799707171e-10
4.0000000000e+00	5.1147729310e-03	5.1147706581e-03	5.6822214684e-10	1.4549557505e-09
5.0000000000e+00	5.1147750147e-03	5.1147698768e-03	1.0275956770e-09	2.8120415160e-09
6.0000000000e+00	5.1147787767e-03	5.1147685293e-03	1.7079038652e-09	4.8340809571e-09
7.0000000000e+00	5.1147849504e-03	5.1147663724e-03	2.6540050997e-09	7.6587667814e-09
8.0000000000e+00	5.1147944092e-03	5.1147631175e-03	3.9114591044e-09	1.1428494425e-08
9.0000000000e+00	5.1148081722e-03	5.1147584301e-03	5.5268984843e-09	1.6293104685e-08
1.0000000000e+01	5.1148274141e-03	5.1147519283e-03	7.5485727277e-09	2.2414332752e-08
1.1000000000e+01	5.1148534798e-03	5.1147431807e-03	1.0027188585e-08	2.9973292122e-08
1.2000000000e+01	5.1148879101e-03	5.1147317035e-03	1.3017213037e-08	3.9182187233e-08
1.3000000000e+01	5.1149324798e-03	5.1147169559e-03	1.6578763752e-08	5.0300153837e-08
1.4000000000e+01	5.1149892539e-03	5.1146983329e-03	2.0780069136e-08	6.3651194104e-08
1.5000000000e+01	5.1150606607e-03	5.1146751563e-03	2.5700293433e-08	7.9640746552e-08
1.6000000000e+01	5.1151495799e-03	5.1146466619e-03	3.1432378183e-08	9.8767259520e-08
1.7000000000e+01	5.1152594383e-03	5.1146119847e-03	3.8085504654e-08	1.2162614995e-07
1.8000000000e+01	5.1153943047e-03	5.1145701417e-03	4.5786834577e-08	1.4890513050e-07
1.9000000000e+01	5.1155589770e-03	5.1145200132e-03	5.4682304362e-08	1.8137144114e-07
2.0000000000e+01	5.1157590521e-03	5.1144603244e-03	6.4936386968e-08	2.1985263321e-07
2.1000000000e+01	5.1160009752e-03	5.1143896271e-03	7.6730861209e-08	2.6521311041e-07
2.2000000000e+01	5.1162920635e-03	5.1143062837e-03	9.0262721325e-08	3.1832870726e-07
2.3000000000e+01	5.1166405054e-03	5.1142084528e-03	1.0574141520e-07	3.8006133577e-07
2.4000000000e+01	5.1170553340e-03	5.1140940791e-03	1.2338562141e-07	4.5123530906e-07
2.5000000000e+01	5.1175463792e-03	5.1139608850e-03	1.4341977123e-07	5.3261647931e-07
2.6000000000e+01	5.1181242003e-03	5.1138063673e-03	1.6607050121e-07	6.2489488272e-07
2.7000000000e+01	5.1188000028e-03	5.1136277966e-03	1.9156319129e-07	7.2867120752e-07
2.8000000000e+01	5.1195855438e-03	5.1134222199e-03	2.2011871019e-07	8.4444710698e-07
2.9000000000e+01	5.1204930302e-03	5.1131864670e-03	2.5195045663e-07	9.7261916646e-07
3.0000000000e+01	5.1215350116e-03	5.1129171590e-03	2.8726175466e-07	1.1134761913e-06
3.1000000000e+01	5.1227242725e-03	5.1126107198e-03	3.2624363599e-07	1.2671993995e-06
3.2000000000e+01	5.1240737257e-03	5.1122633891e-03	3.6907302043e-07	1.4338650649e-06
3.3000000000e+01	5.1255963098e-03	5.1118712373e-03	4.1591128950e-07	1.6134491512e-06
3.4000000000e+01	5.1273048917e-03	5.1114301817e-03	4.6690323545e-07	1.8058334966e-06
3.5000000000e+01	5.1292121761e-03	5.1109360035e-03	5.2217635949e-07	2.0108131425e-06
3.6000000000e+01	5.1313306227e-03	5.1103843651e-03	5.8184048719e-07	2.2281044422e-06
3.7000000000e+01	5.1336723716e-03	5.1097708280e-03	6.4598766574e-07	2.4573536317e-06
3.8000000000e+01	5.1362491781e-03	5.1090908705e-03	7.1469230674e-07	2.6981455956e-06
3.9000000000e+01	5.1390723550e-03	5.1083399050e-03	7.8801153824e-07	2.9500126045e-06
4.0000000000e+01	5.1421527248e-03	5.1075132955e-03	8.6598573125e-07	3.2124428450e-06
4.1000000000e+01	5.1455005795e-03	5.1066063736e-03	9.4863916781e-07	3.4848886037e-06
4.2000000000e+01	5.1491256488e-03	5.1056144543e-03	1.0359808207e-06	3.7667740005e-06
4.3000000000e+01	5.1530370753e-03	5.1045328509e-03	1.1280052173e-06	4.0575021967e-06
4.4000000000e+01	5.1572433971e-03	5.1033568892e-03	1.2246933634e-06	4.3564620308e-06
4.5000000000e+01	5.1617525368e-03	5.1020819200e-03	1.3260137057e-06	4.6630340556e-06
4.6000000000e+01	5.1665717952e-03	5.1007033319e-03	1.4319231144e-06	4.9765959672e-06
4.7000000000e+01	5.1717078518e-03	5.0992165619e-03	1.5423678707e-06	5.2965274314e-06
4.8000000000e+01	5.1771667684e-03	5.0976171054e-03	1.6572846458e-06	5.6222143254e-06
4.9000000000e+01	5.1829539974e-03	5.0959005258e-03	1.7766014602e-06	5.9530524174e-06
5.0000000000e+01	5.1890743931e-03	5.0940624623e-03	1.9002386154e-06	6.2884505172e-06
5.1000000000e+01	5.1955322264e-03	5.0920986373e-03	2.0281095907e-06	6.6278331303e-06
5.2000000000e+01	5.2023312014e-03	5.0900048626e-03	2.1601219000e-06	6.9706426559e-06
5.3000000000e+01	5.2094744745e-03	5.0877770455e-03	2.2961779046e-06	7.3163411641e-06
5.4000000000e+01	5.2169646742e-03	5.0854111929e-03	2.4361755802e-06	7.6644117938e-06
5.5000000000e+01	5.2248039236e-03	5.0829034157e-03	2.5800092350e-06	8.0143598080e-06
5.6000000000e+01	5.2329938621e-03	5.0802499320e-03	2.7275701807e-06	8.3657133434e-06
5.7000000000e+01	5.2415356690e-03	5.0774470699e-03	2.8787473534e-06	8.7180238904e-06
5.8000000000e+01	5.2504300870e-03	5.0744912695e-03	3.0334278881e-06	9.0708665350e-06
5.9000000000e+01	5.2596774454e-03	5.0713790843e-03	3.1914976455e-06	9.4238399956e-06
6.0000000000e+01	5.2692776844e-03	5.0681071827e-03	3.3528416941e-06	9.7765664812e-06
6.1000000000e+01	5.2792303776e-03	5.0646723480e-03	3.5173447486e-06	1.0128691399e-05
6.2000000000e+01	5.2895347558e-03	5.0610714787e-03	3.6848915669e-06	1.0479882933e-05
6.3000000000e+01	5.3001897289e-03	5.0573015885e-03	3.8553673080e-06	1.0829831521e-05
6.4000000000e+01	5.3111939083e-03	5.0533598058e-03	4.0286578522e-06	1.1178249237e-05
6.5000000000e+01	5.3225456279e-03	5.0492433723e-03	4.2046500866e-06	1.1524869114e-05
6.6000000000e+01	5.3342429648e-03	5.0449496423e-03	4.3832321585e-06	1.1869444406e-05
6.7000000000e+01	5.3462837592e-03	5.0404760815e-03	4.5642936974e-06	1.2211747810e-05
6.8000000000e+01	5.3586656334e-03	5.0358202647e-03	4.7477260098e-06	1.2551570666e-05
6.9000000000e+01	5.3713860099e-03	5.0309798748e-03	4.9334222470e-06	1.2888722132e-05
7.0000000000e+01	5.3844421290e-03	5.0259527006e-03	5.1212775499e-06	1.3223028347e-05
7.1000000000e+01	5.3978310654e-03	5.0207366343e-03	5.3111891704e-06	1.3554331607e-05
7.2000000000e+01	5.4115497437e-03	5.0153296703e-03	5.5030565742e-06	1.3882489527e-05
7.3000000000e+01	5.4255949533e-03	5.0097299020e-03	5.6967815237e-06	1.4207374225e-05
7.4000000000e+01	5.4399633628e-03	5.0039355201e-03	5.8922681454e-06	1.4528871520e-05
7.5000000000e+01	5.4546515333e-03	4.9979448097e-03	6.0894229810e-06	1.4846880142e-05
7.6000000000e+01	5.4696559304e-03	4.9917561484e-03	6.2881550261e-06	1.5161310969e-05
7.7000000000e+01	5.4849729366e-03	4.9853680034e-03	6.4883757551e-06	1.5472086287e-05
7.8000000000e+01	5.5005988620e-03	4.9787789294e-03	6.6899991364e-06	1.5779139073e-05
7.9000000000e+01	5.5165299548e-03	4.9719875655e-03	6.8929416366e-06	1.6082412308e-05
8.0000000000e+01	5.5327624108e-03	4.9649926334e-03	7.0971222169e-06	1.6381858314e-05
8.1000000000e+01	5.5492923826e-03	4.9577929346e-03	7.3024623211e-06	1.6677438123e-05
8.2000000000e+01	5.5661159879e-03	4.9503873477e-03	7.5088858568e-06	1.6969120874e-05
8.3000000000e+01	5.5832293175e-03	4.9427748263e-03	7.7163191706e-06	1.7256883232e-05
8.4000000000e+01	5.6006284421e-03	4.9349543965e-03	7.9246910186e-06	1.7540708849e-05
8.5000000000e+01	5.6183094195e-03	4.9269251544e-03	8.1339325312e-06	1.7820587838e-05
8.6000000000e+01	5.6362683008e-03	4.9186862638e-03	8.3439771753e-06	1.8096516284e-05
8.7000000000e+01	5.6545011357e-03	4.9102369538e-03	8.5547607123e-06	1.8368495779e-05
8.8000000000e+01	5.6730039782e-03	4.9015765167e-03	8.7662211536e-06	1.8636532983e-05
8.9000000000e+01	5.6917728913e-03	4.8927043058e-03	8.9782987140e-06	1.8900639206e-05
9.0000000000e+01	5.7108039515e-03	4.8836197328e-03	9.1909357628e-06	1.9160830025e-05
9.1000000000e+01	5.7300932527e-03	4.8743222663e-03	9.4040767737e-06	1.9417124912e-05
9.2000000000e+01	5.7496369103e-03	4.8648114291e-03	9.6176682735e-06	1.9669546891e-05
9.3000000000e+01	5.7694310642e-03	4.8550867968e-03	9.8316587900e-06	1.9918122217e-05
9.4000000000e+01	5.7894718822e-03	4.8451479951e-03	1.0045998799e-05	2.0162880072e-05
9.5000000000e+01	5.8097555625e-03	4.8349946986e-03	1.0260640673e-05	2.0403852283e-05
9.6000000000e+01	5.8302783363e-03	4.8246266284e-03	1.0475538624e-05	2.0641073060e-05
9.7000000000e+01	5.8510364702e-03	4.8140435506e-03	1.0690648655e-05	2.0874578742e-05
9.8000000000e+01	5.8720262681e-03	4.8032452745e-03	1.0905928506e-05	2.1104407577e-05
9.9000000000e+01	5.8932440730e-03	4.7922316506e-03	1.1121337601e-05	2.1330599500e-05
1.0000000000e+02	5.9146862686e-03	4.7810025692e-03	1.1336836994e-05	2.1553195938e-05
1.0100000000e+02	5.9363492806e-03	4.7695579589e-03	1.1552389324e-05	2.1772239622e-05
1.0200000000e+02	5.9582295782e-03	4.7578977849e-03	1.1767958758e-05	2.1987774418e-05
1.0300000000e+02	5.9803236748e-03	4.7460220472e-03	1.1983510947e-05	2.2199845166e-05
1.0400000000e+02	6.0026281291e-03	4.7339307797e-03	1.2199012975e-05	2.2408497533e-05
1.0500000000e+02	6.0251395458e-03	4.7216240485e-03	1.2414433308e-05	2.2613777876e-05
1.0600000000e+02	6.0478545765e-03	4.7091019504e-03	1.2629741755e-05	2.2815733116e-05
1.0700000000e+02	6.0707699195e-03	4.6963646119e-03	1.2844909416e-05	2.3014410621e-05
1.0800000000e+02	6.0938823210e-03	4.6834121877e-03	1.3059908642e-05	2.3209858101e-05
1.0900000000e+02	6.1171885750e-03	4.6702448596e-03	1.3274712985e-05	2.3402123509e-05
1.1000000000e+02	6.1406855234e-03	4.6568628352e-03	1.3489297166e-05	2.3591254947e-05
1.1100000000e+02	6.1643700563e-03	4.6432663467e-03	1.3703637023e-05	2.3777300586e-05
1.1200000000e+02	6.1882391120e-03	4.6294556503e-03	1.3917709480e-05	2.3960308590e-05
1.1300000000e+02	6.2122896770e-03	4.6154310243e-03	1.4131492502e-05	2.4140327045e-05
1.1400000000e+02	6.2365187856e-03	4.6011927688e-03	1.4344965060e-05	2.4317403896e-05
1.1500000000e+02	6.2609235201e-03	4.5867412043e-03	1.4558107094e-05	2.4491586890e-05
1.1600000000e+02	6.2855010106e-03	4.5720766711e-03	1.4770899478e-05	2.4662923520e-05
1.1700000000e+02	6.3102484341e-03	4.5571995280e-03	1.4983323984e-05	2.4831460983e-05
1.1800000000e+02	6.3351630151e-03	4.5421101516e-03	1.5195363250e-05	2.4997246132e-05
1.1900000000e+02	6.3602420244e-03	4.5268089354e-03	1.5407000748e-05	2.5160325441e-05
1.2000000000e+02	6.3854827794e-03	4.5112962893e-03	1.5618220751e-05	2.5320744968e-05
1.2100000000e+02	6.4108826430e-03	4.4955726381e-03	1.5829008305e-05	2.5478550323e-05
1.2200000000e+02	6.4364390237e-03	4.4796384216e-03	1.6039349198e-05	2.5633786641e-05
1.2300000000e+02	6.4621493748e-03	4.4634940931e-03	1.6249229933e-05	2.5786498561e-05
1.2400000000e+02	6.4880111941e-03	4.4471401194e-03	1.6458637699e-05	2.5936730199e-05
1.2500000000e+02	6.5140220230e-03	4.4305769794e-03	1.6667560349e-05	2.6084525131e-05
1.2600000000e+02	6.5401794464e-03	4.4138051642e-03	1.6875986367e-05	2.6229926377e-05
1.2700000000e+02	6.5664810920e-03	4.3968251759e-03	1.7083904851e-05	2.6372976387e-05
1.2800000000e+02	6.5929246294e-03	4.3796375271e-03	1.7291305487e-05	2.6513717030e-05
1.2900000000e+02	6.6195077700e-03	4.3622427408e-03	1.7498178522e-05	2.6652189579e-05
1.3000000000e+02	6.6462282661e-03	4.3446413490e-03	1.7704514747e-05	2.6788434709e-05
1.3100000000e+02	6.6730839103e-03	4.3268338931e-03	1.7910305475e-05	2.6922492486e-05
1.3200000000e+02	6.7000725351e-03	4.3088209226e-03	1.8115542519e-05	2.7054402365e-05
1.3300000000e+02	6.7271920121e-03	4.2906029952e-03	1.8320218172e-05	2.7184203182e-05
1.3400000000e+02	6.7544402512e-03	4.2721806758e-03	1.8524325189e-05	2.7311933158e-05
1.3500000000e+02	6.7818152006e-03	4.2535545366e-03	1.8727856770e-05	2.7437629891e-05
1.3600000000e+02	6.8093148456e-03	4.2347251562e-03	1.8930806539e-05	2.7561330360e-05
1.3700000000e+02	6.8369372081e-03	4.2156931195e-03	1.9133168530e-05	2.7683070925e-05
1.3800000000e+02	6.8646803461e-03	4.1964590170e-03	1.9334937167e-05	2.7802887328e-05
1.3900000000e+02	6.8925423530e-03	4.1770234447e-03	1.9536107254e-05	2.7920814696e-05
1.4000000000e+02	6.9205213573e-03	4.1573870036e-03	1.9736673955e-05	2.8036887544e-05
1.4100000000e+02	6.9486155213e-03	4.1375502994e-03	1.9936632779e-05	2.8151139779e-05
1.4200000000e+02	6.9768230411e-03	4.1175139421e-03	2.0135979571e-05	2.8263604705e-05
1.4300000000e+02	7.0051421458e-03	4.0972785456e-03	2.0334710491e-05	2.8374315026e-05
1.4400000000e+02	7.0335710970e-03	4.0768447275e-03	2.0532822010e-05	2.8483302856e-05
1.4500000000e+02	7.0621081879e-03	4.0562131091e-03	2.0730310888e-05	2.8590599718e-05
1.4600000000e+02	7.0907517431e-03	4.0353843143e-03	2.0927174170e-05	2.8696236558e-05
1.4700000000e+02	7.1195001178e-03	4.0143589702e-03	2.1123409167e-05	2.8800243745e-05
1.4800000000e+02	7.1483516973e-03	3.9931377062e-03	2.1319013453e-05	2.8902651084e-05
1.4900000000e+02	7.1773048964e-03	3.9717211542e-03	2.1513984847e-05	2.9003487816e-05
1.5000000000e+02	7.2063581590e-03	3.9501099481e-03	2.1708321406e-05	2.9102782634e-05
1.5100000000e+02	7.2355099571e-03	3.9283047236e-03	2.1902021414e-05	2.9200563683e-05
1.5200000000e+02	7.2647587909e-03	3.9063061180e-03	2.2095083375e-05	2.9296858572e-05
1.5300000000e+02	7.2941031879e-03	3.8841147700e-03	2.2287505999e-05	2.9391694382e-05
1.5400000000e+02	7.3235417022e-03	3.8617313195e-03	2.2479288200e-05	2.9485097671e-05
1.5500000000e+02	7.3530729144e-03	3.8391564074e-03	2.2670429078e-05	2.9577094485e-05
1.5600000000e+02	7.3826954309e-03	3.8163906753e-03	2.2860927920e-05	2.9667710366e-05
1.5700000000e+02	7.4124078832e-03	3.7934347657e-03	2.3050784188e-05	2.9756970358e-05
1.5800000000e+02	7.4422089278e-03	3.7702893213e-03	2.3239997510e-05	2.9844899018e-05
1.5900000000e+02	7.4720972455e-03	3.7469549851e-03	2.3428567676e-05	2.9931520423e-05
1.6000000000e+02	7.5020715408e-03	3.7234324003e-03	2.3616494628e-05	3.0016858177e-05
1.6100000000e+02	7.5321305417e-03	3.6997222102e-03	2.3803778456e-05	3.0100935422e-05
1.6200000000e+02	7.5622729990e-03	3.6758250577e-03	2.3990419391e-05	3.0183774846e-05
1.6300000000e+02	7.5924976862e-03	3.6517415856e-03	2.4176417795e-05	3.0265398687e-05
1.6400000000e+02	7.6228033985e-03	3.6274724361e-03	2.4361774161e-05	3.0345828747e-05
1.6500000000e+02	7.6531889529e-03	3.6030182511e-03	2.4546489102e-05	3.0425086395e-05
1.6600000000e+02	7.6836531874e-03	3.5783796715e-03	2.4730563349e-05	3.0503192580e-05
1.6700000000e+02	7.7141949611e-03	3.5535573377e-03	2.4913997745e-05	3.0580167835e-05
1.6800000000e+02	7.7448131529e-03	3.5285518890e-03	2.5096793237e-05	3.0656032285e-05
1.6900000000e+02	7.7755066619e-03	3.5033639638e-03	2.5278950877e-05	3.0730805660e-05
1.7000000000e+02	7.8062744069e-03	3.4779941995e-03	2.5460471809e-05	3.0804507294e-05
1.7100000000e+02	7.8371153256e-03	3.4524432320e-03	2.5641357272e-05	3.0877156141e-05
1.7200000000e+02	7.8680283745e-03	3.4267116963e-03	2.5821608594e-05	3.0948770778e-05
1.7300000000e+02	7.8990125285e-03	3.4008002257e-03	2.6001227184e-05	3.1019369412e-05
1.7400000000e+02	7.9300667806e-03	3.3747094523e-03	2.6180214530e-05	3.1088969891e-05
1.7500000000e+02	7.9611901414e-03	3.3484400066e-03	2.6358572199e-05	3.1157589708e-05
1.7600000000e+02	7.9923816388e-03	3.3219925173e-03	2.6536301827e-05	3.1225246008e-05
1.7700000000e+02	8.0236403178e-03	3.2953676117e-03	2.6713405119e-05	3.1291955598e-05
1.7800000000e+02	8.0549652400e-03	3.2685659152e-03	2.6889883847e-05	3.1357734951e-05
1.7900000000e+02	8.0863554831e-03	3.2415880516e-03	2.7065739841e-05	3.1422600214e-05
1.8000000000e+02	8.1178101410e-03	3.2144346425e-03	2.7240974991e-05	3.1486567214e-05
1.8100000000e+02	8.1493283232e-03	3.1871063079e-03	2.7415591245e-05	3.1549651465e-05
1.8200000000e+02	8.1809091547e-03	3.1596036657e-03	2.7589590599e-05	3.1611868176e-05
1.8300000000e+02	8.2125517754e-03	3.1319273316e-03	2.7762975102e-05	3.1673232254e-05
1.8400000000e+02	8.2442553399e-03	3.1040779197e-03	2.7935746849e-05	3.1733758313e-05
1.8500000000e+02	8.2760190174e-03	3.0760560415e-03	2.8107907978e-05	3.1793460678e-05
1.8600000000e+02	8.3078419914e-03	3.0478623066e-03	2.8279460671e-05	3.1852353394e-05
1.8700000000e+02	8.3397234589e-03	3.0194973222e-03	2.8450407148e-05	3.1910450227e-05
1.8800000000e+02	8.3716626310e-03	2.9909616936e-03	2.8620749667e-05	3.1967764676e-05
1.8900000000e+02	8.4036587319e-03	2.9622560234e-03	2.8790490521e-05	3.2024309973e-05
1.9000000000e+02	8.4357109989e-03	2.9333809123e-03	2.8959632035e-05	3.2080099093e-05
1.9100000000e+02	8.4678186823e-03	2.9043369584e-03	2.9128176565e-05	3.2135144755e-05
1.9200000000e+02	8.4999810448e-03	2.8751247574e-03	2.9296126497e-05	3.2189459432e-05
1.9300000000e+02	8.5321973616e-03	2.8457449028e-03	2.9463484242e-05	3.2243055352e-05
1.9400000000e+02	8.5644669199e-03	2.8161979855e-03	2.9630252239e-05	3.2295944506e-05
1.9500000000e+02	8.5967890189e-03	2.7864845941e-03	2.9796432948e-05	3.2348138652e-05
1.9600000000e+02	8.6291629694e-03	2.7566053145e-03	2.9962028851e-05	3.2399649320e-05
1.9700000000e+02	8.6615880935e-03	2.7265607305e-03	3.0127042452e-05	3.2450487816e-05
1.9800000000e+02	8.6940637246e-03	2.6963514229e-03	3.0291476272e-05	3.2500665229e-05
1.9900000000e+02	8.7265892072e-03	2.6659779703e-03	3.0455332849e-05	3.2550192433e-05
2.0000000000e+02	8.7591638963e-03	2.6354409487e-03	3.0618614738e-05	3.2599080093e-05
2.0100000000e+02	8.7917871577e-03	2.6047409316e-03	3.0781324508e-05	3.2647338667e-05
2.0200000000e+02	8.8244583674e-03	2.5738784896e-03	3.0943464742e-05	3.2694978416e-05
2.0300000000e+02	8.8571769116e-03	2.5428541911e-03	3.1105038032e-05	3.2742009402e-05
2.0400000000e+02	8.8899421866e-03	2.5116686016e-03	3.1266046985e-05	3.2788441495e-05
2.0500000000e+02	8.9227535982e-03	2.4803222843e-03	3.1426494214e-05	3.2834284377e-05
2.0600000000e+02	8.9556105621e-03	2.4488157996e-03	3.1586382342e-05	3.2879547547e-05
2.0700000000e+02	8.9885125032e-03	2.4171497051e-03	3.1745714000e-05	3.2924240322e-05
2.0800000000e+02	9.0214588556e-03	2.3853245562e-03	3.1904491824e-05	3.2968371842e-05
2.0900000000e+02	9.0544490628e-03	2.3533409052e-03	3.2062718457e-05	3.3011951076e-05
2.1000000000e+02	9.0874825766e-03	2.3211993021e-03	3.2220396545e-05	3.3054986822e-05
2.1100000000e+02	9.1205588581e-03	2.2889002941e-03	3.2377528740e-05	3.3097487714e-05
2.1200000000e+02	9.1536773766e-03	2.2564444257e-03	3.2534117693e-05	3.3139462222e-05
2.1300000000e+02	9.1868376099e-03	2.2238322389e-03	3.2690166061e-05	3.3180918658e-05
2.1400000000e+02	9.2200390440e-03	2.1910642729e-03	3.2845676500e-05	3.3221865179e-05
2.1500000000e+02	9.2532811729e-03	2.1581410643e-03	3.3000651668e-05	3.3262309790e-05
2.1600000000e+02	9.2865634989e-03	2.1250631471e-03	3.3155094221e-05	3.3302260345e-05
2.1700000000e+02	9.3198855315e-03	2.0918310525e-03	3.3309006816e-05	3.3341724553e-05
2.1800000000e+02	9.3532467884e-03	2.0584453092e-03	3.3462392106e-05	3.3380709982e-05
2.1900000000e+02	9.3866467944e-03	2.0249064432e-03	3.3615252745e-05	3.3419224057e-05
2.2000000000e+02	9.4200850818e-03	1.9912149777e-03	3.3767591382e-05	3.3457274069e-05
2.2100000000e+02	9.4535611902e-03	1.9573714336e-03	3.3919410664e-05	3.3494867172e-05
2.2200000000e+02	9.4870746662e-03	1.9233763287e-03	3.4070713232e-05	3.3532010390e-05
2.2300000000e+02	9.5206250633e-03	1.8892301784e-03	3.4221501726e-05	3.3568710619e-05
2.2400000000e+02	9.5542119420e-03	1.8549334957e-03	3.4371778778e-05	3.3604974628e-05
2.2500000000e+02	9.5878348694e-03	1.8204867905e-03	3.4521547017e-05	3.3640809064e-05
2.2600000000e+02	9.6214934191e-03	1.7858905704e-03	3.4670809065e-05	3.3676220450e-05
2.2700000000e+02	9.6551871714e-03	1.7511453402e-03	3.4819567538e-05	3.3711215194e-05
2.2800000000e+02	9.6889157127e-03	1.7162516023e-03	3.4967825046e-05	3.3745799586e-05
2.2900000000e+02	9.7226786358e-03	1.6812098563e-03	3.5115584190e-05	3.3779979804e-05
2.3000000000e+02	9.7564755396e-03	1.6460205992e-03	3.5262847567e-05	3.3813761914e-05
2.3100000000e+02	9.7903060290e-03	1.6106843255e-03	3.5409617764e-05	3.3847151872e-05
2.3200000000e+02	9.8241697146e-03	1.5752015272e-03	3.5555897360e-05	3.3880155529e-05
2.3300000000e+02	9.8580662132e-03	1.5395726935e-03	3.5701688926e-05	3.3912778631e-05
2.3400000000e+02	9.8919951469e-03	1.5037983111e-03	3.5846995025e-05	3.3945026822e-05
2.3500000000e+02	9.9259561437e-03	1.4678788644e-03	3.5991818210e-05	3.3976905643e-05
2.3600000000e+02	9.9599488369e-03	1.4318148348e-03	3.6136161026e-05	3.4008420540e-05
2.3700000000e+02	9.9939728652e-03	1.3956067016e-03	3.6280026007e-05	3.4039576861e-05
2.3800000000e+02	1.0028027873e-02	1.3592549413e-03	3.6423415679e-05	3.4070379860e-05
2.3900000000e+02	1.0062113509e-02	1.3227600279e-03	3.6566332557e-05	3.4100834699e-05
2.4000000000e+02	1.0096229428e-02	1.2861224329e-03	3.6708779146e-05	3.4130946449e-05
2.4100000000e+02	1.0130375289e-02	1.2493426255e-03	3.6850757940e-05	3.4160720091e-05
2.4200000000e+02	1.0164550757e-02	1.2124210721e-03	3.6992271425e-05	3.4190160521e-05
2.4300000000e+02	1.0198755501e-02	1.1753582369e-03	3.7133322073e-05	3.4219272549e-05
2.4400000000e+02	1.0232989194e-02	1.1381545815e-03	3.7273912347e-05	3.4248060901e-05
2.4500000000e+02	1.0267251516e-02	1.1008105649e-03	3.7414044699e-05	3.4276530221e-05
2.4600000000e+02	1.0301542150e-02	1.0633266439e-03	3.7553721569e-05	3.4304685074e-05
2.4700000000e+02	1.0335860783e-02	1.0257032728e-03	3.7692945385e-05	3.4332529945e-05
2.4800000000e+02	1.0370207108e-02	9.8794090332e-04	3.7831718567e-05	3.4360069242e-05
2.4900000000e+02	1.0404580821e-02	9.5003998503e-04	3.7970043518e-05	3.4387307297e-05
2.5000000000e+02	1.0438981623e-02	9.1200096490e-04	3.8107922634e-05	3.4414248371e-05
2.5100000000e+02	1.0473409220e-02	8.7382428758e-04	3.8245358297e-05	3.4440896647e-05
2.5200000000e+02	1.0507863321e-02	8.3551039533e-04	3.8382352878e-05	3.4467256242e-05
2.5300000000e+02	1.0542343638e-02	7.9705972806e-04	3.8518908734e-05	3.4493331200e-05
2.5400000000e+02	1.0576849889e-02	7.5847272332e-04	3.8655028213e-05	3.4519125497e-05
2.5500000000e+02	1.0611381797e-02	7.1974981632e-04	3.8790713648e-05	3.4544643043e-05
2.5600000000e+02	1.0645939084e-02	6.8089143993e-04	3.8925967361e-05	3.4569887682e-05
2.5700000000e+02	1.0680521482e-02	6.4189802473e-04	3.9060791663e-05	3.4594863191e-05
2.5800000000e+02	1.0715128722e-02	6.0276999898e-04	3.9195188850e-05	3.4619573287e-05
2.5900000000e+02	1.0749760542e-02	5.6350778864e-04	3.9329161208e-05	3.4644021624e-05
2.6000000000e+02	1.0784416680e-02	5.2411181742e-04	3.9462711008e-05	3.4668211793e-05
2.6100000000e+02	1.0819096880e-02	4.8458250672e-04	3.9595840511e-05	3.4692147329e-05
2.6200000000e+02	1.0853800891e-02	4.4492027574e-04	3.9728551965e-05	3.4715831705e-05
2.6300000000e+02	1.0888528461e-02	4.0512554140e-04	3.9860847603e-05	3.4739268339e-05
2.6400000000e+02	1.0923279346e-02	3.6519871840e-04	3.9992729649e-05	3.4762460591e-05
2.6500000000e+02	1.0958053302e-02	3.2514021923e-04	4.0124200312e-05	3.4785411767e-05
2.6600000000e+02	1.0992850090e-02	2.8495045417e-04	4.0255261789e-05	3.4808125117e-05
2.6700000000e+02	1.1027669474e-02	2.4462983132e-04	4.0385916264e-05	3.4830603840e-05
2.6800000000e+02	1.1062511221e-02	2.0417875659e-04	4.0516165910e-05	3.4852851082e-05
2.6900000000e+02	1.1097375100e-02	1.6359763372e-04	4.0646012886e-05	3.4874869938e-05
2.7000000000e+02	1.1132260885e-02	1.2288686432e-04	4.0775459337e-05	3.4896663452e-05
2.7100000000e+02	1.1167168353e-02	8.2046847845e-05	4.0904507398e-05	3.4918234619e-05
2.7200000000e+02	1.1202097281e-02	4.1077981616e-05	4.1033159190e-05	3.4939586386e-05
2.7300000000e+02	1.1237047453e-02	-1.9339149091e-08	4.1161416822e-05	3.4960721652e-05
2.7400000000e+02	1.1272018653e-02	-4.1244721340e-05	4.1289282390e-05	3.4981643271e-05
2.7500000000e+02	1.1307010670e-02	-8.2597773935e-05	4.1416757976e-05	3.5002354049e-05
2.7600000000e+02	1.1342023292e-02	-1.2407810799e-04	4.1543845653e-05	3.5022856750e-05
2.7700000000e+02	1.1377056315e-02	-1.6568533662e-04	4.1670547477e-05	3.5043154091e-05
2.7800000000e+02	1.1412109533e-02	-2.0741907501e-04	4.1796865496e-05	3.5063248747e-05
2.7900000000e+02	1.1447182745e-02	-2.4927894036e-04	4.1922801741e-05	3.5083143352e-05
2.8000000000e+02	1.1482275754e-02	-2.9126455191e-04	4.2048358234e-05	3.5102840496e-05
2.8100000000e+02	1.1517388361e-02	-3.3337553091e-04	4.2173536984e-05	3.5122342730e-05
2.8200000000e+02	1.1552520375e-02	-3.7561150063e-04	4.2298339985e-05	3.5141652564e-05
2.8300000000e+02	1.1587671603e-02	-4.1797208629e-04	4.2422769221e-05	3.5160772468e-05
2.8400000000e+02	1.1622841857e-02	-4.6045691514e-04	4.2546826664e-05	3.5179704877e-05
2.8500000000e+02	1.1658030951e-02	-5.0306561634e-04	4.2670514273e-05	3.5198452182e-05
2.8600000000e+02	1.1693238701e-02	-5.4579782105e-04	4.2793833993e-05	3.5217016742e-05
2.8700000000e+02	1.1728464925e-02	-5.8865316235e-04	4.2916787760e-05	3.5235400878e-05
2.8800000000e+02	1.1763709443e-02	-6.3163127523e-04	4.3039377495e-05	3.5253606873e-05
2.8900000000e+02	1.1798972080e-02	-6.7473179663e-04	4.3161605109e-05	3.5271636977e-05
2.9000000000e+02	1.1834252659e-02	-7.1795436537e-04	4.3283472499e-05	3.5289493404e-05
2.9100000000e+02	1.1869551009e-02	-7.6129862218e-04	4.3404981552e-05	3.5307178336e-05
2.9200000000e+02	1.1904866960e-02	-8.0476420965e-04	4.3526134141e-05	3.5324693919e-05
2.9300000000e+02	1.1940200342e-02	-8.4835077226e-04	4.3646932129e-05	3.5342042269e-05
2.9400000000e+02	1.1975550989e-02	-8.9205795633e-04	4.3767377365e-05	3.5359225467e-05
2.9500000000e+02	1.2010918738e-02	-9.3588541002e-04	4.3887471689e-05	3.5376245564e-05
2.9600000000e+02	1.2046303427e-02	-9.7983278334e-04	4.4007216925e-05	3.5393104580e-05
2.9700000000e+02	1.2081704894e-02	-1.0238997281e-03	4.4126614890e-05	3.5409804503e-05
2.9800000000e+02	1.2117122983e-02	-1.0680858980e-03	4.4245667386e-05	3.5426347293e-05
2.9900000000e+02	1.2152557537e-02	-1.1123909483e-03	4.4364376205e-05	3.5442734880e-05
3.0000000000e+02	1.2188008402e-02	-1.1568145364e-03	4.4482743127e-05	3.5458969163e-05
3.0100000000e+02	1.2223475425e-02	-1.2013563212e-03	4.4600769921e-05	3.5475052015e-05
3.0200000000e+02	1.2258958456e-02	-1.2460159635e-03	4.4718458342e-05	3.5490985281e-05
3.0300000000e+02	1.2294457346e-02	-1.2907931257e-03	4.4835810138e-05	3.5506770777e-05
3.0400000000e+02	1.2329971949e-02	-1.3356874721e-03	4.4952827043e-05	3.5522410293e-05
3.0500000000e+02	1.2365502119e-02	-1.3806986687e-03	4.5069510779e-05	3.5537905592e-05
3.0600000000e+02	1.2401047713e-02	-1.4258263832e-03	4.5185863058e-05	3.5553258413e-05
3.0700000000e+02	1.2436608589e-02	-1.4710702849e-03	4.5301885582e-05	3.5568470465e-05
3.0800000000e+02	1.2472184607e-02	-1.5164300450e-03	4.5417580039e-05	3.5583543437e-05
3.0900000000e+02	1.2507775630e-02	-1.5619053362e-03	4.5532948110e-05	3.5598478989e-05
3.1000000000e+02	1.2543381520e-02	-1.6074958330e-03	4.5647991461e-05	3.5613278760e-05
3.1100000000e+02	1.2579002143e-02	-1.6532012114e-03	4.5762711749e-05	3.5627944363e-05
3.1200000000e+02	1.2614637364e-02	-1.6990211493e-03	4.5877110621e-05	3.5642477388e-05
3.1300000000e+02	1.2650287054e-02	-1.7449553261e-03	4.5991189712e-05	3.5656879403e-05
3.1400000000e+02	1.2685951080e-02	-1.7910034227e-03	4.6104950646e-05	3.5671151951e-05
3.1500000000e+02	1.2721629315e-02	-1.8371651219e-03	4.6218395037e-05	3.5685296556e-05
3.1600000000e+02	1.2757321631e-02	-1.8834401078e-03	4.6331524490e-05	3.5699314717e-05
3.1700000000e+02	1.2793027903e-02	-1.9298280664e-03	4.6444340596e-05	3.5713207912e-05
3.1800000000e+02	1.2828748006e-02	-1.9763286851e-03	4.6556844939e-05	3.5726977601e-05
3.1900000000e+02	1.2864481817e-02	-2.0229416529e-03	4.6669039091e-05	3.5740625218e-05
3.2000000000e+02	1.2900229216e-02	-2.0696666604e-03	4.6780924613e-05	3.5754152181e-05
3.2100000000e+02	1.2935990082e-02	-2.1165033997e-03	4.6892503058e-05	3.5767559886e-05
3.2200000000e+02	1.2971764296e-02	-2.1634515646e-03	4.7003775966e-05	3.5780849708e-05
3.2300000000e+02	1.3007551742e-02	-2.2105108503e-03	4.7114744869e-05	3.5794023005e-05
3.2400000000e+02	1.3043352304e-02	-2.2576809536e-03	4.7225411289e-05	3.5807081114e-05
3.2500000000e+02	1.3079165867e-02	-2.3049615726e-03	4.7335776736e-05	3.5820025355e-05
3.2600000000e+02	1.3114992317e-02	-2.3523524072e-03	4.7445842713e-05	3.5832857027e-05
3.2700000000e+02	1.3150831544e-02	-2.3998531587e-03	4.7555610710e-05	3.5845577412e-05
3.2800000000e+02	1.3186683435e-02	-2.4474635298e-03	4.7665082211e-05	3.5858187776e-05
3.2900000000e+02	1.3222547883e-02	-2.4951832248e-03	4.7774258686e-05	3.5870689364e-05
3.3000000000e+02	1.3258424778e-02	-2.5430119493e-03	4.7883141598e-05	3.5883083406e-05
3.3100000000e+02	1.3294314014e-02	-2.5909494106e-03	4.7991732401e-05	3.5895371114e-05
3.3200000000e+02	1.3330215485e-02	-2.6389953172e-03	4.8100032538e-05	3.5907553683e-05
3.3300000000e+02	1.3366129087e-02	-2.6871493793e-03	4.8208043442e-05	3.5919632292e-05
3.3400000000e+02	1.3402054716e-02	-2.7354113082e-03	4.8315766538e-05	3.5931608105e-05
3.3500000000e+02	1.3437992269e-02	-2.7837808169e-03	4.8423203242e-05	3.5943482268e-05
3.3600000000e+02	1.3473941647e-02	-2.8322576197e-03	4.8530354959e-05	3.5955255912e-05
3.3700000000e+02	1.3509902748e-02	-2.8808414323e-03	4.8637223087e-05	3.5966930152e-05
3.3800000000e+02	1.3545875474e-02	-2.9295319718e-03	4.8743809012e-05	3.5978506090e-05
3.3900000000e+02	1.3581859728e-02	-2.9783289567e-03	4.8850114113e-05	3.5989984810e-05
3.4000000000e+02	1.3617855412e-02	-3.0272321068e-03	4.8956139761e-05	3.6001367384e-05
3.4100000000e+02	1.3653862431e-02	-3.0762411435e-03	4.9061887315e-05	3.6012654866e-05
3.4200000000e+02	1.3689880690e-02	-3.1253557892e-03	4.9167358127e-05	3.6023848301e-05
3.4300000000e+02	1.3725910096e-02	-3.1745757680e-03	4.9272553540e-05	3.6034948715e-05
3.4400000000e+02	1.3761950557e-02	-3.2239008049e-03	4.9377474889e-05	3.6045957122e-05
3.4500000000e+02	1.3798001980e-02	-3.2733306268e-03	4.9482123499e-05	3.6056874524e-05
3.4600000000e+02	1.3834064276e-02	-3.3228649615e-03	4.9586500686e-05	3.6067701907e-05
3.4700000000e+02	1.3870137354e-02	-3.3725035382e-03	4.9690607760e-05	3.6078440246e-05
3.4800000000e+02	1.3906221127e-02	-3.4222460874e-03	4.9794446019e-05	3.6089090501e-05
3.4900000000e+02	1.3942315506e-02	-3.4720923410e-03	4.9898016755e-05	3.6099653622e-05
3.5000000000e+02	1.3978420406e-02	-3.5220420322e-03	5.0001321251e-05	3.6110130542e-05
3.5100000000e+02	1.4014535739e-02	-3.5720948952e-03	5.0104360781e-05	3.6120522187e-05
3.5200000000e+02	1.4050661422e-02	-3.6222506658e-03	5.0207136613e-05	3.6130829468e-05
3.5300000000e+02	1.4086797370e-02	-3.6725090809e-03	5.0309650003e-05	3.6141053283e-05
3.5400000000e+02	1.4122943501e-02	-3.7228698788e-03	5.0411902203e-05	3.6151194520e-05
3.5500000000e+02	1.4159099732e-02	-3.7733327987e-03	5.0513894453e-05	3.6161254055e-05
3.5600000000e+02	1.4195265982e-02	-3.8238975814e-03	5.0615627987e-05	3.6171232753e-05
3.5700000000e+02	1.4231442171e-02	-3.8745639688e-03	5.0717104033e-05	3.6181131466e-05
3.5800000000e+02	1.4267628219e-02	-3.9253317041e-03	5.0818323806e-05	3.6190951037e-05
3.5900000000e+02	1.4303824047e-02	-3.9762005314e-03	5.0919288519e-05	3.6200692297e-05
3.6000000000e+02	1.4340029577e-02	-4.0271701965e-03	5.1019999372e-05	3.6210356067e-05
3.6100000000e+02	1.4376244733e-02	-4.0782404460e-03	5.1120457561e-05	3.6219943156e-05
3.6200000000e+02	1.4412469438e-02	-4.1294110278e-03	5.1220664271e-05	3.6229454364e-05
3.6300000000e+02	1.4448703617e-02	-4.1806816911e-03	5.1320620684e-05	3.6238890480e-05
3.6400000000e+02	1.4484947195e-02	-4.2320521861e-03	5.1420327969e-05	3.6248252283e-05
3.6500000000e+02	1.4521200097e-02	-4.2835222643e-03	5.1519787292e-05	3.6257540543e-05
3.6600000000e+02	1.4557462251e-02	-4.3350916784e-03	5.1618999808e-05	3.6266756018e-05
3.6700000000e+02	1.4593733585e-02	-4.3867601821e-03	5.1717966668e-05	3.6275899459e-05
3.6800000000e+02	1.4630014027e-02	-4.4385275302e-03	5.1816689013e-05	3.6284971605e-05
3.6900000000e+02	1.4666303505e-02	-4.4903934790e-03	5.1915167978e-05	3.6293973187e-05
3.7000000000e+02	1.4702601950e-02	-4.5423577855e-03	5.2013404690e-05	3.6302904928e-05
3.7100000000e+02	1.4738909292e-02	-4.5944202080e-03	5.2111400269e-05	3.6311767539e-05
3.7200000000e+02	1.4775225462e-02	-4.6465805060e-03	5.2209155828e-05	3.6320561724e-05
3.7300000000e+02	1.4811550393e-02	-4.6988384400e-03	5.2306672473e-05	3.6329288178e-05
3.7400000000e+02	1.4847884016e-02	-4.7511937717e-03	5.2403951304e-05	3.6337947586e-05
3.7500000000e+02	1.4884226266e-02	-4.8036462637e-03	5.2500993411e-05	3.6346540627e-05
3.7600000000e+02	1.4920577075e-02	-4.8561956799e-03	5.2597799881e-05	3.6355067970e-05
3.7700000000e+02	1.4956936380e-02	-4.9088417853e-03	5.2694371791e-05	3.6363530274e-05
3.7800000000e+02	1.4993304114e-02	-4.9615843457e-03	5.2790710212e-05	3.6371928193e-05
3.7900000000e+02	1.5029680215e-02	-5.0144231282e-03	5.2886816209e-05	3.6380262371e-05
3.8000000000e+02	1.5066064618e-02	-5.0673579010e-03	5.2982690840e-05	3.6388533444e-05
3.8100000000e+02	1.5102457261e-02	-5.1203884331e-03	5.3078335155e-05	3.6396742042e-05
3.8200000000e+02	1.5138858082e-02	-5.1735144949e-03	5.3173750200e-05	3.6404888785e-05
3.8300000000e+02	1.5175267018e-02	-5.2267358575e-03	5.3268937012e-05	3.6412974287e-05
3.8400000000e+02	1.5211684010e-02	-5.2800522932e-03	5.3363896623e-05	3.6420999153e-05
3.8500000000e+02	1.5248108996e-02	-5.3334635753e-03	5.3458630057e-05	3.6428963982e-05
3.8600000000e+02	1.5284541918e-02	-5.3869694782e-03	5.3553138332e-05	3.6436869365e-05
3.8700000000e+02	1.5320982716e-02	-5.4405697773e-03	5.3647422462e-05	3.6444715886e-05
3.8800000000e+02	1.5357431330e-02	-5.4942642488e-03	5.3741483452e-05	3.6452504122e-05
3.8900000000e+02	1.5393887705e-02	-5.5480526701e-03	5.3835322300e-05	3.6460234643e-05
3.9000000000e+02	1.5430351781e-02	-5.6019348197e-03	5.3928940001e-05	3.6467908012e-05
3.9100000000e+02	1.5466823502e-02	-5.6559104767e-03	5.4022337541e-05	3.6475524785e-05
3.9200000000e+02	1.5503302812e-02	-5.7099794217e-03	5.4115515901e-05	3.6483085513e-05
3.9300000000e+02	1.5539789654e-02	-5.7641414358e-03	5.4208476056e-05	3.6490590737e-05
3.9400000000e+02	1.5576283975e-02	-5.8183963014e-03	5.4301218975e-05	3.6498040995e-05
3.9500000000e+02	1.5612785718e-02	-5.8727438017e-03	5.4393745620e-05	3.6505436816e-05
3.9600000000e+02	1.5649294830e-02	-5.9271837208e-03	5.4486056948e-05	3.6512778725e-05
3.9700000000e+02	1.5685811258e-02	-5.9817158441e-03	5.4578153909e-05	3.6520067239e-05
3.9800000000e+02	1.5722334947e-02	-6.0363399575e-03	5.4670037449e-05	3.6527302869e-05
3.9900000000e+02	1.5758865846e-02	-6.0910558482e-03	5.4761708507e-05	3.6534486122e-05
4.0000000000e+02	1.5795403902e-02	-6.1458633040e-03	5.4853168015e-05	3.6541617496e-05
4.0100000000e+02	1.5831949064e-02	-6.2007621140e-03	5.4944416903e-05	3.6548697485e-05
4.0200000000e+02	1.5868501280e-02	-6.2557520679e-03	5.5035456090e-05	3.6555726576e-05
4.0300000000e+02	1.5905060500e-02	-6.3108329566e-03	5.5126286493e-05	3.6562705253e-05
4.0400000000e+02	1.5941626674e-02	-6.3660045716e-03	5.5216909024e-05	3.6569633991e-05
4.0500000000e+02	1.5978199752e-02	-6.4212667056e-03	5.5307324586e-05	3.6576513261e-05
4.0600000000e+02	1.6014779684e-02	-6.4766191521e-03	5.5397534080e-05	3.6583343529e-05
4.0700000000e+02	1.6051366423e-02	-6.5320617054e-03	5.5487538398e-05	3.6590125254e-05
4.0800000000e+02	1.6087959919e-02	-6.5875941608e-03	5.5577338430e-05	3.6596858892e-05
4.0900000000e+02	1.6124560125e-02	-6.6432163145e-03	5.5666935059e-05	3.6603544891e-05
4.1000000000e+02	1.6161166993e-02	-6.6989279634e-03	5.5756329161e-05	3.6610183696e-05
4.1100000000e+02	1.6197780476e-02	-6.7547289056e-03	5.5845521611e-05	3.6616775746e-05
4.1200000000e+02	1.6234400529e-02	-6.8106189397e-03	5.5934513273e-05	3.6623321476e-05
4.1300000000e+02	1.6271027104e-02	-6.8665978655e-03	5.6023305011e-05	3.6629821313e-05
4.1400000000e+02	1.6307660156e-02	-6.9226654834e-03	5.6111897680e-05	3.6636275682e-05
4.1500000000e+02	1.6344299640e-02	-6.9788215948e-03	5.6200292133e-05	3.6642685003e-05
4.1600000000e+02	1.6380945511e-02	-7.0350660018e-03	5.6288489215e-05	3.6649049690e-05
4.1700000000e+02	1.6417597725e-02	-7.0913985077e-03	5.6376489767e-05	3.6655370153e-05
4.1800000000e+02	1.6454256237e-02	-7.1478189161e-03	5.6464294625e-05	3.6661646796e-05
4.1900000000e+02	1.6490921004e-02	-7.2043270320e-03	5.6551904621e-05	3.6667880022e-05
4.2000000000e+02	1.6527591983e-02	-7.2609226607e-03	5.6639320580e-05	3.6674070225e-05
4.2100000000e+02	1.6564269130e-02	-7.3176056087e-03	5.6726543323e-05	3.6680217798e-05
4.2200000000e+02	1.6600952404e-02	-7.3743756832e-03	5.6813573667e-05	3.6686323127e-05
4.2300000000e+02	1.6637641763e-02	-7.4312326922e-03	5.6900412423e-05	3.6692386595e-05
4.2400000000e+02	1.6674337164e-02	-7.4881764445e-03	5.6987060397e-05	3.6698408582e-05
4.2500000000e+02	1.6711038566e-02	-7.5452067497e-03	5.7073518390e-05	3.6704389460e-05
4.2600000000e+02	1.6747745929e-02	-7.6023234182e-03	5.7159787200e-05	3.6710329601e-05
4.2700000000e+02	1.6784459212e-02	-7.6595262613e-03	5.7245867619e-05	3.6716229371e-05
4.2800000000e+02	1.6821178374e-02	-7.7168150909e-03	5.7331760433e-05	3.6722089131e-05
4.2900000000e+02	1.6857903377e-02	-7.7741897199e-03	5.7417466426e-05	3.6727909239e-05
4.3000000000e+02	1.6894634180e-02	-7.8316499617e-03	5.7502986376e-05	3.6733690049e-05
4.3100000000e+02	1.6931370744e-02	-7.8891956309e-03	5.7588321055e-05	3.6739431912e-05
4.3200000000e+02	1.6968113031e-02	-7.9468265423e-03	5.7673471234e-05	3.6745135174e-05
4.3300000000e+02	1.7004861002e-02	-8.0045425121e-03	5.7758437676e-05	3.6750800176e-05
4.3400000000e+02	1.7041614618e-02	-8.0623433567e-03	5.7843221141e-05	3.6756427259e-05
4.3500000000e+02	1.7078373844e-02	-8.1202288936e-03	5.7927822384e-05	3.6762016756e-05
4.3600000000e+02	1.7115138640e-02	-8.1781989410e-03	5.8012242157e-05	3.6767568999e-05
4.3700000000e+02	1.7151908969e-02	-8.2362533177e-03	5.8096481206e-05	3.6773084316e-05
4.3800000000e+02	1.7188684796e-02	-8.2943918434e-03	5.8180540273e-05	3.6778563030e-05
4.3900000000e+02	1.7225466083e-02	-8.3526143385e-03	5.8264420095e-05	3.6784005463e-05
4.4000000000e+02	1.7262252795e-02	-8.4109206241e-03	5.8348121407e-05	3.6789411931e-05
4.4100000000e+02	1.7299044895e-02	-8.4693105220e-03	5.8431644937e-05	3.6794782749e-05
4.4200000000e+02	1.7335842349e-02	-8.5277838549e-03	5.8514991411e-05	3.6800118226e-05
4.4300000000e+02	1.7372645120e-02	-8.5863404461e-03	5.8598161549e-05	3.6805418670e-05
4.4400000000e+02	1.7409453174e-02	-8.6449801195e-03	5.8681156067e-05	3.6810684384e-05
4.4500000000e+02	1.7446266477e-02	-8.7037026999e-03	5.8763975679e-05	3.6815915669e-05
4.4600000000e+02	1.7483084994e-02	-8.7625080128e-03	5.8846621092e-05	3.6821112821e-05
4.4700000000e+02	1.7519908692e-02	-8.8213958843e-03	5.8929093011e-05	3.6826276135e-05
4.4800000000e+02	1.7556737535e-02	-8.8803661412e-03	5.9011392135e-05	3.6831405902e-05
4.4900000000e+02	1.7593571492e-02	-8.9394186112e-03	5.9093519162e-05	3.6836502410e-05
4.5000000000e+02	1.7630410529e-02	-8.9985531224e-03	5.9175474782e-05	3.6841565942e-05
4.5100000000e+02	1.7667254613e-02	-9.0577695038e-03	5.9257259683e-05	3.6846596782e-05
4.5200000000e+02	1.7704103712e-02	-9.1170675851e-03	5.9338874551e-05	3.6851595208e-05
4.5300000000e+02	1.7740957793e-02	-9.1764471965e-03	5.9420320065e-05	3.6856561495e-05
4.5400000000e+02	1.7777816824e-02	-9.2359081690e-03	5.9501596902e-05	3.6861495917e-05
4.5500000000e+02	1.7814680774e-02	-9.2954503343e-03	5.9582705733e-05	3.6866398743e-05
4.5600000000e+02	1.7851549611e-02	-9.3550735247e-03	5.9663647228e-05	3.6871270240e-05
4.5700000000e+02	1.7888423305e-02	-9.4147775732e-03	5.9744422052e-05	3.6876110674e-05
4.5800000000e+02	1.7925301823e-02	-9.4745623135e-03	5.9825030865e-05	3.6880920306e-05
4.5900000000e+02	1.7962185135e-02	-9.5344275798e-03	5.9905474324e-05	3.6885699394e-05
4.6000000000e+02	1.7999073211e-02	-9.5943732072e-03	5.9985753084e-05	3.6890448195e-05
4.6100000000e+02	1.8035966021e-02	-9.6543990313e-03	6.0065867793e-05	3.6895166963e-05
4.6200000000e+02	1.8072863535e-02	-9.7145048883e-03	6.0145819099e-05	3.6899855948e-05
4.6300000000e+02	1.8109765723e-02	-9.7746906152e-03	6.0225607643e-05	3.6904515399e-05
4.6400000000e+02	1.8146672556e-02	-9.8349560496e-03	6.0305234064e-05	3.6909145561e-05
4.6500000000e+02	1.8183584005e-02	-9.8953010295e-03	6.0384698999e-05	3.6913746678e-05
4.6600000000e+02	1.8220500040e-02	-9.9557253939e-03	6.0464003077e-05	3.6918318990e-05
4.6700000000e+02	1.8257420633e-02	-1.0016228982e-02	6.0543146928e-05	3.6922862736e-05
4.6800000000e+02	1.8294345756e-02	-1.0076811635e-02	6.0622131177e-05	3.6927378151e-05
4.6900000000e+02	1.8331275380e-02	-1.0137473192e-02	6.0700956443e-05	3.6931865470e-05
4.7000000000e+02	1.8368209478e-02	-1.0198213495e-02	6.0779623346e-05	3.6936324922e-05
4.7100000000e+02	1.8405148021e-02	-1.0259032386e-02	6.0858132498e-05	3.6940756737e-05
4.7200000000e+02	1.8442090982e-02	-1.0319929707e-02	6.0936484511e-05	3.6945161141e-05
4.7300000000e+02	1.8479038334e-02	-1.0380905303e-02	6.1014679993e-05	3.6949538358e-05
4.7400000000e+02	1.8515990050e-02	-1.0441959015e-02	6.1092719547e-05	3.6953888610e-05
4.7500000000e+02	1.8552946102e-02	-1.0503090690e-02	6.1170603773e-05	3.6958212116e-05
4.7600000000e+02	1.8589906465e-02	-1.0564300171e-02	6.1248333270e-05	3.6962509095e-05
4.7700000000e+02	1.8626871112e-02	-1.0625587305e-02	6.1325908631e-05	3.6966779759e-05
4.7800000000e+02	1.8663840016e-02	-1.0686951937e-02	6.1403330446e-05	3.6971024324e-05
4.7900000000e+02	1.8700813152e-02	-1.0748393915e-02	6.1480599304e-05	3.6975243000e-05
4.8000000000e+02	1.8737790493e-02	-1.0809913085e-02	6.1557715789e-05	3.6979435995e-05
4.8100000000e+02	1.8774772015e-02	-1.0871509296e-02	6.1634680481e-05	3.6983603515e-05
4.8200000000e+02	1.8811757692e-02	-1.0933182396e-02	6.1711493958e-05	3.6987745767e-05
4.8300000000e+02	1.8848747498e-02	-1.0994932234e-02	6.1788156795e-05	3.6991862952e-05
4.8400000000e+02	1.8885741410e-02	-1.1056758659e-02	6.1864669564e-05	3.6995955271e-05
4.8500000000e+02	1.8922739401e-02	-1.1118661523e-02	6.1941032832e-05	3.7000022922e-05
4.8600000000e+02	1.8959741447e-02	-1.1180640675e-02	6.2017247166e-05	3.7004066102e-05
4.8700000000e+02	1.8996747525e-02	-1.1242695968e-02	6.2093313127e-05	3.7008085005e-05
4.8800000000e+02	1.9033757609e-02	-1.1304827252e-02	6.2169231274e-05	3.7012079825e-05
4.8900000000e+02	1.9070771677e-02	-1.1367034381e-02	6.2245002163e-05	3.7016050752e-05
4.9000000000e+02	1.9107789703e-02	-1.1429317208e-02	6.2320626348e-05	3.7019997975e-05
4.9100000000e+02	1.9144811665e-02	-1.1491675585e-02	6.2396104379e-05	3.7023921681e-05
4.9200000000e+02	1.9181837539e-02	-1.1554109368e-02	6.2471436802e-05	3.7027822056e-05
4.9300000000e+02	1.9218867301e-02	-1.1616618411e-02	6.2546624161e-05	3.7031699282e-05
4.9400000000e+02	1.9255900929e-02	-1.1679202568e-02	6.2621666999e-05	3.7035553543e-05
4.9500000000e+02	1.9292938401e-02	-1.1741861697e-02	6.2696565853e-05	3.7039385016e-05
4.9600000000e+02	1.9329979692e-02	-1.1804595652e-02	6.2771321258e-05	3.7043193882e-05
4.9700000000e+02	1.9367024781e-02	-1.1867404291e-02	6.2845933747e-05	3.7046980316e-05
4.9800000000e+02	1.9404073645e-02	-1.1930287472e-02	6.2920403850e-05	3.7050744492e-05
4.9900000000e+02	1.9441126263e-02	-1.1993245052e-02	6.2994732093e-05	3.7054486585e-05
5.0000000000e+02	1.9478182611e-02	-1.2056276889e-02	6.3068919000e-05	3.7058206764e-05
5.0100000000e+02	1.9515242669e-02	-1.2119382843e-02	6.3142965093e-05	3.7061905201e-05
5.0200000000e+02	1.9552306414e-02	-1.2182562773e-02	6.3216870890e-05	3.7065582063e-05
5.0300000000e+02	1.9589373826e-02	-1.2245816538e-02	6.3290636906e-05	3.7069237516e-05
5.0400000000e+02	1.9626444882e-02	-1.2309144000e-02	6.3364263655e-05	3.7072871726e-05
5.0500000000e+02	1.9663519562e-02	-1.2372545019e-02	6.3437751646e-05	3.7076484856e-05
5.0600000000e+02	1.9700597845e-02	-1.2436019457e-02	6.3511101387e-05	3.7080077067e-05
5.0700000000e+02	1.9737679709e-02	-1.2499567176e-02	6.3584313383e-05	3.7083648520e-05
5.0800000000e+02	1.9774765135e-02	-1.2563188038e-02	6.3657388136e-05	3.7087199374e-05
5.0900000000e+02	1.9811854101e-02	-1.2626881907e-02	6.3730326145e-05	3.7090729785e-05
5.1000000000e+02	1.9848946588e-02	-1.2690648645e-02	6.3803127908e-05	3.7094239910e-05
5.1100000000e+02	1.9886042574e-02	-1.2754488117e-02	6.3875793917e-05	3.7097729902e-05
5.1200000000e+02	1.9923142041e-02	-1.2818400188e-02	6.3948324666e-05	3.7101199915e-05
5.1300000000e+02	1.9960244968e-02	-1.2882384722e-02	6.4020720642e-05	3.7104650099e-05
5.1400000000e+02	1.9997351335e-02	-1.2946441584e-02	6.4092982333e-05	3.7108080606e-05
5.1500000000e+02	2.0034461122e-02	-1.3010570642e-02	6.4165110222e-05	3.7111491582e-05
5.1600000000e+02	2.0071574311e-02	-1.3074771760e-02	6.4237104790e-05	3.7114883176e-05
5.1700000000e+02	2.0108690882e-02	-1.3139044807e-02	6.4308966517e-05	3.7118255532e-05
5.1800000000e+02	2.0145810816e-02	-1.3203389649e-02	6.4380695879e-05	3.7121608796e-05
5.1900000000e+02	2.0182934094e-02	-1.3267806155e-02	6.4452293349e-05	3.7124943111e-05
5.2000000000e+02	2.0220060696e-02	-1.3332294192e-02	6.4523759400e-05	3.7128258618e-05
5.2100000000e+02	2.0257190605e-02	-1.3396853630e-02	6.4595094500e-05	3.7131555458e-05
5.2200000000e+02	2.0294323801e-02	-1.3461484338e-02	6.4666299116e-05	3.7134833769e-05
5.2300000000e+02	2.0331460266e-02	-1.3526186185e-02	6.4737373711e-05	3.7138093690e-05
5.2400000000e+02	2.0368599982e-02	-1.3590959042e-02	6.4808318748e-05	3.7141335357e-05
5.2500000000e+02	2.0405742931e-02	-1.3655802779e-02	6.4879134686e-05	3.7144558905e-05
5.2600000000e+02	2.0442889094e-02	-1.3720717268e-02	6.4949821981e-05	3.7147764469e-05
5.2700000000e+02	2.0480038454e-02	-1.3785702381e-02	6.5020381090e-05	3.7150952180e-05
5.2800000000e+02	2.0517190992e-02	-1.3850757988e-02	6.5090812463e-05	3.7154122172e-05
5.2900000000e+02	2.0554346692e-02	-1.3915883963e-02	6.5161116550e-05	3.7157274574e-05
5.3000000000e+02	2.0591505536e-02	-1.3981080179e-02	6.5231293801e-05	3.7160409516e-05
5.3100000000e+02	2.0628667505e-02	-1.4046346508e-02	6.5301344659e-05	3.7163527124e-05
5.3200000000e+02	2.0665832584e-02	-1.4111682826e-02	6.5371269568e-05	3.7166627528e-05
5.3300000000e+02	2.0703000755e-02	-1.4177089006e-02	6.5441068969e-05	3.7169710851e-05
5.3400000000e+02	2.0740172000e-02	-1.4242564922e-02	6.5510743301e-05	3.7172777219e-05
5.3500000000e+02	2.0777346304e-02	-1.4308110451e-02	6.5580292999e-05	3.7175826754e-05
5.3600000000e+02	2.0814523648e-02	-1.4373725467e-02	6.5649718498e-05	3.7178859581e-05
5.3700000000e+02	2.0851704017e-02	-1.4439409847e-02	6.5719020231e-05	3.7181875818e-05
5.3800000000e+02	2.0888887394e-02	-1.4505163466e-02	6.5788198626e-05	3.7184875588e-05
5.3900000000e+02	2.0926073763e-02	-1.4570986203e-02	6.5857254111e-05	3.7187859008e-05
5.4000000000e+02	2.0963263107e-02	-1.4636877934e-02	6.5926187112e-05	3.7190826197e-05
5.4100000000e+02	2.1000455410e-02	-1.4702838536e-02	6.5994998052e-05	3.7193777271e-05
5.4200000000e+02	2.1037650656e-02	-1.4768867889e-02	6.6063687353e-05	3.7196712347e-05
5.4300000000e+02	2.1074848829e-02	-1.4834965871e-02	6.6132255433e-05	3.7199631540e-05
5.4400000000e+02	2.1112049914e-02	-1.4901132360e-02	6.6200702709e-05	3.7202534962e-05
5.4500000000e+02	2.1149253894e-02	-1.4967367236e-02	6.6269029596e-05	3.7205422728e-05
5.4600000000e+02	2.1186460754e-02	-1.5033670379e-02	6.6337236508e-05	3.7208294949e-05
5.4700000000e+02	2.1223670479e-02	-1.5100041669e-02	6.6405323854e-05	3.7211151735e-05
5.4800000000e+02	2.1260883053e-02	-1.5166480987e-02	6.6473292043e-05	3.7213993196e-05
5.4900000000e+02	2.1298098460e-02	-1.5232988214e-02	6.6541141482e-05	3.7216819442e-05
5.5000000000e+02	2.1335316686e-02	-1.5299563231e-02	6.6608872576e-05	3.7219630581e-05
5.5100000000e+02	2.1372537716e-02	-1.5366205920e-02	6.6676485727e-05	3.7222426718e-05
5.5200000000e+02	2.1409761535e-02	-1.5432916163e-02	6.6743981336e-05	3.7225207961e-05
5.5300000000e+02	2.1446988127e-02	-1.5499693843e-02	6.6811359802e-05	3.7227974414e-05
5.5400000000e+02	2.1484217479e-02	-1.5566538844e-02	6.6878621520e-05	3.7230726181e-05
5.5500000000e+02	2.1521449575e-02	-1.5633451047e-02	6.6945766887e-05	3.7233463366e-05
5.5600000000e+02	2.1558684401e-02	-1.5700430339e-02	6.7012796294e-05	3.7236186071e-05
5.5700000000e+02	2.1595921942e-02	-1.5767476601e-02	6.7079710132e-05	3.7238894398e-05
5.5800000000e+02	2.1633162185e-02	-1.5834589720e-02	6.7146508791e-05	3.7241588447e-05
5.5900000000e+02	2.1670405114e-02	-1.5901769581e-02	6.7213192657e-05	3.7244268317e-05
5.6000000000e+02	2.1707650717e-02	-1.5969016068e-02	6.7279762115e-05	3.7246934109e-05
5.6100000000e+02	2.1744898978e-02	-1.6036329067e-02	6.7346217549e-05	3.7249585919e-05
5.6200000000e+02	2.1782149884e-02	-1.6103708465e-02	6.7412559340e-05	3.7252223845e-05
5.6300000000e+02	2.1819403421e-02	-1.6171154148e-02	6.7478787867e-05	3.7254847982e-05
5.6400000000e+02	2.1856659575e-02	-1.6238666003e-02	6.7544903508e-05	3.7257458428e-05
5.6500000000e+02	2.1893918333e-02	-1.6306243917e-02	6.7610906638e-05	3.7260055275e-05
5.6600000000e+02	2.1931179681e-02	-1.6373887779e-02	6.7676797633e-05	3.7262638619e-05
5.6700000000e+02	2.1968443606e-02	-1.6441597475e-02	6.7742576863e-05	3.7265208552e-05
5.6800000000e+02	2.2005710094e-02	-1.6509372895e-02	6.7808244700e-05	3.7267765166e-05
5.6900000000e+02	2.2042979132e-02	-1.6577213928e-02	6.7873801511e-05	3.7270308552e-05
5.7000000000e+02	2.2080250707e-02	-1.6645120462e-02	6.7939247664e-05	3.7272838803e-05
5.7100000000e+02	2.2117524805e-02	-1.6713092386e-02	6.8004583523e-05	3.7275356006e-05
5.7200000000e+02	2.2154801414e-02	-1.6781129592e-02	6.8069809452e-05	3.7277860252e-05
5.7300000000e+02	2.2192080521e-02	-1.6849231969e-02	6.8134925812e-05	3.7280351629e-05
5.7400000000e+02	2.2229362113e-02	-1.6917399407e-02	6.8199932963e-05	3.7282830224e-05
5.7500000000e+02	2.2266646178e-02	-1.6985631798e-02	6.8264831263e-05	3.7285296125e-05
5.7600000000e+02	2.2303932701e-02	-1.7053929034e-02	6.8329621068e-05	3.7287749417e-05
5.7700000000e+02	2.2341221672e-02	-1.7122291005e-02	6.8394302733e-05	3.7290190186e-05
5.7800000000e+02	2.2378513078e-02	-1.7190717603e-02	6.8458876610e-05	3.7292618517e-05
5.7900000000e+02	2.2415806905e-02	-1.7259208722e-02	6.8523343052e-05	3.7295034493e-05
5.8000000000e+02	2.2453103143e-02	-1.7327764254e-02	6.8587702407e-05	3.7297438198e-05
5.8100000000e+02	2.2490401778e-02	-1.7396384091e-02	6.8651955024e-05	3.7299829715e-05
5.8200000000e+02	2.2527702798e-02	-1.7465068128e-02	6.8716101248e-05	3.7302209125e-05
5.8300000000e+02	2.2565006192e-02	-1.7533816258e-02	6.8780141424e-05	3.7304576510e-05
5.8400000000e+02	2.2602311947e-02	-1.7602628376e-02	6.8844075895e-05	3.7306931950e-05
5.8500000000e+02	2.2639620052e-02	-1.7671504375e-02	6.8907905003e-05	3.7309275525e-05
5.8600000000e+02	2.2676930494e-02	-1.7740444151e-02	6.8971629087e-05	3.7311607314e-05
5.8700000000e+02	2.2714243262e-02	-1.7809447598e-02	6.9035248485e-05	3.7313927396e-05
5.8800000000e+02	2.2751558345e-02	-1.7878514613e-02	6.9098763534e-05	3.7316235849e-05
5.8900000000e+02	2.2788875730e-02	-1.7947645091e-02	6.9162174569e-05	3.7318532750e-05
5.9000000000e+02	2.2826195407e-02	-1.8016838928e-02	6.9225481922e-05	3.7320818175e-05
5.9100000000e+02	2.2863517363e-02	-1.8086096020e-02	6.9288685927e-05	3.7323092201e-05
5.9200000000e+02	2.2900841587e-02	-1.8155416265e-02	6.9351786913e-05	3.7325354903e-05
5.9300000000e+02	2.2938168069e-02	-1.8224799560e-02	6.9414785208e-05	3.7327606356e-05
5.9400000000e+02	2.2975496796e-02	-1.8294245801e-02	6.9477681141e-05	3.7329846634e-05
5.9500000000e+02	2.3012827759e-02	-1.8363754888e-02	6.9540475036e-05	3.7332075809e-05
5.9600000000e+02	2.3050160944e-02	-1.8433326717e-02	6.9603167218e-05	3.7334293956e-05
5.9700000000e+02	2.3087496343e-02	-1.8502961189e-02	6.9665758009e-05	3.7336501147e-05
5.9800000000e+02	2.3124833943e-02	-1.8572658200e-02	6.9728247730e-05	3.7338697453e-05
5.9900000000e+02	2.3162173734e-02	-1.8642417650e-02	6.9790636702e-05	3.7340882946e-05
6.0000000000e+02	2.3199515705e-02	-1.8712239440e-02	6.9852925242e-05	3.7343057695e-05
6.0100000000e+02	2.3236859846e-02	-1.8782123468e-02	6.9915113666e-05	3.7345221772e-05
6.0200000000e+02	2.3274206145e-02	-1.8852069634e-02	6.9977202291e-05	3.7347375245e-05
6.0300000000e+02	2.3311554593e-02	-1.8922077839e-02	7.0039191429e-05	3.7349518184e-05
6.0400000000e+02	2.3348905178e-02	-1.8992147984e-02	7.0101081394e-05	3.7351650656e-05
6.0500000000e+02	2.3386257891e-02	-1.9062279969e-02	7.0162872495e-05	3.7353772730e-05
6.0600000000e+02	2.3423612720e-02	-1.9132473696e-02	7.0224565043e-05	3.7355884472e-05
6.0700000000e+02	2.3460969656e-02	-1.9202729066e-02	7.0286159345e-05	3.7357985950e-05
6.0800000000e+02	2.3498328689e-02	-1.9273045982e-02	7.0347655708e-05	3.7360077230e-05
6.0900000000e+02	2.3535689807e-02	-1.9343424345e-02	7.0409054437e-05	3.7362158376e-05
6.1000000000e+02	2.3573053002e-02	-1.9413864058e-02	7.0470355837e-05	3.7364229455e-05
6.1100000000e+02	2.3610418263e-02	-1.9484365024e-02	7.0531560208e-05	3.7366290531e-05
6.1200000000e+02	2.3647785580e-02	-1.9554927146e-02	7.0592667853e-05	3.7368341667e-05
6.1300000000e+02	2.3685154943e-02	-1.9625550328e-02	7.0653679072e-05	3.7370382928e-05
6.1400000000e+02	2.3722526342e-02	-1.9696234472e-02	7.0714594161e-05	3.7372414376e-05
6.1500000000e+02	2.3759899768e-02	-1.9766979484e-02	7.0775413419e-05	3.7374436075e-05
6.1600000000e+02	2.3797275211e-02	-1.9837785267e-02	7.0836137141e-05	3.7376448085e-05
6.1700000000e+02	2.3834652661e-02	-1.9908651727e-02	7.0896765621e-05	3.7378450470e-05
6.1800000000e+02	2.3872032109e-02	-1.9979578767e-02	7.0957299152e-05	3.7380443288e-05
6.1900000000e+02	2.3909413545e-02	-2.0050566294e-02	7.1017738026e-05	3.7382426603e-05
6.2000000000e+02	2.3946796959e-02	-2.0121614212e-02	7.1078082534e-05	3.7384400472e-05
6.2100000000e+02	2.3984182343e-02	-2.0192722427e-02	7.1138332963e-05	3.7386364957e-05
6.2200000000e+02	2.4021569686e-02	-2.0263890846e-02	7.1198489602e-05	3.7388320116e-05
6.2300000000e+02	2.4058958980e-02	-2.0335119375e-02	7.1258552737e-05	3.7390266007e-05
6.2400000000e+02	2.4096350215e-02	-2.0406407921e-02	7.1318522653e-05	3.7392202690e-05
6.2500000000e+02	2.4133743382e-02	-2.0477756390e-02	7.1378399635e-05	3.7394130222e-05
6.2600000000e+02	2.4171138472e-02	-2.0549164689e-02	7.1438183964e-05	3.7396048660e-05
6.2700000000e+02	2.4208535476e-02	-2.0620632727e-02	7.1497875922e-05	3.7397958062e-05
6.2800000000e+02	2.4245934385e-02	-2.0692160410e-02	7.1557475789e-05	3.7399858483e-05
6.2900000000e+02	2.4283335190e-02	-2.0763747648e-02	7.1616983844e-05	3.7401749980e-05
6.3000000000e+02	2.4320737882e-02	-2.0835394347e-02	7.1676400365e-05	3.7403632608e-05
6.3100000000e+02	2.4358142453e-02	-2.0907100418e-02	7.1735725627e-05	3.7405506422e-05
6.3200000000e+02	2.4395548892e-02	-2.0978865768e-02	7.1794959906e-05	3.7407371478e-05
6.3300000000e+02	2.4432957193e-02	-2.1050690308e-02	7.1854103476e-05	3.7409227829e-05
6.3400000000e+02	2.4470367345e-02	-2.1122573945e-02	7.1913156609e-05	3.7411075530e-05
6.3500000000e+02	2.4507779341e-02	-2.1194516591e-02	7.1972119578e-05	3.7412914633e-05
6.3600000000e+02	2.4545193172e-02	-2.1266518154e-02	7.2030992651e-05	3.7414745192e-05
6.3700000000e+02	2.4582608829e-02	-2.1338578546e-02	7.2089776098e-05	3.7416567259e-05
6.3800000000e+02	2.4620026303e-02	-2.1410697677e-02	7.2148470188e-05	3.7418380888e-05
6.3900000000e+02	2.4657445587e-02	-2.1482875457e-02	7.2207075187e-05	3.7420186128e-05
6.4000000000e+02	2.4694866673e-02	-2.1555111798e-02	7.2265591360e-05	3.7421983033e-05
6.4100000000e+02	2.4732289551e-02	-2.1627406610e-02	7.2324018972e-05	3.7423771653e-05
6.4200000000e+02	2.4769714213e-02	-2.1699759806e-02	7.2382358286e-05	3.7425552039e-05
6.4300000000e+02	2.4807140652e-02	-2.1772171297e-02	7.2440609564e-05	3.7427324241e-05
6.4400000000e+02	2.4844568859e-02	-2.1844640996e-02	7.2498773067e-05	3.7429088309e-05
6.4500000000e+02	2.4881998826e-02	-2.1917168814e-02	7.2556849055e-05	3.7430844292e-05
6.4600000000e+02	2.4919430545e-02	-2.1989754665e-02	7.2614837786e-05	3.7432592240e-05
6.4700000000e+02	2.4956864008e-02	-2.2062398461e-02	7.2672739519e-05	3.7434332202e-05
6.4800000000e+02	2.4994299207e-02	-2.2135100115e-02	7.2730554509e-05	3.7436064225e-05
6.4900000000e+02	2.5031736134e-02	-2.2207859541e-02	7.2788283012e-05	3.7437788358e-05
6.5000000000e+02	2.5069174781e-02	-2.2280676652e-02	7.2845925282e-05	3.7439504649e-05
6.5100000000e+02	2.5106615140e-02	-2.2353551363e-02	7.2903481572e-05	3.7441213144e-05
6.5200000000e+02	2.5144057205e-02	-2.2426483587e-02	7.2960952134e-05	3.7442913891e-05
6.5300000000e+02	2.5181500966e-02	-2.2499473239e-02	7.3018337219e-05	3.7444606937e-05
6.5400000000e+02	2.5218946416e-02	-2.2572520233e-02	7.3075637078e-05	3.7446292328e-05
6.5500000000e+02	2.5256393548e-02	-2.2645624485e-02	7.3132851958e-05	3.7447970109e-05
6.5600000000e+02	2.5293842354e-02	-2.2718785909e-02	7.3189982107e-05	3.7449640326e-05
6.5700000000e+02	2.5331292826e-02	-2.2792004421e-02	7.3247027772e-05	3.7451303025e-05
6.5800000000e+02	2.5368744957e-02	-2.2865279936e-02	7.3303989199e-05	3.7452958251e-05
6.5900000000e+02	2.5406198740e-02	-2.2938612371e-02	7.3360866633e-05	3.7454606047e-05
6.6000000000e+02	2.5443654167e-02	-2.3012001641e-02	7.3417660315e-05	3.7456246458e-05
6.6100000000e+02	2.5481111230e-02	-2.3085447664e-02	7.3474370490e-05	3.7457879529e-05
6.6200000000e+02	2.5518569923e-02	-2.3158950355e-02	7.3530997399e-05	3.7459505302e-05
6.6300000000e+02	2.5556030239e-02	-2.3232509631e-02	7.3587541281e-05	3.7461123821e-05
6.6400000000e+02	2.5593492169e-02	-2.3306125410e-02	7.3644002377e-05	3.7462735129e-05
6.6500000000e+02	2.5630955706e-02	-2.3379797608e-02	7.3700380924e-05	3.7464339269e-05
6.6600000000e+02	2.5668420845e-02	-2.3453526144e-02	7.3756677160e-05	3.7465936282e-05
6.6700000000e+02	2.5705887577e-02	-2.3527310935e-02	7.3812891322e-05	3.7467526212e-05
6.6800000000e+02	2.5743355895e-02	-2.3601151899e-02	7.3869023644e-05	3.7469109099e-05
6.6900000000e+02	2.5780825792e-02	-2.3675048955e-02	7.3925074361e-05	3.7470684984e-05
6.7000000000e+02	2.5818297263e-02	-2.3749002021e-02	7.3981043707e-05	3.7472253910e-05
6.7100000000e+02	2.5855770298e-02	-2.3823011016e-02	7.4036931913e-05	3.7473815917e-05
6.7200000000e+02	2.5893244892e-02	-2.3897075858e-02	7.4092739211e-05	3.7475371045e-05
6.7300000000e+02	2.5930721038e-02	-2.3971196467e-02	7.4148465832e-05	3.7476919335e-05
6.7400000000e+02	2.5968198728e-02	-2.4045372763e-02	7.4204112005e-05	3.7478460826e-05
6.7500000000e+02	2.6005677957e-02	-2.4119604664e-02	7.4259677958e-05	3.7479995558e-05
6.7600000000e+02	2.6043158717e-02	-2.4193892092e-02	7.4315163919e-05	3.7481523570e-05
6.7700000000e+02	2.6080641002e-02	-2.4268234966e-02	7.4370570115e-05	3.7483044902e-05
6.7800000000e+02	2.6118124805e-02	-2.4342633206e-02	7.4425896771e-05	3.7484559592e-05
6.7900000000e+02	2.6155610119e-02	-2.4417086733e-02	7.4481144112e-05	3.7486067678e-05
6.8000000000e+02	2.6193096938e-02	-2.4491595468e-02	7.4536312361e-05	3.7487569200e-05
6.8100000000e+02	2.6230585255e-02	-2.4566159331e-02	7.4591401742e-05	3.7489064194e-05
6.8200000000e+02	2.6268075064e-02	-2.4640778245e-02	7.4646412477e-05	3.7490552699e-05
6.8300000000e+02	2.6305566359e-02	-2.4715452130e-02	7.4701344786e-05	3.7492034751e-05
6.8400000000e+02	2.6343059132e-02	-2.4790180908e-02	7.4756198889e-05	3.7493510389e-05
6.8500000000e+02	2.6380553377e-02	-2.4864964502e-02	7.4810975006e-05	3.7494979648e-05
6.8600000000e+02	2.6418049089e-02	-2.4939802832e-02	7.4865673355e-05	3.7496442566e-05
6.8700000000e+02	2.6455546260e-02	-2.5014695823e-02	7.4920294153e-05	3.7497899178e-05
6.8800000000e+02	2.6493044885e-02	-2.5089643395e-02	7.4974837616e-05	3.7499349521e-05
6.8900000000e+02	2.6530544957e-02	-2.5164645472e-02	7.5029303961e-05	3.7500793631e-05
6.9000000000e+02	2.6568046470e-02	-2.5239701977e-02	7.5083693402e-05	3.7502231543e-05
6.9100000000e+02	2.6605549418e-02	-2.5314812833e-02	7.5138006153e-05	3.7503663293e-05
6.9200000000e+02	2.6643053795e-02	-2.5389977964e-02	7.5192242426e-05	3.7505088915e-05
6.9300000000e+02	2.6680559594e-02	-2.5465197293e-02	7.5246402434e-05	3.7506508444e-05
6.9400000000e+02	2.6718066810e-02	-2.5540470744e-02	7.5300486388e-05	3.7507921915e-05
6.9500000000e+02	2.6755575436e-02	-2.5615798240e-02	7.5354494498e-05	3.7509329362e-05
6.9600000000e+02	2.6793085466e-02	-2.5691179707e-02	7.5408426974e-05	3.7510730820e-05
6.9700000000e+02	2.6830596896e-02	-2.5766615069e-02	7.5462284024e-05	3.7512126322e-05
6.9800000000e+02	2.6868109717e-02	-2.5842104250e-02	7.5516065856e-05	3.7513515902e-05
6.9900000000e+02	2.6905623925e-02	-2.5917647176e-02	7.5569772677e-05	3.7514899592e-05
7.0000000000e+02	2.6943139514e-02	-2.5993243771e-02	7.5623404693e-05	3.7516277427e-05
7.0100000000e+02	2.6980656478e-02	-2.6068893960e-02	7.5676962109e-05	3.7517649439e-05
7.0200000000e+02	2.7018174811e-02	-2.6144597670e-02	7.5730445130e-05	3.7519015661e-05
7.0300000000e+02	2.7055694508e-02	-2.6220354826e-02	7.5783853960e-05	3.7520376125e-05
7.0400000000e+02	2.7093215562e-02	-2.6296165353e-02	7.5837188800e-05	3.7521730863e-05
7.0500000000e+02	2.7130737968e-02	-2.6372029179e-02	7.5890449853e-05	3.7523079908e-05
7.0600000000e+02	2.7168261720e-02	-2.6447946229e-02	7.5943637320e-05	3.7524423291e-05
7.0700000000e+02	2.7205786812e-02	-2.6523916429e-02	7.5996751402e-05	3.7525761043e-05
7.0800000000e+02	2.7243313240e-02	-2.6599939707e-02	7.6049792298e-05	3.7527093197e-05
7.0900000000e+02	2.7280840997e-02	-2.6676015989e-02	7.6102760206e-05	3.7528419783e-05
7.1000000000e+02	2.7318370078e-02	-2.6752145203e-02	7.6155655325e-05	3.7529740832e-05
7.1100000000e+02	2.7355900477e-02	-2.6828327276e-02	7.6208477851e-05	3.7531056375e-05
7.1200000000e+02	2.7393432188e-02	-2.6904562135e-02	7.6261227982e-05	3.7532366442e-05
7.1300000000e+02	2.7430965208e-02	-2.6980849708e-02	7.6313905912e-05	3.7533671063e-05
7.1400000000e+02	2.7468499529e-02	-2.7057189923e-02	7.6366511837e-05	3.7534970269e-05
7.1500000000e+02	2.7506035146e-02	-2.7133582707e-02	7.6419045949e-05	3.7536264089e-05
7.1600000000e+02	2.7543572055e-02	-2.7210027991e-02	7.6471508444e-05	3.7537552553e-05
7.1700000000e+02	2.7581110250e-02	-2.7286525700e-02	7.6523899512e-05	3.7538835691e-05
7.1800000000e+02	2.7618649725e-02	-2.7363075766e-02	7.6576219346e-05	3.7540113531e-05
7.1900000000e+02	2.7656190475e-02	-2.7439678115e-02	7.6628468137e-05	3.7541386103e-05
7.2000000000e+02	2.7693732495e-02	-2.7516332678e-02	7.6680646075e-05	3.7542653436e-05
7.2100000000e+02	2.7731275780e-02	-2.7593039384e-02	7.6732753348e-05	3.7543915557e-05
7.2200000000e+02	2.7768820325e-02	-2.7669798162e-02	7.6784790147e-05	3.7545172497e-05
7.2300000000e+02	2.7806366123e-02	-2.7746608941e-02	7.6836756659e-05	3.7546424282e-05
7.2400000000e+02	2.7843913171e-02	-2.7823471652e-02	7.6888653071e-05	3.7547670941e-05
7.2500000000e+02	2.7881461464e-02	-2.7900386224e-02	7.6940479569e-05	3.7548912502e-05
7.2600000000e+02	2.7919010995e-02	-2.7977352588e-02	7.6992236339e-05	3.7550148993e-05
7.2700000000e+02	2.7956561760e-02	-2.8054370673e-02	7.7043923567e-05	3.7551380440e-05
7.2800000000e+02	2.7994113754e-02	-2.8131440412e-02	7.7095541436e-05	3.7552606872e-05
7.2900000000e+02	2.8031666972e-02	-2.8208561733e-02	7.7147090130e-05	3.7553828315e-05
7.3000000000e+02	2.8069221409e-02	-2.8285734569e-02	7.7198569833e-05	3.7555044797e-05
7.3100000000e+02	2.8106777060e-02	-2.8362958850e-02	7.7249980725e-05	3.7556256344e-05
7.3200000000e+02	2.8144333920e-02	-2.8440234507e-02	7.7301322988e-05	3.7557462982e-05
7.3300000000e+02	2.8181891984e-02	-2.8517561473e-02	7.7352596804e-05	3.7558664739e-05
7.3400000000e+02	2.8219451248e-02	-2.8594939678e-02	7.7403802352e-05	3.7559861640e-05
7.3500000000e+02	2.8257011706e-02	-2.8672369055e-02	7.7454939811e-05	3.7561053711e-05
7.3600000000e+02	2.8294573354e-02	-2.8749849535e-02	7.7506009360e-05	3.7562240979e-05
7.3700000000e+02	2.8332136186e-02	-2.8827381051e-02	7.7557011177e-05	3.7563423469e-05
7.3800000000e+02	2.8369700199e-02	-2.8904963535e-02	7.7607945439e-05	3.7564601206e-05
7.3900000000e+02	2.8407265387e-02	-2.8982596920e-02	7.7658812323e-05	3.7565774216e-05
7.4000000000e+02	2.8444831746e-02	-2.9060281137e-02	7.7709612004e-05	3.7566942524e-05
7.4100000000e+02	2.8482399271e-02	-2.9138016121e-02	7.7760344658e-05	3.7568106155e-05
7.4200000000e+02	2.8519967957e-02	-2.9215801804e-02	7.7811010460e-05	3.7569265134e-05
7.4300000000e+02	2.8557537799e-02	-2.9293638120e-02	7.7861609582e-05	3.7570419486e-05
7.4400000000e+02	2.8595108794e-02	-2.9371525001e-02	7.7912142198e-05	3.7571569235e-05
7.4500000000e+02	2.8632680936e-02	-2.9449462382e-02	7.7962608481e-05	3.7572714406e-05
7.4600000000e+02	2.8670254221e-02	-2.9527450196e-02	7.8013008603e-05	3.7573855022e-05
7.4700000000e+02	2.8707828645e-02	-2.9605488377e-02	7.8063342734e-05	3.7574991109e-05
7.4800000000e+02	2.8745404202e-02	-2.9683576860e-02	7.8113611045e-05	3.7576122689e-05
7.4900000000e+02	2.8782980889e-02	-2.9761715578e-02	7.8163813707e-05	3.7577249786e-05
7.5000000000e+02	2.8820558700e-02	-2.9839904465e-02	7.8213950887e-05	3.7578372425e-05
7.5100000000e+02	2.8858137632e-02	-2.9918143458e-02	7.8264022756e-05	3.7579490628e-05
7.5200000000e+02	2.8895717680e-02	-2.9996432489e-02	7.8314029480e-05	3.7580604419e-05
7.5300000000e+02	2.8933298840e-02	-3.0074771495e-02	7.8363971228e-05	3.7581713821e-05
7.5400000000e+02	2.8970881106e-02	-3.0153160410e-02	7.8413848165e-05	3.7582818856e-05
7.5500000000e+02	2.9008464476e-02	-3.0231599170e-02	7.8463660458e-05	3.7583919548e-05
7.5600000000e+02	2.9046048944e-02	-3.0310087709e-02	7.8513408272e-05	3.7585015920e-05
7.5700000000e+02	2.9083634506e-02	-3.0388625965e-02	7.8563091771e-05	3.7586107993e-05
7.5800000000e+02	2.9121221158e-02	-3.0467213872e-02	7.8612711121e-05	3.7587195791e-05
7.5900000000e+02	2.9158808896e-02	-3.0545851366e-02	7.8662266485e-05	3.7588279335e-05
7.6000000000e+02	2.9196397716e-02	-3.0624538383e-02	7.8711758025e-05	3.7589358648e-05
7.6100000000e+02	2.9233987612e-02	-3.0703274861e-02	7.8761185904e-05	3.7590433751e-05
7.6200000000e+02	2.9271578582e-02	-3.0782060734e-02	7.8810550283e-05	3.7591504667e-05
7.6300000000e+02	2.9309170620e-02	-3.0860895940e-02	7.8859851324e-05	3.7592571417e-05
7.6400000000e+02	2.9346763723e-02	-3.0939780416e-02	7.8909089187e-05	3.7593634022e-05
7.6500000000e+02	2.9384357887e-02	-3.1018714097e-02	7.8958264032e-05	3.7594692504e-05
7.6600000000e+02	2.9421953107e-02	-3.1097696923e-02	7.9007376018e-05	3.7595746884e-05
7.6700000000e+02	2.9459549379e-02	-3.1176728829e-02	7.9056425303e-05	3.7596797184e-05
7.6800000000e+02	2.9497146700e-02	-3.1255809752e-02	7.9105412047e-05	3.7597843424e-05
7.6900000000e+02	2.9534745065e-02	-3.1334939632e-02	7.9154336406e-05	3.7598885624e-05
7.7000000000e+02	2.9572344470e-02	-3.1414118404e-02	7.9203198538e-05	3.7599923807e-05
7.7100000000e+02	2.9609944911e-02	-3.1493346008e-02	7.9251998598e-05	3.7600957992e-05
7.7200000000e+02	2.9647546384e-02	-3.1572622381e-02	7.9300736743e-05	3.7601988200e-05
7.7300000000e+02	2.9685148886e-02	-3.1651947461e-02	7.9349413127e-05	3.7603014451e-05
7.7400000000e+02	2.9722752412e-02	-3.1731321187e-02	7.9398027905e-05	3.7604036765e-05
7.7500000000e+02	2.9760356958e-02	-3.1810743496e-02	7.9446581232e-05	3.7605055163e-05
7.7600000000e+02	2.9797962521e-02	-3.1890214329e-02	7.9495073260e-05	3.7606069664e-05
7.7700000000e+02	2.9835569096e-02	-3.1969733623e-02	7.9543504143e-05	3.7607080289e-05
7.7800000000e+02	2.9873176680e-02	-3.2049301317e-02	7.9591874032e-05	3.7608087056e-05
7.7900000000e+02	2.9910785269e-02	-3.2128917350e-02	7.9640183080e-05	3.7609089985e-05
7.8000000000e+02	2.9948394859e-02	-3.2208581663e-02	7.9688431438e-05	3.7610089096e-05
7.8100000000e+02	2.9986005446e-02	-3.2288294193e-02	7.9736619256e-05	3.7611084409e-05
7.8200000000e+02	3.0023617027e-02	-3.2368054881e-02	7.9784746685e-05	3.7612075941e-05
7.8300000000e+02	3.0061229597e-02	-3.2447863666e-02	7.9832813874e-05	3.7613063713e-05
7.8400000000e+02	3.0098843153e-02	-3.2527720489e-02	7.9880820971e-05	3.7614047744e-05
7.8500000000e+02	3.0136457691e-02	-3.2607625288e-02	7.9928768127e-05	3.7615028051e-05
7.8600000000e+02	3.0174073208e-02	-3.2687578005e-02	7.9976655487e-05	3.7616004655e-05
7.8700000000e+02	3.0211689699e-02	-3.2767578579e-02	8.0024483200e-05	3.7616977572e-05
7.8800000000e+02	3.0249307162e-02	-3.2847626952e-02	8.0072251413e-05	3.7617946823e-05
7.8900000000e+02	3.0286925592e-02	-3.2927723062e-02	8.0119960271e-05	3.7618912425e-05
7.9000000000e+02	3.0324544985e-02	-3.3007866852e-02	8.0167609921e-05	3.7619874397e-05
7.9100000000e+02	3.0362165339e-02	-3.3088058263e-02	8.0215200508e-05	3.7620832756e-05
7.9200000000e+02	3.0399786650e-02	-3.3168297234e-02	8.0262732176e-05	3.7621787521e-05
7.9300000000e+02	3.0437408913e-02	-3.3248583707e-02	8.0310205070e-05	3.7622738709e-05
7.9400000000e+02	3.0475032126e-02	-3.3328917624e-02	8.0357619333e-05	3.7623686339e-05
7.9500000000e+02	3.0512656284e-02	-3.3409298927e-02	8.0404975108e-05	3.7624630428e-05
7.9600000000e+02	3.0550281385e-02	-3.3489727555e-02	8.0452272539e-05	3.7625570994e-05
7.9700000000e+02	3.0587907425e-02	-3.3570203452e-02	8.0499511766e-05	3.7626508054e-05
7.9800000000e+02	3.0625534400e-02	-3.3650726559e-02	8.0546692932e-05	3.7627441625e-05
7.9900000000e+02	3.0663162307e-02	-3.3731296819e-02	8.0593816178e-05	3.7628371725e-05
8.0000000000e+02	3.0700791143e-02	-3.3811914172e-02	8.0640881644e-05	3.7629298371e-05
8.0100000000e+02	3.0738420903e-02	-3.3892578563e-02	8.0687889470e-05	3.7630221580e-05
8.0200000000e+02	3.0776051585e-02	-3.3973289932e-02	8.0734839797e-05	3.7631141369e-05
8.0300000000e+02	3.0813683185e-02	-3.4054048223e-02	8.0781732762e-05	3.7632057754e-05
8.0400000000e+02	3.0851315699e-02	-3.4134853379e-02	8.0828568505e-05	3.7632970753e-05
8.0500000000e+02	3.0888949125e-02	-3.4215705341e-02	8.0875347163e-05	3.7633880382e-05
8.0600000000e+02	3.0926583459e-02	-3.4296604054e-02	8.0922068874e-05	3.7634786658e-05
8.0700000000e+02	3.0964218697e-02	-3.4377549460e-02	8.0968733776e-05	3.7635689597e-05
8.0800000000e+02	3.1001854837e-02	-3.4458541503e-02	8.1015342004e-05	3.7636589215e-05
8.0900000000e+02	3.1039491874e-02	-3.4539580125e-02	8.1061893696e-05	3.7637485528e-05
8.1000000000e+02	3.1077129807e-02	-3.4620665271e-02	8.1108388985e-05	3.7638378554e-05
8.1100000000e+02	3.1114768631e-02	-3.4701796884e-02	8.1154828009e-05	3.7639268307e-05
8.1200000000e+02	3.1152408342e-02	-3.4782974909e-02	8.1201210900e-05	3.7640154804e-05
8.1300000000e+02	3.1190048939e-02	-3.4864199288e-02	8.1247537794e-05	3.7641038060e-05
8.1400000000e+02	3.1227690417e-02	-3.4945469966e-02	8.1293808824e-05	3.7641918091e-05
8.1500000000e+02	3.1265332774e-02	-3.5026786887e-02	8.1340024124e-05	3.7642794914e-05
8.1600000000e+02	3.1302976006e-02	-3.5108149995e-02	8.1386183825e-05	3.7643668542e-05
8.1700000000e+02	3.1340620110e-02	-3.5189559236e-02	8.1432288061e-05	3.7644538993e-05
8.1800000000e+02	3.1378265083e-02	-3.5271014553e-02	8.1478336963e-05	3.7645406281e-05
8.1900000000e+02	3.1415910922e-02	-3.5352515891e-02	8.1524330663e-05	3.7646270421e-05
8.2000000000e+02	3.1453557623e-02	-3.5434063196e-02	8.1570269291e-05	3.7647131430e-05
8.2100000000e+02	3.1491205184e-02	-3.5515656412e-02	8.1616152978e-05	3.7647989321e-05
8.2200000000e+02	3.1528853600e-02	-3.5597295484e-02	8.1661981854e-05	3.7648844109e-05
8.2300000000e+02	3.1566502871e-02	-3.5678980357e-02	8.1707756048e-05	3.7649695811e-05
8.2400000000e+02	3.1604152991e-02	-3.5760710978e-02	8.1753475690e-05	3.7650544440e-05
8.2500000000e+02	3.1641803959e-02	-3.5842487290e-02	8.1799140908e-05	3.7651390011e-05
8.2600000000e+02	3.1679455770e-02	-3.5924309241e-02	8.1844751830e-05	3.7652232539e-05
8.2700000000e+02	3.1717108423e-02	-3.6006176776e-02	8.1890308584e-05	3.7653072039e-05
8.2800000000e+02	3.1754761913e-02	-3.6088089840e-02	8.1935811297e-05	3.7653908524e-05
8.2900000000e+02	3.1792416239e-02	-3.6170048381e-02	8.1981260096e-05	3.7654742010e-05
8.3000000000e+02	3.1830071396e-02	-3.6252052343e-02	8.2026655107e-05	3.7655572510e-05
8.3100000000e+02	3.1867727383e-02	-3.6334101673e-02	8.2071996457e-05	3.7656400039e-05
8.3200000000e+02	3.1905384195e-02	-3.6416196318e-02	8.2117284270e-05	3.7657224611e-05
8.3300000000e+02	3.1943041831e-02	-3.6498336224e-02	8.2162518673e-05	3.7658046240e-05
8.3400000000e+02	3.1980700287e-02	-3.6580521337e-02	8.2207699789e-05	3.7658864940e-05
8.3500000000e+02	3.2018359560e-02	-3.6662751605e-02	8.2252827743e-05	3.7659680724e-05
8.3600000000e+02	3.2056019647e-02	-3.6745026975e-02	8.2297902658e-05	3.7660493608e-05
8.3700000000e+02	3.2093680546e-02	-3.6827347393e-02	8.2342924659e-05	3.7661303603e-05
8.3800000000e+02	3.2131342254e-02	-3.6909712807e-02	8.2387893867e-05	3.7662110725e-05
8.3900000000e+02	3.2169004767e-02	-3.6992123163e-02	8.2432810405e-05	3.7662914986e-05
8.4000000000e+02	3.2206668083e-02	-3.7074578410e-02	8.2477674396e-05	3.7663716400e-05
8.4100000000e+02	3.2244332198e-02	-3.7157078495e-02	8.2522485961e-05	3.7664514980e-05
8.4200000000e+02	3.2281997112e-02	-3.7239623365e-02	8.2567245221e-05	3.7665310740e-05
8.4300000000e+02	3.2319662819e-02	-3.7322212968e-02	8.2611952297e-05	3.7666103693e-05
8.4400000000e+02	3.2357329318e-02	-3.7404847252e-02	8.2656607310e-05	3.7666893852e-05
8.4500000000e+02	3.2394996606e-02	-3.7487526165e-02	8.2701210380e-05	3.7667681230e-05
8.4600000000e+02	3.2432664680e-02	-3.7570249655e-02	8.2745761625e-05	3.7668465840e-05
8.4700000000e+02	3.2470333537e-02	-3.7653017671e-02	8.2790261166e-05	3.7669247695e-05
8.4800000000e+02	3.2508003174e-02	-3.7735830160e-02	8.2834709121e-05	3.7670026808e-05
8.4900000000e+02	3.2545673589e-02	-3.7818687072e-02	8.2879105608e-05	3.7670803192e-05
8.5000000000e+02	3.2583344779e-02	-3.7901588355e-02	8.2923450746e-05	3.7671576860e-05
8.5100000000e+02	3.2621016742e-02	-3.7984533957e-02	8.2967744652e-05	3.7672347823e-05
8.5200000000e+02	3.2658689474e-02	-3.8067523827e-02	8.3011987443e-05	3.7673116095e-05
8.5300000000e+02	3.2696362973e-02	-3.8150557914e-02	8.3056179235e-05	3.7673881689e-05
8.5400000000e+02	3.2734037237e-02	-3.8233636168e-02	8.3100320146e-05	3.7674644615e-05
8.5500000000e+02	3.2771712262e-02	-3.8316758538e-02	8.3144410292e-05	3.7675404888e-05
8.5600000000e+02	3.2809388046e-02	-3.8399924972e-02	8.3188449787e-05	3.7676162519e-05
8.5700000000e+02	3.2847064586e-02	-3.8483135421e-02	8.3232438747e-05	3.7676917520e-05
8.5800000000e+02	3.2884741880e-02	-3.8566389833e-02	8.3276377287e-05	3.7677669903e-05
8.5900000000e+02	3.2922419925e-02	-3.8649688158e-02	8.3320265522e-05	3.7678419682e-05
8.6000000000e+02	3.2960098718e-02	-3.8733030347e-02	8.3364103564e-05	3.7679166866e-05
8.6100000000e+02	3.2997778258e-02	-3.8816416349e-02	8.3407891529e-05	3.7679911469e-05
8.6200000000e+02	3.3035458540e-02	-3.8899846113e-02	8.3451629529e-05	3.7680653503e-05
8.6300000000e+02	3.3073139564e-02	-3.8983319591e-02	8.3495317677e-05	3.7681392978e-05
8.6400000000e+02	3.3110821325e-02	-3.9066836732e-02	8.3538956085e-05	3.7682129908e-05
8.6500000000e+02	3.3148503823e-02	-3.9150397487e-02	8.3582544867e-05	3.7682864302e-05
8.6600000000e+02	3.3186187053e-02	-3.9234001805e-02	8.3626084132e-05	3.7683596174e-05
8.6700000000e+02	3.3223871014e-02	-3.9317649639e-02	8.3669573994e-05	3.7684325535e-05
8.6800000000e+02	3.3261555703e-02	-3.9401340937e-02	8.3713014563e-05	3.7685052395e-05
8.6900000000e+02	3.3299241118e-02	-3.9485075651e-02	8.3756405949e-05	3.7685776767e-05
8.7000000000e+02	3.3336927256e-02	-3.9568853733e-02	8.3799748263e-05	3.7686498662e-05
8.7100000000e+02	3.3374614115e-02	-3.9652675132e-02	8.3843041615e-05	3.7687218090e-05
8.7200000000e+02	3.3412301692e-02	-3.9736539799e-02	8.3886286114e-05	3.7687935064e-05
8.7300000000e+02	3.3449989984e-02	-3.9820447688e-02	8.3929481869e-05	3.7688649594e-05
8.7400000000e+02	3.3487678990e-02	-3.9904398747e-02	8.3972628990e-05	3.7689361692e-05
8.7500000000e+02	3.3525368707e-02	-3.9988392929e-02	8.4015727584e-05	3.7690071368e-05
8.7600000000e+02	3.3563059132e-02	-4.0072430186e-02	8.4058777760e-05	3.7690778633e-05
8.7700000000e+02	3.3600750263e-02	-4.0156510469e-02	8.4101779626e-05	3.7691483499e-05
8.7800000000e+02	3.3638442098e-02	-4.0240633729e-02	8.4144733288e-05	3.7692185976e-05
8.7900000000e+02	3.3676134634e-02	-4.0324799919e-02	8.4187638855e-05	3.7692886074e-05
8.8000000000e+02	3.3713827869e-02	-4.0409008991e-02	8.4230496432e-05	3.7693583805e-05
8.8100000000e+02	3.3751521801e-02	-4.0493260896e-02	8.4273306126e-05	3.7694279179e-05
8.8200000000e+02	3.3789216427e-02	-4.0577555587e-02	8.4316068043e-05	3.7694972207e-05
8.8300000000e+02	3.3826911745e-02	-4.0661893016e-02	8.4358782289e-05	3.7695662900e-05
8.8400000000e+02	3.3864607752e-02	-4.0746273136e-02	8.4401448968e-05	3.7696351267e-05
8.8500000000e+02	3.3902304447e-02	-4.0830695899e-02	8.4444068186e-05	3.7697037319e-05
8.8600000000e+02	3.3940001826e-02	-4.0915161257e-02	8.4486640048e-05	3.7697721067e-05
8.8700000000e+02	3.3977699888e-02	-4.0999669163e-02	8.4529164657e-05	3.7698402520e-05
8.8800000000e+02	3.4015398630e-02	-4.1084219570e-02	8.4571642118e-05	3.7699081690e-05
8.8900000000e+02	3.4053098050e-02	-4.1168812431e-02	8.4614072533e-05	3.7699758586e-05
8.9000000000e+02	3.4090798147e-02	-4.1253447700e-02	8.4656456007e-05	3.7700433218e-05
8.9100000000e+02	3.4128498916e-02	-4.1338125328e-02	8.4698792642e-05	3.7701105596e-05
8.9200000000e+02	3.4166200357e-02	-4.1422845269e-02	8.4741082541e-05	3.7701775731e-05
8.9300000000e+02	3.4203902467e-02	-4.1507607477e-02	8.4783325805e-05	3.7702443632e-05
8.9400000000e+02	3.4241605244e-02	-4.1592411905e-02	8.4825522538e-05	3.7703109310e-05
8.9500000000e+02	3.4279308685e-02	-4.1677258507e-02	8.4867672840e-05	3.7703772773e-05
8.9600000000e+02	3.4317012788e-02	-4.1762147236e-02	8.4909776813e-05	3.7704434033e-05
8.9700000000e+02	3.4354717552e-02	-4.1847078045e-02	8.4951834557e-05	3.7705093098e-05
8.9800000000e+02	3.4392422974e-02	-4.1932050889e-02	8.4993846173e-05	3.7705749978e-05
8.9900000000e+02	3.4430129051e-02	-4.2017065722e-02	8.5035811761e-05	3.7706404683e-05
9.0000000000e+02	3.4467835782e-02	-4.2102122498e-02	8.5077731422e-05	3.7707057223e-05
9.0100000000e+02	3.4505543165e-02	-4.2187221170e-02	8.5119605255e-05	3.7707707607e-05
9.0200000000e+02	3.4543251197e-02	-4.2272361693e-02	8.5161433359e-05	3.7708355844e-05
9.0300000000e+02	3.4580959876e-02	-4.2357544021e-02	8.5203215833e-05	3.7709001944e-05
9.0400000000e+02	3.4618669200e-02	-4.2442768109e-02	8.5244952776e-05	3.7709645916e-05
9.0500000000e+02	3.4656379167e-02	-4.2528033912e-02	8.5286644286e-05	3.7710287770e-05
9.0600000000e+02	3.4694089775e-02	-4.2613341383e-02	8.5328290461e-05	3.7710927515e-05
9.0700000000e+02	3.4731801022e-02	-4.2698690478e-02	8.5369891399e-05	3.7711565160e-05
9.0800000000e+02	3.4769512905e-02	-4.2784081151e-02	8.5411447197e-05	3.7712200714e-05
9.0900000000e+02	3.4807225422e-02	-4.2869513357e-02	8.5452957953e-05	3.7712834187e-05
9.1000000000e+02	3.4844938572e-02	-4.2954987051e-02	8.5494423762e-05	3.7713465587e-05
9.1100000000e+02	3.4882652353e-02	-4.3040502189e-02	8.5535844722e-05	3.7714094923e-05
9.1200000000e+02	3.4920366761e-02	-4.3126058726e-02	8.5577220929e-05	3.7714722205e-05
9.1300000000e+02	3.4958081796e-02	-4.3211656616e-02	8.5618552479e-05	3.7715347441e-05
9.1400000000e+02	3.4995797456e-02	-4.3297295816e-02	8.5659839466e-05	3.7715970640e-05
9.1500000000e+02	3.5033513737e-02	-4.3382976281e-02	8.5701081986e-05	3.7716591812e-05
9.1600000000e+02	3.5071230639e-02	-4.3468697965e-02	8.5742280135e-05	3.7717210964e-05
9.1700000000e+02	3.5108948158e-02	-4.3554460826e-02	8.5783434007e-05	3.7717828105e-05
9.1800000000e+02	3.5146666294e-02	-4.3640264819e-02	8.5824543696e-05	3.7718443245e-05
9.1900000000e+02	3.5184385044e-02	-4.3726109899e-02	8.5865609296e-05	3.7719056391e-05
9.2000000000e+02	3.5222104406e-02	-4.3811996023e-02	8.5906630901e-05	3.7719667553e-05
9.2100000000e+02	3.5259824379e-02	-4.3897923146e-02	8.5947608604e-05	3.7720276739e-05
9.2200000000e+02	3.5297544959e-02	-4.3983891225e-02	8.5988542499e-05	3.7720883958e-05
9.2300000000e+02	3.5335266146e-02	-4.4069900216e-02	8.6029432678e-05	3.7721489217e-05
9.2400000000e+02	3.5372987937e-02	-4.4155950076e-02	8.6070279235e-05	3.7722092525e-05
9.2500000000e+02	3.5410710330e-02	-4.4242040760e-02	8.6111082260e-05	3.7722693891e-05
9.2600000000e+02	3.5448433324e-02	-4.4328172226e-02	8.6151841847e-05	3.7723293324e-05
9.2700000000e+02	3.5486156916e-02	-4.4414344430e-02	8.6192558086e-05	3.7723890830e-05
9.2800000000e+02	3.5523881105e-02	-4.4500557328e-02	8.6233231070e-05	3.7724486419e-05
9.2900000000e+02	3.5561605888e-02	-4.4586810877e-02	8.6273860889e-05	3.7725080098e-05
9.3000000000e+02	3.5599331265e-02	-4.4673105035e-02	8.6314447634e-05	3.7725671877e-05
9.3100000000e+02	3.5637057232e-02	-4.4759439758e-02	8.6354991396e-05	3.7726261762e-05
9.3200000000e+02	3.5674783788e-02	-4.4845815004e-02	8.6395492265e-05	3.7726849762e-05
9.3300000000e+02	3.5712510930e-02	-4.4932230729e-02	8.6435950331e-05	3.7727435885e-05
9.3400000000e+02	3.5750238659e-02	-4.5018686890e-02	8.6476365684e-05	3.7728020139e-05
9.3500000000e+02	3.5787966970e-02	-4.5105183446e-02	8.6516738413e-05	3.7728602532e-05
9.3600000000e+02	3.5825695863e-02	-4.5191720353e-02	8.6557068607e-05	3.7729183071e-05
9.3700000000e+02	3.5863425336e-02	-4.5278297569e-02	8.6597356355e-05	3.7729761765e-05
9.3800000000e+02	3.5901155386e-02	-4.5364915051e-02	8.6637601746e-05	3.7730338622e-05
9.3900000000e+02	3.5938886012e-02	-4.5451572758e-02	8.6677804867e-05	3.7730913648e-05
9.4000000000e+02	3.5976617213e-02	-4.5538270647e-02	8.6717965808e-05	3.7731486853e-05
9.4100000000e+02	3.6014348985e-02	-4.5625008676e-02	8.6758084656e-05	3.7732058242e-05
9.4200000000e+02	3.6052081329e-02	-4.5711786802e-02	8.6798161498e-05	3.7732627826e-05
9.4300000000e+02	3.6089814240e-02	-4.5798604985e-02	8.6838196421e-05	3.7733195609e-05
9.4400000000e+02	3.6127547719e-02	-4.5885463181e-02	8.6878189513e-05	3.7733761601e-05
9.4500000000e+02	3.6165281763e-02	-4.5972361350e-02	8.6918140860e-05	3.7734325809e-05
9.4600000000e+02	3.6203016370e-02	-4.6059299449e-02	8.6958050549e-05	3.7734888241e-05
9.4700000000e+02	3.6240751539e-02	-4.6146277437e-02	8.6997918665e-05	3.7735448903e-05
9.4800000000e+02	3.6278487267e-02	-4.6233295273e-02	8.7037745295e-05	3.7736007803e-05
9.4900000000e+02	3.6316223554e-02	-4.6320352914e-02	8.7077530525e-05	3.7736564949e-05
9.5000000000e+02	3.6353960397e-02	-4.6407450320e-02	8.7117274438e-05	3.7737120347e-05
9.5100000000e+02	3.6391697794e-02	-4.6494587449e-02	8.7156977122e-05	3.7737674006e-05
9.5200000000e+02	3.6429435744e-02	-4.6581764260e-02	8.7196638660e-05	3.7738225932e-05
9.5300000000e+02	3.6467174245e-02	-4.6668980713e-02	8.7236259137e-05	3.7738776132e-05
9.5400000000e+02	3.6504913296e-02	-4.6756236765e-02	8.7275838638e-05	3.7739324615e-05
9.5500000000e+02	3.6542652894e-02	-4.6843532376e-02	8.7315377246e-05	3.7739871386e-05
9.5600000000e+02	3.6580393038e-02	-4.6930867506e-02	8.7354875046e-05	3.7740416453e-05
9.5700000000e+02	3.6618133726e-02	-4.7018242113e-02	8.7394332120e-05	3.7740959823e-05
9.5800000000e+02	3.6655874957e-02	-4.7105656157e-02	8.7433748553e-05	3.7741501504e-05
9.5900000000e+02	3.6693616729e-02	-4.7193109596e-02	8.7473124427e-05	3.7742041501e-05
9.6000000000e+02	3.6731359040e-02	-4.7280602392e-02	8.7512459824e-05	3.7742579822e-05
9.6100000000e+02	3.6769101888e-02	-4.7368134503e-02	8.7551754829e-05	3.7743116475e-05
9.6200000000e+02	3.6806845272e-02	-4.7455705888e-02	8.7591009522e-05	3.7743651465e-05
9.6300000000e+02	3.6844589190e-02	-4.7543316508e-02	8.7630223986e-05	3.7744184800e-05
9.6400000000e+02	3.6882333641e-02	-4.7630966323e-02	8.7669398303e-05	3.7744716486e-05
9.6500000000e+02	3.6920078623e-02	-4.7718655291e-02	8.7708532554e-05	3.7745246531e-05
9.6600000000e+02	3.6957824134e-02	-4.7806383374e-02	8.7747626820e-05	3.7745774940e-05
9.6700000000e+02	3.6995570172e-02	-4.7894150532e-02	8.7786681183e-05	3.7746301721e-05
9.6800000000e+02	3.7033316736e-02	-4.7981956724e-02	8.7825695723e-05	3.7746826881e-05
9.6900000000e+02	3.7071063825e-02	-4.8069801910e-02	8.7864670521e-05	3.7747350426e-05
9.7000000000e+02	3.7108811437e-02	-4.8157686051e-02	8.7903605658e-05	3.7747872362e-05
9.7100000000e+02	3.7146559569e-02	-4.8245609108e-02	8.7942501213e-05	3.7748392696e-05
9.7200000000e+02	3.7184308222e-02	-4.8333571041e-02	8.7981357266e-05	3.7748911435e-05
9.7300000000e+02	3.7222057392e-02	-4.8421571810e-02	8.8020173897e-05	3.7749428586e-05
9.7400000000e+02	3.7259807078e-02	-4.8509611375e-02	8.8058951184e-05	3.7749944154e-05
9.7500000000e+02	3.7297557280e-02	-4.8597689699e-02	8.8097689209e-05	3.7750458146e-05
9.7600000000e+02	3.7335307994e-02	-4.8685806741e-02	8.8136388048e-05	3.7750970569e-05
9.7700000000e+02	3.7373059220e-02	-4.8773962462e-02	8.8175047781e-05	3.7751481428e-05
9.7800000000e+02	3.7410810956e-02	-4.8862156823e-02	8.8213668486e-05	3.7751990731e-05
9.7900000000e+02	3.7448563201e-02	-4.8950389786e-02	8.8252250242e-05	3.7752498484e-05
9.8000000000e+02	3.7486315953e-02	-4.9038661311e-02	8.8290793126e-05	3.7753004692e-05
9.8100000000e+02	3.7524069210e-02	-4.9126971359e-02	8.8329297216e-05	3.7753509363e-05
9.8200000000e+02	3.7561822971e-02	-4.9215319892e-02	8.8367762590e-05	3.7754012501e-05
9.8300000000e+02	3.7599577235e-02	-4.9303706871e-02	8.8406189324e-05	3.7754514115e-05
9.8400000000e+02	3.7637331999e-02	-4.9392132258e-02	8.8444577497e-05	3.7755014208e-05
9.8500000000e+02	3.7675087262e-02	-4.9480596014e-02	8.8482927184e-05	3.7755512789e-05
9.8600000000e+02	3.7712843024e-02	-4.9569098100e-02	8.8521238462e-05	3.7756009863e-05
9.8700000000e+02	3.7750599282e-02	-4.9657638478e-02	8.8559511408e-05	3.7756505435e-05
9.8800000000e+02	3.7788356034e-02	-4.9746217110e-02	8.8597746097e-05	3.7756999512e-05
9.8900000000e+02	3.7826113280e-02	-4.9834833957e-02	8.8635942606e-05	3.7757492101e-05
9.9000000000e+02	3.7863871018e-02	-4.9923488982e-02	8.8674101010e-05	3.7757983206e-05
9.9100000000e+02	3.7901629246e-02	-5.0012182147e-02	8.8712221385e-05	3.7758472834e-05
9.9200000000e+02	3.7939387963e-02	-5.0100913412e-02	8.8750303806e-05	3.7758960990e-05
9.9300000000e+02	3.7977147168e-02	-5.0189682742e-02	8.8788348348e-05	3.7759447682e-05
9.9400000000e+02	3.8014906858e-02	-5.0278490096e-02	8.8826355085e-05	3.7759932914e-05
9.9500000000e+02	3.8052667033e-02	-5.0367335439e-02	8.8864324093e-05	3.7760416692e-05
9.9600000000e+02	3.8090427691e-02	-5.0456218732e-02	8.8902255445e-05	3.7760899022e-05
9.9700000000e+02	3.8128188830e-02	-5.0545139938e-02	8.8940149216e-05	3.7761379910e-05
9.9800000000e+02	3.8165950450e-02	-5.0634099018e-02	8.8978005479e-05	3.7761859362e-05
9.9900000000e+02	3.8203712549e-02	-5.0723095936e-02	8.9015824309e-05	3.7762337383e-05
