# total modes from dos = 5.9999670106e+00
# ZPE = 4.3269423563e-03 Ry/cell
# Multiply by 13.6058 to have energies in eV/cell etc..
# Multiply by 13.6058 x 23060.35 = 313 754.5 to have energies in cal/(N mol).
# Multiply by 13.6058 x 96526.0 = 1 313 313 to have energies in J/(N mol).
# N is the number of formula units per cell.
#
# T (K) 	Evib (Ry/cell)	Fvib (Ry/cell)	Svib (Ry/cell/K)	Cvib (Ry/cell/K)
1.0000000000e+00	4.3269423716e-03	4.3269422840e-03	8.7652552931e-11	4.5097312895e-11
2.0000000000e+00	4.3269425085e-03	4.3269421609e-03	1.7379114119e-10	2.7462624212e-10
3.0000000000e+00	4.3269430433e-03	4.3269418955e-03	3.8259426967e-10	8.7146000090e-10
4.0000000000e+00	4.3269444354e-03	4.3269413345e-03	7.7522885753e-10	2.0202323552e-09
5.0000000000e+00	4.3269473301e-03	4.3269402632e-03	1.4133734393e-09	3.9081503004e-09
6.0000000000e+00	4.3269525619e-03	4.3269384051e-03	2.3594660689e-09	6.7269086246e-09
7.0000000000e+00	4.3269611605e-03	4.3269354205e-03	3.6771518816e-09	1.0675896311e-08
8.0000000000e+00	4.3269743610e-03	4.3269309051e-03	5.4319921840e-09	1.5967730486e-08
9.0000000000e+00	4.3269936221e-03	4.3269243879e-03	7.6926848916e-09	2.2839328109e-08
1.0000000000e+01	4.3270206597e-03	4.3269153265e-03	1.0533320581e-08	3.1573690163e-08
1.1000000000e+01	4.3270575105e-03	4.3269031003e-03	1.4037290570e-08	4.2535486646e-08
1.2000000000e+01	4.3271066352e-03	4.3268869983e-03	1.8303076332e-08	5.6216436827e-08
1.3000000000e+01	4.3271710684e-03	4.3268662003e-03	2.3451393589e-08	7.3279312898e-08
1.4000000000e+01	4.3272546066e-03	4.3268397516e-03	2.9632497963e-08	9.4587525098e-08
1.5000000000e+01	4.3273620132e-03	4.3268065296e-03	3.7032245104e-08	1.2121129017e-07
1.6000000000e+01	4.3274992185e-03	4.3267652063e-03	4.5875764975e-08	1.5440814216e-07
1.7000000000e+01	4.3276734874e-03	4.3267142088e-03	5.6428148778e-08	1.9558152897e-07
1.8000000000e+01	4.3278935379e-03	4.3266516798e-03	6.8992113826e-08	2.4622468996e-07
1.9000000000e+01	4.3281696005e-03	4.3265754426e-03	8.3903048068e-08	3.0785787346e-07
2.0000000000e+01	4.3285134130e-03	4.3264829712e-03	1.0152208771e-07	3.8196603018e-07
2.1000000000e+01	4.3289381568e-03	4.3263713695e-03	1.2222796528e-07	4.6994233279e-07
2.2000000000e+01	4.3294583404e-03	4.3262373572e-03	1.4640832886e-07	5.7304091909e-07
2.3000000000e+01	4.3300896412e-03	4.3260772653e-03	1.7445112679e-07	6.9234052891e-07
2.4000000000e+01	4.3308487169e-03	4.3258870405e-03	2.0673651625e-07	8.2871936719e-07
2.5000000000e+01	4.3317529965e-03	4.3256622561e-03	2.4362961638e-07	9.8284059285e-07
2.6000000000e+01	4.3328204623e-03	4.3253981305e-03	2.8547430250e-07	1.1551472547e-06
2.7000000000e+01	4.3340694305e-03	4.3250895508e-03	3.3258813529e-07	1.3458651947e-06
2.8000000000e+01	4.3355183380e-03	4.3247311017e-03	3.8525843844e-07	1.5550123396e-06
2.9000000000e+01	4.3371855416e-03	4.3243170966e-03	4.4373948010e-07	1.7824128405e-06
3.0000000000e+01	4.3390891325e-03	4.3238416123e-03	5.0825067355e-07	2.0277146429e-06
3.1000000000e+01	4.3412467700e-03	4.3232985236e-03	5.7897568820e-07	2.2904092424e-06
3.2000000000e+01	4.3436755351e-03	4.3226815400e-03	6.5606234968e-07	2.5698525712e-06
3.3000000000e+01	4.3463918062e-03	4.3219842405e-03	7.3962320442e-07	2.8652861566e-06
3.4000000000e+01	4.3494111543e-03	4.3212001090e-03	8.2973662724e-07	3.1758578720e-06
3.5000000000e+01	4.3527482600e-03	4.3203225674e-03	9.2644835798e-07	3.5006417717e-06
3.6000000000e+01	4.3564168486e-03	4.3193450075e-03	1.0297733632e-06	3.8386566404e-06
3.7000000000e+01	4.3604296440e-03	4.3182608206e-03	1.1396979308e-06	4.1888830154e-06
3.8000000000e+01	4.3647983378e-03	4.3170634249e-03	1.2561819173e-06	4.5502785388e-06
3.9000000000e+01	4.3695335736e-03	4.3157462914e-03	1.3791610801e-06	4.9217915777e-06
4.0000000000e+01	4.3746449436e-03	4.3143029662e-03	1.5085494369e-06	5.3023731164e-06
4.1000000000e+01	4.3801409970e-03	4.3127270911e-03	1.6442416071e-06	5.6909869681e-06
4.2000000000e+01	4.3860292564e-03	4.3110124223e-03	1.7861150977e-06	6.0866183935e-06
4.3000000000e+01	4.3923162439e-03	4.3091528461e-03	1.9340325056e-06	6.4882812309e-06
4.4000000000e+01	4.3990075117e-03	4.3071423926e-03	2.0878436143e-06	6.8950236625e-06
4.5000000000e+01	4.4061076796e-03	4.3049752479e-03	2.2473873709e-06	7.3059327451e-06
4.6000000000e+01	4.4136204753e-03	4.3026457636e-03	2.4124937329e-06	7.7201378381e-06
4.7000000000e+01	4.4215487781e-03	4.3001484653e-03	2.5829853798e-06	8.1368130565e-06
4.8000000000e+01	4.4298946645e-03	4.2974780587e-03	2.7586792860e-06	8.5551788754e-06
4.9000000000e+01	4.4386594548e-03	4.2946294350e-03	2.9393881585e-06	8.9745030014e-06
5.0000000000e+01	4.4478437611e-03	4.2915976742e-03	3.1249217389e-06	9.3941006206e-06
5.1000000000e+01	4.4574475341e-03	4.2883780473e-03	3.3150879769e-06	9.8133341223e-06
5.2000000000e+01	4.4674701104e-03	4.2849660182e-03	3.5096940803e-06	1.0231612388e-05
5.3000000000e+01	4.4779102581e-03	4.2813572434e-03	3.7085474473e-06	1.0648389727e-05
5.4000000000e+01	4.4887662219e-03	4.2775475715e-03	3.9114564892e-06	1.1063164530e-05
5.5000000000e+01	4.5000357662e-03	4.2735330419e-03	4.1182313514e-06	1.1475477698e-05
5.6000000000e+01	4.5117162169e-03	4.2693098827e-03	4.3286845388e-06	1.1884910917e-05
5.7000000000e+01	4.5238045012e-03	4.2648745082e-03	4.5426314547e-06	1.2291084798e-05
5.8000000000e+01	4.5362971855e-03	4.2602235157e-03	4.7598908592e-06	1.2693656952e-05
5.9000000000e+01	4.5491905117e-03	4.2553536816e-03	4.9802852559e-06	1.3092320015e-05
6.0000000000e+01	4.5624804307e-03	4.2502619580e-03	5.2036412116e-06	1.3486799655e-05
6.1000000000e+01	4.5761626351e-03	4.2449454684e-03	5.4297896181e-06	1.3876852589e-05
6.2000000000e+01	4.5902325886e-03	4.2394015029e-03	5.6585658992e-06	1.4262264627e-05
6.3000000000e+01	4.6046855548e-03	4.2336275140e-03	5.8898101711e-06	1.4642848754e-05
6.4000000000e+01	4.6195166227e-03	4.2276211116e-03	6.1233673602e-06	1.5018443272e-05
6.5000000000e+01	4.6347207318e-03	4.2213800584e-03	6.3590872830e-06	1.5388910000e-05
6.6000000000e+01	4.6502926944e-03	4.2149022646e-03	6.5968246936e-06	1.5754132548e-05
6.7000000000e+01	4.6662272165e-03	4.2081857833e-03	6.8364393016e-06	1.6114014664e-05
6.8000000000e+01	4.6825189175e-03	4.2012288054e-03	7.0777957653e-06	1.6468478660e-05
6.9000000000e+01	4.6991623474e-03	4.1940296547e-03	7.3207636628e-06	1.6817463925e-05
7.0000000000e+01	4.7161520039e-03	4.1865867829e-03	7.5652174439e-06	1.7160925504e-05
7.1000000000e+01	4.7334823469e-03	4.1788987648e-03	7.8110363668e-06	1.7498832777e-05
7.2000000000e+01	4.7511478121e-03	4.1709642938e-03	8.0581044204e-06	1.7831168202e-05
7.3000000000e+01	4.7691428240e-03	4.1627821768e-03	8.3063102357e-06	1.8157926140e-05
7.4000000000e+01	4.7874618068e-03	4.1543513297e-03	8.5555469874e-06	1.8479111765e-05
7.5000000000e+01	4.8060991950e-03	4.1456707733e-03	8.8057122884e-06	1.8794740030e-05
7.6000000000e+01	4.8250494423e-03	4.1367396284e-03	9.0567080773e-06	1.9104834720e-05
7.7000000000e+01	4.8443070304e-03	4.1275571117e-03	9.3084405025e-06	1.9409427558e-05
7.8000000000e+01	4.8638664763e-03	4.1181225318e-03	9.5608198013e-06	1.9708557388e-05
7.9000000000e+01	4.8837223392e-03	4.1084352851e-03	9.8137601779e-06	2.0002269406e-05
8.0000000000e+01	4.9038692261e-03	4.0984948518e-03	1.0067179679e-05	2.0290614456e-05
8.1000000000e+01	4.9243017976e-03	4.0883007922e-03	1.0321000068e-05	2.0573648381e-05
8.2000000000e+01	4.9450147725e-03	4.0778527429e-03	1.0575146702e-05	2.0851431418e-05
8.3000000000e+01	4.9660029315e-03	4.0671504138e-03	1.0829548407e-05	2.1124027649e-05
8.4000000000e+01	4.9872611213e-03	4.0561935837e-03	1.1084137352e-05	2.1391504492e-05
8.5000000000e+01	5.0087842574e-03	4.0449820982e-03	1.1338848932e-05	2.1653932232e-05
8.6000000000e+01	5.0305673270e-03	4.0335158655e-03	1.1593621644e-05	2.1911383598e-05
8.7000000000e+01	5.0526053907e-03	4.0217948541e-03	1.1848396973e-05	2.2163933370e-05
8.8000000000e+01	5.0748935853e-03	4.0098190893e-03	1.2103119273e-05	2.2411658023e-05
8.9000000000e+01	5.0974271244e-03	3.9975886509e-03	1.2357735657e-05	2.2654635401e-05
9.0000000000e+01	5.1202013000e-03	3.9851036701e-03	1.2612195888e-05	2.2892944424e-05
9.1000000000e+01	5.1432114836e-03	3.9723643271e-03	1.2866452270e-05	2.3126664816e-05
9.2000000000e+01	5.1664531268e-03	3.9593708486e-03	1.3120459546e-05	2.3355876863e-05
9.3000000000e+01	5.1899217615e-03	3.9461235053e-03	1.3374174797e-05	2.3580661193e-05
9.4000000000e+01	5.2136130002e-03	3.9326226099e-03	1.3627557344e-05	2.3801098573e-05
9.5000000000e+01	5.2375225365e-03	3.9188685144e-03	1.3880568654e-05	2.4017269736e-05
9.6000000000e+01	5.2616461445e-03	3.9048616085e-03	1.4133172249e-05	2.4229255216e-05
9.7000000000e+01	5.2859796785e-03	3.8906023174e-03	1.4385333620e-05	2.4437135203e-05
9.8000000000e+01	5.3105190730e-03	3.8760910996e-03	1.4637020136e-05	2.4640989414e-05
9.9000000000e+01	5.3352603418e-03	3.8613284457e-03	1.4888200971e-05	2.4840896984e-05
1.0000000000e+02	5.3601995775e-03	3.8463148759e-03	1.5138847016e-05	2.5036936355e-05
1.0100000000e+02	5.3853329510e-03	3.8310509391e-03	1.5388930811e-05	2.5229185192e-05
1.0200000000e+02	5.4106567100e-03	3.8155372104e-03	1.5638426467e-05	2.5417720303e-05
1.0300000000e+02	5.4361671790e-03	3.7997742903e-03	1.5887309599e-05	2.5602617568e-05
1.0400000000e+02	5.4618607575e-03	3.7837628030e-03	1.6135557255e-05	2.5783951883e-05
1.0500000000e+02	5.4877339197e-03	3.7675033948e-03	1.6383147856e-05	2.5961797101e-05
1.0600000000e+02	5.5137832130e-03	3.7509967331e-03	1.6630061131e-05	2.6136225998e-05
1.0700000000e+02	5.5400052568e-03	3.7342435047e-03	1.6876278057e-05	2.6307310226e-05
1.0800000000e+02	5.5663967420e-03	3.7172444151e-03	1.7121780805e-05	2.6475120288e-05
1.0900000000e+02	5.5929544292e-03	3.7000001867e-03	1.7366552683e-05	2.6639725511e-05
1.1000000000e+02	5.6196751475e-03	3.6825115585e-03	1.7610578082e-05	2.6801194026e-05
1.1100000000e+02	5.6465557940e-03	3.6647792843e-03	1.7853842430e-05	2.6959592752e-05
1.1200000000e+02	5.6735933317e-03	3.6468041319e-03	1.8096332141e-05	2.7114987387e-05
1.1300000000e+02	5.7007847889e-03	3.6285868824e-03	1.8338034570e-05	2.7267442396e-05
1.1400000000e+02	5.7281272577e-03	3.6101283291e-03	1.8578937970e-05	2.7417021013e-05
1.1500000000e+02	5.7556178928e-03	3.5914292765e-03	1.8819031446e-05	2.7563785236e-05
1.1600000000e+02	5.7832539103e-03	3.5724905396e-03	1.9058304920e-05	2.7707795830e-05
1.1700000000e+02	5.8110325864e-03	3.5533129431e-03	1.9296749088e-05	2.7849112331e-05
1.1800000000e+02	5.8389512564e-03	3.5338973207e-03	1.9534355387e-05	2.7987793055e-05
1.1900000000e+02	5.8670073130e-03	3.5142445142e-03	1.9771115956e-05	2.8123895101e-05
1.2000000000e+02	5.8951982057e-03	3.4943553731e-03	2.0007023605e-05	2.8257474370e-05
1.2100000000e+02	5.9235214390e-03	3.4742307535e-03	2.0242071781e-05	2.8388585567e-05
1.2200000000e+02	5.9519745720e-03	3.4538715180e-03	2.0476254541e-05	2.8517282222e-05
1.2300000000e+02	5.9805552161e-03	3.4332785347e-03	2.0709566516e-05	2.8643616700e-05
1.2400000000e+02	6.0092610350e-03	3.4124526768e-03	2.0942002889e-05	2.8767640218e-05
1.2500000000e+02	6.0380897429e-03	3.3913948222e-03	2.1173559366e-05	2.8889402861e-05
1.2600000000e+02	6.0670391035e-03	3.3701058527e-03	2.1404232149e-05	2.9008953598e-05
1.2700000000e+02	6.0961069288e-03	3.3485866536e-03	2.1634017915e-05	2.9126340302e-05
1.2800000000e+02	6.1252910783e-03	3.3268381135e-03	2.1862913788e-05	2.9241609767e-05
1.2900000000e+02	6.1545894578e-03	3.3048611235e-03	2.2090917321e-05	2.9354807723e-05
1.3000000000e+02	6.1840000182e-03	3.2826565770e-03	2.2318026471e-05	2.9465978862e-05
1.3100000000e+02	6.2135207545e-03	3.2602253692e-03	2.2544239583e-05	2.9575166852e-05
1.3200000000e+02	6.2431497051e-03	3.2375683969e-03	2.2769555365e-05	2.9682414357e-05
1.3300000000e+02	6.2728849503e-03	3.2146865579e-03	2.2993972875e-05	2.9787763058e-05
1.3400000000e+02	6.3027246119e-03	3.1915807508e-03	2.3217491500e-05	2.9891253673e-05
1.3500000000e+02	6.3326668516e-03	3.1682518746e-03	2.3440110940e-05	2.9992925972e-05
1.3600000000e+02	6.3627098707e-03	3.1447008287e-03	2.3661831191e-05	3.0092818804e-05
1.3700000000e+02	6.3928519087e-03	3.1209285119e-03	2.3882652531e-05	3.0190970111e-05
1.3800000000e+02	6.4230912427e-03	3.0969358231e-03	2.4102575505e-05	3.0287416948e-05
1.3900000000e+02	6.4534261865e-03	3.0727236601e-03	2.4321600909e-05	3.0382195505e-05
1.4000000000e+02	6.4838550894e-03	3.0482929201e-03	2.4539729781e-05	3.0475341122e-05
1.4100000000e+02	6.5143763359e-03	3.0236444989e-03	2.4756963383e-05	3.0566888313e-05
1.4200000000e+02	6.5449883445e-03	2.9987792912e-03	2.4973303192e-05	3.0656870781e-05
1.4300000000e+02	6.5756895669e-03	2.9736981899e-03	2.5188750888e-05	3.0745321435e-05
1.4400000000e+02	6.6064784875e-03	2.9484020862e-03	2.5403308342e-05	3.0832272414e-05
1.4500000000e+02	6.6373536223e-03	2.9228918693e-03	2.5616977607e-05	3.0917755100e-05
1.4600000000e+02	6.6683135185e-03	2.8971684263e-03	2.5829760905e-05	3.1001800137e-05
1.4700000000e+02	6.6993567533e-03	2.8712326420e-03	2.6041660621e-05	3.1084437449e-05
1.4800000000e+02	6.7304819339e-03	2.8450853988e-03	2.6252679291e-05	3.1165696256e-05
1.4900000000e+02	6.7616876959e-03	2.8187275762e-03	2.6462819595e-05	3.1245605092e-05
1.5000000000e+02	6.7929727034e-03	2.7921600514e-03	2.6672084346e-05	3.1324191821e-05
1.5100000000e+02	6.8243356479e-03	2.7653836984e-03	2.6880476487e-05	3.1401483652e-05
1.5200000000e+02	6.8557752479e-03	2.7383993883e-03	2.7087999076e-05	3.1477507159e-05
1.5300000000e+02	6.8872902481e-03	2.7112079891e-03	2.7294655288e-05	3.1552288288e-05
1.5400000000e+02	6.9188794188e-03	2.6838103654e-03	2.7500448398e-05	3.1625852383e-05
1.5500000000e+02	6.9505415554e-03	2.6562073788e-03	2.7705381784e-05	3.1698224193e-05
1.5600000000e+02	6.9822754778e-03	2.6283998873e-03	2.7909458914e-05	3.1769427887e-05
1.5700000000e+02	7.0140800297e-03	2.6003887453e-03	2.8112683340e-05	3.1839487075e-05
1.5800000000e+02	7.0459540782e-03	2.5721748036e-03	2.8315058700e-05	3.1908424813e-05
1.5900000000e+02	7.0778965130e-03	2.5437589096e-03	2.8516588701e-05	3.1976263623e-05
1.6000000000e+02	7.1099062464e-03	2.5151419068e-03	2.8717277123e-05	3.2043025503e-05
1.6100000000e+02	7.1419822122e-03	2.4863246346e-03	2.8917127811e-05	3.2108731943e-05
1.6200000000e+02	7.1741233655e-03	2.4573079291e-03	2.9116144669e-05	3.2173403932e-05
1.6300000000e+02	7.2063286821e-03	2.4280926219e-03	2.9314331658e-05	3.2237061979e-05
1.6400000000e+02	7.2385971582e-03	2.3986795411e-03	2.9511692787e-05	3.2299726116e-05
1.6500000000e+02	7.2709278096e-03	2.3690695103e-03	2.9708232117e-05	3.2361415916e-05
1.6600000000e+02	7.3033196716e-03	2.3392633494e-03	2.9903953748e-05	3.2422150503e-05
1.6700000000e+02	7.3357717984e-03	2.3092618740e-03	3.0098861823e-05	3.2481948562e-05
1.6800000000e+02	7.3682832626e-03	2.2790658955e-03	3.0292960519e-05	3.2540828350e-05
1.6900000000e+02	7.4008531550e-03	2.2486762213e-03	3.0486254045e-05	3.2598807710e-05
1.7000000000e+02	7.4334805837e-03	2.2180936544e-03	3.0678746643e-05	3.2655904075e-05
1.7100000000e+02	7.4661646745e-03	2.1873189936e-03	3.0870442578e-05	3.2712134486e-05
1.7200000000e+02	7.4989045696e-03	2.1563530334e-03	3.1061346141e-05	3.2767515595e-05
1.7300000000e+02	7.5316994280e-03	2.1251965640e-03	3.1251461642e-05	3.2822063679e-05
1.7400000000e+02	7.5645484246e-03	2.0938503713e-03	3.1440793410e-05	3.2875794647e-05
1.7500000000e+02	7.5974507501e-03	2.0623152370e-03	3.1629345789e-05	3.2928724051e-05
1.7600000000e+02	7.6304056106e-03	2.0305919381e-03	3.1817123139e-05	3.2980867093e-05
1.7700000000e+02	7.6634122271e-03	1.9986812476e-03	3.2004129828e-05	3.3032238636e-05
1.7800000000e+02	7.6964698355e-03	1.9665839339e-03	3.2190370234e-05	3.3082853210e-05
1.7900000000e+02	7.7295776860e-03	1.9343007611e-03	3.2375848742e-05	3.3132725022e-05
1.8000000000e+02	7.7627350426e-03	1.9018324889e-03	3.2560569743e-05	3.3181867964e-05
1.8100000000e+02	7.7959411835e-03	1.8691798726e-03	3.2744537629e-05	3.3230295618e-05
1.8200000000e+02	7.8291953999e-03	1.8363436632e-03	3.2927756795e-05	3.3278021270e-05
1.8300000000e+02	7.8624969963e-03	1.8033246072e-03	3.3110231635e-05	3.3325057908e-05
1.8400000000e+02	7.8958452903e-03	1.7701234466e-03	3.3291966542e-05	3.3371418240e-05
1.8500000000e+02	7.9292396115e-03	1.7367409193e-03	3.3472965904e-05	3.3417114692e-05
1.8600000000e+02	7.9626793024e-03	1.7031777585e-03	3.3653234107e-05	3.3462159419e-05
1.8700000000e+02	7.9961637171e-03	1.6694346933e-03	3.3832775528e-05	3.3506564314e-05
1.8800000000e+02	8.0296922216e-03	1.6355124482e-03	3.4011594539e-05	3.3550341007e-05
1.8900000000e+02	8.0632641935e-03	1.6014117436e-03	3.4189695502e-05	3.3593500880e-05
1.9000000000e+02	8.0968790215e-03	1.5671332951e-03	3.4367082770e-05	3.3636055067e-05
1.9100000000e+02	8.1305361054e-03	1.5326778145e-03	3.4543760685e-05	3.3678014463e-05
1.9200000000e+02	8.1642348557e-03	1.4980460088e-03	3.4719733578e-05	3.3719389729e-05
1.9300000000e+02	8.1979746936e-03	1.4632385809e-03	3.4895005765e-05	3.3760191298e-05
1.9400000000e+02	8.2317550505e-03	1.4282562294e-03	3.5069581552e-05	3.3800429379e-05
1.9500000000e+02	8.2655753679e-03	1.3930996485e-03	3.5243465228e-05	3.3840113964e-05
1.9600000000e+02	8.2994350972e-03	1.3577695282e-03	3.5416661066e-05	3.3879254834e-05
1.9700000000e+02	8.3333336995e-03	1.3222665542e-03	3.5589173326e-05	3.3917861563e-05
1.9800000000e+02	8.3672706454e-03	1.2865914080e-03	3.5761006249e-05	3.3955943523e-05
1.9900000000e+02	8.4012454147e-03	1.2507447668e-03	3.5932164060e-05	3.3993509886e-05
2.0000000000e+02	8.4352574963e-03	1.2147273035e-03	3.6102650964e-05	3.4030569636e-05
2.0100000000e+02	8.4693063880e-03	1.1785396871e-03	3.6272471149e-05	3.4067131566e-05
2.0200000000e+02	8.5033915963e-03	1.1421825821e-03	3.6441628784e-05	3.4103204288e-05
2.0300000000e+02	8.5375126363e-03	1.1056566490e-03	3.6610128017e-05	3.4138796234e-05
2.0400000000e+02	8.5716690313e-03	1.0689625441e-03	3.6777972976e-05	3.4173915660e-05
2.0500000000e+02	8.6058603128e-03	1.0321009197e-03	3.6945167771e-05	3.4208570653e-05
2.0600000000e+02	8.6400860204e-03	9.9507242394e-04	3.7111716488e-05	3.4242769134e-05
2.0700000000e+02	8.6743457015e-03	9.5787770077e-04	3.7277623192e-05	3.4276518860e-05
2.0800000000e+02	8.7086389111e-03	9.2051739021e-04	3.7442891927e-05	3.4309827431e-05
2.0900000000e+02	8.7429652118e-03	8.8299212823e-04	3.7607526716e-05	3.4342702289e-05
2.1000000000e+02	8.7773241736e-03	8.4530254676e-04	3.7771531556e-05	3.4375150728e-05
2.1100000000e+02	8.8117153735e-03	8.0744927377e-04	3.7934910425e-05	3.4407179893e-05
2.1200000000e+02	8.8461383959e-03	7.6943293325e-04	3.8097667277e-05	3.4438796783e-05
2.1300000000e+02	8.8805928319e-03	7.3125414525e-04	3.8259806041e-05	3.4470008257e-05
2.1400000000e+02	8.9150782795e-03	6.9291352590e-04	3.8421330625e-05	3.4500821038e-05
2.1500000000e+02	8.9495943433e-03	6.5441168743e-04	3.8582244911e-05	3.4531241712e-05
2.1600000000e+02	8.9841406344e-03	6.1574923822e-04	3.8742552760e-05	3.4561276734e-05
2.1700000000e+02	9.0187167703e-03	5.7692678278e-04	3.8902258007e-05	3.4590932431e-05
2.1800000000e+02	9.0533223749e-03	5.3794492180e-04	3.9061364464e-05	3.4620215006e-05
2.1900000000e+02	9.0879570780e-03	4.9880425218e-04	3.9219875917e-05	3.4649130536e-05
2.2000000000e+02	9.1226205156e-03	4.5950536705e-04	3.9377796130e-05	3.4677684980e-05
2.2100000000e+02	9.1573123296e-03	4.2004885576e-04	3.9535128841e-05	3.4705884181e-05
2.2200000000e+02	9.1920321675e-03	3.8043530396e-04	3.9691877764e-05	3.4733733865e-05
2.2300000000e+02	9.2267796827e-03	3.4066529360e-04	3.9848046588e-05	3.4761239649e-05
2.2400000000e+02	9.2615545340e-03	3.0073940293e-04	4.0003638978e-05	3.4788407039e-05
2.2500000000e+02	9.2963563857e-03	2.6065820657e-04	4.0158658574e-05	3.4815241434e-05
2.2600000000e+02	9.3311849076e-03	2.2042227551e-04	4.0313108992e-05	3.4841748129e-05
2.2700000000e+02	9.3660397745e-03	1.8003217712e-04	4.0466993821e-05	3.4867932317e-05
2.2800000000e+02	9.4009206664e-03	1.3948847521e-04	4.0620316628e-05	3.4893799091e-05
2.2900000000e+02	9.4358272685e-03	9.8791730023e-05	4.0773080954e-05	3.4919353446e-05
2.3000000000e+02	9.4707592708e-03	5.7942498287e-05	4.0925290315e-05	3.4944600282e-05
2.3100000000e+02	9.5057163682e-03	1.6941333216e-05	4.1076948203e-05	3.4969544407e-05
2.3200000000e+02	9.5406982603e-03	-2.4211215452e-05	4.1228058085e-05	3.4994190535e-05
2.3300000000e+02	9.5757046515e-03	-6.5514601433e-05	4.1378623403e-05	3.5018543292e-05
2.3400000000e+02	9.6107352506e-03	-1.0696828188e-04	4.1528647575e-05	3.5042607218e-05
2.3500000000e+02	9.6457897711e-03	-1.4857171733e-04	4.1678133993e-05	3.5066386766e-05
2.3600000000e+02	9.6808679308e-03	-1.9032437174e-04	4.1827086028e-05	3.5089886306e-05
2.3700000000e+02	9.7159694518e-03	-2.3222571237e-04	4.1975507022e-05	3.5113110126e-05
2.3800000000e+02	9.7510940606e-03	-2.7427520987e-04	4.2123400296e-05	3.5136062435e-05
2.3900000000e+02	9.7862414876e-03	-3.1647233816e-04	4.2270769145e-05	3.5158747363e-05
2.4000000000e+02	9.8214114675e-03	-3.5881657445e-04	4.2417616842e-05	3.5181168964e-05
2.4100000000e+02	9.8566037391e-03	-4.0130739921e-04	4.2563946632e-05	3.5203331216e-05
2.4200000000e+02	9.8918180448e-03	-4.4394429615e-04	4.2709761739e-05	3.5225238026e-05
2.4300000000e+02	9.9270541312e-03	-4.8672675219e-04	4.2855065364e-05	3.5246893228e-05
2.4400000000e+02	9.9623117486e-03	-5.2965425744e-04	4.2999860681e-05	3.5268300585e-05
2.4500000000e+02	9.9975906510e-03	-5.7272630517e-04	4.3144150842e-05	3.5289463793e-05
2.4600000000e+02	1.0032890596e-02	-6.1594239178e-04	4.3287938975e-05	3.5310386480e-05
2.4700000000e+02	1.0068211345e-02	-6.5930201681e-04	4.3431228185e-05	3.5331072209e-05
2.4800000000e+02	1.0103552663e-02	-7.0280468287e-04	4.3574021555e-05	3.5351524477e-05
2.4900000000e+02	1.0138914317e-02	-7.4644989566e-04	4.3716322140e-05	3.5371746720e-05
2.5000000000e+02	1.0174296081e-02	-7.9023716390e-04	4.3858132978e-05	3.5391742311e-05
2.5100000000e+02	1.0209697727e-02	-8.3416599937e-04	4.3999457079e-05	3.5411514564e-05
2.5200000000e+02	1.0245119036e-02	-8.7823591681e-04	4.4140297433e-05	3.5431066731e-05
2.5300000000e+02	1.0280559789e-02	-9.2244643398e-04	4.4280657006e-05	3.5450402010e-05
2.5400000000e+02	1.0316019769e-02	-9.6679707155e-04	4.4420538743e-05	3.5469523539e-05
2.5500000000e+02	1.0351498765e-02	-1.0112873532e-03	4.4559945563e-05	3.5488434403e-05
2.5600000000e+02	1.0386996569e-02	-1.0559168053e-03	4.4698880367e-05	3.5507137630e-05
2.5700000000e+02	1.0422512973e-02	-1.1006849575e-03	4.4837346031e-05	3.5525636198e-05
2.5800000000e+02	1.0458047774e-02	-1.1455913420e-03	4.4975345410e-05	3.5543933031e-05
2.5900000000e+02	1.0493600772e-02	-1.1906354938e-03	4.5112881336e-05	3.5562031001e-05
2.6000000000e+02	1.0529171770e-02	-1.2358169511e-03	4.5249956621e-05	3.5579932932e-05
2.6100000000e+02	1.0564760574e-02	-1.2811352545e-03	4.5386574054e-05	3.5597641598e-05
2.6200000000e+02	1.0600366990e-02	-1.3265899475e-03	4.5522736403e-05	3.5615159725e-05
2.6300000000e+02	1.0635990831e-02	-1.3721805765e-03	4.5658446415e-05	3.5632489991e-05
2.6400000000e+02	1.0671631908e-02	-1.4179066905e-03	4.5793706814e-05	3.5649635030e-05
2.6500000000e+02	1.0707290040e-02	-1.4637678412e-03	4.5928520305e-05	3.5666597430e-05
2.6600000000e+02	1.0742965043e-02	-1.5097635830e-03	4.6062889572e-05	3.5683379734e-05
2.6700000000e+02	1.0778656740e-02	-1.5558934731e-03	4.6196817278e-05	3.5699984443e-05
2.6800000000e+02	1.0814364954e-02	-1.6021570713e-03	4.6330306063e-05	3.5716414013e-05
2.6900000000e+02	1.0850089510e-02	-1.6485539398e-03	4.6463358551e-05	3.5732670862e-05
2.7000000000e+02	1.0885830239e-02	-1.6950836438e-03	4.6595977343e-05	3.5748757364e-05
2.7100000000e+02	1.0921586969e-02	-1.7417457508e-03	4.6728165018e-05	3.5764675855e-05
2.7200000000e+02	1.0957359535e-02	-1.7885398310e-03	4.6859924140e-05	3.5780428630e-05
2.7300000000e+02	1.0993147772e-02	-1.8354654571e-03	4.6991257249e-05	3.5796017947e-05
2.7400000000e+02	1.1028951517e-02	-1.8825222043e-03	4.7122166867e-05	3.5811446026e-05
2.7500000000e+02	1.1064770611e-02	-1.9297096505e-03	4.7252655496e-05	3.5826715051e-05
2.7600000000e+02	1.1100604895e-02	-1.9770273758e-03	4.7382725619e-05	3.5841827166e-05
2.7700000000e+02	1.1136454214e-02	-2.0244749630e-03	4.7512379700e-05	3.5856784485e-05
2.7800000000e+02	1.1172318413e-02	-2.0720519973e-03	4.7641620182e-05	3.5871589083e-05
2.7900000000e+02	1.1208197342e-02	-2.1197580663e-03	4.7770449491e-05	3.5886243002e-05
2.8000000000e+02	1.1244090850e-02	-2.1675927601e-03	4.7898870035e-05	3.5900748252e-05
2.8100000000e+02	1.1279998789e-02	-2.2155556709e-03	4.8026884200e-05	3.5915106807e-05
2.8200000000e+02	1.1315921015e-02	-2.2636463938e-03	4.8154494357e-05	3.5929320612e-05
2.8300000000e+02	1.1351857383e-02	-2.3118645258e-03	4.8281702858e-05	3.5943391578e-05
2.8400000000e+02	1.1387807751e-02	-2.3602096664e-03	4.8408512034e-05	3.5957321587e-05
2.8500000000e+02	1.1423771980e-02	-2.4086814175e-03	4.8534924201e-05	3.5971112489e-05
2.8600000000e+02	1.1459749930e-02	-2.4572793832e-03	4.8660941656e-05	3.5984766106e-05
2.8700000000e+02	1.1495741467e-02	-2.5060031700e-03	4.8786566679e-05	3.5998284228e-05
2.8800000000e+02	1.1531746454e-02	-2.5548523865e-03	4.8911801530e-05	3.6011668618e-05
2.8900000000e+02	1.1567764760e-02	-2.6038266438e-03	4.9036648456e-05	3.6024921012e-05
2.9000000000e+02	1.1603796253e-02	-2.6529255549e-03	4.9161109682e-05	3.6038043115e-05
2.9100000000e+02	1.1639840803e-02	-2.7021487353e-03	4.9285187418e-05	3.6051036609e-05
2.9200000000e+02	1.1675898284e-02	-2.7514958026e-03	4.9408883857e-05	3.6063903147e-05
2.9300000000e+02	1.1711968568e-02	-2.8009663766e-03	4.9532201176e-05	3.6076644355e-05
2.9400000000e+02	1.1748051531e-02	-2.8505600793e-03	4.9655141532e-05	3.6089261835e-05
2.9500000000e+02	1.1784147051e-02	-2.9002765348e-03	4.9777707070e-05	3.6101757164e-05
2.9600000000e+02	1.1820255005e-02	-2.9501153692e-03	4.9899899914e-05	3.6114131894e-05
2.9700000000e+02	1.1856375275e-02	-3.0000762111e-03	5.0021722175e-05	3.6126387551e-05
2.9800000000e+02	1.1892507741e-02	-3.0501586907e-03	5.0143175946e-05	3.6138525640e-05
2.9900000000e+02	1.1928652288e-02	-3.1003624408e-03	5.0264263305e-05	3.6150547641e-05
3.0000000000e+02	1.1964808798e-02	-3.1506870959e-03	5.0384986314e-05	3.6162455011e-05
3.0100000000e+02	1.2000977160e-02	-3.2011322927e-03	5.0505347018e-05	3.6174249186e-05
3.0200000000e+02	1.2037157259e-02	-3.2516976698e-03	5.0625347448e-05	3.6185931578e-05
3.0300000000e+02	1.2073348986e-02	-3.3023828682e-03	5.0744989618e-05	3.6197503579e-05
3.0400000000e+02	1.2109552230e-02	-3.3531875303e-03	5.0864275528e-05	3.6208966558e-05
3.0500000000e+02	1.2145766883e-02	-3.4041113011e-03	5.0983207162e-05	3.6220321864e-05
3.0600000000e+02	1.2181992839e-02	-3.4551538272e-03	5.1101786489e-05	3.6231570826e-05
3.0700000000e+02	1.2218229990e-02	-3.5063147573e-03	5.1220015464e-05	3.6242714753e-05
3.0800000000e+02	1.2254478233e-02	-3.5575937420e-03	5.1337896024e-05	3.6253754931e-05
3.0900000000e+02	1.2290737466e-02	-3.6089904339e-03	5.1455430096e-05	3.6264692631e-05
3.1000000000e+02	1.2327007585e-02	-3.6605044873e-03	5.1572619588e-05	3.6275529102e-05
3.1100000000e+02	1.2363288491e-02	-3.7121355588e-03	5.1689466397e-05	3.6286265576e-05
3.1200000000e+02	1.2399580083e-02	-3.7638833065e-03	5.1805972403e-05	3.6296903265e-05
3.1300000000e+02	1.2435882265e-02	-3.8157473906e-03	5.1922139474e-05	3.6307443363e-05
3.1400000000e+02	1.2472194938e-02	-3.8677274731e-03	5.2037969461e-05	3.6317887048e-05
3.1500000000e+02	1.2508518007e-02	-3.9198232178e-03	5.2153464206e-05	3.6328235479e-05
3.1600000000e+02	1.2544851377e-02	-3.9720342904e-03	5.2268625531e-05	3.6338489797e-05
3.1700000000e+02	1.2581194956e-02	-4.0243603583e-03	5.2383455249e-05	3.6348651129e-05
3.1800000000e+02	1.2617548649e-02	-4.0768010910e-03	5.2497955157e-05	3.6358720583e-05
3.1900000000e+02	1.2653912366e-02	-4.1293561593e-03	5.2612127040e-05	3.6368699252e-05
3.2000000000e+02	1.2690286018e-02	-4.1820252363e-03	5.2725972668e-05	3.6378588211e-05
3.2100000000e+02	1.2726669513e-02	-4.2348079965e-03	5.2839493800e-05	3.6388388521e-05
3.2200000000e+02	1.2763062765e-02	-4.2877041163e-03	5.2952692179e-05	3.6398101228e-05
3.2300000000e+02	1.2799465687e-02	-4.3407132738e-03	5.3065569538e-05	3.6407727362e-05
3.2400000000e+02	1.2835878192e-02	-4.3938351489e-03	5.3178127594e-05	3.6417267938e-05
3.2500000000e+02	1.2872300195e-02	-4.4470694232e-03	5.3290368055e-05	3.6426723956e-05
3.2600000000e+02	1.2908731612e-02	-4.5004157798e-03	5.3402292612e-05	3.6436096402e-05
3.2700000000e+02	1.2945172360e-02	-4.5538739036e-03	5.3513902947e-05	3.6445386249e-05
3.2800000000e+02	1.2981622357e-02	-4.6074434815e-03	5.3625200727e-05	3.6454594454e-05
3.2900000000e+02	1.3018081522e-02	-4.6611242015e-03	5.3736187609e-05	3.6463721961e-05
3.3000000000e+02	1.3054549774e-02	-4.7149157536e-03	5.3846865236e-05	3.6472769701e-05
3.3100000000e+02	1.3091027035e-02	-4.7688178294e-03	5.3957235240e-05	3.6481738591e-05
3.3200000000e+02	1.3127513226e-02	-4.8228301221e-03	5.4067299240e-05	3.6490629537e-05
3.3300000000e+02	1.3164008268e-02	-4.8769523264e-03	5.4177058843e-05	3.6499443429e-05
3.3400000000e+02	1.3200512087e-02	-4.9311841388e-03	5.4286515646e-05	3.6508181148e-05
3.3500000000e+02	1.3237024606e-02	-4.9855252573e-03	5.4395671232e-05	3.6516843559e-05
3.3600000000e+02	1.3273545749e-02	-5.0399753814e-03	5.4504527175e-05	3.6525431517e-05
3.3700000000e+02	1.3310075444e-02	-5.0945342123e-03	5.4613085034e-05	3.6533945865e-05
3.3800000000e+02	1.3346613617e-02	-5.1492014526e-03	5.4721346359e-05	3.6542387433e-05
3.3900000000e+02	1.3383160195e-02	-5.2039768067e-03	5.4829312689e-05	3.6550757042e-05
3.4000000000e+02	1.3419715107e-02	-5.2588599802e-03	5.4936985551e-05	3.6559055498e-05
3.4100000000e+02	1.3456278283e-02	-5.3138506805e-03	5.5044366460e-05	3.6567283599e-05
3.4200000000e+02	1.3492849651e-02	-5.3689486163e-03	5.5151456922e-05	3.6575442130e-05
3.4300000000e+02	1.3529429144e-02	-5.4241534980e-03	5.5258258431e-05	3.6583531866e-05
3.4400000000e+02	1.3566016692e-02	-5.4794650373e-03	5.5364772470e-05	3.6591553571e-05
3.4500000000e+02	1.3602612229e-02	-5.5348829476e-03	5.5471000511e-05	3.6599507999e-05
3.4600000000e+02	1.3639215686e-02	-5.5904069435e-03	5.5576944016e-05	3.6607395894e-05
3.4700000000e+02	1.3675826998e-02	-5.6460367413e-03	5.5682604437e-05	3.6615217988e-05
3.4800000000e+02	1.3712446100e-02	-5.7017720585e-03	5.5787983215e-05	3.6622975005e-05
3.4900000000e+02	1.3749072927e-02	-5.7576126143e-03	5.5893081780e-05	3.6630667659e-05
3.5000000000e+02	1.3785707414e-02	-5.8135581291e-03	5.5997901553e-05	3.6638296653e-05
3.5100000000e+02	1.3822349499e-02	-5.8696083249e-03	5.6102443944e-05	3.6645862681e-05
3.5200000000e+02	1.3858999119e-02	-5.9257629250e-03	5.6206710352e-05	3.6653366429e-05
3.5300000000e+02	1.3895656212e-02	-5.9820216541e-03	5.6310702169e-05	3.6660808572e-05
3.5400000000e+02	1.3932320716e-02	-6.0383842383e-03	5.6414420774e-05	3.6668189777e-05
3.5500000000e+02	1.3968992571e-02	-6.0948504050e-03	5.6517867538e-05	3.6675510701e-05
3.5600000000e+02	1.4005671717e-02	-6.1514198832e-03	5.6621043822e-05	3.6682771995e-05
3.5700000000e+02	1.4042358095e-02	-6.2080924030e-03	5.6723950976e-05	3.6689974297e-05
3.5800000000e+02	1.4079051646e-02	-6.2648676959e-03	5.6826590342e-05	3.6697118241e-05
3.5900000000e+02	1.4115752313e-02	-6.3217454948e-03	5.6928963252e-05	3.6704204448e-05
3.6000000000e+02	1.4152460036e-02	-6.3787255340e-03	5.7031071029e-05	3.6711233536e-05
3.6100000000e+02	1.4189174761e-02	-6.4358075490e-03	5.7132914986e-05	3.6718206110e-05
3.6200000000e+02	1.4225896430e-02	-6.4929912765e-03	5.7234496427e-05	3.6725122771e-05
3.6300000000e+02	1.4262624988e-02	-6.5502764547e-03	5.7335816647e-05	3.6731984109e-05
3.6400000000e+02	1.4299360380e-02	-6.6076628231e-03	5.7436876931e-05	3.6738790708e-05
3.6500000000e+02	1.4336102551e-02	-6.6651501224e-03	5.7537678558e-05	3.6745543145e-05
3.6600000000e+02	1.4372851448e-02	-6.7227380945e-03	5.7638222795e-05	3.6752241987e-05
3.6700000000e+02	1.4409607018e-02	-6.7804264826e-03	5.7738510900e-05	3.6758887795e-05
3.6800000000e+02	1.4446369206e-02	-6.8382150313e-03	5.7838544124e-05	3.6765481125e-05
3.6900000000e+02	1.4483137963e-02	-6.8961034863e-03	5.7938323710e-05	3.6772022521e-05
3.7000000000e+02	1.4519913234e-02	-6.9540915946e-03	5.8037850889e-05	3.6778512525e-05
3.7100000000e+02	1.4556694971e-02	-7.0121791043e-03	5.8137126887e-05	3.6784951668e-05
3.7200000000e+02	1.4593483121e-02	-7.0703657650e-03	5.8236152919e-05	3.6791340478e-05
3.7300000000e+02	1.4630277635e-02	-7.1286513273e-03	5.8334930194e-05	3.6797679472e-05
3.7400000000e+02	1.4667078463e-02	-7.1870355429e-03	5.8433459910e-05	3.6803969163e-05
3.7500000000e+02	1.4703885557e-02	-7.2455181650e-03	5.8531743259e-05	3.6810210058e-05
3.7600000000e+02	1.4740698867e-02	-7.3040989477e-03	5.8629781423e-05	3.6816402656e-05
3.7700000000e+02	1.4777518346e-02	-7.3627776465e-03	5.8727575578e-05	3.6822547451e-05
3.7800000000e+02	1.4814343947e-02	-7.4215540179e-03	5.8825126890e-05	3.6828644929e-05
3.7900000000e+02	1.4851175621e-02	-7.4804278197e-03	5.8922436518e-05	3.6834695571e-05
3.8000000000e+02	1.4888013322e-02	-7.5393988108e-03	5.9019505613e-05	3.6840699853e-05
3.8100000000e+02	1.4924857005e-02	-7.5984667511e-03	5.9116335318e-05	3.6846658243e-05
3.8200000000e+02	1.4961706624e-02	-7.6576314020e-03	5.9212926768e-05	3.6852571204e-05
3.8300000000e+02	1.4998562133e-02	-7.7168925256e-03	5.9309281092e-05	3.6858439194e-05
3.8400000000e+02	1.5035423487e-02	-7.7762498855e-03	5.9405399408e-05	3.6864262663e-05
3.8500000000e+02	1.5072290643e-02	-7.8357032461e-03	5.9501282829e-05	3.6870042059e-05
3.8600000000e+02	1.5109163557e-02	-7.8952523732e-03	5.9596932461e-05	3.6875777821e-05
3.8700000000e+02	1.5146042184e-02	-7.9548970335e-03	5.9692349400e-05	3.6881470385e-05
3.8800000000e+02	1.5182926483e-02	-8.0146369948e-03	5.9787534737e-05	3.6887120180e-05
3.8900000000e+02	1.5219816411e-02	-8.0744720261e-03	5.9882489555e-05	3.6892727630e-05
3.9000000000e+02	1.5256711925e-02	-8.1344018974e-03	5.9977214928e-05	3.6898293154e-05
3.9100000000e+02	1.5293612983e-02	-8.1944263799e-03	6.0071711926e-05	3.6903817168e-05
3.9200000000e+02	1.5330519545e-02	-8.2545452455e-03	6.0165981609e-05	3.6909300078e-05
3.9300000000e+02	1.5367431570e-02	-8.3147582677e-03	6.0260025031e-05	3.6914742290e-05
3.9400000000e+02	1.5404349016e-02	-8.3750652205e-03	6.0353843241e-05	3.6920144203e-05
3.9500000000e+02	1.5441271845e-02	-8.4354658794e-03	6.0447437277e-05	3.6925506210e-05
3.9600000000e+02	1.5478200016e-02	-8.4959600207e-03	6.0540808172e-05	3.6930828701e-05
3.9700000000e+02	1.5515133489e-02	-8.5565474217e-03	6.0633956954e-05	3.6936112060e-05
3.9800000000e+02	1.5552072227e-02	-8.6172278609e-03	6.0726884642e-05	3.6941356669e-05
3.9900000000e+02	1.5589016190e-02	-8.6780011176e-03	6.0819592249e-05	3.6946562901e-05
4.0000000000e+02	1.5625965340e-02	-8.7388669724e-03	6.0912080781e-05	3.6951731129e-05
4.0100000000e+02	1.5662919639e-02	-8.7998252065e-03	6.1004351237e-05	3.6956861719e-05
4.0200000000e+02	1.5699879051e-02	-8.8608756025e-03	6.1096404610e-05	3.6961955033e-05
4.0300000000e+02	1.5736843537e-02	-8.9220179437e-03	6.1188241888e-05	3.6967011428e-05
4.0400000000e+02	1.5773813062e-02	-8.9832520146e-03	6.1279864050e-05	3.6972031259e-05
4.0500000000e+02	1.5810787588e-02	-9.0445776004e-03	6.1371272069e-05	3.6977014875e-05
4.0600000000e+02	1.5847767079e-02	-9.1059944876e-03	6.1462466914e-05	3.6981962621e-05
4.0700000000e+02	1.5884751501e-02	-9.1675024635e-03	6.1553449544e-05	3.6986874838e-05
4.0800000000e+02	1.5921740817e-02	-9.2291013163e-03	6.1644220916e-05	3.6991751863e-05
4.0900000000e+02	1.5958734993e-02	-9.2907908352e-03	6.1734781976e-05	3.6996594030e-05
4.1000000000e+02	1.5995733994e-02	-9.3525708105e-03	6.1825133669e-05	3.7001401669e-05
4.1100000000e+02	1.6032737785e-02	-9.4144410331e-03	6.1915276930e-05	3.7006175103e-05
4.1200000000e+02	1.6069746333e-02	-9.4764012952e-03	6.2005212689e-05	3.7010914656e-05
4.1300000000e+02	1.6106759603e-02	-9.5384513896e-03	6.2094941871e-05	3.7015620644e-05
4.1400000000e+02	1.6143777563e-02	-9.6005911104e-03	6.2184465394e-05	3.7020293383e-05
4.1500000000e+02	1.6180800179e-02	-9.6628202522e-03	6.2273784171e-05	3.7024933182e-05
4.1600000000e+02	1.6217827418e-02	-9.7251386107e-03	6.2362899109e-05	3.7029540350e-05
4.1700000000e+02	1.6254859249e-02	-9.7875459827e-03	6.2451811107e-05	3.7034115188e-05
4.1800000000e+02	1.6291895638e-02	-9.8500421656e-03	6.2540521062e-05	3.7038657997e-05
4.1900000000e+02	1.6328936554e-02	-9.9126269578e-03	6.2629029862e-05	3.7043169073e-05
4.2000000000e+02	1.6365981966e-02	-9.9753001586e-03	6.2717338391e-05	3.7047648711e-05
4.2100000000e+02	1.6403031841e-02	-1.0038061568e-02	6.2805447528e-05	3.7052097198e-05
4.2200000000e+02	1.6440086150e-02	-1.0100910987e-02	6.2893358145e-05	3.7056514822e-05
4.2300000000e+02	1.6477144861e-02	-1.0163848219e-02	6.2981071110e-05	3.7060901866e-05
4.2400000000e+02	1.6514207944e-02	-1.0226873064e-02	6.3068587282e-05	3.7065258610e-05
4.2500000000e+02	1.6551275368e-02	-1.0289985328e-02	6.3155907520e-05	3.7069585330e-05
4.2600000000e+02	1.6588347104e-02	-1.0353184814e-02	6.3243032672e-05	3.7073882301e-05
4.2700000000e+02	1.6625423123e-02	-1.0416471328e-02	6.3329963586e-05	3.7078149791e-05
4.2800000000e+02	1.6662503394e-02	-1.0479844677e-02	6.3416701100e-05	3.7082388071e-05
4.2900000000e+02	1.6699587889e-02	-1.0543304666e-02	6.3503246051e-05	3.7086597402e-05
4.3000000000e+02	1.6736676579e-02	-1.0606851105e-02	6.3589599266e-05	3.7090778048e-05
4.3100000000e+02	1.6773769436e-02	-1.0670483801e-02	6.3675761571e-05	3.7094930267e-05
4.3200000000e+02	1.6810866431e-02	-1.0734202565e-02	6.3761733785e-05	3.7099054313e-05
4.3300000000e+02	1.6847967535e-02	-1.0798007206e-02	6.3847516723e-05	3.7103150441e-05
4.3400000000e+02	1.6885072722e-02	-1.0861897535e-02	6.3933111193e-05	3.7107218900e-05
4.3500000000e+02	1.6922181964e-02	-1.0925873366e-02	6.4018517999e-05	3.7111259938e-05
4.3600000000e+02	1.6959295233e-02	-1.0989934509e-02	6.4103737941e-05	3.7115273798e-05
4.3700000000e+02	1.6996412503e-02	-1.1054080779e-02	6.4188771812e-05	3.7119260724e-05
4.3800000000e+02	1.7033533746e-02	-1.1118311991e-02	6.4273620403e-05	3.7123220953e-05
4.3900000000e+02	1.7070658936e-02	-1.1182627959e-02	6.4358284497e-05	3.7127154722e-05
4.4000000000e+02	1.7107788046e-02	-1.1247028499e-02	6.4442764875e-05	3.7131062266e-05
4.4100000000e+02	1.7144921051e-02	-1.1311513428e-02	6.4527062311e-05	3.7134943815e-05
4.4200000000e+02	1.7182057925e-02	-1.1376082563e-02	6.4611177574e-05	3.7138799598e-05
4.4300000000e+02	1.7219198642e-02	-1.1440735722e-02	6.4695111432e-05	3.7142629843e-05
4.4400000000e+02	1.7256343177e-02	-1.1505472725e-02	6.4778864644e-05	3.7146434772e-05
4.4500000000e+02	1.7293491503e-02	-1.1570293392e-02	6.4862437966e-05	3.7150214606e-05
4.4600000000e+02	1.7330643597e-02	-1.1635197541e-02	6.4945832150e-05	3.7153969566e-05
4.4700000000e+02	1.7367799434e-02	-1.1700184996e-02	6.5029047943e-05	3.7157699867e-05
4.4800000000e+02	1.7404958989e-02	-1.1765255578e-02	6.5112086088e-05	3.7161405724e-05
4.4900000000e+02	1.7442122238e-02	-1.1830409110e-02	6.5194947321e-05	3.7165087349e-05
4.5000000000e+02	1.7479289156e-02	-1.1895645414e-02	6.5277632377e-05	3.7168744952e-05
4.5100000000e+02	1.7516459720e-02	-1.1960964316e-02	6.5360141985e-05	3.7172378739e-05
4.5200000000e+02	1.7553633905e-02	-1.2026365640e-02	6.5442476870e-05	3.7175988917e-05
4.5300000000e+02	1.7590811690e-02	-1.2091849212e-02	6.5524637751e-05	3.7179575688e-05
4.5400000000e+02	1.7627993049e-02	-1.2157414858e-02	6.5606625345e-05	3.7183139253e-05
4.5500000000e+02	1.7665177960e-02	-1.2223062405e-02	6.5688440363e-05	3.7186679811e-05
4.5600000000e+02	1.7702366401e-02	-1.2288791681e-02	6.5770083513e-05	3.7190197558e-05
4.5700000000e+02	1.7739558348e-02	-1.2354602515e-02	6.5851555498e-05	3.7193692690e-05
4.5800000000e+02	1.7776753779e-02	-1.2420494735e-02	6.5932857018e-05	3.7197165398e-05
4.5900000000e+02	1.7813952671e-02	-1.2486468172e-02	6.6013988766e-05	3.7200615872e-05
4.6000000000e+02	1.7851155003e-02	-1.2552522656e-02	6.6094951434e-05	3.7204044303e-05
4.6100000000e+02	1.7888360753e-02	-1.2618658019e-02	6.6175745709e-05	3.7207450875e-05
4.6200000000e+02	1.7925569898e-02	-1.2684874092e-02	6.6256372272e-05	3.7210835773e-05
4.6300000000e+02	1.7962782417e-02	-1.2751170708e-02	6.6336831803e-05	3.7214199180e-05
4.6400000000e+02	1.7999998289e-02	-1.2817547700e-02	6.6417124977e-05	3.7217541277e-05
4.6500000000e+02	1.8037217493e-02	-1.2884004902e-02	6.6497252463e-05	3.7220862242e-05
4.6600000000e+02	1.8074440007e-02	-1.2950542150e-02	6.6577214928e-05	3.7224162252e-05
4.6700000000e+02	1.8111665810e-02	-1.3017159278e-02	6.6657013036e-05	3.7227441483e-05
4.6800000000e+02	1.8148894883e-02	-1.3083856121e-02	6.6736647445e-05	3.7230700107e-05
4.6900000000e+02	1.8186127204e-02	-1.3150632518e-02	6.6816118810e-05	3.7233938296e-05
4.7000000000e+02	1.8223362753e-02	-1.3217488305e-02	6.6895427782e-05	3.7237156219e-05
4.7100000000e+02	1.8260601509e-02	-1.3284423320e-02	6.6974575009e-05	3.7240354046e-05
4.7200000000e+02	1.8297843454e-02	-1.3351437401e-02	6.7053561134e-05	3.7243531941e-05
4.7300000000e+02	1.8335088567e-02	-1.3418530389e-02	6.7132386797e-05	3.7246690069e-05
4.7400000000e+02	1.8372336828e-02	-1.3485702122e-02	6.7211052635e-05	3.7249828594e-05
4.7500000000e+02	1.8409588217e-02	-1.3552952441e-02	6.7289559280e-05	3.7252947676e-05
4.7600000000e+02	1.8446842717e-02	-1.3620281187e-02	6.7367907361e-05	3.7256047475e-05
4.7700000000e+02	1.8484100306e-02	-1.3687688203e-02	6.7446097503e-05	3.7259128148e-05
4.7800000000e+02	1.8521360966e-02	-1.3755173330e-02	6.7524130327e-05	3.7262189853e-05
4.7900000000e+02	1.8558624679e-02	-1.3822736411e-02	6.7602006452e-05	3.7265232743e-05
4.8000000000e+02	1.8595891426e-02	-1.3890377291e-02	6.7679726493e-05	3.7268256972e-05
4.8100000000e+02	1.8633161187e-02	-1.3958095812e-02	6.7757291059e-05	3.7271262692e-05
4.8200000000e+02	1.8670433945e-02	-1.4025891821e-02	6.7834700760e-05	3.7274250052e-05
4.8300000000e+02	1.8707709681e-02	-1.4093765162e-02	6.7911956198e-05	3.7277219201e-05
4.8400000000e+02	1.8744988377e-02	-1.4161715682e-02	6.7989057975e-05	3.7280170286e-05
4.8500000000e+02	1.8782270016e-02	-1.4229743227e-02	6.8066006687e-05	3.7283103453e-05
4.8600000000e+02	1.8819554578e-02	-1.4297847645e-02	6.8142802929e-05	3.7286018845e-05
4.8700000000e+02	1.8856842048e-02	-1.4366028783e-02	6.8219447290e-05	3.7288916606e-05
4.8800000000e+02	1.8894132406e-02	-1.4434286489e-02	6.8295940358e-05	3.7291796877e-05
4.8900000000e+02	1.8931425636e-02	-1.4502620613e-02	6.8372282717e-05	3.7294659797e-05
4.9000000000e+02	1.8968721720e-02	-1.4571031004e-02	6.8448474947e-05	3.7297505505e-05
4.9100000000e+02	1.9006020641e-02	-1.4639517513e-02	6.8524517625e-05	3.7300334139e-05
4.9200000000e+02	1.9043322382e-02	-1.4708079990e-02	6.8600411326e-05	3.7303145833e-05
4.9300000000e+02	1.9080626927e-02	-1.4776718286e-02	6.8676156619e-05	3.7305940722e-05
4.9400000000e+02	1.9117934258e-02	-1.4845432254e-02	6.8751754073e-05	3.7308718940e-05
4.9500000000e+02	1.9155244359e-02	-1.4914221745e-02	6.8827204252e-05	3.7311480618e-05
4.9600000000e+02	1.9192557214e-02	-1.4983086614e-02	6.8902507717e-05	3.7314225886e-05
4.9700000000e+02	1.9229872806e-02	-1.5052026712e-02	6.8977665026e-05	3.7316954875e-05
4.9800000000e+02	1.9267191118e-02	-1.5121041895e-02	6.9052676734e-05	3.7319667711e-05
4.9900000000e+02	1.9304512136e-02	-1.5190132017e-02	6.9127543393e-05	3.7322364521e-05
5.0000000000e+02	1.9341835842e-02	-1.5259296934e-02	6.9202265551e-05	3.7325045431e-05
5.0100000000e+02	1.9379162221e-02	-1.5328536500e-02	6.9276843756e-05	3.7327710565e-05
5.0200000000e+02	1.9416491258e-02	-1.5397850573e-02	6.9351278549e-05	3.7330360046e-05
5.0300000000e+02	1.9453822936e-02	-1.5467239010e-02	6.9425570469e-05	3.7332993996e-05
5.0400000000e+02	1.9491157241e-02	-1.5536701667e-02	6.9499720055e-05	3.7335612535e-05
5.0500000000e+02	1.9528494156e-02	-1.5606238403e-02	6.9573727839e-05	3.7338215784e-05
5.0600000000e+02	1.9565833667e-02	-1.5675849076e-02	6.9647594353e-05	3.7340803860e-05
5.0700000000e+02	1.9603175759e-02	-1.5745533544e-02	6.9721320125e-05	3.7343376880e-05
5.0800000000e+02	1.9640520416e-02	-1.5815291669e-02	6.9794905679e-05	3.7345934961e-05
5.0900000000e+02	1.9677867624e-02	-1.5885123309e-02	6.9868351539e-05	3.7348478218e-05
5.1000000000e+02	1.9715217368e-02	-1.5955028326e-02	6.9941658222e-05	3.7351006764e-05
5.1100000000e+02	1.9752569633e-02	-1.6025006579e-02	7.0014826247e-05	3.7353520712e-05
5.1200000000e+02	1.9789924404e-02	-1.6095057932e-02	7.0087856126e-05	3.7356020174e-05
5.1300000000e+02	1.9827281668e-02	-1.6165182246e-02	7.0160748370e-05	3.7358505261e-05
5.1400000000e+02	1.9864641410e-02	-1.6235379383e-02	7.0233503489e-05	3.7360976081e-05
5.1500000000e+02	1.9902003616e-02	-1.6305649207e-02	7.0306121986e-05	3.7363432745e-05
5.1600000000e+02	1.9939368271e-02	-1.6375991582e-02	7.0378604365e-05	3.7365875359e-05
5.1700000000e+02	1.9976735362e-02	-1.6446406371e-02	7.0450951127e-05	3.7368304029e-05
5.1800000000e+02	2.0014104874e-02	-1.6516893439e-02	7.0523162767e-05	3.7370718862e-05
5.1900000000e+02	2.0051476795e-02	-1.6587452651e-02	7.0595239781e-05	3.7373119961e-05
5.2000000000e+02	2.0088851110e-02	-1.6658083874e-02	7.0667182660e-05	3.7375507431e-05
5.2100000000e+02	2.0126227805e-02	-1.6728786972e-02	7.0738991895e-05	3.7377881373e-05
5.2200000000e+02	2.0163606868e-02	-1.6799561813e-02	7.0810667972e-05	3.7380241890e-05
5.2300000000e+02	2.0200988284e-02	-1.6870408264e-02	7.0882211374e-05	3.7382589082e-05
5.2400000000e+02	2.0238372042e-02	-1.6941326192e-02	7.0953622583e-05	3.7384923049e-05
5.2500000000e+02	2.0275758126e-02	-1.7012315465e-02	7.1024902079e-05	3.7387243890e-05
5.2600000000e+02	2.0313146525e-02	-1.7083375952e-02	7.1096050337e-05	3.7389551702e-05
5.2700000000e+02	2.0350537225e-02	-1.7154507522e-02	7.1167067832e-05	3.7391846582e-05
5.2800000000e+02	2.0387930214e-02	-1.7225710045e-02	7.1237955035e-05	3.7394128627e-05
5.2900000000e+02	2.0425325478e-02	-1.7296983389e-02	7.1308712415e-05	3.7396397932e-05
5.3000000000e+02	2.0462723006e-02	-1.7368327426e-02	7.1379340438e-05	3.7398654590e-05
5.3100000000e+02	2.0500122783e-02	-1.7439742027e-02	7.1449839567e-05	3.7400898696e-05
5.3200000000e+02	2.0537524799e-02	-1.7511227063e-02	7.1520210266e-05	3.7403130343e-05
5.3300000000e+02	2.0574929040e-02	-1.7582782405e-02	7.1590452992e-05	3.7405349620e-05
5.3400000000e+02	2.0612335494e-02	-1.7654407926e-02	7.1660568202e-05	3.7407556621e-05
5.3500000000e+02	2.0649744149e-02	-1.7726103499e-02	7.1730556351e-05	3.7409751434e-05
5.3600000000e+02	2.0687154993e-02	-1.7797868997e-02	7.1800417891e-05	3.7411934149e-05
5.3700000000e+02	2.0724568013e-02	-1.7869704293e-02	7.1870153270e-05	3.7414104855e-05
5.3800000000e+02	2.0761983199e-02	-1.7941609261e-02	7.1939762936e-05	3.7416263638e-05
5.3900000000e+02	2.0799400537e-02	-1.8013583777e-02	7.2009247335e-05	3.7418410587e-05
5.4000000000e+02	2.0836820016e-02	-1.8085627714e-02	7.2078606908e-05	3.7420545786e-05
5.4100000000e+02	2.0874241624e-02	-1.8157740949e-02	7.2147842095e-05	3.7422669321e-05
5.4200000000e+02	2.0911665351e-02	-1.8229923357e-02	7.2216953335e-05	3.7424781277e-05
5.4300000000e+02	2.0949091183e-02	-1.8302174815e-02	7.2285941064e-05	3.7426881738e-05
5.4400000000e+02	2.0986519110e-02	-1.8374495198e-02	7.2354805714e-05	3.7428970786e-05
5.4500000000e+02	2.1023949121e-02	-1.8446884385e-02	7.2423547718e-05	3.7431048503e-05
5.4600000000e+02	2.1061381204e-02	-1.8519342253e-02	7.2492167503e-05	3.7433114971e-05
5.4700000000e+02	2.1098815347e-02	-1.8591868680e-02	7.2560665497e-05	3.7435170272e-05
5.4800000000e+02	2.1136251540e-02	-1.8664463544e-02	7.2629042124e-05	3.7437214484e-05
5.4900000000e+02	2.1173689772e-02	-1.8737126724e-02	7.2697297807e-05	3.7439247687e-05
5.5000000000e+02	2.1211130032e-02	-1.8809858099e-02	7.2765432966e-05	3.7441269961e-05
5.5100000000e+02	2.1248572309e-02	-1.8882657549e-02	7.2833448018e-05	3.7443281382e-05
5.5200000000e+02	2.1286016591e-02	-1.8955524955e-02	7.2901343381e-05	3.7445282028e-05
5.5300000000e+02	2.1323462869e-02	-1.9028460196e-02	7.2969119468e-05	3.7447271976e-05
5.5400000000e+02	2.1360911132e-02	-1.9101463154e-02	7.3036776690e-05	3.7449251301e-05
5.5500000000e+02	2.1398361368e-02	-1.9174533710e-02	7.3104315457e-05	3.7451220079e-05
5.5600000000e+02	2.1435813568e-02	-1.9247671746e-02	7.3171736177e-05	3.7453178384e-05
5.5700000000e+02	2.1473267722e-02	-1.9320877143e-02	7.3239039255e-05	3.7455126291e-05
5.5800000000e+02	2.1510723817e-02	-1.9394149785e-02	7.3306225095e-05	3.7457063872e-05
5.5900000000e+02	2.1548181846e-02	-1.9467489555e-02	7.3373294098e-05	3.7458991199e-05
5.6000000000e+02	2.1585641796e-02	-1.9540896335e-02	7.3440246663e-05	3.7460908346e-05
5.6100000000e+02	2.1623103659e-02	-1.9614370009e-02	7.3507083188e-05	3.7462815383e-05
5.6200000000e+02	2.1660567424e-02	-1.9687910463e-02	7.3573804069e-05	3.7464712382e-05
5.6300000000e+02	2.1698033081e-02	-1.9761517579e-02	7.3640409698e-05	3.7466599411e-05
5.6400000000e+02	2.1735500619e-02	-1.9835191244e-02	7.3706900467e-05	3.7468476541e-05
5.6500000000e+02	2.1772970030e-02	-1.9908931342e-02	7.3773276765e-05	3.7470343841e-05
5.6600000000e+02	2.1810441304e-02	-1.9982737759e-02	7.3839538981e-05	3.7472201378e-05
5.6700000000e+02	2.1847914430e-02	-2.0056610382e-02	7.3905687499e-05	3.7474049221e-05
5.6800000000e+02	2.1885389399e-02	-2.0130549096e-02	7.3971722703e-05	3.7475887437e-05
5.6900000000e+02	2.1922866202e-02	-2.0204553790e-02	7.4037644976e-05	3.7477716092e-05
5.7000000000e+02	2.1960344828e-02	-2.0278624349e-02	7.4103454696e-05	3.7479535252e-05
5.7100000000e+02	2.1997825269e-02	-2.0352760662e-02	7.4169152243e-05	3.7481344982e-05
5.7200000000e+02	2.2035307515e-02	-2.0426962616e-02	7.4234737991e-05	3.7483145348e-05
5.7300000000e+02	2.2072791557e-02	-2.0501230101e-02	7.4300212316e-05	3.7484936414e-05
5.7400000000e+02	2.2110277385e-02	-2.0575563004e-02	7.4365575590e-05	3.7486718244e-05
5.7500000000e+02	2.2147764990e-02	-2.0649961215e-02	7.4430828182e-05	3.7488490900e-05
5.7600000000e+02	2.2185254363e-02	-2.0724424623e-02	7.4495970463e-05	3.7490254445e-05
5.7700000000e+02	2.2222745496e-02	-2.0798953119e-02	7.4561002799e-05	3.7492008942e-05
5.7800000000e+02	2.2260238378e-02	-2.0873546592e-02	7.4625925555e-05	3.7493754452e-05
5.7900000000e+02	2.2297733002e-02	-2.0948204934e-02	7.4690739094e-05	3.7495491036e-05
5.8000000000e+02	2.2335229357e-02	-2.1022928034e-02	7.4755443779e-05	3.7497218755e-05
5.8100000000e+02	2.2372727436e-02	-2.1097715785e-02	7.4820039968e-05	3.7498937668e-05
5.8200000000e+02	2.2410227230e-02	-2.1172568078e-02	7.4884528021e-05	3.7500647836e-05
5.8300000000e+02	2.2447728729e-02	-2.1247484805e-02	7.4948908292e-05	3.7502349317e-05
5.8400000000e+02	2.2485231926e-02	-2.1322465859e-02	7.5013181138e-05	3.7504042171e-05
5.8500000000e+02	2.2522736811e-02	-2.1397511132e-02	7.5077346910e-05	3.7505726454e-05
5.8600000000e+02	2.2560243376e-02	-2.1472620517e-02	7.5141405961e-05	3.7507402224e-05
5.8700000000e+02	2.2597751612e-02	-2.1547793908e-02	7.5205358638e-05	3.7509069540e-05
5.8800000000e+02	2.2635261512e-02	-2.1623031199e-02	7.5269205291e-05	3.7510728457e-05
5.8900000000e+02	2.2672773066e-02	-2.1698332284e-02	7.5332946265e-05	3.7512379031e-05
5.9000000000e+02	2.2710286267e-02	-2.1773697057e-02	7.5396581905e-05	3.7514021318e-05
5.9100000000e+02	2.2747801106e-02	-2.1849125413e-02	7.5460112553e-05	3.7515655373e-05
5.9200000000e+02	2.2785317575e-02	-2.1924617247e-02	7.5523538551e-05	3.7517281252e-05
5.9300000000e+02	2.2822835666e-02	-2.2000172455e-02	7.5586860238e-05	3.7518899008e-05
5.9400000000e+02	2.2860355371e-02	-2.2075790933e-02	7.5650077952e-05	3.7520508695e-05
5.9500000000e+02	2.2897876681e-02	-2.2151472576e-02	7.5713192029e-05	3.7522110366e-05
5.9600000000e+02	2.2935399589e-02	-2.2227217282e-02	7.5776202804e-05	3.7523704076e-05
5.9700000000e+02	2.2972924086e-02	-2.2303024948e-02	7.5839110609e-05	3.7525289875e-05
5.9800000000e+02	2.3010450166e-02	-2.2378895469e-02	7.5901915778e-05	3.7526867817e-05
5.9900000000e+02	2.3047977819e-02	-2.2454828745e-02	7.5964618638e-05	3.7528437953e-05
6.0000000000e+02	2.3085507039e-02	-2.2530824673e-02	7.6027219519e-05	3.7530000333e-05
6.0100000000e+02	2.3123037817e-02	-2.2606883150e-02	7.6089718748e-05	3.7531555010e-05
6.0200000000e+02	2.3160570147e-02	-2.2683004076e-02	7.6152116649e-05	3.7533102033e-05
6.0300000000e+02	2.3198104019e-02	-2.2759187350e-02	7.6214413547e-05	3.7534641453e-05
6.0400000000e+02	2.3235639427e-02	-2.2835432870e-02	7.6276609763e-05	3.7536173319e-05
6.0500000000e+02	2.3273176363e-02	-2.2911740536e-02	7.6338705618e-05	3.7537697680e-05
6.0600000000e+02	2.3310714820e-02	-2.2988110248e-02	7.6400701432e-05	3.7539214585e-05
6.0700000000e+02	2.3348254790e-02	-2.3064541905e-02	7.6462597521e-05	3.7540724082e-05
6.0800000000e+02	2.3385796266e-02	-2.3141035410e-02	7.6524394203e-05	3.7542226220e-05
6.0900000000e+02	2.3423339240e-02	-2.3217590661e-02	7.6586091791e-05	3.7543721046e-05
6.1000000000e+02	2.3460883705e-02	-2.3294207560e-02	7.6647690599e-05	3.7545208608e-05
6.1100000000e+02	2.3498429655e-02	-2.3370886009e-02	7.6709190939e-05	3.7546688951e-05
6.1200000000e+02	2.3535977081e-02	-2.3447625909e-02	7.6770593121e-05	3.7548162124e-05
6.1300000000e+02	2.3573525977e-02	-2.3524427163e-02	7.6831897454e-05	3.7549628171e-05
6.1400000000e+02	2.3611076335e-02	-2.3601289672e-02	7.6893104245e-05	3.7551087139e-05
6.1500000000e+02	2.3648628148e-02	-2.3678213339e-02	7.6954213801e-05	3.7552539072e-05
6.1600000000e+02	2.3686181411e-02	-2.3755198067e-02	7.7015226425e-05	3.7553984017e-05
6.1700000000e+02	2.3723736114e-02	-2.3832243760e-02	7.7076142421e-05	3.7555422017e-05
6.1800000000e+02	2.3761292252e-02	-2.3909350320e-02	7.7136962091e-05	3.7556853117e-05
6.1900000000e+02	2.3798849818e-02	-2.3986517652e-02	7.7197685735e-05	3.7558277362e-05
6.2000000000e+02	2.3836408805e-02	-2.4063745659e-02	7.7258313652e-05	3.7559694793e-05
6.2100000000e+02	2.3873969205e-02	-2.4141034247e-02	7.7318846140e-05	3.7561105455e-05
6.2200000000e+02	2.3911531013e-02	-2.4218383320e-02	7.7379283494e-05	3.7562509392e-05
6.2300000000e+02	2.3949094222e-02	-2.4295792783e-02	7.7439626011e-05	3.7563906644e-05
6.2400000000e+02	2.3986658825e-02	-2.4373262540e-02	7.7499873982e-05	3.7565297255e-05
6.2500000000e+02	2.4024224814e-02	-2.4450792499e-02	7.7560027702e-05	3.7566681266e-05
6.2600000000e+02	2.4061792185e-02	-2.4528382565e-02	7.7620087459e-05	3.7568058719e-05
6.2700000000e+02	2.4099360930e-02	-2.4606032643e-02	7.7680053545e-05	3.7569429656e-05
6.2800000000e+02	2.4136931042e-02	-2.4683742640e-02	7.7739926246e-05	3.7570794116e-05
6.2900000000e+02	2.4174502516e-02	-2.4761512464e-02	7.7799705850e-05	3.7572152142e-05
6.3000000000e+02	2.4212075344e-02	-2.4839342021e-02	7.7859392644e-05	3.7573503772e-05
6.3100000000e+02	2.4249649521e-02	-2.4917231219e-02	7.7918986909e-05	3.7574849048e-05
6.3200000000e+02	2.4287225040e-02	-2.4995179964e-02	7.7978488931e-05	3.7576188008e-05
6.3300000000e+02	2.4324801895e-02	-2.5073188166e-02	7.8037898990e-05	3.7577520693e-05
6.3400000000e+02	2.4362380079e-02	-2.5151255732e-02	7.8097217368e-05	3.7578847141e-05
6.3500000000e+02	2.4399959587e-02	-2.5229382570e-02	7.8156444342e-05	3.7580167390e-05
6.3600000000e+02	2.4437540412e-02	-2.5307568590e-02	7.8215580192e-05	3.7581481480e-05
6.3700000000e+02	2.4475122548e-02	-2.5385813700e-02	7.8274625194e-05	3.7582789449e-05
6.3800000000e+02	2.4512705989e-02	-2.5464117810e-02	7.8333579623e-05	3.7584091334e-05
6.3900000000e+02	2.4550290729e-02	-2.5542480829e-02	7.8392443753e-05	3.7585387173e-05
6.4000000000e+02	2.4587876761e-02	-2.5620902668e-02	7.8451217858e-05	3.7586677003e-05
6.4100000000e+02	2.4625464081e-02	-2.5699383235e-02	7.8509902209e-05	3.7587960862e-05
6.4200000000e+02	2.4663052681e-02	-2.5777922442e-02	7.8568497077e-05	3.7589238785e-05
6.4300000000e+02	2.4700642556e-02	-2.5856520200e-02	7.8627002731e-05	3.7590510810e-05
6.4400000000e+02	2.4738233701e-02	-2.5935176418e-02	7.8685419439e-05	3.7591776973e-05
6.4500000000e+02	2.4775826108e-02	-2.6013891009e-02	7.8743747469e-05	3.7593037309e-05
6.4600000000e+02	2.4813419774e-02	-2.6092663884e-02	7.8801987085e-05	3.7594291854e-05
6.4700000000e+02	2.4851014690e-02	-2.6171494954e-02	7.8860138553e-05	3.7595540643e-05
6.4800000000e+02	2.4888610853e-02	-2.6250384131e-02	7.8918202136e-05	3.7596783712e-05
6.4900000000e+02	2.4926208256e-02	-2.6329331329e-02	7.8976178096e-05	3.7598021095e-05
6.5000000000e+02	2.4963806893e-02	-2.6408336458e-02	7.9034066695e-05	3.7599252827e-05
6.5100000000e+02	2.5001406760e-02	-2.6487399433e-02	7.9091868192e-05	3.7600478942e-05
6.5200000000e+02	2.5039007849e-02	-2.6566520166e-02	7.9149582845e-05	3.7601699474e-05
6.5300000000e+02	2.5076610157e-02	-2.6645698570e-02	7.9207210914e-05	3.7602914457e-05
6.5400000000e+02	2.5114213676e-02	-2.6724934559e-02	7.9264752653e-05	3.7604123924e-05
6.5500000000e+02	2.5151818403e-02	-2.6804228047e-02	7.9322208320e-05	3.7605327909e-05
6.5600000000e+02	2.5189424330e-02	-2.6883578947e-02	7.9379578167e-05	3.7606526445e-05
6.5700000000e+02	2.5227031454e-02	-2.6962987174e-02	7.9436862448e-05	3.7607719563e-05
6.5800000000e+02	2.5264639768e-02	-2.7042452643e-02	7.9494061415e-05	3.7608907298e-05
6.5900000000e+02	2.5302249267e-02	-2.7121975269e-02	7.9551175319e-05	3.7610089681e-05
6.6000000000e+02	2.5339859945e-02	-2.7201554966e-02	7.9608204411e-05	3.7611266744e-05
6.6100000000e+02	2.5377471798e-02	-2.7281191650e-02	7.9665148938e-05	3.7612438519e-05
6.6200000000e+02	2.5415084820e-02	-2.7360885236e-02	7.9722009148e-05	3.7613605038e-05
6.6300000000e+02	2.5452699007e-02	-2.7440635640e-02	7.9778785289e-05	3.7614766331e-05
6.6400000000e+02	2.5490314351e-02	-2.7520442778e-02	7.9835477605e-05	3.7615922430e-05
6.6500000000e+02	2.5527930850e-02	-2.7600306567e-02	7.9892086341e-05	3.7617073367e-05
6.6600000000e+02	2.5565548496e-02	-2.7680226923e-02	7.9948611741e-05	3.7618219170e-05
6.6700000000e+02	2.5603167286e-02	-2.7760203763e-02	8.0005054047e-05	3.7619359871e-05
6.6800000000e+02	2.5640787215e-02	-2.7840237004e-02	8.0061413500e-05	3.7620495501e-05
6.6900000000e+02	2.5678408276e-02	-2.7920326562e-02	8.0117690341e-05	3.7621626088e-05
6.7000000000e+02	2.5716030465e-02	-2.8000472357e-02	8.0173884809e-05	3.7622751663e-05
6.7100000000e+02	2.5753653777e-02	-2.8080674305e-02	8.0229997142e-05	3.7623872255e-05
6.7200000000e+02	2.5791278208e-02	-2.8160932324e-02	8.0286027577e-05	3.7624987894e-05
6.7300000000e+02	2.5828903752e-02	-2.8241246333e-02	8.0341976351e-05	3.7626098608e-05
6.7400000000e+02	2.5866530403e-02	-2.8321616249e-02	8.0397843699e-05	3.7627204426e-05
6.7500000000e+02	2.5904158159e-02	-2.8402041993e-02	8.0453629854e-05	3.7628305378e-05
6.7600000000e+02	2.5941787013e-02	-2.8482523482e-02	8.0509335051e-05	3.7629401491e-05
6.7700000000e+02	2.5979416960e-02	-2.8563060636e-02	8.0564959522e-05	3.7630492795e-05
6.7800000000e+02	2.6017047997e-02	-2.8643653374e-02	8.0620503497e-05	3.7631579316e-05
6.7900000000e+02	2.6054680117e-02	-2.8724301616e-02	8.0675967207e-05	3.7632661082e-05
6.8000000000e+02	2.6092313317e-02	-2.8805005282e-02	8.0731350881e-05	3.7633738122e-05
6.8100000000e+02	2.6129947592e-02	-2.8885764292e-02	8.0786654748e-05	3.7634810463e-05
6.8200000000e+02	2.6167582937e-02	-2.8966578565e-02	8.0841879035e-05	3.7635878132e-05
6.8300000000e+02	2.6205219347e-02	-2.9047448023e-02	8.0897023967e-05	3.7636941156e-05
6.8400000000e+02	2.6242856817e-02	-2.9128372587e-02	8.0952089772e-05	3.7637999561e-05
6.8500000000e+02	2.6280495344e-02	-2.9209352176e-02	8.1007076672e-05	3.7639053375e-05
6.8600000000e+02	2.6318134923e-02	-2.9290386714e-02	8.1061984892e-05	3.7640102625e-05
6.8700000000e+02	2.6355775548e-02	-2.9371476120e-02	8.1116814655e-05	3.7641147335e-05
6.8800000000e+02	2.6393417216e-02	-2.9452620317e-02	8.1171566181e-05	3.7642187533e-05
6.8900000000e+02	2.6431059921e-02	-2.9533819226e-02	8.1226239692e-05	3.7643223244e-05
6.9000000000e+02	2.6468703661e-02	-2.9615072770e-02	8.1280835407e-05	3.7644254494e-05
6.9100000000e+02	2.6506348429e-02	-2.9696380871e-02	8.1335353546e-05	3.7645281309e-05
6.9200000000e+02	2.6543994222e-02	-2.9777743452e-02	8.1389794326e-05	3.7646303713e-05
6.9300000000e+02	2.6581641035e-02	-2.9859160434e-02	8.1444157964e-05	3.7647321732e-05
6.9400000000e+02	2.6619288864e-02	-2.9940631742e-02	8.1498444677e-05	3.7648335392e-05
6.9500000000e+02	2.6656937704e-02	-3.0022157298e-02	8.1552654680e-05	3.7649344716e-05
6.9600000000e+02	2.6694587552e-02	-3.0103737026e-02	8.1606788186e-05	3.7650349729e-05
6.9700000000e+02	2.6732238402e-02	-3.0185370849e-02	8.1660845411e-05	3.7651350457e-05
6.9800000000e+02	2.6769890251e-02	-3.0267058691e-02	8.1714826565e-05	3.7652346922e-05
6.9900000000e+02	2.6807543095e-02	-3.0348800477e-02	8.1768731862e-05	3.7653339150e-05
7.0000000000e+02	2.6845196928e-02	-3.0430596130e-02	8.1822561512e-05	3.7654327164e-05
7.0100000000e+02	2.6882851748e-02	-3.0512445575e-02	8.1876315724e-05	3.7655310988e-05
7.0200000000e+02	2.6920507549e-02	-3.0594348736e-02	8.1929994708e-05	3.7656290646e-05
7.0300000000e+02	2.6958164328e-02	-3.0676305539e-02	8.1983598672e-05	3.7657266160e-05
7.0400000000e+02	2.6995822080e-02	-3.0758315909e-02	8.2037127824e-05	3.7658237555e-05
7.0500000000e+02	2.7033480801e-02	-3.0840379770e-02	8.2090582371e-05	3.7659204854e-05
7.0600000000e+02	2.7071140488e-02	-3.0922497049e-02	8.2143962517e-05	3.7660168079e-05
7.0700000000e+02	2.7108801136e-02	-3.1004667670e-02	8.2197268467e-05	3.7661127253e-05
7.0800000000e+02	2.7146462741e-02	-3.1086891561e-02	8.2250500427e-05	3.7662082399e-05
7.0900000000e+02	2.7184125300e-02	-3.1169168646e-02	8.2303658598e-05	3.7663033539e-05
7.1000000000e+02	2.7221788807e-02	-3.1251498853e-02	8.2356743184e-05	3.7663980696e-05
7.1100000000e+02	2.7259453260e-02	-3.1333882108e-02	8.2409754385e-05	3.7664923891e-05
7.1200000000e+02	2.7297118654e-02	-3.1416318338e-02	8.2462692404e-05	3.7665863148e-05
7.1300000000e+02	2.7334784985e-02	-3.1498807469e-02	8.2515557438e-05	3.7666798487e-05
7.1400000000e+02	2.7372452249e-02	-3.1581349428e-02	8.2568349689e-05	3.7667729930e-05
7.1500000000e+02	2.7410120443e-02	-3.1663944144e-02	8.2621069353e-05	3.7668657500e-05
7.1600000000e+02	2.7447789563e-02	-3.1746591543e-02	8.2673716628e-05	3.7669581216e-05
7.1700000000e+02	2.7485459604e-02	-3.1829291553e-02	8.2726291712e-05	3.7670501102e-05
7.1800000000e+02	2.7523130564e-02	-3.1912044102e-02	8.2778794800e-05	3.7671417177e-05
7.1900000000e+02	2.7560802437e-02	-3.1994849119e-02	8.2831226087e-05	3.7672329463e-05
7.2000000000e+02	2.7598475222e-02	-3.2077706531e-02	8.2883585767e-05	3.7673237980e-05
7.2100000000e+02	2.7636148912e-02	-3.2160616267e-02	8.2935874034e-05	3.7674142749e-05
7.2200000000e+02	2.7673823506e-02	-3.2243578255e-02	8.2988091082e-05	3.7675043792e-05
7.2300000000e+02	2.7711498999e-02	-3.2326592425e-02	8.3040237100e-05	3.7675941127e-05
7.2400000000e+02	2.7749175387e-02	-3.2409658706e-02	8.3092312282e-05	3.7676834776e-05
7.2500000000e+02	2.7786852667e-02	-3.2492777026e-02	8.3144316818e-05	3.7677724758e-05
7.2600000000e+02	2.7824530835e-02	-3.2575947316e-02	8.3196250897e-05	3.7678611094e-05
7.2700000000e+02	2.7862209888e-02	-3.2659169504e-02	8.3248114707e-05	3.7679493803e-05
7.2800000000e+02	2.7899889822e-02	-3.2742443522e-02	8.3299908439e-05	3.7680372906e-05
7.2900000000e+02	2.7937570632e-02	-3.2825769298e-02	8.3351632278e-05	3.7681248421e-05
7.3000000000e+02	2.7975252317e-02	-3.2909146763e-02	8.3403286411e-05	3.7682120368e-05
7.3100000000e+02	2.8012934872e-02	-3.2992575848e-02	8.3454871026e-05	3.7682988767e-05
7.3200000000e+02	2.8050618294e-02	-3.3076056482e-02	8.3506386306e-05	3.7683853637e-05
7.3300000000e+02	2.8088302578e-02	-3.3159588597e-02	8.3557832436e-05	3.7684714996e-05
7.3400000000e+02	2.8125987722e-02	-3.3243172124e-02	8.3609209600e-05	3.7685572864e-05
7.3500000000e+02	2.8163673723e-02	-3.3326806994e-02	8.3660517981e-05	3.7686427259e-05
7.3600000000e+02	2.8201360576e-02	-3.3410493137e-02	8.3711757762e-05	3.7687278200e-05
7.3700000000e+02	2.8239048278e-02	-3.3494230486e-02	8.3762929124e-05	3.7688125706e-05
7.3800000000e+02	2.8276736826e-02	-3.3578018973e-02	8.3814032247e-05	3.7688969796e-05
7.3900000000e+02	2.8314426216e-02	-3.3661858528e-02	8.3865067313e-05	3.7689810486e-05
7.4000000000e+02	2.8352116446e-02	-3.3745749085e-02	8.3916034501e-05	3.7690647797e-05
7.4100000000e+02	2.8389807511e-02	-3.3829690575e-02	8.3966933988e-05	3.7691481745e-05
7.4200000000e+02	2.8427499408e-02	-3.3913682930e-02	8.4017765955e-05	3.7692312349e-05
7.4300000000e+02	2.8465192134e-02	-3.3997726084e-02	8.4068530577e-05	3.7693139626e-05
7.4400000000e+02	2.8502885686e-02	-3.4081819969e-02	8.4119228031e-05	3.7693963594e-05
7.4500000000e+02	2.8540580061e-02	-3.4165964518e-02	8.4169858494e-05	3.7694784271e-05
7.4600000000e+02	2.8578275254e-02	-3.4250159664e-02	8.4220422141e-05	3.7695601674e-05
7.4700000000e+02	2.8615971263e-02	-3.4334405340e-02	8.4270919147e-05	3.7696415821e-05
7.4800000000e+02	2.8653668084e-02	-3.4418701480e-02	8.4321349685e-05	3.7697226729e-05
7.4900000000e+02	2.8691365715e-02	-3.4503048017e-02	8.4371713928e-05	3.7698034415e-05
7.5000000000e+02	2.8729064152e-02	-3.4587444886e-02	8.4422012050e-05	3.7698838896e-05
7.5100000000e+02	2.8766763392e-02	-3.4671892019e-02	8.4472244222e-05	3.7699640188e-05
7.5200000000e+02	2.8804463431e-02	-3.4756389352e-02	8.4522410616e-05	3.7700438309e-05
7.5300000000e+02	2.8842164268e-02	-3.4840936819e-02	8.4572511402e-05	3.7701233276e-05
7.5400000000e+02	2.8879865897e-02	-3.4925534353e-02	8.4622546751e-05	3.7702025104e-05
7.5500000000e+02	2.8917568317e-02	-3.5010181890e-02	8.4672516830e-05	3.7702813811e-05
7.5600000000e+02	2.8955271524e-02	-3.5094879365e-02	8.4722421810e-05	3.7703599413e-05
7.5700000000e+02	2.8992975514e-02	-3.5179626712e-02	8.4772261858e-05	3.7704381926e-05
7.5800000000e+02	2.9030680286e-02	-3.5264423867e-02	8.4822037142e-05	3.7705161365e-05
7.5900000000e+02	2.9068385836e-02	-3.5349270765e-02	8.4871747828e-05	3.7705937748e-05
7.6000000000e+02	2.9106092161e-02	-3.5434167341e-02	8.4921394082e-05	3.7706711091e-05
7.6100000000e+02	2.9143799257e-02	-3.5519113532e-02	8.4970976070e-05	3.7707481408e-05
7.6200000000e+02	2.9181507123e-02	-3.5604109272e-02	8.5020493956e-05	3.7708248715e-05
7.6300000000e+02	2.9219215754e-02	-3.5689154498e-02	8.5069947906e-05	3.7709013029e-05
7.6400000000e+02	2.9256925148e-02	-3.5774249147e-02	8.5119338082e-05	3.7709774365e-05
7.6500000000e+02	2.9294635302e-02	-3.5859393153e-02	8.5168664647e-05	3.7710532738e-05
7.6600000000e+02	2.9332346212e-02	-3.5944586455e-02	8.5217927764e-05	3.7711288164e-05
7.6700000000e+02	2.9370057877e-02	-3.6029828988e-02	8.5267127594e-05	3.7712040658e-05
7.6800000000e+02	2.9407770293e-02	-3.6115120689e-02	8.5316264299e-05	3.7712790234e-05
7.6900000000e+02	2.9445483456e-02	-3.6200461495e-02	8.5365338039e-05	3.7713536908e-05
7.7000000000e+02	2.9483197365e-02	-3.6285851344e-02	8.5414348973e-05	3.7714280696e-05
7.7100000000e+02	2.9520912017e-02	-3.6371290172e-02	8.5463297262e-05	3.7715021611e-05
7.7200000000e+02	2.9558627408e-02	-3.6456777918e-02	8.5512183064e-05	3.7715759668e-05
7.7300000000e+02	2.9596343535e-02	-3.6542314518e-02	8.5561006537e-05	3.7716494883e-05
7.7400000000e+02	2.9634060397e-02	-3.6627899910e-02	8.5609767838e-05	3.7717227269e-05
7.7500000000e+02	2.9671777989e-02	-3.6713534033e-02	8.5658467125e-05	3.7717956842e-05
7.7600000000e+02	2.9709496309e-02	-3.6799216824e-02	8.5707104553e-05	3.7718683615e-05
7.7700000000e+02	2.9747215355e-02	-3.6884948221e-02	8.5755680279e-05	3.7719407603e-05
7.7800000000e+02	2.9784935124e-02	-3.6970728164e-02	8.5804194457e-05	3.7720128820e-05
7.7900000000e+02	2.9822655612e-02	-3.7056556590e-02	8.5852647242e-05	3.7720847280e-05
7.8000000000e+02	2.9860376817e-02	-3.7142433438e-02	8.5901038789e-05	3.7721562997e-05
7.8100000000e+02	2.9898098737e-02	-3.7228358647e-02	8.5949369250e-05	3.7722275985e-05
7.8200000000e+02	2.9935821368e-02	-3.7314332156e-02	8.5997638778e-05	3.7722986258e-05
7.8300000000e+02	2.9973544709e-02	-3.7400353904e-02	8.6045847526e-05	3.7723693829e-05
7.8400000000e+02	3.0011268755e-02	-3.7486423831e-02	8.6093995645e-05	3.7724398713e-05
7.8500000000e+02	3.0048993505e-02	-3.7572541875e-02	8.6142083287e-05	3.7725100923e-05
7.8600000000e+02	3.0086718956e-02	-3.7658707977e-02	8.6190110602e-05	3.7725800471e-05
7.8700000000e+02	3.0124445105e-02	-3.7744922077e-02	8.6238077740e-05	3.7726497373e-05
7.8800000000e+02	3.0162171950e-02	-3.7831184113e-02	8.6285984851e-05	3.7727191641e-05
7.8900000000e+02	3.0199899488e-02	-3.7917494026e-02	8.6333832083e-05	3.7727883288e-05
7.9000000000e+02	3.0237627716e-02	-3.8003851757e-02	8.6381619586e-05	3.7728572327e-05
7.9100000000e+02	3.0275356631e-02	-3.8090257246e-02	8.6429347506e-05	3.7729258772e-05
7.9200000000e+02	3.0313086232e-02	-3.8176710432e-02	8.6477015991e-05	3.7729942636e-05
7.9300000000e+02	3.0350816516e-02	-3.8263211258e-02	8.6524625187e-05	3.7730623930e-05
7.9400000000e+02	3.0388547479e-02	-3.8349759663e-02	8.6572175242e-05	3.7731302669e-05
7.9500000000e+02	3.0426279120e-02	-3.8436355589e-02	8.6619666300e-05	3.7731978865e-05
7.9600000000e+02	3.0464011436e-02	-3.8522998976e-02	8.6667098508e-05	3.7732652531e-05
7.9700000000e+02	3.0501744424e-02	-3.8609689766e-02	8.6714472008e-05	3.7733323679e-05
7.9800000000e+02	3.0539478083e-02	-3.8696427900e-02	8.6761786946e-05	3.7733992321e-05
7.9900000000e+02	3.0577212408e-02	-3.8783213320e-02	8.6809043465e-05	3.7734658471e-05
8.0000000000e+02	3.0614947399e-02	-3.8870045968e-02	8.6856241708e-05	3.7735322140e-05
8.0100000000e+02	3.0652683052e-02	-3.8956925785e-02	8.6903381818e-05	3.7735983341e-05
8.0200000000e+02	3.0690419365e-02	-3.9043852712e-02	8.6950463936e-05	3.7736642086e-05
8.0300000000e+02	3.0728156335e-02	-3.9130826693e-02	8.6997488204e-05	3.7737298387e-05
8.0400000000e+02	3.0765893961e-02	-3.9217847669e-02	8.7044454764e-05	3.7737952257e-05
8.0500000000e+02	3.0803632239e-02	-3.9304915583e-02	8.7091363754e-05	3.7738603706e-05
8.0600000000e+02	3.0841371167e-02	-3.9392030378e-02	8.7138215316e-05	3.7739252748e-05
8.0700000000e+02	3.0879110743e-02	-3.9479191995e-02	8.7185009589e-05	3.7739899393e-05
8.0800000000e+02	3.0916850965e-02	-3.9566400378e-02	8.7231746712e-05	3.7740543655e-05
8.0900000000e+02	3.0954591830e-02	-3.9653655469e-02	8.7278426823e-05	3.7741185543e-05
8.1000000000e+02	3.0992333335e-02	-3.9740957213e-02	8.7325050059e-05	3.7741825071e-05
8.1100000000e+02	3.1030075479e-02	-3.9828305551e-02	8.7371616560e-05	3.7742462249e-05
8.1200000000e+02	3.1067818259e-02	-3.9915700427e-02	8.7418126461e-05	3.7743097089e-05
8.1300000000e+02	3.1105561673e-02	-4.0003141785e-02	8.7464579898e-05	3.7743729602e-05
8.1400000000e+02	3.1143305718e-02	-4.0090629568e-02	8.7510977009e-05	3.7744359800e-05
8.1500000000e+02	3.1181050392e-02	-4.0178163720e-02	8.7557317928e-05	3.7744987695e-05
8.1600000000e+02	3.1218795692e-02	-4.0265744185e-02	8.7603602791e-05	3.7745613296e-05
8.1700000000e+02	3.1256541617e-02	-4.0353370907e-02	8.7649831731e-05	3.7746236616e-05
8.1800000000e+02	3.1294288165e-02	-4.0441043830e-02	8.7696004883e-05	3.7746857665e-05
8.1900000000e+02	3.1332035332e-02	-4.0528762898e-02	8.7742122381e-05	3.7747476454e-05
8.2000000000e+02	3.1369783117e-02	-4.0616528056e-02	8.7788184357e-05	3.7748092995e-05
8.2100000000e+02	3.1407531517e-02	-4.0704339248e-02	8.7834190945e-05	3.7748707298e-05
8.2200000000e+02	3.1445280531e-02	-4.0792196420e-02	8.7880142275e-05	3.7749319375e-05
8.2300000000e+02	3.1483030155e-02	-4.0880099515e-02	8.7926038481e-05	3.7749929234e-05
8.2400000000e+02	3.1520780388e-02	-4.0968048478e-02	8.7971879693e-05	3.7750536889e-05
8.2500000000e+02	3.1558531228e-02	-4.1056043256e-02	8.8017666041e-05	3.7751142348e-05
8.2600000000e+02	3.1596282672e-02	-4.1144083792e-02	8.8063397657e-05	3.7751745623e-05
8.2700000000e+02	3.1634034719e-02	-4.1232170033e-02	8.8109074669e-05	3.7752346724e-05
8.2800000000e+02	3.1671787365e-02	-4.1320301923e-02	8.8154697208e-05	3.7752945661e-05
8.2900000000e+02	3.1709540609e-02	-4.1408479409e-02	8.8200265402e-05	3.7753542445e-05
8.3000000000e+02	3.1747294449e-02	-4.1496702436e-02	8.8245779380e-05	3.7754137086e-05
8.3100000000e+02	3.1785048883e-02	-4.1584970950e-02	8.8291239269e-05	3.7754729595e-05
8.3200000000e+02	3.1822803908e-02	-4.1673284897e-02	8.8336645198e-05	3.7755319981e-05
8.3300000000e+02	3.1860559522e-02	-4.1761644222e-02	8.8381997292e-05	3.7755908255e-05
8.3400000000e+02	3.1898315724e-02	-4.1850048873e-02	8.8427295680e-05	3.7756494426e-05
8.3500000000e+02	3.1936072510e-02	-4.1938498796e-02	8.8472540486e-05	3.7757078505e-05
8.3600000000e+02	3.1973829880e-02	-4.2026993936e-02	8.8517731838e-05	3.7757660502e-05
8.3700000000e+02	3.2011587831e-02	-4.2115534242e-02	8.8562869859e-05	3.7758240426e-05
8.3800000000e+02	3.2049346360e-02	-4.2204119658e-02	8.8607954676e-05	3.7758818287e-05
8.3900000000e+02	3.2087105466e-02	-4.2292750133e-02	8.8652986412e-05	3.7759394095e-05
8.4000000000e+02	3.2124865148e-02	-4.2381425614e-02	8.8697965192e-05	3.7759967860e-05
8.4100000000e+02	3.2162625402e-02	-4.2470146046e-02	8.8742891139e-05	3.7760539592e-05
8.4200000000e+02	3.2200386226e-02	-4.2558911378e-02	8.8787764376e-05	3.7761109299e-05
8.4300000000e+02	3.2238147619e-02	-4.2647721557e-02	8.8832585026e-05	3.7761676992e-05
8.4400000000e+02	3.2275909579e-02	-4.2736576531e-02	8.8877353211e-05	3.7762242680e-05
8.4500000000e+02	3.2313672104e-02	-4.2825476246e-02	8.8922069054e-05	3.7762806372e-05
8.4600000000e+02	3.2351435192e-02	-4.2914420652e-02	8.8966732675e-05	3.7763368078e-05
8.4700000000e+02	3.2389198840e-02	-4.3003409694e-02	8.9011344196e-05	3.7763927807e-05
8.4800000000e+02	3.2426963047e-02	-4.3092443323e-02	8.9055903737e-05	3.7764485569e-05
8.4900000000e+02	3.2464727810e-02	-4.3181521484e-02	8.9100411419e-05	3.7765041372e-05
8.5000000000e+02	3.2502493129e-02	-4.3270644128e-02	8.9144867361e-05	3.7765595225e-05
8.5100000000e+02	3.2540259000e-02	-4.3359811202e-02	8.9189271683e-05	3.7766147138e-05
8.5200000000e+02	3.2578025422e-02	-4.3449022654e-02	8.9233624503e-05	3.7766697120e-05
8.5300000000e+02	3.2615792394e-02	-4.3538278434e-02	8.9277925941e-05	3.7767245180e-05
8.5400000000e+02	3.2653559912e-02	-4.3627578489e-02	8.9322176114e-05	3.7767791326e-05
8.5500000000e+02	3.2691327976e-02	-4.3716922769e-02	8.9366375140e-05	3.7768335568e-05
8.5600000000e+02	3.2729096582e-02	-4.3806311222e-02	8.9410523137e-05	3.7768877915e-05
8.5700000000e+02	3.2766865731e-02	-4.3895743798e-02	8.9454620221e-05	3.7769418375e-05
8.5800000000e+02	3.2804635419e-02	-4.3985220446e-02	8.9498666509e-05	3.7769956956e-05
8.5900000000e+02	3.2842405644e-02	-4.4074741114e-02	8.9542662117e-05	3.7770493668e-05
8.6000000000e+02	3.2880176405e-02	-4.4164305753e-02	8.9586607161e-05	3.7771028520e-05
8.6100000000e+02	3.2917947700e-02	-4.4253914312e-02	8.9630501757e-05	3.7771561519e-05
8.6200000000e+02	3.2955719528e-02	-4.4343566740e-02	8.9674346018e-05	3.7772092674e-05
8.6300000000e+02	3.2993491885e-02	-4.4433262987e-02	8.9718140061e-05	3.7772621995e-05
8.6400000000e+02	3.3031264771e-02	-4.4523003003e-02	8.9761883998e-05	3.7773149488e-05
8.6500000000e+02	3.3069038184e-02	-4.4612786739e-02	8.9805577945e-05	3.7773675164e-05
8.6600000000e+02	3.3106812121e-02	-4.4702614143e-02	8.9849222013e-05	3.7774199029e-05
8.6700000000e+02	3.3144586581e-02	-4.4792485166e-02	8.9892816317e-05	3.7774721092e-05
8.6800000000e+02	3.3182361562e-02	-4.4882399759e-02	8.9936360969e-05	3.7775241362e-05
8.6900000000e+02	3.3220137063e-02	-4.4972357871e-02	8.9979856081e-05	3.7775759847e-05
8.7000000000e+02	3.3257913082e-02	-4.5062359455e-02	9.0023301766e-05	3.7776276555e-05
8.7100000000e+02	3.3295689616e-02	-4.5152404459e-02	9.0066698133e-05	3.7776791493e-05
8.7200000000e+02	3.3333466664e-02	-4.5242492834e-02	9.0110045296e-05	3.7777304671e-05
8.7300000000e+02	3.3371244224e-02	-4.5332624533e-02	9.0153343365e-05	3.7777816095e-05
8.7400000000e+02	3.3409022296e-02	-4.5422799505e-02	9.0196592449e-05	3.7778325775e-05
8.7500000000e+02	3.3446800875e-02	-4.5513017701e-02	9.0239792659e-05	3.7778833717e-05
8.7600000000e+02	3.3484579962e-02	-4.5603279074e-02	9.0282944105e-05	3.7779339930e-05
8.7700000000e+02	3.3522359555e-02	-4.5693583573e-02	9.0326046896e-05	3.7779844422e-05
8.7800000000e+02	3.3560139651e-02	-4.5783931151e-02	9.0369101141e-05	3.7780347200e-05
8.7900000000e+02	3.3597920249e-02	-4.5874321760e-02	9.0412106949e-05	3.7780848273e-05
8.8000000000e+02	3.3635701347e-02	-4.5964755349e-02	9.0455064427e-05	3.7781347647e-05
8.8100000000e+02	3.3673482943e-02	-4.6055231872e-02	9.0497973684e-05	3.7781845330e-05
8.8200000000e+02	3.3711265037e-02	-4.6145751281e-02	9.0540834827e-05	3.7782341331e-05
8.8300000000e+02	3.3749047625e-02	-4.6236313526e-02	9.0583647963e-05	3.7782835656e-05
8.8400000000e+02	3.3786830707e-02	-4.6326918561e-02	9.0626413199e-05	3.7783328314e-05
8.8500000000e+02	3.3824614281e-02	-4.6417566336e-02	9.0669130642e-05	3.7783819311e-05
8.8600000000e+02	3.3862398346e-02	-4.6508256806e-02	9.0711800397e-05	3.7784308656e-05
8.8700000000e+02	3.3900182898e-02	-4.6598989921e-02	9.0754422570e-05	3.7784796354e-05
8.8800000000e+02	3.3937967938e-02	-4.6689765635e-02	9.0796997267e-05	3.7785282415e-05
8.8900000000e+02	3.3975753462e-02	-4.6780583900e-02	9.0839524592e-05	3.7785766845e-05
8.9000000000e+02	3.4013539471e-02	-4.6871444669e-02	9.0882004651e-05	3.7786249652e-05
8.9100000000e+02	3.4051325961e-02	-4.6962347894e-02	9.0924437548e-05	3.7786730842e-05
8.9200000000e+02	3.4089112932e-02	-4.7053293528e-02	9.0966823386e-05	3.7787210423e-05
8.9300000000e+02	3.4126900382e-02	-4.7144281525e-02	9.1009162269e-05	3.7787688402e-05
8.9400000000e+02	3.4164688308e-02	-4.7235311837e-02	9.1051454301e-05	3.7788164786e-05
8.9500000000e+02	3.4202476711e-02	-4.7326384418e-02	9.1093699585e-05	3.7788639583e-05
8.9600000000e+02	3.4240265587e-02	-4.7417499221e-02	9.1135898223e-05	3.7789112799e-05
8.9700000000e+02	3.4278054936e-02	-4.7508656199e-02	9.1178050317e-05	3.7789584441e-05
8.9800000000e+02	3.4315844755e-02	-4.7599855306e-02	9.1220155970e-05	3.7790054516e-05
8.9900000000e+02	3.4353635044e-02	-4.7691096495e-02	9.1262215283e-05	3.7790523032e-05
9.0000000000e+02	3.4391425801e-02	-4.7782379721e-02	9.1304228358e-05	3.7790989994e-05
9.0100000000e+02	3.4429217024e-02	-4.7873704937e-02	9.1346195294e-05	3.7791455411e-05
9.0200000000e+02	3.4467008711e-02	-4.7965072096e-02	9.1388116194e-05	3.7791919288e-05
9.0300000000e+02	3.4504800862e-02	-4.8056481154e-02	9.1429991158e-05	3.7792381633e-05
9.0400000000e+02	3.4542593474e-02	-4.8147932063e-02	9.1471820284e-05	3.7792842452e-05
9.0500000000e+02	3.4580386546e-02	-4.8239424779e-02	9.1513603674e-05	3.7793301752e-05
9.0600000000e+02	3.4618180077e-02	-4.8330959255e-02	9.1555341426e-05	3.7793759539e-05
9.0700000000e+02	3.4655974065e-02	-4.8422535447e-02	9.1597033640e-05	3.7794215821e-05
9.0800000000e+02	3.4693768508e-02	-4.8514153307e-02	9.1638680414e-05	3.7794670604e-05
9.0900000000e+02	3.4731563405e-02	-4.8605812792e-02	9.1680281846e-05	3.7795123894e-05
9.1000000000e+02	3.4769358755e-02	-4.8697513856e-02	9.1721838035e-05	3.7795575697e-05
9.1100000000e+02	3.4807154556e-02	-4.8789256453e-02	9.1763349078e-05	3.7796026021e-05
9.1200000000e+02	3.4844950807e-02	-4.8881040539e-02	9.1804815072e-05	3.7796474872e-05
9.1300000000e+02	3.4882747506e-02	-4.8972866069e-02	9.1846236116e-05	3.7796922257e-05
9.1400000000e+02	3.4920544651e-02	-4.9064732997e-02	9.1887612306e-05	3.7797368180e-05
9.1500000000e+02	3.4958342241e-02	-4.9156641278e-02	9.1928943737e-05	3.7797812650e-05
9.1600000000e+02	3.4996140276e-02	-4.9248590869e-02	9.1970230507e-05	3.7798255672e-05
9.1700000000e+02	3.5033938752e-02	-4.9340581724e-02	9.2011472712e-05	3.7798697252e-05
9.1800000000e+02	3.5071737670e-02	-4.9432613800e-02	9.2052670446e-05	3.7799137397e-05
9.1900000000e+02	3.5109537027e-02	-4.9524687051e-02	9.2093823805e-05	3.7799576113e-05
9.2000000000e+02	3.5147336822e-02	-4.9616801433e-02	9.2134932885e-05	3.7800013406e-05
9.2100000000e+02	3.5185137053e-02	-4.9708956902e-02	9.2175997779e-05	3.7800449283e-05
9.2200000000e+02	3.5222937720e-02	-4.9801153413e-02	9.2217018582e-05	3.7800883749e-05
9.2300000000e+02	3.5260738820e-02	-4.9893390924e-02	9.2257995389e-05	3.7801316810e-05
9.2400000000e+02	3.5298540353e-02	-4.9985669390e-02	9.2298928293e-05	3.7801748473e-05
9.2500000000e+02	3.5336342316e-02	-5.0077988766e-02	9.2339817387e-05	3.7802178743e-05
9.2600000000e+02	3.5374144710e-02	-5.0170349010e-02	9.2380662764e-05	3.7802607627e-05
9.2700000000e+02	3.5411947531e-02	-5.0262750077e-02	9.2421464518e-05	3.7803035130e-05
9.2800000000e+02	3.5449750780e-02	-5.0355191924e-02	9.2462222741e-05	3.7803461258e-05
9.2900000000e+02	3.5487554453e-02	-5.0447674508e-02	9.2502937526e-05	3.7803886018e-05
9.3000000000e+02	3.5525358551e-02	-5.0540197785e-02	9.2543608963e-05	3.7804309415e-05
9.3100000000e+02	3.5563163072e-02	-5.0632761712e-02	9.2584237146e-05	3.7804731454e-05
9.3200000000e+02	3.5600968014e-02	-5.0725366245e-02	9.2624822166e-05	3.7805152142e-05
9.3300000000e+02	3.5638773376e-02	-5.0818011342e-02	9.2665364113e-05	3.7805571485e-05
9.3400000000e+02	3.5676579156e-02	-5.0910696959e-02	9.2705863078e-05	3.7805989488e-05
9.3500000000e+02	3.5714385354e-02	-5.1003423053e-02	9.2746319152e-05	3.7806406156e-05
9.3600000000e+02	3.5752191968e-02	-5.1096189583e-02	9.2786732426e-05	3.7806821497e-05
9.3700000000e+02	3.5789998997e-02	-5.1188996504e-02	9.2827102989e-05	3.7807235514e-05
9.3800000000e+02	3.5827806439e-02	-5.1281843774e-02	9.2867430931e-05	3.7807648214e-05
9.3900000000e+02	3.5865614293e-02	-5.1374731352e-02	9.2907716341e-05	3.7808059602e-05
9.4000000000e+02	3.5903422557e-02	-5.1467659193e-02	9.2947959309e-05	3.7808469684e-05
9.4100000000e+02	3.5941231232e-02	-5.1560627256e-02	9.2988159923e-05	3.7808878466e-05
9.4200000000e+02	3.5979040314e-02	-5.1653635499e-02	9.3028318272e-05	3.7809285952e-05
9.4300000000e+02	3.6016849803e-02	-5.1746683879e-02	9.3068434445e-05	3.7809692149e-05
9.4400000000e+02	3.6054659698e-02	-5.1839772354e-02	9.3108508529e-05	3.7810097061e-05
9.4500000000e+02	3.6092469997e-02	-5.1932900882e-02	9.3148540612e-05	3.7810500695e-05
9.4600000000e+02	3.6130280699e-02	-5.2026069421e-02	9.3188530782e-05	3.7810903055e-05
9.4700000000e+02	3.6168091802e-02	-5.2119277929e-02	9.3228479125e-05	3.7811304147e-05
9.4800000000e+02	3.6205903307e-02	-5.2212526365e-02	9.3268385730e-05	3.7811703976e-05
9.4900000000e+02	3.6243715210e-02	-5.2305814687e-02	9.3308250682e-05	3.7812102548e-05
9.5000000000e+02	3.6281527511e-02	-5.2399142853e-02	9.3348074067e-05	3.7812499867e-05
9.5100000000e+02	3.6319340209e-02	-5.2492510821e-02	9.3387855973e-05	3.7812895940e-05
9.5200000000e+02	3.6357153303e-02	-5.2585918551e-02	9.3427596485e-05	3.7813290771e-05
9.5300000000e+02	3.6394966790e-02	-5.2679366000e-02	9.3467295688e-05	3.7813684365e-05
9.5400000000e+02	3.6432780671e-02	-5.2772853129e-02	9.3506953668e-05	3.7814076727e-05
9.5500000000e+02	3.6470594943e-02	-5.2866379894e-02	9.3546570510e-05	3.7814467863e-05
9.5600000000e+02	3.6508409606e-02	-5.2959946256e-02	9.3586146299e-05	3.7814857778e-05
9.5700000000e+02	3.6546224659e-02	-5.3053552173e-02	9.3625681120e-05	3.7815246477e-05
9.5800000000e+02	3.6584040099e-02	-5.3147197604e-02	9.3665175056e-05	3.7815633964e-05
9.5900000000e+02	3.6621855926e-02	-5.3240882509e-02	9.3704628191e-05	3.7816020246e-05
9.6000000000e+02	3.6659672139e-02	-5.3334606847e-02	9.3744040611e-05	3.7816405326e-05
9.6100000000e+02	3.6697488736e-02	-5.3428370577e-02	9.3783412397e-05	3.7816789210e-05
9.6200000000e+02	3.6735305717e-02	-5.3522173659e-02	9.3822743634e-05	3.7817171903e-05
9.6300000000e+02	3.6773123080e-02	-5.3616016051e-02	9.3862034404e-05	3.7817553410e-05
9.6400000000e+02	3.6810940823e-02	-5.3709897714e-02	9.3901284790e-05	3.7817933735e-05
9.6500000000e+02	3.6848758947e-02	-5.3803818607e-02	9.3940494875e-05	3.7818312884e-05
9.6600000000e+02	3.6886577449e-02	-5.3897778690e-02	9.3979664740e-05	3.7818690861e-05
9.6700000000e+02	3.6924396328e-02	-5.3991777923e-02	9.4018794469e-05	3.7819067671e-05
9.6800000000e+02	3.6962215584e-02	-5.4085816266e-02	9.4057884142e-05	3.7819443319e-05
9.6900000000e+02	3.7000035214e-02	-5.4179893678e-02	9.4096933842e-05	3.7819817810e-05
9.7000000000e+02	3.7037855219e-02	-5.4274010120e-02	9.4135943649e-05	3.7820191148e-05
9.7100000000e+02	3.7075675596e-02	-5.4368165552e-02	9.4174913644e-05	3.7820563339e-05
9.7200000000e+02	3.7113496345e-02	-5.4462359934e-02	9.4213843909e-05	3.7820934386e-05
9.7300000000e+02	3.7151317465e-02	-5.4556593227e-02	9.4252734524e-05	3.7821304295e-05
9.7400000000e+02	3.7189138954e-02	-5.4650865390e-02	9.4291585568e-05	3.7821673070e-05
9.7500000000e+02	3.7226960811e-02	-5.4745176385e-02	9.4330397123e-05	3.7822040716e-05
9.7600000000e+02	3.7264783035e-02	-5.4839526171e-02	9.4369169268e-05	3.7822407237e-05
9.7700000000e+02	3.7302605625e-02	-5.4933914710e-02	9.4407902083e-05	3.7822772638e-05
9.7800000000e+02	3.7340428579e-02	-5.5028341962e-02	9.4446595646e-05	3.7823136924e-05
9.7900000000e+02	3.7378251898e-02	-5.5122807888e-02	9.4485250037e-05	3.7823500098e-05
9.8000000000e+02	3.7416075579e-02	-5.5217312449e-02	9.4523865335e-05	3.7823862166e-05
9.8100000000e+02	3.7453899622e-02	-5.5311855606e-02	9.4562441619e-05	3.7824223133e-05
9.8200000000e+02	3.7491724025e-02	-5.5406437320e-02	9.4600978966e-05	3.7824583002e-05
9.8300000000e+02	3.7529548788e-02	-5.5501057551e-02	9.4639477456e-05	3.7824941777e-05
9.8400000000e+02	3.7567373908e-02	-5.5595716262e-02	9.4677937165e-05	3.7825299464e-05
9.8500000000e+02	3.7605199386e-02	-5.5690413412e-02	9.4716358171e-05	3.7825656067e-05
9.8600000000e+02	3.7643025220e-02	-5.5785148965e-02	9.4754740553e-05	3.7826011590e-05
9.8700000000e+02	3.7680851409e-02	-5.5879922881e-02	9.4793084387e-05	3.7826366038e-05
9.8800000000e+02	3.7718677952e-02	-5.5974735121e-02	9.4831389750e-05	3.7826719414e-05
9.8900000000e+02	3.7756504848e-02	-5.6069585647e-02	9.4869656719e-05	3.7827071724e-05
9.9000000000e+02	3.7794332095e-02	-5.6164474422e-02	9.4907885370e-05	3.7827422971e-05
9.9100000000e+02	3.7832159693e-02	-5.6259401405e-02	9.4946075781e-05	3.7827773159e-05
9.9200000000e+02	3.7869987641e-02	-5.6354366561e-02	9.4984228026e-05	3.7828122294e-05
9.9300000000e+02	3.7907815937e-02	-5.6449369849e-02	9.5022342181e-05	3.7828470378e-05
9.9400000000e+02	3.7945644581e-02	-5.6544411232e-02	9.5060418324e-05	3.7828817417e-05
9.9500000000e+02	3.7983473572e-02	-5.6639490673e-02	9.5098456527e-05	3.7829163415e-05
9.9600000000e+02	3.8021302908e-02	-5.6734608133e-02	9.5136456868e-05	3.7829508375e-05
9.9700000000e+02	3.8059132588e-02	-5.6829763574e-02	9.5174419420e-05	3.7829852302e-05
9.9800000000e+02	3.8096962612e-02	-5.6924956959e-02	9.5212344260e-05	3.7830195200e-05
9.9900000000e+02	3.8134792978e-02	-5.7020188250e-02	9.5250231460e-05	3.7830537073e-05
