# total modes from dos = 5.9999799079e+00
# ZPE = 4.6600143192e-03 Ry/cell
# Multiply by 13.6058 to have energies in eV/cell etc..
# Multiply by 13.6058 x 23060.35 = 313 754.5 to have energies in cal/(N mol).
# Multiply by 13.6058 x 96526.0 = 1 313 313 to have energies in J/(N mol).
# N is the number of formula units per cell.
#
# T (K) 	Evib (Ry/cell)	Fvib (Ry/cell)	Svib (Ry/cell/K)	Cvib (Ry/cell/K)
1.0000000000e+00	4.6600143334e-03	4.6600142467e-03	8.6703553656e-11	4.1367484935e-11
2.0000000000e+00	4.6600144588e-03	4.6600141276e-03	1.6560813824e-10	2.5142567947e-10
3.0000000000e+00	4.6600149482e-03	4.6600138781e-03	3.5671945133e-10	7.9749711766e-10
4.0000000000e+00	4.6600162220e-03	4.6600133581e-03	7.1597601376e-10	1.8482588588e-09
5.0000000000e+00	4.6600188698e-03	4.6600123713e-03	1.2996997091e-09	3.5742898471e-09
6.0000000000e+00	4.6600236536e-03	4.6600106649e-03	2.1647744521e-09	6.1494710850e-09
7.0000000000e+00	4.6600315115e-03	4.6600079287e-03	3.3689703908e-09	9.7532855105e-09
8.0000000000e+00	4.6600435658e-03	4.6600037942e-03	4.9714433439e-09	1.4574582532e-08
9.0000000000e+00	4.6600611347e-03	4.6599978327e-03	7.0335541326e-09	2.0818771662e-08
1.0000000000e+01	4.6600857558e-03	4.6599895523e-03	9.6203452107e-09	2.8722036145e-08
1.1000000000e+01	4.6601192278e-03	4.6599783934e-03	1.2803123691e-08	3.8575373597e-08
1.2000000000e+01	4.6601636812e-03	4.6599637204e-03	1.6663397598e-08	5.0756733076e-08
1.3000000000e+01	4.6602216817e-03	4.6599448088e-03	2.1297912672e-08	6.5764168802e-08
1.4000000000e+01	4.6602963642e-03	4.6599208276e-03	2.6824036163e-08	8.4240795593e-08
1.5000000000e+01	4.6603915839e-03	4.6598908163e-03	3.3384511983e-08	1.0698443300e-07
1.6000000000e+01	4.6605120687e-03	4.6598536570e-03	4.1150729506e-08	1.3493926612e-07
1.7000000000e+01	4.6606635539e-03	4.6598080461e-03	5.0323986066e-08	1.6917117503e-07
1.8000000000e+01	4.6608528866e-03	4.6597524636e-03	6.1134613787e-08	2.1083116168e-07
1.9000000000e+01	4.6610880899e-03	4.6596851458e-03	7.3839164381e-08	2.6111229491e-07
2.0000000000e+01	4.6613783823e-03	4.6596040613e-03	8.8716050019e-08	3.2120524700e-07
2.1000000000e+01	4.6617341541e-03	4.6595068914e-03	1.0606012604e-07	3.9225642462e-07
2.2000000000e+01	4.6621669043e-03	4.6593910170e-03	1.2617669970e-07	4.7533140749e-07
2.3000000000e+01	4.6626891447e-03	4.6592535106e-03	1.4937539187e-07	5.7138521089e-07
2.4000000000e+01	4.6633142767e-03	4.6590911361e-03	1.7596419475e-07	6.8123992751e-07
2.5000000000e+01	4.6640564513e-03	4.6589003518e-03	2.0624397818e-07	8.0556961264e-07
2.6000000000e+01	4.6649304152e-03	4.6586773213e-03	2.4050361301e-07	9.4489182878e-07
2.7000000000e+01	4.6659513536e-03	4.6584179268e-03	2.7901580793e-07	1.0995650118e-06
2.8000000000e+01	4.6671347311e-03	4.6581177875e-03	3.2203369910e-07	1.2697907097e-06
2.9000000000e+01	4.6684961378e-03	4.6577722803e-03	3.6978818798e-07	1.4556197326e-06
3.0000000000e+01	4.6700511429e-03	4.6573765631e-03	4.2248599230e-07	1.6569612992e-06
3.1000000000e+01	4.6718151588e-03	4.6569255998e-03	4.8030835423e-07	1.8735943528e-06
3.2000000000e+01	4.6738033170e-03	4.6564141862e-03	5.4341033783e-07	2.1051803214e-06
3.3000000000e+01	4.6760303573e-03	4.6558369761e-03	6.1192064148e-07	2.3512767057e-06
3.4000000000e+01	4.6785105306e-03	4.6551885077e-03	6.8594185004e-07	2.6113509844e-06
3.5000000000e+01	4.6812575163e-03	4.6544632295e-03	7.6555105319e-07	2.8847944288e-06
3.6000000000e+01	4.6842843525e-03	4.6536555252e-03	8.5080076092e-07	3.1709355054e-06
3.7000000000e+01	4.6876033798e-03	4.6527597378e-03	9.4172005240e-07	3.4690526276e-06
3.8000000000e+01	4.6912261969e-03	4.6517701926e-03	1.0383159012e-06	3.7783860828e-06
3.9000000000e+01	4.6951636286e-03	4.6506812182e-03	1.1405746264e-06	4.0981490226e-06
4.0000000000e+01	4.6994257035e-03	4.6494871665e-03	1.2484634254e-06	4.4275374477e-06
4.1000000000e+01	4.7040216413e-03	4.6481824313e-03	1.3619319518e-06	4.7657391603e-06
4.2000000000e+01	4.7089598487e-03	4.6467614646e-03	1.4809139065e-06	5.1119416857e-06
4.3000000000e+01	4.7142479228e-03	4.6452187924e-03	1.6053286152e-06	5.4653391889e-06
4.4000000000e+01	4.7198926608e-03	4.6435490275e-03	1.7350825743e-06	5.8251384295e-06
4.5000000000e+01	4.7259000748e-03	4.6417468823e-03	1.8700709447e-06	6.1905638104e-06
4.6000000000e+01	4.7322754123e-03	4.6398071790e-03	2.0101789844e-06	6.5608615837e-06
4.7000000000e+01	4.7390231790e-03	4.6377248588e-03	2.1552834083e-06	6.9353032834e-06
4.8000000000e+01	4.7461471663e-03	4.6354949901e-03	2.3052536701e-06	7.3131884550e-06
4.9000000000e+01	4.7536504799e-03	4.6331127750e-03	2.4599531618e-06	7.6938467524e-06
5.0000000000e+01	4.7615355709e-03	4.6305735546e-03	2.6192403275e-06	8.0766394726e-06
5.1000000000e+01	4.7698042680e-03	4.6278728136e-03	2.7829696939e-06	8.4609605935e-06
5.2000000000e+01	4.7784578103e-03	4.6250061839e-03	2.9509928155e-06	8.8462373787e-06
5.3000000000e+01	4.7874968812e-03	4.6219694469e-03	3.1231591378e-06	9.2319306061e-06
5.4000000000e+01	4.7969216414e-03	4.6187585352e-03	3.2993167812e-06	9.6175344774e-06
5.5000000000e+01	4.8067317624e-03	4.6153695337e-03	3.4793132491e-06	1.0002576255e-05
5.6000000000e+01	4.8169264594e-03	4.6117986799e-03	3.6629960624e-06	1.0386615671e-05
5.7000000000e+01	4.8275045231e-03	4.6080423634e-03	3.8502133273e-06	1.0769244158e-05
5.8000000000e+01	4.8384643511e-03	4.6040971254e-03	4.0408142372e-06	1.1150083915e-05
5.9000000000e+01	4.8498039783e-03	4.5999596569e-03	4.2346495165e-06	1.1528786871e-05
6.0000000000e+01	4.8615211058e-03	4.5956267974e-03	4.4315718075e-06	1.1905033549e-05
6.1000000000e+01	4.8736131290e-03	4.5910955326e-03	4.6314360063e-06	1.2278531862e-05
6.2000000000e+01	4.8860771645e-03	4.5863629923e-03	4.8340995521e-06	1.2649015877e-05
6.3000000000e+01	4.8989100754e-03	4.5814264470e-03	5.0394226722e-06	1.3016244532e-05
6.4000000000e+01	4.9121084957e-03	4.5762833060e-03	5.2472685887e-06	1.3380000365e-05
6.5000000000e+01	4.9256688532e-03	4.5709311135e-03	5.4575036880e-06	1.3740088222e-05
6.6000000000e+01	4.9395873912e-03	4.5653675457e-03	5.6699976591e-06	1.4096333996e-05
6.7000000000e+01	4.9538601889e-03	4.5595904076e-03	5.8846236017e-06	1.4448583376e-05
6.8000000000e+01	4.9684831804e-03	4.5535976290e-03	6.1012581084e-06	1.4796700629e-05
6.9000000000e+01	4.9834521731e-03	4.5473872618e-03	6.3197813234e-06	1.5140567417e-05
7.0000000000e+01	4.9987628642e-03	4.5409574756e-03	6.5400769801e-06	1.5480081649e-05
7.1000000000e+01	5.0144108564e-03	4.5343065546e-03	6.7620324198e-06	1.5815156380e-05
7.2000000000e+01	5.0303916727e-03	4.5274328939e-03	6.9855385946e-06	1.6145718754e-05
7.3000000000e+01	5.0467007698e-03	4.5203349957e-03	7.2104900554e-06	1.6471708991e-05
7.4000000000e+01	5.0633335506e-03	4.5130114660e-03	7.4367849272e-06	1.6793079422e-05
7.5000000000e+01	5.0802853764e-03	4.5054610109e-03	7.6643248736e-06	1.7109793573e-05
7.6000000000e+01	5.0975515769e-03	4.4976824329e-03	7.8930150521e-06	1.7421825298e-05
7.7000000000e+01	5.1151274606e-03	4.4896746279e-03	8.1227640607e-06	1.7729157952e-05
7.8000000000e+01	5.1330083237e-03	4.4814365812e-03	8.3534838778e-06	1.8031783624e-05
7.9000000000e+01	5.1511894588e-03	4.4729673648e-03	8.5850897970e-06	1.8329702396e-05
8.0000000000e+01	5.1696661619e-03	4.4642661335e-03	8.8175003557e-06	1.8622921664e-05
8.1000000000e+01	5.1884337402e-03	4.4553321220e-03	9.0506372617e-06	1.8911455491e-05
8.2000000000e+01	5.2074875177e-03	4.4461646419e-03	9.2844253148e-06	1.9195324004e-05
8.3000000000e+01	5.2268228416e-03	4.4367630784e-03	9.5187923274e-06	1.9474552826e-05
8.4000000000e+01	5.2464350870e-03	4.4271268874e-03	9.7536690426e-06	1.9749172556e-05
8.5000000000e+01	5.2663196620e-03	4.4172555926e-03	9.9889890516e-06	2.0019218269e-05
8.6000000000e+01	5.2864720118e-03	4.4071487828e-03	1.0224688710e-05	2.0284729066e-05
8.7000000000e+01	5.3068876227e-03	4.3968061090e-03	1.0460707054e-05	2.0545747642e-05
8.8000000000e+01	5.3275620250e-03	4.3862272819e-03	1.0696985717e-05	2.0802319897e-05
8.9000000000e+01	5.3484907966e-03	4.3754120694e-03	1.0933468844e-05	2.1054494563e-05
9.0000000000e+01	5.3696695653e-03	4.3643602939e-03	1.1170103015e-05	2.1302322871e-05
9.1000000000e+01	5.3910940113e-03	4.3530718301e-03	1.1406837156e-05	2.1545858233e-05
9.2000000000e+01	5.4127598692e-03	4.3415466026e-03	1.1643622463e-05	2.1785155953e-05
9.3000000000e+01	5.4346629296e-03	4.3297845837e-03	1.1880412322e-05	2.2020272961e-05
9.4000000000e+01	5.4567990410e-03	4.3177857913e-03	1.2117162231e-05	2.2251267566e-05
9.5000000000e+01	5.4791641104e-03	4.3055502867e-03	1.2353829724e-05	2.2478199228e-05
9.6000000000e+01	5.5017541052e-03	4.2930781728e-03	1.2590374296e-05	2.2701128353e-05
9.7000000000e+01	5.5245650533e-03	4.2803695920e-03	1.2826757334e-05	2.2920116099e-05
9.8000000000e+01	5.5475930442e-03	4.2674247243e-03	1.3062942040e-05	2.3135224204e-05
9.9000000000e+01	5.5708342293e-03	4.2542437857e-03	1.3298893369e-05	2.3346514822e-05
1.0000000000e+02	5.5942848222e-03	4.2408270265e-03	1.3534577957e-05	2.3554050382e-05
1.0100000000e+02	5.6179410992e-03	4.2271747293e-03	1.3769964058e-05	2.3757893453e-05
1.0200000000e+02	5.6417993991e-03	4.2132872079e-03	1.4005021482e-05	2.3958106623e-05
1.0300000000e+02	5.6658561233e-03	4.1991648055e-03	1.4239721532e-05	2.4154752387e-05
1.0400000000e+02	5.6901077355e-03	4.1848078931e-03	1.4474036947e-05	2.4347893052e-05
1.0500000000e+02	5.7145507617e-03	4.1702168684e-03	1.4707941841e-05	2.4537590646e-05
1.0600000000e+02	5.7391817897e-03	4.1553921544e-03	1.4941411653e-05	2.4723906833e-05
1.0700000000e+02	5.7639974687e-03	4.1403341979e-03	1.5174423091e-05	2.4906902848e-05
1.0800000000e+02	5.7889945089e-03	4.1250434684e-03	1.5406954079e-05	2.5086639424e-05
1.0900000000e+02	5.8141696811e-03	4.1095204569e-03	1.5638983708e-05	2.5263176740e-05
1.1000000000e+02	5.8395198158e-03	4.0937656747e-03	1.5870492192e-05	2.5436574366e-05
1.1100000000e+02	5.8650418029e-03	4.0777796525e-03	1.6101460815e-05	2.5606891219e-05
1.1200000000e+02	5.8907325908e-03	4.0615629390e-03	1.6331871891e-05	2.5774185521e-05
1.1300000000e+02	5.9165891856e-03	4.0451161001e-03	1.6561708721e-05	2.5938514769e-05
1.1400000000e+02	5.9426086509e-03	4.0284397182e-03	1.6790955550e-05	2.6099935698e-05
1.1500000000e+02	5.9687881062e-03	4.0115343907e-03	1.7019597527e-05	2.6258504260e-05
1.1600000000e+02	5.9951247270e-03	3.9944007294e-03	1.7247620669e-05	2.6414275598e-05
1.1700000000e+02	6.0216157431e-03	3.9770393600e-03	1.7475011822e-05	2.6567304030e-05
1.1800000000e+02	6.0482584386e-03	3.9594509206e-03	1.7701758627e-05	2.6717643035e-05
1.1900000000e+02	6.0750501503e-03	3.9416360614e-03	1.7927849486e-05	2.6865345236e-05
1.2000000000e+02	6.1019882674e-03	3.9235954439e-03	1.8153273529e-05	2.7010462394e-05
1.2100000000e+02	6.1290702304e-03	3.9053297400e-03	1.8378020581e-05	2.7153045401e-05
1.2200000000e+02	6.1562935302e-03	3.8868396316e-03	1.8602081136e-05	2.7293144272e-05
1.2300000000e+02	6.1836557073e-03	3.8681258095e-03	1.8825446323e-05	2.7430808148e-05
1.2400000000e+02	6.2111543509e-03	3.8491889735e-03	1.9048107882e-05	2.7566085287e-05
1.2500000000e+02	6.2387870981e-03	3.8300298309e-03	1.9270058137e-05	2.7699023073e-05
1.2600000000e+02	6.2665516328e-03	3.8106490967e-03	1.9491289969e-05	2.7829668015e-05
1.2700000000e+02	6.2944456850e-03	3.7910474926e-03	1.9711796791e-05	2.7958065747e-05
1.2800000000e+02	6.3224670301e-03	3.7712257468e-03	1.9931572526e-05	2.8084261040e-05
1.2900000000e+02	6.3506134876e-03	3.7511845931e-03	2.0150611585e-05	2.8208297802e-05
1.3000000000e+02	6.3788829206e-03	3.7309247709e-03	2.0368908844e-05	2.8330219090e-05
1.3100000000e+02	6.4072732347e-03	3.7104470243e-03	2.0586459622e-05	2.8450067113e-05
1.3200000000e+02	6.4357823775e-03	3.6897521019e-03	2.0803259664e-05	2.8567883247e-05
1.3300000000e+02	6.4644083374e-03	3.6688407565e-03	2.1019305120e-05	2.8683708036e-05
1.3400000000e+02	6.4931491430e-03	3.6477137444e-03	2.1234592528e-05	2.8797581210e-05
1.3500000000e+02	6.5220028623e-03	3.6263718251e-03	2.1449118794e-05	2.8909541691e-05
1.3600000000e+02	6.5509676016e-03	3.6048157614e-03	2.1662881178e-05	2.9019627607e-05
1.3700000000e+02	6.5800415051e-03	3.5830463182e-03	2.1875877277e-05	2.9127876301e-05
1.3800000000e+02	6.6092227540e-03	3.5610642630e-03	2.2088105007e-05	2.9234324341e-05
1.3900000000e+02	6.6385095655e-03	3.5388703649e-03	2.2299562594e-05	2.9339007538e-05
1.4000000000e+02	6.6679001925e-03	3.5164653950e-03	2.2510248553e-05	2.9441960954e-05
1.4100000000e+02	6.6973929223e-03	3.4938501254e-03	2.2720161680e-05	2.9543218913e-05
1.4200000000e+02	6.7269860763e-03	3.4710253296e-03	2.2929301034e-05	2.9642815019e-05
1.4300000000e+02	6.7566780093e-03	3.4479917815e-03	2.3137665929e-05	2.9740782164e-05
1.4400000000e+02	6.7864671084e-03	3.4247502560e-03	2.3345255920e-05	2.9837152542e-05
1.4500000000e+02	6.8163517927e-03	3.4013015281e-03	2.3552070790e-05	2.9931957661e-05
1.4600000000e+02	6.8463305123e-03	3.3776463728e-03	2.3758110544e-05	3.0025228360e-05
1.4700000000e+02	6.8764017480e-03	3.3537855653e-03	2.3963375393e-05	3.0116994816e-05
1.4800000000e+02	6.9065640104e-03	3.3297198802e-03	2.4167865744e-05	3.0207286560e-05
1.4900000000e+02	6.9368158392e-03	3.3054500918e-03	2.4371582197e-05	3.0296132489e-05
1.5000000000e+02	6.9671558028e-03	3.2809769735e-03	2.4574525529e-05	3.0383560879e-05
1.5100000000e+02	6.9975824976e-03	3.2563012981e-03	2.4776696686e-05	3.0469599397e-05
1.5200000000e+02	7.0280945474e-03	3.2314238372e-03	2.4978096778e-05	3.0554275114e-05
1.5300000000e+02	7.0586906024e-03	3.2063453611e-03	2.5178727067e-05	3.0637614515e-05
1.5400000000e+02	7.0893693396e-03	3.1810666391e-03	2.5378588964e-05	3.0719643516e-05
1.5500000000e+02	7.1201294611e-03	3.1555884388e-03	2.5577684015e-05	3.0800387471e-05
1.5600000000e+02	7.1509696945e-03	3.1299115262e-03	2.5776013899e-05	3.0879871185e-05
1.5700000000e+02	7.1818887915e-03	3.1040366655e-03	2.5973580421e-05	3.0958118930e-05
1.5800000000e+02	7.2128855283e-03	3.0779646191e-03	2.6170385501e-05	3.1035154450e-05
1.5900000000e+02	7.2439587041e-03	3.0516961476e-03	2.6366431173e-05	3.1111000976e-05
1.6000000000e+02	7.2751071415e-03	3.0252320092e-03	2.6561719576e-05	3.1185681239e-05
1.6100000000e+02	7.3063296852e-03	2.9985729601e-03	2.6756252951e-05	3.1259217474e-05
1.6200000000e+02	7.3376252023e-03	2.9717197542e-03	2.6950033630e-05	3.1331631441e-05
1.6300000000e+02	7.3689925811e-03	2.9446731430e-03	2.7143064038e-05	3.1402944427e-05
1.6400000000e+02	7.4004307311e-03	2.9174338754e-03	2.7335346681e-05	3.1473177258e-05
1.6500000000e+02	7.4319385824e-03	2.8900026980e-03	2.7526884148e-05	3.1542350315e-05
1.6600000000e+02	7.4635150852e-03	2.8623803546e-03	2.7717679100e-05	3.1610483536e-05
1.6700000000e+02	7.4951592094e-03	2.8345675864e-03	2.7907734269e-05	3.1677596433e-05
1.6800000000e+02	7.5268699443e-03	2.8065651317e-03	2.8097052456e-05	3.1743708095e-05
1.6900000000e+02	7.5586462980e-03	2.7783737262e-03	2.8285636520e-05	3.1808837203e-05
1.7000000000e+02	7.5904872973e-03	2.7499941024e-03	2.8473489381e-05	3.1873002036e-05
1.7100000000e+02	7.6223919867e-03	2.7214269902e-03	2.8660614014e-05	3.1936220484e-05
1.7200000000e+02	7.6543594286e-03	2.6926731161e-03	2.8847013445e-05	3.1998510051e-05
1.7300000000e+02	7.6863887028e-03	2.6637332040e-03	2.9032690745e-05	3.2059887867e-05
1.7400000000e+02	7.7184789060e-03	2.6346079743e-03	2.9217649033e-05	3.2120370699e-05
1.7500000000e+02	7.7506291514e-03	2.6052981445e-03	2.9401891468e-05	3.2179974955e-05
1.7600000000e+02	7.7828385684e-03	2.5758044289e-03	2.9585421247e-05	3.2238716694e-05
1.7700000000e+02	7.8151063025e-03	2.5461275385e-03	2.9768241604e-05	3.2296611634e-05
1.7800000000e+02	7.8474315146e-03	2.5162681811e-03	2.9950355806e-05	3.2353675160e-05
1.7900000000e+02	7.8798133807e-03	2.4862270612e-03	3.0131767148e-05	3.2409922332e-05
1.8000000000e+02	7.9122510920e-03	2.4560048800e-03	3.0312478956e-05	3.2465367892e-05
1.8100000000e+02	7.9447438541e-03	2.4256023354e-03	3.0492494579e-05	3.2520026269e-05
1.8200000000e+02	7.9772908869e-03	2.3950201218e-03	3.0671817391e-05	3.2573911592e-05
1.8300000000e+02	8.0098914242e-03	2.3642589304e-03	3.0850450786e-05	3.2627037690e-05
1.8400000000e+02	8.0425447137e-03	2.3333194489e-03	3.1028398178e-05	3.2679418104e-05
1.8500000000e+02	8.0752500163e-03	2.3022023615e-03	3.1205662999e-05	3.2731066092e-05
1.8600000000e+02	8.1080066061e-03	2.2709083493e-03	3.1382248693e-05	3.2781994634e-05
1.8700000000e+02	8.1408137700e-03	2.2394380894e-03	3.1558158720e-05	3.2832216442e-05
1.8800000000e+02	8.1736708075e-03	2.2077922559e-03	3.1733396551e-05	3.2881743961e-05
1.8900000000e+02	8.2065770305e-03	2.1759715192e-03	3.1907965669e-05	3.2930589380e-05
1.9000000000e+02	8.2395317629e-03	2.1439765463e-03	3.2081869561e-05	3.2978764635e-05
1.9100000000e+02	8.2725343403e-03	2.1118080006e-03	3.2255111726e-05	3.3026281417e-05
1.9200000000e+02	8.3055841101e-03	2.0794665422e-03	3.2427695666e-05	3.3073151174e-05
1.9300000000e+02	8.3386804307e-03	2.0469528275e-03	3.2599624887e-05	3.3119385122e-05
1.9400000000e+02	8.3718226720e-03	2.0142675095e-03	3.2770902899e-05	3.3164994244e-05
1.9500000000e+02	8.4050102145e-03	1.9814112376e-03	3.2941533215e-05	3.3209989301e-05
1.9600000000e+02	8.4382424495e-03	1.9483846578e-03	3.3111519345e-05	3.3254380833e-05
1.9700000000e+02	8.4715187785e-03	1.9151884125e-03	3.3280864802e-05	3.3298179166e-05
1.9800000000e+02	8.5048386134e-03	1.8818231406e-03	3.3449573095e-05	3.3341394417e-05
1.9900000000e+02	8.5382013763e-03	1.8482894775e-03	3.3617647732e-05	3.3384036497e-05
2.0000000000e+02	8.5716064986e-03	1.8145880552e-03	3.3785092217e-05	3.3426115120e-05
2.0100000000e+02	8.6050534218e-03	1.7807195020e-03	3.3951910049e-05	3.3467639800e-05
2.0200000000e+02	8.6385415967e-03	1.7466844428e-03	3.4118104722e-05	3.3508619862e-05
2.0300000000e+02	8.6720704831e-03	1.7124834991e-03	3.4283679724e-05	3.3549064446e-05
2.0400000000e+02	8.7056395501e-03	1.6781172888e-03	3.4448638536e-05	3.3588982507e-05
2.0500000000e+02	8.7392482755e-03	1.6435864263e-03	3.4612984630e-05	3.3628382822e-05
2.0600000000e+02	8.7728961460e-03	1.6088915226e-03	3.4776721473e-05	3.3667273994e-05
2.0700000000e+02	8.8065826566e-03	1.5740331853e-03	3.4939852519e-05	3.3705664454e-05
2.0800000000e+02	8.8403073108e-03	1.5390120183e-03	3.5102381214e-05	3.3743562470e-05
2.0900000000e+02	8.8740696201e-03	1.5038286225e-03	3.5264310993e-05	3.3780976142e-05
2.1000000000e+02	8.9078691042e-03	1.4684835949e-03	3.5425645283e-05	3.3817913415e-05
2.1100000000e+02	8.9417052907e-03	1.4329775293e-03	3.5586387495e-05	3.3854382076e-05
2.1200000000e+02	8.9755777147e-03	1.3973110161e-03	3.5746541031e-05	3.3890389760e-05
2.1300000000e+02	9.0094859191e-03	1.3614846423e-03	3.5906109281e-05	3.3925943953e-05
2.1400000000e+02	9.0434294539e-03	1.3254989915e-03	3.6065095619e-05	3.3961051996e-05
2.1500000000e+02	9.0774078768e-03	1.2893546439e-03	3.6223503409e-05	3.3995721088e-05
2.1600000000e+02	9.1114207521e-03	1.2530521764e-03	3.6381335999e-05	3.4029958286e-05
2.1700000000e+02	9.1454676517e-03	1.2165921625e-03	3.6538596724e-05	3.4063770515e-05
2.1800000000e+02	9.1795481538e-03	1.1799751725e-03	3.6695288905e-05	3.4097164563e-05
2.1900000000e+02	9.2136618436e-03	1.1432017731e-03	3.6851415847e-05	3.4130147091e-05
2.2000000000e+02	9.2478083130e-03	1.1062725281e-03	3.7006980840e-05	3.4162724630e-05
2.2100000000e+02	9.2819871600e-03	1.0691879977e-03	3.7161987160e-05	3.4194903587e-05
2.2200000000e+02	9.3161979894e-03	1.0319487389e-03	3.7316438065e-05	3.4226690249e-05
2.2300000000e+02	9.3504404118e-03	9.9455530561e-04	3.7470336799e-05	3.4258090781e-05
2.2400000000e+02	9.3847140442e-03	9.5700824830e-04	3.7623686589e-05	3.4289111233e-05
2.2500000000e+02	9.4190185096e-03	9.1930811434e-04	3.7776490645e-05	3.4319757541e-05
2.2600000000e+02	9.4533534366e-03	8.8145544786e-04	3.7928752162e-05	3.4350035529e-05
2.2700000000e+02	9.4877184598e-03	8.4345078980e-04	3.8080474317e-05	3.4379950911e-05
2.2800000000e+02	9.5221132194e-03	8.0529467796e-04	3.8231660269e-05	3.4409509296e-05
2.2900000000e+02	9.5565373612e-03	7.6698764695e-04	3.8382313163e-05	3.4438716186e-05
2.3000000000e+02	9.5909905364e-03	7.2853022828e-04	3.8532436122e-05	3.4467576983e-05
2.3100000000e+02	9.6254724016e-03	6.8992295031e-04	3.8682032256e-05	3.4496096987e-05
2.3200000000e+02	9.6599826185e-03	6.5116633834e-04	3.8831104656e-05	3.4524281402e-05
2.3300000000e+02	9.6945208542e-03	6.1226091456e-04	3.8979656393e-05	3.4552135333e-05
2.3400000000e+02	9.7290867807e-03	5.7320719809e-04	3.9127690524e-05	3.4579663794e-05
2.3500000000e+02	9.7636800749e-03	5.3400570503e-04	3.9275210085e-05	3.4606871707e-05
2.3600000000e+02	9.7983004189e-03	4.9465694844e-04	3.9422218095e-05	3.4633763901e-05
2.3700000000e+02	9.8329474991e-03	4.5516143836e-04	3.9568717556e-05	3.4660345121e-05
2.3800000000e+02	9.8676210070e-03	4.1551968185e-04	3.9714711450e-05	3.4686620023e-05
2.3900000000e+02	9.9023206386e-03	3.7573218299e-04	3.9860202743e-05	3.4712593180e-05
2.4000000000e+02	9.9370460943e-03	3.3579944291e-04	4.0005194381e-05	3.4738269081e-05
2.4100000000e+02	9.9717970791e-03	2.9572195980e-04	4.0149689292e-05	3.4763652136e-05
2.4200000000e+02	1.0006573302e-02	2.5550022893e-04	4.0293690386e-05	3.4788746674e-05
2.4300000000e+02	1.0041374478e-02	2.1513474267e-04	4.0437200556e-05	3.4813556947e-05
2.4400000000e+02	1.0076200323e-02	1.7462599051e-04	4.0580222674e-05	3.4838087133e-05
2.4500000000e+02	1.0111050560e-02	1.3397445906e-04	4.0722759596e-05	3.4862341332e-05
2.4600000000e+02	1.0145924915e-02	9.3180632102e-05	4.0864814158e-05	3.4886323573e-05
2.4700000000e+02	1.0180823118e-02	5.2244990589e-05	4.1006389179e-05	3.4910037815e-05
2.4800000000e+02	1.0215744903e-02	1.1168012658e-05	4.1147487459e-05	3.4933487946e-05
2.4900000000e+02	1.0250690007e-02	-3.0049826343e-05	4.1288111780e-05	3.4956677783e-05
2.5000000000e+02	1.0285658173e-02	-7.1408053837e-05	4.1428264906e-05	3.4979611080e-05
2.5100000000e+02	1.0320649145e-02	-1.1290620000e-04	4.1567949581e-05	3.5002291524e-05
2.5200000000e+02	1.0355662673e-02	-1.5454379776e-04	4.1707168533e-05	3.5024722736e-05
2.5300000000e+02	1.0390698508e-02	-1.9632038273e-04	4.1845924471e-05	3.5046908275e-05
2.5400000000e+02	1.0425756408e-02	-2.3823549326e-04	4.1984220085e-05	3.5068851640e-05
2.5500000000e+02	1.0460836132e-02	-2.8028867035e-04	4.2122058049e-05	3.5090556267e-05
2.5600000000e+02	1.0495937442e-02	-3.2247945769e-04	4.2259441016e-05	3.5112025533e-05
2.5700000000e+02	1.0531060106e-02	-3.6480740160e-04	4.2396371624e-05	3.5133262758e-05
2.5800000000e+02	1.0566203892e-02	-4.0727205103e-04	4.2532852491e-05	3.5154271205e-05
2.5900000000e+02	1.0601368573e-02	-4.4987295753e-04	4.2668886218e-05	3.5175054080e-05
2.6000000000e+02	1.0636553926e-02	-4.9260967528e-04	4.2804475388e-05	3.5195614535e-05
2.6100000000e+02	1.0671759729e-02	-5.3548176098e-04	4.2939622567e-05	3.5215955668e-05
2.6200000000e+02	1.0706985765e-02	-5.7848877393e-04	4.3074330301e-05	3.5236080526e-05
2.6300000000e+02	1.0742231819e-02	-6.2163027595e-04	4.3208601121e-05	3.5255992102e-05
2.6400000000e+02	1.0777497679e-02	-6.6490583137e-04	4.3342437539e-05	3.5275693341e-05
2.6500000000e+02	1.0812783136e-02	-7.0831500706e-04	4.3475842051e-05	3.5295187136e-05
2.6600000000e+02	1.0848087985e-02	-7.5185737233e-04	4.3608817133e-05	3.5314476333e-05
2.6700000000e+02	1.0883412022e-02	-7.9553249900e-04	4.3741365247e-05	3.5333563731e-05
2.6800000000e+02	1.0918755046e-02	-8.3933996132e-04	4.3873488834e-05	3.5352452081e-05
2.6900000000e+02	1.0954116861e-02	-8.8327933597e-04	4.4005190322e-05	3.5371144088e-05
2.7000000000e+02	1.0989497270e-02	-9.2735020206e-04	4.4136472118e-05	3.5389642414e-05
2.7100000000e+02	1.1024896082e-02	-9.7155214110e-04	4.4267336616e-05	3.5407949675e-05
2.7200000000e+02	1.1060313106e-02	-1.0158847370e-03	4.4397786189e-05	3.5426068445e-05
2.7300000000e+02	1.1095748157e-02	-1.0603475760e-03	4.4527823196e-05	3.5444001255e-05
2.7400000000e+02	1.1131201048e-02	-1.1049402466e-03	4.4657449979e-05	3.5461750596e-05
2.7500000000e+02	1.1166671597e-02	-1.1496623400e-03	4.4786668863e-05	3.5479318916e-05
2.7600000000e+02	1.1202159626e-02	-1.1945134492e-03	4.4915482156e-05	3.5496708626e-05
2.7700000000e+02	1.1237664956e-02	-1.2394931698e-03	4.5043892151e-05	3.5513922094e-05
2.7800000000e+02	1.1273187412e-02	-1.2846010998e-03	4.5171901122e-05	3.5530961652e-05
2.7900000000e+02	1.1308726822e-02	-1.3298368392e-03	4.5299511331e-05	3.5547829595e-05
2.8000000000e+02	1.1344283015e-02	-1.3751999903e-03	4.5426725019e-05	3.5564528180e-05
2.8100000000e+02	1.1379855823e-02	-1.4206901578e-03	4.5553544415e-05	3.5581059627e-05
2.8200000000e+02	1.1415445079e-02	-1.4663069484e-03	4.5679971729e-05	3.5597426121e-05
2.8300000000e+02	1.1451050621e-02	-1.5120499713e-03	4.5806009159e-05	3.5613629813e-05
2.8400000000e+02	1.1486672285e-02	-1.5579188375e-03	4.5931658883e-05	3.5629672818e-05
2.8500000000e+02	1.1522309913e-02	-1.6039131605e-03	4.6056923067e-05	3.5645557220e-05
2.8600000000e+02	1.1557963348e-02	-1.6500325558e-03	4.6181803858e-05	3.5661285066e-05
2.8700000000e+02	1.1593632432e-02	-1.6962766411e-03	4.6306303391e-05	3.5676858374e-05
2.8800000000e+02	1.1629317013e-02	-1.7426450362e-03	4.6430423784e-05	3.5692279128e-05
2.8900000000e+02	1.1665016940e-02	-1.7891373630e-03	4.6554167139e-05	3.5707549284e-05
2.9000000000e+02	1.1700732062e-02	-1.8357532455e-03	4.6677535545e-05	3.5722670764e-05
2.9100000000e+02	1.1736462233e-02	-1.8824923098e-03	4.6800531074e-05	3.5737645461e-05
2.9200000000e+02	1.1772207305e-02	-1.9293541841e-03	4.6923155785e-05	3.5752475238e-05
2.9300000000e+02	1.1807967136e-02	-1.9763384985e-03	4.7045411720e-05	3.5767161931e-05
2.9400000000e+02	1.1843741582e-02	-2.0234448853e-03	4.7167300909e-05	3.5781707346e-05
2.9500000000e+02	1.1879530504e-02	-2.0706729787e-03	4.7288825364e-05	3.5796113261e-05
2.9600000000e+02	1.1915333762e-02	-2.1180224151e-03	4.7409987086e-05	3.5810381427e-05
2.9700000000e+02	1.1951151221e-02	-2.1654928326e-03	4.7530788060e-05	3.5824513567e-05
2.9800000000e+02	1.1986982745e-02	-2.2130838716e-03	4.7651230257e-05	3.5838511379e-05
2.9900000000e+02	1.2022828200e-02	-2.2607951742e-03	4.7771315632e-05	3.5852376536e-05
3.0000000000e+02	1.2058687454e-02	-2.3086263846e-03	4.7891046129e-05	3.5866110681e-05
3.0100000000e+02	1.2094560378e-02	-2.3565771488e-03	4.8010423677e-05	3.5879715438e-05
3.0200000000e+02	1.2130446843e-02	-2.4046471149e-03	4.8129450190e-05	3.5893192402e-05
3.0300000000e+02	1.2166346721e-02	-2.4528359328e-03	4.8248127569e-05	3.5906543145e-05
3.0400000000e+02	1.2202259887e-02	-2.5011432543e-03	4.8366457702e-05	3.5919769215e-05
3.0500000000e+02	1.2238186218e-02	-2.5495687331e-03	4.8484442463e-05	3.5932872139e-05
3.0600000000e+02	1.2274125591e-02	-2.5981120247e-03	4.8602083711e-05	3.5945853418e-05
3.0700000000e+02	1.2310077885e-02	-2.6467727866e-03	4.8719383295e-05	3.5958714532e-05
3.0800000000e+02	1.2346042980e-02	-2.6955506781e-03	4.8836343047e-05	3.5971456939e-05
3.0900000000e+02	1.2382020760e-02	-2.7444453601e-03	4.8952964789e-05	3.5984082074e-05
3.1000000000e+02	1.2418011106e-02	-2.7934564956e-03	4.9069250328e-05	3.5996591354e-05
3.1100000000e+02	1.2454013904e-02	-2.8425837492e-03	4.9185201458e-05	3.6008986170e-05
3.1200000000e+02	1.2490029041e-02	-2.8918267876e-03	4.9300819962e-05	3.6021267897e-05
3.1300000000e+02	1.2526056403e-02	-2.9411852789e-03	4.9416107609e-05	3.6033437887e-05
3.1400000000e+02	1.2562095880e-02	-2.9906588931e-03	4.9531066155e-05	3.6045497473e-05
3.1500000000e+02	1.2598147361e-02	-3.0402473021e-03	4.9645697344e-05	3.6057447969e-05
3.1600000000e+02	1.2634210740e-02	-3.0899501793e-03	4.9760002908e-05	3.6069290670e-05
3.1700000000e+02	1.2670285907e-02	-3.1397671999e-03	4.9873984565e-05	3.6081026850e-05
3.1800000000e+02	1.2706372758e-02	-3.1896980410e-03	4.9987644023e-05	3.6092657766e-05
3.1900000000e+02	1.2742471188e-02	-3.2397423811e-03	5.0100982976e-05	3.6104184658e-05
3.2000000000e+02	1.2778581093e-02	-3.2898999007e-03	5.0214003106e-05	3.6115608746e-05
3.2100000000e+02	1.2814702372e-02	-3.3401702816e-03	5.0326706085e-05	3.6126931233e-05
3.2200000000e+02	1.2850834922e-02	-3.3905532077e-03	5.0439093571e-05	3.6138153304e-05
3.2300000000e+02	1.2886978645e-02	-3.4410483642e-03	5.0551167212e-05	3.6149276130e-05
3.2400000000e+02	1.2923133442e-02	-3.4916554380e-03	5.0662928642e-05	3.6160300862e-05
3.2500000000e+02	1.2959299215e-02	-3.5423741179e-03	5.0774379485e-05	3.6171228635e-05
3.2600000000e+02	1.2995475867e-02	-3.5932040940e-03	5.0885521353e-05	3.6182060569e-05
3.2700000000e+02	1.3031663304e-02	-3.6441450582e-03	5.0996355848e-05	3.6192797767e-05
3.2800000000e+02	1.3067861431e-02	-3.6951967038e-03	5.1106884559e-05	3.6203441319e-05
3.2900000000e+02	1.3104070156e-02	-3.7463587259e-03	5.1217109063e-05	3.6213992295e-05
3.3000000000e+02	1.3140289386e-02	-3.7976308210e-03	5.1327030929e-05	3.6224451755e-05
3.3100000000e+02	1.3176519029e-02	-3.8490126874e-03	5.1436651712e-05	3.6234820739e-05
3.3200000000e+02	1.3212758997e-02	-3.9005040246e-03	5.1545972957e-05	3.6245100277e-05
3.3300000000e+02	1.3249009200e-02	-3.9521045340e-03	5.1654996199e-05	3.6255291382e-05
3.3400000000e+02	1.3285269551e-02	-4.0038139182e-03	5.1763722961e-05	3.6265395053e-05
3.3500000000e+02	1.3321539962e-02	-4.0556318816e-03	5.1872154756e-05	3.6275412276e-05
3.3600000000e+02	1.3357820347e-02	-4.1075581299e-03	5.1980293086e-05	3.6285344023e-05
3.3700000000e+02	1.3394110622e-02	-4.1595923704e-03	5.2088139442e-05	3.6295191253e-05
3.3800000000e+02	1.3430410702e-02	-4.2117343119e-03	5.2195695306e-05	3.6304954910e-05
3.3900000000e+02	1.3466720504e-02	-4.2639836647e-03	5.2302962149e-05	3.6314635927e-05
3.4000000000e+02	1.3503039946e-02	-4.3163401404e-03	5.2409941431e-05	3.6324235223e-05
3.4100000000e+02	1.3539368947e-02	-4.3688034522e-03	5.2516634603e-05	3.6333753705e-05
3.4200000000e+02	1.3575707427e-02	-4.4213733147e-03	5.2623043104e-05	3.6343192268e-05
3.4300000000e+02	1.3612055306e-02	-4.4740494440e-03	5.2729168366e-05	3.6352551793e-05
3.4400000000e+02	1.3648412504e-02	-4.5268315575e-03	5.2835011808e-05	3.6361833151e-05
3.4500000000e+02	1.3684778946e-02	-4.5797193741e-03	5.2940574841e-05	3.6371037201e-05
3.4600000000e+02	1.3721154553e-02	-4.6327126142e-03	5.3045858866e-05	3.6380164788e-05
3.4700000000e+02	1.3757539250e-02	-4.6858109993e-03	5.3150865273e-05	3.6389216749e-05
3.4800000000e+02	1.3793932962e-02	-4.7390142526e-03	5.3255595444e-05	3.6398193908e-05
3.4900000000e+02	1.3830335614e-02	-4.7923220986e-03	5.3360050751e-05	3.6407097078e-05
3.5000000000e+02	1.3866747132e-02	-4.8457342630e-03	5.3464232556e-05	3.6415927060e-05
3.5100000000e+02	1.3903167444e-02	-4.8992504730e-03	5.3568142212e-05	3.6424684647e-05
3.5200000000e+02	1.3939596477e-02	-4.9528704571e-03	5.3671781063e-05	3.6433370619e-05
3.5300000000e+02	1.3976034161e-02	-5.0065939453e-03	5.3775150443e-05	3.6441985746e-05
3.5400000000e+02	1.4012480425e-02	-5.0604206686e-03	5.3878251678e-05	3.6450530790e-05
3.5500000000e+02	1.4048935200e-02	-5.1143503597e-03	5.3981086083e-05	3.6459006500e-05
3.5600000000e+02	1.4085398415e-02	-5.1683827523e-03	5.4083654965e-05	3.6467413617e-05
3.5700000000e+02	1.4121870004e-02	-5.2225175815e-03	5.4185959624e-05	3.6475752871e-05
3.5800000000e+02	1.4158349899e-02	-5.2767545839e-03	5.4288001348e-05	3.6484024983e-05
3.5900000000e+02	1.4194838032e-02	-5.3310934970e-03	5.4389781418e-05	3.6492230665e-05
3.6000000000e+02	1.4231334338e-02	-5.3855340599e-03	5.4491301106e-05	3.6500370619e-05
3.6100000000e+02	1.4267838752e-02	-5.4400760129e-03	5.4592561675e-05	3.6508445538e-05
3.6200000000e+02	1.4304351208e-02	-5.4947190973e-03	5.4693564379e-05	3.6516456106e-05
3.6300000000e+02	1.4340871643e-02	-5.5494630561e-03	5.4794310465e-05	3.6524402999e-05
3.6400000000e+02	1.4377399993e-02	-5.6043076331e-03	5.4894801170e-05	3.6532286882e-05
3.6500000000e+02	1.4413936196e-02	-5.6592525737e-03	5.4995037724e-05	3.6540108414e-05
3.6600000000e+02	1.4450480189e-02	-5.7142976243e-03	5.5095021348e-05	3.6547868244e-05
3.6700000000e+02	1.4487031912e-02	-5.7694425325e-03	5.5194753254e-05	3.6555567013e-05
3.6800000000e+02	1.4523591303e-02	-5.8246870473e-03	5.5294234647e-05	3.6563205354e-05
3.6900000000e+02	1.4560158303e-02	-5.8800309187e-03	5.5393466724e-05	3.6570783892e-05
3.7000000000e+02	1.4596732851e-02	-5.9354738980e-03	5.5492450673e-05	3.6578303242e-05
3.7100000000e+02	1.4633314889e-02	-5.9910157377e-03	5.5591187674e-05	3.6585764016e-05
3.7200000000e+02	1.4669904360e-02	-6.0466561914e-03	5.5689678901e-05	3.6593166812e-05
3.7300000000e+02	1.4706501204e-02	-6.1023950140e-03	5.5787925517e-05	3.6600512225e-05
3.7400000000e+02	1.4743105365e-02	-6.1582319613e-03	5.5885928681e-05	3.6607800842e-05
3.7500000000e+02	1.4779716787e-02	-6.2141667906e-03	5.5983689540e-05	3.6615033240e-05
3.7600000000e+02	1.4816335413e-02	-6.2701992600e-03	5.6081209237e-05	3.6622209991e-05
3.7700000000e+02	1.4852961189e-02	-6.3263291290e-03	5.6178488906e-05	3.6629331659e-05
3.7800000000e+02	1.4889594058e-02	-6.3825561582e-03	5.6275529673e-05	3.6636398801e-05
3.7900000000e+02	1.4926233968e-02	-6.4388801091e-03	5.6372332658e-05	3.6643411969e-05
3.8000000000e+02	1.4962880864e-02	-6.4953007446e-03	5.6468898971e-05	3.6650371703e-05
3.8100000000e+02	1.4999534694e-02	-6.5518178285e-03	5.6565229718e-05	3.6657278543e-05
3.8200000000e+02	1.5036195404e-02	-6.6084311259e-03	5.6661325995e-05	3.6664133016e-05
3.8300000000e+02	1.5072862943e-02	-6.6651404027e-03	5.6757188891e-05	3.6670935647e-05
3.8400000000e+02	1.5109537258e-02	-6.7219454262e-03	5.6852819491e-05	3.6677686953e-05
3.8500000000e+02	1.5146218300e-02	-6.7788459646e-03	5.6948218868e-05	3.6684387444e-05
3.8600000000e+02	1.5182906016e-02	-6.8358417873e-03	5.7043388092e-05	3.6691037624e-05
3.8700000000e+02	1.5219600358e-02	-6.8929326645e-03	5.7138328224e-05	3.6697637992e-05
3.8800000000e+02	1.5256301276e-02	-6.9501183677e-03	5.7233040319e-05	3.6704189039e-05
3.8900000000e+02	1.5293008720e-02	-7.0073986694e-03	5.7327525423e-05	3.6710691251e-05
3.9000000000e+02	1.5329722642e-02	-7.0647733432e-03	5.7421784578e-05	3.6717145109e-05
3.9100000000e+02	1.5366442994e-02	-7.1222421636e-03	5.7515818818e-05	3.6723551086e-05
3.9200000000e+02	1.5403169729e-02	-7.1798049062e-03	5.7609629171e-05	3.6729909652e-05
3.9300000000e+02	1.5439902798e-02	-7.2374613477e-03	5.7703216656e-05	3.6736221268e-05
3.9400000000e+02	1.5476642156e-02	-7.2952112656e-03	5.7796582287e-05	3.6742486392e-05
3.9500000000e+02	1.5513387755e-02	-7.3530544386e-03	5.7889727074e-05	3.6748705477e-05
3.9600000000e+02	1.5550139551e-02	-7.4109906465e-03	5.7982652015e-05	3.6754878967e-05
3.9700000000e+02	1.5586897498e-02	-7.4690196697e-03	5.8075358106e-05	3.6761007304e-05
3.9800000000e+02	1.5623661551e-02	-7.5271412900e-03	5.8167846335e-05	3.6767090925e-05
3.9900000000e+02	1.5660431665e-02	-7.5853552901e-03	5.8260117683e-05	3.6773130258e-05
4.0000000000e+02	1.5697207797e-02	-7.6436614534e-03	5.8352173126e-05	3.6779125730e-05
4.0100000000e+02	1.5733989902e-02	-7.7020595647e-03	5.8444013634e-05	3.6785077761e-05
4.0200000000e+02	1.5770777938e-02	-7.7605494094e-03	5.8535640168e-05	3.6790986766e-05
4.0300000000e+02	1.5807571862e-02	-7.8191307740e-03	5.8627053687e-05	3.6796853156e-05
4.0400000000e+02	1.5844371630e-02	-7.8778034461e-03	5.8718255140e-05	3.6802677336e-05
4.0500000000e+02	1.5881177202e-02	-7.9365672139e-03	5.8809245473e-05	3.6808459707e-05
4.0600000000e+02	1.5917988536e-02	-7.9954218670e-03	5.8900025623e-05	3.6814200665e-05
4.0700000000e+02	1.5954805590e-02	-8.0543671954e-03	5.8990596525e-05	3.6819900602e-05
4.0800000000e+02	1.5991628324e-02	-8.1134029906e-03	5.9080959104e-05	3.6825559904e-05
4.0900000000e+02	1.6028456697e-02	-8.1725290445e-03	5.9171114281e-05	3.6831178953e-05
4.1000000000e+02	1.6065290668e-02	-8.2317451503e-03	5.9261062972e-05	3.6836758129e-05
4.1100000000e+02	1.6102130200e-02	-8.2910511019e-03	5.9350806086e-05	3.6842297803e-05
4.1200000000e+02	1.6138975251e-02	-8.3504466942e-03	5.9440344527e-05	3.6847798346e-05
4.1300000000e+02	1.6175825783e-02	-8.4099317230e-03	5.9529679192e-05	3.6853260122e-05
4.1400000000e+02	1.6212681758e-02	-8.4695059850e-03	5.9618810974e-05	3.6858683492e-05
4.1500000000e+02	1.6249543138e-02	-8.5291692777e-03	5.9707740760e-05	3.6864068812e-05
4.1600000000e+02	1.6286409883e-02	-8.5889213995e-03	5.9796469430e-05	3.6869416436e-05
4.1700000000e+02	1.6323281958e-02	-8.6487621498e-03	5.9884997861e-05	3.6874726711e-05
4.1800000000e+02	1.6360159325e-02	-8.7086913287e-03	5.9973326922e-05	3.6879999982e-05
4.1900000000e+02	1.6397041946e-02	-8.7687087375e-03	6.0061457478e-05	3.6885236589e-05
4.2000000000e+02	1.6433929786e-02	-8.8288141778e-03	6.0149390389e-05	3.6890436869e-05
4.2100000000e+02	1.6470822808e-02	-8.8890074526e-03	6.0237126509e-05	3.6895601154e-05
4.2200000000e+02	1.6507720976e-02	-8.9492883655e-03	6.0324666686e-05	3.6900729775e-05
4.2300000000e+02	1.6544624255e-02	-9.0096567210e-03	6.0412011764e-05	3.6905823056e-05
4.2400000000e+02	1.6581532610e-02	-9.0701123243e-03	6.0499162582e-05	3.6910881318e-05
4.2500000000e+02	1.6618446006e-02	-9.1306549817e-03	6.0586119972e-05	3.6915904880e-05
4.2600000000e+02	1.6655364409e-02	-9.1912845000e-03	6.0672884762e-05	3.6920894056e-05
4.2700000000e+02	1.6692287783e-02	-9.2520006873e-03	6.0759457776e-05	3.6925849158e-05
4.2800000000e+02	1.6729216096e-02	-9.3128033519e-03	6.0845839831e-05	3.6930770491e-05
4.2900000000e+02	1.6766149313e-02	-9.3736923035e-03	6.0932031740e-05	3.6935658362e-05
4.3000000000e+02	1.6803087401e-02	-9.4346673523e-03	6.1018034311e-05	3.6940513069e-05
4.3100000000e+02	1.6840030328e-02	-9.4957283093e-03	6.1103848347e-05	3.6945334910e-05
4.3200000000e+02	1.6876978060e-02	-9.5568749864e-03	6.1189474645e-05	3.6950124180e-05
4.3300000000e+02	1.6913930566e-02	-9.6181071963e-03	6.1274914000e-05	3.6954881169e-05
4.3400000000e+02	1.6950887812e-02	-9.6794247524e-03	6.1360167199e-05	3.6959606164e-05
4.3500000000e+02	1.6987849768e-02	-9.7408274689e-03	6.1445235026e-05	3.6964299451e-05
4.3600000000e+02	1.7024816401e-02	-9.8023151609e-03	6.1530118260e-05	3.6968961309e-05
4.3700000000e+02	1.7061787680e-02	-9.8638876441e-03	6.1614817675e-05	3.6973592017e-05
4.3800000000e+02	1.7098763574e-02	-9.9255447352e-03	6.1699334040e-05	3.6978191850e-05
4.3900000000e+02	1.7135744053e-02	-9.9872862515e-03	6.1783668120e-05	3.6982761080e-05
4.4000000000e+02	1.7172729086e-02	-1.0049112011e-02	6.1867820676e-05	3.6987299977e-05
4.4100000000e+02	1.7209718643e-02	-1.0111021833e-02	6.1951792462e-05	3.6991808806e-05
4.4200000000e+02	1.7246712694e-02	-1.0173015536e-02	6.2035584230e-05	3.6996287831e-05
4.4300000000e+02	1.7283711209e-02	-1.0235092941e-02	6.2119196727e-05	3.7000737311e-05
4.4400000000e+02	1.7320714159e-02	-1.0297253870e-02	6.2202630695e-05	3.7005157506e-05
4.4500000000e+02	1.7357721514e-02	-1.0359498143e-02	6.2285886871e-05	3.7009548668e-05
4.4600000000e+02	1.7394733247e-02	-1.0421825585e-02	6.2368965989e-05	3.7013911051e-05
4.4700000000e+02	1.7431749327e-02	-1.0484236017e-02	6.2451868777e-05	3.7018244904e-05
4.4800000000e+02	1.7468769727e-02	-1.0546729264e-02	6.2534595961e-05	3.7022550474e-05
4.4900000000e+02	1.7505794419e-02	-1.0609305150e-02	6.2617148260e-05	3.7026828003e-05
4.5000000000e+02	1.7542823374e-02	-1.0671963502e-02	6.2699526391e-05	3.7031077735e-05
4.5100000000e+02	1.7579856565e-02	-1.0734704145e-02	6.2781731064e-05	3.7035299908e-05
4.5200000000e+02	1.7616893964e-02	-1.0797526907e-02	6.2863762989e-05	3.7039494757e-05
4.5300000000e+02	1.7653935545e-02	-1.0860431614e-02	6.2945622868e-05	3.7043662517e-05
4.5400000000e+02	1.7690981280e-02	-1.0923418095e-02	6.3027311400e-05	3.7047803419e-05
4.5500000000e+02	1.7728031143e-02	-1.0986486180e-02	6.3108829281e-05	3.7051917693e-05
4.5600000000e+02	1.7765085107e-02	-1.1049635697e-02	6.3190177202e-05	3.7056005563e-05
4.5700000000e+02	1.7802143146e-02	-1.1112866478e-02	6.3271355850e-05	3.7060067255e-05
4.5800000000e+02	1.7839205233e-02	-1.1176178353e-02	6.3352365907e-05	3.7064102990e-05
4.5900000000e+02	1.7876271343e-02	-1.1239571154e-02	6.3433208054e-05	3.7068112988e-05
4.6000000000e+02	1.7913341450e-02	-1.1303044713e-02	6.3513882964e-05	3.7072097465e-05
4.6100000000e+02	1.7950415530e-02	-1.1366598864e-02	6.3594391309e-05	3.7076056637e-05
4.6200000000e+02	1.7987493555e-02	-1.1430233440e-02	6.3674733757e-05	3.7079990715e-05
4.6300000000e+02	1.8024575503e-02	-1.1493948276e-02	6.3754910970e-05	3.7083899911e-05
4.6400000000e+02	1.8061661347e-02	-1.1557743207e-02	6.3834923608e-05	3.7087784432e-05
4.6500000000e+02	1.8098751063e-02	-1.1621618069e-02	6.3914772328e-05	3.7091644484e-05
4.6600000000e+02	1.8135844628e-02	-1.1685572698e-02	6.3994457780e-05	3.7095480272e-05
4.6700000000e+02	1.8172942016e-02	-1.1749606930e-02	6.4073980613e-05	3.7099291997e-05
4.6800000000e+02	1.8210043204e-02	-1.1813720605e-02	6.4153341472e-05	3.7103079858e-05
4.6900000000e+02	1.8247148168e-02	-1.1877913559e-02	6.4232540996e-05	3.7106844054e-05
4.7000000000e+02	1.8284256884e-02	-1.1942185633e-02	6.4311579824e-05	3.7110584780e-05
4.7100000000e+02	1.8321369330e-02	-1.2006536666e-02	6.4390458589e-05	3.7114302229e-05
4.7200000000e+02	1.8358485481e-02	-1.2070966497e-02	6.4469177920e-05	3.7117996594e-05
4.7300000000e+02	1.8395605315e-02	-1.2135474969e-02	6.4547738444e-05	3.7121668063e-05
4.7400000000e+02	1.8432728809e-02	-1.2200061921e-02	6.4626140782e-05	3.7125316825e-05
4.7500000000e+02	1.8469855941e-02	-1.2264727198e-02	6.4704385556e-05	3.7128943065e-05
4.7600000000e+02	1.8506986688e-02	-1.2329470640e-02	6.4782473379e-05	3.7132546968e-05
4.7700000000e+02	1.8544121028e-02	-1.2394292092e-02	6.4860404864e-05	3.7136128714e-05
4.7800000000e+02	1.8581258938e-02	-1.2459191398e-02	6.4938180620e-05	3.7139688486e-05
4.7900000000e+02	1.8618400398e-02	-1.2524168402e-02	6.5015801251e-05	3.7143226460e-05
4.8000000000e+02	1.8655545384e-02	-1.2589222949e-02	6.5093267360e-05	3.7146742814e-05
4.8100000000e+02	1.8692693876e-02	-1.2654354885e-02	6.5170579545e-05	3.7150237722e-05
4.8200000000e+02	1.8729845852e-02	-1.2719564057e-02	6.5247738401e-05	3.7153711358e-05
4.8300000000e+02	1.8767001292e-02	-1.2784850311e-02	6.5324744519e-05	3.7157163893e-05
4.8400000000e+02	1.8804160173e-02	-1.2850213495e-02	6.5401598489e-05	3.7160595496e-05
4.8500000000e+02	1.8841322476e-02	-1.2915653458e-02	6.5478300894e-05	3.7164006336e-05
4.8600000000e+02	1.8878488179e-02	-1.2981170047e-02	6.5554852316e-05	3.7167396578e-05
4.8700000000e+02	1.8915657262e-02	-1.3046763112e-02	6.5631253335e-05	3.7170766388e-05
4.8800000000e+02	1.8952829705e-02	-1.3112432504e-02	6.5707504526e-05	3.7174115928e-05
4.8900000000e+02	1.8990005487e-02	-1.3178178071e-02	6.5783606460e-05	3.7177445359e-05
4.9000000000e+02	1.9027184589e-02	-1.3243999667e-02	6.5859559706e-05	3.7180754842e-05
4.9100000000e+02	1.9064366990e-02	-1.3309897142e-02	6.5935364831e-05	3.7184044535e-05
4.9200000000e+02	1.9101552672e-02	-1.3375870347e-02	6.6011022396e-05	3.7187314594e-05
4.9300000000e+02	1.9138741613e-02	-1.3441919137e-02	6.6086532962e-05	3.7190565175e-05
4.9400000000e+02	1.9175933795e-02	-1.3508043364e-02	6.6161897085e-05	3.7193796431e-05
4.9500000000e+02	1.9213129199e-02	-1.3574242883e-02	6.6237115318e-05	3.7197008514e-05
4.9600000000e+02	1.9250327806e-02	-1.3640517547e-02	6.6312188211e-05	3.7200201574e-05
4.9700000000e+02	1.9287529596e-02	-1.3706867211e-02	6.6387116313e-05	3.7203375761e-05
4.9800000000e+02	1.9324734551e-02	-1.3773291731e-02	6.6461900166e-05	3.7206531223e-05
4.9900000000e+02	1.9361942653e-02	-1.3839790963e-02	6.6536540313e-05	3.7209668106e-05
5.0000000000e+02	1.9399153881e-02	-1.3906364764e-02	6.6611037291e-05	3.7212786554e-05
5.0100000000e+02	1.9436368220e-02	-1.3973012990e-02	6.6685391637e-05	3.7215886712e-05
5.0200000000e+02	1.9473585649e-02	-1.4039735500e-02	6.6759603882e-05	3.7218968720e-05
5.0300000000e+02	1.9510806151e-02	-1.4106532151e-02	6.6833674557e-05	3.7222032721e-05
5.0400000000e+02	1.9548029708e-02	-1.4173402802e-02	6.6907604187e-05	3.7225078852e-05
5.0500000000e+02	1.9585256303e-02	-1.4240347313e-02	6.6981393298e-05	3.7228107253e-05
5.0600000000e+02	1.9622485917e-02	-1.4307365542e-02	6.7055042409e-05	3.7231118059e-05
5.0700000000e+02	1.9659718533e-02	-1.4374457351e-02	6.7128552040e-05	3.7234111406e-05
5.0800000000e+02	1.9696954134e-02	-1.4441622600e-02	6.7201922704e-05	3.7237087429e-05
5.0900000000e+02	1.9734192702e-02	-1.4508861150e-02	6.7275154916e-05	3.7240046259e-05
5.1000000000e+02	1.9771434221e-02	-1.4576172864e-02	6.7348249185e-05	3.7242988029e-05
5.1100000000e+02	1.9808678673e-02	-1.4643557603e-02	6.7421206018e-05	3.7245912869e-05
5.1200000000e+02	1.9845926041e-02	-1.4711015230e-02	6.7494025920e-05	3.7248820908e-05
5.1300000000e+02	1.9883176309e-02	-1.4778545609e-02	6.7566709392e-05	3.7251712273e-05
5.1400000000e+02	1.9920429460e-02	-1.4846148604e-02	6.7639256933e-05	3.7254587091e-05
5.1500000000e+02	1.9957685478e-02	-1.4913824078e-02	6.7711669040e-05	3.7257445488e-05
5.1600000000e+02	1.9994944346e-02	-1.4981571897e-02	6.7783946206e-05	3.7260287588e-05
5.1700000000e+02	2.0032206047e-02	-1.5049391925e-02	6.7856088922e-05	3.7263113514e-05
5.1800000000e+02	2.0069470567e-02	-1.5117284030e-02	6.7928097678e-05	3.7265923388e-05
5.1900000000e+02	2.0106737889e-02	-1.5185248076e-02	6.7999972958e-05	3.7268717330e-05
5.2000000000e+02	2.0144007997e-02	-1.5253283931e-02	6.8071715246e-05	3.7271495461e-05
5.2100000000e+02	2.0181280875e-02	-1.5321391463e-02	6.8143325023e-05	3.7274257898e-05
5.2200000000e+02	2.0218556507e-02	-1.5389570537e-02	6.8214802768e-05	3.7277004760e-05
5.2300000000e+02	2.0255834879e-02	-1.5457821024e-02	6.8286148955e-05	3.7279736162e-05
5.2400000000e+02	2.0293115974e-02	-1.5526142792e-02	6.8357364057e-05	3.7282452220e-05
5.2500000000e+02	2.0330399778e-02	-1.5594535709e-02	6.8428448547e-05	3.7285153048e-05
5.2600000000e+02	2.0367686275e-02	-1.5662999645e-02	6.8499402891e-05	3.7287838759e-05
5.2700000000e+02	2.0404975451e-02	-1.5731534471e-02	6.8570227556e-05	3.7290509465e-05
5.2800000000e+02	2.0442267289e-02	-1.5800140057e-02	6.8640923005e-05	3.7293165278e-05
5.2900000000e+02	2.0479561776e-02	-1.5868816274e-02	6.8711489699e-05	3.7295806307e-05
5.3000000000e+02	2.0516858897e-02	-1.5937562994e-02	6.8781928097e-05	3.7298432662e-05
5.3100000000e+02	2.0554158637e-02	-1.6006380088e-02	6.8852238653e-05	3.7301044449e-05
5.3200000000e+02	2.0591460981e-02	-1.6075267429e-02	6.8922421824e-05	3.7303641778e-05
5.3300000000e+02	2.0628765916e-02	-1.6144224889e-02	6.8992478058e-05	3.7306224752e-05
5.3400000000e+02	2.0666073426e-02	-1.6213252343e-02	6.9062407807e-05	3.7308793479e-05
5.3500000000e+02	2.0703383498e-02	-1.6282349663e-02	6.9132211516e-05	3.7311348061e-05
5.3600000000e+02	2.0740696117e-02	-1.6351516724e-02	6.9201889630e-05	3.7313888602e-05
5.3700000000e+02	2.0778011271e-02	-1.6420753401e-02	6.9271442590e-05	3.7316415204e-05
5.3800000000e+02	2.0815328943e-02	-1.6490059568e-02	6.9340870838e-05	3.7318927969e-05
5.3900000000e+02	2.0852649122e-02	-1.6559435101e-02	6.9410174810e-05	3.7321426997e-05
5.4000000000e+02	2.0889971793e-02	-1.6628879876e-02	6.9479354942e-05	3.7323912387e-05
5.4100000000e+02	2.0927296942e-02	-1.6698393770e-02	6.9548411667e-05	3.7326384238e-05
5.4200000000e+02	2.0964624557e-02	-1.6767976658e-02	6.9617345415e-05	3.7328842648e-05
5.4300000000e+02	2.1001954623e-02	-1.6837628420e-02	6.9686156616e-05	3.7331287714e-05
5.4400000000e+02	2.1039287128e-02	-1.6907348931e-02	6.9754845696e-05	3.7333719531e-05
5.4500000000e+02	2.1076622058e-02	-1.6977138070e-02	6.9823413079e-05	3.7336138196e-05
5.4600000000e+02	2.1113959400e-02	-1.7046995717e-02	6.9891859187e-05	3.7338543801e-05
5.4700000000e+02	2.1151299141e-02	-1.7116921748e-02	6.9960184441e-05	3.7340936441e-05
5.4800000000e+02	2.1188641268e-02	-1.7186916045e-02	7.0028389258e-05	3.7343316208e-05
5.4900000000e+02	2.1225985769e-02	-1.7256978487e-02	7.0096474055e-05	3.7345683194e-05
5.5000000000e+02	2.1263332630e-02	-1.7327108954e-02	7.0164439244e-05	3.7348037490e-05
5.5100000000e+02	2.1300681840e-02	-1.7397307326e-02	7.0232285237e-05	3.7350379186e-05
5.5200000000e+02	2.1338033385e-02	-1.7467573484e-02	7.0300012444e-05	3.7352708372e-05
5.5300000000e+02	2.1375387252e-02	-1.7537907311e-02	7.0367621272e-05	3.7355025135e-05
5.5400000000e+02	2.1412743431e-02	-1.7608308688e-02	7.0435112127e-05	3.7357329565e-05
5.5500000000e+02	2.1450101908e-02	-1.7678777496e-02	7.0502485412e-05	3.7359621747e-05
5.5600000000e+02	2.1487462670e-02	-1.7749313619e-02	7.0569741528e-05	3.7361901769e-05
5.5700000000e+02	2.1524825707e-02	-1.7819916940e-02	7.0636880875e-05	3.7364169715e-05
5.5800000000e+02	2.1562191006e-02	-1.7890587342e-02	7.0703903850e-05	3.7366425671e-05
5.5900000000e+02	2.1599558554e-02	-1.7961324709e-02	7.0770810848e-05	3.7368669720e-05
5.6000000000e+02	2.1636928341e-02	-1.8032128926e-02	7.0837602262e-05	3.7370901947e-05
5.6100000000e+02	2.1674300354e-02	-1.8102999875e-02	7.0904278485e-05	3.7373122432e-05
5.6200000000e+02	2.1711674582e-02	-1.8173937444e-02	7.0970839905e-05	3.7375331259e-05
5.6300000000e+02	2.1749051013e-02	-1.8244941517e-02	7.1037286910e-05	3.7377528508e-05
5.6400000000e+02	2.1786429635e-02	-1.8316011980e-02	7.1103619886e-05	3.7379714261e-05
5.6500000000e+02	2.1823810438e-02	-1.8387148719e-02	7.1169839216e-05	3.7381888595e-05
5.6600000000e+02	2.1861193409e-02	-1.8458351621e-02	7.1235945282e-05	3.7384051592e-05
5.6700000000e+02	2.1898578537e-02	-1.8529620572e-02	7.1301938464e-05	3.7386203329e-05
5.6800000000e+02	2.1935965812e-02	-1.8600955460e-02	7.1367819141e-05	3.7388343883e-05
5.6900000000e+02	2.1973355221e-02	-1.8672356173e-02	7.1433587687e-05	3.7390473332e-05
5.7000000000e+02	2.2010746755e-02	-1.8743822598e-02	7.1499244479e-05	3.7392591753e-05
5.7100000000e+02	2.2048140401e-02	-1.8815354625e-02	7.1564789888e-05	3.7394699220e-05
5.7200000000e+02	2.2085536150e-02	-1.8886952141e-02	7.1630224284e-05	3.7396795810e-05
5.7300000000e+02	2.2122933989e-02	-1.8958615036e-02	7.1695548038e-05	3.7398881596e-05
5.7400000000e+02	2.2160333909e-02	-1.9030343200e-02	7.1760761515e-05	3.7400956652e-05
5.7500000000e+02	2.2197735899e-02	-1.9102136523e-02	7.1825865081e-05	3.7403021052e-05
5.7600000000e+02	2.2235139948e-02	-1.9173994894e-02	7.1890859100e-05	3.7405074868e-05
5.7700000000e+02	2.2272546045e-02	-1.9245918205e-02	7.1955743934e-05	3.7407118172e-05
5.7800000000e+02	2.2309954181e-02	-1.9317906346e-02	7.2020519942e-05	3.7409151035e-05
5.7900000000e+02	2.2347364344e-02	-1.9389959208e-02	7.2085187482e-05	3.7411173528e-05
5.8000000000e+02	2.2384776524e-02	-1.9462076685e-02	7.2149746912e-05	3.7413185722e-05
5.8100000000e+02	2.2422190712e-02	-1.9534258666e-02	7.2214198585e-05	3.7415187686e-05
5.8200000000e+02	2.2459606896e-02	-1.9606505046e-02	7.2278542856e-05	3.7417179488e-05
5.8300000000e+02	2.2497025067e-02	-1.9678815716e-02	7.2342780075e-05	3.7419161197e-05
5.8400000000e+02	2.2534445215e-02	-1.9751190570e-02	7.2406910592e-05	3.7421132882e-05
5.8500000000e+02	2.2571867330e-02	-1.9823629502e-02	7.2470934755e-05	3.7423094608e-05
5.8600000000e+02	2.2609291401e-02	-1.9896132405e-02	7.2534852911e-05	3.7425046444e-05
5.8700000000e+02	2.2646717419e-02	-1.9968699173e-02	7.2598665404e-05	3.7426988455e-05
5.8800000000e+02	2.2684145375e-02	-2.0041329700e-02	7.2662372577e-05	3.7428920707e-05
5.8900000000e+02	2.2721575258e-02	-2.0114023883e-02	7.2725974771e-05	3.7430843264e-05
5.9000000000e+02	2.2759007058e-02	-2.0186781615e-02	7.2789472327e-05	3.7432756191e-05
5.9100000000e+02	2.2796440767e-02	-2.0259602793e-02	7.2852865583e-05	3.7434659553e-05
5.9200000000e+02	2.2833876374e-02	-2.0332487312e-02	7.2916154874e-05	3.7436553412e-05
5.9300000000e+02	2.2871313870e-02	-2.0405435068e-02	7.2979340537e-05	3.7438437832e-05
5.9400000000e+02	2.2908753247e-02	-2.0478445958e-02	7.3042422904e-05	3.7440312875e-05
5.9500000000e+02	2.2946194493e-02	-2.0551519879e-02	7.3105402307e-05	3.7442178603e-05
5.9600000000e+02	2.2983637601e-02	-2.0624656729e-02	7.3168279076e-05	3.7444035077e-05
5.9700000000e+02	2.3021082560e-02	-2.0697856403e-02	7.3231053540e-05	3.7445882358e-05
5.9800000000e+02	2.3058529362e-02	-2.0771118802e-02	7.3293726027e-05	3.7447720507e-05
5.9900000000e+02	2.3095977998e-02	-2.0844443822e-02	7.3356296861e-05	3.7449549583e-05
6.0000000000e+02	2.3133428459e-02	-2.0917831362e-02	7.3418766367e-05	3.7451369646e-05
6.0100000000e+02	2.3170880735e-02	-2.0991281321e-02	7.3481134867e-05	3.7453180755e-05
6.0200000000e+02	2.3208334817e-02	-2.1064793598e-02	7.3543402683e-05	3.7454982968e-05
6.0300000000e+02	2.3245790698e-02	-2.1138368093e-02	7.3605570133e-05	3.7456776342e-05
6.0400000000e+02	2.3283248367e-02	-2.1212004705e-02	7.3667637536e-05	3.7458560937e-05
6.0500000000e+02	2.3320707816e-02	-2.1285703334e-02	7.3729605208e-05	3.7460336808e-05
6.0600000000e+02	2.3358169038e-02	-2.1359463882e-02	7.3791473465e-05	3.7462104013e-05
6.0700000000e+02	2.3395632022e-02	-2.1433286248e-02	7.3853242619e-05	3.7463862606e-05
6.0800000000e+02	2.3433096760e-02	-2.1507170334e-02	7.3914912984e-05	3.7465612645e-05
6.0900000000e+02	2.3470563244e-02	-2.1581116041e-02	7.3976484869e-05	3.7467354184e-05
6.1000000000e+02	2.3508031466e-02	-2.1655123271e-02	7.4037958585e-05	3.7469087278e-05
6.1100000000e+02	2.3545501416e-02	-2.1729191926e-02	7.4099334438e-05	3.7470811981e-05
6.1200000000e+02	2.3582973087e-02	-2.1803321908e-02	7.4160612736e-05	3.7472528348e-05
6.1300000000e+02	2.3620446470e-02	-2.1877513119e-02	7.4221793783e-05	3.7474236431e-05
6.1400000000e+02	2.3657921557e-02	-2.1951765463e-02	7.4282877882e-05	3.7475936283e-05
6.1500000000e+02	2.3695398340e-02	-2.2026078843e-02	7.4343865337e-05	3.7477627958e-05
6.1600000000e+02	2.3732876810e-02	-2.2100453161e-02	7.4404756447e-05	3.7479311508e-05
6.1700000000e+02	2.3770356960e-02	-2.2174888323e-02	7.4465551513e-05	3.7480986984e-05
6.1800000000e+02	2.3807838781e-02	-2.2249384233e-02	7.4526250832e-05	3.7482654437e-05
6.1900000000e+02	2.3845322266e-02	-2.2323940793e-02	7.4586854700e-05	3.7484313920e-05
6.2000000000e+02	2.3882807407e-02	-2.2398557910e-02	7.4647363414e-05	3.7485965481e-05
6.2100000000e+02	2.3920294195e-02	-2.2473235488e-02	7.4707777267e-05	3.7487609172e-05
6.2200000000e+02	2.3957782622e-02	-2.2547973433e-02	7.4768096552e-05	3.7489245041e-05
6.2300000000e+02	2.3995272682e-02	-2.2622771650e-02	7.4828321560e-05	3.7490873140e-05
6.2400000000e+02	2.4032764366e-02	-2.2697630045e-02	7.4888452582e-05	3.7492493516e-05
6.2500000000e+02	2.4070257666e-02	-2.2772548524e-02	7.4948489905e-05	3.7494106218e-05
6.2600000000e+02	2.4107752576e-02	-2.2847526994e-02	7.5008433817e-05	3.7495711294e-05
6.2700000000e+02	2.4145249087e-02	-2.2922565361e-02	7.5068284605e-05	3.7497308792e-05
6.2800000000e+02	2.4182747191e-02	-2.2997663532e-02	7.5128042552e-05	3.7498898760e-05
6.2900000000e+02	2.4220246882e-02	-2.3072821415e-02	7.5187707944e-05	3.7500481245e-05
6.3000000000e+02	2.4257748151e-02	-2.3148038917e-02	7.5247281060e-05	3.7502056294e-05
6.3100000000e+02	2.4295250992e-02	-2.3223315946e-02	7.5306762184e-05	3.7503623952e-05
6.3200000000e+02	2.4332755396e-02	-2.3298652411e-02	7.5366151594e-05	3.7505184266e-05
6.3300000000e+02	2.4370261358e-02	-2.3374048219e-02	7.5425449569e-05	3.7506737281e-05
6.3400000000e+02	2.4407768869e-02	-2.3449503280e-02	7.5484656385e-05	3.7508283044e-05
6.3500000000e+02	2.4445277921e-02	-2.3525017502e-02	7.5543772320e-05	3.7509821598e-05
6.3600000000e+02	2.4482788509e-02	-2.3600590794e-02	7.5602797647e-05	3.7511352989e-05
6.3700000000e+02	2.4520300625e-02	-2.3676223067e-02	7.5661732640e-05	3.7512877260e-05
6.3800000000e+02	2.4557814262e-02	-2.3751914229e-02	7.5720577572e-05	3.7514394456e-05
6.3900000000e+02	2.4595329412e-02	-2.3827664192e-02	7.5779332713e-05	3.7515904620e-05
6.4000000000e+02	2.4632846068e-02	-2.3903472865e-02	7.5837998333e-05	3.7517407796e-05
6.4100000000e+02	2.4670364225e-02	-2.3979340159e-02	7.5896574702e-05	3.7518904026e-05
6.4200000000e+02	2.4707883874e-02	-2.4055265985e-02	7.5955062085e-05	3.7520393353e-05
6.4300000000e+02	2.4745405009e-02	-2.4131250254e-02	7.6013460751e-05	3.7521875819e-05
6.4400000000e+02	2.4782927624e-02	-2.4207292877e-02	7.6071770963e-05	3.7523351467e-05
6.4500000000e+02	2.4820451710e-02	-2.4283393766e-02	7.6129992986e-05	3.7524820337e-05
6.4600000000e+02	2.4857977262e-02	-2.4359552833e-02	7.6188127083e-05	3.7526282471e-05
6.4700000000e+02	2.4895504273e-02	-2.4435769991e-02	7.6246173514e-05	3.7527737911e-05
6.4800000000e+02	2.4933032736e-02	-2.4512045151e-02	7.6304132541e-05	3.7529186696e-05
6.4900000000e+02	2.4970562644e-02	-2.4588378227e-02	7.6362004424e-05	3.7530628867e-05
6.5000000000e+02	2.5008093991e-02	-2.4664769131e-02	7.6419789419e-05	3.7532064465e-05
6.5100000000e+02	2.5045626771e-02	-2.4741217777e-02	7.6477487784e-05	3.7533493529e-05
6.5200000000e+02	2.5083160976e-02	-2.4817724078e-02	7.6535099776e-05	3.7534916098e-05
6.5300000000e+02	2.5120696601e-02	-2.4894287948e-02	7.6592625649e-05	3.7536332212e-05
6.5400000000e+02	2.5158233638e-02	-2.4970909301e-02	7.6650065656e-05	3.7537741910e-05
6.5500000000e+02	2.5195772082e-02	-2.5047588051e-02	7.6707420050e-05	3.7539145229e-05
6.5600000000e+02	2.5233311927e-02	-2.5124324112e-02	7.6764689084e-05	3.7540542209e-05
6.5700000000e+02	2.5270853165e-02	-2.5201117400e-02	7.6821873006e-05	3.7541932888e-05
6.5800000000e+02	2.5308395790e-02	-2.5277967830e-02	7.6878972067e-05	3.7543317303e-05
6.5900000000e+02	2.5345939797e-02	-2.5354875316e-02	7.6935986515e-05	3.7544695492e-05
6.6000000000e+02	2.5383485179e-02	-2.5431839775e-02	7.6992916597e-05	3.7546067491e-05
6.6100000000e+02	2.5421031930e-02	-2.5508861121e-02	7.7049762559e-05	3.7547433338e-05
6.6200000000e+02	2.5458580044e-02	-2.5585939272e-02	7.7106524646e-05	3.7548793070e-05
6.6300000000e+02	2.5496129514e-02	-2.5663074143e-02	7.7163203103e-05	3.7550146722e-05
6.6400000000e+02	2.5533680335e-02	-2.5740265650e-02	7.7219798171e-05	3.7551494331e-05
6.6500000000e+02	2.5571232501e-02	-2.5817513712e-02	7.7276310094e-05	3.7552835933e-05
6.6600000000e+02	2.5608786005e-02	-2.5894818243e-02	7.7332739111e-05	3.7554171563e-05
6.6700000000e+02	2.5646340842e-02	-2.5972179162e-02	7.7389085464e-05	3.7555501256e-05
6.6800000000e+02	2.5683897006e-02	-2.6049596386e-02	7.7445349390e-05	3.7556825048e-05
6.6900000000e+02	2.5721454490e-02	-2.6127069834e-02	7.7501531127e-05	3.7558142973e-05
6.7000000000e+02	2.5759013290e-02	-2.6204599421e-02	7.7557630912e-05	3.7559455066e-05
6.7100000000e+02	2.5796573398e-02	-2.6282185068e-02	7.7613648982e-05	3.7560761361e-05
6.7200000000e+02	2.5834134811e-02	-2.6359826692e-02	7.7669585570e-05	3.7562061892e-05
6.7300000000e+02	2.5871697520e-02	-2.6437524212e-02	7.7725440910e-05	3.7563356693e-05
6.7400000000e+02	2.5909261522e-02	-2.6515277547e-02	7.7781215236e-05	3.7564645797e-05
6.7500000000e+02	2.5946826810e-02	-2.6593086616e-02	7.7836908779e-05	3.7565929238e-05
6.7600000000e+02	2.5984393379e-02	-2.6670951338e-02	7.7892521770e-05	3.7567207049e-05
6.7700000000e+02	2.6021961222e-02	-2.6748871633e-02	7.7948054438e-05	3.7568479262e-05
6.7800000000e+02	2.6059530335e-02	-2.6826847420e-02	7.8003507014e-05	3.7569745910e-05
6.7900000000e+02	2.6097100712e-02	-2.6904878620e-02	7.8058879723e-05	3.7571007025e-05
6.8000000000e+02	2.6134672348e-02	-2.6982965153e-02	7.8114172795e-05	3.7572262640e-05
6.8100000000e+02	2.6172245236e-02	-2.7061106939e-02	7.8169386453e-05	3.7573512786e-05
6.8200000000e+02	2.6209819371e-02	-2.7139303899e-02	7.8224520925e-05	3.7574757495e-05
6.8300000000e+02	2.6247394749e-02	-2.7217555955e-02	7.8279576433e-05	3.7575996798e-05
6.8400000000e+02	2.6284971363e-02	-2.7295863026e-02	7.8334553200e-05	3.7577230727e-05
6.8500000000e+02	2.6322549209e-02	-2.7374225035e-02	7.8389451450e-05	3.7578459312e-05
6.8600000000e+02	2.6360128280e-02	-2.7452641903e-02	7.8444271403e-05	3.7579682585e-05
6.8700000000e+02	2.6397708572e-02	-2.7531113552e-02	7.8499013280e-05	3.7580900575e-05
6.8800000000e+02	2.6435290079e-02	-2.7609639903e-02	7.8553677300e-05	3.7582113313e-05
6.8900000000e+02	2.6472872797e-02	-2.7688220880e-02	7.8608263682e-05	3.7583320829e-05
6.9000000000e+02	2.6510456719e-02	-2.7766856405e-02	7.8662772644e-05	3.7584523153e-05
6.9100000000e+02	2.6548041841e-02	-2.7845546400e-02	7.8717204401e-05	3.7585720314e-05
6.9200000000e+02	2.6585628158e-02	-2.7924290788e-02	7.8771559171e-05	3.7586912343e-05
6.9300000000e+02	2.6623215664e-02	-2.8003089493e-02	7.8825837167e-05	3.7588099267e-05
6.9400000000e+02	2.6660804355e-02	-2.8081942437e-02	7.8880038605e-05	3.7589281117e-05
6.9500000000e+02	2.6698394225e-02	-2.8160849544e-02	7.8934163697e-05	3.7590457921e-05
6.9600000000e+02	2.6735985269e-02	-2.8239810739e-02	7.8988212655e-05	3.7591629708e-05
6.9700000000e+02	2.6773577483e-02	-2.8318825944e-02	7.9042185692e-05	3.7592796506e-05
6.9800000000e+02	2.6811170861e-02	-2.8397895085e-02	7.9096083017e-05	3.7593958342e-05
6.9900000000e+02	2.6848765398e-02	-2.8477018085e-02	7.9149904840e-05	3.7595115247e-05
7.0000000000e+02	2.6886361089e-02	-2.8556194870e-02	7.9203651370e-05	3.7596267246e-05
7.0100000000e+02	2.6923957931e-02	-2.8635425363e-02	7.9257322815e-05	3.7597414368e-05
7.0200000000e+02	2.6961555917e-02	-2.8714709490e-02	7.9310919383e-05	3.7598556640e-05
7.0300000000e+02	2.6999155042e-02	-2.8794047177e-02	7.9364441279e-05	3.7599694089e-05
7.0400000000e+02	2.7036755303e-02	-2.8873438348e-02	7.9417888709e-05	3.7600826743e-05
7.0500000000e+02	2.7074356694e-02	-2.8952882929e-02	7.9471261878e-05	3.7601954628e-05
7.0600000000e+02	2.7111959211e-02	-2.9032380847e-02	7.9524560988e-05	3.7603077771e-05
7.0700000000e+02	2.7149562848e-02	-2.9111932027e-02	7.9577786245e-05	3.7604196199e-05
7.0800000000e+02	2.7187167602e-02	-2.9191536395e-02	7.9630937848e-05	3.7605309937e-05
7.0900000000e+02	2.7224773466e-02	-2.9271193878e-02	7.9684016001e-05	3.7606419012e-05
7.1000000000e+02	2.7262380438e-02	-2.9350904403e-02	7.9737020902e-05	3.7607523449e-05
7.1100000000e+02	2.7299988512e-02	-2.9430667896e-02	7.9789952753e-05	3.7608623275e-05
7.1200000000e+02	2.7337597683e-02	-2.9510484284e-02	7.9842811751e-05	3.7609718515e-05
7.1300000000e+02	2.7375207947e-02	-2.9590353495e-02	7.9895598096e-05	3.7610809195e-05
7.1400000000e+02	2.7412819300e-02	-2.9670275456e-02	7.9948311983e-05	3.7611895339e-05
7.1500000000e+02	2.7450431737e-02	-2.9750250095e-02	8.0000953610e-05	3.7612976974e-05
7.1600000000e+02	2.7488045252e-02	-2.9830277339e-02	8.0053523172e-05	3.7614054122e-05
7.1700000000e+02	2.7525659843e-02	-2.9910357117e-02	8.0106020865e-05	3.7615126810e-05
7.1800000000e+02	2.7563275505e-02	-2.9990489357e-02	8.0158446882e-05	3.7616195062e-05
7.1900000000e+02	2.7600892232e-02	-3.0070673987e-02	8.0210801417e-05	3.7617258902e-05
7.2000000000e+02	2.7638510021e-02	-3.0150910936e-02	8.0263084662e-05	3.7618318355e-05
7.2100000000e+02	2.7676128867e-02	-3.0231200133e-02	8.0315296810e-05	3.7619373444e-05
7.2200000000e+02	2.7713748766e-02	-3.0311541506e-02	8.0367438050e-05	3.7620424193e-05
7.2300000000e+02	2.7751369714e-02	-3.0391934985e-02	8.0419508574e-05	3.7621470626e-05
7.2400000000e+02	2.7788991706e-02	-3.0472380500e-02	8.0471508572e-05	3.7622512767e-05
7.2500000000e+02	2.7826614738e-02	-3.0552877979e-02	8.0523438230e-05	3.7623550639e-05
7.2600000000e+02	2.7864238806e-02	-3.0633427353e-02	8.0575297739e-05	3.7624584265e-05
7.2700000000e+02	2.7901863905e-02	-3.0714028551e-02	8.0627087285e-05	3.7625613668e-05
7.2800000000e+02	2.7939490032e-02	-3.0794681504e-02	8.0678807055e-05	3.7626638872e-05
7.2900000000e+02	2.7977117182e-02	-3.0875386142e-02	8.0730457234e-05	3.7627659898e-05
7.3000000000e+02	2.8014745350e-02	-3.0956142395e-02	8.0782038008e-05	3.7628676771e-05
7.3100000000e+02	2.8052374534e-02	-3.1036950195e-02	8.0833549561e-05	3.7629689511e-05
7.3200000000e+02	2.8090004728e-02	-3.1117809471e-02	8.0884992076e-05	3.7630698141e-05
7.3300000000e+02	2.8127635929e-02	-3.1198720156e-02	8.0936365737e-05	3.7631702684e-05
7.3400000000e+02	2.8165268132e-02	-3.1279682180e-02	8.0987670725e-05	3.7632703161e-05
7.3500000000e+02	2.8202901334e-02	-3.1360695475e-02	8.1038907222e-05	3.7633699595e-05
7.3600000000e+02	2.8240535530e-02	-3.1441759972e-02	8.1090075410e-05	3.7634692007e-05
7.3700000000e+02	2.8278170716e-02	-3.1522875603e-02	8.1141175467e-05	3.7635680418e-05
7.3800000000e+02	2.8315806889e-02	-3.1604042300e-02	8.1192207574e-05	3.7636664851e-05
7.3900000000e+02	2.8353444045e-02	-3.1685259995e-02	8.1243171908e-05	3.7637645326e-05
7.4000000000e+02	2.8391082179e-02	-3.1766528621e-02	8.1294068649e-05	3.7638621864e-05
7.4100000000e+02	2.8428721287e-02	-3.1847848110e-02	8.1344897972e-05	3.7639594487e-05
7.4200000000e+02	2.8466361366e-02	-3.1929218395e-02	8.1395660056e-05	3.7640563215e-05
7.4300000000e+02	2.8504002412e-02	-3.2010639408e-02	8.1446355074e-05	3.7641528069e-05
7.4400000000e+02	2.8541644421e-02	-3.2092111083e-02	8.1496983204e-05	3.7642489069e-05
7.4500000000e+02	2.8579287389e-02	-3.2173633352e-02	8.1547544619e-05	3.7643446237e-05
7.4600000000e+02	2.8616931312e-02	-3.2255206150e-02	8.1598039494e-05	3.7644399592e-05
7.4700000000e+02	2.8654576187e-02	-3.2336829409e-02	8.1648468000e-05	3.7645349155e-05
7.4800000000e+02	2.8692222010e-02	-3.2418503064e-02	8.1698830312e-05	3.7646294945e-05
7.4900000000e+02	2.8729868776e-02	-3.2500227048e-02	8.1749126600e-05	3.7647236983e-05
7.5000000000e+02	2.8767516482e-02	-3.2582001295e-02	8.1799357036e-05	3.7648175288e-05
7.5100000000e+02	2.8805165125e-02	-3.2663825740e-02	8.1849521791e-05	3.7649109880e-05
7.5200000000e+02	2.8842814701e-02	-3.2745700317e-02	8.1899621034e-05	3.7650040778e-05
7.5300000000e+02	2.8880465205e-02	-3.2827624960e-02	8.1949654934e-05	3.7650968003e-05
7.5400000000e+02	2.8918116636e-02	-3.2909599605e-02	8.1999623661e-05	3.7651891572e-05
7.5500000000e+02	2.8955768987e-02	-3.2991624186e-02	8.2049527382e-05	3.7652811506e-05
7.5600000000e+02	2.8993422257e-02	-3.3073698638e-02	8.2099366264e-05	3.7653727823e-05
7.5700000000e+02	2.9031076442e-02	-3.3155822897e-02	8.2149140474e-05	3.7654640542e-05
7.5800000000e+02	2.9068731537e-02	-3.3237996897e-02	8.2198850178e-05	3.7655549682e-05
7.5900000000e+02	2.9106387540e-02	-3.3320220576e-02	8.2248495541e-05	3.7656455262e-05
7.6000000000e+02	2.9144044447e-02	-3.3402493867e-02	8.2298076729e-05	3.7657357299e-05
7.6100000000e+02	2.9181702253e-02	-3.3484816708e-02	8.2347593904e-05	3.7658255814e-05
7.6200000000e+02	2.9219360957e-02	-3.3567189034e-02	8.2397047232e-05	3.7659150823e-05
7.6300000000e+02	2.9257020554e-02	-3.3649610781e-02	8.2446436874e-05	3.7660042345e-05
7.6400000000e+02	2.9294681041e-02	-3.3732081886e-02	8.2495762993e-05	3.7660930398e-05
7.6500000000e+02	2.9332342414e-02	-3.3814602286e-02	8.2545025751e-05	3.7661815000e-05
7.6600000000e+02	2.9370004669e-02	-3.3897171917e-02	8.2594225308e-05	3.7662696169e-05
7.6700000000e+02	2.9407667805e-02	-3.3979790715e-02	8.2643361826e-05	3.7663573922e-05
7.6800000000e+02	2.9445331816e-02	-3.4062458619e-02	8.2692435463e-05	3.7664448278e-05
7.6900000000e+02	2.9482996700e-02	-3.4145175565e-02	8.2741446379e-05	3.7665319253e-05
7.7000000000e+02	2.9520662454e-02	-3.4227941491e-02	8.2790394733e-05	3.7666186865e-05
7.7100000000e+02	2.9558329073e-02	-3.4310756334e-02	8.2839280683e-05	3.7667051131e-05
7.7200000000e+02	2.9595996555e-02	-3.4393620032e-02	8.2888104387e-05	3.7667912068e-05
7.7300000000e+02	2.9633664896e-02	-3.4476532522e-02	8.2936866000e-05	3.7668769694e-05
7.7400000000e+02	2.9671334093e-02	-3.4559493743e-02	8.2985565680e-05	3.7669624025e-05
7.7500000000e+02	2.9709004143e-02	-3.4642503633e-02	8.3034203582e-05	3.7670475079e-05
7.7600000000e+02	2.9746675042e-02	-3.4725562130e-02	8.3082779861e-05	3.7671322871e-05
7.7700000000e+02	2.9784346787e-02	-3.4808669172e-02	8.3131294671e-05	3.7672167418e-05
7.7800000000e+02	2.9822019376e-02	-3.4891824699e-02	8.3179748168e-05	3.7673008738e-05
7.7900000000e+02	2.9859692804e-02	-3.4975028648e-02	8.3228140503e-05	3.7673846846e-05
7.8000000000e+02	2.9897367068e-02	-3.5058280959e-02	8.3276471831e-05	3.7674681758e-05
7.8100000000e+02	2.9935042166e-02	-3.5141581571e-02	8.3324742302e-05	3.7675513491e-05
7.8200000000e+02	2.9972718094e-02	-3.5224930424e-02	8.3372952069e-05	3.7676342061e-05
7.8300000000e+02	3.0010394849e-02	-3.5308327455e-02	8.3421101283e-05	3.7677167484e-05
7.8400000000e+02	3.0048072428e-02	-3.5391772606e-02	8.3469190095e-05	3.7677989776e-05
7.8500000000e+02	3.0085750828e-02	-3.5475265816e-02	8.3517218654e-05	3.7678808952e-05
7.8600000000e+02	3.0123430045e-02	-3.5558807023e-02	8.3565187110e-05	3.7679625029e-05
7.8700000000e+02	3.0161110077e-02	-3.5642396170e-02	8.3613095612e-05	3.7680438021e-05
7.8800000000e+02	3.0198790920e-02	-3.5726033195e-02	8.3660944308e-05	3.7681247945e-05
7.8900000000e+02	3.0236472572e-02	-3.5809718039e-02	8.3708733346e-05	3.7682054816e-05
7.9000000000e+02	3.0274155029e-02	-3.5893450642e-02	8.3756462874e-05	3.7682858648e-05
7.9100000000e+02	3.0311838288e-02	-3.5977230944e-02	8.3804133037e-05	3.7683659458e-05
7.9200000000e+02	3.0349522347e-02	-3.6061058888e-02	8.3851743983e-05	3.7684457260e-05
7.9300000000e+02	3.0387207202e-02	-3.6144934413e-02	8.3899295857e-05	3.7685252069e-05
7.9400000000e+02	3.0424892850e-02	-3.6228857460e-02	8.3946788803e-05	3.7686043901e-05
7.9500000000e+02	3.0462579288e-02	-3.6312827971e-02	8.3994222968e-05	3.7686832770e-05
7.9600000000e+02	3.0500266514e-02	-3.6396845886e-02	8.4041598493e-05	3.7687618690e-05
7.9700000000e+02	3.0537954525e-02	-3.6480911148e-02	8.4088915525e-05	3.7688401677e-05
7.9800000000e+02	3.0575643317e-02	-3.6565023698e-02	8.4136174204e-05	3.7689181745e-05
7.9900000000e+02	3.0613332887e-02	-3.6649183477e-02	8.4183374674e-05	3.7689958908e-05
8.0000000000e+02	3.0651023234e-02	-3.6733390428e-02	8.4230517077e-05	3.7690733182e-05
8.0100000000e+02	3.0688714353e-02	-3.6817644492e-02	8.4277601554e-05	3.7691504579e-05
8.0200000000e+02	3.0726406242e-02	-3.6901945612e-02	8.4324628247e-05	3.7692273115e-05
8.0300000000e+02	3.0764098898e-02	-3.6986293729e-02	8.4371597294e-05	3.7693038803e-05
8.0400000000e+02	3.0801792319e-02	-3.7070688787e-02	8.4418508838e-05	3.7693801658e-05
8.0500000000e+02	3.0839486500e-02	-3.7155130728e-02	8.4465363017e-05	3.7694561693e-05
8.0600000000e+02	3.0877181441e-02	-3.7239619494e-02	8.4512159969e-05	3.7695318922e-05
8.0700000000e+02	3.0914877137e-02	-3.7324155029e-02	8.4558899834e-05	3.7696073360e-05
8.0800000000e+02	3.0952573587e-02	-3.7408737275e-02	8.4605582750e-05	3.7696825019e-05
8.0900000000e+02	3.0990270786e-02	-3.7493366175e-02	8.4652208853e-05	3.7697573913e-05
8.1000000000e+02	3.1027968734e-02	-3.7578041674e-02	8.4698778281e-05	3.7698320056e-05
8.1100000000e+02	3.1065667426e-02	-3.7662763713e-02	8.4745291170e-05	3.7699063462e-05
8.1200000000e+02	3.1103366860e-02	-3.7747532237e-02	8.4791747656e-05	3.7699804143e-05
8.1300000000e+02	3.1141067033e-02	-3.7832347190e-02	8.4838147875e-05	3.7700542113e-05
8.1400000000e+02	3.1178767943e-02	-3.7917208514e-02	8.4884491962e-05	3.7701277385e-05
8.1500000000e+02	3.1216469587e-02	-3.8002116155e-02	8.4930780051e-05	3.7702009972e-05
8.1600000000e+02	3.1254171962e-02	-3.8087070056e-02	8.4977012277e-05	3.7702739887e-05
8.1700000000e+02	3.1291875066e-02	-3.8172070161e-02	8.5023188772e-05	3.7703467144e-05
8.1800000000e+02	3.1329578895e-02	-3.8257116415e-02	8.5069309670e-05	3.7704191755e-05
8.1900000000e+02	3.1367283448e-02	-3.8342208762e-02	8.5115375104e-05	3.7704913732e-05
8.2000000000e+02	3.1404988722e-02	-3.8427347147e-02	8.5161385206e-05	3.7705633089e-05
8.2100000000e+02	3.1442694714e-02	-3.8512531514e-02	8.5207340107e-05	3.7706349838e-05
8.2200000000e+02	3.1480401421e-02	-3.8597761808e-02	8.5253239938e-05	3.7707063992e-05
8.2300000000e+02	3.1518108841e-02	-3.8683037975e-02	8.5299084831e-05	3.7707775563e-05
8.2400000000e+02	3.1555816971e-02	-3.8768359960e-02	8.5344874916e-05	3.7708484564e-05
8.2500000000e+02	3.1593525809e-02	-3.8853727707e-02	8.5390610323e-05	3.7709191007e-05
8.2600000000e+02	3.1631235352e-02	-3.8939141162e-02	8.5436291180e-05	3.7709894904e-05
8.2700000000e+02	3.1668945598e-02	-3.9024600271e-02	8.5481917617e-05	3.7710596268e-05
8.2800000000e+02	3.1706656544e-02	-3.9110104979e-02	8.5527489763e-05	3.7711295110e-05
8.2900000000e+02	3.1744368188e-02	-3.9195655233e-02	8.5573007744e-05	3.7711991443e-05
8.3000000000e+02	3.1782080526e-02	-3.9281250977e-02	8.5618471690e-05	3.7712685278e-05
8.3100000000e+02	3.1819793557e-02	-3.9366892158e-02	8.5663881727e-05	3.7713376628e-05
8.3200000000e+02	3.1857507279e-02	-3.9452578722e-02	8.5709237982e-05	3.7714065505e-05
8.3300000000e+02	3.1895221687e-02	-3.9538310616e-02	8.5754540581e-05	3.7714751919e-05
8.3400000000e+02	3.1932936782e-02	-3.9624087786e-02	8.5799789649e-05	3.7715435883e-05
8.3500000000e+02	3.1970652558e-02	-3.9709910178e-02	8.5844985313e-05	3.7716117409e-05
8.3600000000e+02	3.2008369016e-02	-3.9795777739e-02	8.5890127696e-05	3.7716796508e-05
8.3700000000e+02	3.2046086151e-02	-3.9881690415e-02	8.5935216925e-05	3.7717473191e-05
8.3800000000e+02	3.2083803961e-02	-3.9967648155e-02	8.5980253122e-05	3.7718147470e-05
8.3900000000e+02	3.2121522445e-02	-4.0053650904e-02	8.6025236411e-05	3.7718819357e-05
8.4000000000e+02	3.2159241599e-02	-4.0139698610e-02	8.6070166915e-05	3.7719488862e-05
8.4100000000e+02	3.2196961422e-02	-4.0225791220e-02	8.6115044758e-05	3.7720155997e-05
8.4200000000e+02	3.2234681910e-02	-4.0311928682e-02	8.6159870062e-05	3.7720820772e-05
8.4300000000e+02	3.2272403062e-02	-4.0398110943e-02	8.6204642948e-05	3.7721483200e-05
8.4400000000e+02	3.2310124876e-02	-4.0484337950e-02	8.6249363538e-05	3.7722143291e-05
8.4500000000e+02	3.2347847348e-02	-4.0570609653e-02	8.6294031954e-05	3.7722801056e-05
8.4600000000e+02	3.2385570477e-02	-4.0656925997e-02	8.6338648315e-05	3.7723456506e-05
8.4700000000e+02	3.2423294260e-02	-4.0743286932e-02	8.6383212742e-05	3.7724109651e-05
8.4800000000e+02	3.2461018696e-02	-4.0829692405e-02	8.6427725355e-05	3.7724760503e-05
8.4900000000e+02	3.2498743781e-02	-4.0916142365e-02	8.6472186273e-05	3.7725409072e-05
8.5000000000e+02	3.2536469513e-02	-4.1002636761e-02	8.6516595616e-05	3.7726055369e-05
8.5100000000e+02	3.2574195891e-02	-4.1089175539e-02	8.6560953502e-05	3.7726699405e-05
8.5200000000e+02	3.2611922911e-02	-4.1175758650e-02	8.6605260049e-05	3.7727341189e-05
8.5300000000e+02	3.2649650572e-02	-4.1262386042e-02	8.6649515375e-05	3.7727980733e-05
8.5400000000e+02	3.2687378872e-02	-4.1349057664e-02	8.6693719597e-05	3.7728618047e-05
8.5500000000e+02	3.2725107808e-02	-4.1435773465e-02	8.6737872833e-05	3.7729253141e-05
8.5600000000e+02	3.2762837377e-02	-4.1522533393e-02	8.6781975199e-05	3.7729886026e-05
8.5700000000e+02	3.2800567579e-02	-4.1609337398e-02	8.6826026811e-05	3.7730516711e-05
8.5800000000e+02	3.2838298410e-02	-4.1696185430e-02	8.6870027785e-05	3.7731145206e-05
8.5900000000e+02	3.2876029869e-02	-4.1783077437e-02	8.6913978237e-05	3.7731771523e-05
8.6000000000e+02	3.2913761952e-02	-4.1870013369e-02	8.6957878281e-05	3.7732395671e-05
8.6100000000e+02	3.2951494659e-02	-4.1956993177e-02	8.7001728032e-05	3.7733017660e-05
8.6200000000e+02	3.2989227987e-02	-4.2044016809e-02	8.7045527605e-05	3.7733637500e-05
8.6300000000e+02	3.3026961934e-02	-4.2131084215e-02	8.7089277113e-05	3.7734255200e-05
8.6400000000e+02	3.3064696497e-02	-4.2218195346e-02	8.7132976670e-05	3.7734870771e-05
8.6500000000e+02	3.3102431674e-02	-4.2305350152e-02	8.7176626389e-05	3.7735484222e-05
8.6600000000e+02	3.3140167465e-02	-4.2392548582e-02	8.7220226382e-05	3.7736095564e-05
8.6700000000e+02	3.3177903865e-02	-4.2479790588e-02	8.7263776762e-05	3.7736704805e-05
8.6800000000e+02	3.3215640873e-02	-4.2567076119e-02	8.7307277642e-05	3.7737311955e-05
8.6900000000e+02	3.3253378488e-02	-4.2654405127e-02	8.7350729131e-05	3.7737917024e-05
8.7000000000e+02	3.3291116707e-02	-4.2741777561e-02	8.7394131343e-05	3.7738520022e-05
8.7100000000e+02	3.3328855527e-02	-4.2829193373e-02	8.7437484387e-05	3.7739120957e-05
8.7200000000e+02	3.3366594948e-02	-4.2916652514e-02	8.7480788374e-05	3.7739719840e-05
8.7300000000e+02	3.3404334966e-02	-4.3004154934e-02	8.7524043414e-05	3.7740316679e-05
8.7400000000e+02	3.3442075581e-02	-4.3091700584e-02	8.7567249617e-05	3.7740911483e-05
8.7500000000e+02	3.3479816789e-02	-4.3179289417e-02	8.7610407092e-05	3.7741504263e-05
8.7600000000e+02	3.3517558589e-02	-4.3266921382e-02	8.7653515948e-05	3.7742095026e-05
8.7700000000e+02	3.3555300978e-02	-4.3354596432e-02	8.7696576295e-05	3.7742683783e-05
8.7800000000e+02	3.3593043955e-02	-4.3442314519e-02	8.7739588239e-05	3.7743270542e-05
8.7900000000e+02	3.3630787519e-02	-4.3530075593e-02	8.7782551890e-05	3.7743855313e-05
8.8000000000e+02	3.3668531665e-02	-4.3617879606e-02	8.7825467354e-05	3.7744438104e-05
8.8100000000e+02	3.3706276394e-02	-4.3705726511e-02	8.7868334740e-05	3.7745018923e-05
8.8200000000e+02	3.3744021703e-02	-4.3793616260e-02	8.7911154152e-05	3.7745597781e-05
8.8300000000e+02	3.3781767589e-02	-4.3881548804e-02	8.7953925700e-05	3.7746174686e-05
8.8400000000e+02	3.3819514051e-02	-4.3969524095e-02	8.7996649487e-05	3.7746749647e-05
8.8500000000e+02	3.3857261088e-02	-4.4057542087e-02	8.8039325621e-05	3.7747322671e-05
8.8600000000e+02	3.3895008696e-02	-4.4145602731e-02	8.8081954206e-05	3.7747893769e-05
8.8700000000e+02	3.3932756875e-02	-4.4233705979e-02	8.8124535348e-05	3.7748462948e-05
8.8800000000e+02	3.3970505621e-02	-4.4321851786e-02	8.8167069152e-05	3.7749030218e-05
8.8900000000e+02	3.4008254934e-02	-4.4410040102e-02	8.8209555721e-05	3.7749595586e-05
8.9000000000e+02	3.4046004812e-02	-4.4498270881e-02	8.8251995161e-05	3.7750159061e-05
8.9100000000e+02	3.4083755252e-02	-4.4586544077e-02	8.8294387574e-05	3.7750720652e-05
8.9200000000e+02	3.4121506253e-02	-4.4674859641e-02	8.8336733064e-05	3.7751280367e-05
8.9300000000e+02	3.4159257812e-02	-4.4763217527e-02	8.8379031735e-05	3.7751838215e-05
8.9400000000e+02	3.4197009928e-02	-4.4851617689e-02	8.8421283688e-05	3.7752394203e-05
8.9500000000e+02	3.4234762600e-02	-4.4940060079e-02	8.8463489027e-05	3.7752948339e-05
8.9600000000e+02	3.4272515824e-02	-4.5028544651e-02	8.8505647852e-05	3.7753500633e-05
8.9700000000e+02	3.4310269600e-02	-4.5117071359e-02	8.8547760267e-05	3.7754051092e-05
8.9800000000e+02	3.4348023926e-02	-4.5205640156e-02	8.8589826372e-05	3.7754599724e-05
8.9900000000e+02	3.4385778799e-02	-4.5294250997e-02	8.8631846269e-05	3.7755146538e-05
9.0000000000e+02	3.4423534218e-02	-4.5382903834e-02	8.8673820058e-05	3.7755691541e-05
9.0100000000e+02	3.4461290182e-02	-4.5471598621e-02	8.8715747839e-05	3.7756234741e-05
9.0200000000e+02	3.4499046687e-02	-4.5560335314e-02	8.8757629713e-05	3.7756776147e-05
9.0300000000e+02	3.4536803733e-02	-4.5649113866e-02	8.8799465780e-05	3.7757315766e-05
9.0400000000e+02	3.4574561318e-02	-4.5737934230e-02	8.8841256138e-05	3.7757853605e-05
9.0500000000e+02	3.4612319440e-02	-4.5826796363e-02	8.8883000887e-05	3.7758389674e-05
9.0600000000e+02	3.4650078097e-02	-4.5915700217e-02	8.8924700126e-05	3.7758923979e-05
9.0700000000e+02	3.4687837287e-02	-4.6004645748e-02	8.8966353953e-05	3.7759456529e-05
9.0800000000e+02	3.4725597009e-02	-4.6093632910e-02	8.9007962466e-05	3.7759987330e-05
9.0900000000e+02	3.4763357261e-02	-4.6182661658e-02	8.9049525764e-05	3.7760516391e-05
9.1000000000e+02	3.4801118042e-02	-4.6271731946e-02	8.9091043943e-05	3.7761043719e-05
9.1100000000e+02	3.4838879348e-02	-4.6360843730e-02	8.9132517101e-05	3.7761569322e-05
9.1200000000e+02	3.4876641180e-02	-4.6449996965e-02	8.9173945335e-05	3.7762093207e-05
9.1300000000e+02	3.4914403534e-02	-4.6539191606e-02	8.9215328741e-05	3.7762615382e-05
9.1400000000e+02	3.4952166410e-02	-4.6628427608e-02	8.9256667416e-05	3.7763135853e-05
9.1500000000e+02	3.4989929805e-02	-4.6717704926e-02	8.9297961455e-05	3.7763654630e-05
9.1600000000e+02	3.5027693719e-02	-4.6807023516e-02	8.9339210955e-05	3.7764171718e-05
9.1700000000e+02	3.5065458148e-02	-4.6896383333e-02	8.9380416010e-05	3.7764687125e-05
9.1800000000e+02	3.5103223092e-02	-4.6985784333e-02	8.9421576716e-05	3.7765200859e-05
9.1900000000e+02	3.5140988549e-02	-4.7075226472e-02	8.9462693168e-05	3.7765712927e-05
9.2000000000e+02	3.5178754518e-02	-4.7164709705e-02	8.9503765459e-05	3.7766223335e-05
9.2100000000e+02	3.5216520996e-02	-4.7254233988e-02	8.9544793685e-05	3.7766732091e-05
9.2200000000e+02	3.5254287981e-02	-4.7343799278e-02	8.9585777938e-05	3.7767239202e-05
9.2300000000e+02	3.5292055473e-02	-4.7433405529e-02	8.9626718313e-05	3.7767744676e-05
9.2400000000e+02	3.5329823470e-02	-4.7523052700e-02	8.9667614902e-05	3.7768248518e-05
9.2500000000e+02	3.5367591970e-02	-4.7612740745e-02	8.9708467799e-05	3.7768750737e-05
9.2600000000e+02	3.5405360971e-02	-4.7702469621e-02	8.9749277097e-05	3.7769251339e-05
9.2700000000e+02	3.5443130472e-02	-4.7792239284e-02	8.9790042887e-05	3.7769750331e-05
9.2800000000e+02	3.5480900471e-02	-4.7882049692e-02	8.9830765262e-05	3.7770247721e-05
9.2900000000e+02	3.5518670967e-02	-4.7971900800e-02	8.9871444314e-05	3.7770743513e-05
9.3000000000e+02	3.5556441958e-02	-4.8061792566e-02	8.9912080133e-05	3.7771237717e-05
9.3100000000e+02	3.5594213442e-02	-4.8151724946e-02	8.9952672812e-05	3.7771730338e-05
9.3200000000e+02	3.5631985418e-02	-4.8241697898e-02	8.9993222441e-05	3.7772221383e-05
9.3300000000e+02	3.5669757884e-02	-4.8331711377e-02	9.0033729111e-05	3.7772710859e-05
9.3400000000e+02	3.5707530839e-02	-4.8421765341e-02	9.0074192913e-05	3.7773198772e-05
9.3500000000e+02	3.5745304281e-02	-4.8511859748e-02	9.0114613935e-05	3.7773685130e-05
9.3600000000e+02	3.5783078209e-02	-4.8601994555e-02	9.0154992269e-05	3.7774169938e-05
9.3700000000e+02	3.5820852620e-02	-4.8692169719e-02	9.0195328003e-05	3.7774653204e-05
9.3800000000e+02	3.5858627515e-02	-4.8782385197e-02	9.0235621228e-05	3.7775134934e-05
9.3900000000e+02	3.5896402890e-02	-4.8872640947e-02	9.0275872031e-05	3.7775615134e-05
9.4000000000e+02	3.5934178744e-02	-4.8962936927e-02	9.0316080501e-05	3.7776093810e-05
9.4100000000e+02	3.5971955077e-02	-4.9053273094e-02	9.0356246728e-05	3.7776570970e-05
9.4200000000e+02	3.6009731886e-02	-4.9143649406e-02	9.0396370798e-05	3.7777046620e-05
9.4300000000e+02	3.6047509170e-02	-4.9234065822e-02	9.0436452801e-05	3.7777520765e-05
9.4400000000e+02	3.6085286927e-02	-4.9324522298e-02	9.0476492823e-05	3.7777993413e-05
9.4500000000e+02	3.6123065156e-02	-4.9415018793e-02	9.0516490952e-05	3.7778464569e-05
9.4600000000e+02	3.6160843856e-02	-4.9505555266e-02	9.0556447274e-05	3.7778934241e-05
9.4700000000e+02	3.6198623024e-02	-4.9596131674e-02	9.0596361877e-05	3.7779402433e-05
9.4800000000e+02	3.6236402660e-02	-4.9686747976e-02	9.0636234848e-05	3.7779869153e-05
9.4900000000e+02	3.6274182762e-02	-4.9777404130e-02	9.0676066271e-05	3.7780334406e-05
9.5000000000e+02	3.6311963328e-02	-4.9868100094e-02	9.0715856234e-05	3.7780798198e-05
9.5100000000e+02	3.6349744358e-02	-4.9958835828e-02	9.0755604822e-05	3.7781260536e-05
9.5200000000e+02	3.6387525849e-02	-5.0049611290e-02	9.0795312121e-05	3.7781721426e-05
9.5300000000e+02	3.6425307800e-02	-5.0140426439e-02	9.0834978215e-05	3.7782180874e-05
9.5400000000e+02	3.6463090210e-02	-5.0231281233e-02	9.0874603190e-05	3.7782638886e-05
9.5500000000e+02	3.6500873077e-02	-5.0322175632e-02	9.0914187130e-05	3.7783095467e-05
9.5600000000e+02	3.6538656401e-02	-5.0413109594e-02	9.0953730119e-05	3.7783550624e-05
9.5700000000e+02	3.6576440178e-02	-5.0504083078e-02	9.0993232243e-05	3.7784004363e-05
9.5800000000e+02	3.6614224409e-02	-5.0595096045e-02	9.1032693584e-05	3.7784456689e-05
9.5900000000e+02	3.6652009091e-02	-5.0686148452e-02	9.1072114226e-05	3.7784907608e-05
9.6000000000e+02	3.6689794224e-02	-5.0777240259e-02	9.1111494253e-05	3.7785357126e-05
9.6100000000e+02	3.6727579805e-02	-5.0868371427e-02	9.1150833748e-05	3.7785805250e-05
9.6200000000e+02	3.6765365834e-02	-5.0959541913e-02	9.1190132793e-05	3.7786251984e-05
9.6300000000e+02	3.6803152308e-02	-5.1050751679e-02	9.1229391472e-05	3.7786697334e-05
9.6400000000e+02	3.6840939228e-02	-5.1142000683e-02	9.1268609866e-05	3.7787141307e-05
9.6500000000e+02	3.6878726591e-02	-5.1233288885e-02	9.1307788058e-05	3.7787583907e-05
9.6600000000e+02	3.6916514395e-02	-5.1324616246e-02	9.1346926129e-05	3.7788025141e-05
9.6700000000e+02	3.6954302640e-02	-5.1415982724e-02	9.1386024162e-05	3.7788465014e-05
9.6800000000e+02	3.6992091325e-02	-5.1507388281e-02	9.1425082237e-05	3.7788903532e-05
9.6900000000e+02	3.7029880447e-02	-5.1598832875e-02	9.1464100436e-05	3.7789340699e-05
9.7000000000e+02	3.7067670006e-02	-5.1690316468e-02	9.1503078839e-05	3.7789776523e-05
9.7100000000e+02	3.7105460000e-02	-5.1781839020e-02	9.1542017528e-05	3.7790211007e-05
9.7200000000e+02	3.7143250427e-02	-5.1873400490e-02	9.1580916582e-05	3.7790644159e-05
9.7300000000e+02	3.7181041287e-02	-5.1965000840e-02	9.1619776081e-05	3.7791075982e-05
9.7400000000e+02	3.7218832579e-02	-5.2056640029e-02	9.1658596107e-05	3.7791506483e-05
9.7500000000e+02	3.7256624300e-02	-5.2148318019e-02	9.1697376737e-05	3.7791935667e-05
9.7600000000e+02	3.7294416450e-02	-5.2240034770e-02	9.1736118053e-05	3.7792363539e-05
9.7700000000e+02	3.7332209027e-02	-5.2331790242e-02	9.1774820132e-05	3.7792790105e-05
9.7800000000e+02	3.7370002029e-02	-5.2423584397e-02	9.1813483053e-05	3.7793215369e-05
9.7900000000e+02	3.7407795457e-02	-5.2515417195e-02	9.1852106897e-05	3.7793639338e-05
9.8000000000e+02	3.7445589308e-02	-5.2607288598e-02	9.1890691740e-05	3.7794062016e-05
9.8100000000e+02	3.7483383580e-02	-5.2699198566e-02	9.1929237662e-05	3.7794483409e-05
9.8200000000e+02	3.7521178274e-02	-5.2791147060e-02	9.1967744739e-05	3.7794903522e-05
9.8300000000e+02	3.7558973387e-02	-5.2883134042e-02	9.2006213051e-05	3.7795322360e-05
9.8400000000e+02	3.7596768918e-02	-5.2975159473e-02	9.2044642674e-05	3.7795739928e-05
9.8500000000e+02	3.7634564867e-02	-5.3067223315e-02	9.2083033686e-05	3.7796156232e-05
9.8600000000e+02	3.7672361230e-02	-5.3159325528e-02	9.2121386164e-05	3.7796571276e-05
9.8700000000e+02	3.7710158009e-02	-5.3251466074e-02	9.2159700185e-05	3.7796985065e-05
9.8800000000e+02	3.7747955200e-02	-5.3343644915e-02	9.2197975825e-05	3.7797397605e-05
9.8900000000e+02	3.7785752803e-02	-5.3435862013e-02	9.2236213161e-05	3.7797808900e-05
9.9000000000e+02	3.7823550818e-02	-5.3528117329e-02	9.2274412269e-05	3.7798218956e-05
9.9100000000e+02	3.7861349241e-02	-5.3620410825e-02	9.2312573225e-05	3.7798627778e-05
9.9200000000e+02	3.7899148073e-02	-5.3712742463e-02	9.2350696104e-05	3.7799035370e-05
9.9300000000e+02	3.7936947311e-02	-5.3805112204e-02	9.2388780983e-05	3.7799441737e-05
9.9400000000e+02	3.7974746956e-02	-5.3897520012e-02	9.2426827935e-05	3.7799846884e-05
9.9500000000e+02	3.8012547005e-02	-5.3989965848e-02	9.2464837037e-05	3.7800250817e-05
9.9600000000e+02	3.8050347457e-02	-5.4082449673e-02	9.2502808364e-05	3.7800653540e-05
9.9700000000e+02	3.8088148311e-02	-5.4174971452e-02	9.2540741989e-05	3.7801055057e-05
9.9800000000e+02	3.8125949567e-02	-5.4267531145e-02	9.2578637987e-05	3.7801455374e-05
9.9900000000e+02	3.8163751222e-02	-5.4360128715e-02	9.2616496433e-05	3.7801854496e-05
