# total modes from dos = 5.9999822725e+00
# ZPE = 4.0246823107e-03 Ry/cell
# Multiply by 13.6058 to have energies in eV/cell etc..
# Multiply by 13.6058 x 23060.35 = 313 754.5 to have energies in cal/(N mol).
# Multiply by 13.6058 x 96526.0 = 1 313 313 to have energies in J/(N mol).
# N is the number of formula units per cell.
#
# T (K) 	Evib (Ry/cell)	Fvib (Ry/cell)	Svib (Ry/cell/K)	Cvib (Ry/cell/K)
1.0000000000e+00	4.0246823283e-03	4.0246822333e-03	9.4933092304e-11	5.1928958504e-11
2.0000000000e+00	4.0246824860e-03	4.0246820977e-03	1.9415275485e-10	3.1634291303e-10
3.0000000000e+00	4.0246831020e-03	4.0246817979e-03	4.3468297331e-10	1.0039230883e-09
4.0000000000e+00	4.0246847059e-03	4.0246811577e-03	8.8704326524e-10	2.3277736718e-09
5.0000000000e+00	4.0246880418e-03	4.0246799295e-03	1.6224539590e-09	4.5045764461e-09
6.0000000000e+00	4.0246940736e-03	4.0246777943e-03	2.7132068969e-09	7.7574996821e-09
7.0000000000e+00	4.0247039937e-03	4.0246743600e-03	4.2333872446e-09	1.2321956255e-08
8.0000000000e+00	4.0247192409e-03	4.0246691587e-03	6.2602748669e-09	1.8458353997e-08
9.0000000000e+00	4.0247415374e-03	4.0246616429e-03	8.8771694543e-09	2.6478981475e-08
1.0000000000e+01	4.0247729621e-03	4.0246511764e-03	1.2178561422e-08	3.6794427321e-08
1.1000000000e+01	4.0248160791e-03	4.0246370201e-03	1.6278094678e-08	4.9975854578e-08
1.2000000000e+01	4.0248741310e-03	4.0246183070e-03	2.1318664374e-08	6.6818011690e-08
1.3000000000e+01	4.0249512863e-03	4.0245940087e-03	2.7482889280e-08	8.8383038851e-08
1.4000000000e+01	4.0250529150e-03	4.0245628903e-03	3.5001763830e-08	1.1601023229e-07
1.5000000000e+01	4.0251858547e-03	4.0245234594e-03	4.4159682734e-08	1.5128760596e-07
1.6000000000e+01	4.0253586310e-03	4.0244739124e-03	5.5294915613e-08	1.9599104669e-07
1.7000000000e+01	4.0255816060e-03	4.0244120816e-03	6.8795549812e-08	2.5200256582e-07
1.8000000000e+01	4.0258670391e-03	4.0243353898e-03	8.5091624616e-08	3.2122037244e-07
1.9000000000e+01	4.0262290595e-03	4.0242408130e-03	1.0464455682e-07	4.0547170098e-07
2.0000000000e+01	4.0266835559e-03	4.0241248549e-03	1.2793504706e-07	5.0643620508e-07
2.1000000000e+01	4.0272479960e-03	4.0239835345e-03	1.5545055149e-07	6.2558448582e-07
2.2000000000e+01	4.0279411949e-03	4.0238123846e-03	1.8767319693e-07	7.6413358855e-07
2.3000000000e+01	4.0287830454e-03	4.0236064635e-03	2.2506877827e-07	9.2301928971e-07
2.4000000000e+01	4.0297942297e-03	4.0233603757e-03	2.6807724894e-07	1.1028836822e-06
2.5000000000e+01	4.0309959251e-03	4.0230683021e-03	3.1710491998e-07	1.3040758297e-06
2.6000000000e+01	4.0324095159e-03	4.0227240367e-03	3.7251842933e-07	1.5266629544e-06
2.7000000000e+01	4.0340563202e-03	4.0223210286e-03	4.3464042998e-07	1.7704496099e-06
2.8000000000e+01	4.0359573395e-03	4.0218524272e-03	5.0374686864e-07	2.0350024685e-06
2.9000000000e+01	4.0381330349e-03	4.0213111302e-03	5.8006567959e-07	2.3196786366e-06
3.0000000000e+01	4.0406031321e-03	4.0206898313e-03	6.6377669492e-07	2.6236557399e-06
3.1000000000e+01	4.0433864575e-03	4.0199810680e-03	7.5501256555e-07	2.9459623615e-06
3.2000000000e+01	4.0465008041e-03	4.0191772683e-03	8.5386049359e-07	3.2855077352e-06
3.3000000000e+01	4.0499628260e-03	4.0182707945e-03	9.6036459012e-07	3.6411098872e-06
3.4000000000e+01	4.0537879609e-03	4.0172539854e-03	1.0745286911e-06	4.0115216674e-06
3.5000000000e+01	4.0579903765e-03	4.0161191945e-03	1.1963194852e-06	4.3954543214e-06
3.6000000000e+01	4.0625829400e-03	4.0148588262e-03	1.3256698279e-06	4.7915984210e-06
3.7000000000e+01	4.0675772064e-03	4.0134653672e-03	1.4624821391e-06	5.1986421042e-06
3.8000000000e+01	4.0729834242e-03	4.0119314159e-03	1.6066317984e-06	5.6152866724e-06
3.9000000000e+01	4.0788105555e-03	4.0102497071e-03	1.7579704714e-06	6.0402596670e-06
4.0000000000e+01	4.0850663074e-03	4.0084131347e-03	1.9163293167e-06	6.4723255925e-06
4.1000000000e+01	4.0917571737e-03	4.0064147703e-03	2.0815220341e-06	6.9102944874e-06
4.2000000000e+01	4.0988884841e-03	4.0042478795e-03	2.2533477284e-06	7.3530285568e-06
4.3000000000e+01	4.1064644583e-03	4.0019059347e-03	2.4315935721e-06	7.7994470865e-06
4.4000000000e+01	4.1144882656e-03	3.9993826263e-03	2.6160372572e-06	8.2485298546e-06
4.5000000000e+01	4.1229620862e-03	3.9966718707e-03	2.8064492329e-06	8.6993192485e-06
4.6000000000e+01	4.1318871743e-03	3.9937678166e-03	3.0025947318e-06	9.1509212789e-06
4.7000000000e+01	4.1412639222e-03	3.9906648495e-03	3.2042355899e-06	9.6025056708e-06
4.8000000000e+01	4.1510919233e-03	3.9873575937e-03	3.4111318684e-06	1.0053305192e-05
4.9000000000e+01	4.1613700351e-03	3.9838409140e-03	3.6230432878e-06	1.0502614363e-05
5.0000000000e+01	4.1720964395e-03	3.9801099152e-03	3.8397304859e-06	1.0949787675e-05
5.1000000000e+01	4.1832687020e-03	3.9761599403e-03	4.0609561124e-06	1.1394237429e-05
5.2000000000e+01	4.1948838284e-03	3.9719865683e-03	4.2864857717e-06	1.1835431292e-05
5.3000000000e+01	4.2069383189e-03	3.9675856110e-03	4.5160888280e-06	1.2272889648e-05
5.4000000000e+01	4.2194282188e-03	3.9629531083e-03	4.7495390834e-06	1.2706182819e-05
5.5000000000e+01	4.2323491681e-03	3.9580853242e-03	4.9866153432e-06	1.3134928213e-05
5.6000000000e+01	4.2456964461e-03	3.9529787409e-03	5.2271018774e-06	1.3558787446e-05
5.7000000000e+01	4.2594650148e-03	3.9476300537e-03	5.4707887910e-06	1.3977463471e-05
5.8000000000e+01	4.2736495587e-03	3.9420361646e-03	5.7174723129e-06	1.4390697761e-05
5.9000000000e+01	4.2882445218e-03	3.9361941761e-03	5.9669550117e-06	1.4798267558e-05
6.0000000000e+01	4.3032441421e-03	3.9301013852e-03	6.2190459484e-06	1.5199983207e-05
6.1000000000e+01	4.3186424835e-03	3.9237552763e-03	6.4735607731e-06	1.5595685599e-05
6.2000000000e+01	4.3344334649e-03	3.9171535150e-03	6.7303217730e-06	1.5985243726e-05
6.3000000000e+01	4.3506108875e-03	3.9102939411e-03	6.9891578787e-06	1.6368552354e-05
6.4000000000e+01	4.3671684590e-03	3.9031745624e-03	7.2499046340e-06	1.6745529822e-05
6.5000000000e+01	4.3840998165e-03	3.8957935477e-03	7.5124041352e-06	1.7116115970e-05
6.6000000000e+01	4.4013985468e-03	3.8881492205e-03	7.7765049441e-06	1.7480270184e-05
6.7000000000e+01	4.4190582051e-03	3.8802400525e-03	8.0420619791e-06	1.7837969580e-05
6.8000000000e+01	4.4370723319e-03	3.8720646574e-03	8.3089363887e-06	1.8189207292e-05
6.9000000000e+01	4.4554344681e-03	3.8636217849e-03	8.5769954095e-06	1.8533990896e-05
7.0000000000e+01	4.4741381690e-03	3.8549103141e-03	8.8461122131e-06	1.8872340928e-05
7.1000000000e+01	4.4931770161e-03	3.8459292483e-03	9.1161657435e-06	1.9204289529e-05
7.2000000000e+01	4.5125446283e-03	3.8366777089e-03	9.3870405473e-06	1.9529879182e-05
7.3000000000e+01	4.5322346719e-03	3.8271549302e-03	9.6586265994e-06	1.9849161547e-05
7.4000000000e+01	4.5522408688e-03	3.8173602536e-03	9.9308191246e-06	2.0162196398e-05
7.5000000000e+01	4.5725570044e-03	3.8072931230e-03	1.0203518419e-05	2.0469050635e-05
7.6000000000e+01	4.5931769342e-03	3.7969530795e-03	1.0476629667e-05	2.0769797385e-05
7.7000000000e+01	4.6140945895e-03	3.7863397565e-03	1.0750062767e-05	2.1064515177e-05
7.8000000000e+01	4.6353039826e-03	3.7754528753e-03	1.1023732145e-05	2.1353287193e-05
7.9000000000e+01	4.6567992110e-03	3.7642922405e-03	1.1297556588e-05	2.1636200575e-05
8.0000000000e+01	4.6785744610e-03	3.7528577361e-03	1.1571459061e-05	2.1913345803e-05
8.1000000000e+01	4.7006240109e-03	3.7411493208e-03	1.1845366545e-05	2.2184816130e-05
8.2000000000e+01	4.7229422334e-03	3.7291670245e-03	1.2119209866e-05	2.2450707062e-05
8.3000000000e+01	4.7455235977e-03	3.7169109443e-03	1.2392923534e-05	2.2711115893e-05
8.4000000000e+01	4.7683626707e-03	3.7043812413e-03	1.2666445588e-05	2.2966141287e-05
8.5000000000e+01	4.7914541190e-03	3.6915781366e-03	1.2939717440e-05	2.3215882896e-05
8.6000000000e+01	4.8147927087e-03	3.6785019083e-03	1.3212683725e-05	2.3460441018e-05
8.7000000000e+01	4.8383733067e-03	3.6651528884e-03	1.3485292164e-05	2.3699916293e-05
8.8000000000e+01	4.8621908806e-03	3.6515314597e-03	1.3757493418e-05	2.3934409429e-05
8.9000000000e+01	4.8862404984e-03	3.6376380529e-03	1.4029240961e-05	2.4164020952e-05
9.0000000000e+01	4.9105173287e-03	3.6234731437e-03	1.4300490944e-05	2.4388850997e-05
9.1000000000e+01	4.9350166397e-03	3.6090372506e-03	1.4571202078e-05	2.4608999109e-05
9.2000000000e+01	4.9597337992e-03	3.5943309321e-03	1.4841335511e-05	2.4824564073e-05
9.3000000000e+01	4.9846642728e-03	3.5793547844e-03	1.5110854714e-05	2.5035643766e-05
9.4000000000e+01	5.0098036239e-03	3.5641094389e-03	1.5379725372e-05	2.5242335026e-05
9.5000000000e+01	5.0351475120e-03	3.5485955606e-03	1.5647915278e-05	2.5444733535e-05
9.6000000000e+01	5.0606916915e-03	3.5328138454e-03	1.5915394231e-05	2.5642933723e-05
9.7000000000e+01	5.0864320110e-03	3.5167650185e-03	1.6182133943e-05	2.5837028682e-05
9.8000000000e+01	5.1123644111e-03	3.5004498327e-03	1.6448107942e-05	2.6027110093e-05
9.9000000000e+01	5.1384849234e-03	3.4838690662e-03	1.6713291488e-05	2.6213268167e-05
1.0000000000e+02	5.1647896692e-03	3.4670235210e-03	1.6977661482e-05	2.6395591595e-05
1.0100000000e+02	5.1912748575e-03	3.4499140216e-03	1.7241196395e-05	2.6574167505e-05
1.0200000000e+02	5.2179367836e-03	3.4325414132e-03	1.7503876180e-05	2.6749081432e-05
1.0300000000e+02	5.2447718277e-03	3.4149065605e-03	1.7765682206e-05	2.6920417291e-05
1.0400000000e+02	5.2717764529e-03	3.3970103458e-03	1.8026597183e-05	2.7088257360e-05
1.0500000000e+02	5.2989472040e-03	3.3788536685e-03	1.8286605100e-05	2.7252682268e-05
1.0600000000e+02	5.3262807054e-03	3.3604374429e-03	1.8545691155e-05	2.7413770991e-05
1.0700000000e+02	5.3537736597e-03	3.3417625980e-03	1.8803841698e-05	2.7571600844e-05
1.0800000000e+02	5.3814228460e-03	3.3228300756e-03	1.9061044171e-05	2.7726247492e-05
1.0900000000e+02	5.4092251183e-03	3.3036408296e-03	1.9317287053e-05	2.7877784949e-05
1.1000000000e+02	5.4371774037e-03	3.2841958249e-03	1.9572559807e-05	2.8026285592e-05
1.1100000000e+02	5.4652767008e-03	3.2644960365e-03	1.9826852832e-05	2.8171820175e-05
1.1200000000e+02	5.4935200784e-03	3.2445424487e-03	2.0080157408e-05	2.8314457841e-05
1.1300000000e+02	5.5219046734e-03	3.2243360538e-03	2.0332465660e-05	2.8454266142e-05
1.1400000000e+02	5.5504276896e-03	3.2038778519e-03	2.0583770506e-05	2.8591311058e-05
1.1500000000e+02	5.5790863959e-03	3.1831688494e-03	2.0834065622e-05	2.8725657020e-05
1.1600000000e+02	5.6078781250e-03	3.1622100591e-03	2.1083345396e-05	2.8857366931e-05
1.1700000000e+02	5.6368002716e-03	3.1410024987e-03	2.1331604896e-05	2.8986502192e-05
1.1800000000e+02	5.6658502911e-03	3.1195471908e-03	2.1578839833e-05	2.9113122725e-05
1.1900000000e+02	5.6950256983e-03	3.0978451618e-03	2.1825046525e-05	2.9237287001e-05
1.2000000000e+02	5.7243240654e-03	3.0758974415e-03	2.2070221866e-05	2.9359052067e-05
1.2100000000e+02	5.7537430212e-03	3.0537050627e-03	2.2314363294e-05	2.9478473573e-05
1.2200000000e+02	5.7832802495e-03	3.0312690603e-03	2.2557468764e-05	2.9595605797e-05
1.2300000000e+02	5.8129334874e-03	3.0085904710e-03	2.2799536718e-05	2.9710501677e-05
1.2400000000e+02	5.8427005246e-03	2.9856703330e-03	2.3040566061e-05	2.9823212837e-05
1.2500000000e+02	5.8725792016e-03	2.9625096853e-03	2.3280556130e-05	2.9933789618e-05
1.2600000000e+02	5.9025674087e-03	2.9391095673e-03	2.3519506678e-05	3.0042281100e-05
1.2700000000e+02	5.9326630847e-03	2.9154710184e-03	2.3757417844e-05	3.0148735137e-05
1.2800000000e+02	5.9628642154e-03	2.8915950779e-03	2.3994290137e-05	3.0253198383e-05
1.2900000000e+02	5.9931688330e-03	2.8674827842e-03	2.4230124410e-05	3.0355716318e-05
1.3000000000e+02	6.0235750144e-03	2.8431351747e-03	2.4464921844e-05	3.0456333277e-05
1.3100000000e+02	6.0540808803e-03	2.8185532856e-03	2.4698683929e-05	3.0555092479e-05
1.3200000000e+02	6.0846845942e-03	2.7937381514e-03	2.4931412446e-05	3.0652036050e-05
1.3300000000e+02	6.1153843609e-03	2.7686908046e-03	2.5163109446e-05	3.0747205055e-05
1.3400000000e+02	6.1461784261e-03	2.7434122755e-03	2.5393777243e-05	3.0840639519e-05
1.3500000000e+02	6.1770650748e-03	2.7179035923e-03	2.5623418389e-05	3.0932378457e-05
1.3600000000e+02	6.2080426306e-03	2.6921657801e-03	2.5852035665e-05	3.1022459896e-05
1.3700000000e+02	6.2391094545e-03	2.6661998613e-03	2.6079632067e-05	3.1110920904e-05
1.3800000000e+02	6.2702639443e-03	2.6400068552e-03	2.6306210791e-05	3.1197797611e-05
1.3900000000e+02	6.3015045333e-03	2.6135877778e-03	2.6531775220e-05	3.1283125235e-05
1.4000000000e+02	6.3328296898e-03	2.5869436416e-03	2.6756328916e-05	3.1366938104e-05
1.4100000000e+02	6.3642379158e-03	2.5600754556e-03	2.6979875604e-05	3.1449269681e-05
1.4200000000e+02	6.3957277463e-03	2.5329842248e-03	2.7202419166e-05	3.1530152586e-05
1.4300000000e+02	6.4272977487e-03	2.5056709503e-03	2.7423963625e-05	3.1609618618e-05
1.4400000000e+02	6.4589465216e-03	2.4781366292e-03	2.7644513142e-05	3.1687698774e-05
1.4500000000e+02	6.4906726944e-03	2.4503822543e-03	2.7864072001e-05	3.1764423276e-05
1.4600000000e+02	6.5224749261e-03	2.4224088139e-03	2.8082644604e-05	3.1839821585e-05
1.4700000000e+02	6.5543519050e-03	2.3942172923e-03	2.8300235461e-05	3.1913922426e-05
1.4800000000e+02	6.5863023478e-03	2.3658086687e-03	2.8516849183e-05	3.1986753806e-05
1.4900000000e+02	6.6183249986e-03	2.3371839181e-03	2.8732490473e-05	3.2058343032e-05
1.5000000000e+02	6.6504186287e-03	2.3083440103e-03	2.8947164122e-05	3.2128716732e-05
1.5100000000e+02	6.6825820356e-03	2.2792899108e-03	2.9160874999e-05	3.2197900871e-05
1.5200000000e+02	6.7148140424e-03	2.2500225796e-03	2.9373628044e-05	3.2265920769e-05
1.5300000000e+02	6.7471134973e-03	2.2205429723e-03	2.9585428268e-05	3.2332801121e-05
1.5400000000e+02	6.7794792728e-03	2.1908520390e-03	2.9796280739e-05	3.2398566010e-05
1.5500000000e+02	6.8119102653e-03	2.1609507250e-03	3.0006190582e-05	3.2463238926e-05
1.5600000000e+02	6.8444053943e-03	2.1308399703e-03	3.0215162974e-05	3.2526842781e-05
1.5700000000e+02	6.8769636020e-03	2.1005207098e-03	3.0423203135e-05	3.2589399924e-05
1.5800000000e+02	6.9095838525e-03	2.0699938730e-03	3.0630316326e-05	3.2650932157e-05
1.5900000000e+02	6.9422651317e-03	2.0392603844e-03	3.0836507845e-05	3.2711460751e-05
1.6000000000e+02	6.9750064464e-03	2.0083211628e-03	3.1041783022e-05	3.2771006456e-05
1.6100000000e+02	7.0078068238e-03	1.9771771220e-03	3.1246147216e-05	3.2829589521e-05
1.6200000000e+02	7.0406653111e-03	1.9458291702e-03	3.1449605808e-05	3.2887229700e-05
1.6300000000e+02	7.0735809753e-03	1.9142782104e-03	3.1652164202e-05	3.2943946274e-05
1.6400000000e+02	7.1065529021e-03	1.8825251401e-03	3.1853827817e-05	3.2999758057e-05
1.6500000000e+02	7.1395801959e-03	1.8505708513e-03	3.2054602089e-05	3.3054683409e-05
1.6600000000e+02	7.1726619794e-03	1.8184162305e-03	3.2254492463e-05	3.3108740253e-05
1.6700000000e+02	7.2057973928e-03	1.7860621591e-03	3.2453504393e-05	3.3161946081e-05
1.6800000000e+02	7.2389855936e-03	1.7535095128e-03	3.2651643338e-05	3.3214317969e-05
1.6900000000e+02	7.2722257563e-03	1.7207591616e-03	3.2848914761e-05	3.3265872587e-05
1.7000000000e+02	7.3055170718e-03	1.6878119706e-03	3.3045324125e-05	3.3316626210e-05
1.7100000000e+02	7.3388587470e-03	1.6546687989e-03	3.3240876889e-05	3.3366594729e-05
1.7200000000e+02	7.3722500047e-03	1.6213305005e-03	3.3435578513e-05	3.3415793658e-05
1.7300000000e+02	7.4056900829e-03	1.5877979238e-03	3.3629434445e-05	3.3464238150e-05
1.7400000000e+02	7.4391782345e-03	1.5540719117e-03	3.3822450131e-05	3.3511943000e-05
1.7500000000e+02	7.4727137271e-03	1.5201533018e-03	3.4014631002e-05	3.3558922659e-05
1.7600000000e+02	7.5062958428e-03	1.4860429262e-03	3.4205982481e-05	3.3605191243e-05
1.7700000000e+02	7.5399238772e-03	1.4517416115e-03	3.4396509976e-05	3.3650762537e-05
1.7800000000e+02	7.5735971399e-03	1.4172501791e-03	3.4586218881e-05	3.3695650010e-05
1.7900000000e+02	7.6073149537e-03	1.3825694448e-03	3.4775114575e-05	3.3739866820e-05
1.8000000000e+02	7.6410766543e-03	1.3477002192e-03	3.4963202417e-05	3.3783425821e-05
1.8100000000e+02	7.6748815902e-03	1.3126433075e-03	3.5150487750e-05	3.3826339574e-05
1.8200000000e+02	7.7087291224e-03	1.2773995094e-03	3.5336975896e-05	3.3868620352e-05
1.8300000000e+02	7.7426186239e-03	1.2419696197e-03	3.5522672155e-05	3.3910280149e-05
1.8400000000e+02	7.7765494797e-03	1.2063544273e-03	3.5707581806e-05	3.3951330687e-05
1.8500000000e+02	7.8105210861e-03	1.1705547165e-03	3.5891710106e-05	3.3991783423e-05
1.8600000000e+02	7.8445328510e-03	1.1345712658e-03	3.6075062286e-05	3.4031649554e-05
1.8700000000e+02	7.8785841933e-03	1.0984048489e-03	3.6257643553e-05	3.4070940028e-05
1.8800000000e+02	7.9126745427e-03	1.0620562340e-03	3.6439459089e-05	3.4109665545e-05
1.8900000000e+02	7.9468033395e-03	1.0255261842e-03	3.6620514049e-05	3.4147836569e-05
1.9000000000e+02	7.9809700344e-03	9.8881545769e-04	3.6800813562e-05	3.4185463328e-05
1.9100000000e+02	8.0151740881e-03	9.5192480723e-04	3.6980362727e-05	3.4222555826e-05
1.9200000000e+02	8.0494149713e-03	9.1485498066e-04	3.7159166618e-05	3.4259123843e-05
1.9300000000e+02	8.0836921642e-03	8.7760672074e-04	3.7337230277e-05	3.4295176946e-05
1.9400000000e+02	8.1180051566e-03	8.4018076518e-04	3.7514558719e-05	3.4330724490e-05
1.9500000000e+02	8.1523534477e-03	8.0257784671e-04	3.7691156928e-05	3.4365775627e-05
1.9600000000e+02	8.1867365454e-03	7.6479869308e-04	3.7867029859e-05	3.4400339307e-05
1.9700000000e+02	8.2211539667e-03	7.2684402711e-04	3.8042182435e-05	3.4434424288e-05
1.9800000000e+02	8.2556052373e-03	6.8871456670e-04	3.8216619548e-05	3.4468039136e-05
1.9900000000e+02	8.2900898911e-03	6.5041102488e-04	3.8390346061e-05	3.4501192234e-05
2.0000000000e+02	8.3246074706e-03	6.1193410984e-04	3.8563366804e-05	3.4533891782e-05
2.0100000000e+02	8.3591575261e-03	5.7328452493e-04	3.8735686573e-05	3.4566145807e-05
2.0200000000e+02	8.3937396163e-03	5.3446296876e-04	3.8907310136e-05	3.4597962161e-05
2.0300000000e+02	8.4283533071e-03	4.9547013515e-04	3.9078242227e-05	3.4629348533e-05
2.0400000000e+02	8.4629981725e-03	4.5630671323e-04	3.9248487546e-05	3.4660312444e-05
2.0500000000e+02	8.4976737937e-03	4.1697338743e-04	3.9418050762e-05	3.4690861259e-05
2.0600000000e+02	8.5323797591e-03	3.7747083753e-04	3.9586936512e-05	3.4721002186e-05
2.0700000000e+02	8.5671156644e-03	3.3779973869e-04	3.9755149400e-05	3.4750742283e-05
2.0800000000e+02	8.6018811123e-03	2.9796076149e-04	3.9922693994e-05	3.4780088459e-05
2.0900000000e+02	8.6366757123e-03	2.5795457195e-04	4.0089574834e-05	3.4809047479e-05
2.1000000000e+02	8.6714990805e-03	2.1778183157e-04	4.0255796423e-05	3.4837625966e-05
2.1100000000e+02	8.7063508395e-03	1.7744319736e-04	4.0421363233e-05	3.4865830407e-05
2.1200000000e+02	8.7412306187e-03	1.3693932189e-04	4.0586279702e-05	3.4893667155e-05
2.1300000000e+02	8.7761380534e-03	9.6270853272e-05	4.0750550235e-05	3.4921142432e-05
2.1400000000e+02	8.8110727851e-03	5.5438435270e-05	4.0914179205e-05	3.4948262331e-05
2.1500000000e+02	8.8460344616e-03	1.4442707270e-05	4.1077170950e-05	3.4975032822e-05
2.1600000000e+02	8.8810227362e-03	-2.6715695658e-05	4.1239529777e-05	3.5001459751e-05
2.1700000000e+02	8.9160372685e-03	-6.8036142737e-05	4.1401259959e-05	3.5027548849e-05
2.1800000000e+02	8.9510777232e-03	-1.0951800744e-04	4.1562365737e-05	3.5053305726e-05
2.1900000000e+02	8.9861437710e-03	-1.5116066748e-04	4.1722851317e-05	3.5078735882e-05
2.2000000000e+02	9.0212350879e-03	-1.9296350474e-04	4.1882720875e-05	3.5103844705e-05
2.2100000000e+02	9.0563513551e-03	-2.3492590527e-04	4.2041978554e-05	3.5128637477e-05
2.2200000000e+02	9.0914922592e-03	-2.7704725925e-04	4.2200628461e-05	3.5153119371e-05
2.2300000000e+02	9.1266574919e-03	-3.1932696096e-04	4.2358674676e-05	3.5177295459e-05
2.2400000000e+02	9.1618467498e-03	-3.6176440872e-04	4.2516121244e-05	3.5201170713e-05
2.2500000000e+02	9.1970597346e-03	-4.0435900490e-04	4.2672972176e-05	3.5224750004e-05
2.2600000000e+02	9.2322961528e-03	-4.4711015586e-04	4.2829231454e-05	3.5248038110e-05
2.2700000000e+02	9.2675557154e-03	-4.9001727191e-04	4.2984903028e-05	3.5271039713e-05
2.2800000000e+02	9.3028381382e-03	-5.3307976732e-04	4.3139990814e-05	3.5293759404e-05
2.2900000000e+02	9.3381431417e-03	-5.7629706024e-04	4.3294498698e-05	3.5316201684e-05
2.3000000000e+02	9.3734704506e-03	-6.1966857270e-04	4.3448430536e-05	3.5338370966e-05
2.3100000000e+02	9.4088197941e-03	-6.6319373057e-04	4.3601790150e-05	3.5360271579e-05
2.3200000000e+02	9.4441909056e-03	-7.0687196352e-04	4.3754581332e-05	3.5381907767e-05
2.3300000000e+02	9.4795835229e-03	-7.5070270501e-04	4.3906807845e-05	3.5403283691e-05
2.3400000000e+02	9.5149973876e-03	-7.9468539223e-04	4.4058473418e-05	3.5424403436e-05
2.3500000000e+02	9.5504322457e-03	-8.3881946610e-04	4.4209581752e-05	3.5445271004e-05
2.3600000000e+02	9.5858878469e-03	-8.8310437122e-04	4.4360136517e-05	3.5465890325e-05
2.3700000000e+02	9.6213639449e-03	-9.2753955583e-04	4.4510141353e-05	3.5486265250e-05
2.3800000000e+02	9.6568602972e-03	-9.7212447182e-04	4.4659599870e-05	3.5506399562e-05
2.3900000000e+02	9.6923766650e-03	-1.0168585747e-03	4.4808515647e-05	3.5526296967e-05
2.4000000000e+02	9.7279128133e-03	-1.0617413234e-03	4.4956892236e-05	3.5545961105e-05
2.4100000000e+02	9.7634685107e-03	-1.1067721806e-03	4.5104733159e-05	3.5565395547e-05
2.4200000000e+02	9.7990435290e-03	-1.1519506123e-03	4.5252041906e-05	3.5584603797e-05
2.4300000000e+02	9.8346376440e-03	-1.1972760881e-03	4.5398821943e-05	3.5603589292e-05
2.4400000000e+02	9.8702506345e-03	-1.2427480811e-03	4.5545076703e-05	3.5622355408e-05
2.4500000000e+02	9.9058822828e-03	-1.2883660676e-03	4.5690809593e-05	3.5640905457e-05
2.4600000000e+02	9.9415323745e-03	-1.3341295275e-03	4.5836023992e-05	3.5659242689e-05
2.4700000000e+02	9.9772006983e-03	-1.3800379439e-03	4.5980723248e-05	3.5677370296e-05
2.4800000000e+02	1.0012887046e-02	-1.4260908033e-03	4.6124910684e-05	3.5695291409e-05
2.4900000000e+02	1.0048591213e-02	-1.4722875957e-03	4.6268589595e-05	3.5713009105e-05
2.5000000000e+02	1.0084312998e-02	-1.5186278141e-03	4.6411763247e-05	3.5730526401e-05
2.5100000000e+02	1.0120052200e-02	-1.5651109549e-03	4.6554434881e-05	3.5747846264e-05
2.5200000000e+02	1.0155808625e-02	-1.6117365176e-03	4.6696607710e-05	3.5764971602e-05
2.5300000000e+02	1.0191582080e-02	-1.6585040051e-03	4.6838284920e-05	3.5781905274e-05
2.5400000000e+02	1.0227372373e-02	-1.7054129233e-03	4.6979469670e-05	3.5798650087e-05
2.5500000000e+02	1.0263179318e-02	-1.7524627813e-03	4.7120165094e-05	3.5815208797e-05
2.5600000000e+02	1.0299002729e-02	-1.7996530914e-03	4.7260374300e-05	3.5831584110e-05
2.5700000000e+02	1.0334842426e-02	-1.8469833689e-03	4.7400100368e-05	3.5847778686e-05
2.5800000000e+02	1.0370698227e-02	-1.8944531321e-03	4.7539346355e-05	3.5863795136e-05
2.5900000000e+02	1.0406569957e-02	-1.9420619026e-03	4.7678115290e-05	3.5879636024e-05
2.6000000000e+02	1.0442457442e-02	-1.9898092047e-03	4.7816410179e-05	3.5895303872e-05
2.6100000000e+02	1.0478360508e-02	-2.0376945659e-03	4.7954234001e-05	3.5910801154e-05
2.6200000000e+02	1.0514278988e-02	-2.0857175167e-03	4.8091589712e-05	3.5926130302e-05
2.6300000000e+02	1.0550212714e-02	-2.1338775903e-03	4.8228480243e-05	3.5941293707e-05
2.6400000000e+02	1.0586161521e-02	-2.1821743230e-03	4.8364908500e-05	3.5956293715e-05
2.6500000000e+02	1.0622125247e-02	-2.2306072541e-03	4.8500877365e-05	3.5971132635e-05
2.6600000000e+02	1.0658103733e-02	-2.2791759256e-03	4.8636389695e-05	3.5985812732e-05
2.6700000000e+02	1.0694096821e-02	-2.3278798823e-03	4.8771448326e-05	3.6000336236e-05
2.6800000000e+02	1.0730104354e-02	-2.3767186720e-03	4.8906056068e-05	3.6014705335e-05
2.6900000000e+02	1.0766126181e-02	-2.4256918451e-03	4.9040215709e-05	3.6028922181e-05
2.7000000000e+02	1.0802162149e-02	-2.4747989549e-03	4.9173930013e-05	3.6042988890e-05
2.7100000000e+02	1.0838212109e-02	-2.5240395576e-03	4.9307201722e-05	3.6056907540e-05
2.7200000000e+02	1.0874275915e-02	-2.5734132117e-03	4.9440033554e-05	3.6070680176e-05
2.7300000000e+02	1.0910353421e-02	-2.6229194789e-03	4.9572428207e-05	3.6084308807e-05
2.7400000000e+02	1.0946444485e-02	-2.6725579233e-03	4.9704388353e-05	3.6097795406e-05
2.7500000000e+02	1.0982548966e-02	-2.7223281117e-03	4.9835916645e-05	3.6111141917e-05
2.7600000000e+02	1.1018666723e-02	-2.7722296135e-03	4.9967015712e-05	3.6124350249e-05
2.7700000000e+02	1.1054797621e-02	-2.8222620009e-03	5.0097688164e-05	3.6137422278e-05
2.7800000000e+02	1.1090941523e-02	-2.8724248485e-03	5.0227936588e-05	3.6150359850e-05
2.7900000000e+02	1.1127098296e-02	-2.9227177336e-03	5.0357763547e-05	3.6163164781e-05
2.8000000000e+02	1.1163267809e-02	-2.9731402360e-03	5.0487171588e-05	3.6175838855e-05
2.8100000000e+02	1.1199449931e-02	-3.0236919380e-03	5.0616163234e-05	3.6188383828e-05
2.8200000000e+02	1.1235644534e-02	-3.0743724245e-03	5.0744740987e-05	3.6200801427e-05
2.8300000000e+02	1.1271851492e-02	-3.1251812828e-03	5.0872907331e-05	3.6213093349e-05
2.8400000000e+02	1.1308070679e-02	-3.1761181028e-03	5.1000664726e-05	3.6225261265e-05
2.8500000000e+02	1.1344301973e-02	-3.2271824768e-03	5.1128015615e-05	3.6237306817e-05
2.8600000000e+02	1.1380545253e-02	-3.2783739994e-03	5.1254962420e-05	3.6249231622e-05
2.8700000000e+02	1.1416800397e-02	-3.3296922677e-03	5.1381507543e-05	3.6261037270e-05
2.8800000000e+02	1.1453067288e-02	-3.3811368814e-03	5.1507653366e-05	3.6272725325e-05
2.8900000000e+02	1.1489345809e-02	-3.4327074421e-03	5.1633402253e-05	3.6284297325e-05
2.9000000000e+02	1.1525635845e-02	-3.4844035543e-03	5.1758756548e-05	3.6295754785e-05
2.9100000000e+02	1.1561937281e-02	-3.5362248245e-03	5.1883718575e-05	3.6307099194e-05
2.9200000000e+02	1.1598250006e-02	-3.5881708615e-03	5.2008290641e-05	3.6318332019e-05
2.9300000000e+02	1.1634573908e-02	-3.6402412765e-03	5.2132475033e-05	3.6329454702e-05
2.9400000000e+02	1.1670908879e-02	-3.6924356831e-03	5.2256274020e-05	3.6340468662e-05
2.9500000000e+02	1.1707254810e-02	-3.7447536969e-03	5.2379689853e-05	3.6351375296e-05
2.9600000000e+02	1.1743611594e-02	-3.7971949358e-03	5.2502724763e-05	3.6362175979e-05
2.9700000000e+02	1.1779979127e-02	-3.8497590202e-03	5.2625380966e-05	3.6372872065e-05
2.9800000000e+02	1.1816357304e-02	-3.9024455722e-03	5.2747660658e-05	3.6383464885e-05
2.9900000000e+02	1.1852746023e-02	-3.9552542167e-03	5.2869566018e-05	3.6393955751e-05
3.0000000000e+02	1.1889145182e-02	-4.0081845802e-03	5.2991099207e-05	3.6404345952e-05
3.0100000000e+02	1.1925554681e-02	-4.0612362918e-03	5.3112262369e-05	3.6414636759e-05
3.0200000000e+02	1.1961974423e-02	-4.1144089823e-03	5.3233057632e-05	3.6424829424e-05
3.0300000000e+02	1.1998404308e-02	-4.1677022851e-03	5.3353487106e-05	3.6434925176e-05
3.0400000000e+02	1.2034844241e-02	-4.2211158353e-03	5.3473552883e-05	3.6444925228e-05
3.0500000000e+02	1.2071294127e-02	-4.2746492703e-03	5.3593257040e-05	3.6454830774e-05
3.0600000000e+02	1.2107753871e-02	-4.3283022295e-03	5.3712601637e-05	3.6464642989e-05
3.0700000000e+02	1.2144223382e-02	-4.3820743544e-03	5.3831588718e-05	3.6474363030e-05
3.0800000000e+02	1.2180702567e-02	-4.4359652885e-03	5.3950220311e-05	3.6483992036e-05
3.0900000000e+02	1.2217191336e-02	-4.4899746772e-03	5.4068498425e-05	3.6493531130e-05
3.1000000000e+02	1.2253689600e-02	-4.5441021682e-03	5.4186425058e-05	3.6502981416e-05
3.1100000000e+02	1.2290197270e-02	-4.5983474108e-03	5.4304002189e-05	3.6512343983e-05
3.1200000000e+02	1.2326714259e-02	-4.6527100567e-03	5.4421231781e-05	3.6521619902e-05
3.1300000000e+02	1.2363240481e-02	-4.7071897592e-03	5.4538115784e-05	3.6530810229e-05
3.1400000000e+02	1.2399775851e-02	-4.7617861737e-03	5.4654656130e-05	3.6539916005e-05
3.1500000000e+02	1.2436320285e-02	-4.8164989576e-03	5.4770854739e-05	3.6548938252e-05
3.1600000000e+02	1.2472873700e-02	-4.8713277699e-03	5.4886713513e-05	3.6557877981e-05
3.1700000000e+02	1.2509436014e-02	-4.9262722719e-03	5.5002234341e-05	3.6566736184e-05
3.1800000000e+02	1.2546007146e-02	-4.9813321266e-03	5.5117419095e-05	3.6575513842e-05
3.1900000000e+02	1.2582587015e-02	-5.0365069987e-03	5.5232269636e-05	3.6584211918e-05
3.2000000000e+02	1.2619175543e-02	-5.0917965551e-03	5.5346787808e-05	3.6592831363e-05
3.2100000000e+02	1.2655772652e-02	-5.1472004642e-03	5.5460975440e-05	3.6601373114e-05
3.2200000000e+02	1.2692378264e-02	-5.2027183964e-03	5.5574834349e-05	3.6609838092e-05
3.2300000000e+02	1.2728992303e-02	-5.2583500239e-03	5.5688366337e-05	3.6618227207e-05
3.2400000000e+02	1.2765614693e-02	-5.3140950207e-03	5.5801573192e-05	3.6626541354e-05
3.2500000000e+02	1.2802245361e-02	-5.3699530625e-03	5.5914456687e-05	3.6634781417e-05
3.2600000000e+02	1.2838884232e-02	-5.4259238268e-03	5.6027018585e-05	3.6642948265e-05
3.2700000000e+02	1.2875531233e-02	-5.4820069930e-03	5.6139260631e-05	3.6651042755e-05
3.2800000000e+02	1.2912186294e-02	-5.5382022421e-03	5.6251184560e-05	3.6659065732e-05
3.2900000000e+02	1.2948849341e-02	-5.5945092567e-03	5.6362792091e-05	3.6667018030e-05
3.3000000000e+02	1.2985520306e-02	-5.6509277213e-03	5.6474084932e-05	3.6674900467e-05
3.3100000000e+02	1.3022199119e-02	-5.7074573222e-03	5.6585064778e-05	3.6682713854e-05
3.3200000000e+02	1.3058885711e-02	-5.7640977471e-03	5.6695733308e-05	3.6690458988e-05
3.3300000000e+02	1.3095580015e-02	-5.8208486856e-03	5.6806092193e-05	3.6698136655e-05
3.3400000000e+02	1.3132281962e-02	-5.8777098289e-03	5.6916143087e-05	3.6705747629e-05
3.3500000000e+02	1.3168991488e-02	-5.9346808697e-03	5.7025887635e-05	3.6713292674e-05
3.3600000000e+02	1.3205708526e-02	-5.9917615025e-03	5.7135327466e-05	3.6720772544e-05
3.3700000000e+02	1.3242433012e-02	-6.0489514236e-03	5.7244464199e-05	3.6728187980e-05
3.3800000000e+02	1.3279164881e-02	-6.1062503304e-03	5.7353299441e-05	3.6735539715e-05
3.3900000000e+02	1.3315904070e-02	-6.1636579225e-03	5.7461834786e-05	3.6742828470e-05
3.4000000000e+02	1.3352650517e-02	-6.2211739006e-03	5.7570071816e-05	3.6750054957e-05
3.4100000000e+02	1.3389404159e-02	-6.2787979672e-03	5.7678012101e-05	3.6757219877e-05
3.4200000000e+02	1.3426164936e-02	-6.3365298264e-03	5.7785657201e-05	3.6764323922e-05
3.4300000000e+02	1.3462932787e-02	-6.3943691837e-03	5.7893008662e-05	3.6771367775e-05
3.4400000000e+02	1.3499707652e-02	-6.4523157463e-03	5.8000068019e-05	3.6778352108e-05
3.4500000000e+02	1.3536489472e-02	-6.5103692229e-03	5.8106836796e-05	3.6785277584e-05
3.4600000000e+02	1.3573278188e-02	-6.5685293236e-03	5.8213316507e-05	3.6792144858e-05
3.4700000000e+02	1.3610073742e-02	-6.6267957601e-03	5.8319508652e-05	3.6798954576e-05
3.4800000000e+02	1.3646876078e-02	-6.6851682455e-03	5.8425414723e-05	3.6805707373e-05
3.4900000000e+02	1.3683685138e-02	-6.7436464946e-03	5.8531036197e-05	3.6812403878e-05
3.5000000000e+02	1.3720500867e-02	-6.8022302235e-03	5.8636374545e-05	3.6819044709e-05
3.5100000000e+02	1.3757323209e-02	-6.8609191498e-03	5.8741431223e-05	3.6825630478e-05
3.5200000000e+02	1.3794152110e-02	-6.9197129926e-03	5.8846207678e-05	3.6832161787e-05
3.5300000000e+02	1.3830987515e-02	-6.9786114723e-03	5.8950705346e-05	3.6838639230e-05
3.5400000000e+02	1.3867829371e-02	-7.0376143108e-03	5.9054925654e-05	3.6845063394e-05
3.5500000000e+02	1.3904677624e-02	-7.0967212316e-03	5.9158870016e-05	3.6851434857e-05
3.5600000000e+02	1.3941532223e-02	-7.1559319593e-03	5.9262539838e-05	3.6857754190e-05
3.5700000000e+02	1.3978393115e-02	-7.2152462202e-03	5.9365936514e-05	3.6864021955e-05
3.5800000000e+02	1.4015260250e-02	-7.2746637418e-03	5.9469061429e-05	3.6870238709e-05
3.5900000000e+02	1.4052133576e-02	-7.3341842530e-03	5.9571915958e-05	3.6876404999e-05
3.6000000000e+02	1.4089013043e-02	-7.3938074840e-03	5.9674501465e-05	3.6882521367e-05
3.6100000000e+02	1.4125898602e-02	-7.4535331667e-03	5.9776819304e-05	3.6888588345e-05
3.6200000000e+02	1.4162790204e-02	-7.5133610339e-03	5.9878870822e-05	3.6894606460e-05
3.6300000000e+02	1.4199687799e-02	-7.5732908200e-03	5.9980657353e-05	3.6900576233e-05
3.6400000000e+02	1.4236591340e-02	-7.6333222607e-03	6.0082180222e-05	3.6906498175e-05
3.6500000000e+02	1.4273500780e-02	-7.6934550930e-03	6.0183440747e-05	3.6912372793e-05
3.6600000000e+02	1.4310416070e-02	-7.7536890552e-03	6.0284440233e-05	3.6918200586e-05
3.6700000000e+02	1.4347337165e-02	-7.8140238869e-03	6.0385179979e-05	3.6923982047e-05
3.6800000000e+02	1.4384264019e-02	-7.8744593290e-03	6.0485661272e-05	3.6929717663e-05
3.6900000000e+02	1.4421196586e-02	-7.9349951237e-03	6.0585885391e-05	3.6935407914e-05
3.7000000000e+02	1.4458134820e-02	-7.9956310145e-03	6.0685853606e-05	3.6941053274e-05
3.7100000000e+02	1.4495078677e-02	-8.0563667460e-03	6.0785567179e-05	3.6946654210e-05
3.7200000000e+02	1.4532028114e-02	-8.1172020643e-03	6.0885027360e-05	3.6952211184e-05
3.7300000000e+02	1.4568983085e-02	-8.1781367167e-03	6.0984235394e-05	3.6957724652e-05
3.7400000000e+02	1.4605943549e-02	-8.2391704515e-03	6.1083192514e-05	3.6963195065e-05
3.7500000000e+02	1.4642909461e-02	-8.3003030185e-03	6.1181899946e-05	3.6968622865e-05
3.7600000000e+02	1.4679880780e-02	-8.3615341686e-03	6.1280358906e-05	3.6974008493e-05
3.7700000000e+02	1.4716857464e-02	-8.4228636539e-03	6.1378570605e-05	3.6979352380e-05
3.7800000000e+02	1.4753839471e-02	-8.4842912278e-03	6.1476536241e-05	3.6984654955e-05
3.7900000000e+02	1.4790826760e-02	-8.5458166447e-03	6.1574257006e-05	3.6989916639e-05
3.8000000000e+02	1.4827819291e-02	-8.6074396605e-03	6.1671734083e-05	3.6995137848e-05
3.8100000000e+02	1.4864817023e-02	-8.6691600321e-03	6.1768968648e-05	3.7000318995e-05
3.8200000000e+02	1.4901819916e-02	-8.7309775174e-03	6.1865961867e-05	3.7005460486e-05
3.8300000000e+02	1.4938827931e-02	-8.7928918757e-03	6.1962714899e-05	3.7010562721e-05
3.8400000000e+02	1.4975841028e-02	-8.8549028675e-03	6.2059228895e-05	3.7015626097e-05
3.8500000000e+02	1.5012859170e-02	-8.9170102542e-03	6.2155504998e-05	3.7020651005e-05
3.8600000000e+02	1.5049882318e-02	-8.9792137986e-03	6.2251544342e-05	3.7025637831e-05
3.8700000000e+02	1.5086910433e-02	-9.0415132644e-03	6.2347348056e-05	3.7030586957e-05
3.8800000000e+02	1.5123943479e-02	-9.1039084165e-03	6.2442917257e-05	3.7035498759e-05
3.8900000000e+02	1.5160981418e-02	-9.1663990211e-03	6.2538253058e-05	3.7040373610e-05
3.9000000000e+02	1.5198024214e-02	-9.2289848452e-03	6.2633356562e-05	3.7045211877e-05
3.9100000000e+02	1.5235071830e-02	-9.2916656571e-03	6.2728228867e-05	3.7050013923e-05
3.9200000000e+02	1.5272124230e-02	-9.3544412262e-03	6.2822871062e-05	3.7054780106e-05
3.9300000000e+02	1.5309181378e-02	-9.4173113229e-03	6.2917284227e-05	3.7059510781e-05
3.9400000000e+02	1.5346243240e-02	-9.4802757187e-03	6.3011469438e-05	3.7064206297e-05
3.9500000000e+02	1.5383309779e-02	-9.5433341862e-03	6.3105427761e-05	3.7068867000e-05
3.9600000000e+02	1.5420380962e-02	-9.6064864989e-03	6.3199160256e-05	3.7073493231e-05
3.9700000000e+02	1.5457456754e-02	-9.6697324318e-03	6.3292667975e-05	3.7078085327e-05
3.9800000000e+02	1.5494537122e-02	-9.7330717603e-03	6.3385951965e-05	3.7082643621e-05
3.9900000000e+02	1.5531622031e-02	-9.7965042615e-03	6.3479013263e-05	3.7087168443e-05
4.0000000000e+02	1.5568711448e-02	-9.8600297130e-03	6.3571852901e-05	3.7091660117e-05
4.0100000000e+02	1.5605805340e-02	-9.9236478937e-03	6.3664471904e-05	3.7096118965e-05
4.0200000000e+02	1.5642903675e-02	-9.9873585836e-03	6.3756871289e-05	3.7100545303e-05
4.0300000000e+02	1.5680006420e-02	-1.0051161563e-02	6.3849052067e-05	3.7104939446e-05
4.0400000000e+02	1.5717113543e-02	-1.0115056615e-02	6.3941015243e-05	3.7109301703e-05
4.0500000000e+02	1.5754225013e-02	-1.0179043522e-02	6.4032761813e-05	3.7113632379e-05
4.0600000000e+02	1.5791340797e-02	-1.0243122067e-02	6.4124292769e-05	3.7117931778e-05
4.0700000000e+02	1.5828460866e-02	-1.0307292036e-02	6.4215609095e-05	3.7122200198e-05
4.0800000000e+02	1.5865585187e-02	-1.0371553214e-02	6.4306711768e-05	3.7126437935e-05
4.0900000000e+02	1.5902713732e-02	-1.0435905388e-02	6.4397601760e-05	3.7130645280e-05
4.1000000000e+02	1.5939846468e-02	-1.0500348347e-02	6.4488280036e-05	3.7134822521e-05
4.1100000000e+02	1.5976983367e-02	-1.0564881878e-02	6.4578747554e-05	3.7138969945e-05
4.1200000000e+02	1.6014124398e-02	-1.0629505772e-02	6.4669005267e-05	3.7143087831e-05
4.1300000000e+02	1.6051269533e-02	-1.0694219819e-02	6.4759054120e-05	3.7147176458e-05
4.1400000000e+02	1.6088418741e-02	-1.0759023811e-02	6.4848895054e-05	3.7151236103e-05
4.1500000000e+02	1.6125571995e-02	-1.0823917540e-02	6.4938529001e-05	3.7155267035e-05
4.1600000000e+02	1.6162729266e-02	-1.0888900800e-02	6.5027956890e-05	3.7159269525e-05
4.1700000000e+02	1.6199890525e-02	-1.0953973386e-02	6.5117179641e-05	3.7163243837e-05
4.1800000000e+02	1.6237055744e-02	-1.1019135091e-02	6.5206198172e-05	3.7167190234e-05
4.1900000000e+02	1.6274224896e-02	-1.1084385714e-02	6.5295013390e-05	3.7171108975e-05
4.2000000000e+02	1.6311397953e-02	-1.1149725051e-02	6.5383626200e-05	3.7175000318e-05
4.2100000000e+02	1.6348574888e-02	-1.1215152899e-02	6.5472037499e-05	3.7178864515e-05
4.2200000000e+02	1.6385755673e-02	-1.1280669059e-02	6.5560248180e-05	3.7182701817e-05
4.2300000000e+02	1.6422940282e-02	-1.1346273329e-02	6.5648259129e-05	3.7186512473e-05
4.2400000000e+02	1.6460128689e-02	-1.1411965511e-02	6.5736071227e-05	3.7190296725e-05
4.2500000000e+02	1.6497320867e-02	-1.1477745406e-02	6.5823685348e-05	3.7194054818e-05
4.2600000000e+02	1.6534516790e-02	-1.1543612816e-02	6.5911102362e-05	3.7197786990e-05
4.2700000000e+02	1.6571716433e-02	-1.1609567545e-02	6.5998323132e-05	3.7201493477e-05
4.2800000000e+02	1.6608919769e-02	-1.1675609397e-02	6.6085348518e-05	3.7205174515e-05
4.2900000000e+02	1.6646126773e-02	-1.1741738177e-02	6.6172179371e-05	3.7208830333e-05
4.3000000000e+02	1.6683337421e-02	-1.1807953691e-02	6.6258816540e-05	3.7212461162e-05
4.3100000000e+02	1.6720551687e-02	-1.1874255746e-02	6.6345260866e-05	3.7216067226e-05
4.3200000000e+02	1.6757769547e-02	-1.1940644149e-02	6.6431513186e-05	3.7219648750e-05
4.3300000000e+02	1.6794990977e-02	-1.2007118709e-02	6.6517574331e-05	3.7223205954e-05
4.3400000000e+02	1.6832215951e-02	-1.2073679234e-02	6.6603445127e-05	3.7226739058e-05
4.3500000000e+02	1.6869444447e-02	-1.2140325536e-02	6.6689126397e-05	3.7230248277e-05
4.3600000000e+02	1.6906676440e-02	-1.2207057424e-02	6.6774618954e-05	3.7233733825e-05
4.3700000000e+02	1.6943911907e-02	-1.2273874711e-02	6.6859923610e-05	3.7237195914e-05
4.3800000000e+02	1.6981150824e-02	-1.2340777209e-02	6.6945041171e-05	3.7240634753e-05
4.3900000000e+02	1.7018393168e-02	-1.2407764731e-02	6.7029972437e-05	3.7244050548e-05
4.4000000000e+02	1.7055638917e-02	-1.2474837092e-02	6.7114718203e-05	3.7247443503e-05
4.4100000000e+02	1.7092888048e-02	-1.2541994106e-02	6.7199279261e-05	3.7250813822e-05
4.4200000000e+02	1.7130140538e-02	-1.2609235589e-02	6.7283656395e-05	3.7254161704e-05
4.4300000000e+02	1.7167396364e-02	-1.2676561358e-02	6.7367850388e-05	3.7257487346e-05
4.4400000000e+02	1.7204655505e-02	-1.2743971229e-02	6.7451862014e-05	3.7260790945e-05
4.4500000000e+02	1.7241917939e-02	-1.2811465021e-02	6.7535692045e-05	3.7264072694e-05
4.4600000000e+02	1.7279183643e-02	-1.2879042553e-02	6.7619341247e-05	3.7267332784e-05
4.4700000000e+02	1.7316452597e-02	-1.2946703644e-02	6.7702810382e-05	3.7270571405e-05
4.4800000000e+02	1.7353724779e-02	-1.3014448114e-02	6.7786100207e-05	3.7273788744e-05
4.4900000000e+02	1.7391000167e-02	-1.3082275785e-02	6.7869211474e-05	3.7276984985e-05
4.5000000000e+02	1.7428278742e-02	-1.3150186478e-02	6.7952144932e-05	3.7280160313e-05
4.5100000000e+02	1.7465560481e-02	-1.3218180015e-02	6.8034901323e-05	3.7283314909e-05
4.5200000000e+02	1.7502845365e-02	-1.3286256221e-02	6.8117481386e-05	3.7286448951e-05
4.5300000000e+02	1.7540133372e-02	-1.3354414920e-02	6.8199885854e-05	3.7289562618e-05
4.5400000000e+02	1.7577424483e-02	-1.3422655935e-02	6.8282115459e-05	3.7292656084e-05
4.5500000000e+02	1.7614718678e-02	-1.3490979093e-02	6.8364170924e-05	3.7295729524e-05
4.5600000000e+02	1.7652015936e-02	-1.3559384219e-02	6.8446052971e-05	3.7298783108e-05
4.5700000000e+02	1.7689316237e-02	-1.3627871141e-02	6.8527762316e-05	3.7301817008e-05
4.5800000000e+02	1.7726619563e-02	-1.3696439686e-02	6.8609299671e-05	3.7304831390e-05
4.5900000000e+02	1.7763925894e-02	-1.3765089683e-02	6.8690665745e-05	3.7307826422e-05
4.6000000000e+02	1.7801235210e-02	-1.3833820961e-02	6.8771861240e-05	3.7310802267e-05
4.6100000000e+02	1.7838547492e-02	-1.3902633349e-02	6.8852886857e-05	3.7313759090e-05
4.6200000000e+02	1.7875862722e-02	-1.3971526678e-02	6.8933743290e-05	3.7316697050e-05
4.6300000000e+02	1.7913180880e-02	-1.4040500779e-02	6.9014431229e-05	3.7319616307e-05
4.6400000000e+02	1.7950501948e-02	-1.4109555485e-02	6.9094951364e-05	3.7322517020e-05
4.6500000000e+02	1.7987825908e-02	-1.4178690626e-02	6.9175304375e-05	3.7325399343e-05
4.6600000000e+02	1.8025152741e-02	-1.4247906038e-02	6.9255490941e-05	3.7328263432e-05
4.6700000000e+02	1.8062482429e-02	-1.4317201553e-02	6.9335511738e-05	3.7331109440e-05
4.6800000000e+02	1.8099814954e-02	-1.4386577006e-02	6.9415367436e-05	3.7333937517e-05
4.6900000000e+02	1.8137150298e-02	-1.4456032233e-02	6.9495058701e-05	3.7336747813e-05
4.7000000000e+02	1.8174488443e-02	-1.4525567069e-02	6.9574586197e-05	3.7339540477e-05
4.7100000000e+02	1.8211829373e-02	-1.4595181351e-02	6.9653950582e-05	3.7342315654e-05
4.7200000000e+02	1.8249173069e-02	-1.4664874916e-02	6.9733152511e-05	3.7345073491e-05
4.7300000000e+02	1.8286519514e-02	-1.4734647602e-02	6.9812192635e-05	3.7347814131e-05
4.7400000000e+02	1.8323868691e-02	-1.4804499248e-02	6.9891071602e-05	3.7350537715e-05
4.7500000000e+02	1.8361220584e-02	-1.4874429692e-02	6.9969790054e-05	3.7353244385e-05
4.7600000000e+02	1.8398575175e-02	-1.4944438775e-02	7.0048348633e-05	3.7355934279e-05
4.7700000000e+02	1.8435932447e-02	-1.5014526336e-02	7.0126747973e-05	3.7358607536e-05
4.7800000000e+02	1.8473292384e-02	-1.5084692218e-02	7.0204988707e-05	3.7361264292e-05
4.7900000000e+02	1.8510654970e-02	-1.5154936261e-02	7.0283071463e-05	3.7363904682e-05
4.8000000000e+02	1.8548020188e-02	-1.5225258308e-02	7.0360996867e-05	3.7366528839e-05
4.8100000000e+02	1.8585388022e-02	-1.5295658202e-02	7.0438765540e-05	3.7369136896e-05
4.8200000000e+02	1.8622758457e-02	-1.5366135787e-02	7.0516378099e-05	3.7371728983e-05
4.8300000000e+02	1.8660131475e-02	-1.5436690907e-02	7.0593835159e-05	3.7374305231e-05
4.8400000000e+02	1.8697507062e-02	-1.5507323406e-02	7.0671137330e-05	3.7376865767e-05
4.8500000000e+02	1.8734885201e-02	-1.5578033130e-02	7.0748285219e-05	3.7379410719e-05
4.8600000000e+02	1.8772265878e-02	-1.5648819925e-02	7.0825279430e-05	3.7381940212e-05
4.8700000000e+02	1.8809649077e-02	-1.5719683638e-02	7.0902120564e-05	3.7384454371e-05
4.8800000000e+02	1.8847034782e-02	-1.5790624115e-02	7.0978809215e-05	3.7386953318e-05
4.8900000000e+02	1.8884422978e-02	-1.5861641206e-02	7.1055345979e-05	3.7389437177e-05
4.9000000000e+02	1.8921813651e-02	-1.5932734757e-02	7.1131731445e-05	3.7391906068e-05
4.9100000000e+02	1.8959206785e-02	-1.6003904618e-02	7.1207966199e-05	3.7394360109e-05
4.9200000000e+02	1.8996602366e-02	-1.6075150639e-02	7.1284050825e-05	3.7396799421e-05
4.9300000000e+02	1.9034000379e-02	-1.6146472670e-02	7.1359985902e-05	3.7399224119e-05
4.9400000000e+02	1.9071400810e-02	-1.6217870561e-02	7.1435772007e-05	3.7401634321e-05
4.9500000000e+02	1.9108803643e-02	-1.6289344165e-02	7.1511409713e-05	3.7404030140e-05
4.9600000000e+02	1.9146208865e-02	-1.6360893332e-02	7.1586899591e-05	3.7406411691e-05
4.9700000000e+02	1.9183616462e-02	-1.6432517915e-02	7.1662242206e-05	3.7408779086e-05
4.9800000000e+02	1.9221026419e-02	-1.6504217767e-02	7.1737438124e-05	3.7411132437e-05
4.9900000000e+02	1.9258438722e-02	-1.6575992742e-02	7.1812487905e-05	3.7413471855e-05
5.0000000000e+02	1.9295853358e-02	-1.6647842694e-02	7.1887392105e-05	3.7415797448e-05
5.0100000000e+02	1.9333270312e-02	-1.6719767478e-02	7.1962151279e-05	3.7418109325e-05
5.0200000000e+02	1.9370689572e-02	-1.6791766949e-02	7.2036765978e-05	3.7420407594e-05
5.0300000000e+02	1.9408111123e-02	-1.6863840962e-02	7.2111236750e-05	3.7422692360e-05
5.0400000000e+02	1.9445534952e-02	-1.6935989374e-02	7.2185564140e-05	3.7424963728e-05
5.0500000000e+02	1.9482961046e-02	-1.7008212043e-02	7.2259748691e-05	3.7427221804e-05
5.0600000000e+02	1.9520389391e-02	-1.7080508824e-02	7.2333790941e-05	3.7429466690e-05
5.0700000000e+02	1.9557819975e-02	-1.7152879577e-02	7.2407691425e-05	3.7431698487e-05
5.0800000000e+02	1.9595252784e-02	-1.7225324160e-02	7.2481450678e-05	3.7433917299e-05
5.0900000000e+02	1.9632687805e-02	-1.7297842432e-02	7.2555069229e-05	3.7436123223e-05
5.1000000000e+02	1.9670125026e-02	-1.7370434252e-02	7.2628547604e-05	3.7438316361e-05
5.1100000000e+02	1.9707564434e-02	-1.7443099481e-02	7.2701886330e-05	3.7440496810e-05
5.1200000000e+02	1.9745006016e-02	-1.7515837978e-02	7.2775085926e-05	3.7442664667e-05
5.1300000000e+02	1.9782449759e-02	-1.7588649606e-02	7.2848146911e-05	3.7444820029e-05
5.1400000000e+02	1.9819895652e-02	-1.7661534226e-02	7.2921069801e-05	3.7446962992e-05
5.1500000000e+02	1.9857343681e-02	-1.7734491700e-02	7.2993855109e-05	3.7449093650e-05
5.1600000000e+02	1.9894793835e-02	-1.7807521891e-02	7.3066503344e-05	3.7451212096e-05
5.1700000000e+02	1.9932246101e-02	-1.7880624661e-02	7.3139015014e-05	3.7453318424e-05
5.1800000000e+02	1.9969700468e-02	-1.7953799875e-02	7.3211390623e-05	3.7455412726e-05
5.1900000000e+02	2.0007156923e-02	-1.8027047397e-02	7.3283630674e-05	3.7457495092e-05
5.2000000000e+02	2.0044615454e-02	-1.8100367092e-02	7.3355735664e-05	3.7459565613e-05
5.2100000000e+02	2.0082076050e-02	-1.8173758824e-02	7.3427706091e-05	3.7461624378e-05
5.2200000000e+02	2.0119538699e-02	-1.8247222459e-02	7.3499542448e-05	3.7463671476e-05
5.2300000000e+02	2.0157003389e-02	-1.8320757864e-02	7.3571245226e-05	3.7465706994e-05
5.2400000000e+02	2.0194470109e-02	-1.8394364905e-02	7.3642814912e-05	3.7467731019e-05
5.2500000000e+02	2.0231938847e-02	-1.8468043450e-02	7.3714251994e-05	3.7469743638e-05
5.2600000000e+02	2.0269409592e-02	-1.8541793365e-02	7.3785556954e-05	3.7471744936e-05
5.2700000000e+02	2.0306882333e-02	-1.8615614520e-02	7.3856730271e-05	3.7473734996e-05
5.2800000000e+02	2.0344357059e-02	-1.8689506782e-02	7.3927772425e-05	3.7475713904e-05
5.2900000000e+02	2.0381833758e-02	-1.8763470021e-02	7.3998683891e-05	3.7477681741e-05
5.3000000000e+02	2.0419312419e-02	-1.8837504106e-02	7.4069465141e-05	3.7479638590e-05
5.3100000000e+02	2.0456793031e-02	-1.8911608908e-02	7.4140116646e-05	3.7481584532e-05
5.3200000000e+02	2.0494275584e-02	-1.8985784296e-02	7.4210638873e-05	3.7483519649e-05
5.3300000000e+02	2.0531760067e-02	-1.9060030143e-02	7.4281032288e-05	3.7485444019e-05
5.3400000000e+02	2.0569246469e-02	-1.9134346318e-02	7.4351297354e-05	3.7487357722e-05
5.3500000000e+02	2.0606734779e-02	-1.9208732695e-02	7.4421434530e-05	3.7489260836e-05
5.3600000000e+02	2.0644224987e-02	-1.9283189145e-02	7.4491444275e-05	3.7491153440e-05
5.3700000000e+02	2.0681717082e-02	-1.9357715541e-02	7.4561327045e-05	3.7493035609e-05
5.3800000000e+02	2.0719211054e-02	-1.9432311757e-02	7.4631083292e-05	3.7494907422e-05
5.3900000000e+02	2.0756706893e-02	-1.9506977666e-02	7.4700713468e-05	3.7496768952e-05
5.4000000000e+02	2.0794204589e-02	-1.9581713142e-02	7.4770218020e-05	3.7498620276e-05
5.4100000000e+02	2.0831704131e-02	-1.9656518060e-02	7.4839597395e-05	3.7500461466e-05
5.4200000000e+02	2.0869205509e-02	-1.9731392295e-02	7.4908852036e-05	3.7502292598e-05
5.4300000000e+02	2.0906708713e-02	-1.9806335723e-02	7.4977982385e-05	3.7504113743e-05
5.4400000000e+02	2.0944213733e-02	-1.9881348219e-02	7.5046988881e-05	3.7505924975e-05
5.4500000000e+02	2.0981720559e-02	-1.9956429659e-02	7.5115871960e-05	3.7507726364e-05
5.4600000000e+02	2.1019229182e-02	-2.0031579921e-02	7.5184632058e-05	3.7509517982e-05
5.4700000000e+02	2.1056739592e-02	-2.0106798882e-02	7.5253269606e-05	3.7511299899e-05
5.4800000000e+02	2.1094251779e-02	-2.0182086420e-02	7.5321785034e-05	3.7513072184e-05
5.4900000000e+02	2.1131765733e-02	-2.0257442412e-02	7.5390178771e-05	3.7514834907e-05
5.5000000000e+02	2.1169281445e-02	-2.0332866737e-02	7.5458451241e-05	3.7516588136e-05
5.5100000000e+02	2.1206798906e-02	-2.0408359274e-02	7.5526602868e-05	3.7518331940e-05
5.5200000000e+02	2.1244318106e-02	-2.0483919903e-02	7.5594634074e-05	3.7520066385e-05
5.5300000000e+02	2.1281839036e-02	-2.0559548502e-02	7.5662545277e-05	3.7521791537e-05
5.5400000000e+02	2.1319361686e-02	-2.0635244953e-02	7.5730336894e-05	3.7523507464e-05
5.5500000000e+02	2.1356886048e-02	-2.0711009136e-02	7.5798009341e-05	3.7525214230e-05
5.5600000000e+02	2.1394412112e-02	-2.0786840932e-02	7.5865563029e-05	3.7526911901e-05
5.5700000000e+02	2.1431939869e-02	-2.0862740223e-02	7.5932998369e-05	3.7528600540e-05
5.5800000000e+02	2.1469469310e-02	-2.0938706890e-02	7.6000315770e-05	3.7530280212e-05
5.5900000000e+02	2.1507000426e-02	-2.1014740815e-02	7.6067515638e-05	3.7531950979e-05
5.6000000000e+02	2.1544533209e-02	-2.1090841882e-02	7.6134598376e-05	3.7533612905e-05
5.6100000000e+02	2.1582067649e-02	-2.1167009973e-02	7.6201564389e-05	3.7535266052e-05
5.6200000000e+02	2.1619603738e-02	-2.1243244972e-02	7.6268414075e-05	3.7536910480e-05
5.6300000000e+02	2.1657141467e-02	-2.1319546763e-02	7.6335147833e-05	3.7538546251e-05
5.6400000000e+02	2.1694680828e-02	-2.1395915229e-02	7.6401766058e-05	3.7540173426e-05
5.6500000000e+02	2.1732221811e-02	-2.1472350256e-02	7.6468269146e-05	3.7541792064e-05
5.6600000000e+02	2.1769764409e-02	-2.1548851729e-02	7.6534657488e-05	3.7543402225e-05
5.6700000000e+02	2.1807308613e-02	-2.1625419533e-02	7.6600931474e-05	3.7545003968e-05
5.6800000000e+02	2.1844854414e-02	-2.1702053554e-02	7.6667091493e-05	3.7546597351e-05
5.6900000000e+02	2.1882401805e-02	-2.1778753678e-02	7.6733137931e-05	3.7548182432e-05
5.7000000000e+02	2.1919950776e-02	-2.1855519792e-02	7.6799071173e-05	3.7549759269e-05
5.7100000000e+02	2.1957501320e-02	-2.1932351783e-02	7.6864891600e-05	3.7551327918e-05
5.7200000000e+02	2.1995053429e-02	-2.2009249538e-02	7.6930599593e-05	3.7552888436e-05
5.7300000000e+02	2.2032607095e-02	-2.2086212945e-02	7.6996195532e-05	3.7554440879e-05
5.7400000000e+02	2.2070162308e-02	-2.2163241892e-02	7.7061679791e-05	3.7555985303e-05
5.7500000000e+02	2.2107719063e-02	-2.2240336267e-02	7.7127052748e-05	3.7557521761e-05
5.7600000000e+02	2.2145277349e-02	-2.2317495960e-02	7.7192314774e-05	3.7559050310e-05
5.7700000000e+02	2.2182837161e-02	-2.2394720860e-02	7.7257466240e-05	3.7560571002e-05
5.7800000000e+02	2.2220398489e-02	-2.2472010856e-02	7.7322507517e-05	3.7562083892e-05
5.7900000000e+02	2.2257961326e-02	-2.2549365839e-02	7.7387438971e-05	3.7563589032e-05
5.8000000000e+02	2.2295525664e-02	-2.2626785698e-02	7.7452260969e-05	3.7565086476e-05
5.8100000000e+02	2.2333091496e-02	-2.2704270324e-02	7.7516973873e-05	3.7566576275e-05
5.8200000000e+02	2.2370658814e-02	-2.2781819609e-02	7.7581578047e-05	3.7568058482e-05
5.8300000000e+02	2.2408227611e-02	-2.2859433444e-02	7.7646073850e-05	3.7569533148e-05
5.8400000000e+02	2.2445797878e-02	-2.2937111721e-02	7.7710461642e-05	3.7571000323e-05
5.8500000000e+02	2.2483369609e-02	-2.3014854332e-02	7.7774741778e-05	3.7572460058e-05
5.8600000000e+02	2.2520942796e-02	-2.3092661169e-02	7.7838914615e-05	3.7573912404e-05
5.8700000000e+02	2.2558517431e-02	-2.3170532125e-02	7.7902980505e-05	3.7575357410e-05
5.8800000000e+02	2.2596093508e-02	-2.3248467094e-02	7.7966939800e-05	3.7576795124e-05
5.8900000000e+02	2.2633671019e-02	-2.3326465969e-02	7.8030792849e-05	3.7578225597e-05
5.9000000000e+02	2.2671249957e-02	-2.3404528645e-02	7.8094540002e-05	3.7579648876e-05
5.9100000000e+02	2.2708830314e-02	-2.3482655014e-02	7.8158181605e-05	3.7581065010e-05
5.9200000000e+02	2.2746412084e-02	-2.3560844973e-02	7.8221718002e-05	3.7582474046e-05
5.9300000000e+02	2.2783995260e-02	-2.3639098415e-02	7.8285149537e-05	3.7583876031e-05
5.9400000000e+02	2.2821579834e-02	-2.3717415237e-02	7.8348476551e-05	3.7585271013e-05
5.9500000000e+02	2.2859165800e-02	-2.3795795334e-02	7.8411699384e-05	3.7586659037e-05
5.9600000000e+02	2.2896753150e-02	-2.3874238601e-02	7.8474818374e-05	3.7588040150e-05
5.9700000000e+02	2.2934341878e-02	-2.3952744936e-02	7.8537833859e-05	3.7589414397e-05
5.9800000000e+02	2.2971931976e-02	-2.4031314234e-02	7.8600746172e-05	3.7590781824e-05
5.9900000000e+02	2.3009523439e-02	-2.4109946394e-02	7.8663555648e-05	3.7592142475e-05
6.0000000000e+02	2.3047116259e-02	-2.4188641312e-02	7.8726262618e-05	3.7593496396e-05
6.0100000000e+02	2.3084710430e-02	-2.4267398885e-02	7.8788867412e-05	3.7594843631e-05
6.0200000000e+02	2.3122305944e-02	-2.4346219012e-02	7.8851370360e-05	3.7596184222e-05
6.0300000000e+02	2.3159902796e-02	-2.4425101592e-02	7.8913771788e-05	3.7597518215e-05
6.0400000000e+02	2.3197500978e-02	-2.4504046522e-02	7.8976072021e-05	3.7598845651e-05
6.0500000000e+02	2.3235100485e-02	-2.4583053702e-02	7.9038271384e-05	3.7600166574e-05
6.0600000000e+02	2.3272701309e-02	-2.4662123032e-02	7.9100370200e-05	3.7601481026e-05
6.0700000000e+02	2.3310303445e-02	-2.4741254409e-02	7.9162368788e-05	3.7602789050e-05
6.0800000000e+02	2.3347906885e-02	-2.4820447736e-02	7.9224267469e-05	3.7604090686e-05
6.0900000000e+02	2.3385511624e-02	-2.4899702911e-02	7.9286066561e-05	3.7605385977e-05
6.1000000000e+02	2.3423117655e-02	-2.4979019836e-02	7.9347766379e-05	3.7606674964e-05
6.1100000000e+02	2.3460724972e-02	-2.5058398411e-02	7.9409367239e-05	3.7607957686e-05
6.1200000000e+02	2.3498333569e-02	-2.5137838537e-02	7.9470869454e-05	3.7609234186e-05
6.1300000000e+02	2.3535943438e-02	-2.5217340117e-02	7.9532273337e-05	3.7610504502e-05
6.1400000000e+02	2.3573554576e-02	-2.5296903051e-02	7.9593579197e-05	3.7611768674e-05
6.1500000000e+02	2.3611166974e-02	-2.5376527243e-02	7.9654787344e-05	3.7613026743e-05
6.1600000000e+02	2.3648780627e-02	-2.5456212594e-02	7.9715898085e-05	3.7614278747e-05
6.1700000000e+02	2.3686395529e-02	-2.5535959007e-02	7.9776911727e-05	3.7615524724e-05
6.1800000000e+02	2.3724011674e-02	-2.5615766385e-02	7.9837828575e-05	3.7616764714e-05
6.1900000000e+02	2.3761629057e-02	-2.5695634632e-02	7.9898648931e-05	3.7617998755e-05
6.2000000000e+02	2.3799247670e-02	-2.5775563651e-02	7.9959373098e-05	3.7619226885e-05
6.2100000000e+02	2.3836867508e-02	-2.5855553346e-02	8.0020001376e-05	3.7620449140e-05
6.2200000000e+02	2.3874488566e-02	-2.5935603622e-02	8.0080534064e-05	3.7621665560e-05
6.2300000000e+02	2.3912110838e-02	-2.6015714382e-02	8.0140971460e-05	3.7622876179e-05
6.2400000000e+02	2.3949734317e-02	-2.6095885533e-02	8.0201313861e-05	3.7624081036e-05
6.2500000000e+02	2.3987358998e-02	-2.6176116978e-02	8.0261561562e-05	3.7625280167e-05
6.2600000000e+02	2.4024984875e-02	-2.6256408624e-02	8.0321714856e-05	3.7626473608e-05
6.2700000000e+02	2.4062611943e-02	-2.6336760377e-02	8.0381774035e-05	3.7627661394e-05
6.2800000000e+02	2.4100240196e-02	-2.6417172141e-02	8.0441739391e-05	3.7628843561e-05
6.2900000000e+02	2.4137869628e-02	-2.6497643824e-02	8.0501611213e-05	3.7630020145e-05
6.3000000000e+02	2.4175500235e-02	-2.6578175333e-02	8.0561389789e-05	3.7631191181e-05
6.3100000000e+02	2.4213132009e-02	-2.6658766573e-02	8.0621075407e-05	3.7632356703e-05
6.3200000000e+02	2.4250764946e-02	-2.6739417452e-02	8.0680668352e-05	3.7633516746e-05
6.3300000000e+02	2.4288399041e-02	-2.6820127879e-02	8.0740168909e-05	3.7634671344e-05
6.3400000000e+02	2.4326034287e-02	-2.6900897760e-02	8.0799577361e-05	3.7635820531e-05
6.3500000000e+02	2.4363670680e-02	-2.6981727003e-02	8.0858893989e-05	3.7636964341e-05
6.3600000000e+02	2.4401308214e-02	-2.7062615517e-02	8.0918119074e-05	3.7638102806e-05
6.3700000000e+02	2.4438946884e-02	-2.7143563211e-02	8.0977252895e-05	3.7639235961e-05
6.3800000000e+02	2.4476586684e-02	-2.7224569993e-02	8.1036295731e-05	3.7640363839e-05
6.3900000000e+02	2.4514227610e-02	-2.7305635772e-02	8.1095247858e-05	3.7641486471e-05
6.4000000000e+02	2.4551869655e-02	-2.7386760458e-02	8.1154109552e-05	3.7642603890e-05
6.4100000000e+02	2.4589512816e-02	-2.7467943961e-02	8.1212881087e-05	3.7643716129e-05
6.4200000000e+02	2.4627157086e-02	-2.7549186190e-02	8.1271562735e-05	3.7644823219e-05
6.4300000000e+02	2.4664802460e-02	-2.7630487057e-02	8.1330154770e-05	3.7645925192e-05
6.4400000000e+02	2.4702448934e-02	-2.7711846470e-02	8.1388657460e-05	3.7647022079e-05
6.4500000000e+02	2.4740096503e-02	-2.7793264342e-02	8.1447071077e-05	3.7648113912e-05
6.4600000000e+02	2.4777745161e-02	-2.7874740583e-02	8.1505395887e-05	3.7649200721e-05
6.4700000000e+02	2.4815394903e-02	-2.7956275104e-02	8.1563632159e-05	3.7650282538e-05
6.4800000000e+02	2.4853045724e-02	-2.8037867818e-02	8.1621780157e-05	3.7651359392e-05
6.4900000000e+02	2.4890697620e-02	-2.8119518635e-02	8.1679840146e-05	3.7652431314e-05
6.5000000000e+02	2.4928350585e-02	-2.8201227469e-02	8.1737812390e-05	3.7653498334e-05
6.5100000000e+02	2.4966004615e-02	-2.8282994231e-02	8.1795697151e-05	3.7654560482e-05
6.5200000000e+02	2.5003659704e-02	-2.8364818834e-02	8.1853494690e-05	3.7655617787e-05
6.5300000000e+02	2.5041315849e-02	-2.8446701191e-02	8.1911205268e-05	3.7656670278e-05
6.5400000000e+02	2.5078973043e-02	-2.8528641215e-02	8.1968829142e-05	3.7657717985e-05
6.5500000000e+02	2.5116631283e-02	-2.8610638820e-02	8.2026366571e-05	3.7658760937e-05
6.5600000000e+02	2.5154290564e-02	-2.8692693920e-02	8.2083817810e-05	3.7659799162e-05
6.5700000000e+02	2.5191950880e-02	-2.8774806427e-02	8.2141183116e-05	3.7660832689e-05
6.5800000000e+02	2.5229612227e-02	-2.8856976257e-02	8.2198462743e-05	3.7661861546e-05
6.5900000000e+02	2.5267274602e-02	-2.8939203324e-02	8.2255656944e-05	3.7662885761e-05
6.6000000000e+02	2.5304937997e-02	-2.9021487543e-02	8.2312765970e-05	3.7663905361e-05
6.6100000000e+02	2.5342602411e-02	-2.9103828828e-02	8.2369790074e-05	3.7664920375e-05
6.6200000000e+02	2.5380267837e-02	-2.9186227095e-02	8.2426729504e-05	3.7665930830e-05
6.6300000000e+02	2.5417934271e-02	-2.9268682259e-02	8.2483584510e-05	3.7666936753e-05
6.6400000000e+02	2.5455601709e-02	-2.9351194236e-02	8.2540355338e-05	3.7667938171e-05
6.6500000000e+02	2.5493270146e-02	-2.9433762942e-02	8.2597042237e-05	3.7668935111e-05
6.6600000000e+02	2.5530939577e-02	-2.9516388292e-02	8.2653645450e-05	3.7669927600e-05
6.6700000000e+02	2.5568609999e-02	-2.9599070205e-02	8.2710165224e-05	3.7670915663e-05
6.6800000000e+02	2.5606281407e-02	-2.9681808595e-02	8.2766601800e-05	3.7671899328e-05
6.6900000000e+02	2.5643953797e-02	-2.9764603381e-02	8.2822955422e-05	3.7672878619e-05
6.7000000000e+02	2.5681627163e-02	-2.9847454478e-02	8.2879226331e-05	3.7673853564e-05
6.7100000000e+02	2.5719301502e-02	-2.9930361806e-02	8.2935414766e-05	3.7674824187e-05
6.7200000000e+02	2.5756976810e-02	-3.0013325281e-02	8.2991520968e-05	3.7675790514e-05
6.7300000000e+02	2.5794653082e-02	-3.0096344820e-02	8.3047545174e-05	3.7676752571e-05
6.7400000000e+02	2.5832330314e-02	-3.0179420344e-02	8.3103487622e-05	3.7677710382e-05
6.7500000000e+02	2.5870008501e-02	-3.0262551769e-02	8.3159348548e-05	3.7678663972e-05
6.7600000000e+02	2.5907687640e-02	-3.0345739014e-02	8.3215128186e-05	3.7679613366e-05
6.7700000000e+02	2.5945367727e-02	-3.0428981998e-02	8.3270826772e-05	3.7680558589e-05
6.7800000000e+02	2.5983048756e-02	-3.0512280640e-02	8.3326444537e-05	3.7681499664e-05
6.7900000000e+02	2.6020730725e-02	-3.0595634860e-02	8.3381981715e-05	3.7682436617e-05
6.8000000000e+02	2.6058413628e-02	-3.0679044577e-02	8.3437438537e-05	3.7683369471e-05
6.8100000000e+02	2.6096097462e-02	-3.0762509710e-02	8.3492815231e-05	3.7684298249e-05
6.8200000000e+02	2.6133782223e-02	-3.0846030181e-02	8.3548112029e-05	3.7685222977e-05
6.8300000000e+02	2.6171467907e-02	-3.0929605908e-02	8.3603329158e-05	3.7686143676e-05
6.8400000000e+02	2.6209154509e-02	-3.1013236813e-02	8.3658466845e-05	3.7687060371e-05
6.8500000000e+02	2.6246842026e-02	-3.1096922815e-02	8.3713525316e-05	3.7687973084e-05
6.8600000000e+02	2.6284530454e-02	-3.1180663837e-02	8.3768504797e-05	3.7688881838e-05
6.8700000000e+02	2.6322219789e-02	-3.1264459799e-02	8.3823405513e-05	3.7689786657e-05
6.8800000000e+02	2.6359910026e-02	-3.1348310622e-02	8.3878227686e-05	3.7690687563e-05
6.8900000000e+02	2.6397601162e-02	-3.1432216228e-02	8.3932971539e-05	3.7691584578e-05
6.9000000000e+02	2.6435293194e-02	-3.1516176539e-02	8.3987637294e-05	3.7692477725e-05
6.9100000000e+02	2.6472986117e-02	-3.1600191476e-02	8.4042225171e-05	3.7693367026e-05
6.9200000000e+02	2.6510679927e-02	-3.1684260963e-02	8.4096735390e-05	3.7694252503e-05
6.9300000000e+02	2.6548374620e-02	-3.1768384921e-02	8.4151168170e-05	3.7695134178e-05
6.9400000000e+02	2.6586070194e-02	-3.1852563274e-02	8.4205523728e-05	3.7696012072e-05
6.9500000000e+02	2.6623766643e-02	-3.1936795943e-02	8.4259802283e-05	3.7696886207e-05
6.9600000000e+02	2.6661463965e-02	-3.2021082853e-02	8.4314004048e-05	3.7697756605e-05
6.9700000000e+02	2.6699162155e-02	-3.2105423926e-02	8.4368129241e-05	3.7698623286e-05
6.9800000000e+02	2.6736861210e-02	-3.2189819086e-02	8.4422178075e-05	3.7699486272e-05
6.9900000000e+02	2.6774561126e-02	-3.2274268257e-02	8.4476150763e-05	3.7700345584e-05
7.0000000000e+02	2.6812261900e-02	-3.2358771362e-02	8.4530047517e-05	3.7701201242e-05
7.0100000000e+02	2.6849963528e-02	-3.2443328326e-02	8.4583868551e-05	3.7702053268e-05
7.0200000000e+02	2.6887666006e-02	-3.2527939074e-02	8.4637614073e-05	3.7702901681e-05
7.0300000000e+02	2.6925369330e-02	-3.2612603529e-02	8.4691284295e-05	3.7703746502e-05
7.0400000000e+02	2.6963073497e-02	-3.2697321618e-02	8.4744879425e-05	3.7704587751e-05
7.0500000000e+02	2.7000778504e-02	-3.2782093263e-02	8.4798399670e-05	3.7705425448e-05
7.0600000000e+02	2.7038484347e-02	-3.2866918392e-02	8.4851845239e-05	3.7706259614e-05
7.0700000000e+02	2.7076191022e-02	-3.2951796929e-02	8.4905216338e-05	3.7707090267e-05
7.0800000000e+02	2.7113898526e-02	-3.3036728800e-02	8.4958513173e-05	3.7707917428e-05
7.0900000000e+02	2.7151606856e-02	-3.3121713931e-02	8.5011735947e-05	3.7708741117e-05
7.1000000000e+02	2.7189316008e-02	-3.3206752247e-02	8.5064884866e-05	3.7709561352e-05
7.1100000000e+02	2.7227025978e-02	-3.3291843676e-02	8.5117960131e-05	3.7710378152e-05
7.1200000000e+02	2.7264736763e-02	-3.3376988143e-02	8.5170961946e-05	3.7711191538e-05
7.1300000000e+02	2.7302448359e-02	-3.3462185575e-02	8.5223890512e-05	3.7712001527e-05
7.1400000000e+02	2.7340160765e-02	-3.3547435900e-02	8.5276746028e-05	3.7712808139e-05
7.1500000000e+02	2.7377873975e-02	-3.3632739043e-02	8.5329528696e-05	3.7713611393e-05
7.1600000000e+02	2.7415587986e-02	-3.3718094933e-02	8.5382238714e-05	3.7714411306e-05
7.1700000000e+02	2.7453302796e-02	-3.3803503496e-02	8.5434876280e-05	3.7715207898e-05
7.1800000000e+02	2.7491018401e-02	-3.3888964661e-02	8.5487441591e-05	3.7716001187e-05
7.1900000000e+02	2.7528734797e-02	-3.3974478355e-02	8.5539934844e-05	3.7716791191e-05
7.2000000000e+02	2.7566451982e-02	-3.4060044507e-02	8.5592356235e-05	3.7717577928e-05
7.2100000000e+02	2.7604169952e-02	-3.4145663044e-02	8.5644705959e-05	3.7718361416e-05
7.2200000000e+02	2.7641888704e-02	-3.4231333895e-02	8.5696984209e-05	3.7719141672e-05
7.2300000000e+02	2.7679608234e-02	-3.4317056989e-02	8.5749191180e-05	3.7719918716e-05
7.2400000000e+02	2.7717328540e-02	-3.4402832254e-02	8.5801327064e-05	3.7720692563e-05
7.2500000000e+02	2.7755049619e-02	-3.4488659619e-02	8.5853392052e-05	3.7721463233e-05
7.2600000000e+02	2.7792771466e-02	-3.4574539014e-02	8.5905386336e-05	3.7722230741e-05
7.2700000000e+02	2.7830494079e-02	-3.4660470368e-02	8.5957310106e-05	3.7722995105e-05
7.2800000000e+02	2.7868217455e-02	-3.4746453611e-02	8.6009163552e-05	3.7723756343e-05
7.2900000000e+02	2.7905941591e-02	-3.4832488672e-02	8.6060946862e-05	3.7724514471e-05
7.3000000000e+02	2.7943666483e-02	-3.4918575481e-02	8.6112660225e-05	3.7725269507e-05
7.3100000000e+02	2.7981392129e-02	-3.5004713969e-02	8.6164303828e-05	3.7726021466e-05
7.3200000000e+02	2.8019118525e-02	-3.5090904066e-02	8.6215877856e-05	3.7726770367e-05
7.3300000000e+02	2.8056845668e-02	-3.5177145702e-02	8.6267382497e-05	3.7727516224e-05
7.3400000000e+02	2.8094573556e-02	-3.5263438808e-02	8.6318817935e-05	3.7728259055e-05
7.3500000000e+02	2.8132302185e-02	-3.5349783315e-02	8.6370184354e-05	3.7728998876e-05
7.3600000000e+02	2.8170031553e-02	-3.5436179154e-02	8.6421481938e-05	3.7729735703e-05
7.3700000000e+02	2.8207761656e-02	-3.5522626256e-02	8.6472710871e-05	3.7730469553e-05
7.3800000000e+02	2.8245492491e-02	-3.5609124553e-02	8.6523871333e-05	3.7731200440e-05
7.3900000000e+02	2.8283224056e-02	-3.5695673976e-02	8.6574963507e-05	3.7731928382e-05
7.4000000000e+02	2.8320956347e-02	-3.5782274457e-02	8.6625987573e-05	3.7732653394e-05
7.4100000000e+02	2.8358689362e-02	-3.5868925928e-02	8.6676943711e-05	3.7733375492e-05
7.4200000000e+02	2.8396423097e-02	-3.5955628322e-02	8.6727832101e-05	3.7734094691e-05
7.4300000000e+02	2.8434157550e-02	-3.6042381570e-02	8.6778652920e-05	3.7734811006e-05
7.4400000000e+02	2.8471892718e-02	-3.6129185605e-02	8.6829406348e-05	3.7735524454e-05
7.4500000000e+02	2.8509628598e-02	-3.6216040360e-02	8.6880092561e-05	3.7736235049e-05
7.4600000000e+02	2.8547365187e-02	-3.6302945768e-02	8.6930711736e-05	3.7736942806e-05
7.4700000000e+02	2.8585102483e-02	-3.6389901761e-02	8.6981264048e-05	3.7737647741e-05
7.4800000000e+02	2.8622840482e-02	-3.6476908274e-02	8.7031749673e-05	3.7738349868e-05
7.4900000000e+02	2.8660579181e-02	-3.6563965238e-02	8.7082168785e-05	3.7739049203e-05
7.5000000000e+02	2.8698318579e-02	-3.6651072589e-02	8.7132521558e-05	3.7739745760e-05
7.5100000000e+02	2.8736058672e-02	-3.6738230260e-02	8.7182808165e-05	3.7740439554e-05
7.5200000000e+02	2.8773799457e-02	-3.6825438184e-02	8.7233028778e-05	3.7741130599e-05
7.5300000000e+02	2.8811540932e-02	-3.6912696295e-02	8.7283183569e-05	3.7741818910e-05
7.5400000000e+02	2.8849283094e-02	-3.7000004529e-02	8.7333272710e-05	3.7742504501e-05
7.5500000000e+02	2.8887025940e-02	-3.7087362819e-02	8.7383296370e-05	3.7743187387e-05
7.5600000000e+02	2.8924769468e-02	-3.7174771100e-02	8.7433254719e-05	3.7743867581e-05
7.5700000000e+02	2.8962513675e-02	-3.7262229306e-02	8.7483147928e-05	3.7744545098e-05
7.5800000000e+02	2.9000258557e-02	-3.7349737374e-02	8.7532976163e-05	3.7745219952e-05
7.5900000000e+02	2.9038004114e-02	-3.7437295237e-02	8.7582739593e-05	3.7745892157e-05
7.6000000000e+02	2.9075750341e-02	-3.7524902832e-02	8.7632438385e-05	3.7746561727e-05
7.6100000000e+02	2.9113497236e-02	-3.7612560092e-02	8.7682072705e-05	3.7747228675e-05
7.6200000000e+02	2.9151244797e-02	-3.7700266956e-02	8.7731642720e-05	3.7747893014e-05
7.6300000000e+02	2.9188993021e-02	-3.7788023357e-02	8.7781148595e-05	3.7748554760e-05
7.6400000000e+02	2.9226741906e-02	-3.7875829231e-02	8.7830590494e-05	3.7749213924e-05
7.6500000000e+02	2.9264491448e-02	-3.7963684516e-02	8.7879968581e-05	3.7749870520e-05
7.6600000000e+02	2.9302241646e-02	-3.8051589147e-02	8.7929283020e-05	3.7750524563e-05
7.6700000000e+02	2.9339992497e-02	-3.8139543061e-02	8.7978533974e-05	3.7751176064e-05
7.6800000000e+02	2.9377743997e-02	-3.8227546194e-02	8.8027721604e-05	3.7751825037e-05
7.6900000000e+02	2.9415496146e-02	-3.8315598483e-02	8.8076846072e-05	3.7752471495e-05
7.7000000000e+02	2.9453248940e-02	-3.8403699865e-02	8.8125907539e-05	3.7753115452e-05
7.7100000000e+02	2.9491002376e-02	-3.8491850277e-02	8.8174906165e-05	3.7753756919e-05
7.7200000000e+02	2.9528756453e-02	-3.8580049657e-02	8.8223842111e-05	3.7754395910e-05
7.7300000000e+02	2.9566511167e-02	-3.8668297941e-02	8.8272715534e-05	3.7755032437e-05
7.7400000000e+02	2.9604266517e-02	-3.8756595067e-02	8.8321526594e-05	3.7755666513e-05
7.7500000000e+02	2.9642022499e-02	-3.8844940973e-02	8.8370275448e-05	3.7756298151e-05
7.7600000000e+02	2.9679779112e-02	-3.8933335597e-02	8.8418962254e-05	3.7756927363e-05
7.7700000000e+02	2.9717536353e-02	-3.9021778877e-02	8.8467587169e-05	3.7757554161e-05
7.7800000000e+02	2.9755294220e-02	-3.9110270751e-02	8.8516150348e-05	3.7758178558e-05
7.7900000000e+02	2.9793052709e-02	-3.9198811157e-02	8.8564651947e-05	3.7758800567e-05
7.8000000000e+02	2.9830811820e-02	-3.9287400034e-02	8.8613092121e-05	3.7759420198e-05
7.8100000000e+02	2.9868571549e-02	-3.9376037321e-02	8.8661471025e-05	3.7760037464e-05
7.8200000000e+02	2.9906331894e-02	-3.9464722956e-02	8.8709788811e-05	3.7760652378e-05
7.8300000000e+02	2.9944092853e-02	-3.9553456878e-02	8.8758045634e-05	3.7761264950e-05
7.8400000000e+02	2.9981854423e-02	-3.9642239027e-02	8.8806241646e-05	3.7761875194e-05
7.8500000000e+02	3.0019616603e-02	-3.9731069341e-02	8.8854376999e-05	3.7762483120e-05
7.8600000000e+02	3.0057379389e-02	-3.9819947761e-02	8.8902451844e-05	3.7763088741e-05
7.8700000000e+02	3.0095142779e-02	-3.9908874225e-02	8.8950466334e-05	3.7763692068e-05
7.8800000000e+02	3.0132906772e-02	-3.9997848674e-02	8.8998420616e-05	3.7764293113e-05
7.8900000000e+02	3.0170671365e-02	-4.0086871046e-02	8.9046314843e-05	3.7764891887e-05
7.9000000000e+02	3.0208436555e-02	-4.0175941283e-02	8.9094149163e-05	3.7765488401e-05
7.9100000000e+02	3.0246202341e-02	-4.0265059325e-02	8.9141923724e-05	3.7766082667e-05
7.9200000000e+02	3.0283968720e-02	-4.0354225111e-02	8.9189638675e-05	3.7766674696e-05
7.9300000000e+02	3.0321735690e-02	-4.0443438582e-02	8.9237294164e-05	3.7767264500e-05
7.9400000000e+02	3.0359503248e-02	-4.0532699679e-02	8.9284890337e-05	3.7767852089e-05
7.9500000000e+02	3.0397271393e-02	-4.0622008343e-02	8.9332427341e-05	3.7768437474e-05
7.9600000000e+02	3.0435040122e-02	-4.0711364514e-02	8.9379905322e-05	3.7769020667e-05
7.9700000000e+02	3.0472809434e-02	-4.0800768134e-02	8.9427324426e-05	3.7769601679e-05
7.9800000000e+02	3.0510579325e-02	-4.0890219144e-02	8.9474684798e-05	3.7770180520e-05
7.9900000000e+02	3.0548349794e-02	-4.0979717484e-02	8.9521986581e-05	3.7770757200e-05
8.0000000000e+02	3.0586120839e-02	-4.1069263097e-02	8.9569229920e-05	3.7771331732e-05
8.0100000000e+02	3.0623892457e-02	-4.1158855925e-02	8.9616414958e-05	3.7771904125e-05
8.0200000000e+02	3.0661664646e-02	-4.1248495908e-02	8.9663541838e-05	3.7772474390e-05
8.0300000000e+02	3.0699437405e-02	-4.1338182989e-02	8.9710610702e-05	3.7773042537e-05
8.0400000000e+02	3.0737210731e-02	-4.1427917110e-02	8.9757621692e-05	3.7773608578e-05
8.0500000000e+02	3.0774984621e-02	-4.1517698213e-02	8.9804574950e-05	3.7774172522e-05
8.0600000000e+02	3.0812759075e-02	-4.1607526241e-02	8.9851470615e-05	3.7774734379e-05
8.0700000000e+02	3.0850534089e-02	-4.1697401135e-02	8.9898308828e-05	3.7775294161e-05
8.0800000000e+02	3.0888309662e-02	-4.1787322839e-02	8.9945089730e-05	3.7775851876e-05
8.0900000000e+02	3.0926085792e-02	-4.1877291296e-02	8.9991813459e-05	3.7776407536e-05
8.1000000000e+02	3.0963862477e-02	-4.1967306447e-02	9.0038480153e-05	3.7776961151e-05
8.1100000000e+02	3.1001639714e-02	-4.2057368237e-02	9.0085089952e-05	3.7777512730e-05
8.1200000000e+02	3.1039417502e-02	-4.2147476608e-02	9.0131642992e-05	3.7778062283e-05
8.1300000000e+02	3.1077195838e-02	-4.2237631504e-02	9.0178139412e-05	3.7778609820e-05
8.1400000000e+02	3.1114974721e-02	-4.2327832868e-02	9.0224579347e-05	3.7779155352e-05
8.1500000000e+02	3.1152754148e-02	-4.2418080644e-02	9.0270962935e-05	3.7779698887e-05
8.1600000000e+02	3.1190534118e-02	-4.2508374775e-02	9.0317290310e-05	3.7780240436e-05
8.1700000000e+02	3.1228314628e-02	-4.2598715206e-02	9.0363561608e-05	3.7780780008e-05
8.1800000000e+02	3.1266095677e-02	-4.2689101880e-02	9.0409776964e-05	3.7781317613e-05
8.1900000000e+02	3.1303877263e-02	-4.2779534741e-02	9.0455936513e-05	3.7781853260e-05
8.2000000000e+02	3.1341659383e-02	-4.2870013734e-02	9.0502040387e-05	3.7782386959e-05
8.2100000000e+02	3.1379442036e-02	-4.2960538803e-02	9.0548088720e-05	3.7782918720e-05
8.2200000000e+02	3.1417225220e-02	-4.3051109893e-02	9.0594081646e-05	3.7783448551e-05
8.2300000000e+02	3.1455008932e-02	-4.3141726948e-02	9.0640019296e-05	3.7783976462e-05
8.2400000000e+02	3.1492793172e-02	-4.3232389913e-02	9.0685901803e-05	3.7784502462e-05
8.2500000000e+02	3.1530577937e-02	-4.3323098734e-02	9.0731729297e-05	3.7785026560e-05
8.2600000000e+02	3.1568363225e-02	-4.3413853354e-02	9.0777501911e-05	3.7785548767e-05
8.2700000000e+02	3.1606149034e-02	-4.3504653719e-02	9.0823219774e-05	3.7786069089e-05
8.2800000000e+02	3.1643935362e-02	-4.3595499775e-02	9.0868883016e-05	3.7786587538e-05
8.2900000000e+02	3.1681722208e-02	-4.3686391467e-02	9.0914491767e-05	3.7787104121e-05
8.3000000000e+02	3.1719509570e-02	-4.3777328741e-02	9.0960046157e-05	3.7787618847e-05
8.3100000000e+02	3.1757297445e-02	-4.3868311541e-02	9.1005546313e-05	3.7788131726e-05
8.3200000000e+02	3.1795085833e-02	-4.3959339815e-02	9.1050992365e-05	3.7788642766e-05
8.3300000000e+02	3.1832874730e-02	-4.4050413508e-02	9.1096384440e-05	3.7789151977e-05
8.3400000000e+02	3.1870664136e-02	-4.4141532566e-02	9.1141722664e-05	3.7789659366e-05
8.3500000000e+02	3.1908454048e-02	-4.4232696935e-02	9.1187007166e-05	3.7790164942e-05
8.3600000000e+02	3.1946244465e-02	-4.4323906563e-02	9.1232238071e-05	3.7790668715e-05
8.3700000000e+02	3.1984035385e-02	-4.4415161394e-02	9.1277415506e-05	3.7791170692e-05
8.3800000000e+02	3.2021826806e-02	-4.4506461376e-02	9.1322539596e-05	3.7791670882e-05
8.3900000000e+02	3.2059618726e-02	-4.4597806455e-02	9.1367610467e-05	3.7792169293e-05
8.4000000000e+02	3.2097411144e-02	-4.4689196579e-02	9.1412628242e-05	3.7792665935e-05
8.4100000000e+02	3.2135204057e-02	-4.4780631694e-02	9.1457593046e-05	3.7793160815e-05
8.4200000000e+02	3.2172997465e-02	-4.4872111747e-02	9.1502505003e-05	3.7793653942e-05
8.4300000000e+02	3.2210791365e-02	-4.4963636686e-02	9.1547364236e-05	3.7794145323e-05
8.4400000000e+02	3.2248585755e-02	-4.5055206458e-02	9.1592170869e-05	3.7794634968e-05
8.4500000000e+02	3.2286380634e-02	-4.5146821011e-02	9.1636925024e-05	3.7795122883e-05
8.4600000000e+02	3.2324176000e-02	-4.5238480291e-02	9.1681626822e-05	3.7795609079e-05
8.4700000000e+02	3.2361971852e-02	-4.5330184247e-02	9.1726276386e-05	3.7796093561e-05
8.4800000000e+02	3.2399768187e-02	-4.5421932826e-02	9.1770873836e-05	3.7796576340e-05
8.4900000000e+02	3.2437565004e-02	-4.5513725977e-02	9.1815419295e-05	3.7797057421e-05
8.5000000000e+02	3.2475362301e-02	-4.5605563648e-02	9.1859912881e-05	3.7797536814e-05
8.5100000000e+02	3.2513160077e-02	-4.5697445786e-02	9.1904354715e-05	3.7798014527e-05
8.5200000000e+02	3.2550958330e-02	-4.5789372340e-02	9.1948744917e-05	3.7798490566e-05
8.5300000000e+02	3.2588757058e-02	-4.5881343258e-02	9.1993083606e-05	3.7798964940e-05
8.5400000000e+02	3.2626556259e-02	-4.5973358490e-02	9.2037370900e-05	3.7799437657e-05
8.5500000000e+02	3.2664355932e-02	-4.6065417983e-02	9.2081606919e-05	3.7799908725e-05
8.5600000000e+02	3.2702156076e-02	-4.6157521687e-02	9.2125791779e-05	3.7800378150e-05
8.5700000000e+02	3.2739956688e-02	-4.6249669550e-02	9.2169925598e-05	3.7800845941e-05
8.5800000000e+02	3.2777757767e-02	-4.6341861521e-02	9.2214008494e-05	3.7801312105e-05
8.5900000000e+02	3.2815559312e-02	-4.6434097550e-02	9.2258040584e-05	3.7801776650e-05
8.6000000000e+02	3.2853361320e-02	-4.6526377585e-02	9.2302021983e-05	3.7802239583e-05
8.6100000000e+02	3.2891163790e-02	-4.6618701577e-02	9.2345952807e-05	3.7802700912e-05
8.6200000000e+02	3.2928966721e-02	-4.6711069474e-02	9.2389833173e-05	3.7803160644e-05
8.6300000000e+02	3.2966770111e-02	-4.6803481226e-02	9.2433663195e-05	3.7803618786e-05
8.6400000000e+02	3.3004573958e-02	-4.6895936784e-02	9.2477442988e-05	3.7804075346e-05
8.6500000000e+02	3.3042378261e-02	-4.6988436096e-02	9.2521172667e-05	3.7804530331e-05
8.6600000000e+02	3.3080183018e-02	-4.7080979112e-02	9.2564852345e-05	3.7804983748e-05
8.6700000000e+02	3.3117988228e-02	-4.7173565784e-02	9.2608482136e-05	3.7805435604e-05
8.6800000000e+02	3.3155793889e-02	-4.7266196060e-02	9.2652062153e-05	3.7805885907e-05
8.6900000000e+02	3.3193600000e-02	-4.7358869892e-02	9.2695592510e-05	3.7806334664e-05
8.7000000000e+02	3.3231406558e-02	-4.7451587229e-02	9.2739073318e-05	3.7806781881e-05
8.7100000000e+02	3.3269213563e-02	-4.7544348022e-02	9.2782504689e-05	3.7807227566e-05
8.7200000000e+02	3.3307021013e-02	-4.7637152222e-02	9.2825886736e-05	3.7807671726e-05
8.7300000000e+02	3.3344828906e-02	-4.7729999779e-02	9.2869219570e-05	3.7808114367e-05
8.7400000000e+02	3.3382637241e-02	-4.7822890644e-02	9.2912503301e-05	3.7808555497e-05
8.7500000000e+02	3.3420446016e-02	-4.7915824769e-02	9.2955738040e-05	3.7808995123e-05
8.7600000000e+02	3.3458255231e-02	-4.8008802104e-02	9.2998923898e-05	3.7809433250e-05
8.7700000000e+02	3.3496064882e-02	-4.8101822601e-02	9.3042060984e-05	3.7809869887e-05
8.7800000000e+02	3.3533874970e-02	-4.8194886210e-02	9.3085149407e-05	3.7810305039e-05
8.7900000000e+02	3.3571685492e-02	-4.8287992883e-02	9.3128189278e-05	3.7810738714e-05
8.8000000000e+02	3.3609496447e-02	-4.8381142572e-02	9.3171180703e-05	3.7811170918e-05
8.8100000000e+02	3.3647307833e-02	-4.8474335229e-02	9.3214123793e-05	3.7811601658e-05
8.8200000000e+02	3.3685119650e-02	-4.8567570804e-02	9.3257018655e-05	3.7812030941e-05
8.8300000000e+02	3.3722931895e-02	-4.8660849250e-02	9.3299865396e-05	3.7812458772e-05
8.8400000000e+02	3.3760744567e-02	-4.8754170519e-02	9.3342664123e-05	3.7812885159e-05
8.8500000000e+02	3.3798557664e-02	-4.8847534562e-02	9.3385414945e-05	3.7813310107e-05
8.8600000000e+02	3.3836371186e-02	-4.8940941332e-02	9.3428117967e-05	3.7813733625e-05
8.8700000000e+02	3.3874185131e-02	-4.9034390782e-02	9.3470773296e-05	3.7814155717e-05
8.8800000000e+02	3.3911999497e-02	-4.9127882863e-02	9.3513381037e-05	3.7814576390e-05
8.8900000000e+02	3.3949814283e-02	-4.9221417528e-02	9.3555941296e-05	3.7814995651e-05
8.9000000000e+02	3.3987629488e-02	-4.9314994730e-02	9.3598454178e-05	3.7815413505e-05
8.9100000000e+02	3.4025445110e-02	-4.9408614421e-02	9.3640919788e-05	3.7815829960e-05
8.9200000000e+02	3.4063261148e-02	-4.9502276554e-02	9.3683338230e-05	3.7816245022e-05
8.9300000000e+02	3.4101077600e-02	-4.9595981082e-02	9.3725709610e-05	3.7816658695e-05
8.9400000000e+02	3.4138894465e-02	-4.9689727957e-02	9.3768034029e-05	3.7817070988e-05
8.9500000000e+02	3.4176711741e-02	-4.9783517134e-02	9.3810311592e-05	3.7817481906e-05
8.9600000000e+02	3.4214529428e-02	-4.9877348565e-02	9.3852542403e-05	3.7817891454e-05
8.9700000000e+02	3.4252347524e-02	-4.9971222203e-02	9.3894726563e-05	3.7818299640e-05
8.9800000000e+02	3.4290166027e-02	-5.0065138003e-02	9.3936864175e-05	3.7818706468e-05
8.9900000000e+02	3.4327984936e-02	-5.0159095916e-02	9.3978955342e-05	3.7819111946e-05
9.0000000000e+02	3.4365804250e-02	-5.0253095898e-02	9.4021000165e-05	3.7819516079e-05
9.0100000000e+02	3.4403623968e-02	-5.0347137901e-02	9.4062998745e-05	3.7819918873e-05
9.0200000000e+02	3.4441444087e-02	-5.0441221880e-02	9.4104951183e-05	3.7820320334e-05
9.0300000000e+02	3.4479264608e-02	-5.0535347788e-02	9.4146857582e-05	3.7820720467e-05
9.0400000000e+02	3.4517085528e-02	-5.0629515580e-02	9.4188718040e-05	3.7821119280e-05
9.0500000000e+02	3.4554906846e-02	-5.0723725209e-02	9.4230532658e-05	3.7821516776e-05
9.0600000000e+02	3.4592728561e-02	-5.0817976630e-02	9.4272301535e-05	3.7821912963e-05
9.0700000000e+02	3.4630550672e-02	-5.0912269797e-02	9.4314024772e-05	3.7822307846e-05
9.0800000000e+02	3.4668373176e-02	-5.1006604664e-02	9.4355702468e-05	3.7822701430e-05
9.0900000000e+02	3.4706196074e-02	-5.1100981187e-02	9.4397334720e-05	3.7823093722e-05
9.1000000000e+02	3.4744019363e-02	-5.1195399319e-02	9.4438921629e-05	3.7823484727e-05
9.1100000000e+02	3.4781843043e-02	-5.1289859015e-02	9.4480463291e-05	3.7823874450e-05
9.1200000000e+02	3.4819667112e-02	-5.1384360230e-02	9.4521959805e-05	3.7824262898e-05
9.1300000000e+02	3.4857491568e-02	-5.1478902919e-02	9.4563411268e-05	3.7824650075e-05
9.1400000000e+02	3.4895316412e-02	-5.1573487038e-02	9.4604817778e-05	3.7825035987e-05
9.1500000000e+02	3.4933141640e-02	-5.1668112540e-02	9.4646179432e-05	3.7825420641e-05
9.1600000000e+02	3.4970967252e-02	-5.1762779382e-02	9.4687496325e-05	3.7825804040e-05
9.1700000000e+02	3.5008793248e-02	-5.1857487518e-02	9.4728768556e-05	3.7826186191e-05
9.1800000000e+02	3.5046619624e-02	-5.1952236904e-02	9.4769996218e-05	3.7826567100e-05
9.1900000000e+02	3.5084446381e-02	-5.2047027495e-02	9.4811179409e-05	3.7826946770e-05
9.2000000000e+02	3.5122273518e-02	-5.2141859248e-02	9.4852318223e-05	3.7827325209e-05
9.2100000000e+02	3.5160101031e-02	-5.2236732117e-02	9.4893412756e-05	3.7827702420e-05
9.2200000000e+02	3.5197928922e-02	-5.2331646059e-02	9.4934463103e-05	3.7828078410e-05
9.2300000000e+02	3.5235757188e-02	-5.2426601029e-02	9.4975469357e-05	3.7828453184e-05
9.2400000000e+02	3.5273585828e-02	-5.2521596983e-02	9.5016431613e-05	3.7828826747e-05
9.2500000000e+02	3.5311414841e-02	-5.2616633877e-02	9.5057349966e-05	3.7829199104e-05
9.2600000000e+02	3.5349244226e-02	-5.2711711668e-02	9.5098224507e-05	3.7829570260e-05
9.2700000000e+02	3.5387073981e-02	-5.2806830312e-02	9.5139055332e-05	3.7829940220e-05
9.2800000000e+02	3.5424904106e-02	-5.2901989764e-02	9.5179842532e-05	3.7830308990e-05
9.2900000000e+02	3.5462734599e-02	-5.2997189982e-02	9.5220586201e-05	3.7830676575e-05
9.3000000000e+02	3.5500565459e-02	-5.3092430922e-02	9.5261286431e-05	3.7831042979e-05
9.3100000000e+02	3.5538396684e-02	-5.3187712541e-02	9.5301943313e-05	3.7831408209e-05
9.3200000000e+02	3.5576228275e-02	-5.3283034794e-02	9.5342556941e-05	3.7831772268e-05
9.3300000000e+02	3.5614060228e-02	-5.3378397640e-02	9.5383127405e-05	3.7832135162e-05
9.3400000000e+02	3.5651892544e-02	-5.3473801035e-02	9.5423654796e-05	3.7832496895e-05
9.3500000000e+02	3.5689725222e-02	-5.3569244935e-02	9.5464139205e-05	3.7832857473e-05
9.3600000000e+02	3.5727558259e-02	-5.3664729299e-02	9.5504580724e-05	3.7833216901e-05
9.3700000000e+02	3.5765391655e-02	-5.3760254083e-02	9.5544979443e-05	3.7833575184e-05
9.3800000000e+02	3.5803225409e-02	-5.3855819244e-02	9.5585335451e-05	3.7833932325e-05
9.3900000000e+02	3.5841059519e-02	-5.3951424739e-02	9.5625648838e-05	3.7834288331e-05
9.4000000000e+02	3.5878893985e-02	-5.4047070527e-02	9.5665919694e-05	3.7834643206e-05
9.4100000000e+02	3.5916728806e-02	-5.4142756564e-02	9.5706148108e-05	3.7834996955e-05
9.4200000000e+02	3.5954563979e-02	-5.4238482809e-02	9.5746334170e-05	3.7835349582e-05
9.4300000000e+02	3.5992399504e-02	-5.4334249219e-02	9.5786477967e-05	3.7835701092e-05
9.4400000000e+02	3.6030235381e-02	-5.4430055751e-02	9.5826579589e-05	3.7836051491e-05
9.4500000000e+02	3.6068071607e-02	-5.4525902364e-02	9.5866639123e-05	3.7836400782e-05
9.4600000000e+02	3.6105908182e-02	-5.4621789015e-02	9.5906656657e-05	3.7836748970e-05
9.4700000000e+02	3.6143745104e-02	-5.4717715663e-02	9.5946632278e-05	3.7837096060e-05
9.4800000000e+02	3.6181582374e-02	-5.4813682266e-02	9.5986566075e-05	3.7837442057e-05
9.4900000000e+02	3.6219419988e-02	-5.4909688781e-02	9.6026458135e-05	3.7837786964e-05
9.5000000000e+02	3.6257257947e-02	-5.5005735168e-02	9.6066308543e-05	3.7838130788e-05
9.5100000000e+02	3.6295096249e-02	-5.5101821385e-02	9.6106117386e-05	3.7838473531e-05
9.5200000000e+02	3.6332934894e-02	-5.5197947389e-02	9.6145884751e-05	3.7838815200e-05
9.5300000000e+02	3.6370773879e-02	-5.5294113140e-02	9.6185610724e-05	3.7839155797e-05
9.5400000000e+02	3.6408613205e-02	-5.5390318597e-02	9.6225295390e-05	3.7839495329e-05
9.5500000000e+02	3.6446452870e-02	-5.5486563717e-02	9.6264938835e-05	3.7839833798e-05
9.5600000000e+02	3.6484292872e-02	-5.5582848461e-02	9.6304541144e-05	3.7840171210e-05
9.5700000000e+02	3.6522133212e-02	-5.5679172786e-02	9.6344102401e-05	3.7840507569e-05
9.5800000000e+02	3.6559973887e-02	-5.5775536652e-02	9.6383622692e-05	3.7840842879e-05
9.5900000000e+02	3.6597814897e-02	-5.5871940018e-02	9.6423102101e-05	3.7841177145e-05
9.6000000000e+02	3.6635656241e-02	-5.5968382843e-02	9.6462540712e-05	3.7841510370e-05
9.6100000000e+02	3.6673497918e-02	-5.6064865086e-02	9.6501938609e-05	3.7841842561e-05
9.6200000000e+02	3.6711339926e-02	-5.6161386706e-02	9.6541295875e-05	3.7842173719e-05
9.6300000000e+02	3.6749182265e-02	-5.6257947664e-02	9.6580612595e-05	3.7842503851e-05
9.6400000000e+02	3.6787024933e-02	-5.6354547918e-02	9.6619888850e-05	3.7842832959e-05
9.6500000000e+02	3.6824867930e-02	-5.6451187428e-02	9.6659124724e-05	3.7843161049e-05
9.6600000000e+02	3.6862711255e-02	-5.6547866154e-02	9.6698320299e-05	3.7843488124e-05
9.6700000000e+02	3.6900554906e-02	-5.6644584055e-02	9.6737475658e-05	3.7843814189e-05
9.6800000000e+02	3.6938398883e-02	-5.6741341092e-02	9.6776590883e-05	3.7844139248e-05
9.6900000000e+02	3.6976243184e-02	-5.6838137224e-02	9.6815666056e-05	3.7844463305e-05
9.7000000000e+02	3.7014087809e-02	-5.6934972411e-02	9.6854701258e-05	3.7844786364e-05
9.7100000000e+02	3.7051932757e-02	-5.7031846613e-02	9.6893696570e-05	3.7845108429e-05
9.7200000000e+02	3.7089778026e-02	-5.7128759791e-02	9.6932652075e-05	3.7845429504e-05
9.7300000000e+02	3.7127623615e-02	-5.7225711904e-02	9.6971567851e-05	3.7845749593e-05
9.7400000000e+02	3.7165469525e-02	-5.7322702913e-02	9.7010443981e-05	3.7846068701e-05
9.7500000000e+02	3.7203315753e-02	-5.7419732779e-02	9.7049280545e-05	3.7846386831e-05
9.7600000000e+02	3.7241162298e-02	-5.7516801461e-02	9.7088077622e-05	3.7846703987e-05
9.7700000000e+02	3.7279009160e-02	-5.7613908921e-02	9.7126835293e-05	3.7847020174e-05
9.7800000000e+02	3.7316856338e-02	-5.7711055118e-02	9.7165553637e-05	3.7847335395e-05
9.7900000000e+02	3.7354703831e-02	-5.7808240015e-02	9.7204232733e-05	3.7847649653e-05
9.8000000000e+02	3.7392551637e-02	-5.7905463571e-02	9.7242872661e-05	3.7847962954e-05
9.8100000000e+02	3.7430399756e-02	-5.8002725747e-02	9.7281473500e-05	3.7848275301e-05
9.8200000000e+02	3.7468248187e-02	-5.8100026505e-02	9.7320035328e-05	3.7848586698e-05
9.8300000000e+02	3.7506096929e-02	-5.8197365805e-02	9.7358558224e-05	3.7848897148e-05
9.8400000000e+02	3.7543945981e-02	-5.8294743608e-02	9.7397042266e-05	3.7849206656e-05
9.8500000000e+02	3.7581795342e-02	-5.8392159876e-02	9.7435487532e-05	3.7849515224e-05
9.8600000000e+02	3.7619645011e-02	-5.8489614571e-02	9.7473894099e-05	3.7849822858e-05
9.8700000000e+02	3.7657494988e-02	-5.8587107652e-02	9.7512262046e-05	3.7850129561e-05
9.8800000000e+02	3.7695345270e-02	-5.8684639082e-02	9.7550591449e-05	3.7850435337e-05
9.8900000000e+02	3.7733195858e-02	-5.8782208822e-02	9.7588882386e-05	3.7850740188e-05
9.9000000000e+02	3.7771046750e-02	-5.8879816834e-02	9.7627134933e-05	3.7851044120e-05
9.9100000000e+02	3.7808897946e-02	-5.8977463079e-02	9.7665349168e-05	3.7851347135e-05
9.9200000000e+02	3.7846749444e-02	-5.9075147519e-02	9.7703525165e-05	3.7851649238e-05
9.9300000000e+02	3.7884601244e-02	-5.9172870117e-02	9.7741663002e-05	3.7851950432e-05
9.9400000000e+02	3.7922453345e-02	-5.9270630833e-02	9.7779762754e-05	3.7852250720e-05
9.9500000000e+02	3.7960305745e-02	-5.9368429629e-02	9.7817824497e-05	3.7852550107e-05
9.9600000000e+02	3.7998158445e-02	-5.9466266469e-02	9.7855848307e-05	3.7852848596e-05
9.9700000000e+02	3.8036011442e-02	-5.9564141313e-02	9.7893834258e-05	3.7853146190e-05
9.9800000000e+02	3.8073864737e-02	-5.9662054125e-02	9.7931782427e-05	3.7853442893e-05
9.9900000000e+02	3.8111718328e-02	-5.9760004866e-02	9.7969692886e-05	3.7853738709e-05
