# total modes from dos = 6.0000111718e+00
# ZPE = 5.2745562141e-03 Ry/cell
# Multiply by 13.6058 to have energies in eV/cell etc..
# Multiply by 13.6058 x 23060.35 = 313 754.5 to have energies in cal/(N mol).
# Multiply by 13.6058 x 96526.0 = 1 313 313 to have energies in J/(N mol).
# N is the number of formula units per cell.
#
# T (K) 	Evib (Ry/cell)	Fvib (Ry/cell)	Svib (Ry/cell/K)	Cvib (Ry/cell/K)
1.0000000000e+00	5.2745562249e-03	5.2745561526e-03	7.2304238063e-11	3.0986909838e-11
2.0000000000e+00	5.2745563188e-03	5.2745560560e-03	1.3141506852e-10	1.8841243688e-10
3.0000000000e+00	5.2745566856e-03	5.2745558617e-03	2.7463625720e-10	5.9761058047e-10
4.0000000000e+00	5.2745576398e-03	5.2745554647e-03	5.4377744258e-10	1.3842691196e-09
5.0000000000e+00	5.2745596221e-03	5.2745547182e-03	9.8077514888e-10	2.6747373518e-09
6.0000000000e+00	5.2745631998e-03	5.2745534332e-03	1.6277596725e-09	4.5965732583e-09
7.0000000000e+00	5.2745690689e-03	5.2745513785e-03	2.5271966796e-09	7.2796051591e-09
8.0000000000e+00	5.2745780572e-03	5.2745482803e-03	3.7221075806e-09	1.0857487231e-08
9.0000000000e+00	5.2745911287e-03	5.2745438212e-03	5.2563824121e-09	1.5469990578e-08
1.0000000000e+01	5.2746093917e-03	5.2745376394e-03	7.1752327009e-09	2.1266660329e-08
1.1000000000e+01	5.2746341116e-03	5.2745293269e-03	9.5258833794e-09	2.8412934686e-08
1.2000000000e+01	5.2746667307e-03	5.2745184270e-03	1.2358643011e-08	3.7099796626e-08
1.3000000000e+01	5.2747089007e-03	5.2745044306e-03	1.5728467005e-08	4.7557050117e-08
1.4000000000e+01	5.2747625288e-03	5.2744867706e-03	1.9697018634e-08	6.0068725889e-08
1.5000000000e+01	5.2748298397e-03	5.2744648135e-03	2.4335078888e-08	7.4987843151e-08
1.6000000000e+01	5.2749134504e-03	5.2744378499e-03	2.9725028636e-08	9.2747456435e-08
1.7000000000e+01	5.2750164532e-03	5.2744050810e-03	3.5963074518e-08	1.1386562101e-07
1.8000000000e+01	5.2751425006e-03	5.2743656040e-03	4.3160920530e-08	1.3894317236e-07
1.9000000000e+01	5.2752958835e-03	5.2743183967e-03	5.1446676111e-08	1.6865451440e-07
2.0000000000e+01	5.2754815981e-03	5.2742623000e-03	6.0964903611e-08	2.0373259760e-07
2.1000000000e+01	5.2757053949e-03	5.2741960028e-03	7.1875814066e-08	2.4494981659e-07
2.2000000000e+01	5.2759738077e-03	5.2741180262e-03	8.4353702624e-08	2.9309670325e-07
2.3000000000e+01	5.2762941607e-03	5.2740267111e-03	9.8584767677e-08	3.4896014826e-07
2.4000000000e+01	5.2766745548e-03	5.2739202072e-03	1.1476448253e-07	4.1330257633e-07
2.5000000000e+01	5.2771238326e-03	5.2737964653e-03	1.3309469096e-07	4.8684312940e-07
2.6000000000e+01	5.2776515278e-03	5.2736532326e-03	1.5378058503e-07	5.7024154748e-07
2.7000000000e+01	5.2782677983e-03	5.2734880504e-03	1.7702770165e-07	6.6408511721e-07
2.8000000000e+01	5.2789833491e-03	5.2732982557e-03	2.0303904815e-07	7.6887880062e-07
2.9000000000e+01	5.2798093456e-03	5.2730809849e-03	2.3201244040e-07	8.8503846338e-07
3.0000000000e+01	5.2807573233e-03	5.2728331800e-03	2.6413811203e-07	1.0128869867e-06
3.1000000000e+01	5.2818390931e-03	5.2725515976e-03	2.9959663127e-07	1.1526529620e-06
3.2000000000e+01	5.2830666478e-03	5.2722328192e-03	3.3855714345e-07	1.3044716193e-06
3.3000000000e+01	5.2844520698e-03	5.2718732637e-03	3.8117594210e-07	1.4683876272e-06
3.4000000000e+01	5.2860074426e-03	5.2714692003e-03	4.2759536041e-07	1.6443594007e-06
3.5000000000e+01	5.2877447672e-03	5.2710167634e-03	4.7794296593e-07	1.8322645800e-06
3.6000000000e+01	5.2896758847e-03	5.2705119674e-03	5.3233103592e-07	2.0319063652e-06
3.7000000000e+01	5.2918124047e-03	5.2699507221e-03	5.9085628667e-07	2.2430204307e-06
3.8000000000e+01	5.2941656420e-03	5.2693288485e-03	6.5359982837e-07	2.4652821772e-06
3.9000000000e+01	5.2967465596e-03	5.2686420943e-03	7.2062731637e-07	2.6983141157e-06
4.0000000000e+01	5.2995657197e-03	5.2678861489e-03	7.9198927016e-07	2.9416932134e-06
4.1000000000e+01	5.3026332417e-03	5.2670566588e-03	8.6772153250e-07	3.1949580651e-06
4.2000000000e+01	5.3059587671e-03	5.2661492417e-03	9.4784584282e-07	3.4576157804e-06
4.3000000000e+01	5.3095514318e-03	5.2651595002e-03	1.0323705011e-06	3.7291485069e-06
4.4000000000e+01	5.3134198437e-03	5.2640830352e-03	1.1212911009e-06	4.0090195293e-06
4.5000000000e+01	5.3175720670e-03	5.2629154580e-03	1.2145913113e-06	4.2966789076e-06
4.6000000000e+01	5.3220156116e-03	5.2616524018e-03	1.3122436928e-06	4.5915686299e-06
4.7000000000e+01	5.3267574273e-03	5.2602895324e-03	1.4142105293e-06	4.8931272729e-06
4.8000000000e+01	5.3318039022e-03	5.2588225582e-03	1.5204446674e-06	5.2007941721e-06
4.9000000000e+01	5.3371608662e-03	5.2572472391e-03	1.6308903487e-06	5.5140131124e-06
5.0000000000e+01	5.3428335962e-03	5.2555593947e-03	1.7454840284e-06	5.8322355578e-06
5.1000000000e+01	5.3488268256e-03	5.2537549118e-03	1.8641551729e-06	6.1549234433e-06
5.2000000000e+01	5.3551447563e-03	5.2518297508e-03	1.9868270294e-06	6.4815515540e-06
5.3000000000e+01	5.3617910719e-03	5.2497799516e-03	2.1134173641e-06	6.8116095222e-06
5.4000000000e+01	5.3687689538e-03	5.2476016388e-03	2.2438391660e-06	7.1446034702e-06
5.5000000000e+01	5.3760810986e-03	5.2452910264e-03	2.3780013119e-06	7.4800573318e-06
5.6000000000e+01	5.3837297358e-03	5.2428444209e-03	2.5158091941e-06	7.8175138794e-06
5.7000000000e+01	5.3917166478e-03	5.2402582252e-03	2.6571653076e-06	8.1565354894e-06
5.8000000000e+01	5.4000431891e-03	5.2375289408e-03	2.8019697973e-06	8.4967046715e-06
5.9000000000e+01	5.4087103071e-03	5.2346531701e-03	2.9501209660e-06	8.8376243905e-06
6.0000000000e+01	5.4177185623e-03	5.2316276177e-03	3.1015157440e-06	9.1789182053e-06
6.1000000000e+01	5.4270681493e-03	5.2284490921e-03	3.2560501194e-06	9.5202302478e-06
6.2000000000e+01	5.4367589169e-03	5.2251145058e-03	3.4136195337e-06	9.8612250653e-06
6.3000000000e+01	5.4467903884e-03	5.2216208762e-03	3.5741192409e-06	1.0201587345e-05
6.4000000000e+01	5.4571617820e-03	5.2179653254e-03	3.7374446340e-06	1.0541021539e-05
6.5000000000e+01	5.4678720298e-03	5.2141450798e-03	3.9034915390e-06	1.0879251407e-05
6.6000000000e+01	5.4789197973e-03	5.2101574697e-03	4.0721564798e-06	1.1216019492e-05
6.7000000000e+01	5.4903035016e-03	5.2059999283e-03	4.2433369142e-06	1.1551086538e-05
6.8000000000e+01	5.5020213293e-03	5.2016699912e-03	4.4169314436e-06	1.1884230872e-05
6.9000000000e+01	5.5140712540e-03	5.1971652941e-03	4.5928399982e-06	1.2215247745e-05
7.0000000000e+01	5.5264510526e-03	5.1924835727e-03	4.7709639994e-06	1.2543948656e-05
7.1000000000e+01	5.5391583215e-03	5.1876226600e-03	4.9512065005e-06	1.2870160662e-05
7.2000000000e+01	5.5521904915e-03	5.1825804853e-03	5.1334723084e-06	1.3193725675e-05
7.3000000000e+01	5.5655448424e-03	5.1773550721e-03	5.3176680869e-06	1.3514499763e-05
7.4000000000e+01	5.5792185171e-03	5.1719445363e-03	5.5037024433e-06	1.3832352447e-05
7.5000000000e+01	5.5932085341e-03	5.1663470841e-03	5.6914859999e-06	1.4147166014e-05
7.6000000000e+01	5.6075118007e-03	5.1605610103e-03	5.8809314526e-06	1.4458834835e-05
7.7000000000e+01	5.6221251240e-03	5.1545846957e-03	6.0719536149e-06	1.4767264701e-05
7.8000000000e+01	5.6370452225e-03	5.1484166052e-03	6.2644694528e-06	1.5072372174e-05
7.9000000000e+01	5.6522687364e-03	5.1420552859e-03	6.4583981077e-06	1.5374083956e-05
8.0000000000e+01	5.6677922372e-03	5.1354993643e-03	6.6536609110e-06	1.5672336281e-05
8.1000000000e+01	5.6836122374e-03	5.1287475448e-03	6.8501813898e-06	1.5967074327e-05
8.2000000000e+01	5.6997251989e-03	5.1217986071e-03	7.0478852654e-06	1.6258251649e-05
8.3000000000e+01	5.7161275409e-03	5.1146514039e-03	7.2467004453e-06	1.6545829637e-05
8.4000000000e+01	5.7328156478e-03	5.1073048591e-03	7.4465570089e-06	1.6829776994e-05
8.5000000000e+01	5.7497858764e-03	5.0997579654e-03	7.6473871887e-06	1.7110069245e-05
8.6000000000e+01	5.7670345619e-03	5.0920097821e-03	7.8491253462e-06	1.7386688257e-05
8.7000000000e+01	5.7845580244e-03	5.0840594332e-03	8.0517079442e-06	1.7659621792e-05
8.8000000000e+01	5.8023525746e-03	5.0759061052e-03	8.2550735160e-06	1.7928863078e-05
8.9000000000e+01	5.8204145192e-03	5.0675490450e-03	8.4591626306e-06	1.8194410405e-05
9.0000000000e+01	5.8387401651e-03	5.0589875580e-03	8.6639178568e-06	1.8456266737e-05
9.1000000000e+01	5.8573258247e-03	5.0502210058e-03	8.8692837240e-06	1.8714439351e-05
9.2000000000e+01	5.8761678196e-03	5.0412488048e-03	9.0752066820e-06	1.8968939493e-05
9.3000000000e+01	5.8952624844e-03	5.0320704240e-03	9.2816350587e-06	1.9219782055e-05
9.4000000000e+01	5.9146061705e-03	5.0226853829e-03	9.4885190177e-06	1.9466985269e-05
9.5000000000e+01	5.9341952489e-03	5.0130932501e-03	9.6958105138e-06	1.9710570421e-05
9.6000000000e+01	5.9540261133e-03	5.0032936415e-03	9.9034632489e-06	1.9950561579e-05
9.7000000000e+01	5.9740951829e-03	4.9932862181e-03	1.0111432627e-05	2.0186985343e-05
9.8000000000e+01	5.9943989045e-03	4.9830706850e-03	1.0319675710e-05	2.0419870609e-05
9.9000000000e+01	6.0149337549e-03	4.9726467892e-03	1.0528151169e-05	2.0649248341e-05
1.0000000000e+02	6.0356962429e-03	4.9620143185e-03	1.0736819245e-05	2.0875151368e-05
1.0100000000e+02	6.0566829109e-03	4.9511730993e-03	1.0945641699e-05	2.1097614190e-05
1.0200000000e+02	6.0778903366e-03	4.9401229959e-03	1.1154581772e-05	2.1316672792e-05
1.0300000000e+02	6.0993151342e-03	4.9288639083e-03	1.1363604135e-05	2.1532364480e-05
1.0400000000e+02	6.1209539560e-03	4.9173957715e-03	1.1572674851e-05	2.1744727719e-05
1.0500000000e+02	6.1428034933e-03	4.9057185534e-03	1.1781761332e-05	2.1953801992e-05
1.0600000000e+02	6.1648604771e-03	4.8938322540e-03	1.1990832294e-05	2.2159627658e-05
1.0700000000e+02	6.1871216794e-03	4.8817369040e-03	1.2199857714e-05	2.2362245826e-05
1.0800000000e+02	6.2095839135e-03	4.8694325634e-03	1.2408808798e-05	2.2561698241e-05
1.0900000000e+02	6.2322440348e-03	4.8569193204e-03	1.2617657930e-05	2.2758027172e-05
1.1000000000e+02	6.2550989409e-03	4.8441972903e-03	1.2826378642e-05	2.2951275314e-05
1.1100000000e+02	6.2781455728e-03	4.8312666144e-03	1.3034945571e-05	2.3141485691e-05
1.1200000000e+02	6.3013809142e-03	4.8181274586e-03	1.3243334425e-05	2.3328701574e-05
1.1300000000e+02	6.3248019923e-03	4.8047800127e-03	1.3451521943e-05	2.3512966397e-05
1.1400000000e+02	6.3484058778e-03	4.7912244892e-03	1.3659485865e-05	2.3694323690e-05
1.1500000000e+02	6.3721896850e-03	4.7774611226e-03	1.3867204890e-05	2.3872817007e-05
1.1600000000e+02	6.3961505716e-03	4.7634901679e-03	1.4074658653e-05	2.4048489866e-05
1.1700000000e+02	6.4202857390e-03	4.7493119002e-03	1.4281827682e-05	2.4221385693e-05
1.1800000000e+02	6.4445924318e-03	4.7349266136e-03	1.4488693374e-05	2.4391547771e-05
1.1900000000e+02	6.4690679377e-03	4.7203346205e-03	1.4695237960e-05	2.4559019190e-05
1.2000000000e+02	6.4937095876e-03	4.7055362504e-03	1.4901444476e-05	2.4723842808e-05
1.2100000000e+02	6.5185147549e-03	4.6905318496e-03	1.5107296738e-05	2.4886061209e-05
1.2200000000e+02	6.5434808557e-03	4.6753217802e-03	1.5312779307e-05	2.5045716669e-05
1.2300000000e+02	6.5686053479e-03	4.6599064192e-03	1.5517877470e-05	2.5202851124e-05
1.2400000000e+02	6.5938857314e-03	4.6442861580e-03	1.5722577205e-05	2.5357506140e-05
1.2500000000e+02	6.6193195474e-03	4.6284614020e-03	1.5926865163e-05	2.5509722891e-05
1.2600000000e+02	6.6449043781e-03	4.6124325692e-03	1.6130728642e-05	2.5659542131e-05
1.2700000000e+02	6.6706378460e-03	4.5962000903e-03	1.6334155557e-05	2.5807004176e-05
1.2800000000e+02	6.6965176140e-03	4.5797644075e-03	1.6537134426e-05	2.5952148887e-05
1.2900000000e+02	6.7225413844e-03	4.5631259744e-03	1.6739654341e-05	2.6095015652e-05
1.3000000000e+02	6.7487068989e-03	4.5462852552e-03	1.6941704952e-05	2.6235643372e-05
1.3100000000e+02	6.7750119376e-03	4.5292427242e-03	1.7143276438e-05	2.6374070451e-05
1.3200000000e+02	6.8014543189e-03	4.5119988652e-03	1.7344359498e-05	2.6510334784e-05
1.3300000000e+02	6.8280318988e-03	4.4945541710e-03	1.7544945322e-05	2.6644473751e-05
1.3400000000e+02	6.8547425703e-03	4.4769091430e-03	1.7745025576e-05	2.6776524204e-05
1.3500000000e+02	6.8815842631e-03	4.4590642910e-03	1.7944592386e-05	2.6906522467e-05
1.3600000000e+02	6.9085549431e-03	4.4410201319e-03	1.8143638317e-05	2.7034504329e-05
1.3700000000e+02	6.9356526114e-03	4.4227771903e-03	1.8342156358e-05	2.7160505043e-05
1.3800000000e+02	6.9628753043e-03	4.4043359974e-03	1.8540139906e-05	2.7284559318e-05
1.3900000000e+02	6.9902210926e-03	4.3856970907e-03	1.8737582747e-05	2.7406701324e-05
1.4000000000e+02	7.0176880808e-03	4.3668610140e-03	1.8934479048e-05	2.7526964688e-05
1.4100000000e+02	7.0452744068e-03	4.3478283166e-03	1.9130823335e-05	2.7645382496e-05
1.4200000000e+02	7.0729782414e-03	4.3285995531e-03	1.9326610481e-05	2.7761987293e-05
1.4300000000e+02	7.1007977877e-03	4.3091752830e-03	1.9521835698e-05	2.7876811085e-05
1.4400000000e+02	7.1287312804e-03	4.2895560705e-03	1.9716494513e-05	2.7989885341e-05
1.4500000000e+02	7.1567769856e-03	4.2697424841e-03	1.9910582768e-05	2.8101240999e-05
1.4600000000e+02	7.1849331997e-03	4.2497350964e-03	2.0104096598e-05	2.8210908466e-05
1.4700000000e+02	7.2131982497e-03	4.2295344836e-03	2.0297032422e-05	2.8318917624e-05
1.4800000000e+02	7.2415704920e-03	4.2091412254e-03	2.0489386937e-05	2.8425297832e-05
1.4900000000e+02	7.2700483120e-03	4.1885559045e-03	2.0681157097e-05	2.8530077933e-05
1.5000000000e+02	7.2986301239e-03	4.1677791069e-03	2.0872340114e-05	2.8633286262e-05
1.5100000000e+02	7.3273143699e-03	4.1468114209e-03	2.1062933437e-05	2.8734950643e-05
1.5200000000e+02	7.3560995197e-03	4.1256534374e-03	2.1252934752e-05	2.8835098403e-05
1.5300000000e+02	7.3849840701e-03	4.1043057494e-03	2.1442341965e-05	2.8933756374e-05
1.5400000000e+02	7.4139665446e-03	4.0827689521e-03	2.1631153198e-05	2.9030950900e-05
1.5500000000e+02	7.4430454927e-03	4.0610436422e-03	2.1819366777e-05	2.9126707843e-05
1.5600000000e+02	7.4722194896e-03	4.0391304182e-03	2.2006981226e-05	2.9221052589e-05
1.5700000000e+02	7.5014871355e-03	4.0170298799e-03	2.2193995258e-05	2.9314010057e-05
1.5800000000e+02	7.5308470554e-03	3.9947426282e-03	2.2380407767e-05	2.9405604702e-05
1.5900000000e+02	7.5602978986e-03	3.9722692652e-03	2.2566217820e-05	2.9495860526e-05
1.6000000000e+02	7.5898383381e-03	3.9496103937e-03	2.2751424652e-05	2.9584801079e-05
1.6100000000e+02	7.6194670701e-03	3.9267666172e-03	2.2936027658e-05	2.9672449473e-05
1.6200000000e+02	7.6491828138e-03	3.9037385398e-03	2.3120026383e-05	2.9758828385e-05
1.6300000000e+02	7.6789843111e-03	3.8805267659e-03	2.3303420522e-05	2.9843960062e-05
1.6400000000e+02	7.7088703255e-03	3.8571319003e-03	2.3486209910e-05	2.9927866335e-05
1.6500000000e+02	7.7388396424e-03	3.8335545477e-03	2.3668394513e-05	3.0010568616e-05
1.6600000000e+02	7.7688910684e-03	3.8097953129e-03	2.3849974431e-05	3.0092087916e-05
1.6700000000e+02	7.7990234308e-03	3.7858548003e-03	2.4030949883e-05	3.0172444842e-05
1.6800000000e+02	7.8292355774e-03	3.7617336145e-03	2.4211321208e-05	3.0251659611e-05
1.6900000000e+02	7.8595263759e-03	3.7374323592e-03	2.4391088857e-05	3.0329752053e-05
1.7000000000e+02	7.8898947139e-03	3.7129516378e-03	2.4570253389e-05	3.0406741621e-05
1.7100000000e+02	7.9203394979e-03	3.6882920532e-03	2.4748815466e-05	3.0482647395e-05
1.7200000000e+02	7.9508596536e-03	3.6634542074e-03	2.4926775850e-05	3.0557488088e-05
1.7300000000e+02	7.9814541252e-03	3.6384387018e-03	2.5104135395e-05	3.0631282058e-05
1.7400000000e+02	8.0121218749e-03	3.6132461366e-03	2.5280895047e-05	3.0704047308e-05
1.7500000000e+02	8.0428618828e-03	3.5878771113e-03	2.5457055837e-05	3.0775801499e-05
1.7600000000e+02	8.0736731466e-03	3.5623322242e-03	2.5632618877e-05	3.0846561949e-05
1.7700000000e+02	8.1045546811e-03	3.5366120724e-03	2.5807585360e-05	3.0916345646e-05
1.7800000000e+02	8.1355055179e-03	3.5107172519e-03	2.5981956550e-05	3.0985169254e-05
1.7900000000e+02	8.1665247050e-03	3.4846483573e-03	2.6155733786e-05	3.1053049112e-05
1.8000000000e+02	8.1976113069e-03	3.4584059818e-03	2.6328918472e-05	3.1120001251e-05
1.8100000000e+02	8.2287644035e-03	3.4319907174e-03	2.6501512078e-05	3.1186041390e-05
1.8200000000e+02	8.2599830908e-03	3.4054031542e-03	2.6673516135e-05	3.1251184948e-05
1.8300000000e+02	8.2912664796e-03	3.3786438811e-03	2.6844932232e-05	3.1315447050e-05
1.8400000000e+02	8.3226136960e-03	3.3517134852e-03	2.7015762015e-05	3.1378842528e-05
1.8500000000e+02	8.3540238806e-03	3.3246125519e-03	2.7186007182e-05	3.1441385933e-05
1.8600000000e+02	8.3854961886e-03	3.2973416651e-03	2.7355669481e-05	3.1503091534e-05
1.8700000000e+02	8.4170297891e-03	3.2699014067e-03	2.7524750708e-05	3.1563973331e-05
1.8800000000e+02	8.4486238653e-03	3.2422923568e-03	2.7693252705e-05	3.1624045053e-05
1.8900000000e+02	8.4802776137e-03	3.2145150937e-03	2.7861177354e-05	3.1683320168e-05
1.9000000000e+02	8.5119902445e-03	3.1865701939e-03	2.8028526582e-05	3.1741811887e-05
1.9100000000e+02	8.5437609807e-03	3.1584582317e-03	2.8195302351e-05	3.1799533171e-05
1.9200000000e+02	8.5755890582e-03	3.1301797796e-03	2.8361506659e-05	3.1856496730e-05
1.9300000000e+02	8.6074737257e-03	3.1017354082e-03	2.8527141542e-05	3.1912715037e-05
1.9400000000e+02	8.6394142440e-03	3.0731256857e-03	2.8692209063e-05	3.1968200326e-05
1.9500000000e+02	8.6714098860e-03	3.0443511785e-03	2.8856711321e-05	3.2022964597e-05
1.9600000000e+02	8.7034599367e-03	3.0154124508e-03	2.9020650439e-05	3.2077019625e-05
1.9700000000e+02	8.7355636927e-03	2.9863100646e-03	2.9184028569e-05	3.2130376963e-05
1.9800000000e+02	8.7677204619e-03	2.9570445799e-03	2.9346847889e-05	3.2183047944e-05
1.9900000000e+02	8.7999295635e-03	2.9276165544e-03	2.9509110599e-05	3.2235043686e-05
2.0000000000e+02	8.8321903278e-03	2.8980265435e-03	2.9670818922e-05	3.2286375101e-05
2.0100000000e+02	8.8645020958e-03	2.8682751006e-03	2.9831975101e-05	3.2337052893e-05
2.0200000000e+02	8.8968642192e-03	2.8383627766e-03	2.9992581399e-05	3.2387087567e-05
2.0300000000e+02	8.9292760600e-03	2.8082901203e-03	3.0152640097e-05	3.2436489428e-05
2.0400000000e+02	8.9617369905e-03	2.7780576782e-03	3.0312153492e-05	3.2485268593e-05
2.0500000000e+02	8.9942463930e-03	2.7476659943e-03	3.0471123896e-05	3.2533434984e-05
2.0600000000e+02	9.0268036595e-03	2.7171156106e-03	3.0629553635e-05	3.2580998344e-05
2.0700000000e+02	9.0594081918e-03	2.6864070665e-03	3.0787445050e-05	3.2627968230e-05
2.0800000000e+02	9.0920594013e-03	2.6555408991e-03	3.0944800491e-05	3.2674354023e-05
2.0900000000e+02	9.1247567083e-03	2.6245176434e-03	3.1101622320e-05	3.2720164931e-05
2.1000000000e+02	9.1574995425e-03	2.5933378316e-03	3.1257912909e-05	3.2765409990e-05
2.1100000000e+02	9.1902873426e-03	2.5620019938e-03	3.1413674639e-05	3.2810098071e-05
2.1200000000e+02	9.2231195559e-03	2.5305106578e-03	3.1568909897e-05	3.2854237879e-05
2.1300000000e+02	9.2559956384e-03	2.4988643487e-03	3.1723621078e-05	3.2897837959e-05
2.1400000000e+02	9.2889150547e-03	2.4670635895e-03	3.1877810585e-05	3.2940906702e-05
2.1500000000e+02	9.3218772775e-03	2.4351089007e-03	3.2031480822e-05	3.2983452342e-05
2.1600000000e+02	9.3548817877e-03	2.4030008002e-03	3.2184634202e-05	3.3025482963e-05
2.1700000000e+02	9.3879280744e-03	2.3707398037e-03	3.2337273137e-05	3.3067006503e-05
2.1800000000e+02	9.4210156343e-03	2.3383264246e-03	3.2489400045e-05	3.3108030754e-05
2.1900000000e+02	9.4541439720e-03	2.3057611735e-03	3.2641017345e-05	3.3148563366e-05
2.2000000000e+02	9.4873125996e-03	2.2730445589e-03	3.2792127458e-05	3.3188611852e-05
2.2100000000e+02	9.5205210368e-03	2.2401770869e-03	3.2942732805e-05	3.3228183588e-05
2.2200000000e+02	9.5537688103e-03	2.2071592608e-03	3.3092835809e-05	3.3267285815e-05
2.2300000000e+02	9.5870554543e-03	2.1739915819e-03	3.3242438890e-05	3.3305925647e-05
2.2400000000e+02	9.6203805098e-03	2.1406745488e-03	3.3391544469e-05	3.3344110068e-05
2.2500000000e+02	9.6537435249e-03	2.1072086580e-03	3.3540154964e-05	3.3381845937e-05
2.2600000000e+02	9.6871440544e-03	2.0735944031e-03	3.3688272793e-05	3.3419139989e-05
2.2700000000e+02	9.7205816598e-03	2.0398322758e-03	3.3835900370e-05	3.3455998842e-05
2.2800000000e+02	9.7540559092e-03	2.0059227650e-03	3.3983040106e-05	3.3492428993e-05
2.2900000000e+02	9.7875663770e-03	1.9718663574e-03	3.4129694409e-05	3.3528436824e-05
2.3000000000e+02	9.8211126442e-03	1.9376635372e-03	3.4275865682e-05	3.3564028606e-05
2.3100000000e+02	9.8546942976e-03	1.9033147862e-03	3.4421556326e-05	3.3599210496e-05
2.3200000000e+02	9.8883109305e-03	1.8688205840e-03	3.4566768735e-05	3.3633988544e-05
2.3300000000e+02	9.9219621421e-03	1.8341814074e-03	3.4711505299e-05	3.3668368694e-05
2.3400000000e+02	9.9556475372e-03	1.7993977312e-03	3.4855768402e-05	3.3702356784e-05
2.3500000000e+02	9.9893667269e-03	1.7644700276e-03	3.4999560422e-05	3.3735958550e-05
2.3600000000e+02	1.0023119327e-02	1.7293987666e-03	3.5142883733e-05	3.3769179628e-05
2.3700000000e+02	1.0056904961e-02	1.6941844156e-03	3.5285740698e-05	3.3802025557e-05
2.3800000000e+02	1.0090723255e-02	1.6588274398e-03	3.5428133679e-05	3.3834501778e-05
2.3900000000e+02	1.0124573843e-02	1.6233283021e-03	3.5570065025e-05	3.3866613637e-05
2.4000000000e+02	1.0158456363e-02	1.5876874629e-03	3.5711537083e-05	3.3898366389e-05
2.4100000000e+02	1.0192370458e-02	1.5519053803e-03	3.5852552190e-05	3.3929765198e-05
2.4200000000e+02	1.0226315777e-02	1.5159825100e-03	3.5993112673e-05	3.3960815137e-05
2.4300000000e+02	1.0260291974e-02	1.4799193057e-03	3.6133220856e-05	3.3991521195e-05
2.4400000000e+02	1.0294298706e-02	1.4437162183e-03	3.6272879050e-05	3.4021888273e-05
2.4500000000e+02	1.0328335639e-02	1.4073736968e-03	3.6412089559e-05	3.4051921188e-05
2.4600000000e+02	1.0362402439e-02	1.3708921877e-03	3.6550854680e-05	3.4081624677e-05
2.4700000000e+02	1.0396498780e-02	1.3342721352e-03	3.6689176699e-05	3.4111003395e-05
2.4800000000e+02	1.0430624339e-02	1.2975139812e-03	3.6827057894e-05	3.4140061918e-05
2.4900000000e+02	1.0464778798e-02	1.2606181655e-03	3.6964500534e-05	3.4168804744e-05
2.5000000000e+02	1.0498961845e-02	1.2235851256e-03	3.7101506877e-05	3.4197236295e-05
2.5100000000e+02	1.0533173169e-02	1.1864152965e-03	3.7238079172e-05	3.4225360920e-05
2.5200000000e+02	1.0567412466e-02	1.1491091112e-03	3.7374219661e-05	3.4253182893e-05
2.5300000000e+02	1.0601679435e-02	1.1116670003e-03	3.7509930572e-05	3.4280706418e-05
2.5400000000e+02	1.0635973780e-02	1.0740893925e-03	3.7645214126e-05	3.4307935628e-05
2.5500000000e+02	1.0670295210e-02	1.0363767138e-03	3.7780072532e-05	3.4334874586e-05
2.5600000000e+02	1.0704643434e-02	9.9852938840e-04	3.7914507991e-05	3.4361527288e-05
2.5700000000e+02	1.0739018170e-02	9.6054783808e-04	3.8048522692e-05	3.4387897665e-05
2.5800000000e+02	1.0773419137e-02	9.2243248254e-04	3.8182118815e-05	3.4413989581e-05
2.5900000000e+02	1.0807846058e-02	8.8418373926e-04	3.8315298527e-05	3.4439806837e-05
2.6000000000e+02	1.0842298660e-02	8.4580202357e-04	3.8448063987e-05	3.4465353172e-05
2.6100000000e+02	1.0876776675e-02	8.0728774865e-04	3.8580417342e-05	3.4490632263e-05
2.6200000000e+02	1.0911279837e-02	7.6864132554e-04	3.8712360730e-05	3.4515647725e-05
2.6300000000e+02	1.0945807884e-02	7.2986316314e-04	3.8843896276e-05	3.4540403117e-05
2.6400000000e+02	1.0980360557e-02	6.9095366823e-04	3.8975026096e-05	3.4564901939e-05
2.6500000000e+02	1.1014937603e-02	6.5191324549e-04	3.9105752293e-05	3.4589147632e-05
2.6600000000e+02	1.1049538769e-02	6.1274229749e-04	3.9236076962e-05	3.4613143583e-05
2.6700000000e+02	1.1084163808e-02	5.7344122471e-04	3.9366002185e-05	3.4636893125e-05
2.6800000000e+02	1.1118812475e-02	5.3401042557e-04	3.9495530034e-05	3.4660399534e-05
2.6900000000e+02	1.1153484527e-02	4.9445029641e-04	3.9624662568e-05	3.4683666038e-05
2.7000000000e+02	1.1188179728e-02	4.5476123152e-04	3.9753401838e-05	3.4706695808e-05
2.7100000000e+02	1.1222897841e-02	4.1494362315e-04	3.9881749882e-05	3.4729491968e-05
2.7200000000e+02	1.1257638635e-02	3.7499786149e-04	4.0009708726e-05	3.4752057591e-05
2.7300000000e+02	1.1292401880e-02	3.3492433476e-04	4.0137280387e-05	3.4774395700e-05
2.7400000000e+02	1.1327187351e-02	2.9472342911e-04	4.0264466870e-05	3.4796509270e-05
2.7500000000e+02	1.1361994825e-02	2.5439552874e-04	4.0391270168e-05	3.4818401231e-05
2.7600000000e+02	1.1396824081e-02	2.1394101584e-04	4.0517692265e-05	3.4840074465e-05
2.7700000000e+02	1.1431674902e-02	1.7336027062e-04	4.0643735131e-05	3.4861531807e-05
2.7800000000e+02	1.1466547074e-02	1.3265367134e-04	4.0769400728e-05	3.4882776051e-05
2.7900000000e+02	1.1501440384e-02	9.1821594275e-05	4.0894691003e-05	3.4903809945e-05
2.8000000000e+02	1.1536354624e-02	5.0864413792e-05	4.1019607895e-05	3.4924636193e-05
2.8100000000e+02	1.1571289588e-02	9.7825023045e-06	4.1144153330e-05	3.4945257458e-05
2.8200000000e+02	1.1606245072e-02	-3.1423769689e-05	4.1268329225e-05	3.4965676363e-05
2.8300000000e+02	1.1641220874e-02	-7.2754033600e-05	4.1392137483e-05	3.4985895488e-05
2.8400000000e+02	1.1676216797e-02	-1.1420792274e-04	4.1515579999e-05	3.5005917374e-05
2.8500000000e+02	1.1711232644e-02	-1.5578507231e-04	4.1638658654e-05	3.5025744521e-05
2.8600000000e+02	1.1746268222e-02	-1.9748511939e-04	4.1761375319e-05	3.5045379393e-05
2.8700000000e+02	1.1781323340e-02	-2.3930770291e-04	4.1883731855e-05	3.5064824416e-05
2.8800000000e+02	1.1816397808e-02	-2.8125246367e-04	4.2005730111e-05	3.5084081976e-05
2.8900000000e+02	1.1851491442e-02	-3.2331904431e-04	4.2127371924e-05	3.5103154426e-05
2.9000000000e+02	1.1886604056e-02	-3.6550708931e-04	4.2248659122e-05	3.5122044079e-05
2.9100000000e+02	1.1921735470e-02	-4.0781624496e-04	4.2369593522e-05	3.5140753218e-05
2.9200000000e+02	1.1956885503e-02	-4.5024615936e-04	4.2490176927e-05	3.5159284086e-05
2.9300000000e+02	1.1992053979e-02	-4.9279648241e-04	4.2610411132e-05	3.5177638897e-05
2.9400000000e+02	1.2027240723e-02	-5.3546686582e-04	4.2730297921e-05	3.5195819827e-05
2.9500000000e+02	1.2062445562e-02	-5.7825696304e-04	4.2849839067e-05	3.5213829022e-05
2.9600000000e+02	1.2097668325e-02	-6.2116642932e-04	4.2969036331e-05	3.5231668595e-05
2.9700000000e+02	1.2132908843e-02	-6.6419492166e-04	4.3087891464e-05	3.5249340628e-05
2.9800000000e+02	1.2168166951e-02	-7.0734209879e-04	4.3206406206e-05	3.5266847170e-05
2.9900000000e+02	1.2203442483e-02	-7.5060762119e-04	4.3324582288e-05	3.5284190241e-05
3.0000000000e+02	1.2238735277e-02	-7.9399115105e-04	4.3442421428e-05	3.5301371831e-05
3.0100000000e+02	1.2274045173e-02	-8.3749235230e-04	4.3559925334e-05	3.5318393900e-05
3.0200000000e+02	1.2309372013e-02	-8.8111089054e-04	4.3677095706e-05	3.5335258379e-05
3.0300000000e+02	1.2344715638e-02	-9.2484643309e-04	4.3793934229e-05	3.5351967170e-05
3.0400000000e+02	1.2380075896e-02	-9.6869864894e-04	4.3910442581e-05	3.5368522149e-05
3.0500000000e+02	1.2415452632e-02	-1.0126672088e-03	4.4026622428e-05	3.5384925161e-05
3.0600000000e+02	1.2450845696e-02	-1.0567517848e-03	4.4142475427e-05	3.5401178026e-05
3.0700000000e+02	1.2486254938e-02	-1.1009520512e-03	4.4258003224e-05	3.5417282539e-05
3.0800000000e+02	1.2521680212e-02	-1.1452676834e-03	4.4373207453e-05	3.5433240465e-05
3.0900000000e+02	1.2557121371e-02	-1.1896983588e-03	4.4488089741e-05	3.5449053547e-05
3.1000000000e+02	1.2592578272e-02	-1.2342437561e-03	4.4602651702e-05	3.5464723501e-05
3.1100000000e+02	1.2628050771e-02	-1.2789035560e-03	4.4716894942e-05	3.5480252018e-05
3.1200000000e+02	1.2663538729e-02	-1.3236774403e-03	4.4830821055e-05	3.5495640764e-05
3.1300000000e+02	1.2699042006e-02	-1.3685650929e-03	4.4944431627e-05	3.5510891383e-05
3.1400000000e+02	1.2734560466e-02	-1.4135661989e-03	4.5057728233e-05	3.5526005493e-05
3.1500000000e+02	1.2770093972e-02	-1.4586804452e-03	4.5170712437e-05	3.5540984692e-05
3.1600000000e+02	1.2805642391e-02	-1.5039075202e-03	4.5283385795e-05	3.5555830551e-05
3.1700000000e+02	1.2841205590e-02	-1.5492471137e-03	4.5395749853e-05	3.5570544623e-05
3.1800000000e+02	1.2876783437e-02	-1.5946989173e-03	4.5507806146e-05	3.5585128435e-05
3.1900000000e+02	1.2912375804e-02	-1.6402626239e-03	4.5619556199e-05	3.5599583496e-05
3.2000000000e+02	1.2947982562e-02	-1.6859379281e-03	4.5731001530e-05	3.5613911289e-05
3.2100000000e+02	1.2983603584e-02	-1.7317245259e-03	4.5842143645e-05	3.5628113281e-05
3.2200000000e+02	1.3019238747e-02	-1.7776221148e-03	4.5952984042e-05	3.5642190915e-05
3.2300000000e+02	1.3054887925e-02	-1.8236303939e-03	4.6063524208e-05	3.5656145615e-05
3.2400000000e+02	1.3090550997e-02	-1.8697490637e-03	4.6173765621e-05	3.5669978785e-05
3.2500000000e+02	1.3126227843e-02	-1.9159778261e-03	4.6283709750e-05	3.5683691810e-05
3.2600000000e+02	1.3161918341e-02	-1.9623163846e-03	4.6393358055e-05	3.5697286054e-05
3.2700000000e+02	1.3197622376e-02	-2.0087644441e-03	4.6502711987e-05	3.5710762862e-05
3.2800000000e+02	1.3233339828e-02	-2.0553217109e-03	4.6611772986e-05	3.5724123563e-05
3.2900000000e+02	1.3269070584e-02	-2.1019878929e-03	4.6720542484e-05	3.5737369466e-05
3.3000000000e+02	1.3304814530e-02	-2.1487626992e-03	4.6829021905e-05	3.5750501860e-05
3.3100000000e+02	1.3340571551e-02	-2.1956458404e-03	4.6937212662e-05	3.5763522020e-05
3.3200000000e+02	1.3376341537e-02	-2.2426370287e-03	4.7045116161e-05	3.5776431200e-05
3.3300000000e+02	1.3412124377e-02	-2.2897359775e-03	4.7152733796e-05	3.5789230640e-05
3.3400000000e+02	1.3447919962e-02	-2.3369424015e-03	4.7260066956e-05	3.5801921559e-05
3.3500000000e+02	1.3483728184e-02	-2.3842560170e-03	4.7367117018e-05	3.5814505164e-05
3.3600000000e+02	1.3519548937e-02	-2.4316765416e-03	4.7473885352e-05	3.5826982642e-05
3.3700000000e+02	1.3555382114e-02	-2.4792036943e-03	4.7580373319e-05	3.5839355165e-05
3.3800000000e+02	1.3591227612e-02	-2.5268371953e-03	4.7686582271e-05	3.5851623891e-05
3.3900000000e+02	1.3627085328e-02	-2.5745767663e-03	4.7792513552e-05	3.5863789959e-05
3.4000000000e+02	1.3662955158e-02	-2.6224221303e-03	4.7898168496e-05	3.5875854495e-05
3.4100000000e+02	1.3698837003e-02	-2.6703730116e-03	4.8003548431e-05	3.5887818608e-05
3.4200000000e+02	1.3734730763e-02	-2.7184291359e-03	4.8108654674e-05	3.5899683396e-05
3.4300000000e+02	1.3770636337e-02	-2.7665902301e-03	4.8213488535e-05	3.5911449937e-05
3.4400000000e+02	1.3806553630e-02	-2.8148560226e-03	4.8318051316e-05	3.5923119298e-05
3.4500000000e+02	1.3842482544e-02	-2.8632262428e-03	4.8422344309e-05	3.5934692531e-05
3.4600000000e+02	1.3878422983e-02	-2.9117006217e-03	4.8526368801e-05	3.5946170674e-05
3.4700000000e+02	1.3914374854e-02	-2.9602788914e-03	4.8630126067e-05	3.5957554752e-05
3.4800000000e+02	1.3950338062e-02	-3.0089607852e-03	4.8733617377e-05	3.5968845774e-05
3.4900000000e+02	1.3986312515e-02	-3.0577460379e-03	4.8836843990e-05	3.5980044739e-05
3.5000000000e+02	1.4022298121e-02	-3.1066343854e-03	4.8939807161e-05	3.5991152631e-05
3.5100000000e+02	1.4058294790e-02	-3.1556255648e-03	4.9042508133e-05	3.6002170421e-05
3.5200000000e+02	1.4094302432e-02	-3.2047193146e-03	4.9144948144e-05	3.6013099067e-05
3.5300000000e+02	1.4130320959e-02	-3.2539153745e-03	4.9247128423e-05	3.6023939516e-05
3.5400000000e+02	1.4166350282e-02	-3.3032134853e-03	4.9349050190e-05	3.6034692701e-05
3.5500000000e+02	1.4202390315e-02	-3.3526133891e-03	4.9450714661e-05	3.6045359544e-05
3.5600000000e+02	1.4238440973e-02	-3.4021148293e-03	4.9552123039e-05	3.6055940955e-05
3.5700000000e+02	1.4274502169e-02	-3.4517175503e-03	4.9653276525e-05	3.6066437831e-05
3.5800000000e+02	1.4310573820e-02	-3.5014212978e-03	4.9754176308e-05	3.6076851059e-05
3.5900000000e+02	1.4346655844e-02	-3.5512258187e-03	4.9854823572e-05	3.6087181513e-05
3.6000000000e+02	1.4382748156e-02	-3.6011308611e-03	4.9955219493e-05	3.6097430057e-05
3.6100000000e+02	1.4418850677e-02	-3.6511361743e-03	5.0055365238e-05	3.6107597544e-05
3.6200000000e+02	1.4454963325e-02	-3.7012415086e-03	5.0155261970e-05	3.6117684814e-05
3.6300000000e+02	1.4491086020e-02	-3.7514466156e-03	5.0254910842e-05	3.6127692700e-05
3.6400000000e+02	1.4527218684e-02	-3.8017512480e-03	5.0354312999e-05	3.6137622021e-05
3.6500000000e+02	1.4563361238e-02	-3.8521551597e-03	5.0453469583e-05	3.6147473587e-05
3.6600000000e+02	1.4599513605e-02	-3.9026581057e-03	5.0552381724e-05	3.6157248198e-05
3.6700000000e+02	1.4635675709e-02	-3.9532598421e-03	5.0651050548e-05	3.6166946643e-05
3.6800000000e+02	1.4671847473e-02	-4.0039601261e-03	5.0749477173e-05	3.6176569702e-05
3.6900000000e+02	1.4708028824e-02	-4.0547587161e-03	5.0847662709e-05	3.6186118143e-05
3.7000000000e+02	1.4744219685e-02	-4.1056553715e-03	5.0945608261e-05	3.6195592729e-05
3.7100000000e+02	1.4780419985e-02	-4.1566498530e-03	5.1043314926e-05	3.6204994207e-05
3.7200000000e+02	1.4816629649e-02	-4.2077419221e-03	5.1140783794e-05	3.6214323321e-05
3.7300000000e+02	1.4852848607e-02	-4.2589313417e-03	5.1238015949e-05	3.6223580802e-05
3.7400000000e+02	1.4889076787e-02	-4.3102178755e-03	5.1335012467e-05	3.6232767372e-05
3.7500000000e+02	1.4925314119e-02	-4.3616012884e-03	5.1431774419e-05	3.6241883745e-05
3.7600000000e+02	1.4961560532e-02	-4.4130813465e-03	5.1528302867e-05	3.6250930626e-05
3.7700000000e+02	1.4997815957e-02	-4.4646578166e-03	5.1624598869e-05	3.6259908712e-05
3.7800000000e+02	1.5034080326e-02	-4.5163304671e-03	5.1720663475e-05	3.6268818690e-05
3.7900000000e+02	1.5070353572e-02	-4.5680990668e-03	5.1816497728e-05	3.6277661239e-05
3.8000000000e+02	1.5106635627e-02	-4.6199633861e-03	5.1912102665e-05	3.6286437030e-05
3.8100000000e+02	1.5142926424e-02	-4.6719231961e-03	5.2007479318e-05	3.6295146725e-05
3.8200000000e+02	1.5179225898e-02	-4.7239782690e-03	5.2102628710e-05	3.6303790979e-05
3.8300000000e+02	1.5215533984e-02	-4.7761283781e-03	5.2197551860e-05	3.6312370439e-05
3.8400000000e+02	1.5251850618e-02	-4.8283732976e-03	5.2292249780e-05	3.6320885743e-05
3.8500000000e+02	1.5288175735e-02	-4.8807128029e-03	5.2386723474e-05	3.6329337523e-05
3.8600000000e+02	1.5324509272e-02	-4.9331466701e-03	5.2480973943e-05	3.6337726400e-05
3.8700000000e+02	1.5360851167e-02	-4.9856746767e-03	5.2575002179e-05	3.6346052992e-05
3.8800000000e+02	1.5397201357e-02	-5.0382966008e-03	5.2668809170e-05	3.6354317906e-05
3.8900000000e+02	1.5433559782e-02	-5.0910122216e-03	5.2762395897e-05	3.6362521743e-05
3.9000000000e+02	1.5469926381e-02	-5.1438213194e-03	5.2855763333e-05	3.6370665097e-05
3.9100000000e+02	1.5506301092e-02	-5.1967236755e-03	5.2948912450e-05	3.6378748555e-05
3.9200000000e+02	1.5542683858e-02	-5.2497190719e-03	5.3041844209e-05	3.6386772696e-05
3.9300000000e+02	1.5579074618e-02	-5.3028072918e-03	5.3134559567e-05	3.6394738093e-05
3.9400000000e+02	1.5615473315e-02	-5.3559881192e-03	5.3227059477e-05	3.6402645313e-05
3.9500000000e+02	1.5651879890e-02	-5.4092613392e-03	5.3319344883e-05	3.6410494913e-05
3.9600000000e+02	1.5688294286e-02	-5.4626267378e-03	5.3411416726e-05	3.6418287446e-05
3.9700000000e+02	1.5724716446e-02	-5.5160841018e-03	5.3503275938e-05	3.6426023459e-05
3.9800000000e+02	1.5761146314e-02	-5.5696332191e-03	5.3594923449e-05	3.6433703492e-05
3.9900000000e+02	1.5797583834e-02	-5.6232738784e-03	5.3686360182e-05	3.6441328076e-05
4.0000000000e+02	1.5834028952e-02	-5.6770058695e-03	5.3777587053e-05	3.6448897740e-05
4.0100000000e+02	1.5870481612e-02	-5.7308289829e-03	5.3868604974e-05	3.6456413005e-05
4.0200000000e+02	1.5906941760e-02	-5.7847430101e-03	5.3959414850e-05	3.6463874383e-05
4.0300000000e+02	1.5943409342e-02	-5.8387477436e-03	5.4050017583e-05	3.6471282386e-05
4.0400000000e+02	1.5979884307e-02	-5.8928429765e-03	5.4140414068e-05	3.6478637514e-05
4.0500000000e+02	1.6016366600e-02	-5.9470285032e-03	5.4230605193e-05	3.6485940266e-05
4.0600000000e+02	1.6052856170e-02	-6.0013041188e-03	5.4320591844e-05	3.6493191131e-05
4.0700000000e+02	1.6089352965e-02	-6.0556696191e-03	5.4410374900e-05	3.6500390597e-05
4.0800000000e+02	1.6125856934e-02	-6.1101248010e-03	5.4499955233e-05	3.6507539142e-05
4.0900000000e+02	1.6162368027e-02	-6.1646694622e-03	5.4589333714e-05	3.6514637241e-05
4.1000000000e+02	1.6198886192e-02	-6.2193034014e-03	5.4678511204e-05	3.6521685362e-05
4.1100000000e+02	1.6235411381e-02	-6.2740264179e-03	5.4767488562e-05	3.6528683970e-05
4.1200000000e+02	1.6271943544e-02	-6.3288383121e-03	5.4856266640e-05	3.6535633522e-05
4.1300000000e+02	1.6308482632e-02	-6.3837388851e-03	5.4944846288e-05	3.6542534472e-05
4.1400000000e+02	1.6345028597e-02	-6.4387279388e-03	5.5033228346e-05	3.6549387267e-05
4.1500000000e+02	1.6381581390e-02	-6.4938052762e-03	5.5121413654e-05	3.6556192350e-05
4.1600000000e+02	1.6418140966e-02	-6.5489707008e-03	5.5209403044e-05	3.6562950158e-05
4.1700000000e+02	1.6454707275e-02	-6.6042240172e-03	5.5297197344e-05	3.6569661125e-05
4.1800000000e+02	1.6491280272e-02	-6.6595650308e-03	5.5384797376e-05	3.6576325678e-05
4.1900000000e+02	1.6527859911e-02	-6.7149935475e-03	5.5472203958e-05	3.6582944240e-05
4.2000000000e+02	1.6564446146e-02	-6.7705093745e-03	5.5559417905e-05	3.6589517229e-05
4.2100000000e+02	1.6601038930e-02	-6.8261123194e-03	5.5646440023e-05	3.6596045059e-05
4.2200000000e+02	1.6637638221e-02	-6.8818021908e-03	5.5733271118e-05	3.6602528140e-05
4.2300000000e+02	1.6674243972e-02	-6.9375787982e-03	5.5819911986e-05	3.6608966874e-05
4.2400000000e+02	1.6710856140e-02	-6.9934419517e-03	5.5906363423e-05	3.6615361662e-05
4.2500000000e+02	1.6747474681e-02	-7.0493914622e-03	5.5992626219e-05	3.6621712900e-05
4.2600000000e+02	1.6784099551e-02	-7.1054271415e-03	5.6078701157e-05	3.6628020978e-05
4.2700000000e+02	1.6820730708e-02	-7.1615488021e-03	5.6164589018e-05	3.6634286283e-05
4.2800000000e+02	1.6857368110e-02	-7.2177562574e-03	5.6250290577e-05	3.6640509197e-05
4.2900000000e+02	1.6894011713e-02	-7.2740493214e-03	5.6335806607e-05	3.6646690099e-05
4.3000000000e+02	1.6930661476e-02	-7.3304278090e-03	5.6421137872e-05	3.6652829363e-05
4.3100000000e+02	1.6967317358e-02	-7.3868915358e-03	5.6506285136e-05	3.6658927358e-05
4.3200000000e+02	1.7003979317e-02	-7.4434403182e-03	5.6591249156e-05	3.6664984449e-05
4.3300000000e+02	1.7040647313e-02	-7.5000739733e-03	5.6676030685e-05	3.6671001000e-05
4.3400000000e+02	1.7077321306e-02	-7.5567923190e-03	5.6760630472e-05	3.6676977368e-05
4.3500000000e+02	1.7114001255e-02	-7.6135951739e-03	5.6845049261e-05	3.6682913906e-05
4.3600000000e+02	1.7150687120e-02	-7.6704823575e-03	5.6929287793e-05	3.6688810966e-05
4.3700000000e+02	1.7187378864e-02	-7.7274536897e-03	5.7013346804e-05	3.6694668892e-05
4.3800000000e+02	1.7224076445e-02	-7.7845089915e-03	5.7097227024e-05	3.6700488028e-05
4.3900000000e+02	1.7260779827e-02	-7.8416480844e-03	5.7180929183e-05	3.6706268712e-05
4.4000000000e+02	1.7297488970e-02	-7.8988707907e-03	5.7264454002e-05	3.6712011280e-05
4.4100000000e+02	1.7334203837e-02	-7.9561769335e-03	5.7347802200e-05	3.6717716063e-05
4.4200000000e+02	1.7370924390e-02	-8.0135663365e-03	5.7430974493e-05	3.6723383389e-05
4.4300000000e+02	1.7407650591e-02	-8.0710388241e-03	5.7513971592e-05	3.6729013583e-05
4.4400000000e+02	1.7444382405e-02	-8.1285942215e-03	5.7596794203e-05	3.6734606965e-05
4.4500000000e+02	1.7481119793e-02	-8.1862323546e-03	5.7679443028e-05	3.6740163853e-05
4.4600000000e+02	1.7517862720e-02	-8.2439530499e-03	5.7761918767e-05	3.6745684562e-05
4.4700000000e+02	1.7554611150e-02	-8.3017561346e-03	5.7844222114e-05	3.6751169402e-05
4.4800000000e+02	1.7591365047e-02	-8.3596414369e-03	5.7926353759e-05	3.6756618681e-05
4.4900000000e+02	1.7628124376e-02	-8.4176087852e-03	5.8008314389e-05	3.6762032702e-05
4.5000000000e+02	1.7664889101e-02	-8.4756580089e-03	5.8090104688e-05	3.6767411767e-05
4.5100000000e+02	1.7701659188e-02	-8.5337889380e-03	5.8171725334e-05	3.6772756175e-05
4.5200000000e+02	1.7738434602e-02	-8.5920014032e-03	5.8253177002e-05	3.6778066218e-05
4.5300000000e+02	1.7775215309e-02	-8.6502952359e-03	5.8334460363e-05	3.6783342190e-05
4.5400000000e+02	1.7812001275e-02	-8.7086702681e-03	5.8415576086e-05	3.6788584379e-05
4.5500000000e+02	1.7848792466e-02	-8.7671263324e-03	5.8496524832e-05	3.6793793070e-05
4.5600000000e+02	1.7885588850e-02	-8.8256632623e-03	5.8577307264e-05	3.6798968546e-05
4.5700000000e+02	1.7922390392e-02	-8.8842808917e-03	5.8657924035e-05	3.6804111086e-05
4.5800000000e+02	1.7959197061e-02	-8.9429790554e-03	5.8738375800e-05	3.6809220967e-05
4.5900000000e+02	1.7996008824e-02	-9.0017575885e-03	5.8818663207e-05	3.6814298463e-05
4.6000000000e+02	1.8032825647e-02	-9.0606163272e-03	5.8898786901e-05	3.6819343846e-05
4.6100000000e+02	1.8069647501e-02	-9.1195551080e-03	5.8978747524e-05	3.6824357382e-05
4.6200000000e+02	1.8106474352e-02	-9.1785737681e-03	5.9058545714e-05	3.6829339338e-05
4.6300000000e+02	1.8143306169e-02	-9.2376721455e-03	5.9138182105e-05	3.6834289976e-05
4.6400000000e+02	1.8180142921e-02	-9.2968500786e-03	5.9217657327e-05	3.6839209556e-05
4.6500000000e+02	1.8216984578e-02	-9.3561074066e-03	5.9296972009e-05	3.6844098335e-05
4.6600000000e+02	1.8253831108e-02	-9.4154439693e-03	5.9376126775e-05	3.6848956569e-05
4.6700000000e+02	1.8290682481e-02	-9.4748596071e-03	5.9455122244e-05	3.6853784508e-05
4.6800000000e+02	1.8327538667e-02	-9.5343541609e-03	5.9533959033e-05	3.6858582404e-05
4.6900000000e+02	1.8364399636e-02	-9.5939274724e-03	5.9612637757e-05	3.6863350501e-05
4.7000000000e+02	1.8401265358e-02	-9.6535793839e-03	5.9691159025e-05	3.6868089046e-05
4.7100000000e+02	1.8438135804e-02	-9.7133097382e-03	5.9769523444e-05	3.6872798279e-05
4.7200000000e+02	1.8475010945e-02	-9.7731183787e-03	5.9847731618e-05	3.6877478441e-05
4.7300000000e+02	1.8511890751e-02	-9.8330051496e-03	5.9925784146e-05	3.6882129768e-05
4.7400000000e+02	1.8548775195e-02	-9.8929698953e-03	6.0003681625e-05	3.6886752496e-05
4.7500000000e+02	1.8585664247e-02	-9.9530124613e-03	6.0081424649e-05	3.6891346855e-05
4.7600000000e+02	1.8622557879e-02	-1.0013132693e-02	6.0159013808e-05	3.6895913077e-05
4.7700000000e+02	1.8659456064e-02	-1.0073330438e-02	6.0236449689e-05	3.6900451389e-05
4.7800000000e+02	1.8696358773e-02	-1.0133605542e-02	6.0313732876e-05	3.6904962016e-05
4.7900000000e+02	1.8733265979e-02	-1.0193957853e-02	6.0390863949e-05	3.6909445182e-05
4.8000000000e+02	1.8770177654e-02	-1.0254387219e-02	6.0467843486e-05	3.6913901107e-05
4.8100000000e+02	1.8807093772e-02	-1.0314893490e-02	6.0544672061e-05	3.6918330011e-05
4.8200000000e+02	1.8844014305e-02	-1.0375476513e-02	6.0621350245e-05	3.6922732109e-05
4.8300000000e+02	1.8880939227e-02	-1.0436136140e-02	6.0697878607e-05	3.6927107615e-05
4.8400000000e+02	1.8917868511e-02	-1.0496872221e-02	6.0774257711e-05	3.6931456744e-05
4.8500000000e+02	1.8954802132e-02	-1.0557684606e-02	6.0850488119e-05	3.6935779703e-05
4.8600000000e+02	1.8991740062e-02	-1.0618573148e-02	6.0926570390e-05	3.6940076702e-05
4.8700000000e+02	1.9028682277e-02	-1.0679537698e-02	6.1002505081e-05	3.6944347946e-05
4.8800000000e+02	1.9065628750e-02	-1.0740578109e-02	6.1078292742e-05	3.6948593640e-05
4.8900000000e+02	1.9102579456e-02	-1.0801694234e-02	6.1153933926e-05	3.6952813986e-05
4.9000000000e+02	1.9139534369e-02	-1.0862885928e-02	6.1229429178e-05	3.6957009183e-05
4.9100000000e+02	1.9176493466e-02	-1.0924153044e-02	6.1304779042e-05	3.6961179429e-05
4.9200000000e+02	1.9213456720e-02	-1.0985495438e-02	6.1379984060e-05	3.6965324921e-05
4.9300000000e+02	1.9250424107e-02	-1.1046912964e-02	6.1455044769e-05	3.6969445853e-05
4.9400000000e+02	1.9287395603e-02	-1.1108405479e-02	6.1529961706e-05	3.6973542418e-05
4.9500000000e+02	1.9324371184e-02	-1.1169972840e-02	6.1604735402e-05	3.6977614805e-05
4.9600000000e+02	1.9361350825e-02	-1.1231614903e-02	6.1679366386e-05	3.6981663204e-05
4.9700000000e+02	1.9398334502e-02	-1.1293331525e-02	6.1753855186e-05	3.6985687800e-05
4.9800000000e+02	1.9435322193e-02	-1.1355122566e-02	6.1828202326e-05	3.6989688780e-05
4.9900000000e+02	1.9472313872e-02	-1.1416987883e-02	6.1902408327e-05	3.6993666327e-05
5.0000000000e+02	1.9509309518e-02	-1.1478927335e-02	6.1976473706e-05	3.6997620621e-05
5.0100000000e+02	1.9546309106e-02	-1.1540940783e-02	6.2050398981e-05	3.7001551843e-05
5.0200000000e+02	1.9583312614e-02	-1.1603028087e-02	6.2124184663e-05	3.7005460170e-05
5.0300000000e+02	1.9620320019e-02	-1.1665189106e-02	6.2197831262e-05	3.7009345779e-05
5.0400000000e+02	1.9657331298e-02	-1.1727423703e-02	6.2271339288e-05	3.7013208845e-05
5.0500000000e+02	1.9694346429e-02	-1.1789731739e-02	6.2344709243e-05	3.7017049540e-05
5.0600000000e+02	1.9731365389e-02	-1.1852113076e-02	6.2417941631e-05	3.7020868036e-05
5.0700000000e+02	1.9768388158e-02	-1.1914567577e-02	6.2491036951e-05	3.7024664502e-05
5.0800000000e+02	1.9805414711e-02	-1.1977095104e-02	6.2563995700e-05	3.7028439107e-05
5.0900000000e+02	1.9842445028e-02	-1.2039695523e-02	6.2636818371e-05	3.7032192017e-05
5.1000000000e+02	1.9879479088e-02	-1.2102368696e-02	6.2709505458e-05	3.7035923396e-05
5.1100000000e+02	1.9916516868e-02	-1.2165114488e-02	6.2782057449e-05	3.7039633409e-05
5.1200000000e+02	1.9953558348e-02	-1.2227932766e-02	6.2854474831e-05	3.7043322217e-05
5.1300000000e+02	1.9990603506e-02	-1.2290823393e-02	6.2926758088e-05	3.7046989980e-05
5.1400000000e+02	2.0027652321e-02	-1.2353786237e-02	6.2998907701e-05	3.7050636857e-05
5.1500000000e+02	2.0064704772e-02	-1.2416821164e-02	6.3070924149e-05	3.7054263006e-05
5.1600000000e+02	2.0101760840e-02	-1.2479928042e-02	6.3142807910e-05	3.7057868582e-05
5.1700000000e+02	2.0138820503e-02	-1.2543106736e-02	6.3214559456e-05	3.7061453740e-05
5.1800000000e+02	2.0175883741e-02	-1.2606357117e-02	6.3286179261e-05	3.7065018632e-05
5.1900000000e+02	2.0212950533e-02	-1.2669679051e-02	6.3357667792e-05	3.7068563410e-05
5.2000000000e+02	2.0250020861e-02	-1.2733072408e-02	6.3429025518e-05	3.7072088225e-05
5.2100000000e+02	2.0287094703e-02	-1.2796537059e-02	6.3500252902e-05	3.7075593225e-05
5.2200000000e+02	2.0324172041e-02	-1.2860072871e-02	6.3571350406e-05	3.7079078557e-05
5.2300000000e+02	2.0361252854e-02	-1.2923679716e-02	6.3642318489e-05	3.7082544368e-05
5.2400000000e+02	2.0398337123e-02	-1.2987357465e-02	6.3713157611e-05	3.7085990801e-05
5.2500000000e+02	2.0435424829e-02	-1.3051105989e-02	6.3783868224e-05	3.7089418001e-05
5.2600000000e+02	2.0472515953e-02	-1.3114925159e-02	6.3854450782e-05	3.7092826109e-05
5.2700000000e+02	2.0509610475e-02	-1.3178814848e-02	6.3924905735e-05	3.7096215267e-05
5.2800000000e+02	2.0546708377e-02	-1.3242774928e-02	6.3995233532e-05	3.7099585613e-05
5.2900000000e+02	2.0583809640e-02	-1.3306805272e-02	6.4065434617e-05	3.7102937286e-05
5.3000000000e+02	2.0620914245e-02	-1.3370905755e-02	6.4135509434e-05	3.7106270422e-05
5.3100000000e+02	2.0658022175e-02	-1.3435076249e-02	6.4205458426e-05	3.7109585158e-05
5.3200000000e+02	2.0695133409e-02	-1.3499316630e-02	6.4275282029e-05	3.7112881627e-05
5.3300000000e+02	2.0732247932e-02	-1.3563626772e-02	6.4344980682e-05	3.7116159963e-05
5.3400000000e+02	2.0769365723e-02	-1.3628006550e-02	6.4414554819e-05	3.7119420298e-05
5.3500000000e+02	2.0806486766e-02	-1.3692455840e-02	6.4484004872e-05	3.7122662763e-05
5.3600000000e+02	2.0843611043e-02	-1.3756974518e-02	6.4553331271e-05	3.7125887487e-05
5.3700000000e+02	2.0880738536e-02	-1.3821562462e-02	6.4622534445e-05	3.7129094599e-05
5.3800000000e+02	2.0917869226e-02	-1.3886219546e-02	6.4691614819e-05	3.7132284226e-05
5.3900000000e+02	2.0955003098e-02	-1.3950945650e-02	6.4760572817e-05	3.7135456494e-05
5.4000000000e+02	2.0992140134e-02	-1.4015740651e-02	6.4829408861e-05	3.7138611528e-05
5.4100000000e+02	2.1029280316e-02	-1.4080604428e-02	6.4898123370e-05	3.7141749453e-05
5.4200000000e+02	2.1066423627e-02	-1.4145536858e-02	6.4966716761e-05	3.7144870391e-05
5.4300000000e+02	2.1103570051e-02	-1.4210537821e-02	6.5035189450e-05	3.7147974463e-05
5.4400000000e+02	2.1140719570e-02	-1.4275607197e-02	6.5103541851e-05	3.7151061791e-05
5.4500000000e+02	2.1177872169e-02	-1.4340744865e-02	6.5171774373e-05	3.7154132494e-05
5.4600000000e+02	2.1215027830e-02	-1.4405950705e-02	6.5239887427e-05	3.7157186690e-05
5.4700000000e+02	2.1252186537e-02	-1.4471224600e-02	6.5307881419e-05	3.7160224497e-05
5.4800000000e+02	2.1289348273e-02	-1.4536566429e-02	6.5375756755e-05	3.7163246031e-05
5.4900000000e+02	2.1326513023e-02	-1.4601976074e-02	6.5443513838e-05	3.7166251409e-05
5.5000000000e+02	2.1363680771e-02	-1.4667453417e-02	6.5511153069e-05	3.7169240743e-05
5.5100000000e+02	2.1400851500e-02	-1.4732998341e-02	6.5578674846e-05	3.7172214148e-05
5.5200000000e+02	2.1438025194e-02	-1.4798610728e-02	6.5646079568e-05	3.7175171736e-05
5.5300000000e+02	2.1475201838e-02	-1.4864290461e-02	6.5713367629e-05	3.7178113618e-05
5.5400000000e+02	2.1512381416e-02	-1.4930037424e-02	6.5780539423e-05	3.7181039904e-05
5.5500000000e+02	2.1549563912e-02	-1.4995851501e-02	6.5847595340e-05	3.7183950705e-05
5.5600000000e+02	2.1586749312e-02	-1.5061732577e-02	6.5914535771e-05	3.7186846129e-05
5.5700000000e+02	2.1623937600e-02	-1.5127680535e-02	6.5981361102e-05	3.7189726282e-05
5.5800000000e+02	2.1661128760e-02	-1.5193695260e-02	6.6048071721e-05	3.7192591273e-05
5.5900000000e+02	2.1698322777e-02	-1.5259776640e-02	6.6114668009e-05	3.7195441206e-05
5.6000000000e+02	2.1735519637e-02	-1.5325924559e-02	6.6181150349e-05	3.7198276187e-05
5.6100000000e+02	2.1772719325e-02	-1.5392138903e-02	6.6247519122e-05	3.7201096318e-05
5.6200000000e+02	2.1809921825e-02	-1.5458419559e-02	6.6313774704e-05	3.7203901704e-05
5.6300000000e+02	2.1847127123e-02	-1.5524766414e-02	6.6379917473e-05	3.7206692447e-05
5.6400000000e+02	2.1884335205e-02	-1.5591179356e-02	6.6445947804e-05	3.7209468647e-05
5.6500000000e+02	2.1921546056e-02	-1.5657658273e-02	6.6511866068e-05	3.7212230404e-05
5.6600000000e+02	2.1958759661e-02	-1.5724203051e-02	6.6577672636e-05	3.7214977820e-05
5.6700000000e+02	2.1995976006e-02	-1.5790813581e-02	6.6643367879e-05	3.7217710991e-05
5.6800000000e+02	2.2033195078e-02	-1.5857489750e-02	6.6708952162e-05	3.7220430016e-05
5.6900000000e+02	2.2070416862e-02	-1.5924231448e-02	6.6774425853e-05	3.7223134992e-05
5.7000000000e+02	2.2107641343e-02	-1.5991038565e-02	6.6839789313e-05	3.7225826015e-05
5.7100000000e+02	2.2144868509e-02	-1.6057910990e-02	6.6905042906e-05	3.7228503180e-05
5.7200000000e+02	2.2182098345e-02	-1.6124848614e-02	6.6970186992e-05	3.7231166582e-05
5.7300000000e+02	2.2219330838e-02	-1.6191851328e-02	6.7035221930e-05	3.7233816315e-05
5.7400000000e+02	2.2256565973e-02	-1.6258919022e-02	6.7100148075e-05	3.7236452471e-05
5.7500000000e+02	2.2293803738e-02	-1.6326051588e-02	6.7164965785e-05	3.7239075143e-05
5.7600000000e+02	2.2331044119e-02	-1.6393248918e-02	6.7229675411e-05	3.7241684421e-05
5.7700000000e+02	2.2368287103e-02	-1.6460510903e-02	6.7294277306e-05	3.7244280397e-05
5.7800000000e+02	2.2405532676e-02	-1.6527837436e-02	6.7358771820e-05	3.7246863161e-05
5.7900000000e+02	2.2442780825e-02	-1.6595228411e-02	6.7423159301e-05	3.7249432801e-05
5.8000000000e+02	2.2480031537e-02	-1.6662683719e-02	6.7487440097e-05	3.7251989406e-05
5.8100000000e+02	2.2517284799e-02	-1.6730203256e-02	6.7551614552e-05	3.7254533063e-05
5.8200000000e+02	2.2554540599e-02	-1.6797786913e-02	6.7615683010e-05	3.7257063860e-05
5.8300000000e+02	2.2591798923e-02	-1.6865434586e-02	6.7679645813e-05	3.7259581882e-05
5.8400000000e+02	2.2629059758e-02	-1.6933146170e-02	6.7743503301e-05	3.7262087215e-05
5.8500000000e+02	2.2666323093e-02	-1.7000921558e-02	6.7807255813e-05	3.7264579944e-05
5.8600000000e+02	2.2703588914e-02	-1.7068760646e-02	6.7870903687e-05	3.7267060152e-05
5.8700000000e+02	2.2740857209e-02	-1.7136663331e-02	6.7934447256e-05	3.7269527923e-05
5.8800000000e+02	2.2778127966e-02	-1.7204629506e-02	6.7997886857e-05	3.7271983339e-05
5.8900000000e+02	2.2815401172e-02	-1.7272659070e-02	6.8061222821e-05	3.7274426483e-05
5.9000000000e+02	2.2852676814e-02	-1.7340751918e-02	6.8124455478e-05	3.7276857436e-05
5.9100000000e+02	2.2889954882e-02	-1.7408907946e-02	6.8187585159e-05	3.7279276278e-05
5.9200000000e+02	2.2927235363e-02	-1.7477127054e-02	6.8250612190e-05	3.7281683090e-05
5.9300000000e+02	2.2964518245e-02	-1.7545409137e-02	6.8313536899e-05	3.7284077950e-05
5.9400000000e+02	2.3001803515e-02	-1.7613754093e-02	6.8376359610e-05	3.7286460937e-05
5.9500000000e+02	2.3039091162e-02	-1.7682161822e-02	6.8439080646e-05	3.7288832130e-05
5.9600000000e+02	2.3076381175e-02	-1.7750632221e-02	6.8501700329e-05	3.7291191605e-05
5.9700000000e+02	2.3113673542e-02	-1.7819165189e-02	6.8564218980e-05	3.7293539440e-05
5.9800000000e+02	2.3150968250e-02	-1.7887760625e-02	6.8626636916e-05	3.7295875710e-05
5.9900000000e+02	2.3188265289e-02	-1.7956418429e-02	6.8688954455e-05	3.7298200491e-05
6.0000000000e+02	2.3225564648e-02	-1.8025138501e-02	6.8751171914e-05	3.7300513857e-05
6.0100000000e+02	2.3262866313e-02	-1.8093920740e-02	6.8813289606e-05	3.7302815884e-05
6.0200000000e+02	2.3300170276e-02	-1.8162765047e-02	6.8875307845e-05	3.7305106644e-05
6.0300000000e+02	2.3337476523e-02	-1.8231671323e-02	6.8937226941e-05	3.7307386212e-05
6.0400000000e+02	2.3374785044e-02	-1.8300639468e-02	6.8999047206e-05	3.7309654658e-05
6.0500000000e+02	2.3412095829e-02	-1.8369669384e-02	6.9060768947e-05	3.7311912056e-05
6.0600000000e+02	2.3449408865e-02	-1.8438760973e-02	6.9122392472e-05	3.7314158476e-05
6.0700000000e+02	2.3486724142e-02	-1.8507914136e-02	6.9183918086e-05	3.7316393990e-05
6.0800000000e+02	2.3524041649e-02	-1.8577128777e-02	6.9245346095e-05	3.7318618667e-05
6.0900000000e+02	2.3561361376e-02	-1.8646404796e-02	6.9306676801e-05	3.7320832577e-05
6.1000000000e+02	2.3598683311e-02	-1.8715742098e-02	6.9367910506e-05	3.7323035789e-05
6.1100000000e+02	2.3636007444e-02	-1.8785140585e-02	6.9429047510e-05	3.7325228372e-05
6.1200000000e+02	2.3673333764e-02	-1.8854600161e-02	6.9490088112e-05	3.7327410393e-05
6.1300000000e+02	2.3710662261e-02	-1.8924120729e-02	6.9551032610e-05	3.7329581921e-05
6.1400000000e+02	2.3747992924e-02	-1.8993702194e-02	6.9611881300e-05	3.7331743021e-05
6.1500000000e+02	2.3785325743e-02	-1.9063344460e-02	6.9672634477e-05	3.7333893761e-05
6.1600000000e+02	2.3822660708e-02	-1.9133047431e-02	6.9733292435e-05	3.7336034206e-05
6.1700000000e+02	2.3859997809e-02	-1.9202811013e-02	6.9793855465e-05	3.7338164422e-05
6.1800000000e+02	2.3897337034e-02	-1.9272635111e-02	6.9854323858e-05	3.7340284473e-05
6.1900000000e+02	2.3934678374e-02	-1.9342519629e-02	6.9914697906e-05	3.7342394423e-05
6.2000000000e+02	2.3972021819e-02	-1.9412464475e-02	6.9974977894e-05	3.7344494337e-05
6.2100000000e+02	2.4009367359e-02	-1.9482469554e-02	7.0035164112e-05	3.7346584278e-05
6.2200000000e+02	2.4046714985e-02	-1.9552534772e-02	7.0095256844e-05	3.7348664308e-05
6.2300000000e+02	2.4084064685e-02	-1.9622660037e-02	7.0155256375e-05	3.7350734490e-05
6.2400000000e+02	2.4121416450e-02	-1.9692845254e-02	7.0215162988e-05	3.7352794885e-05
6.2500000000e+02	2.4158770271e-02	-1.9763090332e-02	7.0274976965e-05	3.7354845555e-05
6.2600000000e+02	2.4196126138e-02	-1.9833395177e-02	7.0334698587e-05	3.7356886562e-05
6.2700000000e+02	2.4233484041e-02	-1.9903759698e-02	7.0394328133e-05	3.7358917964e-05
6.2800000000e+02	2.4270843971e-02	-1.9974183803e-02	7.0453865882e-05	3.7360939823e-05
6.2900000000e+02	2.4308205918e-02	-2.0044667399e-02	7.0513312110e-05	3.7362952197e-05
6.3000000000e+02	2.4345569872e-02	-2.0115210397e-02	7.0572667093e-05	3.7364955145e-05
6.3100000000e+02	2.4382935825e-02	-2.0185812703e-02	7.0631931106e-05	3.7366948727e-05
6.3200000000e+02	2.4420303767e-02	-2.0256474229e-02	7.0691104423e-05	3.7368933000e-05
6.3300000000e+02	2.4457673688e-02	-2.0327194882e-02	7.0750187314e-05	3.7370908021e-05
6.3400000000e+02	2.4495045579e-02	-2.0397974573e-02	7.0809180052e-05	3.7372873849e-05
6.3500000000e+02	2.4532419432e-02	-2.0468813212e-02	7.0868082905e-05	3.7374830539e-05
6.3600000000e+02	2.4569795238e-02	-2.0539710709e-02	7.0926896143e-05	3.7376778149e-05
6.3700000000e+02	2.4607172986e-02	-2.0610666975e-02	7.0985620032e-05	3.7378716733e-05
6.3800000000e+02	2.4644552668e-02	-2.0681681919e-02	7.1044254839e-05	3.7380646348e-05
6.3900000000e+02	2.4681934275e-02	-2.0752755455e-02	7.1102800830e-05	3.7382567048e-05
6.4000000000e+02	2.4719317799e-02	-2.0823887492e-02	7.1161258267e-05	3.7384478888e-05
6.4100000000e+02	2.4756703230e-02	-2.0895077942e-02	7.1219627414e-05	3.7386381922e-05
6.4200000000e+02	2.4794090560e-02	-2.0966326717e-02	7.1277908531e-05	3.7388276205e-05
6.4300000000e+02	2.4831479780e-02	-2.1037633730e-02	7.1336101881e-05	3.7390161789e-05
6.4400000000e+02	2.4868870881e-02	-2.1108998892e-02	7.1394207721e-05	3.7392038727e-05
6.4500000000e+02	2.4906263854e-02	-2.1180422116e-02	7.1452226311e-05	3.7393907072e-05
6.4600000000e+02	2.4943658692e-02	-2.1251903315e-02	7.1510157906e-05	3.7395766876e-05
6.4700000000e+02	2.4981055385e-02	-2.1323442403e-02	7.1568002764e-05	3.7397618192e-05
6.4800000000e+02	2.5018453926e-02	-2.1395039292e-02	7.1625761138e-05	3.7399461069e-05
6.4900000000e+02	2.5055854305e-02	-2.1466693896e-02	7.1683433284e-05	3.7401295560e-05
6.5000000000e+02	2.5093256514e-02	-2.1538406130e-02	7.1741019452e-05	3.7403121715e-05
6.5100000000e+02	2.5130660545e-02	-2.1610175907e-02	7.1798519896e-05	3.7404939583e-05
6.5200000000e+02	2.5168066390e-02	-2.1682003141e-02	7.1855934864e-05	3.7406749216e-05
6.5300000000e+02	2.5205474041e-02	-2.1753887748e-02	7.1913264608e-05	3.7408550663e-05
6.5400000000e+02	2.5242883489e-02	-2.1825829642e-02	7.1970509375e-05	3.7410343972e-05
6.5500000000e+02	2.5280294726e-02	-2.1897828739e-02	7.2027669412e-05	3.7412129192e-05
6.5600000000e+02	2.5317707745e-02	-2.1969884953e-02	7.2084744966e-05	3.7413906372e-05
6.5700000000e+02	2.5355122536e-02	-2.2041998200e-02	7.2141736281e-05	3.7415675560e-05
6.5800000000e+02	2.5392539093e-02	-2.2114168397e-02	7.2198643603e-05	3.7417436804e-05
6.5900000000e+02	2.5429957407e-02	-2.2186395460e-02	7.2255467173e-05	3.7419190150e-05
6.6000000000e+02	2.5467377471e-02	-2.2258679304e-02	7.2312207234e-05	3.7420935646e-05
6.6100000000e+02	2.5504799276e-02	-2.2331019846e-02	7.2368864028e-05	3.7422673339e-05
6.6200000000e+02	2.5542222815e-02	-2.2403417004e-02	7.2425437793e-05	3.7424403274e-05
6.6300000000e+02	2.5579648080e-02	-2.2475870694e-02	7.2481928770e-05	3.7426125497e-05
6.6400000000e+02	2.5617075063e-02	-2.2548380834e-02	7.2538337195e-05	3.7427840055e-05
6.6500000000e+02	2.5654503758e-02	-2.2620947341e-02	7.2594663307e-05	3.7429546993e-05
6.6600000000e+02	2.5691934155e-02	-2.2693570134e-02	7.2650907340e-05	3.7431246355e-05
6.6700000000e+02	2.5729366248e-02	-2.2766249129e-02	7.2707069530e-05	3.7432938185e-05
6.6800000000e+02	2.5766800029e-02	-2.2838984245e-02	7.2763150111e-05	3.7434622530e-05
6.6900000000e+02	2.5804235490e-02	-2.2911775402e-02	7.2819149316e-05	3.7436299431e-05
6.7000000000e+02	2.5841672625e-02	-2.2984622517e-02	7.2875067376e-05	3.7437968933e-05
6.7100000000e+02	2.5879111426e-02	-2.3057525510e-02	7.2930904524e-05	3.7439631079e-05
6.7200000000e+02	2.5916551885e-02	-2.3130484299e-02	7.2986660988e-05	3.7441285913e-05
6.7300000000e+02	2.5953993995e-02	-2.3203498805e-02	7.3042336998e-05	3.7442933476e-05
6.7400000000e+02	2.5991437749e-02	-2.3276568946e-02	7.3097932783e-05	3.7444573812e-05
6.7500000000e+02	2.6028883140e-02	-2.3349694644e-02	7.3153448569e-05	3.7446206962e-05
6.7600000000e+02	2.6066330161e-02	-2.3422875817e-02	7.3208884583e-05	3.7447832968e-05
6.7700000000e+02	2.6103778804e-02	-2.3496112386e-02	7.3264241049e-05	3.7449451872e-05
6.7800000000e+02	2.6141229062e-02	-2.3569404273e-02	7.3319518193e-05	3.7451063714e-05
6.7900000000e+02	2.6178680929e-02	-2.3642751396e-02	7.3374716238e-05	3.7452668536e-05
6.8000000000e+02	2.6216134397e-02	-2.3716153679e-02	7.3429835406e-05	3.7454266378e-05
6.8100000000e+02	2.6253589459e-02	-2.3789611041e-02	7.3484875918e-05	3.7455857280e-05
6.8200000000e+02	2.6291046109e-02	-2.3863123404e-02	7.3539837997e-05	3.7457441283e-05
6.8300000000e+02	2.6328504340e-02	-2.3936690691e-02	7.3594721860e-05	3.7459018425e-05
6.8400000000e+02	2.6365964144e-02	-2.4010312822e-02	7.3649527728e-05	3.7460588748e-05
6.8500000000e+02	2.6403425515e-02	-2.4083989720e-02	7.3704255818e-05	3.7462152289e-05
6.8600000000e+02	2.6440888446e-02	-2.4157721308e-02	7.3758906347e-05	3.7463709087e-05
6.8700000000e+02	2.6478352931e-02	-2.4231507507e-02	7.3813479532e-05	3.7465259182e-05
6.8800000000e+02	2.6515818962e-02	-2.4305348241e-02	7.3867975587e-05	3.7466802611e-05
6.8900000000e+02	2.6553286534e-02	-2.4379243433e-02	7.3922394727e-05	3.7468339412e-05
6.9000000000e+02	2.6590755639e-02	-2.4453193005e-02	7.3976737166e-05	3.7469869624e-05
6.9100000000e+02	2.6628226271e-02	-2.4527196882e-02	7.4031003115e-05	3.7471393283e-05
6.9200000000e+02	2.6665698423e-02	-2.4601254986e-02	7.4085192788e-05	3.7472910427e-05
6.9300000000e+02	2.6703172090e-02	-2.4675367242e-02	7.4139306395e-05	3.7474421094e-05
6.9400000000e+02	2.6740647263e-02	-2.4749533573e-02	7.4193344145e-05	3.7475925318e-05
6.9500000000e+02	2.6778123938e-02	-2.4823753905e-02	7.4247306249e-05	3.7477423138e-05
6.9600000000e+02	2.6815602108e-02	-2.4898028161e-02	7.4301192914e-05	3.7478914589e-05
6.9700000000e+02	2.6853081765e-02	-2.4972356266e-02	7.4355004349e-05	3.7480399708e-05
6.9800000000e+02	2.6890562905e-02	-2.5046738145e-02	7.4408740759e-05	3.7481878529e-05
6.9900000000e+02	2.6928045520e-02	-2.5121173722e-02	7.4462402350e-05	3.7483351088e-05
7.0000000000e+02	2.6965529605e-02	-2.5195662924e-02	7.4515989328e-05	3.7484817421e-05
7.0100000000e+02	2.7003015153e-02	-2.5270205676e-02	7.4569501896e-05	3.7486277562e-05
7.0200000000e+02	2.7040502158e-02	-2.5344801903e-02	7.4622940259e-05	3.7487731547e-05
7.0300000000e+02	2.7077990614e-02	-2.5419451532e-02	7.4676304617e-05	3.7489179409e-05
7.0400000000e+02	2.7115480515e-02	-2.5494154488e-02	7.4729595175e-05	3.7490621183e-05
7.0500000000e+02	2.7152971854e-02	-2.5568910698e-02	7.4782812131e-05	3.7492056902e-05
7.0600000000e+02	2.7190464627e-02	-2.5643720088e-02	7.4835955686e-05	3.7493486601e-05
7.0700000000e+02	2.7227958826e-02	-2.5718582585e-02	7.4889026040e-05	3.7494910313e-05
7.0800000000e+02	2.7265454445e-02	-2.5793498116e-02	7.4942023391e-05	3.7496328072e-05
7.0900000000e+02	2.7302951480e-02	-2.5868466607e-02	7.4994947937e-05	3.7497739910e-05
7.1000000000e+02	2.7340449923e-02	-2.5943487987e-02	7.5047799874e-05	3.7499145860e-05
7.1100000000e+02	2.7377949770e-02	-2.6018562183e-02	7.5100579399e-05	3.7500545954e-05
7.1200000000e+02	2.7415451013e-02	-2.6093689122e-02	7.5153286707e-05	3.7501940226e-05
7.1300000000e+02	2.7452953648e-02	-2.6168868732e-02	7.5205921992e-05	3.7503328707e-05
7.1400000000e+02	2.7490457669e-02	-2.6244100942e-02	7.5258485449e-05	3.7504711430e-05
7.1500000000e+02	2.7527963069e-02	-2.6319385679e-02	7.5310977270e-05	3.7506088425e-05
7.1600000000e+02	2.7565469844e-02	-2.6394722873e-02	7.5363397649e-05	3.7507459724e-05
7.1700000000e+02	2.7602977987e-02	-2.6470112451e-02	7.5415746775e-05	3.7508825359e-05
7.1800000000e+02	2.7640487492e-02	-2.6545554343e-02	7.5468024840e-05	3.7510185361e-05
7.1900000000e+02	2.7677998355e-02	-2.6621048477e-02	7.5520232034e-05	3.7511539761e-05
7.2000000000e+02	2.7715510570e-02	-2.6696594783e-02	7.5572368546e-05	3.7512888588e-05
7.2100000000e+02	2.7753024131e-02	-2.6772193191e-02	7.5624434565e-05	3.7514231875e-05
7.2200000000e+02	2.7790539032e-02	-2.6847843629e-02	7.5676430278e-05	3.7515569650e-05
7.2300000000e+02	2.7828055268e-02	-2.6923546028e-02	7.5728355873e-05	3.7516901944e-05
7.2400000000e+02	2.7865572834e-02	-2.6999300317e-02	7.5780211535e-05	3.7518228786e-05
7.2500000000e+02	2.7903091724e-02	-2.7075106428e-02	7.5831997450e-05	3.7519550207e-05
7.2600000000e+02	2.7940611933e-02	-2.7150964289e-02	7.5883713804e-05	3.7520866236e-05
7.2700000000e+02	2.7978133455e-02	-2.7226873832e-02	7.5935360780e-05	3.7522176901e-05
7.2800000000e+02	2.8015656285e-02	-2.7302834987e-02	7.5986938561e-05	3.7523482232e-05
7.2900000000e+02	2.8053180417e-02	-2.7378847686e-02	7.6038447330e-05	3.7524782258e-05
7.3000000000e+02	2.8090705847e-02	-2.7454911859e-02	7.6089887269e-05	3.7526077008e-05
7.3100000000e+02	2.8128232570e-02	-2.7531027438e-02	7.6141258560e-05	3.7527366509e-05
7.3200000000e+02	2.8165760579e-02	-2.7607194353e-02	7.6192561383e-05	3.7528650790e-05
7.3300000000e+02	2.8203289870e-02	-2.7683412538e-02	7.6243795917e-05	3.7529929880e-05
7.3400000000e+02	2.8240820437e-02	-2.7759681923e-02	7.6294962343e-05	3.7531203805e-05
7.3500000000e+02	2.8278352275e-02	-2.7836002440e-02	7.6346060837e-05	3.7532472594e-05
7.3600000000e+02	2.8315885380e-02	-2.7912374022e-02	7.6397091579e-05	3.7533736274e-05
7.3700000000e+02	2.8353419746e-02	-2.7988796600e-02	7.6448054745e-05	3.7534994872e-05
7.3800000000e+02	2.8390955368e-02	-2.8065270109e-02	7.6498950511e-05	3.7536248416e-05
7.3900000000e+02	2.8428492241e-02	-2.8141794479e-02	7.6549779054e-05	3.7537496932e-05
7.4000000000e+02	2.8466030361e-02	-2.8218369644e-02	7.6600540547e-05	3.7538740448e-05
7.4100000000e+02	2.8503569721e-02	-2.8294995538e-02	7.6651235167e-05	3.7539978990e-05
7.4200000000e+02	2.8541110317e-02	-2.8371672093e-02	7.6701863086e-05	3.7541212584e-05
7.4300000000e+02	2.8578652144e-02	-2.8448399242e-02	7.6752424477e-05	3.7542441256e-05
7.4400000000e+02	2.8616195198e-02	-2.8525176919e-02	7.6802919512e-05	3.7543665033e-05
7.4500000000e+02	2.8653739473e-02	-2.8602005059e-02	7.6853348364e-05	3.7544883941e-05
7.4600000000e+02	2.8691284964e-02	-2.8678883594e-02	7.6903711204e-05	3.7546098005e-05
7.4700000000e+02	2.8728831667e-02	-2.8755812459e-02	7.6954008201e-05	3.7547307250e-05
7.4800000000e+02	2.8766379577e-02	-2.8832791589e-02	7.7004239526e-05	3.7548511703e-05
7.4900000000e+02	2.8803928689e-02	-2.8909820917e-02	7.7054405348e-05	3.7549711388e-05
7.5000000000e+02	2.8841478998e-02	-2.8986900378e-02	7.7104505834e-05	3.7550906331e-05
7.5100000000e+02	2.8879030500e-02	-2.9064029906e-02	7.7154541154e-05	3.7552096555e-05
7.5200000000e+02	2.8916583190e-02	-2.9141209438e-02	7.7204511473e-05	3.7553282087e-05
7.5300000000e+02	2.8954137063e-02	-2.9218438908e-02	7.7254416959e-05	3.7554462951e-05
7.5400000000e+02	2.8991692114e-02	-2.9295718251e-02	7.7304257778e-05	3.7555639171e-05
7.5500000000e+02	2.9029248339e-02	-2.9373047402e-02	7.7354034094e-05	3.7556810771e-05
7.5600000000e+02	2.9066805734e-02	-2.9450426297e-02	7.7403746073e-05	3.7557977775e-05
7.5700000000e+02	2.9104364293e-02	-2.9527854873e-02	7.7453393879e-05	3.7559140208e-05
7.5800000000e+02	2.9141924013e-02	-2.9605333064e-02	7.7502977674e-05	3.7560298093e-05
7.5900000000e+02	2.9179484888e-02	-2.9682860807e-02	7.7552497622e-05	3.7561451454e-05
7.6000000000e+02	2.9217046914e-02	-2.9760438038e-02	7.7601953884e-05	3.7562600314e-05
7.6100000000e+02	2.9254610087e-02	-2.9838064693e-02	7.7651346624e-05	3.7563744696e-05
7.6200000000e+02	2.9292174402e-02	-2.9915740710e-02	7.7700676000e-05	3.7564884624e-05
7.6300000000e+02	2.9329739855e-02	-2.9993466024e-02	7.7749942175e-05	3.7566020121e-05
7.6400000000e+02	2.9367306441e-02	-3.0071240573e-02	7.7799145307e-05	3.7567151210e-05
7.6500000000e+02	2.9404874156e-02	-3.0149064294e-02	7.7848285555e-05	3.7568277913e-05
7.6600000000e+02	2.9442442995e-02	-3.0226937123e-02	7.7897363079e-05	3.7569400253e-05
7.6700000000e+02	2.9480012955e-02	-3.0304858999e-02	7.7946378037e-05	3.7570518252e-05
7.6800000000e+02	2.9517584030e-02	-3.0382829859e-02	7.7995330585e-05	3.7571631933e-05
7.6900000000e+02	2.9555156217e-02	-3.0460849640e-02	7.8044220880e-05	3.7572741317e-05
7.7000000000e+02	2.9592729512e-02	-3.0538918280e-02	7.8093049080e-05	3.7573846428e-05
7.7100000000e+02	2.9630303909e-02	-3.0617035717e-02	7.8141815339e-05	3.7574947286e-05
7.7200000000e+02	2.9667879405e-02	-3.0695201890e-02	7.8190519812e-05	3.7576043914e-05
7.7300000000e+02	2.9705455995e-02	-3.0773416736e-02	7.8239162654e-05	3.7577136332e-05
7.7400000000e+02	2.9743033676e-02	-3.0851680195e-02	7.8287744019e-05	3.7578224564e-05
7.7500000000e+02	2.9780612443e-02	-3.0929992204e-02	7.8336264060e-05	3.7579308628e-05
7.7600000000e+02	2.9818192292e-02	-3.1008352702e-02	7.8384722931e-05	3.7580388548e-05
7.7700000000e+02	2.9855773219e-02	-3.1086761629e-02	7.8433120783e-05	3.7581464344e-05
7.7800000000e+02	2.9893355219e-02	-3.1165218924e-02	7.8481457767e-05	3.7582536037e-05
7.7900000000e+02	2.9930938289e-02	-3.1243724525e-02	7.8529734036e-05	3.7583603648e-05
7.8000000000e+02	2.9968522425e-02	-3.1322278372e-02	7.8577949739e-05	3.7584667197e-05
7.8100000000e+02	3.0006107623e-02	-3.1400880404e-02	7.8626105027e-05	3.7585726705e-05
7.8200000000e+02	3.0043693877e-02	-3.1479530562e-02	7.8674200050e-05	3.7586782192e-05
7.8300000000e+02	3.0081281186e-02	-3.1558228784e-02	7.8722234955e-05	3.7587833679e-05
7.8400000000e+02	3.0118869543e-02	-3.1636975011e-02	7.8770209891e-05	3.7588881185e-05
7.8500000000e+02	3.0156458947e-02	-3.1715769184e-02	7.8818125007e-05	3.7589924731e-05
7.8600000000e+02	3.0194049391e-02	-3.1794611242e-02	7.8865980449e-05	3.7590964337e-05
7.8700000000e+02	3.0231640874e-02	-3.1873501125e-02	7.8913776365e-05	3.7592000022e-05
7.8800000000e+02	3.0269233390e-02	-3.1952438774e-02	7.8961512899e-05	3.7593031806e-05
7.8900000000e+02	3.0306826936e-02	-3.2031424131e-02	7.9009190199e-05	3.7594059709e-05
7.9000000000e+02	3.0344421508e-02	-3.2110457135e-02	7.9056808410e-05	3.7595083750e-05
7.9100000000e+02	3.0382017103e-02	-3.2189537728e-02	7.9104367675e-05	3.7596103947e-05
7.9200000000e+02	3.0419613715e-02	-3.2268665851e-02	7.9151868139e-05	3.7597120322e-05
7.9300000000e+02	3.0457211342e-02	-3.2347841445e-02	7.9199309945e-05	3.7598132891e-05
7.9400000000e+02	3.0494809979e-02	-3.2427064451e-02	7.9246693238e-05	3.7599141675e-05
7.9500000000e+02	3.0532409624e-02	-3.2506334812e-02	7.9294018158e-05	3.7600146692e-05
7.9600000000e+02	3.0570010272e-02	-3.2585652468e-02	7.9341284849e-05	3.7601147961e-05
7.9700000000e+02	3.0607611919e-02	-3.2665017362e-02	7.9388493452e-05	3.7602145500e-05
7.9800000000e+02	3.0645214561e-02	-3.2744429436e-02	7.9435644107e-05	3.7603139327e-05
7.9900000000e+02	3.0682818196e-02	-3.2823888631e-02	7.9482736955e-05	3.7604129462e-05
8.0000000000e+02	3.0720422819e-02	-3.2903394891e-02	7.9529772137e-05	3.7605115923e-05
8.0100000000e+02	3.0758028427e-02	-3.2982948156e-02	7.9576749791e-05	3.7606098727e-05
8.0200000000e+02	3.0795635015e-02	-3.3062548371e-02	7.9623670058e-05	3.7607077892e-05
8.0300000000e+02	3.0833242581e-02	-3.3142195477e-02	7.9670533074e-05	3.7608053437e-05
8.0400000000e+02	3.0870851121e-02	-3.3221889418e-02	7.9717338979e-05	3.7609025379e-05
8.0500000000e+02	3.0908460631e-02	-3.3301630136e-02	7.9764087909e-05	3.7609993736e-05
8.0600000000e+02	3.0946071107e-02	-3.3381417575e-02	7.9810780003e-05	3.7610958525e-05
8.0700000000e+02	3.0983682547e-02	-3.3461251677e-02	7.9857415395e-05	3.7611919764e-05
8.0800000000e+02	3.1021294946e-02	-3.3541132387e-02	7.9903994223e-05	3.7612877470e-05
8.0900000000e+02	3.1058908300e-02	-3.3621059647e-02	7.9950516622e-05	3.7613831661e-05
8.1000000000e+02	3.1096522608e-02	-3.3701033401e-02	7.9996982727e-05	3.7614782354e-05
8.1100000000e+02	3.1134137864e-02	-3.3781053594e-02	8.0043392673e-05	3.7615729565e-05
8.1200000000e+02	3.1171754066e-02	-3.3861120168e-02	8.0089746593e-05	3.7616673311e-05
8.1300000000e+02	3.1209371210e-02	-3.3941233068e-02	8.0136044622e-05	3.7617613611e-05
8.1400000000e+02	3.1246989292e-02	-3.4021392239e-02	8.0182286893e-05	3.7618550479e-05
8.1500000000e+02	3.1284608309e-02	-3.4101597624e-02	8.0228473537e-05	3.7619483933e-05
8.1600000000e+02	3.1322228259e-02	-3.4181849167e-02	8.0274604689e-05	3.7620413989e-05
8.1700000000e+02	3.1359849136e-02	-3.4262146814e-02	8.0320680478e-05	3.7621340665e-05
8.1800000000e+02	3.1397470939e-02	-3.4342490510e-02	8.0366701037e-05	3.7622263975e-05
8.1900000000e+02	3.1435093663e-02	-3.4422880198e-02	8.0412666497e-05	3.7623183937e-05
8.2000000000e+02	3.1472717306e-02	-3.4503315824e-02	8.0458576988e-05	3.7624100566e-05
8.2100000000e+02	3.1510341863e-02	-3.4583797334e-02	8.0504432639e-05	3.7625013878e-05
8.2200000000e+02	3.1547967332e-02	-3.4664324672e-02	8.0550233581e-05	3.7625923890e-05
8.2300000000e+02	3.1585593710e-02	-3.4744897783e-02	8.0595979942e-05	3.7626830618e-05
8.2400000000e+02	3.1623220992e-02	-3.4825516613e-02	8.0641671851e-05	3.7627734076e-05
8.2500000000e+02	3.1660849177e-02	-3.4906181108e-02	8.0687309437e-05	3.7628634281e-05
8.2600000000e+02	3.1698478260e-02	-3.4986891214e-02	8.0732892826e-05	3.7629531248e-05
8.2700000000e+02	3.1736108238e-02	-3.5067646876e-02	8.0778422145e-05	3.7630424994e-05
8.2800000000e+02	3.1773739109e-02	-3.5148448040e-02	8.0823897523e-05	3.7631315532e-05
8.2900000000e+02	3.1811370868e-02	-3.5229294653e-02	8.0869319085e-05	3.7632202878e-05
8.3000000000e+02	3.1849003513e-02	-3.5310186661e-02	8.0914686957e-05	3.7633087049e-05
8.3100000000e+02	3.1886637041e-02	-3.5391124009e-02	8.0960001264e-05	3.7633968057e-05
8.3200000000e+02	3.1924271449e-02	-3.5472106645e-02	8.1005262132e-05	3.7634845920e-05
8.3300000000e+02	3.1961906732e-02	-3.5553134516e-02	8.1050469685e-05	3.7635720651e-05
8.3400000000e+02	3.1999542889e-02	-3.5634207567e-02	8.1095624048e-05	3.7636592266e-05
8.3500000000e+02	3.2037179916e-02	-3.5715325746e-02	8.1140725343e-05	3.7637460779e-05
8.3600000000e+02	3.2074817809e-02	-3.5796489000e-02	8.1185773695e-05	3.7638326205e-05
8.3700000000e+02	3.2112456567e-02	-3.5877697276e-02	8.1230769227e-05	3.7639188559e-05
8.3800000000e+02	3.2150096185e-02	-3.5958950521e-02	8.1275712060e-05	3.7640047854e-05
8.3900000000e+02	3.2187736662e-02	-3.6040248682e-02	8.1320602317e-05	3.7640904106e-05
8.4000000000e+02	3.2225377993e-02	-3.6121591708e-02	8.1365440120e-05	3.7641757329e-05
8.4100000000e+02	3.2263020175e-02	-3.6202979545e-02	8.1410225589e-05	3.7642607536e-05
8.4200000000e+02	3.2300663207e-02	-3.6284412142e-02	8.1454958846e-05	3.7643454743e-05
8.4300000000e+02	3.2338307084e-02	-3.6365889446e-02	8.1499640011e-05	3.7644298963e-05
8.4400000000e+02	3.2375951804e-02	-3.6447411405e-02	8.1544269204e-05	3.7645140210e-05
8.4500000000e+02	3.2413597363e-02	-3.6528977967e-02	8.1588846544e-05	3.7645978498e-05
8.4600000000e+02	3.2451243760e-02	-3.6610589080e-02	8.1633372151e-05	3.7646813841e-05
8.4700000000e+02	3.2488890990e-02	-3.6692244694e-02	8.1677846144e-05	3.7647646253e-05
8.4800000000e+02	3.2526539051e-02	-3.6773944756e-02	8.1722268640e-05	3.7648475747e-05
8.4900000000e+02	3.2564187940e-02	-3.6855689214e-02	8.1766639758e-05	3.7649302337e-05
8.5000000000e+02	3.2601837655e-02	-3.6937478018e-02	8.1810959615e-05	3.7650126037e-05
8.5100000000e+02	3.2639488192e-02	-3.7019311116e-02	8.1855228329e-05	3.7650946859e-05
8.5200000000e+02	3.2677139548e-02	-3.7101188458e-02	8.1899446016e-05	3.7651764818e-05
8.5300000000e+02	3.2714791720e-02	-3.7183109991e-02	8.1943612792e-05	3.7652579926e-05
8.5400000000e+02	3.2752444707e-02	-3.7265075666e-02	8.1987728774e-05	3.7653392197e-05
8.5500000000e+02	3.2790098504e-02	-3.7347085432e-02	8.2031794077e-05	3.7654201644e-05
8.5600000000e+02	3.2827753109e-02	-3.7429139238e-02	8.2075808816e-05	3.7655008280e-05
8.5700000000e+02	3.2865408519e-02	-3.7511237033e-02	8.2119773106e-05	3.7655812117e-05
8.5800000000e+02	3.2903064732e-02	-3.7593378767e-02	8.2163687062e-05	3.7656613170e-05
8.5900000000e+02	3.2940721745e-02	-3.7675564390e-02	8.2207550797e-05	3.7657411449e-05
8.6000000000e+02	3.2978379554e-02	-3.7757793852e-02	8.2251364426e-05	3.7658206970e-05
8.6100000000e+02	3.3016038158e-02	-3.7840067102e-02	8.2295128060e-05	3.7658999743e-05
8.6200000000e+02	3.3053697553e-02	-3.7922384091e-02	8.2338841815e-05	3.7659789782e-05
8.6300000000e+02	3.3091357736e-02	-3.8004744769e-02	8.2382505800e-05	3.7660577099e-05
8.6400000000e+02	3.3129018706e-02	-3.8087149086e-02	8.2426120130e-05	3.7661361706e-05
8.6500000000e+02	3.3166680459e-02	-3.8169596993e-02	8.2469684916e-05	3.7662143617e-05
8.6600000000e+02	3.3204342992e-02	-3.8252088440e-02	8.2513200268e-05	3.7662922843e-05
8.6700000000e+02	3.3242006304e-02	-3.8334623377e-02	8.2556666299e-05	3.7663699397e-05
8.6800000000e+02	3.3279670390e-02	-3.8417201756e-02	8.2600083118e-05	3.7664473290e-05
8.6900000000e+02	3.3317335249e-02	-3.8499823527e-02	8.2643450836e-05	3.7665244535e-05
8.7000000000e+02	3.3355000878e-02	-3.8582488641e-02	8.2686769563e-05	3.7666013144e-05
8.7100000000e+02	3.3392667275e-02	-3.8665197050e-02	8.2730039408e-05	3.7666779129e-05
8.7200000000e+02	3.3430334436e-02	-3.8747948704e-02	8.2773260481e-05	3.7667542502e-05
8.7300000000e+02	3.3468002359e-02	-3.8830743555e-02	8.2816432891e-05	3.7668303275e-05
8.7400000000e+02	3.3505671042e-02	-3.8913581553e-02	8.2859556745e-05	3.7669061458e-05
8.7500000000e+02	3.3543340481e-02	-3.8996462652e-02	8.2902632152e-05	3.7669817065e-05
8.7600000000e+02	3.3581010675e-02	-3.9079386802e-02	8.2945659220e-05	3.7670570107e-05
8.7700000000e+02	3.3618681620e-02	-3.9162353954e-02	8.2988638056e-05	3.7671320595e-05
8.7800000000e+02	3.3656353315e-02	-3.9245364062e-02	8.3031568766e-05	3.7672068541e-05
8.7900000000e+02	3.3694025757e-02	-3.9328417076e-02	8.3074451459e-05	3.7672813956e-05
8.8000000000e+02	3.3731698942e-02	-3.9411512949e-02	8.3117286240e-05	3.7673556852e-05
8.8100000000e+02	3.3769372870e-02	-3.9494651632e-02	8.3160073214e-05	3.7674297240e-05
8.8200000000e+02	3.3807047536e-02	-3.9577833079e-02	8.3202812489e-05	3.7675035131e-05
8.8300000000e+02	3.3844722939e-02	-3.9661057241e-02	8.3245504168e-05	3.7675770537e-05
8.8400000000e+02	3.3882399076e-02	-3.9744324072e-02	8.3288148357e-05	3.7676503468e-05
8.8500000000e+02	3.3920075945e-02	-3.9827633522e-02	8.3330745161e-05	3.7677233936e-05
8.8600000000e+02	3.3957753543e-02	-3.9910985546e-02	8.3373294683e-05	3.7677961951e-05
8.8700000000e+02	3.3995431868e-02	-3.9994380096e-02	8.3415797028e-05	3.7678687525e-05
8.8800000000e+02	3.4033110917e-02	-4.0077817125e-02	8.3458252300e-05	3.7679410668e-05
8.8900000000e+02	3.4070790689e-02	-4.0161296585e-02	8.3500660600e-05	3.7680131392e-05
8.9000000000e+02	3.4108471179e-02	-4.0244818430e-02	8.3543022033e-05	3.7680849707e-05
8.9100000000e+02	3.4146152387e-02	-4.0328382613e-02	8.3585336701e-05	3.7681565623e-05
8.9200000000e+02	3.4183834310e-02	-4.0411989088e-02	8.3627604706e-05	3.7682279152e-05
8.9300000000e+02	3.4221516945e-02	-4.0495637807e-02	8.3669826150e-05	3.7682990304e-05
8.9400000000e+02	3.4259200290e-02	-4.0579328725e-02	8.3712001135e-05	3.7683699089e-05
8.9500000000e+02	3.4296884342e-02	-4.0663061794e-02	8.3754129761e-05	3.7684405518e-05
8.9600000000e+02	3.4334569100e-02	-4.0746836969e-02	8.3796212130e-05	3.7685109602e-05
8.9700000000e+02	3.4372254561e-02	-4.0830654203e-02	8.3838248343e-05	3.7685811350e-05
8.9800000000e+02	3.4409940722e-02	-4.0914513450e-02	8.3880238499e-05	3.7686510774e-05
8.9900000000e+02	3.4447627581e-02	-4.0998414665e-02	8.3922182699e-05	3.7687207882e-05
9.0000000000e+02	3.4485315137e-02	-4.1082357800e-02	8.3964081041e-05	3.7687902687e-05
9.0100000000e+02	3.4523003386e-02	-4.1166342812e-02	8.4005933627e-05	3.7688595196e-05
9.0200000000e+02	3.4560692327e-02	-4.1250369652e-02	8.4047740553e-05	3.7689285422e-05
9.0300000000e+02	3.4598381956e-02	-4.1334438277e-02	8.4089501920e-05	3.7689973373e-05
9.0400000000e+02	3.4636072272e-02	-4.1418548641e-02	8.4131217825e-05	3.7690659059e-05
9.0500000000e+02	3.4673763273e-02	-4.1502700698e-02	8.4172888366e-05	3.7691342491e-05
9.0600000000e+02	3.4711454957e-02	-4.1586894403e-02	8.4214513642e-05	3.7692023679e-05
9.0700000000e+02	3.4749147320e-02	-4.1671129710e-02	8.4256093749e-05	3.7692702631e-05
9.0800000000e+02	3.4786840361e-02	-4.1755406575e-02	8.4297628785e-05	3.7693379359e-05
9.0900000000e+02	3.4824534078e-02	-4.1839724953e-02	8.4339118846e-05	3.7694053871e-05
9.1000000000e+02	3.4862228468e-02	-4.1924084798e-02	8.4380564029e-05	3.7694726178e-05
9.1100000000e+02	3.4899923530e-02	-4.2008486066e-02	8.4421964430e-05	3.7695396288e-05
9.1200000000e+02	3.4937619260e-02	-4.2092928712e-02	8.4463320145e-05	3.7696064212e-05
9.1300000000e+02	3.4975315657e-02	-4.2177412691e-02	8.4504631269e-05	3.7696729959e-05
9.1400000000e+02	3.5013012719e-02	-4.2261937960e-02	8.4545897898e-05	3.7697393537e-05
9.1500000000e+02	3.5050710444e-02	-4.2346504472e-02	8.4587120127e-05	3.7698054958e-05
9.1600000000e+02	3.5088408828e-02	-4.2431112185e-02	8.4628298050e-05	3.7698714230e-05
9.1700000000e+02	3.5126107871e-02	-4.2515761054e-02	8.4669431761e-05	3.7699371362e-05
9.1800000000e+02	3.5163807571e-02	-4.2600451034e-02	8.4710521356e-05	3.7700026363e-05
9.1900000000e+02	3.5201507923e-02	-4.2685182082e-02	8.4751566926e-05	3.7700679243e-05
9.2000000000e+02	3.5239208928e-02	-4.2769954153e-02	8.4792568567e-05	3.7701330011e-05
9.2100000000e+02	3.5276910583e-02	-4.2854767204e-02	8.4833526370e-05	3.7701978676e-05
9.2200000000e+02	3.5314612885e-02	-4.2939621191e-02	8.4874440430e-05	3.7702625247e-05
9.2300000000e+02	3.5352315833e-02	-4.3024516071e-02	8.4915310838e-05	3.7703269733e-05
9.2400000000e+02	3.5390019424e-02	-4.3109451798e-02	8.4956137686e-05	3.7703912143e-05
9.2500000000e+02	3.5427723656e-02	-4.3194428331e-02	8.4996921068e-05	3.7704552486e-05
9.2600000000e+02	3.5465428528e-02	-4.3279445626e-02	8.5037661074e-05	3.7705190770e-05
9.2700000000e+02	3.5503134037e-02	-4.3364503639e-02	8.5078357795e-05	3.7705827005e-05
9.2800000000e+02	3.5540840181e-02	-4.3449602327e-02	8.5119011324e-05	3.7706461199e-05
9.2900000000e+02	3.5578546959e-02	-4.3534741647e-02	8.5159621751e-05	3.7707093360e-05
9.3000000000e+02	3.5616254367e-02	-4.3619921557e-02	8.5200189165e-05	3.7707723499e-05
9.3100000000e+02	3.5653962405e-02	-4.3705142012e-02	8.5240713659e-05	3.7708351622e-05
9.3200000000e+02	3.5691671070e-02	-4.3790402970e-02	8.5281195321e-05	3.7708977739e-05
9.3300000000e+02	3.5729380360e-02	-4.3875704388e-02	8.5321634242e-05	3.7709601859e-05
9.3400000000e+02	3.5767090273e-02	-4.3961046224e-02	8.5362030511e-05	3.7710223989e-05
9.3500000000e+02	3.5804800807e-02	-4.4046428435e-02	8.5402384216e-05	3.7710844138e-05
9.3600000000e+02	3.5842511961e-02	-4.4131850978e-02	8.5442695447e-05	3.7711462315e-05
9.3700000000e+02	3.5880223731e-02	-4.4217313811e-02	8.5482964293e-05	3.7712078527e-05
9.3800000000e+02	3.5917936117e-02	-4.4302816893e-02	8.5523190842e-05	3.7712692784e-05
9.3900000000e+02	3.5955649116e-02	-4.4388360179e-02	8.5563375181e-05	3.7713305093e-05
9.4000000000e+02	3.5993362727e-02	-4.4473943629e-02	8.5603517399e-05	3.7713915463e-05
9.4100000000e+02	3.6031076946e-02	-4.4559567200e-02	8.5643617584e-05	3.7714523902e-05
9.4200000000e+02	3.6068791774e-02	-4.4645230850e-02	8.5683675821e-05	3.7715130417e-05
9.4300000000e+02	3.6106507207e-02	-4.4730934538e-02	8.5723692200e-05	3.7715735018e-05
9.4400000000e+02	3.6144223243e-02	-4.4816678221e-02	8.5763666805e-05	3.7716337711e-05
9.4500000000e+02	3.6181939881e-02	-4.4902461857e-02	8.5803599723e-05	3.7716938506e-05
9.4600000000e+02	3.6219657120e-02	-4.4988285406e-02	8.5843491042e-05	3.7717537409e-05
9.4700000000e+02	3.6257374956e-02	-4.5074148826e-02	8.5883340846e-05	3.7718134430e-05
9.4800000000e+02	3.6295093388e-02	-4.5160052074e-02	8.5923149221e-05	3.7718729575e-05
9.4900000000e+02	3.6332812414e-02	-4.5245995110e-02	8.5962916253e-05	3.7719322853e-05
9.5000000000e+02	3.6370532033e-02	-4.5331977893e-02	8.6002642027e-05	3.7719914271e-05
9.5100000000e+02	3.6408252242e-02	-4.5418000381e-02	8.6042326627e-05	3.7720503838e-05
9.5200000000e+02	3.6445973040e-02	-4.5504062532e-02	8.6081970139e-05	3.7721091560e-05
9.5300000000e+02	3.6483694425e-02	-4.5590164307e-02	8.6121572646e-05	3.7721677446e-05
9.5400000000e+02	3.6521416394e-02	-4.5676305664e-02	8.6161134233e-05	3.7722261503e-05
9.5500000000e+02	3.6559138947e-02	-4.5762486562e-02	8.6200654983e-05	3.7722843738e-05
9.5600000000e+02	3.6596862081e-02	-4.5848706960e-02	8.6240134981e-05	3.7723424160e-05
9.5700000000e+02	3.6634585795e-02	-4.5934966818e-02	8.6279574308e-05	3.7724002776e-05
9.5800000000e+02	3.6672310086e-02	-4.6021266095e-02	8.6318973050e-05	3.7724579593e-05
9.5900000000e+02	3.6710034953e-02	-4.6107604751e-02	8.6358331287e-05	3.7725154619e-05
9.6000000000e+02	3.6747760395e-02	-4.6193982745e-02	8.6397649103e-05	3.7725727861e-05
9.6100000000e+02	3.6785486408e-02	-4.6280400036e-02	8.6436926581e-05	3.7726299327e-05
9.6200000000e+02	3.6823212993e-02	-4.6366856584e-02	8.6476163801e-05	3.7726869023e-05
9.6300000000e+02	3.6860940146e-02	-4.6453352350e-02	8.6515360847e-05	3.7727436957e-05
9.6400000000e+02	3.6898667866e-02	-4.6539887293e-02	8.6554517799e-05	3.7728003137e-05
9.6500000000e+02	3.6936396152e-02	-4.6626461372e-02	8.6593634740e-05	3.7728567569e-05
9.6600000000e+02	3.6974125001e-02	-4.6713074549e-02	8.6632711749e-05	3.7729130261e-05
9.6700000000e+02	3.7011854411e-02	-4.6799726782e-02	8.6671748908e-05	3.7729691219e-05
9.6800000000e+02	3.7049584382e-02	-4.6886418033e-02	8.6710746297e-05	3.7730250452e-05
9.6900000000e+02	3.7087314912e-02	-4.6973148262e-02	8.6749703998e-05	3.7730807966e-05
9.7000000000e+02	3.7125045998e-02	-4.7059917428e-02	8.6788622089e-05	3.7731363767e-05
9.7100000000e+02	3.7162777639e-02	-4.7146725493e-02	8.6827500650e-05	3.7731917864e-05
9.7200000000e+02	3.7200509833e-02	-4.7233572416e-02	8.6866339763e-05	3.7732470263e-05
9.7300000000e+02	3.7238242579e-02	-4.7320458159e-02	8.6905139505e-05	3.7733020970e-05
9.7400000000e+02	3.7275975874e-02	-4.7407382682e-02	8.6943899955e-05	3.7733569994e-05
9.7500000000e+02	3.7313709718e-02	-4.7494345946e-02	8.6982621194e-05	3.7734117340e-05
9.7600000000e+02	3.7351444108e-02	-4.7581347912e-02	8.7021303299e-05	3.7734663015e-05
9.7700000000e+02	3.7389179044e-02	-4.7668388540e-02	8.7059946349e-05	3.7735207027e-05
9.7800000000e+02	3.7426914522e-02	-4.7755467791e-02	8.7098550423e-05	3.7735749381e-05
9.7900000000e+02	3.7464650542e-02	-4.7842585628e-02	8.7137115597e-05	3.7736290085e-05
9.8000000000e+02	3.7502387102e-02	-4.7929742010e-02	8.7175641950e-05	3.7736829146e-05
9.8100000000e+02	3.7540124200e-02	-4.8016936899e-02	8.7214129560e-05	3.7737366570e-05
9.8200000000e+02	3.7577861834e-02	-4.8104170256e-02	8.7252578503e-05	3.7737902363e-05
9.8300000000e+02	3.7615600004e-02	-4.8191442043e-02	8.7290988857e-05	3.7738436532e-05
9.8400000000e+02	3.7653338707e-02	-4.8278752221e-02	8.7329360699e-05	3.7738969084e-05
9.8500000000e+02	3.7691077941e-02	-4.8366100751e-02	8.7367694104e-05	3.7739500026e-05
9.8600000000e+02	3.7728817706e-02	-4.8453487596e-02	8.7405989150e-05	3.7740029363e-05
9.8700000000e+02	3.7766558000e-02	-4.8540912717e-02	8.7444245913e-05	3.7740557102e-05
9.8800000000e+02	3.7804298820e-02	-4.8628376075e-02	8.7482464469e-05	3.7741083250e-05
9.8900000000e+02	3.7842040166e-02	-4.8715877633e-02	8.7520644892e-05	3.7741607813e-05
9.9000000000e+02	3.7879782035e-02	-4.8803417352e-02	8.7558787260e-05	3.7742130797e-05
9.9100000000e+02	3.7917524427e-02	-4.8890995195e-02	8.7596891646e-05	3.7742652209e-05
9.9200000000e+02	3.7955267339e-02	-4.8978611123e-02	8.7634958127e-05	3.7743172055e-05
9.9300000000e+02	3.7993010770e-02	-4.9066265099e-02	8.7672986776e-05	3.7743690341e-05
9.9400000000e+02	3.8030754719e-02	-4.9153957084e-02	8.7710977669e-05	3.7744207073e-05
9.9500000000e+02	3.8068499184e-02	-4.9241687041e-02	8.7748930880e-05	3.7744722258e-05
9.9600000000e+02	3.8106244163e-02	-4.9329454933e-02	8.7786846482e-05	3.7745235901e-05
9.9700000000e+02	3.8143989655e-02	-4.9417260722e-02	8.7824724551e-05	3.7745748010e-05
9.9800000000e+02	3.8181735659e-02	-4.9505104370e-02	8.7862565159e-05	3.7746258589e-05
9.9900000000e+02	3.8219482172e-02	-4.9592985840e-02	8.7900368380e-05	3.7746767646e-05
