# total modes from dos = 5.9999942221e+00
# ZPE = 5.1155754443e-03 Ry/cell
# Multiply by 13.6058 to have energies in eV/cell etc..
# Multiply by 13.6058 x 23060.35 = 313 754.5 to have energies in cal/(N mol).
# Multiply by 13.6058 x 96526.0 = 1 313 313 to have energies in J/(N mol).
# N is the number of formula units per cell.
#
# T (K) 	Evib (Ry/cell)	Fvib (Ry/cell)	Svib (Ry/cell/K)	Cvib (Ry/cell/K)
1.0000000000e+00	5.1155754559e-03	5.1155753793e-03	7.6610440984e-11	3.3558959693e-11
2.0000000000e+00	5.1155755576e-03	5.1155752764e-03	1.4062030256e-10	2.0398804547e-10
3.0000000000e+00	5.1155759547e-03	5.1155750677e-03	2.9566769842e-10	6.4694296627e-10
4.0000000000e+00	5.1155769877e-03	5.1155746396e-03	5.8703621501e-10	1.4986567735e-09
5.0000000000e+00	5.1155791339e-03	5.1155738330e-03	1.0601830967e-09	2.8962308186e-09
6.0000000000e+00	5.1155830083e-03	5.1155724434e-03	1.7608255430e-09	4.9783588101e-09
7.0000000000e+00	5.1155893660e-03	5.1155702202e-03	2.7351165786e-09	7.8866127152e-09
8.0000000000e+00	5.1155991056e-03	5.1155668663e-03	4.0299143393e-09	1.1767355353e-08
9.0000000000e+00	5.1156132761e-03	5.1155620375e-03	5.6931735261e-09	1.6774726338e-08
1.0000000000e+01	5.1156330861e-03	5.1155553406e-03	7.7745454497e-09	2.3075800899e-08
1.1000000000e+01	5.1156599215e-03	5.1155463317e-03	1.0326350613e-08	3.0859561737e-08
1.2000000000e+01	5.1156953738e-03	5.1155345124e-03	1.3405118197e-08	4.0350775830e-08
1.3000000000e+01	5.1157412843e-03	5.1155193249e-03	1.7073796626e-08	5.1827957077e-08
1.4000000000e+01	5.1157998078e-03	5.1155001442e-03	2.1404540486e-08	6.5642390326e-08
1.5000000000e+01	5.1158734937e-03	5.1154762672e-03	2.6481768365e-08	8.2234069605e-08
1.6000000000e+01	5.1159653799e-03	5.1154468988e-03	3.2405062860e-08	1.0214086734e-07
1.7000000000e+01	5.1160790915e-03	5.1154111362e-03	3.9291486510e-08	1.2599883541e-07
1.8000000000e+01	5.1162189356e-03	5.1153679497e-03	4.7276991624e-08	1.5453341551e-07
1.9000000000e+01	5.1163899827e-03	5.1153161643e-03	5.6516755420e-08	1.8854286095e-07
2.0000000000e+01	5.1165981289e-03	5.1152544404e-03	6.7184425045e-08	2.2887606640e-07
2.1000000000e+01	5.1168501342e-03	5.1151812562e-03	7.9470378692e-08	2.7640728436e-07
2.2000000000e+01	5.1171536343e-03	5.1150948922e-03	9.3579187457e-08	3.3201004172e-07
2.3000000000e+01	5.1175171279e-03	5.1149934184e-03	1.0972649934e-07	3.9653215089e-07
2.4000000000e+01	5.1179499390e-03	5.1148746853e-03	1.2813557082e-07	4.7077319743e-07
2.5000000000e+01	5.1184621589e-03	5.1147363176e-03	1.4903365302e-07	5.5546538529e-07
2.6000000000e+01	5.1190645710e-03	5.1145757124e-03	1.7264840864e-07	6.5125818979e-07
2.7000000000e+01	5.1197685618e-03	5.1143900403e-03	1.9920449938e-07	7.5870692898e-07
2.8000000000e+01	5.1205860226e-03	5.1141762500e-03	2.2892044755e-07	8.7826511691e-07
2.9000000000e+01	5.1215292455e-03	5.1139310761e-03	2.6200584176e-07	1.0102802958e-06
3.0000000000e+01	5.1226108168e-03	5.1136510490e-03	2.9865892839e-07	1.1549929450e-06
3.1000000000e+01	5.1238435100e-03	5.1133325072e-03	3.3906460631e-07	1.3125380155e-06
3.2000000000e+01	5.1252401824e-03	5.1129716121e-03	3.8339282423e-07	1.4829486272e-06
3.3000000000e+01	5.1268136757e-03	5.1125643626e-03	4.3179736589e-07	1.6661614802e-06
3.4000000000e+01	5.1285767227e-03	5.1121066128e-03	4.8441499852e-07	1.8620235638e-06
3.5000000000e+01	5.1305418617e-03	5.1115940883e-03	5.4136495347e-07	2.0702997857e-06
3.6000000000e+01	5.1327213581e-03	5.1110224047e-03	6.0274870402e-07	2.2906811923e-06
3.7000000000e+01	5.1351271350e-03	5.1103870849e-03	6.6865000372e-07	2.5227934975e-06
3.8000000000e+01	5.1377707122e-03	5.1096835766e-03	7.3913514861e-07	2.7662056835e-06
3.9000000000e+01	5.1406631537e-03	5.1089072700e-03	8.1425342763e-07	3.0204384824e-06
4.0000000000e+01	5.1438150233e-03	5.1080535142e-03	8.9403772767e-07	3.2849725839e-06
4.1000000000e+01	5.1472363491e-03	5.1071176333e-03	9.7850526203e-07	3.5592564560e-06
4.2000000000e+01	5.1509365942e-03	5.1060949417e-03	1.0676583941e-06	3.8427136896e-06
4.3000000000e+01	5.1549246362e-03	5.1049807584e-03	1.1614855306e-06	4.1347498113e-06
4.4000000000e+01	5.1592087514e-03	5.1037704207e-03	1.2599620629e-06	4.4347585268e-06
4.5000000000e+01	5.1637966066e-03	5.1024592965e-03	1.3630513353e-06	4.7421273788e-06
4.6000000000e+01	5.1686952550e-03	5.1010427962e-03	1.4707056261e-06	5.0562428169e-06
4.7000000000e+01	5.1739111377e-03	5.0995163828e-03	1.5828671250e-06	5.3764946899e-06
4.8000000000e+01	5.1794500888e-03	5.0978755818e-03	1.6994688965e-06	5.7022801795e-06
4.9000000000e+01	5.1853173450e-03	5.0961159899e-03	1.8204358201e-06	6.0330072024e-06
5.0000000000e+01	5.1915175574e-03	5.0942332825e-03	1.9456854983e-06	6.3680973118e-06
5.1000000000e+01	5.1980548064e-03	5.0922232208e-03	2.0751291285e-06	6.7069881328e-06
5.2000000000e+01	5.2049326189e-03	5.0900816577e-03	2.2086723321e-06	7.0491353675e-06
5.3000000000e+01	5.2121539875e-03	5.0878045426e-03	2.3462159403e-06	7.3940144083e-06
5.4000000000e+01	5.2197213902e-03	5.0853879267e-03	2.4876567322e-06	7.7411215953e-06
5.5000000000e+01	5.2276368125e-03	5.0828279656e-03	2.6328881259e-06	8.0899751538e-06
5.6000000000e+01	5.2359017693e-03	5.0801209233e-03	2.7818008216e-06	8.4401158480e-06
5.7000000000e+01	5.2445173276e-03	5.0772631740e-03	2.9342833965e-06	8.7911073825e-06
5.8000000000e+01	5.2534841297e-03	5.0742512042e-03	3.0902228536e-06	9.1425365836e-06
5.9000000000e+01	5.2628024164e-03	5.0710816140e-03	3.2495051248e-06	9.4940133890e-06
6.0000000000e+01	5.2724720497e-03	5.0677511179e-03	3.4120155304e-06	9.8451706731e-06
6.1000000000e+01	5.2824925361e-03	5.0642565452e-03	3.5776391956e-06	1.0195663931e-05
6.2000000000e+01	5.2928630486e-03	5.0605948400e-03	3.7462614286e-06	1.0545170848e-05
6.3000000000e+01	5.3035824486e-03	5.0567630609e-03	3.9177680589e-06	1.0893390766e-05
6.4000000000e+01	5.3146493077e-03	5.0527583802e-03	4.0920457416e-06	1.1240044072e-05
6.5000000000e+01	5.3260619279e-03	5.0485780831e-03	4.2689822270e-06	1.1584871531e-05
6.6000000000e+01	5.3378183620e-03	5.0442195665e-03	4.4484665995e-06	1.1927633553e-05
6.7000000000e+01	5.3499164328e-03	5.0396803371e-03	4.6303894871e-06	1.2268109441e-05
6.8000000000e+01	5.3623537512e-03	5.0349580106e-03	4.8146432440e-06	1.2606096604e-05
6.9000000000e+01	5.3751277345e-03	5.0300503090e-03	5.0011221085e-06	1.2941409750e-05
7.0000000000e+01	5.3882356229e-03	5.0249550593e-03	5.1897223376e-06	1.3273880084e-05
7.1000000000e+01	5.4016744958e-03	5.0196701911e-03	5.3803423205e-06	1.3603354496e-05
7.2000000000e+01	5.4154412870e-03	5.0141937345e-03	5.5728826734e-06	1.3929694753e-05
7.3000000000e+01	5.4295327991e-03	5.0085238180e-03	5.7672463164e-06	1.4252776710e-05
7.4000000000e+01	5.4439457172e-03	5.0026586657e-03	5.9633385340e-06	1.4572489528e-05
7.5000000000e+01	5.4586766222e-03	4.9965965955e-03	6.1610670223e-06	1.4888734912e-05
7.6000000000e+01	5.4737220023e-03	4.9903360162e-03	6.3603419219e-06	1.5201426373e-05
7.7000000000e+01	5.4890782650e-03	4.9838754254e-03	6.5610758400e-06	1.5510488508e-05
7.8000000000e+01	5.5047417478e-03	4.9772134065e-03	6.7631838617e-06	1.5815856311e-05
7.9000000000e+01	5.5207087277e-03	4.9703486271e-03	6.9665835517e-06	1.6117474502e-05
8.0000000000e+01	5.5369754314e-03	4.9632798356e-03	7.1711949479e-06	1.6415296890e-05
8.1000000000e+01	5.5535380435e-03	4.9560058592e-03	7.3769405478e-06	1.6709285761e-05
8.2000000000e+01	5.5703927151e-03	4.9485256014e-03	7.5837452879e-06	1.6999411290e-05
8.3000000000e+01	5.5875355708e-03	4.9408380398e-03	7.7915365178e-06	1.7285650986e-05
8.4000000000e+01	5.6049627165e-03	4.9329422230e-03	8.0002439693e-06	1.7567989161e-05
8.5000000000e+01	5.6226702454e-03	4.9248372691e-03	8.2097997210e-06	1.7846416428e-05
8.6000000000e+01	5.6406542444e-03	4.9165223627e-03	8.4201381594e-06	1.8120929220e-05
8.7000000000e+01	5.6589107996e-03	4.9079967530e-03	8.6311959370e-06	1.8391529345e-05
8.8000000000e+01	5.6774360011e-03	4.8992597515e-03	8.8429119276e-06	1.8658223554e-05
8.9000000000e+01	5.6962259484e-03	4.8903107294e-03	9.0552271793e-06	1.8921023144e-05
9.0000000000e+01	5.7152767543e-03	4.8811491163e-03	9.2680848663e-06	1.9179943574e-05
9.1000000000e+01	5.7345845489e-03	4.8717743972e-03	9.4814302386e-06	1.9435004116e-05
9.2000000000e+01	5.7541454834e-03	4.8621861109e-03	9.6952105713e-06	1.9686227514e-05
9.3000000000e+01	5.7739557335e-03	4.8523838480e-03	9.9093751127e-06	1.9933639672e-05
9.4000000000e+01	5.7940115019e-03	4.8423672489e-03	1.0123875032e-05	2.0177269365e-05
9.5000000000e+01	5.8143090218e-03	4.8321360018e-03	1.0338663368e-05	2.0417147955e-05
9.6000000000e+01	5.8348445587e-03	4.8216898411e-03	1.0553694975e-05	2.0653309140e-05
9.7000000000e+01	5.8556144129e-03	4.8110285452e-03	1.0768926470e-05	2.0885788714e-05
9.8000000000e+01	5.8766149214e-03	4.8001519354e-03	1.0984316184e-05	2.1114624338e-05
9.9000000000e+01	5.8978424600e-03	4.7890598735e-03	1.1199824106e-05	2.1339855335e-05
1.0000000000e+02	5.9192934441e-03	4.7777522606e-03	1.1415411835e-05	2.1561522495e-05
1.0100000000e+02	5.9409643310e-03	4.7662290355e-03	1.1631042530e-05	2.1779667895e-05
1.0200000000e+02	5.9628516204e-03	4.7544901730e-03	1.1846680857e-05	2.1994334726e-05
1.0300000000e+02	5.9849518557e-03	4.7425356826e-03	1.2062292943e-05	2.2205567147e-05
1.0400000000e+02	6.0072616249e-03	4.7303656067e-03	1.2277846328e-05	2.2413410129e-05
1.0500000000e+02	6.0297775613e-03	4.7179800199e-03	1.2493309919e-05	2.2617909332e-05
1.0600000000e+02	6.0524963443e-03	4.7053790268e-03	1.2708653940e-05	2.2819110975e-05
1.0700000000e+02	6.0754146997e-03	4.6925627613e-03	1.2923849891e-05	2.3017061723e-05
1.0800000000e+02	6.0985293998e-03	4.6795313854e-03	1.3138870504e-05	2.3211808586e-05
1.0900000000e+02	6.1218372646e-03	4.6662850875e-03	1.3353689698e-05	2.3403398815e-05
1.1000000000e+02	6.1453351610e-03	4.6528240815e-03	1.3568282541e-05	2.3591879820e-05
1.1100000000e+02	6.1690200037e-03	4.6391486058e-03	1.3782625206e-05	2.3777299084e-05
1.1200000000e+02	6.1928887545e-03	4.6252589221e-03	1.3996694932e-05	2.3959704092e-05
1.1300000000e+02	6.2169384229e-03	4.6111553142e-03	1.4210469989e-05	2.4139142256e-05
1.1400000000e+02	6.2411660658e-03	4.5968380872e-03	1.4423929636e-05	2.4315660861e-05
1.1500000000e+02	6.2655687871e-03	4.5823075666e-03	1.4637054091e-05	2.4489307000e-05
1.1600000000e+02	6.2901437379e-03	4.5675640971e-03	1.4849824490e-05	2.4660127528e-05
1.1700000000e+02	6.3148881159e-03	4.5526080417e-03	1.5062222856e-05	2.4828169011e-05
1.1800000000e+02	6.3397991650e-03	4.5374397811e-03	1.5274232067e-05	2.4993477686e-05
1.1900000000e+02	6.3648741756e-03	4.5220597127e-03	1.5485835822e-05	2.5156099423e-05
1.2000000000e+02	6.3901104834e-03	4.5064682498e-03	1.5697018613e-05	2.5316079688e-05
1.2100000000e+02	6.4155054695e-03	4.4906658207e-03	1.5907765692e-05	2.5473463513e-05
1.2200000000e+02	6.4410565598e-03	4.4746528683e-03	1.6118063045e-05	2.5628295469e-05
1.2300000000e+02	6.4667612245e-03	4.4584298490e-03	1.6327897362e-05	2.5780619644e-05
1.2400000000e+02	6.4926169777e-03	4.4419972322e-03	1.6537256012e-05	2.5930479614e-05
1.2500000000e+02	6.5186213767e-03	4.4253554995e-03	1.6746127017e-05	2.6077918434e-05
1.2600000000e+02	6.5447720217e-03	4.4085051445e-03	1.6954499025e-05	2.6222978611e-05
1.2700000000e+02	6.5710665550e-03	4.3914466714e-03	1.7162361288e-05	2.6365702101e-05
1.2800000000e+02	6.5975026608e-03	4.3741805952e-03	1.7369703637e-05	2.6506130285e-05
1.2900000000e+02	6.6240780641e-03	4.3567074406e-03	1.7576516461e-05	2.6644303970e-05
1.3000000000e+02	6.6507905306e-03	4.3390277418e-03	1.7782790683e-05	2.6780263371e-05
1.3100000000e+02	6.6776378660e-03	4.3211420417e-03	1.7988517743e-05	2.6914048112e-05
1.3200000000e+02	6.7046179150e-03	4.3030508914e-03	1.8193689572e-05	2.7045697214e-05
1.3300000000e+02	6.7317285613e-03	4.2847548501e-03	1.8398298580e-05	2.7175249098e-05
1.3400000000e+02	6.7589677267e-03	4.2662544842e-03	1.8602337630e-05	2.7302741575e-05
1.3500000000e+02	6.7863333704e-03	4.2475503671e-03	1.8805800025e-05	2.7428211851e-05
1.3600000000e+02	6.8138234886e-03	4.2286430785e-03	1.9008679486e-05	2.7551696522e-05
1.3700000000e+02	6.8414361136e-03	4.2095332044e-03	1.9210970140e-05	2.7673231578e-05
1.3800000000e+02	6.8691693136e-03	4.1902213363e-03	1.9412666502e-05	2.7792852402e-05
1.3900000000e+02	6.8970211919e-03	4.1707080712e-03	1.9613763458e-05	2.7910593772e-05
1.4000000000e+02	6.9249898861e-03	4.1509940108e-03	1.9814256252e-05	2.8026489867e-05
1.4100000000e+02	6.9530735678e-03	4.1310797616e-03	2.0014140469e-05	2.8140574267e-05
1.4200000000e+02	6.9812704417e-03	4.1109659341e-03	2.0213412026e-05	2.8252879960e-05
1.4300000000e+02	7.0095787456e-03	4.0906531430e-03	2.0412067151e-05	2.8363439345e-05
1.4400000000e+02	7.0379967489e-03	4.0701420064e-03	2.0610102379e-05	2.8472284239e-05
1.4500000000e+02	7.0665227530e-03	4.0494331459e-03	2.0807514531e-05	2.8579445879e-05
1.4600000000e+02	7.0951550898e-03	4.0285271860e-03	2.1004300711e-05	2.8684954933e-05
1.4700000000e+02	7.1238921220e-03	4.0074247540e-03	2.1200458286e-05	2.8788841503e-05
1.4800000000e+02	7.1527322419e-03	3.9861264798e-03	2.1395984879e-05	2.8891135134e-05
1.4900000000e+02	7.1816738710e-03	3.9646329953e-03	2.1590878360e-05	2.8991864819e-05
1.5000000000e+02	7.2107154597e-03	3.9429449347e-03	2.1785136833e-05	2.9091059004e-05
1.5100000000e+02	7.2398554865e-03	3.9210629339e-03	2.1978758626e-05	2.9188745604e-05
1.5200000000e+02	7.2690924575e-03	3.8989876302e-03	2.2171742285e-05	2.9284951999e-05
1.5300000000e+02	7.2984249060e-03	3.8767196624e-03	2.2364086559e-05	2.9379705052e-05
1.5400000000e+02	7.3278513919e-03	3.8542596706e-03	2.2555790399e-05	2.9473031110e-05
1.5500000000e+02	7.3573705012e-03	3.8316082954e-03	2.2746852941e-05	2.9564956014e-05
1.5600000000e+02	7.3869808454e-03	3.8087661787e-03	2.2937273504e-05	2.9655505108e-05
1.5700000000e+02	7.4166810611e-03	3.7857339626e-03	2.3127051583e-05	2.9744703247e-05
1.5800000000e+02	7.4464698097e-03	3.7625122898e-03	2.3316186835e-05	2.9832574803e-05
1.5900000000e+02	7.4763457765e-03	3.7391018032e-03	2.3504679077e-05	2.9919143674e-05
1.6000000000e+02	7.5063076706e-03	3.7155031460e-03	2.3692528279e-05	3.0004433294e-05
1.6100000000e+02	7.5363542243e-03	3.6917169610e-03	2.3879734555e-05	3.0088466638e-05
1.6200000000e+02	7.5664841926e-03	3.6677438911e-03	2.4066298158e-05	3.0171266233e-05
1.6300000000e+02	7.5966963529e-03	3.6435845788e-03	2.4252219473e-05	3.0252854164e-05
1.6400000000e+02	7.6269895043e-03	3.6192396661e-03	2.4437499014e-05	3.0333252082e-05
1.6500000000e+02	7.6573624675e-03	3.5947097945e-03	2.4622137412e-05	3.0412481214e-05
1.6600000000e+02	7.6878140841e-03	3.5699956047e-03	2.4806135418e-05	3.0490562367e-05
1.6700000000e+02	7.7183432164e-03	3.5450977368e-03	2.4989493890e-05	3.0567515940e-05
1.6800000000e+02	7.7489487468e-03	3.5200168298e-03	2.5172213792e-05	3.0643361931e-05
1.6900000000e+02	7.7796295776e-03	3.4947535217e-03	2.5354296188e-05	3.0718119941e-05
1.7000000000e+02	7.8103846304e-03	3.4693084495e-03	2.5535742240e-05	3.0791809186e-05
1.7100000000e+02	7.8412128460e-03	3.4436822489e-03	2.5716553199e-05	3.0864448501e-05
1.7200000000e+02	7.8721131836e-03	3.4178755544e-03	2.5896730402e-05	3.0936056351e-05
1.7300000000e+02	7.9030846209e-03	3.3918889989e-03	2.6076275271e-05	3.1006650836e-05
1.7400000000e+02	7.9341261534e-03	3.3657232141e-03	2.6255189306e-05	3.1076249698e-05
1.7500000000e+02	7.9652367942e-03	3.3393788301e-03	2.6433474081e-05	3.1144870327e-05
1.7600000000e+02	7.9964155736e-03	3.3128564752e-03	2.6611131241e-05	3.1212529773e-05
1.7700000000e+02	8.0276615389e-03	3.2861567762e-03	2.6788162501e-05	3.1279244748e-05
1.7800000000e+02	8.0589737538e-03	3.2592803582e-03	2.6964569638e-05	3.1345031633e-05
1.7900000000e+02	8.0903512982e-03	3.2322278444e-03	2.7140354491e-05	3.1409906488e-05
1.8000000000e+02	8.1217932680e-03	3.2049998560e-03	2.7315518955e-05	3.1473885056e-05
1.8100000000e+02	8.1532987747e-03	3.1775970126e-03	2.7490064984e-05	3.1536982769e-05
1.8200000000e+02	8.1848669450e-03	3.1500199315e-03	2.7663994579e-05	3.1599214756e-05
1.8300000000e+02	8.2164969206e-03	3.1222692282e-03	2.7837309794e-05	3.1660595849e-05
1.8400000000e+02	8.2481878579e-03	3.0943455160e-03	2.8010012727e-05	3.1721140587e-05
1.8500000000e+02	8.2799389277e-03	3.0662494062e-03	2.8182105522e-05	3.1780863228e-05
1.8600000000e+02	8.3117493150e-03	3.0379815076e-03	2.8353590362e-05	3.1839777744e-05
1.8700000000e+02	8.3436182184e-03	3.0095424273e-03	2.8524469471e-05	3.1897897840e-05
1.8800000000e+02	8.3755448503e-03	2.9809327699e-03	2.8694745109e-05	3.1955236948e-05
1.8900000000e+02	8.4075284364e-03	2.9521531375e-03	2.8864419571e-05	3.2011808240e-05
1.9000000000e+02	8.4395682152e-03	2.9232041303e-03	2.9033495183e-05	3.2067624632e-05
1.9100000000e+02	8.4716634382e-03	2.8940863460e-03	2.9201974305e-05	3.2122698786e-05
1.9200000000e+02	8.5038133695e-03	2.8648003798e-03	2.9369859321e-05	3.2177043119e-05
1.9300000000e+02	8.5360172852e-03	2.8353468246e-03	2.9537152646e-05	3.2230669807e-05
1.9400000000e+02	8.5682744739e-03	2.8057262709e-03	2.9703856716e-05	3.2283590790e-05
1.9500000000e+02	8.6005842355e-03	2.7759393067e-03	2.9869973994e-05	3.2335817777e-05
1.9600000000e+02	8.6329458819e-03	2.7459865177e-03	3.0035506960e-05	3.2387362250e-05
1.9700000000e+02	8.6653587362e-03	2.7158684868e-03	3.0200458119e-05	3.2438235470e-05
1.9800000000e+02	8.6978221328e-03	2.6855857945e-03	3.0364829991e-05	3.2488448480e-05
1.9900000000e+02	8.7303354167e-03	2.6551390190e-03	3.0528625114e-05	3.2538012112e-05
2.0000000000e+02	8.7628979441e-03	2.6245287357e-03	3.0691846042e-05	3.2586936990e-05
2.0100000000e+02	8.7955090813e-03	2.5937555175e-03	3.0854495342e-05	3.2635233534e-05
2.0200000000e+02	8.8281682051e-03	2.5628199347e-03	3.1016575596e-05	3.2682911965e-05
2.0300000000e+02	8.8608747025e-03	2.5317225551e-03	3.1178089396e-05	3.2729982309e-05
2.0400000000e+02	8.8936279703e-03	2.5004639439e-03	3.1339039345e-05	3.2776454401e-05
2.0500000000e+02	8.9264274151e-03	2.4690446635e-03	3.1499428057e-05	3.2822337889e-05
2.0600000000e+02	8.9592724531e-03	2.4374652739e-03	3.1659258151e-05	3.2867642237e-05
2.0700000000e+02	8.9921625096e-03	2.4057263325e-03	3.1818532257e-05	3.2912376731e-05
2.0800000000e+02	9.0250970196e-03	2.3738283939e-03	3.1977253008e-05	3.2956550482e-05
2.0900000000e+02	9.0580754267e-03	2.3417720101e-03	3.2135423046e-05	3.3000172429e-05
2.1000000000e+02	9.0910971835e-03	2.3095577305e-03	3.2293045014e-05	3.3043251340e-05
2.1100000000e+02	9.1241617512e-03	2.2771861019e-03	3.2450121561e-05	3.3085795823e-05
2.1200000000e+02	9.1572685998e-03	2.2446576683e-03	3.2606655337e-05	3.3127814322e-05
2.1300000000e+02	9.1904172073e-03	2.2119729712e-03	3.2762648996e-05	3.3169315123e-05
2.1400000000e+02	9.2236070602e-03	2.1791325495e-03	3.2918105190e-05	3.3210306358e-05
2.1500000000e+02	9.2568376528e-03	2.1461369391e-03	3.3073026575e-05	3.3250796009e-05
2.1600000000e+02	9.2901084876e-03	2.1129866737e-03	3.3227415805e-05	3.3290791907e-05
2.1700000000e+02	9.3234190746e-03	2.0796822840e-03	3.3381275533e-05	3.3330301741e-05
2.1800000000e+02	9.3567689316e-03	2.0462242982e-03	3.3534608410e-05	3.3369333055e-05
2.1900000000e+02	9.3901575837e-03	2.0126132419e-03	3.3687417086e-05	3.3407893256e-05
2.2000000000e+02	9.4235845635e-03	1.9788496379e-03	3.3839704207e-05	3.3445989613e-05
2.2100000000e+02	9.4570494107e-03	1.9449340065e-03	3.3991472417e-05	3.3483629265e-05
2.2200000000e+02	9.4905516721e-03	1.9108668652e-03	3.4142724356e-05	3.3520819215e-05
2.2300000000e+02	9.5240909015e-03	1.8766487290e-03	3.4293462657e-05	3.3557566343e-05
2.2400000000e+02	9.5576666594e-03	1.8422801102e-03	3.4443689952e-05	3.3593877401e-05
2.2500000000e+02	9.5912785132e-03	1.8077615185e-03	3.4593408865e-05	3.3629759018e-05
2.2600000000e+02	9.6249260365e-03	1.7730934611e-03	3.4742622015e-05	3.3665217705e-05
2.2700000000e+02	9.6586088097e-03	1.7382764422e-03	3.4891332015e-05	3.3700259852e-05
2.2800000000e+02	9.6923264194e-03	1.7033109639e-03	3.5039541472e-05	3.3734891737e-05
2.2900000000e+02	9.7260784585e-03	1.6681975253e-03	3.5187252984e-05	3.3769119523e-05
2.3000000000e+02	9.7598645258e-03	1.6329366230e-03	3.5334469143e-05	3.3802949262e-05
2.3100000000e+02	9.7936842263e-03	1.5975287512e-03	3.5481192533e-05	3.3836386900e-05
2.3200000000e+02	9.8275371709e-03	1.5619744013e-03	3.5627425731e-05	3.3869438273e-05
2.3300000000e+02	9.8614229760e-03	1.5262740623e-03	3.5773171304e-05	3.3902109117e-05
2.3400000000e+02	9.8953412641e-03	1.4904282204e-03	3.5918431811e-05	3.3934405062e-05
2.3500000000e+02	9.9292916630e-03	1.4544373595e-03	3.6063209802e-05	3.3966331642e-05
2.3600000000e+02	9.9632738061e-03	1.4183019608e-03	3.6207507819e-05	3.3997894290e-05
2.3700000000e+02	9.9972873321e-03	1.3820225030e-03	3.6351328393e-05	3.4029098346e-05
2.3800000000e+02	1.0031331885e-02	1.3455994623e-03	3.6494674045e-05	3.4059949052e-05
2.3900000000e+02	1.0065407114e-02	1.3090333124e-03	3.6637547288e-05	3.4090451562e-05
2.4000000000e+02	1.0099512674e-02	1.2723245244e-03	3.6779950622e-05	3.4120610938e-05
2.4100000000e+02	1.0133648223e-02	1.2354735670e-03	3.6921886541e-05	3.4150432154e-05
2.4200000000e+02	1.0167813427e-02	1.1984809063e-03	3.7063357523e-05	3.4179920095e-05
2.4300000000e+02	1.0202007954e-02	1.1613470061e-03	3.7204366041e-05	3.4209079566e-05
2.4400000000e+02	1.0236231478e-02	1.1240723276e-03	3.7344914552e-05	3.4237915283e-05
2.4500000000e+02	1.0270483678e-02	1.0866573295e-03	3.7485005505e-05	3.4266431885e-05
2.4600000000e+02	1.0304764237e-02	1.0491024682e-03	3.7624641337e-05	3.4294633929e-05
2.4700000000e+02	1.0339072843e-02	1.0114081977e-03	3.7763824474e-05	3.4322525893e-05
2.4800000000e+02	1.0373409187e-02	9.7357496940e-04	3.7902557329e-05	3.4350112180e-05
2.4900000000e+02	1.0407772967e-02	9.3560323235e-04	3.8040842306e-05	3.4377397117e-05
2.5000000000e+02	1.0442163882e-02	8.9749343328e-04	3.8178681796e-05	3.4404384955e-05
2.5100000000e+02	1.0476581639e-02	8.5924601647e-04	3.8316078177e-05	3.4431079877e-05
2.5200000000e+02	1.0511025946e-02	8.2086142384e-04	3.8453033817e-05	3.4457485990e-05
2.5300000000e+02	1.0545496516e-02	7.8234009496e-04	3.8589551071e-05	3.4483607336e-05
2.5400000000e+02	1.0579993067e-02	7.4368246704e-04	3.8725632282e-05	3.4509447885e-05
2.5500000000e+02	1.0614515319e-02	7.0488897497e-04	3.8861279782e-05	3.4535011543e-05
2.5600000000e+02	1.0649062999e-02	6.6596005128e-04	3.8996495889e-05	3.4560302148e-05
2.5700000000e+02	1.0683635834e-02	6.2689612622e-04	3.9131282909e-05	3.4585323476e-05
2.5800000000e+02	1.0718233557e-02	5.8769762772e-04	3.9265643138e-05	3.4610079237e-05
2.5900000000e+02	1.0752855905e-02	5.4836498144e-04	3.9399578856e-05	3.4634573083e-05
2.6000000000e+02	1.0787502617e-02	5.0889861076e-04	3.9533092333e-05	3.4658808602e-05
2.6100000000e+02	1.0822173437e-02	4.6929893677e-04	3.9666185826e-05	3.4682789323e-05
2.6200000000e+02	1.0856868112e-02	4.2956637835e-04	3.9798861580e-05	3.4706518718e-05
2.6300000000e+02	1.0891586392e-02	3.8970135212e-04	3.9931121825e-05	3.4730000201e-05
2.6400000000e+02	1.0926328031e-02	3.4970427246e-04	4.0062968783e-05	3.4753237129e-05
2.6500000000e+02	1.0961092786e-02	3.0957555158e-04	4.0194404658e-05	3.4776232806e-05
2.6600000000e+02	1.0995880417e-02	2.6931559944e-04	4.0325431646e-05	3.4798990480e-05
2.6700000000e+02	1.1030690689e-02	2.2892482385e-04	4.0456051928e-05	3.4821513346e-05
2.6800000000e+02	1.1065523367e-02	1.8840363043e-04	4.0586267673e-05	3.4843804549e-05
2.6900000000e+02	1.1100378222e-02	1.4775242264e-04	4.0716081037e-05	3.4865867180e-05
2.7000000000e+02	1.1135255026e-02	1.0697160177e-04	4.0845494164e-05	3.4887704282e-05
2.7100000000e+02	1.1170153556e-02	6.6061567009e-05	4.0974509184e-05	3.4909318849e-05
2.7200000000e+02	1.1205073591e-02	2.5022715398e-05	4.1103128217e-05	3.4930713825e-05
2.7300000000e+02	1.1240014911e-02	-1.6144558131e-05	4.1231353368e-05	3.4951892109e-05
2.7400000000e+02	1.1274977303e-02	-5.7439860743e-05	4.1359186731e-05	3.4972856550e-05
2.7500000000e+02	1.1309960554e-02	-9.8862801690e-05	4.1486630385e-05	3.4993609957e-05
2.7600000000e+02	1.1344964454e-02	-1.4041299230e-04	4.1613686399e-05	3.5014155088e-05
2.7700000000e+02	1.1379988796e-02	-1.8209004596e-04	4.1740356830e-05	3.5034494662e-05
2.7800000000e+02	1.1415033376e-02	-2.2389357811e-04	4.1866643719e-05	3.5054631352e-05
2.7900000000e+02	1.1450097992e-02	-2.6582320623e-04	4.1992549097e-05	3.5074567790e-05
2.8000000000e+02	1.1485182445e-02	-3.0787854981e-04	4.2118074983e-05	3.5094306567e-05
2.8100000000e+02	1.1520286540e-02	-3.5005923036e-04	4.2243223382e-05	3.5113850231e-05
2.8200000000e+02	1.1555410082e-02	-3.9236487141e-04	4.2367996287e-05	3.5133201293e-05
2.8300000000e+02	1.1590552879e-02	-4.3479509843e-04	4.2492395680e-05	3.5152362221e-05
2.8400000000e+02	1.1625714743e-02	-4.7734953892e-04	4.2616423530e-05	3.5171335449e-05
2.8500000000e+02	1.1660895488e-02	-5.2002782230e-04	4.2740081791e-05	3.5190123369e-05
2.8600000000e+02	1.1696094929e-02	-5.6282957995e-04	4.2863372410e-05	3.5208728338e-05
2.8700000000e+02	1.1731312885e-02	-6.0575444521e-04	4.2986297317e-05	3.5227152676e-05
2.8800000000e+02	1.1766549175e-02	-6.4880205332e-04	4.3108858432e-05	3.5245398668e-05
2.8900000000e+02	1.1801803623e-02	-6.9197204145e-04	4.3231057664e-05	3.5263468562e-05
2.9000000000e+02	1.1837076054e-02	-7.3526404866e-04	4.3352896907e-05	3.5281364573e-05
2.9100000000e+02	1.1872366295e-02	-7.7867771590e-04	4.3474378045e-05	3.5299088881e-05
2.9200000000e+02	1.1907674176e-02	-8.2221268600e-04	4.3595502950e-05	3.5316643633e-05
2.9300000000e+02	1.1942999527e-02	-8.6586860367e-04	4.3716273482e-05	3.5334030944e-05
2.9400000000e+02	1.1978342182e-02	-9.0964511546e-04	4.3836691489e-05	3.5351252896e-05
2.9500000000e+02	1.2013701978e-02	-9.5354186975e-04	4.3956758806e-05	3.5368311540e-05
2.9600000000e+02	1.2049078752e-02	-9.9755851678e-04	4.4076477258e-05	3.5385208895e-05
2.9700000000e+02	1.2084472343e-02	-1.0416947086e-03	4.4195848658e-05	3.5401946951e-05
2.9800000000e+02	1.2119882593e-02	-1.0859500990e-03	4.4314874806e-05	3.5418527666e-05
2.9900000000e+02	1.2155309346e-02	-1.1303243437e-03	4.4433557492e-05	3.5434952970e-05
3.0000000000e+02	1.2190752448e-02	-1.1748171001e-03	4.4551898493e-05	3.5451224765e-05
3.0100000000e+02	1.2226211745e-02	-1.2194280274e-03	4.4669899577e-05	3.5467344922e-05
3.0200000000e+02	1.2261687088e-02	-1.2641567865e-03	4.4787562498e-05	3.5483315287e-05
3.0300000000e+02	1.2297178326e-02	-1.3090030402e-03	4.4904888999e-05	3.5499137676e-05
3.0400000000e+02	1.2332685314e-02	-1.3539664530e-03	4.5021880814e-05	3.5514813880e-05
3.0500000000e+02	1.2368207906e-02	-1.3990466909e-03	4.5138539662e-05	3.5530345662e-05
3.0600000000e+02	1.2403745958e-02	-1.4442434219e-03	4.5254867255e-05	3.5545734761e-05
3.0700000000e+02	1.2439299329e-02	-1.4895563155e-03	4.5370865291e-05	3.5560982888e-05
3.0800000000e+02	1.2474867877e-02	-1.5349850432e-03	4.5486535457e-05	3.5576091730e-05
3.0900000000e+02	1.2510451466e-02	-1.5805292777e-03	4.5601879430e-05	3.5591062950e-05
3.1000000000e+02	1.2546049958e-02	-1.6261886939e-03	4.5716898877e-05	3.5605898186e-05
3.1100000000e+02	1.2581663218e-02	-1.6719629679e-03	4.5831595452e-05	3.5620599052e-05
3.1200000000e+02	1.2617291112e-02	-1.7178517777e-03	4.5945970800e-05	3.5635167139e-05
3.1300000000e+02	1.2652933508e-02	-1.7638548029e-03	4.6060026554e-05	3.5649604015e-05
3.1400000000e+02	1.2688590277e-02	-1.8099717248e-03	4.6173764336e-05	3.5663911224e-05
3.1500000000e+02	1.2724261288e-02	-1.8562022261e-03	4.6287185759e-05	3.5678090290e-05
3.1600000000e+02	1.2759946415e-02	-1.9025459914e-03	4.6400292426e-05	3.5692142714e-05
3.1700000000e+02	1.2795645532e-02	-1.9490027066e-03	4.6513085926e-05	3.5706069975e-05
3.1800000000e+02	1.2831358514e-02	-1.9955720594e-03	4.6625567840e-05	3.5719873531e-05
3.1900000000e+02	1.2867085238e-02	-2.0422537389e-03	4.6737739740e-05	3.5733554820e-05
3.2000000000e+02	1.2902825583e-02	-2.0890474361e-03	4.6849603185e-05	3.5747115259e-05
3.2100000000e+02	1.2938579429e-02	-2.1359528430e-03	4.6961159725e-05	3.5760556244e-05
3.2200000000e+02	1.2974346656e-02	-2.1829696537e-03	4.7072410901e-05	3.5773879152e-05
3.2300000000e+02	1.3010127148e-02	-2.2300975635e-03	4.7183358241e-05	3.5787085342e-05
3.2400000000e+02	1.3045920789e-02	-2.2773362694e-03	4.7294003265e-05	3.5800176152e-05
3.2500000000e+02	1.3081727462e-02	-2.3246854698e-03	4.7404347484e-05	3.5813152901e-05
3.2600000000e+02	1.3117547057e-02	-2.3721448646e-03	4.7514392397e-05	3.5826016891e-05
3.2700000000e+02	1.3153379459e-02	-2.4197141553e-03	4.7624139494e-05	3.5838769405e-05
3.2800000000e+02	1.3189224559e-02	-2.4673930448e-03	4.7733590255e-05	3.5851411707e-05
3.2900000000e+02	1.3225082246e-02	-2.5151812375e-03	4.7842746151e-05	3.5863945045e-05
3.3000000000e+02	1.3260952413e-02	-2.5630784393e-03	4.7951608643e-05	3.5876370650e-05
3.3100000000e+02	1.3296834952e-02	-2.6110843575e-03	4.8060179183e-05	3.5888689735e-05
3.3200000000e+02	1.3332729757e-02	-2.6591987009e-03	4.8168459211e-05	3.5900903495e-05
3.3300000000e+02	1.3368636724e-02	-2.7074211796e-03	4.8276450162e-05	3.5913013111e-05
3.3400000000e+02	1.3404555749e-02	-2.7557515053e-03	4.8384153457e-05	3.5925019746e-05
3.3500000000e+02	1.3440486730e-02	-2.8041893911e-03	4.8491570510e-05	3.5936924548e-05
3.3600000000e+02	1.3476429565e-02	-2.8527345514e-03	4.8598702727e-05	3.5948728650e-05
3.3700000000e+02	1.3512384154e-02	-2.9013867021e-03	4.8705551501e-05	3.5960433167e-05
3.3800000000e+02	1.3548350398e-02	-2.9501455604e-03	4.8812118221e-05	3.5972039201e-05
3.3900000000e+02	1.3584328200e-02	-2.9990108449e-03	4.8918404262e-05	3.5983547839e-05
3.4000000000e+02	1.3620317462e-02	-3.0479822758e-03	4.9024410993e-05	3.5994960151e-05
3.4100000000e+02	1.3656318088e-02	-3.0970595743e-03	4.9130139773e-05	3.6006277196e-05
3.4200000000e+02	1.3692329985e-02	-3.1462424631e-03	4.9235591953e-05	3.6017500017e-05
3.4300000000e+02	1.3728353057e-02	-3.1955306664e-03	4.9340768874e-05	3.6028629641e-05
3.4400000000e+02	1.3764387213e-02	-3.2449239096e-03	4.9445671869e-05	3.6039667085e-05
3.4500000000e+02	1.3800432361e-02	-3.2944219193e-03	4.9550302262e-05	3.6050613350e-05
3.4600000000e+02	1.3836488410e-02	-3.3440244237e-03	4.9654661369e-05	3.6061469424e-05
3.4700000000e+02	1.3872555270e-02	-3.3937311520e-03	4.9758750497e-05	3.6072236282e-05
3.4800000000e+02	1.3908632853e-02	-3.4435418351e-03	4.9862570943e-05	3.6082914886e-05
3.4900000000e+02	1.3944721071e-02	-3.4934562048e-03	4.9966123999e-05	3.6093506185e-05
3.5000000000e+02	1.3980819837e-02	-3.5434739944e-03	5.0069410946e-05	3.6104011117e-05
3.5100000000e+02	1.4016929065e-02	-3.5935949384e-03	5.0172433057e-05	3.6114430605e-05
3.5200000000e+02	1.4053048670e-02	-3.6438187726e-03	5.0275191598e-05	3.6124765562e-05
3.5300000000e+02	1.4089178568e-02	-3.6941452342e-03	5.0377687825e-05	3.6135016888e-05
3.5400000000e+02	1.4125318676e-02	-3.7445740613e-03	5.0479922987e-05	3.6145185472e-05
3.5500000000e+02	1.4161468912e-02	-3.7951049935e-03	5.0581898324e-05	3.6155272190e-05
3.5600000000e+02	1.4197629193e-02	-3.8457377717e-03	5.0683615070e-05	3.6165277908e-05
3.5700000000e+02	1.4233799441e-02	-3.8964721379e-03	5.0785074450e-05	3.6175203480e-05
3.5800000000e+02	1.4269979574e-02	-3.9473078352e-03	5.0886277679e-05	3.6185049749e-05
3.5900000000e+02	1.4306169514e-02	-3.9982446083e-03	5.0987225967e-05	3.6194817547e-05
3.6000000000e+02	1.4342369183e-02	-4.0492822026e-03	5.1087920516e-05	3.6204507697e-05
3.6100000000e+02	1.4378578504e-02	-4.1004203651e-03	5.1188362518e-05	3.6214121007e-05
3.6200000000e+02	1.4414797400e-02	-4.1516588438e-03	5.1288553159e-05	3.6223658280e-05
3.6300000000e+02	1.4451025795e-02	-4.2029973880e-03	5.1388493618e-05	3.6233120305e-05
3.6400000000e+02	1.4487263616e-02	-4.2544357481e-03	5.1488185065e-05	3.6242507863e-05
3.6500000000e+02	1.4523510786e-02	-4.3059736755e-03	5.1587628663e-05	3.6251821722e-05
3.6600000000e+02	1.4559767235e-02	-4.3576109232e-03	5.1686825568e-05	3.6261062645e-05
3.6700000000e+02	1.4596032888e-02	-4.4093472448e-03	5.1785776928e-05	3.6270231381e-05
3.6800000000e+02	1.4632307674e-02	-4.4611823956e-03	5.1884483884e-05	3.6279328671e-05
3.6900000000e+02	1.4668591521e-02	-4.5131161315e-03	5.1982947569e-05	3.6288355248e-05
3.7000000000e+02	1.4704884361e-02	-4.5651482100e-03	5.2081169110e-05	3.6297311834e-05
3.7100000000e+02	1.4741186122e-02	-4.6172783894e-03	5.2179149626e-05	3.6306199142e-05
3.7200000000e+02	1.4777496736e-02	-4.6695064293e-03	5.2276890230e-05	3.6315017877e-05
3.7300000000e+02	1.4813816135e-02	-4.7218320902e-03	5.2374392025e-05	3.6323768734e-05
3.7400000000e+02	1.4850144251e-02	-4.7742551341e-03	5.2471656111e-05	3.6332452400e-05
3.7500000000e+02	1.4886481018e-02	-4.8267753236e-03	5.2568683577e-05	3.6341069555e-05
3.7600000000e+02	1.4922826368e-02	-4.8793924227e-03	5.2665475508e-05	3.6349620867e-05
3.7700000000e+02	1.4959180238e-02	-4.9321061965e-03	5.2762032982e-05	3.6358106999e-05
3.7800000000e+02	1.4995542561e-02	-4.9849164109e-03	5.2858357068e-05	3.6366528604e-05
3.7900000000e+02	1.5031913274e-02	-5.0378228332e-03	5.2954448831e-05	3.6374886327e-05
3.8000000000e+02	1.5068292313e-02	-5.0908252315e-03	5.3050309326e-05	3.6383180806e-05
3.8100000000e+02	1.5104679614e-02	-5.1439233751e-03	5.3145939605e-05	3.6391412670e-05
3.8200000000e+02	1.5141075117e-02	-5.1971170343e-03	5.3241340711e-05	3.6399582541e-05
3.8300000000e+02	1.5177478759e-02	-5.2504059804e-03	5.3336513680e-05	3.6407691034e-05
3.8400000000e+02	1.5213890479e-02	-5.3037899859e-03	5.3431459544e-05	3.6415738755e-05
3.8500000000e+02	1.5250310217e-02	-5.3572688242e-03	5.3526179326e-05	3.6423726304e-05
3.8600000000e+02	1.5286737912e-02	-5.4108422696e-03	5.3620674045e-05	3.6431654272e-05
3.8700000000e+02	1.5323173505e-02	-5.4645100976e-03	5.3714944711e-05	3.6439523245e-05
3.8800000000e+02	1.5359616939e-02	-5.5182720846e-03	5.3808992328e-05	3.6447333800e-05
3.8900000000e+02	1.5396068154e-02	-5.5721280082e-03	5.3902817897e-05	3.6455086509e-05
3.9000000000e+02	1.5432527093e-02	-5.6260776468e-03	5.3996422409e-05	3.6462781934e-05
3.9100000000e+02	1.5468993699e-02	-5.6801207797e-03	5.4089806850e-05	3.6470420634e-05
3.9200000000e+02	1.5505467915e-02	-5.7342571874e-03	5.4182972201e-05	3.6478003159e-05
3.9300000000e+02	1.5541949686e-02	-5.7884866514e-03	5.4275919435e-05	3.6485530052e-05
3.9400000000e+02	1.5578438957e-02	-5.8428089539e-03	5.4368649520e-05	3.6493001851e-05
3.9500000000e+02	1.5614935672e-02	-5.8972238784e-03	5.4461163419e-05	3.6500419087e-05
3.9600000000e+02	1.5651439777e-02	-5.9517312090e-03	5.4553462086e-05	3.6507782285e-05
3.9700000000e+02	1.5687951219e-02	-6.0063307311e-03	5.4645546473e-05	3.6515091964e-05
3.9800000000e+02	1.5724469943e-02	-6.0610222308e-03	5.4737417523e-05	3.6522348634e-05
3.9900000000e+02	1.5760995898e-02	-6.1158054953e-03	5.4829076175e-05	3.6529552804e-05
4.0000000000e+02	1.5797529032e-02	-6.1706803127e-03	5.4920523361e-05	3.6536704972e-05
4.0100000000e+02	1.5834069291e-02	-6.2256464719e-03	5.5011760008e-05	3.6543805634e-05
4.0200000000e+02	1.5870616626e-02	-6.2807037628e-03	5.5102787037e-05	3.6550855278e-05
4.0300000000e+02	1.5907170985e-02	-6.3358519764e-03	5.5193605363e-05	3.6557854387e-05
4.0400000000e+02	1.5943732318e-02	-6.3910909043e-03	5.5284215897e-05	3.6564803438e-05
4.0500000000e+02	1.5980300575e-02	-6.4464203392e-03	5.5374619542e-05	3.6571702903e-05
4.0600000000e+02	1.6016875707e-02	-6.5018400747e-03	5.5464817197e-05	3.6578553247e-05
4.0700000000e+02	1.6053457666e-02	-6.5573499053e-03	5.5554809756e-05	3.6585354933e-05
4.0800000000e+02	1.6090046401e-02	-6.6129496262e-03	5.5644598106e-05	3.6592108415e-05
4.0900000000e+02	1.6126641866e-02	-6.6686390337e-03	5.5734183130e-05	3.6598814144e-05
4.1000000000e+02	1.6163244014e-02	-6.7244179249e-03	5.5823565704e-05	3.6605472564e-05
4.1100000000e+02	1.6199852796e-02	-6.7802860979e-03	5.5912746700e-05	3.6612084115e-05
4.1200000000e+02	1.6236468167e-02	-6.8362433514e-03	5.6001726985e-05	3.6618649232e-05
4.1300000000e+02	1.6273090079e-02	-6.8922894853e-03	5.6090507420e-05	3.6625168345e-05
4.1400000000e+02	1.6309718488e-02	-6.9484242999e-03	5.6179088860e-05	3.6631641880e-05
4.1500000000e+02	1.6346353348e-02	-7.0046475969e-03	5.6267472156e-05	3.6638070255e-05
4.1600000000e+02	1.6382994614e-02	-7.0609591785e-03	5.6355658154e-05	3.6644453886e-05
4.1700000000e+02	1.6419642241e-02	-7.1173588478e-03	5.6443647694e-05	3.6650793184e-05
4.1800000000e+02	1.6456296185e-02	-7.1738464087e-03	5.6531441612e-05	3.6657088555e-05
4.1900000000e+02	1.6492956403e-02	-7.2304216661e-03	5.6619040739e-05	3.6663340400e-05
4.2000000000e+02	1.6529622852e-02	-7.2870844255e-03	5.6706445898e-05	3.6669549116e-05
4.2100000000e+02	1.6566295487e-02	-7.3438344935e-03	5.6793657912e-05	3.6675715094e-05
4.2200000000e+02	1.6602974268e-02	-7.4006716772e-03	5.6880677595e-05	3.6681838724e-05
4.2300000000e+02	1.6639659151e-02	-7.4575957848e-03	5.6967505758e-05	3.6687920389e-05
4.2400000000e+02	1.6676350095e-02	-7.5146066252e-03	5.7054143207e-05	3.6693960467e-05
4.2500000000e+02	1.6713047058e-02	-7.5717040079e-03	5.7140590743e-05	3.6699959335e-05
4.2600000000e+02	1.6749750000e-02	-7.6288877436e-03	5.7226849163e-05	3.6705917362e-05
4.2700000000e+02	1.6786458879e-02	-7.6861576435e-03	5.7312919257e-05	3.6711834916e-05
4.2800000000e+02	1.6823173656e-02	-7.7435135196e-03	5.7398801813e-05	3.6717712359e-05
4.2900000000e+02	1.6859894291e-02	-7.8009551848e-03	5.7484497612e-05	3.6723550049e-05
4.3000000000e+02	1.6896620743e-02	-7.8584824528e-03	5.7570007433e-05	3.6729348342e-05
4.3100000000e+02	1.6933352974e-02	-7.9160951380e-03	5.7655332047e-05	3.6735107589e-05
4.3200000000e+02	1.6970090945e-02	-7.9737930555e-03	5.7740472224e-05	3.6740828135e-05
4.3300000000e+02	1.7006834618e-02	-8.0315760212e-03	5.7825428728e-05	3.6746510325e-05
4.3400000000e+02	1.7043583953e-02	-8.0894438519e-03	5.7910202317e-05	3.6752154498e-05
4.3500000000e+02	1.7080338914e-02	-8.1473963651e-03	5.7994793746e-05	3.6757760988e-05
4.3600000000e+02	1.7117099463e-02	-8.2054333790e-03	5.8079203766e-05	3.6763330129e-05
4.3700000000e+02	1.7153865562e-02	-8.2635547124e-03	5.8163433123e-05	3.6768862248e-05
4.3800000000e+02	1.7190637175e-02	-8.3217601852e-03	5.8247482558e-05	3.6774357671e-05
4.3900000000e+02	1.7227414265e-02	-8.3800496178e-03	5.8331352809e-05	3.6779816717e-05
4.4000000000e+02	1.7264196797e-02	-8.4384228314e-03	5.8415044609e-05	3.6785239707e-05
4.4100000000e+02	1.7300984733e-02	-8.4968796478e-03	5.8498558687e-05	3.6790626952e-05
4.4200000000e+02	1.7337778039e-02	-8.5554198897e-03	5.8581895766e-05	3.6795978766e-05
4.4300000000e+02	1.7374576679e-02	-8.6140433806e-03	5.8665056567e-05	3.6801295454e-05
4.4400000000e+02	1.7411380618e-02	-8.6727499444e-03	5.8748041807e-05	3.6806577322e-05
4.4500000000e+02	1.7448189822e-02	-8.7315394059e-03	5.8830852197e-05	3.6811824671e-05
4.4600000000e+02	1.7485004256e-02	-8.7904115907e-03	5.8913488446e-05	3.6817037797e-05
4.4700000000e+02	1.7521823886e-02	-8.8493663250e-03	5.8995951255e-05	3.6822216997e-05
4.4800000000e+02	1.7558648679e-02	-8.9084034356e-03	5.9078241327e-05	3.6827362561e-05
4.4900000000e+02	1.7595478600e-02	-8.9675227503e-03	5.9160359355e-05	3.6832474778e-05
4.5000000000e+02	1.7632313617e-02	-9.0267240972e-03	5.9242306032e-05	3.6837553933e-05
4.5100000000e+02	1.7669153697e-02	-9.0860073055e-03	5.9324082046e-05	3.6842600308e-05
4.5200000000e+02	1.7705998807e-02	-9.1453722047e-03	5.9405688079e-05	3.6847614183e-05
4.5300000000e+02	1.7742848915e-02	-9.2048186252e-03	5.9487124812e-05	3.6852595835e-05
4.5400000000e+02	1.7779703988e-02	-9.2643463981e-03	5.9568392921e-05	3.6857545536e-05
4.5500000000e+02	1.7816563995e-02	-9.3239553550e-03	5.9649493078e-05	3.6862463557e-05
4.5600000000e+02	1.7853428905e-02	-9.3836453285e-03	5.9730425950e-05	3.6867350166e-05
4.5700000000e+02	1.7890298685e-02	-9.4434161514e-03	5.9811192203e-05	3.6872205629e-05
4.5800000000e+02	1.7927173306e-02	-9.5032676576e-03	5.9891792496e-05	3.6877030206e-05
4.5900000000e+02	1.7964052735e-02	-9.5631996813e-03	5.9972227487e-05	3.6881824158e-05
4.6000000000e+02	1.8000936944e-02	-9.6232120576e-03	6.0052497830e-05	3.6886587742e-05
4.6100000000e+02	1.8037825901e-02	-9.6833046223e-03	6.0132604172e-05	3.6891321211e-05
4.6200000000e+02	1.8074719576e-02	-9.7434772115e-03	6.0212547160e-05	3.6896024817e-05
4.6300000000e+02	1.8111617941e-02	-9.8037296624e-03	6.0292327436e-05	3.6900698810e-05
4.6400000000e+02	1.8148520964e-02	-9.8640618124e-03	6.0371945639e-05	3.6905343434e-05
4.6500000000e+02	1.8185428618e-02	-9.9244734998e-03	6.0451402404e-05	3.6909958934e-05
4.6600000000e+02	1.8222340872e-02	-9.9849645636e-03	6.0530698361e-05	3.6914545552e-05
4.6700000000e+02	1.8259257699e-02	-1.0045534843e-02	6.0609834138e-05	3.6919103525e-05
4.6800000000e+02	1.8296179070e-02	-1.0106184179e-02	6.0688810361e-05	3.6923633091e-05
4.6900000000e+02	1.8333104956e-02	-1.0166912411e-02	6.0767627648e-05	3.6928134483e-05
4.7000000000e+02	1.8370035330e-02	-1.0227719381e-02	6.0846286619e-05	3.6932607933e-05
4.7100000000e+02	1.8406970163e-02	-1.0288604932e-02	6.0924787886e-05	3.6937053670e-05
4.7200000000e+02	1.8443909428e-02	-1.0349568905e-02	6.1003132060e-05	3.6941471921e-05
4.7300000000e+02	1.8480853098e-02	-1.0410611144e-02	6.1081319749e-05	3.6945862910e-05
4.7400000000e+02	1.8517801145e-02	-1.0471731492e-02	6.1159351555e-05	3.6950226860e-05
4.7500000000e+02	1.8554753542e-02	-1.0532929795e-02	6.1237228078e-05	3.6954563991e-05
4.7600000000e+02	1.8591710264e-02	-1.0594205897e-02	6.1314949917e-05	3.6958874520e-05
4.7700000000e+02	1.8628671283e-02	-1.0655559643e-02	6.1392517664e-05	3.6963158664e-05
4.7800000000e+02	1.8665636572e-02	-1.0716990881e-02	6.1469931911e-05	3.6967416635e-05
4.7900000000e+02	1.8702606107e-02	-1.0778499456e-02	6.1547193243e-05	3.6971648645e-05
4.8000000000e+02	1.8739579861e-02	-1.0840085217e-02	6.1624302245e-05	3.6975854904e-05
4.8100000000e+02	1.8776557808e-02	-1.0901748010e-02	6.1701259498e-05	3.6980035618e-05
4.8200000000e+02	1.8813539924e-02	-1.0963487685e-02	6.1778065579e-05	3.6984190992e-05
4.8300000000e+02	1.8850526182e-02	-1.1025304091e-02	6.1854721062e-05	3.6988321229e-05
4.8400000000e+02	1.8887516558e-02	-1.1087197077e-02	6.1931226519e-05	3.6992426531e-05
4.8500000000e+02	1.8924511027e-02	-1.1149166494e-02	6.2007582518e-05	3.6996507097e-05
4.8600000000e+02	1.8961509564e-02	-1.1211212193e-02	6.2083789623e-05	3.7000563123e-05
4.8700000000e+02	1.8998512145e-02	-1.1273334024e-02	6.2159848397e-05	3.7004594805e-05
4.8800000000e+02	1.9035518746e-02	-1.1335531840e-02	6.2235759397e-05	3.7008602335e-05
4.8900000000e+02	1.9072529342e-02	-1.1397805494e-02	6.2311523181e-05	3.7012585906e-05
4.9000000000e+02	1.9109543910e-02	-1.1460154838e-02	6.2387140301e-05	3.7016545705e-05
4.9100000000e+02	1.9146562425e-02	-1.1522579726e-02	6.2462611305e-05	3.7020481922e-05
4.9200000000e+02	1.9183584866e-02	-1.1585080012e-02	6.2537936743e-05	3.7024394742e-05
4.9300000000e+02	1.9220611207e-02	-1.1647655551e-02	6.2613117156e-05	3.7028284348e-05
4.9400000000e+02	1.9257641427e-02	-1.1710306198e-02	6.2688153086e-05	3.7032150923e-05
4.9500000000e+02	1.9294675501e-02	-1.1773031809e-02	6.2763045071e-05	3.7035994647e-05
4.9600000000e+02	1.9331713408e-02	-1.1835832240e-02	6.2837793646e-05	3.7039815699e-05
4.9700000000e+02	1.9368755125e-02	-1.1898707349e-02	6.2912399344e-05	3.7043614255e-05
4.9800000000e+02	1.9405800629e-02	-1.1961656992e-02	6.2986862693e-05	3.7047390491e-05
4.9900000000e+02	1.9442849899e-02	-1.2024681027e-02	6.3061184220e-05	3.7051144580e-05
5.0000000000e+02	1.9479902911e-02	-1.2087779313e-02	6.3135364448e-05	3.7054876693e-05
5.0100000000e+02	1.9516959645e-02	-1.2150951709e-02	6.3209403900e-05	3.7058587002e-05
5.0200000000e+02	1.9554020078e-02	-1.2214198074e-02	6.3283303092e-05	3.7062275674e-05
5.0300000000e+02	1.9591084189e-02	-1.2277518268e-02	6.3357062540e-05	3.7065942877e-05
5.0400000000e+02	1.9628151957e-02	-1.2340912153e-02	6.3430682757e-05	3.7069588776e-05
5.0500000000e+02	1.9665223360e-02	-1.2404379588e-02	6.3504164252e-05	3.7073213533e-05
5.0600000000e+02	1.9702298377e-02	-1.2467920435e-02	6.3577507533e-05	3.7076817313e-05
5.0700000000e+02	1.9739376987e-02	-1.2531534557e-02	6.3650713105e-05	3.7080400274e-05
5.0800000000e+02	1.9776459170e-02	-1.2595221816e-02	6.3723781468e-05	3.7083962577e-05
5.0900000000e+02	1.9813544906e-02	-1.2658982074e-02	6.3796713123e-05	3.7087504379e-05
5.1000000000e+02	1.9850634172e-02	-1.2722815196e-02	6.3869508566e-05	3.7091025836e-05
5.1100000000e+02	1.9887726951e-02	-1.2786721046e-02	6.3942168291e-05	3.7094527102e-05
5.1200000000e+02	1.9924823220e-02	-1.2850699488e-02	6.4014692789e-05	3.7098008331e-05
5.1300000000e+02	1.9961922961e-02	-1.2914750387e-02	6.4087082548e-05	3.7101469674e-05
5.1400000000e+02	1.9999026153e-02	-1.2978873608e-02	6.4159338056e-05	3.7104911282e-05
5.1500000000e+02	2.0036132777e-02	-1.3043069018e-02	6.4231459796e-05	3.7108333304e-05
5.1600000000e+02	2.0073242813e-02	-1.3107336483e-02	6.4303448248e-05	3.7111735886e-05
5.1700000000e+02	2.0110356242e-02	-1.3171675871e-02	6.4375303893e-05	3.7115119176e-05
5.1800000000e+02	2.0147473045e-02	-1.3236087047e-02	6.4447027204e-05	3.7118483318e-05
5.1900000000e+02	2.0184593202e-02	-1.3300569881e-02	6.4518618657e-05	3.7121828455e-05
5.2000000000e+02	2.0221716695e-02	-1.3365124241e-02	6.4590078723e-05	3.7125154730e-05
5.2100000000e+02	2.0258843505e-02	-1.3429749995e-02	6.4661407870e-05	3.7128462282e-05
5.2200000000e+02	2.0295973614e-02	-1.3494447013e-02	6.4732606564e-05	3.7131751253e-05
5.2300000000e+02	2.0333107002e-02	-1.3559215165e-02	6.4803675270e-05	3.7135021779e-05
5.2400000000e+02	2.0370243651e-02	-1.3624054320e-02	6.4874614449e-05	3.7138273998e-05
5.2500000000e+02	2.0407383544e-02	-1.3688964350e-02	6.4945424560e-05	3.7141508045e-05
5.2600000000e+02	2.0444526661e-02	-1.3753945126e-02	6.5016106060e-05	3.7144724055e-05
5.2700000000e+02	2.0481672986e-02	-1.3818996520e-02	6.5086659404e-05	3.7147922160e-05
5.2800000000e+02	2.0518822500e-02	-1.3884118403e-02	6.5157085042e-05	3.7151102494e-05
5.2900000000e+02	2.0555975185e-02	-1.3949310648e-02	6.5227383426e-05	3.7154265186e-05
5.3000000000e+02	2.0593131024e-02	-1.4014573127e-02	6.5297555003e-05	3.7157410366e-05
5.3100000000e+02	2.0630290000e-02	-1.4079905715e-02	6.5367600217e-05	3.7160538162e-05
5.3200000000e+02	2.0667452095e-02	-1.4145308286e-02	6.5437519512e-05	3.7163648702e-05
5.3300000000e+02	2.0704617292e-02	-1.4210780713e-02	6.5507313329e-05	3.7166742111e-05
5.3400000000e+02	2.0741785573e-02	-1.4276322871e-02	6.5576982105e-05	3.7169818515e-05
5.3500000000e+02	2.0778956923e-02	-1.4341934635e-02	6.5646526277e-05	3.7172878037e-05
5.3600000000e+02	2.0816131324e-02	-1.4407615882e-02	6.5715946279e-05	3.7175920800e-05
5.3700000000e+02	2.0853308759e-02	-1.4473366487e-02	6.5785242543e-05	3.7178946925e-05
5.3800000000e+02	2.0890489212e-02	-1.4539186326e-02	6.5854415498e-05	3.7181956533e-05
5.3900000000e+02	2.0927672667e-02	-1.4605075277e-02	6.5923465572e-05	3.7184949744e-05
5.4000000000e+02	2.0964859106e-02	-1.4671033216e-02	6.5992393190e-05	3.7187926674e-05
5.4100000000e+02	2.1002048515e-02	-1.4737060022e-02	6.6061198774e-05	3.7190887443e-05
5.4200000000e+02	2.1039240876e-02	-1.4803155573e-02	6.6129882747e-05	3.7193832165e-05
5.4300000000e+02	2.1076436174e-02	-1.4869319747e-02	6.6198445527e-05	3.7196760956e-05
5.4400000000e+02	2.1113634392e-02	-1.4935552424e-02	6.6266887530e-05	3.7199673931e-05
5.4500000000e+02	2.1150835516e-02	-1.5001853482e-02	6.6335209172e-05	3.7202571202e-05
5.4600000000e+02	2.1188039530e-02	-1.5068222802e-02	6.6403410864e-05	3.7205452881e-05
5.4700000000e+02	2.1225246417e-02	-1.5134660264e-02	6.6471493019e-05	3.7208319079e-05
5.4800000000e+02	2.1262456163e-02	-1.5201165749e-02	6.6539456043e-05	3.7211169907e-05
5.4900000000e+02	2.1299668752e-02	-1.5267739137e-02	6.6607300343e-05	3.7214005474e-05
5.5000000000e+02	2.1336884169e-02	-1.5334380310e-02	6.6675026325e-05	3.7216825888e-05
5.5100000000e+02	2.1374102398e-02	-1.5401089150e-02	6.6742634389e-05	3.7219631256e-05
5.5200000000e+02	2.1411323426e-02	-1.5467865540e-02	6.6810124938e-05	3.7222421684e-05
5.5300000000e+02	2.1448547237e-02	-1.5534709361e-02	6.6877498368e-05	3.7225197278e-05
5.5400000000e+02	2.1485773816e-02	-1.5601620497e-02	6.6944755078e-05	3.7227958143e-05
5.5500000000e+02	2.1523003148e-02	-1.5668598832e-02	6.7011895460e-05	3.7230704381e-05
5.5600000000e+02	2.1560235220e-02	-1.5735644250e-02	6.7078919909e-05	3.7233436095e-05
5.5700000000e+02	2.1597470016e-02	-1.5802756634e-02	6.7145828814e-05	3.7236153388e-05
5.5800000000e+02	2.1634707522e-02	-1.5869935869e-02	6.7212622564e-05	3.7238856360e-05
5.5900000000e+02	2.1671947724e-02	-1.5937181840e-02	6.7279301546e-05	3.7241545110e-05
5.6000000000e+02	2.1709190607e-02	-1.6004494434e-02	6.7345866145e-05	3.7244219739e-05
5.6100000000e+02	2.1746436158e-02	-1.6071873535e-02	6.7412316744e-05	3.7246880344e-05
5.6200000000e+02	2.1783684363e-02	-1.6139319029e-02	6.7478653724e-05	3.7249527023e-05
5.6300000000e+02	2.1820935208e-02	-1.6206830804e-02	6.7544877464e-05	3.7252159871e-05
5.6400000000e+02	2.1858188678e-02	-1.6274408747e-02	6.7610988342e-05	3.7254778986e-05
5.6500000000e+02	2.1895444761e-02	-1.6342052744e-02	6.7676986734e-05	3.7257384462e-05
5.6600000000e+02	2.1932703443e-02	-1.6409762683e-02	6.7742873014e-05	3.7259976393e-05
5.6700000000e+02	2.1969964710e-02	-1.6477538452e-02	6.7808647552e-05	3.7262554872e-05
5.6800000000e+02	2.2007228548e-02	-1.6545379941e-02	6.7874310720e-05	3.7265119991e-05
5.6900000000e+02	2.2044494945e-02	-1.6613287037e-02	6.7939862886e-05	3.7267671843e-05
5.7000000000e+02	2.2081763887e-02	-1.6681259630e-02	6.8005304416e-05	3.7270210519e-05
5.7100000000e+02	2.2119035362e-02	-1.6749297609e-02	6.8070635676e-05	3.7272736108e-05
5.7200000000e+02	2.2156309355e-02	-1.6817400864e-02	6.8135857027e-05	3.7275248700e-05
5.7300000000e+02	2.2193585855e-02	-1.6885569286e-02	6.8200968833e-05	3.7277748383e-05
5.7400000000e+02	2.2230864848e-02	-1.6953802766e-02	6.8265971452e-05	3.7280235246e-05
5.7500000000e+02	2.2268146321e-02	-1.7022101193e-02	6.8330865242e-05	3.7282709375e-05
5.7600000000e+02	2.2305430262e-02	-1.7090464460e-02	6.8395650560e-05	3.7285170856e-05
5.7700000000e+02	2.2342716659e-02	-1.7158892458e-02	6.8460327759e-05	3.7287619777e-05
5.7800000000e+02	2.2380005498e-02	-1.7227385080e-02	6.8524897193e-05	3.7290056221e-05
5.7900000000e+02	2.2417296767e-02	-1.7295942217e-02	6.8589359212e-05	3.7292480272e-05
5.8000000000e+02	2.2454590454e-02	-1.7364563762e-02	6.8653714166e-05	3.7294892015e-05
5.8100000000e+02	2.2491886547e-02	-1.7433249610e-02	6.8717962404e-05	3.7297291532e-05
5.8200000000e+02	2.2529185033e-02	-1.7501999652e-02	6.8782104270e-05	3.7299678905e-05
5.8300000000e+02	2.2566485901e-02	-1.7570813783e-02	6.8846140109e-05	3.7302054215e-05
5.8400000000e+02	2.2603789138e-02	-1.7639691897e-02	6.8910070264e-05	3.7304417544e-05
5.8500000000e+02	2.2641094732e-02	-1.7708633888e-02	6.8973895077e-05	3.7306768971e-05
5.8600000000e+02	2.2678402672e-02	-1.7777639652e-02	6.9037614886e-05	3.7309108577e-05
5.8700000000e+02	2.2715712945e-02	-1.7846709083e-02	6.9101230031e-05	3.7311436438e-05
5.8800000000e+02	2.2753025541e-02	-1.7915842077e-02	6.9164740846e-05	3.7313752635e-05
5.8900000000e+02	2.2790340446e-02	-1.7985038530e-02	6.9228147668e-05	3.7316057244e-05
5.9000000000e+02	2.2827657651e-02	-1.8054298338e-02	6.9291450829e-05	3.7318350341e-05
5.9100000000e+02	2.2864977143e-02	-1.8123621397e-02	6.9354650661e-05	3.7320632005e-05
5.9200000000e+02	2.2902298911e-02	-1.8193007605e-02	6.9417747494e-05	3.7322902308e-05
5.9300000000e+02	2.2939622944e-02	-1.8262456858e-02	6.9480741656e-05	3.7325161328e-05
5.9400000000e+02	2.2976949230e-02	-1.8331969054e-02	6.9543633476e-05	3.7327409138e-05
5.9500000000e+02	2.3014277759e-02	-1.8401544091e-02	6.9606423277e-05	3.7329645812e-05
5.9600000000e+02	2.3051608518e-02	-1.8471181867e-02	6.9669111384e-05	3.7331871422e-05
5.9700000000e+02	2.3088941498e-02	-1.8540882280e-02	6.9731698120e-05	3.7334086042e-05
5.9800000000e+02	2.3126276687e-02	-1.8610645229e-02	6.9794183806e-05	3.7336289744e-05
5.9900000000e+02	2.3163614074e-02	-1.8680470614e-02	6.9856568761e-05	3.7338482599e-05
6.0000000000e+02	2.3200953648e-02	-1.8750358333e-02	6.9918853303e-05	3.7340664676e-05
6.0100000000e+02	2.3238295400e-02	-1.8820308287e-02	6.9981037748e-05	3.7342836048e-05
6.0200000000e+02	2.3275639317e-02	-1.8890320376e-02	7.0043122413e-05	3.7344996783e-05
6.0300000000e+02	2.3312985390e-02	-1.8960394499e-02	7.0105107610e-05	3.7347146951e-05
6.0400000000e+02	2.3350333607e-02	-1.9030530558e-02	7.0166993651e-05	3.7349286620e-05
6.0500000000e+02	2.3387683959e-02	-1.9100728453e-02	7.0228780847e-05	3.7351415857e-05
6.0600000000e+02	2.3425036436e-02	-1.9170988087e-02	7.0290469509e-05	3.7353534731e-05
6.0700000000e+02	2.3462391025e-02	-1.9241309360e-02	7.0352059942e-05	3.7355643308e-05
6.0800000000e+02	2.3499747719e-02	-1.9311692174e-02	7.0413552455e-05	3.7357741655e-05
6.0900000000e+02	2.3537106505e-02	-1.9382136432e-02	7.0474947352e-05	3.7359829837e-05
6.1000000000e+02	2.3574467375e-02	-1.9452642036e-02	7.0536244936e-05	3.7361907920e-05
6.1100000000e+02	2.3611830318e-02	-1.9523208889e-02	7.0597445511e-05	3.7363975968e-05
6.1200000000e+02	2.3649195324e-02	-1.9593836895e-02	7.0658549377e-05	3.7366034046e-05
6.1300000000e+02	2.3686562383e-02	-1.9664525956e-02	7.0719556833e-05	3.7368082217e-05
6.1400000000e+02	2.3723931485e-02	-1.9735275977e-02	7.0780468178e-05	3.7370120545e-05
6.1500000000e+02	2.3761302620e-02	-1.9806086860e-02	7.0841283709e-05	3.7372149092e-05
6.1600000000e+02	2.3798675780e-02	-1.9876958512e-02	7.0902003721e-05	3.7374167921e-05
6.1700000000e+02	2.3836050953e-02	-1.9947890836e-02	7.0962628508e-05	3.7376177093e-05
6.1800000000e+02	2.3873428131e-02	-2.0018883738e-02	7.1023158363e-05	3.7378176670e-05
6.1900000000e+02	2.3910807303e-02	-2.0089937121e-02	7.1083593578e-05	3.7380166712e-05
6.2000000000e+02	2.3948188461e-02	-2.0161050893e-02	7.1143934442e-05	3.7382147279e-05
6.2100000000e+02	2.3985571595e-02	-2.0232224959e-02	7.1204181246e-05	3.7384118432e-05
6.2200000000e+02	2.4022956695e-02	-2.0303459224e-02	7.1264334275e-05	3.7386080230e-05
6.2300000000e+02	2.4060343752e-02	-2.0374753596e-02	7.1324393818e-05	3.7388032731e-05
6.2400000000e+02	2.4097732757e-02	-2.0446107981e-02	7.1384360157e-05	3.7389975994e-05
6.2500000000e+02	2.4135123701e-02	-2.0517522286e-02	7.1444233579e-05	3.7391910078e-05
6.2600000000e+02	2.4172516574e-02	-2.0588996417e-02	7.1504014364e-05	3.7393835038e-05
6.2700000000e+02	2.4209911368e-02	-2.0660530284e-02	7.1563702794e-05	3.7395750934e-05
6.2800000000e+02	2.4247308073e-02	-2.0732123792e-02	7.1623299149e-05	3.7397657820e-05
6.2900000000e+02	2.4284706681e-02	-2.0803776851e-02	7.1682803707e-05	3.7399555754e-05
6.3000000000e+02	2.4322107182e-02	-2.0875489369e-02	7.1742216747e-05	3.7401444791e-05
6.3100000000e+02	2.4359509567e-02	-2.0947261254e-02	7.1801538545e-05	3.7403324987e-05
6.3200000000e+02	2.4396913829e-02	-2.1019092416e-02	7.1860769374e-05	3.7405196395e-05
6.3300000000e+02	2.4434319957e-02	-2.1090982763e-02	7.1919909510e-05	3.7407059072e-05
6.3400000000e+02	2.4471727944e-02	-2.1162932205e-02	7.1978959225e-05	3.7408913070e-05
6.3500000000e+02	2.4509137780e-02	-2.1234940651e-02	7.2037918790e-05	3.7410758444e-05
6.3600000000e+02	2.4546549458e-02	-2.1307008012e-02	7.2096788475e-05	3.7412595246e-05
6.3700000000e+02	2.4583962968e-02	-2.1379134198e-02	7.2155568550e-05	3.7414423530e-05
6.3800000000e+02	2.4621378302e-02	-2.1451319120e-02	7.2214259282e-05	3.7416243347e-05
6.3900000000e+02	2.4658795452e-02	-2.1523562687e-02	7.2272860938e-05	3.7418054751e-05
6.4000000000e+02	2.4696214409e-02	-2.1595864812e-02	7.2331373783e-05	3.7419857791e-05
6.4100000000e+02	2.4733635165e-02	-2.1668225405e-02	7.2389798081e-05	3.7421652521e-05
6.4200000000e+02	2.4771057711e-02	-2.1740644379e-02	7.2448134097e-05	3.7423438990e-05
6.4300000000e+02	2.4808482040e-02	-2.1813121644e-02	7.2506382090e-05	3.7425217249e-05
6.4400000000e+02	2.4845908143e-02	-2.1885657114e-02	7.2564542324e-05	3.7426987347e-05
6.4500000000e+02	2.4883336012e-02	-2.1958250700e-02	7.2622615057e-05	3.7428749336e-05
6.4600000000e+02	2.4920765639e-02	-2.2030902315e-02	7.2680600547e-05	3.7430503263e-05
6.4700000000e+02	2.4958197016e-02	-2.2103611872e-02	7.2738499053e-05	3.7432249178e-05
6.4800000000e+02	2.4995630135e-02	-2.2176379284e-02	7.2796310831e-05	3.7433987129e-05
6.4900000000e+02	2.5033064988e-02	-2.2249204465e-02	7.2854036136e-05	3.7435717165e-05
6.5000000000e+02	2.5070501566e-02	-2.2322087327e-02	7.2911675221e-05	3.7437439334e-05
6.5100000000e+02	2.5107939864e-02	-2.2395027786e-02	7.2969228341e-05	3.7439153682e-05
6.5200000000e+02	2.5145379871e-02	-2.2468025756e-02	7.3026695746e-05	3.7440860257e-05
6.5300000000e+02	2.5182821582e-02	-2.2541081149e-02	7.3084077689e-05	3.7442559106e-05
6.5400000000e+02	2.5220264987e-02	-2.2614193882e-02	7.3141374418e-05	3.7444250275e-05
6.5500000000e+02	2.5257710080e-02	-2.2687363870e-02	7.3198586182e-05	3.7445933810e-05
6.5600000000e+02	2.5295156852e-02	-2.2760591027e-02	7.3255713229e-05	3.7447609757e-05
6.5700000000e+02	2.5332605297e-02	-2.2833875268e-02	7.3312755806e-05	3.7449278162e-05
6.5800000000e+02	2.5370055406e-02	-2.2907216510e-02	7.3369714158e-05	3.7450939068e-05
6.5900000000e+02	2.5407507172e-02	-2.2980614668e-02	7.3426588529e-05	3.7452592522e-05
6.6000000000e+02	2.5444960588e-02	-2.3054069659e-02	7.3483379163e-05	3.7454238567e-05
6.6100000000e+02	2.5482415647e-02	-2.3127581399e-02	7.3540086302e-05	3.7455877247e-05
6.6200000000e+02	2.5519872340e-02	-2.3201149804e-02	7.3596710188e-05	3.7457508607e-05
6.6300000000e+02	2.5557330662e-02	-2.3274774792e-02	7.3653251061e-05	3.7459132689e-05
6.6400000000e+02	2.5594790603e-02	-2.3348456279e-02	7.3709709160e-05	3.7460749536e-05
6.6500000000e+02	2.5632252158e-02	-2.3422194182e-02	7.3766084723e-05	3.7462359192e-05
6.6600000000e+02	2.5669715319e-02	-2.3495988421e-02	7.3822377988e-05	3.7463961699e-05
6.6700000000e+02	2.5707180079e-02	-2.3569838911e-02	7.3878589191e-05	3.7465557099e-05
6.6800000000e+02	2.5744646431e-02	-2.3643745572e-02	7.3934718567e-05	3.7467145433e-05
6.6900000000e+02	2.5782114368e-02	-2.3717708321e-02	7.3990766351e-05	3.7468726744e-05
6.7000000000e+02	2.5819583882e-02	-2.3791727077e-02	7.4046732776e-05	3.7470301072e-05
6.7100000000e+02	2.5857054968e-02	-2.3865801760e-02	7.4102618073e-05	3.7471868459e-05
6.7200000000e+02	2.5894527617e-02	-2.3939932287e-02	7.4158422475e-05	3.7473428944e-05
6.7300000000e+02	2.5932001823e-02	-2.4014118578e-02	7.4214146212e-05	3.7474982569e-05
6.7400000000e+02	2.5969477580e-02	-2.4088360552e-02	7.4269789513e-05	3.7476529374e-05
6.7500000000e+02	2.6006954880e-02	-2.4162658130e-02	7.4325352607e-05	3.7478069397e-05
6.7600000000e+02	2.6044433716e-02	-2.4237011231e-02	7.4380835721e-05	3.7479602679e-05
6.7700000000e+02	2.6081914083e-02	-2.4311419775e-02	7.4436239081e-05	3.7481129259e-05
6.7800000000e+02	2.6119395973e-02	-2.4385883682e-02	7.4491562913e-05	3.7482649175e-05
6.7900000000e+02	2.6156879379e-02	-2.4460402874e-02	7.4546807442e-05	3.7484162466e-05
6.8000000000e+02	2.6194364295e-02	-2.4534977271e-02	7.4601972892e-05	3.7485669171e-05
6.8100000000e+02	2.6231850715e-02	-2.4609606794e-02	7.4657059484e-05	3.7487169327e-05
6.8200000000e+02	2.6269338632e-02	-2.4684291364e-02	7.4712067442e-05	3.7488662973e-05
6.8300000000e+02	2.6306828039e-02	-2.4759030902e-02	7.4766996986e-05	3.7490150145e-05
6.8400000000e+02	2.6344318930e-02	-2.4833825332e-02	7.4821848336e-05	3.7491630882e-05
6.8500000000e+02	2.6381811299e-02	-2.4908674573e-02	7.4876621711e-05	3.7493105219e-05
6.8600000000e+02	2.6419305138e-02	-2.4983578549e-02	7.4931317329e-05	3.7494573195e-05
6.8700000000e+02	2.6456800443e-02	-2.5058537182e-02	7.4985935407e-05	3.7496034844e-05
6.8800000000e+02	2.6494297206e-02	-2.5133550394e-02	7.5040476163e-05	3.7497490204e-05
6.8900000000e+02	2.6531795421e-02	-2.5208618109e-02	7.5094939811e-05	3.7498939309e-05
6.9000000000e+02	2.6569295083e-02	-2.5283740248e-02	7.5149326566e-05	3.7500382197e-05
6.9100000000e+02	2.6606796184e-02	-2.5358916736e-02	7.5203636642e-05	3.7501818902e-05
6.9200000000e+02	2.6644298718e-02	-2.5434147496e-02	7.5257870252e-05	3.7503249460e-05
6.9300000000e+02	2.6681802680e-02	-2.5509432451e-02	7.5312027607e-05	3.7504673905e-05
6.9400000000e+02	2.6719308064e-02	-2.5584771526e-02	7.5366108919e-05	3.7506092272e-05
6.9500000000e+02	2.6756814863e-02	-2.5660164644e-02	7.5420114398e-05	3.7507504595e-05
6.9600000000e+02	2.6794323071e-02	-2.5735611729e-02	7.5474044254e-05	3.7508910909e-05
6.9700000000e+02	2.6831832683e-02	-2.5811112707e-02	7.5527898694e-05	3.7510311248e-05
6.9800000000e+02	2.6869343692e-02	-2.5886667502e-02	7.5581677928e-05	3.7511705645e-05
6.9900000000e+02	2.6906856092e-02	-2.5962276038e-02	7.5635382160e-05	3.7513094134e-05
7.0000000000e+02	2.6944369878e-02	-2.6037938241e-02	7.5689011599e-05	3.7514476748e-05
7.0100000000e+02	2.6981885044e-02	-2.6113654036e-02	7.5742566448e-05	3.7515853520e-05
7.0200000000e+02	2.7019401583e-02	-2.6189423349e-02	7.5796046912e-05	3.7517224482e-05
7.0300000000e+02	2.7056919491e-02	-2.6265246105e-02	7.5849453195e-05	3.7518589668e-05
7.0400000000e+02	2.7094438761e-02	-2.6341122231e-02	7.5902785499e-05	3.7519949109e-05
7.0500000000e+02	2.7131959387e-02	-2.6417051652e-02	7.5956044027e-05	3.7521302838e-05
7.0600000000e+02	2.7169481364e-02	-2.6493034294e-02	7.6009228978e-05	3.7522650887e-05
7.0700000000e+02	2.7207004687e-02	-2.6569070085e-02	7.6062340555e-05	3.7523993287e-05
7.0800000000e+02	2.7244529349e-02	-2.6645158951e-02	7.6115378955e-05	3.7525330069e-05
7.0900000000e+02	2.7282055345e-02	-2.6721300819e-02	7.6168344378e-05	3.7526661266e-05
7.1000000000e+02	2.7319582670e-02	-2.6797495616e-02	7.6221237022e-05	3.7527986907e-05
7.1100000000e+02	2.7357111317e-02	-2.6873743269e-02	7.6274057083e-05	3.7529307023e-05
7.1200000000e+02	2.7394641282e-02	-2.6950043706e-02	7.6326804758e-05	3.7530621646e-05
7.1300000000e+02	2.7432172559e-02	-2.7026396854e-02	7.6379480242e-05	3.7531930805e-05
7.1400000000e+02	2.7469705142e-02	-2.7102802642e-02	7.6432083731e-05	3.7533234531e-05
7.1500000000e+02	2.7507239026e-02	-2.7179260998e-02	7.6484615418e-05	3.7534532854e-05
7.1600000000e+02	2.7544774206e-02	-2.7255771849e-02	7.6537075496e-05	3.7535825803e-05
7.1700000000e+02	2.7582310676e-02	-2.7332335125e-02	7.6589464157e-05	3.7537113407e-05
7.1800000000e+02	2.7619848431e-02	-2.7408950754e-02	7.6641781594e-05	3.7538395697e-05
7.1900000000e+02	2.7657387465e-02	-2.7485618664e-02	7.6694027997e-05	3.7539672701e-05
7.2000000000e+02	2.7694927774e-02	-2.7562338786e-02	7.6746203556e-05	3.7540944448e-05
7.2100000000e+02	2.7732469353e-02	-2.7639111048e-02	7.6798308461e-05	3.7542210968e-05
7.2200000000e+02	2.7770012195e-02	-2.7715935380e-02	7.6850342900e-05	3.7543472287e-05
7.2300000000e+02	2.7807556295e-02	-2.7792811710e-02	7.6902307062e-05	3.7544728436e-05
7.2400000000e+02	2.7845101650e-02	-2.7869739970e-02	7.6954201133e-05	3.7545979441e-05
7.2500000000e+02	2.7882648253e-02	-2.7946720089e-02	7.7006025299e-05	3.7547225332e-05
7.2600000000e+02	2.7920196099e-02	-2.8023751998e-02	7.7057779747e-05	3.7548466135e-05
7.2700000000e+02	2.7957745183e-02	-2.8100835626e-02	7.7109464661e-05	3.7549701878e-05
7.2800000000e+02	2.7995295501e-02	-2.8177970904e-02	7.7161080226e-05	3.7550932589e-05
7.2900000000e+02	2.8032847047e-02	-2.8255157763e-02	7.7212626625e-05	3.7552158295e-05
7.3000000000e+02	2.8070399816e-02	-2.8332396134e-02	7.7264104041e-05	3.7553379023e-05
7.3100000000e+02	2.8107953803e-02	-2.8409685948e-02	7.7315512656e-05	3.7554594800e-05
7.3200000000e+02	2.8145509004e-02	-2.8487027137e-02	7.7366852651e-05	3.7555805652e-05
7.3300000000e+02	2.8183065413e-02	-2.8564419631e-02	7.7418124206e-05	3.7557011606e-05
7.3400000000e+02	2.8220623025e-02	-2.8641863362e-02	7.7469327503e-05	3.7558212688e-05
7.3500000000e+02	2.8258181836e-02	-2.8719358263e-02	7.7520462720e-05	3.7559408924e-05
7.3600000000e+02	2.8295741841e-02	-2.8796904265e-02	7.7571530036e-05	3.7560600341e-05
7.3700000000e+02	2.8333303036e-02	-2.8874501300e-02	7.7622529628e-05	3.7561786964e-05
7.3800000000e+02	2.8370865414e-02	-2.8952149302e-02	7.7673461674e-05	3.7562968818e-05
7.3900000000e+02	2.8408428972e-02	-2.9029848201e-02	7.7724326350e-05	3.7564145930e-05
7.4000000000e+02	2.8445993704e-02	-2.9107597932e-02	7.7775123833e-05	3.7565318324e-05
7.4100000000e+02	2.8483559607e-02	-2.9185398427e-02	7.7825854296e-05	3.7566486026e-05
7.4200000000e+02	2.8521126675e-02	-2.9263249618e-02	7.7876517915e-05	3.7567649060e-05
7.4300000000e+02	2.8558694903e-02	-2.9341151440e-02	7.7927114863e-05	3.7568807451e-05
7.4400000000e+02	2.8596264288e-02	-2.9419103826e-02	7.7977645314e-05	3.7569961224e-05
7.4500000000e+02	2.8633834824e-02	-2.9497106709e-02	7.8028109440e-05	3.7571110404e-05
7.4600000000e+02	2.8671406507e-02	-2.9575160023e-02	7.8078507413e-05	3.7572255014e-05
7.4700000000e+02	2.8708979333e-02	-2.9653263702e-02	7.8128839403e-05	3.7573395079e-05
7.4800000000e+02	2.8746553296e-02	-2.9731417680e-02	7.8179105582e-05	3.7574530622e-05
7.4900000000e+02	2.8784128392e-02	-2.9809621891e-02	7.8229306119e-05	3.7575661668e-05
7.5000000000e+02	2.8821704618e-02	-2.9887876270e-02	7.8279441184e-05	3.7576788240e-05
7.5100000000e+02	2.8859281967e-02	-2.9966180752e-02	7.8329510944e-05	3.7577910362e-05
7.5200000000e+02	2.8896860437e-02	-3.0044535270e-02	7.8379515568e-05	3.7579028057e-05
7.5300000000e+02	2.8934440022e-02	-3.0122939761e-02	7.8429455223e-05	3.7580141348e-05
7.5400000000e+02	2.8972020718e-02	-3.0201394159e-02	7.8479330076e-05	3.7581250258e-05
7.5500000000e+02	2.9009602521e-02	-3.0279898400e-02	7.8529140292e-05	3.7582354811e-05
7.5600000000e+02	2.9047185426e-02	-3.0358452418e-02	7.8578886038e-05	3.7583455028e-05
7.5700000000e+02	2.9084769430e-02	-3.0437056150e-02	7.8628567477e-05	3.7584550933e-05
7.5800000000e+02	2.9122354527e-02	-3.0515709532e-02	7.8678184774e-05	3.7585642547e-05
7.5900000000e+02	2.9159940713e-02	-3.0594412498e-02	7.8727738092e-05	3.7586729894e-05
7.6000000000e+02	2.9197527985e-02	-3.0673164987e-02	7.8777227595e-05	3.7587812996e-05
7.6100000000e+02	2.9235116338e-02	-3.0751966932e-02	7.8826653443e-05	3.7588891873e-05
7.6200000000e+02	2.9272705768e-02	-3.0830818272e-02	7.8876015800e-05	3.7589966549e-05
7.6300000000e+02	2.9310296270e-02	-3.0909718943e-02	7.8925314827e-05	3.7591037045e-05
7.6400000000e+02	2.9347887840e-02	-3.0988668881e-02	7.8974550682e-05	3.7592103383e-05
7.6500000000e+02	2.9385480475e-02	-3.1067668023e-02	7.9023723527e-05	3.7593165584e-05
7.6600000000e+02	2.9423074170e-02	-3.1146716307e-02	7.9072833521e-05	3.7594223669e-05
7.6700000000e+02	2.9460668921e-02	-3.1225813669e-02	7.9121880822e-05	3.7595277660e-05
7.6800000000e+02	2.9498264724e-02	-3.1304960048e-02	7.9170865588e-05	3.7596327577e-05
7.6900000000e+02	2.9535861575e-02	-3.1384155380e-02	7.9219787978e-05	3.7597373442e-05
7.7000000000e+02	2.9573459470e-02	-3.1463399603e-02	7.9268648146e-05	3.7598415275e-05
7.7100000000e+02	2.9611058404e-02	-3.1542692655e-02	7.9317446251e-05	3.7599453097e-05
7.7200000000e+02	2.9648658374e-02	-3.1622034475e-02	7.9366182447e-05	3.7600486928e-05
7.7300000000e+02	2.9686259377e-02	-3.1701425000e-02	7.9414856891e-05	3.7601516790e-05
7.7400000000e+02	2.9723861407e-02	-3.1780864168e-02	7.9463469735e-05	3.7602542701e-05
7.7500000000e+02	2.9761464461e-02	-3.1860351919e-02	7.9512021135e-05	3.7603564683e-05
7.7600000000e+02	2.9799068535e-02	-3.1939888190e-02	7.9560511243e-05	3.7604582755e-05
7.7700000000e+02	2.9836673625e-02	-3.2019472921e-02	7.9608940213e-05	3.7605596936e-05
7.7800000000e+02	2.9874279727e-02	-3.2099106050e-02	7.9657308197e-05	3.7606607248e-05
7.7900000000e+02	2.9911886838e-02	-3.2178787517e-02	7.9705615347e-05	3.7607613709e-05
7.8000000000e+02	2.9949494953e-02	-3.2258517261e-02	7.9753861813e-05	3.7608616339e-05
7.8100000000e+02	2.9987104070e-02	-3.2338295220e-02	7.9802047746e-05	3.7609615158e-05
7.8200000000e+02	3.0024714183e-02	-3.2418121336e-02	7.9850173297e-05	3.7610610184e-05
7.8300000000e+02	3.0062325289e-02	-3.2497995547e-02	7.9898238615e-05	3.7611601436e-05
7.8400000000e+02	3.0099937384e-02	-3.2577917793e-02	7.9946243849e-05	3.7612588935e-05
7.8500000000e+02	3.0137550465e-02	-3.2657888015e-02	7.9994189146e-05	3.7613572697e-05
7.8600000000e+02	3.0175164528e-02	-3.2737906152e-02	8.0042074656e-05	3.7614552744e-05
7.8700000000e+02	3.0212779570e-02	-3.2817972144e-02	8.0089900526e-05	3.7615529092e-05
7.8800000000e+02	3.0250395585e-02	-3.2898085933e-02	8.0137666901e-05	3.7616501761e-05
7.8900000000e+02	3.0288012572e-02	-3.2978247458e-02	8.0185373929e-05	3.7617470768e-05
7.9000000000e+02	3.0325630526e-02	-3.3058456661e-02	8.0233021755e-05	3.7618436133e-05
7.9100000000e+02	3.0363249443e-02	-3.3138713482e-02	8.0280610524e-05	3.7619397874e-05
7.9200000000e+02	3.0400869320e-02	-3.3219017862e-02	8.0328140382e-05	3.7620356008e-05
7.9300000000e+02	3.0438490154e-02	-3.3299369743e-02	8.0375611471e-05	3.7621310553e-05
7.9400000000e+02	3.0476111940e-02	-3.3379769066e-02	8.0423023937e-05	3.7622261528e-05
7.9500000000e+02	3.0513734676e-02	-3.3460215771e-02	8.0470377921e-05	3.7623208950e-05
7.9600000000e+02	3.0551358357e-02	-3.3540709802e-02	8.0517673566e-05	3.7624152836e-05
7.9700000000e+02	3.0588982980e-02	-3.3621251099e-02	8.0564911015e-05	3.7625093205e-05
7.9800000000e+02	3.0626608542e-02	-3.3701839605e-02	8.0612090409e-05	3.7626030074e-05
7.9900000000e+02	3.0664235039e-02	-3.3782475261e-02	8.0659211890e-05	3.7626963460e-05
8.0000000000e+02	3.0701862468e-02	-3.3863158009e-02	8.0706275596e-05	3.7627893379e-05
8.0100000000e+02	3.0739490825e-02	-3.3943887793e-02	8.0753281670e-05	3.7628819850e-05
8.0200000000e+02	3.0777120106e-02	-3.4024664553e-02	8.0800230249e-05	3.7629742890e-05
8.0300000000e+02	3.0814750309e-02	-3.4105488234e-02	8.0847121474e-05	3.7630662514e-05
8.0400000000e+02	3.0852381430e-02	-3.4186358777e-02	8.0893955482e-05	3.7631578741e-05
8.0500000000e+02	3.0890013466e-02	-3.4267276126e-02	8.0940732412e-05	3.7632491586e-05
8.0600000000e+02	3.0927646412e-02	-3.4348240223e-02	8.0987452401e-05	3.7633401066e-05
8.0700000000e+02	3.0965280267e-02	-3.4429251012e-02	8.1034115587e-05	3.7634307198e-05
8.0800000000e+02	3.1002915026e-02	-3.4510308435e-02	8.1080722105e-05	3.7635209998e-05
8.0900000000e+02	3.1040550686e-02	-3.4591412437e-02	8.1127272092e-05	3.7636109482e-05
8.1000000000e+02	3.1078187243e-02	-3.4672562961e-02	8.1173765684e-05	3.7637005667e-05
8.1100000000e+02	3.1115824696e-02	-3.4753759950e-02	8.1220203016e-05	3.7637898569e-05
8.1200000000e+02	3.1153463039e-02	-3.4835003348e-02	8.1266584221e-05	3.7638788203e-05
8.1300000000e+02	3.1191102271e-02	-3.4916293100e-02	8.1312909435e-05	3.7639674586e-05
8.1400000000e+02	3.1228742388e-02	-3.4997629148e-02	8.1359178791e-05	3.7640557733e-05
8.1500000000e+02	3.1266383386e-02	-3.5079011439e-02	8.1405392422e-05	3.7641437660e-05
8.1600000000e+02	3.1304025262e-02	-3.5160439915e-02	8.1451550461e-05	3.7642314382e-05
8.1700000000e+02	3.1341668013e-02	-3.5241914521e-02	8.1497653041e-05	3.7643187916e-05
8.1800000000e+02	3.1379311637e-02	-3.5323435202e-02	8.1543700292e-05	3.7644058276e-05
8.1900000000e+02	3.1416956129e-02	-3.5405001903e-02	8.1589692347e-05	3.7644925477e-05
8.2000000000e+02	3.1454601487e-02	-3.5486614569e-02	8.1635629336e-05	3.7645789536e-05
8.2100000000e+02	3.1492247707e-02	-3.5568273144e-02	8.1681511389e-05	3.7646650467e-05
8.2200000000e+02	3.1529894786e-02	-3.5649977573e-02	8.1727338637e-05	3.7647508285e-05
8.2300000000e+02	3.1567542722e-02	-3.5731727803e-02	8.1773111209e-05	3.7648363006e-05
8.2400000000e+02	3.1605191511e-02	-3.5813523777e-02	8.1818829234e-05	3.7649214643e-05
8.2500000000e+02	3.1642841151e-02	-3.5895365443e-02	8.1864492841e-05	3.7650063212e-05
8.2600000000e+02	3.1680491637e-02	-3.5977252745e-02	8.1910102157e-05	3.7650908728e-05
8.2700000000e+02	3.1718142967e-02	-3.6059185629e-02	8.1955657311e-05	3.7651751205e-05
8.2800000000e+02	3.1755795138e-02	-3.6141164042e-02	8.2001158430e-05	3.7652590657e-05
8.2900000000e+02	3.1793448147e-02	-3.6223187928e-02	8.2046605640e-05	3.7653427100e-05
8.3000000000e+02	3.1831101991e-02	-3.6305257235e-02	8.2091999068e-05	3.7654260547e-05
8.3100000000e+02	3.1868756667e-02	-3.6387371908e-02	8.2137338840e-05	3.7655091012e-05
8.3200000000e+02	3.1906412172e-02	-3.6469531895e-02	8.2182625081e-05	3.7655918510e-05
8.3300000000e+02	3.1944068503e-02	-3.6551737141e-02	8.2227857916e-05	3.7656743056e-05
8.3400000000e+02	3.1981725658e-02	-3.6633987593e-02	8.2273037471e-05	3.7657564662e-05
8.3500000000e+02	3.2019383632e-02	-3.6716283198e-02	8.2318163868e-05	3.7658383343e-05
8.3600000000e+02	3.2057042423e-02	-3.6798623903e-02	8.2363237232e-05	3.7659199112e-05
8.3700000000e+02	3.2094702029e-02	-3.6881009655e-02	8.2408257687e-05	3.7660011984e-05
8.3800000000e+02	3.2132362446e-02	-3.6963440401e-02	8.2453225354e-05	3.7660821972e-05
8.3900000000e+02	3.2170023672e-02	-3.7045916088e-02	8.2498140358e-05	3.7661629090e-05
8.4000000000e+02	3.2207685704e-02	-3.7128436664e-02	8.2543002818e-05	3.7662433351e-05
8.4100000000e+02	3.2245348538e-02	-3.7211002076e-02	8.2587812858e-05	3.7663234769e-05
8.4200000000e+02	3.2283012172e-02	-3.7293612272e-02	8.2632570599e-05	3.7664033356e-05
8.4300000000e+02	3.2320676604e-02	-3.7376267200e-02	8.2677276161e-05	3.7664829127e-05
8.4400000000e+02	3.2358341829e-02	-3.7458966807e-02	8.2721929664e-05	3.7665622095e-05
8.4500000000e+02	3.2396007847e-02	-3.7541711042e-02	8.2766531229e-05	3.7666412272e-05
8.4600000000e+02	3.2433674653e-02	-3.7624499852e-02	8.2811080976e-05	3.7667199672e-05
8.4700000000e+02	3.2471342245e-02	-3.7707333187e-02	8.2855579022e-05	3.7667984307e-05
8.4800000000e+02	3.2509010621e-02	-3.7790210993e-02	8.2900025488e-05	3.7668766191e-05
8.4900000000e+02	3.2546679777e-02	-3.7873133220e-02	8.2944420491e-05	3.7669545336e-05
8.5000000000e+02	3.2584349711e-02	-3.7956099817e-02	8.2988764150e-05	3.7670321756e-05
8.5100000000e+02	3.2622020419e-02	-3.8039110732e-02	8.3033056582e-05	3.7671095462e-05
8.5200000000e+02	3.2659691901e-02	-3.8122165913e-02	8.3077297903e-05	3.7671866467e-05
8.5300000000e+02	3.2697364151e-02	-3.8205265311e-02	8.3121488232e-05	3.7672634785e-05
8.5400000000e+02	3.2735037169e-02	-3.8288408873e-02	8.3165627684e-05	3.7673400427e-05
8.5500000000e+02	3.2772710951e-02	-3.8371596549e-02	8.3209716375e-05	3.7674163405e-05
8.5600000000e+02	3.2810385495e-02	-3.8454828289e-02	8.3253754420e-05	3.7674923733e-05
8.5700000000e+02	3.2848060798e-02	-3.8538104041e-02	8.3297741936e-05	3.7675681422e-05
8.5800000000e+02	3.2885736857e-02	-3.8621423756e-02	8.3341679036e-05	3.7676436485e-05
8.5900000000e+02	3.2923413670e-02	-3.8704787382e-02	8.3385565835e-05	3.7677188933e-05
8.6000000000e+02	3.2961091234e-02	-3.8788194871e-02	8.3429402447e-05	3.7677938778e-05
8.6100000000e+02	3.2998769547e-02	-3.8871646170e-02	8.3473188986e-05	3.7678686034e-05
8.6200000000e+02	3.3036448605e-02	-3.8955141232e-02	8.3516925565e-05	3.7679430710e-05
8.6300000000e+02	3.3074128407e-02	-3.9038680005e-02	8.3560612297e-05	3.7680172820e-05
8.6400000000e+02	3.3111808950e-02	-3.9122262440e-02	8.3604249294e-05	3.7680912376e-05
8.6500000000e+02	3.3149490231e-02	-3.9205888487e-02	8.3647836668e-05	3.7681649387e-05
8.6600000000e+02	3.3187172248e-02	-3.9289558097e-02	8.3691374532e-05	3.7682383868e-05
8.6700000000e+02	3.3224854998e-02	-3.9373271220e-02	8.3734862996e-05	3.7683115828e-05
8.6800000000e+02	3.3262538479e-02	-3.9457027806e-02	8.3778302172e-05	3.7683845279e-05
8.6900000000e+02	3.3300222688e-02	-3.9540827808e-02	8.3821692170e-05	3.7684572234e-05
8.7000000000e+02	3.3337907622e-02	-3.9624671174e-02	8.3865033100e-05	3.7685296702e-05
8.7100000000e+02	3.3375593280e-02	-3.9708557857e-02	8.3908325072e-05	3.7686018696e-05
8.7200000000e+02	3.3413279659e-02	-3.9792487808e-02	8.3951568196e-05	3.7686738227e-05
8.7300000000e+02	3.3450966756e-02	-3.9876460978e-02	8.3994762581e-05	3.7687455306e-05
8.7400000000e+02	3.3488654569e-02	-3.9960477317e-02	8.4037908336e-05	3.7688169944e-05
8.7500000000e+02	3.3526343095e-02	-4.0044536778e-02	8.4081005569e-05	3.7688882152e-05
8.7600000000e+02	3.3564032332e-02	-4.0128639312e-02	8.4124054389e-05	3.7689591941e-05
8.7700000000e+02	3.3601722278e-02	-4.0212784871e-02	8.4167054902e-05	3.7690299322e-05
8.7800000000e+02	3.3639412930e-02	-4.0296973406e-02	8.4210007216e-05	3.7691004305e-05
8.7900000000e+02	3.3677104286e-02	-4.0381204869e-02	8.4252911439e-05	3.7691706903e-05
8.8000000000e+02	3.3714796343e-02	-4.0465479213e-02	8.4295767677e-05	3.7692407125e-05
8.8100000000e+02	3.3752489099e-02	-4.0549796389e-02	8.4338576036e-05	3.7693104981e-05
8.8200000000e+02	3.3790182552e-02	-4.0634156349e-02	8.4381336623e-05	3.7693800484e-05
8.8300000000e+02	3.3827876700e-02	-4.0718559046e-02	8.4424049542e-05	3.7694493642e-05
8.8400000000e+02	3.3865571539e-02	-4.0803004432e-02	8.4466714899e-05	3.7695184468e-05
8.8500000000e+02	3.3903267068e-02	-4.0887492460e-02	8.4509332800e-05	3.7695872970e-05
8.8600000000e+02	3.3940963284e-02	-4.0972023082e-02	8.4551903348e-05	3.7696559160e-05
8.8700000000e+02	3.3978660185e-02	-4.1056596251e-02	8.4594426647e-05	3.7697243048e-05
8.8800000000e+02	3.4016357769e-02	-4.1141211920e-02	8.4636902803e-05	3.7697924644e-05
8.8900000000e+02	3.4054056034e-02	-4.1225870041e-02	8.4679331918e-05	3.7698603959e-05
8.9000000000e+02	3.4091754977e-02	-4.1310570568e-02	8.4721714095e-05	3.7699281002e-05
8.9100000000e+02	3.4129454595e-02	-4.1395313453e-02	8.4764049437e-05	3.7699955783e-05
8.9200000000e+02	3.4167154887e-02	-4.1480098651e-02	8.4806338048e-05	3.7700628313e-05
8.9300000000e+02	3.4204855851e-02	-4.1564926114e-02	8.4848580028e-05	3.7701298602e-05
8.9400000000e+02	3.4242557484e-02	-4.1649795796e-02	8.4890775480e-05	3.7701966659e-05
8.9500000000e+02	3.4280259784e-02	-4.1734707649e-02	8.4932924506e-05	3.7702632495e-05
8.9600000000e+02	3.4317962748e-02	-4.1819661629e-02	8.4975027207e-05	3.7703296119e-05
8.9700000000e+02	3.4355666375e-02	-4.1904657688e-02	8.5017083683e-05	3.7703957541e-05
8.9800000000e+02	3.4393370662e-02	-4.1989695781e-02	8.5059094035e-05	3.7704616771e-05
8.9900000000e+02	3.4431075608e-02	-4.2074775861e-02	8.5101058364e-05	3.7705273818e-05
9.0000000000e+02	3.4468781209e-02	-4.2159897883e-02	8.5142976769e-05	3.7705928692e-05
9.0100000000e+02	3.4506487465e-02	-4.2245061799e-02	8.5184849350e-05	3.7706581403e-05
9.0200000000e+02	3.4544194371e-02	-4.2330267566e-02	8.5226676206e-05	3.7707231959e-05
9.0300000000e+02	3.4581901928e-02	-4.2415515137e-02	8.5268457436e-05	3.7707880372e-05
9.0400000000e+02	3.4619610131e-02	-4.2500804466e-02	8.5310193138e-05	3.7708526649e-05
9.0500000000e+02	3.4657318980e-02	-4.2586135508e-02	8.5351883412e-05	3.7709170800e-05
9.0600000000e+02	3.4695028472e-02	-4.2671508217e-02	8.5393528355e-05	3.7709812835e-05
9.0700000000e+02	3.4732738605e-02	-4.2756922549e-02	8.5435128065e-05	3.7710452763e-05
9.0800000000e+02	3.4770449377e-02	-4.2842378458e-02	8.5476682638e-05	3.7711090592e-05
9.0900000000e+02	3.4808160786e-02	-4.2927875900e-02	8.5518192173e-05	3.7711726333e-05
9.1000000000e+02	3.4845872829e-02	-4.3013414828e-02	8.5559656766e-05	3.7712359994e-05
9.1100000000e+02	3.4883585505e-02	-4.3098995198e-02	8.5601076513e-05	3.7712991584e-05
9.1200000000e+02	3.4921298812e-02	-4.3184616966e-02	8.5642451511e-05	3.7713621113e-05
9.1300000000e+02	3.4959012747e-02	-4.3270280086e-02	8.5683781854e-05	3.7714248589e-05
9.1400000000e+02	3.4996727308e-02	-4.3355984515e-02	8.5725067640e-05	3.7714874020e-05
9.1500000000e+02	3.5034442494e-02	-4.3441730207e-02	8.5766308963e-05	3.7715497417e-05
9.1600000000e+02	3.5072158302e-02	-4.3527517118e-02	8.5807505917e-05	3.7716118788e-05
9.1700000000e+02	3.5109874731e-02	-4.3613345204e-02	8.5848658599e-05	3.7716738141e-05
9.1800000000e+02	3.5147591778e-02	-4.3699214420e-02	8.5889767101e-05	3.7717355485e-05
9.1900000000e+02	3.5185309441e-02	-4.3785124723e-02	8.5930831518e-05	3.7717970829e-05
9.2000000000e+02	3.5223027719e-02	-4.3871076069e-02	8.5971851943e-05	3.7718584182e-05
9.2100000000e+02	3.5260746609e-02	-4.3957068413e-02	8.6012828471e-05	3.7719195552e-05
9.2200000000e+02	3.5298466109e-02	-4.4043101711e-02	8.6053761194e-05	3.7719804947e-05
9.2300000000e+02	3.5336186218e-02	-4.4129175920e-02	8.6094650204e-05	3.7720412377e-05
9.2400000000e+02	3.5373906933e-02	-4.4215290997e-02	8.6135495596e-05	3.7721017848e-05
9.2500000000e+02	3.5411628253e-02	-4.4301446897e-02	8.6176297460e-05	3.7721621371e-05
9.2600000000e+02	3.5449350176e-02	-4.4387643577e-02	8.6217055889e-05	3.7722222953e-05
9.2700000000e+02	3.5487072698e-02	-4.4473880994e-02	8.6257770974e-05	3.7722822603e-05
9.2800000000e+02	3.5524795820e-02	-4.4560159105e-02	8.6298442807e-05	3.7723420328e-05
9.2900000000e+02	3.5562519539e-02	-4.4646477866e-02	8.6339071479e-05	3.7724016138e-05
9.3000000000e+02	3.5600243852e-02	-4.4732837234e-02	8.6379657081e-05	3.7724610039e-05
9.3100000000e+02	3.5637968758e-02	-4.4819237166e-02	8.6420199703e-05	3.7725202041e-05
9.3200000000e+02	3.5675694255e-02	-4.4905677619e-02	8.6460699436e-05	3.7725792152e-05
9.3300000000e+02	3.5713420342e-02	-4.4992158550e-02	8.6501156368e-05	3.7726380378e-05
9.3400000000e+02	3.5751147015e-02	-4.5078679917e-02	8.6541570592e-05	3.7726966729e-05
9.3500000000e+02	3.5788874274e-02	-4.5165241677e-02	8.6581942194e-05	3.7727551213e-05
9.3600000000e+02	3.5826602117e-02	-4.5251843787e-02	8.6622271266e-05	3.7728133836e-05
9.3700000000e+02	3.5864330542e-02	-4.5338486206e-02	8.6662557894e-05	3.7728714608e-05
9.3800000000e+02	3.5902059546e-02	-4.5425168889e-02	8.6702802169e-05	3.7729293536e-05
9.3900000000e+02	3.5939789128e-02	-4.5511891796e-02	8.6743004179e-05	3.7729870627e-05
9.4000000000e+02	3.5977519286e-02	-4.5598654883e-02	8.6783164010e-05	3.7730445890e-05
9.4100000000e+02	3.6015250019e-02	-4.5685458110e-02	8.6823281752e-05	3.7731019332e-05
9.4200000000e+02	3.6052981324e-02	-4.5772301433e-02	8.6863357492e-05	3.7731590961e-05
9.4300000000e+02	3.6090713200e-02	-4.5859184811e-02	8.6903391316e-05	3.7732160785e-05
9.4400000000e+02	3.6128445645e-02	-4.5946108202e-02	8.6943383312e-05	3.7732728810e-05
9.4500000000e+02	3.6166178658e-02	-4.6033071563e-02	8.6983333567e-05	3.7733295045e-05
9.4600000000e+02	3.6203912235e-02	-4.6120074855e-02	8.7023242167e-05	3.7733859498e-05
9.4700000000e+02	3.6241646376e-02	-4.6207118034e-02	8.7063109197e-05	3.7734422174e-05
9.4800000000e+02	3.6279381079e-02	-4.6294201059e-02	8.7102934745e-05	3.7734983083e-05
9.4900000000e+02	3.6317116341e-02	-4.6381323890e-02	8.7142718895e-05	3.7735542231e-05
9.5000000000e+02	3.6354852163e-02	-4.6468486483e-02	8.7182461733e-05	3.7736099626e-05
9.5100000000e+02	3.6392588540e-02	-4.6555688799e-02	8.7222163343e-05	3.7736655275e-05
9.5200000000e+02	3.6430325473e-02	-4.6642930796e-02	8.7261823812e-05	3.7737209186e-05
9.5300000000e+02	3.6468062958e-02	-4.6730212433e-02	8.7301443223e-05	3.7737761364e-05
9.5400000000e+02	3.6505800995e-02	-4.6817533669e-02	8.7341021660e-05	3.7738311819e-05
9.5500000000e+02	3.6543539581e-02	-4.6904894463e-02	8.7380559208e-05	3.7738860556e-05
9.5600000000e+02	3.6581278715e-02	-4.6992294774e-02	8.7420055951e-05	3.7739407584e-05
9.5700000000e+02	3.6619018396e-02	-4.7079734561e-02	8.7459511972e-05	3.7739952908e-05
9.5800000000e+02	3.6656758620e-02	-4.7167213784e-02	8.7498927354e-05	3.7740496537e-05
9.5900000000e+02	3.6694499388e-02	-4.7254732403e-02	8.7538302180e-05	3.7741038477e-05
9.6000000000e+02	3.6732240697e-02	-4.7342290375e-02	8.7577636533e-05	3.7741578735e-05
9.6100000000e+02	3.6769982545e-02	-4.7429887662e-02	8.7616930497e-05	3.7742117318e-05
9.6200000000e+02	3.6807724931e-02	-4.7517524223e-02	8.7656184152e-05	3.7742654234e-05
9.6300000000e+02	3.6845467853e-02	-4.7605200017e-02	8.7695397580e-05	3.7743189488e-05
9.6400000000e+02	3.6883211309e-02	-4.7692915005e-02	8.7734570865e-05	3.7743723088e-05
9.6500000000e+02	3.6920955299e-02	-4.7780669145e-02	8.7773704087e-05	3.7744255040e-05
9.6600000000e+02	3.6958699819e-02	-4.7868462399e-02	8.7812797327e-05	3.7744785351e-05
9.6700000000e+02	3.6996444869e-02	-4.7956294727e-02	8.7851850668e-05	3.7745314029e-05
9.6800000000e+02	3.7034190446e-02	-4.8044166087e-02	8.7890864188e-05	3.7745841079e-05
9.6900000000e+02	3.7071936550e-02	-4.8132076442e-02	8.7929837969e-05	3.7746366509e-05
9.7000000000e+02	3.7109683179e-02	-4.8220025750e-02	8.7968772092e-05	3.7746890324e-05
9.7100000000e+02	3.7147430330e-02	-4.8308013973e-02	8.8007666636e-05	3.7747412532e-05
9.7200000000e+02	3.7185178003e-02	-4.8396041070e-02	8.8046521681e-05	3.7747933140e-05
9.7300000000e+02	3.7222926196e-02	-4.8484107003e-02	8.8085337307e-05	3.7748452153e-05
9.7400000000e+02	3.7260674907e-02	-4.8572211732e-02	8.8124113592e-05	3.7748969578e-05
9.7500000000e+02	3.7298424135e-02	-4.8660355217e-02	8.8162850617e-05	3.7749485421e-05
9.7600000000e+02	3.7336173878e-02	-4.8748537420e-02	8.8201548461e-05	3.7749999690e-05
9.7700000000e+02	3.7373924134e-02	-4.8836758301e-02	8.8240207200e-05	3.7750512390e-05
9.7800000000e+02	3.7411674902e-02	-4.8925017821e-02	8.8278826915e-05	3.7751023528e-05
9.7900000000e+02	3.7449426180e-02	-4.9013315942e-02	8.8317407684e-05	3.7751533110e-05
9.8000000000e+02	3.7487177967e-02	-4.9101652624e-02	8.8355949583e-05	3.7752041143e-05
9.8100000000e+02	3.7524930262e-02	-4.9190027828e-02	8.8394452691e-05	3.7752547632e-05
9.8200000000e+02	3.7562683062e-02	-4.9278441516e-02	8.8432917086e-05	3.7753052584e-05
9.8300000000e+02	3.7600436367e-02	-4.9366893649e-02	8.8471342844e-05	3.7753556005e-05
9.8400000000e+02	3.7638190174e-02	-4.9455384189e-02	8.8509730044e-05	3.7754057902e-05
9.8500000000e+02	3.7675944482e-02	-4.9543913097e-02	8.8548078760e-05	3.7754558280e-05
9.8600000000e+02	3.7713699290e-02	-4.9632480334e-02	8.8586389071e-05	3.7755057146e-05
9.8700000000e+02	3.7751454596e-02	-4.9721085862e-02	8.8624661051e-05	3.7755554505e-05
9.8800000000e+02	3.7789210398e-02	-4.9809729643e-02	8.8662894779e-05	3.7756050364e-05
9.8900000000e+02	3.7826966696e-02	-4.9898411639e-02	8.8701090328e-05	3.7756544728e-05
9.9000000000e+02	3.7864723487e-02	-4.9987131811e-02	8.8739247776e-05	3.7757037605e-05
9.9100000000e+02	3.7902480771e-02	-5.0075890122e-02	8.8777367197e-05	3.7757528999e-05
9.9200000000e+02	3.7940238545e-02	-5.0164686533e-02	8.8815448667e-05	3.7758018916e-05
9.9300000000e+02	3.7977996808e-02	-5.0253521006e-02	8.8853492260e-05	3.7758507363e-05
9.9400000000e+02	3.8015755559e-02	-5.0342393505e-02	8.8891498052e-05	3.7758994346e-05
9.9500000000e+02	3.8053514796e-02	-5.0431303990e-02	8.8929466117e-05	3.7759479869e-05
9.9600000000e+02	3.8091274518e-02	-5.0520252424e-02	8.8967396529e-05	3.7759963940e-05
9.9700000000e+02	3.8129034724e-02	-5.0609238771e-02	8.9005289362e-05	3.7760446563e-05
9.9800000000e+02	3.8166795411e-02	-5.0698262991e-02	8.9043144691e-05	3.7760927745e-05
9.9900000000e+02	3.8204556579e-02	-5.0787325047e-02	8.9080962589e-05	3.7761407491e-05
