# total modes from dos = 5.9999761330e+00
# ZPE = 4.6356412240e-03 Ry/cell
# Multiply by 13.6058 to have energies in eV/cell etc..
# Multiply by 13.6058 x 23060.35 = 313 754.5 to have energies in cal/(N mol).
# Multiply by 13.6058 x 96526.0 = 1 313 313 to have energies in J/(N mol).
# N is the number of formula units per cell.
#
# T (K) 	Evib (Ry/cell)	Fvib (Ry/cell)	Svib (Ry/cell/K)	Cvib (Ry/cell/K)
1.0000000000e+00	4.6356412375e-03	4.6356411562e-03	8.1270702536e-11	3.9274612017e-11
2.0000000000e+00	4.6356413567e-03	4.6356410441e-03	1.5626178011e-10	2.3908376115e-10
3.0000000000e+00	4.6356418222e-03	4.6356408081e-03	3.3803892229e-10	7.5864003987e-10
4.0000000000e+00	4.6356430340e-03	4.6356403147e-03	6.7981435280e-10	1.7583948119e-09
5.0000000000e+00	4.6356455532e-03	4.6356393773e-03	1.2351721055e-09	3.4006638230e-09
6.0000000000e+00	4.6356501046e-03	4.6356377552e-03	2.0582387648e-09	5.8509361910e-09
7.0000000000e+00	4.6356575812e-03	4.6356351533e-03	3.2039926973e-09	9.2800620680e-09
8.0000000000e+00	4.6356690507e-03	4.6356312209e-03	4.7287295929e-09	1.3867618083e-08
9.0000000000e+00	4.6356857670e-03	4.6356255501e-03	6.6907707584e-09	1.9807657113e-08
1.0000000000e+01	4.6357091895e-03	4.6356176731e-03	9.1516340150e-09	2.7319408394e-08
1.1000000000e+01	4.6357410166e-03	4.6356070584e-03	1.2178021767e-08	3.6665904283e-08
1.2000000000e+01	4.6357832430e-03	4.6355931037e-03	1.5844943486e-08	4.8181102714e-08
1.3000000000e+01	4.6358382458e-03	4.6355751260e-03	2.0239983965e-08	6.2301571216e-08
1.4000000000e+01	4.6359089022e-03	4.6355523462e-03	2.5468285735e-08	7.9595287587e-08
1.5000000000e+01	4.6359987316e-03	4.6355238694e-03	3.1657478053e-08	1.0077984416e-07
1.6000000000e+01	4.6361120473e-03	4.6354886599e-03	3.8961708240e-08	1.2672506211e-07
1.7000000000e+01	4.6362541034e-03	4.6354455136e-03	4.7564103276e-08	1.5843893862e-07
1.8000000000e+01	4.6364312198e-03	4.6353930284e-03	5.7677298837e-08	1.9703924622e-07
1.9000000000e+01	4.6366508734e-03	4.6353295755e-03	6.9541997301e-08	2.4371512590e-07
2.0000000000e+01	4.6369217478e-03	4.6352532723e-03	8.3423774042e-08	2.9968362529e-07
2.1000000000e+01	4.6372537392e-03	4.6351619604e-03	9.9608511445e-08	3.6614571579e-07
2.2000000000e+01	4.6376579194e-03	4.6350531875e-03	1.1839690649e-07	4.4424535615e-07
2.3000000000e+01	4.6381464609e-03	4.6349241956e-03	1.4009849279e-07	5.3503403720e-07
2.4000000000e+01	4.6387325289e-03	4.6347719153e-03	1.6502556722e-07	6.3944218432e-07
2.5000000000e+01	4.6394301496e-03	4.6345929661e-03	1.9348733768e-07	7.5825792781e-07
2.6000000000e+01	4.6402540597e-03	4.6343836620e-03	2.2578452836e-07	8.9211310870e-07
2.7000000000e+01	4.6412195468e-03	4.6341400226e-03	2.6220460248e-07	1.0414759554e-06
2.8000000000e+01	4.6423422837e-03	4.6338577882e-03	3.0301769620e-07	1.2066496084e-06
2.9000000000e+01	4.6436381652e-03	4.6335324394e-03	3.4847330296e-07	1.3877755457e-06
3.0000000000e+01	4.6451231496e-03	4.6331592184e-03	3.9879770520e-07	1.5848409376e-06
3.1000000000e+01	4.6468131094e-03	4.6327331537e-03	4.5419211996e-07	1.7976889931e-06
3.2000000000e+01	4.6487236937e-03	4.6322490856e-03	5.1483150347e-07	2.0260314453e-06
3.3000000000e+01	4.6508702030e-03	4.6317016927e-03	5.8086394714e-07	2.2694624212e-06
3.4000000000e+01	4.6532674794e-03	4.6310855193e-03	6.5241059044e-07	2.5274730535e-06
3.5000000000e+01	4.6559298108e-03	4.6303950017e-03	7.2956597433e-07	2.7994663058e-06
3.6000000000e+01	4.6588708500e-03	4.6296244946e-03	8.1239876059e-07	3.0847715842e-06
3.7000000000e+01	4.6621035484e-03	4.6287682968e-03	9.0095274634e-07	3.3826588097e-06
3.8000000000e+01	4.6656401032e-03	4.6278206751e-03	9.9524810870e-07	3.6923517061e-06
3.9000000000e+01	4.6694919173e-03	4.6267758872e-03	1.0952828210e-06	4.0130401364e-06
4.0000000000e+01	4.6736695712e-03	4.6256282037e-03	1.2010341887e-06	4.3438913786e-06
4.1000000000e+01	4.6781828059e-03	4.6243719270e-03	1.3124604611e-06	4.6840602836e-06
4.2000000000e+01	4.6830405148e-03	4.6230014107e-03	1.4295024789e-06	5.0326983003e-06
4.3000000000e+01	4.6882507441e-03	4.6215110750e-03	1.5520853285e-06	5.3889613812e-06
4.4000000000e+01	4.6938207015e-03	4.6198954226e-03	1.6801199742e-06	5.7520168084e-06
4.5000000000e+01	4.6997567697e-03	4.6181490515e-03	1.8135048496e-06	6.1210489963e-06
4.6000000000e+01	4.7060645269e-03	4.6162666669e-03	1.9521273908e-06	6.4952643379e-06
4.7000000000e+01	4.7127487699e-03	4.6142430914e-03	2.0958654994e-06	6.8738951721e-06
4.8000000000e+01	4.7198135425e-03	4.6120732741e-03	2.2445889264e-06	7.2562029481e-06
4.9000000000e+01	4.7272621654e-03	4.6097522975e-03	2.3981605708e-06	7.6414806703e-06
5.0000000000e+01	4.7350972689e-03	4.6072753844e-03	2.5564376908e-06	8.0290546993e-06
5.1000000000e+01	4.7433208268e-03	4.6046379026e-03	2.7192730239e-06	8.4182859875e-06
5.2000000000e+01	4.7519341917e-03	4.6018353691e-03	2.8865158179e-06	8.8085708194e-06
5.3000000000e+01	4.7609381299e-03	4.5988634529e-03	3.0580127735e-06	9.1993411253e-06
5.4000000000e+01	4.7703328579e-03	4.5957179772e-03	3.2336089013e-06	9.5900644303e-06
5.5000000000e+01	4.7801180770e-03	4.5923949207e-03	3.4131482961e-06	9.9802434947e-06
5.6000000000e+01	4.7902930089e-03	4.5888904182e-03	3.5964748327e-06	1.0369415699e-05
5.7000000000e+01	4.8008564294e-03	4.5852007606e-03	3.7834327874e-06	1.0757152217e-05
5.8000000000e+01	4.8118067024e-03	4.5813223938e-03	3.9738673894e-06	1.1143057022e-05
5.9000000000e+01	4.8231418111e-03	4.5772519180e-03	4.1676253067e-06	1.1526765758e-05
6.0000000000e+01	4.8348593902e-03	4.5729860859e-03	4.3645550720e-06	1.1907944512e-05
6.1000000000e+01	4.8469567549e-03	4.5685218004e-03	4.5645074516e-06	1.2286288511e-05
6.2000000000e+01	4.8594309297e-03	4.5638561124e-03	4.7673357632e-06	1.2661520770e-05
6.3000000000e+01	4.8722786754e-03	4.5589862182e-03	4.9728961463e-06	1.3033390714e-05
6.4000000000e+01	4.8854965149e-03	4.5539094564e-03	5.1810477896e-06	1.3401672784e-05
6.5000000000e+01	4.8990807575e-03	4.5486233048e-03	5.3916531186e-06	1.3766165048e-05
6.6000000000e+01	4.9130275216e-03	4.5431253770e-03	5.6045779485e-06	1.4126687826e-05
6.7000000000e+01	4.9273327568e-03	4.5374134193e-03	5.8196916048e-06	1.4483082343e-05
6.8000000000e+01	4.9419922636e-03	4.5314853066e-03	6.0368670150e-06	1.4835209407e-05
6.9000000000e+01	4.9570017127e-03	4.5253390392e-03	6.2559807749e-06	1.5182948137e-05
7.0000000000e+01	4.9723566623e-03	4.5189727389e-03	6.4769131923e-06	1.5526194726e-05
7.1000000000e+01	4.9880525753e-03	4.5123846453e-03	6.6995483096e-06	1.5864861253e-05
7.2000000000e+01	5.0040848336e-03	4.5055731121e-03	6.9237739094e-06	1.6198874550e-05
7.3000000000e+01	5.0204487533e-03	4.4985366035e-03	7.1494815042e-06	1.6528175115e-05
7.4000000000e+01	5.0371395972e-03	4.4912736901e-03	7.3765663119e-06	1.6852716080e-05
7.5000000000e+01	5.0541525871e-03	4.4837830456e-03	7.6049272203e-06	1.7172462232e-05
7.6000000000e+01	5.0714829151e-03	4.4760634428e-03	7.8344667405e-06	1.7487389087e-05
7.7000000000e+01	5.0891257538e-03	4.4681137505e-03	8.0650909519e-06	1.7797482011e-05
7.8000000000e+01	5.1070762659e-03	4.4599329295e-03	8.2967094400e-06	1.8102735403e-05
7.9000000000e+01	5.1253296123e-03	4.4515200293e-03	8.5292352278e-06	1.8403151910e-05
8.0000000000e+01	5.1438809607e-03	4.4428741846e-03	8.7625847018e-06	1.8698741709e-05
8.1000000000e+01	5.1627254924e-03	4.4339946121e-03	8.9966775342e-06	1.8989521822e-05
8.2000000000e+01	5.1818584088e-03	4.4248806074e-03	9.2314366019e-06	1.9275515478e-05
8.3000000000e+01	5.2012749374e-03	4.4155315415e-03	9.4667879022e-06	1.9556751521e-05
8.4000000000e+01	5.2209703372e-03	4.4059468579e-03	9.7026604679e-06	1.9833263856e-05
8.5000000000e+01	5.2409399033e-03	4.3961260696e-03	9.9389862798e-06	2.0105090929e-05
8.6000000000e+01	5.2611789715e-03	4.3860687560e-03	1.0175700179e-05	2.0372275258e-05
8.7000000000e+01	5.2816829216e-03	4.3757745607e-03	1.0412739781e-05	2.0634862976e-05
8.8000000000e+01	5.3024471816e-03	4.3652431878e-03	1.0650045384e-05	2.0892903430e-05
8.9000000000e+01	5.3234672301e-03	4.3544744003e-03	1.0887559885e-05	2.1146448793e-05
9.0000000000e+01	5.3447385990e-03	4.3434680166e-03	1.1125228693e-05	2.1395553715e-05
9.1000000000e+01	5.3662568763e-03	4.3322239089e-03	1.1362999642e-05	2.1640274996e-05
9.2000000000e+01	5.3880177073e-03	4.3207419999e-03	1.1600822907e-05	2.1880671289e-05
9.3000000000e+01	5.4100167973e-03	4.3090222615e-03	1.1838650922e-05	2.2116802821e-05
9.4000000000e+01	5.4322499119e-03	4.2970647117e-03	1.2076438300e-05	2.2348731143e-05
9.5000000000e+01	5.4547128793e-03	4.2848694129e-03	1.2314141752e-05	2.2576518896e-05
9.6000000000e+01	5.4774015907e-03	4.2724364699e-03	1.2551720008e-05	2.2800229596e-05
9.7000000000e+01	5.5003120009e-03	4.2597660277e-03	1.2789133744e-05	2.3019927444e-05
9.8000000000e+01	5.5234401295e-03	4.2468582698e-03	1.3026345507e-05	2.3235677142e-05
9.9000000000e+01	5.5467820608e-03	4.2337134160e-03	1.3263319645e-05	2.3447543735e-05
1.0000000000e+02	5.5703339444e-03	4.2203317210e-03	1.3500022233e-05	2.3655592460e-05
1.0100000000e+02	5.5940919949e-03	4.2067134728e-03	1.3736421011e-05	2.3859888615e-05
1.0200000000e+02	5.6180524925e-03	4.1928589905e-03	1.3972485313e-05	2.4060497436e-05
1.0300000000e+02	5.6422117823e-03	4.1787686234e-03	1.4208186009e-05	2.4257483986e-05
1.0400000000e+02	5.6665662746e-03	4.1644427489e-03	1.4443495439e-05	2.4450913053e-05
1.0500000000e+02	5.6911124441e-03	4.1498817717e-03	1.4678387356e-05	2.4640849070e-05
1.0600000000e+02	5.7158468297e-03	4.1350861217e-03	1.4912836868e-05	2.4827356022e-05
1.0700000000e+02	5.7407660343e-03	4.1200562533e-03	1.5146820383e-05	2.5010497384e-05
1.0800000000e+02	5.7658667236e-03	4.1047926437e-03	1.5380315555e-05	2.5190336055e-05
1.0900000000e+02	5.7911456263e-03	4.0892957920e-03	1.5613301232e-05	2.5366934296e-05
1.1000000000e+02	5.8165995326e-03	4.0735662178e-03	1.5845757408e-05	2.5540353688e-05
1.1100000000e+02	5.8422252943e-03	4.0576044600e-03	1.6077665174e-05	2.5710655080e-05
1.1200000000e+02	5.8680198235e-03	4.0414110762e-03	1.6309006672e-05	2.5877898558e-05
1.1300000000e+02	5.8939800919e-03	4.0249866411e-03	1.6539765052e-05	2.6042143405e-05
1.1400000000e+02	5.9201031302e-03	4.0083317458e-03	1.6769924425e-05	2.6203448078e-05
1.1500000000e+02	5.9463860272e-03	3.9914469969e-03	1.6999469829e-05	2.6361870181e-05
1.1600000000e+02	5.9728259287e-03	3.9743330155e-03	1.7228387183e-05	2.6517466443e-05
1.1700000000e+02	5.9994200368e-03	3.9569904363e-03	1.7456663252e-05	2.6670292705e-05
1.1800000000e+02	6.0261656091e-03	3.9394199069e-03	1.7684285612e-05	2.6820403906e-05
1.1900000000e+02	6.0530599576e-03	3.9216220869e-03	1.7911242611e-05	2.6967854069e-05
1.2000000000e+02	6.0801004479e-03	3.9035976471e-03	1.8137523340e-05	2.7112696299e-05
1.2100000000e+02	6.1072844983e-03	3.8853472690e-03	1.8363117597e-05	2.7254982772e-05
1.2200000000e+02	6.1346095786e-03	3.8668716439e-03	1.8588015858e-05	2.7394764738e-05
1.2300000000e+02	6.1620732097e-03	3.8481714723e-03	1.8812209247e-05	2.7532092513e-05
1.2400000000e+02	6.1896729621e-03	3.8292474631e-03	1.9035689508e-05	2.7667015487e-05
1.2500000000e+02	6.2174064552e-03	3.8101003335e-03	1.9258448974e-05	2.7799582122e-05
1.2600000000e+02	6.2452713567e-03	3.7907308078e-03	1.9480480547e-05	2.7929839961e-05
1.2700000000e+02	6.2732653811e-03	3.7711396172e-03	1.9701777668e-05	2.8057835625e-05
1.2800000000e+02	6.3013862891e-03	3.7513274993e-03	1.9922334296e-05	2.8183614828e-05
1.2900000000e+02	6.3296318869e-03	3.7312951973e-03	2.0142144880e-05	2.8307222382e-05
1.3000000000e+02	6.3580000247e-03	3.7110434599e-03	2.0361204344e-05	2.8428702205e-05
1.3100000000e+02	6.3864885964e-03	3.6905730406e-03	2.0579508060e-05	2.8548097328e-05
1.3200000000e+02	6.4150955385e-03	3.6698846971e-03	2.0797051829e-05	2.8665449911e-05
1.3300000000e+02	6.4438188291e-03	3.6489791915e-03	2.1013831862e-05	2.8780801251e-05
1.3400000000e+02	6.4726564874e-03	3.6278572891e-03	2.1229844763e-05	2.8894191791e-05
1.3500000000e+02	6.5016065723e-03	3.6065197587e-03	2.1445087509e-05	2.9005661138e-05
1.3600000000e+02	6.5306671822e-03	3.5849673717e-03	2.1659557430e-05	2.9115248067e-05
1.3700000000e+02	6.5598364537e-03	3.5632009022e-03	2.1873252200e-05	2.9222990542e-05
1.3800000000e+02	6.5891125609e-03	3.5412211264e-03	2.2086169815e-05	2.9328925725e-05
1.3900000000e+02	6.6184937148e-03	3.5190288222e-03	2.2298308580e-05	2.9433089988e-05
1.4000000000e+02	6.6479781624e-03	3.4966247693e-03	2.2509667094e-05	2.9535518930e-05
1.4100000000e+02	6.6775641859e-03	3.4740097485e-03	2.2720244237e-05	2.9636247386e-05
1.4200000000e+02	6.7072501017e-03	3.4511845416e-03	2.2930039156e-05	2.9735309446e-05
1.4300000000e+02	6.7370342604e-03	3.4281499311e-03	2.3139051254e-05	2.9832738465e-05
1.4400000000e+02	6.7669150452e-03	3.4049067001e-03	2.3347280174e-05	2.9928567076e-05
1.4500000000e+02	6.7968908717e-03	3.3814556319e-03	2.3554725792e-05	3.0022827208e-05
1.4600000000e+02	6.8269601872e-03	3.3577975096e-03	2.3761388203e-05	3.0115550097e-05
1.4700000000e+02	6.8571214697e-03	3.3339331164e-03	2.3967267709e-05	3.0206766297e-05
1.4800000000e+02	6.8873732276e-03	3.3098632350e-03	2.4172364815e-05	3.0296505700e-05
1.4900000000e+02	6.9177139986e-03	3.2855886474e-03	2.4376680210e-05	3.0384797545e-05
1.5000000000e+02	6.9481423497e-03	3.2611101349e-03	2.4580214765e-05	3.0471670430e-05
1.5100000000e+02	6.9786568758e-03	3.2364284778e-03	2.4782969523e-05	3.0557152331e-05
1.5200000000e+02	7.0092561998e-03	3.2115444553e-03	2.4984945687e-05	3.0641270609e-05
1.5300000000e+02	7.0399389714e-03	3.1864588455e-03	2.5186144614e-05	3.0724052028e-05
1.5400000000e+02	7.0707038670e-03	3.1611724247e-03	2.5386567807e-05	3.0805522764e-05
1.5500000000e+02	7.1015495886e-03	3.1356859679e-03	2.5586216908e-05	3.0885708420e-05
1.5600000000e+02	7.1324748638e-03	3.1100002483e-03	2.5785093689e-05	3.0964634038e-05
1.5700000000e+02	7.1634784448e-03	3.0841160373e-03	2.5983200048e-05	3.1042324110e-05
1.5800000000e+02	7.1945591082e-03	3.0580341044e-03	2.6180537999e-05	3.1118802592e-05
1.5900000000e+02	7.2257156540e-03	3.0317552168e-03	2.6377109668e-05	3.1194092913e-05
1.6000000000e+02	7.2569469056e-03	3.0052801397e-03	2.6572917287e-05	3.1268217993e-05
1.6100000000e+02	7.2882517090e-03	2.9786096361e-03	2.6767963186e-05	3.1341200244e-05
1.6200000000e+02	7.3196289324e-03	2.9517444664e-03	2.6962249790e-05	3.1413061594e-05
1.6300000000e+02	7.3510774657e-03	2.9246853888e-03	2.7155779613e-05	3.1483823487e-05
1.6400000000e+02	7.3825962199e-03	2.8974331586e-03	2.7348555252e-05	3.1553506899e-05
1.6500000000e+02	7.4141841269e-03	2.8699885288e-03	2.7540579382e-05	3.1622132351e-05
1.6600000000e+02	7.4458401387e-03	2.8423522494e-03	2.7731854754e-05	3.1689719912e-05
1.6700000000e+02	7.4775632273e-03	2.8145250679e-03	2.7922384188e-05	3.1756289218e-05
1.6800000000e+02	7.5093523841e-03	2.7865077287e-03	2.8112170568e-05	3.1821859475e-05
1.6900000000e+02	7.5412066195e-03	2.7583009735e-03	2.8301216840e-05	3.1886449473e-05
1.7000000000e+02	7.5731249624e-03	2.7299055408e-03	2.8489526010e-05	3.1950077595e-05
1.7100000000e+02	7.6051064600e-03	2.7013221661e-03	2.8677101134e-05	3.2012761823e-05
1.7200000000e+02	7.6371501773e-03	2.6725515821e-03	2.8863945321e-05	3.2074519752e-05
1.7300000000e+02	7.6692551965e-03	2.6435945181e-03	2.9050061725e-05	3.2135368597e-05
1.7400000000e+02	7.7014206171e-03	2.6144517002e-03	2.9235453545e-05	3.2195325202e-05
1.7500000000e+02	7.7336455550e-03	2.5851238515e-03	2.9420124020e-05	3.2254406046e-05
1.7600000000e+02	7.7659291426e-03	2.5556116915e-03	2.9604076427e-05	3.2312627257e-05
1.7700000000e+02	7.7982705282e-03	2.5259159369e-03	2.9787314076e-05	3.2370004614e-05
1.7800000000e+02	7.8306688757e-03	2.4960373005e-03	2.9969840310e-05	3.2426553562e-05
1.7900000000e+02	7.8631233643e-03	2.4659764923e-03	3.0151658503e-05	3.2482289211e-05
1.8000000000e+02	7.8956331880e-03	2.4357342184e-03	3.0332772053e-05	3.2537226354e-05
1.8100000000e+02	7.9281975556e-03	2.4053111819e-03	3.0513184385e-05	3.2591379464e-05
1.8200000000e+02	7.9608156903e-03	2.3747080822e-03	3.0692898945e-05	3.2644762712e-05
1.8300000000e+02	7.9934868291e-03	2.3439256154e-03	3.0871919200e-05	3.2697389963e-05
1.8400000000e+02	8.0262102228e-03	2.3129644741e-03	3.1050248634e-05	3.2749274794e-05
1.8500000000e+02	8.0589851356e-03	2.2818253473e-03	3.1227890748e-05	3.2800430491e-05
1.8600000000e+02	8.0918108450e-03	2.2505089205e-03	3.1404849056e-05	3.2850870064e-05
1.8700000000e+02	8.1246866413e-03	2.2190158759e-03	3.1581127088e-05	3.2900606247e-05
1.8800000000e+02	8.1576118272e-03	2.1873468919e-03	3.1756728379e-05	3.2949651509e-05
1.8900000000e+02	8.1905857181e-03	2.1555026436e-03	3.1931656479e-05	3.2998018057e-05
1.9000000000e+02	8.2236076411e-03	2.1234838022e-03	3.2105914942e-05	3.3045717843e-05
1.9100000000e+02	8.2566769354e-03	2.0912910357e-03	3.2279507328e-05	3.3092762572e-05
1.9200000000e+02	8.2897929517e-03	2.0589250084e-03	3.2452437205e-05	3.3139163705e-05
1.9300000000e+02	8.3229550520e-03	2.0263863809e-03	3.2624708140e-05	3.3184932465e-05
1.9400000000e+02	8.3561626095e-03	1.9936758105e-03	3.2796323706e-05	3.3230079845e-05
1.9500000000e+02	8.3894150082e-03	1.9607939508e-03	3.2967287474e-05	3.3274616609e-05
1.9600000000e+02	8.4227116427e-03	1.9277414517e-03	3.3137603015e-05	3.3318553302e-05
1.9700000000e+02	8.4560519182e-03	1.8945189596e-03	3.3307273901e-05	3.3361900252e-05
1.9800000000e+02	8.4894352500e-03	1.8611271176e-03	3.3476303699e-05	3.3404667575e-05
1.9900000000e+02	8.5228610634e-03	1.8275665647e-03	3.3644695973e-05	3.3446865182e-05
2.0000000000e+02	8.5563287937e-03	1.7938379369e-03	3.3812454284e-05	3.3488502781e-05
2.0100000000e+02	8.5898378855e-03	1.7599418663e-03	3.3979582185e-05	3.3529589885e-05
2.0200000000e+02	8.6233877931e-03	1.7258789815e-03	3.4146083225e-05	3.3570135812e-05
2.0300000000e+02	8.6569779798e-03	1.6916499076e-03	3.4311960947e-05	3.3610149695e-05
2.0400000000e+02	8.6906079181e-03	1.6572552662e-03	3.4477218882e-05	3.3649640479e-05
2.0500000000e+02	8.7242770893e-03	1.6226956753e-03	3.4641860556e-05	3.3688616935e-05
2.0600000000e+02	8.7579849834e-03	1.5879717494e-03	3.4805889486e-05	3.3727087652e-05
2.0700000000e+02	8.7917310988e-03	1.5530840994e-03	3.4969309176e-05	3.3765061054e-05
2.0800000000e+02	8.8255149425e-03	1.5180333329e-03	3.5132123123e-05	3.3802545392e-05
2.0900000000e+02	8.8593360293e-03	1.4828200539e-03	3.5294334810e-05	3.3839548756e-05
2.1000000000e+02	8.8931938823e-03	1.4474448629e-03	3.5455947711e-05	3.3876079076e-05
2.1100000000e+02	8.9270880324e-03	1.4119083569e-03	3.5616965286e-05	3.3912144123e-05
2.1200000000e+02	8.9610180180e-03	1.3762111296e-03	3.5777390983e-05	3.3947751519e-05
2.1300000000e+02	8.9949833853e-03	1.3403537711e-03	3.5937228236e-05	3.3982908731e-05
2.1400000000e+02	9.0289836879e-03	1.3043368682e-03	3.6096480466e-05	3.4017623085e-05
2.1500000000e+02	9.0630184863e-03	1.2681610041e-03	3.6255151080e-05	3.4051901761e-05
2.1600000000e+02	9.0970873485e-03	1.2318267587e-03	3.6413243471e-05	3.4085751800e-05
2.1700000000e+02	9.1311898493e-03	1.1953347087e-03	3.6570761017e-05	3.4119180106e-05
2.1800000000e+02	9.1653255704e-03	1.1586854272e-03	3.6727707079e-05	3.4152193450e-05
2.1900000000e+02	9.1994941001e-03	1.1218794839e-03	3.6884085005e-05	3.4184798472e-05
2.2000000000e+02	9.2336950334e-03	1.0849174455e-03	3.7039898127e-05	3.4217001684e-05
2.2100000000e+02	9.2679279717e-03	1.0477998749e-03	3.7195149759e-05	3.4248809473e-05
2.2200000000e+02	9.3021925226e-03	1.0105273320e-03	3.7349843201e-05	3.4280228105e-05
2.2300000000e+02	9.3364883002e-03	9.7310037342e-04	3.7503981734e-05	3.4311263724e-05
2.2400000000e+02	9.3708149244e-03	9.3551955241e-04	3.7657568625e-05	3.4341922358e-05
2.2500000000e+02	9.4051720212e-03	8.9778541897e-04	3.7810607121e-05	3.4372209923e-05
2.2600000000e+02	9.4395592225e-03	8.5989851989e-04	3.7963100454e-05	3.4402132220e-05
2.2700000000e+02	9.4739761658e-03	8.2185939871e-04	3.8115051837e-05	3.4431694942e-05
2.2800000000e+02	9.5084224944e-03	7.8366859580e-04	3.8266464468e-05	3.4460903674e-05
2.2900000000e+02	9.5428978570e-03	7.4532664830e-04	3.8417341523e-05	3.4489763898e-05
2.3000000000e+02	9.5774019078e-03	7.0683409022e-04	3.8567686163e-05	3.4518280992e-05
2.3100000000e+02	9.6119343064e-03	6.6819145240e-04	3.8717501532e-05	3.4546460234e-05
2.3200000000e+02	9.6464947174e-03	6.2939926254e-04	3.8866790754e-05	3.4574306804e-05
2.3300000000e+02	9.6810828108e-03	5.9045804524e-04	3.9015556934e-05	3.4601825786e-05
2.3400000000e+02	9.7156982614e-03	5.5136832199e-04	3.9163803160e-05	3.4629022170e-05
2.3500000000e+02	9.7503407492e-03	5.1213061121e-04	3.9311532502e-05	3.4655900854e-05
2.3600000000e+02	9.7850099588e-03	4.7274542826e-04	3.9458748011e-05	3.4682466647e-05
2.3700000000e+02	9.8197055798e-03	4.3321328546e-04	3.9605452719e-05	3.4708724267e-05
2.3800000000e+02	9.8544273062e-03	3.9353469209e-04	3.9751649639e-05	3.4734678350e-05
2.3900000000e+02	9.8891748368e-03	3.5371015444e-04	3.9897341767e-05	3.4760333444e-05
2.4000000000e+02	9.9239478749e-03	3.1374017583e-04	4.0042532080e-05	3.4785694015e-05
2.4100000000e+02	9.9587461281e-03	2.7362525657e-04	4.0187223534e-05	3.4810764451e-05
2.4200000000e+02	9.9935693085e-03	2.3336589406e-04	4.0331419068e-05	3.4835549057e-05
2.4300000000e+02	1.0028417132e-02	1.9296258277e-04	4.0475121603e-05	3.4860052062e-05
2.4400000000e+02	1.0063289320e-02	1.5241581422e-04	4.0618334041e-05	3.4884277620e-05
2.4500000000e+02	1.0098185597e-02	1.1172607709e-04	4.0761059263e-05	3.4908229809e-05
2.4600000000e+02	1.0133105690e-02	7.0893857148e-05	4.0903300134e-05	3.4931912636e-05
2.4700000000e+02	1.0168049333e-02	2.9919637325e-05	4.1045059498e-05	3.4955330035e-05
2.4800000000e+02	1.0203016263e-02	-1.1196102288e-05	4.1186340182e-05	3.4978485872e-05
2.4900000000e+02	1.0238006219e-02	-5.2452884416e-05	4.1327144994e-05	3.5001383942e-05
2.5000000000e+02	1.0273018946e-02	-9.3850234582e-05	4.1467476723e-05	3.5024027975e-05
2.5100000000e+02	1.0308054192e-02	-1.3538768109e-04	4.1607338138e-05	3.5046421636e-05
2.5200000000e+02	1.0343111707e-02	-1.7706475501e-04	4.1746731993e-05	3.5068568525e-05
2.5300000000e+02	1.0378191248e-02	-2.1888099013e-04	4.1885661019e-05	3.5090472177e-05
2.5400000000e+02	1.0413292572e-02	-2.6083592300e-04	4.2024127931e-05	3.5112136068e-05
2.5500000000e+02	1.0448415441e-02	-3.0292909286e-04	4.2162135427e-05	3.5133563613e-05
2.5600000000e+02	1.0483559621e-02	-3.4516004161e-04	4.2299686183e-05	3.5154758167e-05
2.5700000000e+02	1.0518724881e-02	-3.8752831386e-04	4.2436782858e-05	3.5175723028e-05
2.5800000000e+02	1.0553910992e-02	-4.3003345685e-04	4.2573428095e-05	3.5196461437e-05
2.5900000000e+02	1.0589117729e-02	-4.7267502045e-04	4.2709624516e-05	3.5216976578e-05
2.6000000000e+02	1.0624344871e-02	-5.1545255714e-04	4.2845374725e-05	3.5237271583e-05
2.6100000000e+02	1.0659592200e-02	-5.5836562202e-04	4.2980681310e-05	3.5257349527e-05
2.6200000000e+02	1.0694859499e-02	-6.0141377275e-04	4.3115546839e-05	3.5277213436e-05
2.6300000000e+02	1.0730146557e-02	-6.4459656953e-04	4.3249973863e-05	3.5296866283e-05
2.6400000000e+02	1.0765453162e-02	-6.8791357515e-04	4.3383964915e-05	3.5316310991e-05
2.6500000000e+02	1.0800779110e-02	-7.3136435488e-04	4.3517522509e-05	3.5335550432e-05
2.6600000000e+02	1.0836124196e-02	-7.7494847651e-04	4.3650649144e-05	3.5354587432e-05
2.6700000000e+02	1.0871488218e-02	-8.1866551034e-04	4.3783347299e-05	3.5373424770e-05
2.6800000000e+02	1.0906870980e-02	-8.6251502911e-04	4.3915619436e-05	3.5392065175e-05
2.6900000000e+02	1.0942272284e-02	-9.0649660802e-04	4.4047468000e-05	3.5410511333e-05
2.7000000000e+02	1.0977691938e-02	-9.5060982472e-04	4.4178895419e-05	3.5428765886e-05
2.7100000000e+02	1.1013129753e-02	-9.9485425928e-04	4.4309904103e-05	3.5446831430e-05
2.7200000000e+02	1.1048585539e-02	-1.0392294942e-03	4.4440496446e-05	3.5464710518e-05
2.7300000000e+02	1.1084059112e-02	-1.0837351142e-03	4.4570674823e-05	3.5482405664e-05
2.7400000000e+02	1.1119550290e-02	-1.1283707066e-03	4.4700441593e-05	3.5499919338e-05
2.7500000000e+02	1.1155058891e-02	-1.1731358609e-03	4.4829799100e-05	3.5517253969e-05
2.7600000000e+02	1.1190584739e-02	-1.2180301691e-03	4.4958749667e-05	3.5534411947e-05
2.7700000000e+02	1.1226127657e-02	-1.2630532254e-03	4.5087295605e-05	3.5551395625e-05
2.7800000000e+02	1.1261687473e-02	-1.3082046262e-03	4.5215439206e-05	3.5568207314e-05
2.7900000000e+02	1.1297264015e-02	-1.3534839705e-03	4.5343182745e-05	3.5584849290e-05
2.8000000000e+02	1.1332857116e-02	-1.3988908591e-03	4.5470528482e-05	3.5601323792e-05
2.8100000000e+02	1.1368466608e-02	-1.4444248956e-03	4.5597478660e-05	3.5617633022e-05
2.8200000000e+02	1.1404092327e-02	-1.4900856853e-03	4.5724035506e-05	3.5633779148e-05
2.8300000000e+02	1.1439734112e-02	-1.5358728362e-03	4.5850201232e-05	3.5649764301e-05
2.8400000000e+02	1.1475391803e-02	-1.5817859582e-03	4.5975978032e-05	3.5665590579e-05
2.8500000000e+02	1.1511065241e-02	-1.6278246634e-03	4.6101368087e-05	3.5681260048e-05
2.8600000000e+02	1.1546754272e-02	-1.6739885661e-03	4.6226373558e-05	3.5696774739e-05
2.8700000000e+02	1.1582458740e-02	-1.7202772830e-03	4.6350996595e-05	3.5712136651e-05
2.8800000000e+02	1.1618178495e-02	-1.7666904326e-03	4.6475239330e-05	3.5727347754e-05
2.8900000000e+02	1.1653913386e-02	-1.8132276356e-03	4.6599103880e-05	3.5742409982e-05
2.9000000000e+02	1.1689663266e-02	-1.8598885150e-03	4.6722592347e-05	3.5757325244e-05
2.9100000000e+02	1.1725427988e-02	-1.9066726956e-03	4.6845706816e-05	3.5772095415e-05
2.9200000000e+02	1.1761207409e-02	-1.9535798046e-03	4.6968449360e-05	3.5786722343e-05
2.9300000000e+02	1.1797001385e-02	-2.0006094711e-03	4.7090822036e-05	3.5801207846e-05
2.9400000000e+02	1.1832809778e-02	-2.0477613261e-03	4.7212826884e-05	3.5815553714e-05
2.9500000000e+02	1.1868632447e-02	-2.0950350029e-03	4.7334465932e-05	3.5829761709e-05
2.9600000000e+02	1.1904469256e-02	-2.1424301367e-03	4.7455741191e-05	3.5843833567e-05
2.9700000000e+02	1.1940320069e-02	-2.1899463647e-03	4.7576654660e-05	3.5857770995e-05
2.9800000000e+02	1.1976184754e-02	-2.2375833261e-03	4.7697208321e-05	3.5871575675e-05
2.9900000000e+02	1.2012063177e-02	-2.2853406620e-03	4.7817404144e-05	3.5885249265e-05
3.0000000000e+02	1.2047955209e-02	-2.3332180157e-03	4.7937244082e-05	3.5898793393e-05
3.0100000000e+02	1.2083860721e-02	-2.3812150322e-03	4.8056730077e-05	3.5912209667e-05
3.0200000000e+02	1.2119779586e-02	-2.4293313585e-03	4.8175864055e-05	3.5925499668e-05
3.0300000000e+02	1.2155711679e-02	-2.4775666436e-03	4.8294647929e-05	3.5938664953e-05
3.0400000000e+02	1.2191656875e-02	-2.5259205383e-03	4.8413083597e-05	3.5951707056e-05
3.0500000000e+02	1.2227615052e-02	-2.5743926954e-03	4.8531172943e-05	3.5964627489e-05
3.0600000000e+02	1.2263586090e-02	-2.6229827694e-03	4.8648917841e-05	3.5977427737e-05
3.0700000000e+02	1.2299569868e-02	-2.6716904169e-03	4.8766320147e-05	3.5990109269e-05
3.0800000000e+02	1.2335566269e-02	-2.7205152961e-03	4.8883381706e-05	3.6002673526e-05
3.0900000000e+02	1.2371575177e-02	-2.7694570673e-03	4.9000104350e-05	3.6015121932e-05
3.1000000000e+02	1.2407596475e-02	-2.8185153925e-03	4.9116489895e-05	3.6027455887e-05
3.1100000000e+02	1.2443630051e-02	-2.8676899353e-03	4.9232540148e-05	3.6039676772e-05
3.1200000000e+02	1.2479675791e-02	-2.9169803616e-03	4.9348256901e-05	3.6051785945e-05
3.1300000000e+02	1.2515733586e-02	-2.9663863386e-03	4.9463641931e-05	3.6063784747e-05
3.1400000000e+02	1.2551803325e-02	-3.0159075355e-03	4.9578697006e-05	3.6075674497e-05
3.1500000000e+02	1.2587884899e-02	-3.0655436232e-03	4.9693423880e-05	3.6087456497e-05
3.1600000000e+02	1.2623978202e-02	-3.1152942744e-03	4.9807824293e-05	3.6099132027e-05
3.1700000000e+02	1.2660083128e-02	-3.1651591635e-03	4.9921899973e-05	3.6110702349e-05
3.1800000000e+02	1.2696199572e-02	-3.2151379667e-03	5.0035652638e-05	3.6122168710e-05
3.1900000000e+02	1.2732327431e-02	-3.2652303617e-03	5.0149083990e-05	3.6133532333e-05
3.2000000000e+02	1.2768466603e-02	-3.3154360281e-03	5.0262195722e-05	3.6144794428e-05
3.2100000000e+02	1.2804616987e-02	-3.3657546472e-03	5.0374989513e-05	3.6155956186e-05
3.2200000000e+02	1.2840778482e-02	-3.4161859017e-03	5.0487467031e-05	3.6167018781e-05
3.2300000000e+02	1.2876950991e-02	-3.4667294763e-03	5.0599629931e-05	3.6177983369e-05
3.2400000000e+02	1.2913134417e-02	-3.5173850573e-03	5.0711479858e-05	3.6188851090e-05
3.2500000000e+02	1.2949328662e-02	-3.5681523323e-03	5.0823018443e-05	3.6199623069e-05
3.2600000000e+02	1.2985533631e-02	-3.6190309909e-03	5.0934247307e-05	3.6210300413e-05
3.2700000000e+02	1.3021749231e-02	-3.6700207242e-03	5.1045168060e-05	3.6220884215e-05
3.2800000000e+02	1.3057975369e-02	-3.7211212248e-03	5.1155782298e-05	3.6231375550e-05
3.2900000000e+02	1.3094211952e-02	-3.7723321871e-03	5.1266091608e-05	3.6241775481e-05
3.3000000000e+02	1.3130458890e-02	-3.8236533069e-03	5.1376097566e-05	3.6252085053e-05
3.3100000000e+02	1.3166716092e-02	-3.8750842817e-03	5.1485801734e-05	3.6262305299e-05
3.3200000000e+02	1.3202983471e-02	-3.9266248103e-03	5.1595205666e-05	3.6272437235e-05
3.3300000000e+02	1.3239260938e-02	-3.9782745935e-03	5.1704310904e-05	3.6282481865e-05
3.3400000000e+02	1.3275548406e-02	-4.0300333331e-03	5.1813118979e-05	3.6292440176e-05
3.3500000000e+02	1.3311845790e-02	-4.0819007329e-03	5.1921631410e-05	3.6302313145e-05
3.3600000000e+02	1.3348153004e-02	-4.1338764979e-03	5.2029849708e-05	3.6312101732e-05
3.3700000000e+02	1.3384469965e-02	-4.1859603347e-03	5.2137775371e-05	3.6321806886e-05
3.3800000000e+02	1.3420796590e-02	-4.2381519516e-03	5.2245409887e-05	3.6331429541e-05
3.3900000000e+02	1.3457132797e-02	-4.2904510580e-03	5.2352754735e-05	3.6340970620e-05
3.4000000000e+02	1.3493478505e-02	-4.3428573650e-03	5.2459811381e-05	3.6350431032e-05
3.4100000000e+02	1.3529833633e-02	-4.3953705851e-03	5.2566581284e-05	3.6359811675e-05
3.4200000000e+02	1.3566198102e-02	-4.4479904324e-03	5.2673065889e-05	3.6369113432e-05
3.4300000000e+02	1.3602571833e-02	-4.5007166223e-03	5.2779266635e-05	3.6378337176e-05
3.4400000000e+02	1.3638954750e-02	-4.5535488716e-03	5.2885184947e-05	3.6387483768e-05
3.4500000000e+02	1.3675346776e-02	-4.6064868985e-03	5.2990822244e-05	3.6396554056e-05
3.4600000000e+02	1.3711747833e-02	-4.6595304228e-03	5.3096179931e-05	3.6405548879e-05
3.4700000000e+02	1.3748157848e-02	-4.7126791656e-03	5.3201259407e-05	3.6414469063e-05
3.4800000000e+02	1.3784576747e-02	-4.7659328494e-03	5.3306062058e-05	3.6423315421e-05
3.4900000000e+02	1.3821004455e-02	-4.8192911979e-03	5.3410589263e-05	3.6432088759e-05
3.5000000000e+02	1.3857440900e-02	-4.8727539365e-03	5.3514842391e-05	3.6440789869e-05
3.5100000000e+02	1.3893886011e-02	-4.9263207918e-03	5.3618822800e-05	3.6449419534e-05
3.5200000000e+02	1.3930339716e-02	-4.9799914917e-03	5.3722531839e-05	3.6457978526e-05
3.5300000000e+02	1.3966801945e-02	-5.0337657655e-03	5.3825970850e-05	3.6466467607e-05
3.5400000000e+02	1.4003272628e-02	-5.0876433438e-03	5.3929141163e-05	3.6474887528e-05
3.5500000000e+02	1.4039751697e-02	-5.1416239587e-03	5.4032044100e-05	3.6483239032e-05
3.5600000000e+02	1.4076239083e-02	-5.1957073433e-03	5.4134680974e-05	3.6491522849e-05
3.5700000000e+02	1.4112734720e-02	-5.2498932324e-03	5.4237053089e-05	3.6499739704e-05
3.5800000000e+02	1.4149238541e-02	-5.3041813617e-03	5.4339161739e-05	3.6507890307e-05
3.5900000000e+02	1.4185750479e-02	-5.3585714685e-03	5.4441008210e-05	3.6515975362e-05
3.6000000000e+02	1.4222270470e-02	-5.4130632911e-03	5.4542593781e-05	3.6523995565e-05
3.6100000000e+02	1.4258798449e-02	-5.4676565695e-03	5.4643919718e-05	3.6531951599e-05
3.6200000000e+02	1.4295334352e-02	-5.5223510445e-03	5.4744987283e-05	3.6539844140e-05
3.6300000000e+02	1.4331878116e-02	-5.5771464583e-03	5.4845797726e-05	3.6547673858e-05
3.6400000000e+02	1.4368429679e-02	-5.6320425546e-03	5.4946352290e-05	3.6555441409e-05
3.6500000000e+02	1.4404988978e-02	-5.6870390780e-03	5.5046652209e-05	3.6563147444e-05
3.6600000000e+02	1.4441555953e-02	-5.7421357746e-03	5.5146698710e-05	3.6570792605e-05
3.6700000000e+02	1.4478130544e-02	-5.7973323914e-03	5.5246493011e-05	3.6578377525e-05
3.6800000000e+02	1.4514712689e-02	-5.8526286769e-03	5.5346036319e-05	3.6585902831e-05
3.6900000000e+02	1.4551302330e-02	-5.9080243808e-03	5.5445329838e-05	3.6593369138e-05
3.7000000000e+02	1.4587899407e-02	-5.9635192537e-03	5.5544374760e-05	3.6600777057e-05
3.7100000000e+02	1.4624503864e-02	-6.0191130478e-03	5.5643172270e-05	3.6608127190e-05
3.7200000000e+02	1.4661115643e-02	-6.0748055162e-03	5.5741723546e-05	3.6615420130e-05
3.7300000000e+02	1.4697734686e-02	-6.1305964132e-03	5.5840029756e-05	3.6622656463e-05
3.7400000000e+02	1.4734360937e-02	-6.1864854944e-03	5.5938092063e-05	3.6629836770e-05
3.7500000000e+02	1.4770994341e-02	-6.2424725164e-03	5.6035911619e-05	3.6636961621e-05
3.7600000000e+02	1.4807634842e-02	-6.2985572371e-03	5.6133489572e-05	3.6644031582e-05
3.7700000000e+02	1.4844282386e-02	-6.3547394154e-03	5.6230827059e-05	3.6651047209e-05
3.7800000000e+02	1.4880936918e-02	-6.4110188115e-03	5.6327925211e-05	3.6658009054e-05
3.7900000000e+02	1.4917598386e-02	-6.4673951864e-03	5.6424785152e-05	3.6664917659e-05
3.8000000000e+02	1.4954266736e-02	-6.5238683027e-03	5.6521407997e-05	3.6671773562e-05
3.8100000000e+02	1.4990941916e-02	-6.5804379238e-03	5.6617794855e-05	3.6678577292e-05
3.8200000000e+02	1.5027623874e-02	-6.6371038141e-03	5.6713946827e-05	3.6685329373e-05
3.8300000000e+02	1.5064312558e-02	-6.6938657395e-03	5.6809865006e-05	3.6692030323e-05
3.8400000000e+02	1.5101007917e-02	-6.7507234666e-03	5.6905550479e-05	3.6698680651e-05
3.8500000000e+02	1.5137709902e-02	-6.8076767632e-03	5.7001004326e-05	3.6705280862e-05
3.8600000000e+02	1.5174418463e-02	-6.8647253984e-03	5.7096227619e-05	3.6711831454e-05
3.8700000000e+02	1.5211133549e-02	-6.9218691420e-03	5.7191221423e-05	3.6718332919e-05
3.8800000000e+02	1.5247855112e-02	-6.9791077651e-03	5.7285986797e-05	3.6724785744e-05
3.8900000000e+02	1.5284583104e-02	-7.0364410398e-03	5.7380524792e-05	3.6731190407e-05
3.9000000000e+02	1.5321317477e-02	-7.0938687392e-03	5.7474836452e-05	3.6737547384e-05
3.9100000000e+02	1.5358058183e-02	-7.1513906376e-03	5.7568922815e-05	3.6743857142e-05
3.9200000000e+02	1.5394805176e-02	-7.2090065101e-03	5.7662784913e-05	3.6750120145e-05
3.9300000000e+02	1.5431558408e-02	-7.2667161330e-03	5.7756423769e-05	3.6756336849e-05
3.9400000000e+02	1.5468317834e-02	-7.3245192836e-03	5.7849840400e-05	3.6762507706e-05
3.9500000000e+02	1.5505083408e-02	-7.3824157401e-03	5.7943035819e-05	3.6768633162e-05
3.9600000000e+02	1.5541855086e-02	-7.4404052818e-03	5.8036011029e-05	3.6774713658e-05
3.9700000000e+02	1.5578632821e-02	-7.4984876891e-03	5.8128767028e-05	3.6780749629e-05
3.9800000000e+02	1.5615416570e-02	-7.5566627431e-03	5.8221304807e-05	3.6786741506e-05
3.9900000000e+02	1.5652206289e-02	-7.6149302263e-03	5.8313625352e-05	3.6792689714e-05
4.0000000000e+02	1.5689001935e-02	-7.6732899217e-03	5.8405729642e-05	3.6798594672e-05
4.0100000000e+02	1.5725803464e-02	-7.7317416138e-03	5.8497618649e-05	3.6804456795e-05
4.0200000000e+02	1.5762610835e-02	-7.7902850876e-03	5.8589293339e-05	3.6810276495e-05
4.0300000000e+02	1.5799424003e-02	-7.8489201293e-03	5.8680754672e-05	3.6816054176e-05
4.0400000000e+02	1.5836242929e-02	-7.9076465261e-03	5.8772003602e-05	3.6821790238e-05
4.0500000000e+02	1.5873067570e-02	-7.9664640661e-03	5.8863041077e-05	3.6827485078e-05
4.0600000000e+02	1.5909897886e-02	-8.0253725381e-03	5.8953868039e-05	3.6833139085e-05
4.0700000000e+02	1.5946733835e-02	-8.0843717323e-03	5.9044485423e-05	3.6838752648e-05
4.0800000000e+02	1.5983575378e-02	-8.1434614394e-03	5.9134894159e-05	3.6844326148e-05
4.0900000000e+02	1.6020422474e-02	-8.2026414513e-03	5.9225095172e-05	3.6849859962e-05
4.1000000000e+02	1.6057275084e-02	-8.2619115608e-03	5.9315089378e-05	3.6855354463e-05
4.1100000000e+02	1.6094133170e-02	-8.3212715615e-03	5.9404877692e-05	3.6860810021e-05
4.1200000000e+02	1.6130996692e-02	-8.3807212479e-03	5.9494461018e-05	3.6866226999e-05
4.1300000000e+02	1.6167865611e-02	-8.4402604155e-03	5.9583840258e-05	3.6871605758e-05
4.1400000000e+02	1.6204739890e-02	-8.4998888607e-03	5.9673016307e-05	3.6876946654e-05
4.1500000000e+02	1.6241619492e-02	-8.5596063807e-03	5.9761990054e-05	3.6882250040e-05
4.1600000000e+02	1.6278504378e-02	-8.6194127736e-03	5.9850762384e-05	3.6887516262e-05
4.1700000000e+02	1.6315394512e-02	-8.6793078386e-03	5.9939334174e-05	3.6892745665e-05
4.1800000000e+02	1.6352289857e-02	-8.7392913754e-03	6.0027706298e-05	3.6897938589e-05
4.1900000000e+02	1.6389190377e-02	-8.7993631849e-03	6.0115879623e-05	3.6903095370e-05
4.2000000000e+02	1.6426096036e-02	-8.8595230687e-03	6.0203855011e-05	3.6908216341e-05
4.2100000000e+02	1.6463006798e-02	-8.9197708292e-03	6.0291633319e-05	3.6913301829e-05
4.2200000000e+02	1.6499922628e-02	-8.9801062699e-03	6.0379215398e-05	3.6918352159e-05
4.2300000000e+02	1.6536843491e-02	-9.0405291949e-03	6.0466602094e-05	3.6923367654e-05
4.2400000000e+02	1.6573769352e-02	-9.1010394093e-03	6.0553794248e-05	3.6928348629e-05
4.2500000000e+02	1.6610700177e-02	-9.1616367188e-03	6.0640792695e-05	3.6933295400e-05
4.2600000000e+02	1.6647635931e-02	-9.2223209304e-03	6.0727598267e-05	3.6938208276e-05
4.2700000000e+02	1.6684576582e-02	-9.2830918514e-03	6.0814211788e-05	3.6943087564e-05
4.2800000000e+02	1.6721522095e-02	-9.3439492902e-03	6.0900634078e-05	3.6947933568e-05
4.2900000000e+02	1.6758472438e-02	-9.4048930560e-03	6.0986865954e-05	3.6952746587e-05
4.3000000000e+02	1.6795427578e-02	-9.4659229589e-03	6.1072908225e-05	3.6957526919e-05
4.3100000000e+02	1.6832387481e-02	-9.5270388096e-03	6.1158761696e-05	3.6962274856e-05
4.3200000000e+02	1.6869352117e-02	-9.5882404196e-03	6.1244427167e-05	3.6966990689e-05
4.3300000000e+02	1.6906321452e-02	-9.6495276015e-03	6.1329905435e-05	3.6971674705e-05
4.3400000000e+02	1.6943295456e-02	-9.7109001684e-03	6.1415197290e-05	3.6976327187e-05
4.3500000000e+02	1.6980274096e-02	-9.7723579342e-03	6.1500303518e-05	3.6980948416e-05
4.3600000000e+02	1.7017257342e-02	-9.8339007138e-03	6.1585224899e-05	3.6985538669e-05
4.3700000000e+02	1.7054245163e-02	-9.8955283226e-03	6.1669962210e-05	3.6990098221e-05
4.3800000000e+02	1.7091237528e-02	-9.9572405771e-03	6.1754516222e-05	3.6994627344e-05
4.3900000000e+02	1.7128234408e-02	-1.0019037294e-02	6.1838887704e-05	3.6999126305e-05
4.4000000000e+02	1.7165235771e-02	-1.0080918292e-02	6.1923077416e-05	3.7003595371e-05
4.4100000000e+02	1.7202241589e-02	-1.0142883389e-02	6.2007086116e-05	3.7008034803e-05
4.4200000000e+02	1.7239251831e-02	-1.0204932404e-02	6.2090914559e-05	3.7012444862e-05
4.4300000000e+02	1.7276266469e-02	-1.0267065158e-02	6.2174563491e-05	3.7016825804e-05
4.4400000000e+02	1.7313285473e-02	-1.0329281471e-02	6.2258033658e-05	3.7021177884e-05
4.4500000000e+02	1.7350308815e-02	-1.0391581166e-02	6.2341325800e-05	3.7025501354e-05
4.4600000000e+02	1.7387336466e-02	-1.0453964064e-02	6.2424440650e-05	3.7029796461e-05
4.4700000000e+02	1.7424368398e-02	-1.0516429988e-02	6.2507378941e-05	3.7034063451e-05
4.4800000000e+02	1.7461404584e-02	-1.0578978763e-02	6.2590141399e-05	3.7038302569e-05
4.4900000000e+02	1.7498444994e-02	-1.0641610213e-02	6.2672728746e-05	3.7042514055e-05
4.5000000000e+02	1.7535489603e-02	-1.0704324163e-02	6.2755141701e-05	3.7046698147e-05
4.5100000000e+02	1.7572538382e-02	-1.0767120438e-02	6.2837380975e-05	3.7050855081e-05
4.5200000000e+02	1.7609591304e-02	-1.0829998867e-02	6.2919447280e-05	3.7054985089e-05
4.5300000000e+02	1.7646648343e-02	-1.0892959276e-02	6.3001341321e-05	3.7059088403e-05
4.5400000000e+02	1.7683709472e-02	-1.0956001492e-02	6.3083063798e-05	3.7063165251e-05
4.5500000000e+02	1.7720774665e-02	-1.1019125346e-02	6.3164615408e-05	3.7067215858e-05
4.5600000000e+02	1.7757843895e-02	-1.1082330666e-02	6.3245996845e-05	3.7071240448e-05
4.5700000000e+02	1.7794917137e-02	-1.1145617283e-02	6.3327208797e-05	3.7075239241e-05
4.5800000000e+02	1.7831994365e-02	-1.1208985028e-02	6.3408251949e-05	3.7079212457e-05
4.5900000000e+02	1.7869075553e-02	-1.1272433731e-02	6.3489126981e-05	3.7083160313e-05
4.6000000000e+02	1.7906160677e-02	-1.1335963226e-02	6.3569834572e-05	3.7087083021e-05
4.6100000000e+02	1.7943249711e-02	-1.1399573345e-02	6.3650375392e-05	3.7090980794e-05
4.6200000000e+02	1.7980342630e-02	-1.1463263921e-02	6.3730750112e-05	3.7094853842e-05
4.6300000000e+02	1.8017439411e-02	-1.1527034790e-02	6.3810959396e-05	3.7098702372e-05
4.6400000000e+02	1.8054540027e-02	-1.1590885785e-02	6.3891003906e-05	3.7102526589e-05
4.6500000000e+02	1.8091644456e-02	-1.1654816743e-02	6.3970884298e-05	3.7106326697e-05
4.6600000000e+02	1.8128752672e-02	-1.1718827499e-02	6.4050601227e-05	3.7110102897e-05
4.6700000000e+02	1.8165864654e-02	-1.1782917891e-02	6.4130155342e-05	3.7113855387e-05
4.6800000000e+02	1.8202980375e-02	-1.1847087756e-02	6.4209547289e-05	3.7117584366e-05
4.6900000000e+02	1.8240099815e-02	-1.1911336932e-02	6.4288777711e-05	3.7121290026e-05
4.7000000000e+02	1.8277222948e-02	-1.1975665258e-02	6.4367847246e-05	3.7124972563e-05
4.7100000000e+02	1.8314349752e-02	-1.2040072573e-02	6.4446756529e-05	3.7128632166e-05
4.7200000000e+02	1.8351480205e-02	-1.2104558718e-02	6.4525506191e-05	3.7132269024e-05
4.7300000000e+02	1.8388614283e-02	-1.2169123532e-02	6.4604096860e-05	3.7135883325e-05
4.7400000000e+02	1.8425751964e-02	-1.2233766858e-02	6.4682529161e-05	3.7139475253e-05
4.7500000000e+02	1.8462893226e-02	-1.2298488538e-02	6.4760803713e-05	3.7143044993e-05
4.7600000000e+02	1.8500038046e-02	-1.2363288414e-02	6.4838921134e-05	3.7146592725e-05
4.7700000000e+02	1.8537186404e-02	-1.2428166328e-02	6.4916882038e-05	3.7150118629e-05
4.7800000000e+02	1.8574338276e-02	-1.2493122126e-02	6.4994687034e-05	3.7153622882e-05
4.7900000000e+02	1.8611493642e-02	-1.2558155650e-02	6.5072336728e-05	3.7157105661e-05
4.8000000000e+02	1.8648652481e-02	-1.2623266748e-02	6.5149831725e-05	3.7160567140e-05
4.8100000000e+02	1.8685814770e-02	-1.2688455263e-02	6.5227172624e-05	3.7164007491e-05
4.8200000000e+02	1.8722980489e-02	-1.2753721042e-02	6.5304360021e-05	3.7167426885e-05
4.8300000000e+02	1.8760149617e-02	-1.2819063932e-02	6.5381394510e-05	3.7170825490e-05
4.8400000000e+02	1.8797322133e-02	-1.2884483780e-02	6.5458276679e-05	3.7174203475e-05
4.8500000000e+02	1.8834498017e-02	-1.2949980434e-02	6.5535007116e-05	3.7177561005e-05
4.8600000000e+02	1.8871677248e-02	-1.3015553744e-02	6.5611586403e-05	3.7180898243e-05
4.8700000000e+02	1.8908859806e-02	-1.3081203557e-02	6.5688015120e-05	3.7184215352e-05
4.8800000000e+02	1.8946045672e-02	-1.3146929724e-02	6.5764293844e-05	3.7187512494e-05
4.8900000000e+02	1.8983234825e-02	-1.3212732095e-02	6.5840423149e-05	3.7190789826e-05
4.9000000000e+02	1.9020427245e-02	-1.3278610521e-02	6.5916403604e-05	3.7194047506e-05
4.9100000000e+02	1.9057622913e-02	-1.3344564853e-02	6.5992235776e-05	3.7197285691e-05
4.9200000000e+02	1.9094821810e-02	-1.3410594943e-02	6.6067920230e-05	3.7200504535e-05
4.9300000000e+02	1.9132023916e-02	-1.3476700644e-02	6.6143457525e-05	3.7203704191e-05
4.9400000000e+02	1.9169229212e-02	-1.3542881809e-02	6.6218848221e-05	3.7206884810e-05
4.9500000000e+02	1.9206437679e-02	-1.3609138292e-02	6.6294092871e-05	3.7210046543e-05
4.9600000000e+02	1.9243649299e-02	-1.3675469946e-02	6.6369192027e-05	3.7213189537e-05
4.9700000000e+02	1.9280864052e-02	-1.3741876628e-02	6.6444146237e-05	3.7216313941e-05
4.9800000000e+02	1.9318081921e-02	-1.3808358191e-02	6.6518956047e-05	3.7219419898e-05
4.9900000000e+02	1.9355302886e-02	-1.3874914492e-02	6.6593621999e-05	3.7222507554e-05
5.0000000000e+02	1.9392526930e-02	-1.3941545387e-02	6.6668144633e-05	3.7225577052e-05
5.0100000000e+02	1.9429754034e-02	-1.4008250733e-02	6.6742524486e-05	3.7228628533e-05
5.0200000000e+02	1.9466984181e-02	-1.4075030389e-02	6.6816762090e-05	3.7231662136e-05
5.0300000000e+02	1.9504217352e-02	-1.4141884210e-02	6.6890857977e-05	3.7234678002e-05
5.0400000000e+02	1.9541453531e-02	-1.4208812057e-02	6.6964812675e-05	3.7237676266e-05
5.0500000000e+02	1.9578692699e-02	-1.4275813789e-02	6.7038626709e-05	3.7240657065e-05
5.0600000000e+02	1.9615934839e-02	-1.4342889264e-02	6.7112300600e-05	3.7243620534e-05
5.0700000000e+02	1.9653179934e-02	-1.4410038343e-02	6.7185834868e-05	3.7246566806e-05
5.0800000000e+02	1.9690427967e-02	-1.4477260887e-02	6.7259230029e-05	3.7249496014e-05
5.0900000000e+02	1.9727678921e-02	-1.4544556757e-02	6.7332486597e-05	3.7252408287e-05
5.1000000000e+02	1.9764932778e-02	-1.4611925815e-02	6.7405605084e-05	3.7255303757e-05
5.1100000000e+02	1.9802189523e-02	-1.4679367922e-02	6.7478585997e-05	3.7258182551e-05
5.1200000000e+02	1.9839449138e-02	-1.4746882941e-02	6.7551429841e-05	3.7261044797e-05
5.1300000000e+02	1.9876711607e-02	-1.4814470736e-02	6.7624137120e-05	3.7263890620e-05
5.1400000000e+02	1.9913976914e-02	-1.4882131170e-02	6.7696708333e-05	3.7266720146e-05
5.1500000000e+02	1.9951245042e-02	-1.4949864107e-02	6.7769143979e-05	3.7269533498e-05
5.1600000000e+02	1.9988515975e-02	-1.5017669413e-02	6.7841444550e-05	3.7272330798e-05
5.1700000000e+02	2.0025789698e-02	-1.5085546951e-02	6.7913610541e-05	3.7275112168e-05
5.1800000000e+02	2.0063066194e-02	-1.5153496589e-02	6.7985642439e-05	3.7277877729e-05
5.1900000000e+02	2.0100345448e-02	-1.5221518192e-02	6.8057540732e-05	3.7280627598e-05
5.2000000000e+02	2.0137627444e-02	-1.5289611626e-02	6.8129305905e-05	3.7283361894e-05
5.2100000000e+02	2.0174912167e-02	-1.5357776759e-02	6.8200938438e-05	3.7286080734e-05
5.2200000000e+02	2.0212199601e-02	-1.5426013459e-02	6.8272438812e-05	3.7288784234e-05
5.2300000000e+02	2.0249489730e-02	-1.5494321593e-02	6.8343807502e-05	3.7291472508e-05
5.2400000000e+02	2.0286782541e-02	-1.5562701030e-02	6.8415044983e-05	3.7294145670e-05
5.2500000000e+02	2.0324078017e-02	-1.5631151640e-02	6.8486151726e-05	3.7296803832e-05
5.2600000000e+02	2.0361376143e-02	-1.5699673290e-02	6.8557128201e-05	3.7299447106e-05
5.2700000000e+02	2.0398676906e-02	-1.5768265853e-02	6.8627974874e-05	3.7302075603e-05
5.2800000000e+02	2.0435980290e-02	-1.5836929197e-02	6.8698692210e-05	3.7304689432e-05
5.2900000000e+02	2.0473286280e-02	-1.5905663194e-02	6.8769280669e-05	3.7307288701e-05
5.3000000000e+02	2.0510594862e-02	-1.5974467716e-02	6.8839740713e-05	3.7309873518e-05
5.3100000000e+02	2.0547906022e-02	-1.6043342633e-02	6.8910072797e-05	3.7312443989e-05
5.3200000000e+02	2.0585219745e-02	-1.6112287819e-02	6.8980277376e-05	3.7315000220e-05
5.3300000000e+02	2.0622536018e-02	-1.6181303145e-02	6.9050354903e-05	3.7317542316e-05
5.3400000000e+02	2.0659854825e-02	-1.6250388486e-02	6.9120305827e-05	3.7320070379e-05
5.3500000000e+02	2.0697176154e-02	-1.6319543715e-02	6.9190130596e-05	3.7322584513e-05
5.3600000000e+02	2.0734499990e-02	-1.6388768706e-02	6.9259829656e-05	3.7325084819e-05
5.3700000000e+02	2.0771826319e-02	-1.6458063332e-02	6.9329403448e-05	3.7327571399e-05
5.3800000000e+02	2.0809155128e-02	-1.6527427471e-02	6.9398852414e-05	3.7330044351e-05
5.3900000000e+02	2.0846486403e-02	-1.6596860996e-02	6.9468176993e-05	3.7332503776e-05
5.4000000000e+02	2.0883820131e-02	-1.6666363783e-02	6.9537377620e-05	3.7334949770e-05
5.4100000000e+02	2.0921156298e-02	-1.6735935710e-02	6.9606454729e-05	3.7337382432e-05
5.4200000000e+02	2.0958494892e-02	-1.6805576652e-02	6.9675408752e-05	3.7339801857e-05
5.4300000000e+02	2.0995835898e-02	-1.6875286487e-02	6.9744240118e-05	3.7342208141e-05
5.4400000000e+02	2.1033179304e-02	-1.6945065091e-02	6.9812949255e-05	3.7344601379e-05
5.4500000000e+02	2.1070525096e-02	-1.7014912344e-02	6.9881536588e-05	3.7346981665e-05
5.4600000000e+02	2.1107873263e-02	-1.7084828124e-02	6.9950002540e-05	3.7349349090e-05
5.4700000000e+02	2.1145223790e-02	-1.7154812309e-02	7.0018347531e-05	3.7351703748e-05
5.4800000000e+02	2.1182576666e-02	-1.7224864779e-02	7.0086571980e-05	3.7354045730e-05
5.4900000000e+02	2.1219931877e-02	-1.7294985413e-02	7.0154676303e-05	3.7356375126e-05
5.5000000000e+02	2.1257289412e-02	-1.7365174092e-02	7.0222660916e-05	3.7358692025e-05
5.5100000000e+02	2.1294649257e-02	-1.7435430695e-02	7.0290526229e-05	3.7360996518e-05
5.5200000000e+02	2.1332011401e-02	-1.7505755105e-02	7.0358272655e-05	3.7363288691e-05
5.5300000000e+02	2.1369375831e-02	-1.7576147201e-02	7.0425900600e-05	3.7365568632e-05
5.5400000000e+02	2.1406742534e-02	-1.7646606866e-02	7.0493410470e-05	3.7367836427e-05
5.5500000000e+02	2.1444111499e-02	-1.7717133983e-02	7.0560802670e-05	3.7370092163e-05
5.5600000000e+02	2.1481482714e-02	-1.7787728433e-02	7.0628077603e-05	3.7372335924e-05
5.5700000000e+02	2.1518856167e-02	-1.7858390099e-02	7.0695235667e-05	3.7374567795e-05
5.5800000000e+02	2.1556231846e-02	-1.7929118865e-02	7.0762277260e-05	3.7376787859e-05
5.5900000000e+02	2.1593609739e-02	-1.7999914615e-02	7.0829202780e-05	3.7378996199e-05
5.6000000000e+02	2.1630989835e-02	-1.8070777232e-02	7.0896012619e-05	3.7381192898e-05
5.6100000000e+02	2.1668372121e-02	-1.8141706602e-02	7.0962707170e-05	3.7383378035e-05
5.6200000000e+02	2.1705756587e-02	-1.8212702608e-02	7.1029286824e-05	3.7385551693e-05
5.6300000000e+02	2.1743143221e-02	-1.8283765137e-02	7.1095751968e-05	3.7387713951e-05
5.6400000000e+02	2.1780532011e-02	-1.8354894074e-02	7.1162102988e-05	3.7389864888e-05
5.6500000000e+02	2.1817922947e-02	-1.8426089305e-02	7.1228340269e-05	3.7392004583e-05
5.6600000000e+02	2.1855316016e-02	-1.8497350717e-02	7.1294464193e-05	3.7394133114e-05
5.6700000000e+02	2.1892711209e-02	-1.8568678196e-02	7.1360475141e-05	3.7396250558e-05
5.6800000000e+02	2.1930108514e-02	-1.8640071630e-02	7.1426373492e-05	3.7398356992e-05
5.6900000000e+02	2.1967507920e-02	-1.8711530905e-02	7.1492159622e-05	3.7400452491e-05
5.7000000000e+02	2.2004909415e-02	-1.8783055912e-02	7.1557833907e-05	3.7402537131e-05
5.7100000000e+02	2.2042312990e-02	-1.8854646536e-02	7.1623396719e-05	3.7404610987e-05
5.7200000000e+02	2.2079718634e-02	-1.8926302668e-02	7.1688848429e-05	3.7406674132e-05
5.7300000000e+02	2.2117126335e-02	-1.8998024196e-02	7.1754189408e-05	3.7408726640e-05
5.7400000000e+02	2.2154536083e-02	-1.9069811010e-02	7.1819420023e-05	3.7410768583e-05
5.7500000000e+02	2.2191947869e-02	-1.9141662999e-02	7.1884540640e-05	3.7412800035e-05
5.7600000000e+02	2.2229361680e-02	-1.9213580055e-02	7.1949551623e-05	3.7414821065e-05
5.7700000000e+02	2.2266777507e-02	-1.9285562066e-02	7.2014453334e-05	3.7416831745e-05
5.7800000000e+02	2.2304195340e-02	-1.9357608925e-02	7.2079246133e-05	3.7418832146e-05
5.7900000000e+02	2.2341615168e-02	-1.9429720522e-02	7.2143930381e-05	3.7420822337e-05
5.8000000000e+02	2.2379036981e-02	-1.9501896750e-02	7.2208506433e-05	3.7422802386e-05
5.8100000000e+02	2.2416460770e-02	-1.9574137499e-02	7.2272974645e-05	3.7424772364e-05
5.8200000000e+02	2.2453886523e-02	-1.9646442663e-02	7.2337335371e-05	3.7426732337e-05
5.8300000000e+02	2.2491314231e-02	-1.9718812134e-02	7.2401588963e-05	3.7428682373e-05
5.8400000000e+02	2.2528743884e-02	-1.9791245806e-02	7.2465735770e-05	3.7430622540e-05
5.8500000000e+02	2.2566175473e-02	-1.9863743570e-02	7.2529776142e-05	3.7432552902e-05
5.8600000000e+02	2.2603608987e-02	-1.9936305322e-02	7.2593710425e-05	3.7434473526e-05
5.8700000000e+02	2.2641044417e-02	-2.0008930956e-02	7.2657538965e-05	3.7436384477e-05
5.8800000000e+02	2.2678481753e-02	-2.0081620365e-02	7.2721262105e-05	3.7438285820e-05
5.8900000000e+02	2.2715920985e-02	-2.0154373445e-02	7.2784880187e-05	3.7440177618e-05
5.9000000000e+02	2.2753362105e-02	-2.0227190091e-02	7.2848393551e-05	3.7442059936e-05
5.9100000000e+02	2.2790805102e-02	-2.0300070197e-02	7.2911802537e-05	3.7443932835e-05
5.9200000000e+02	2.2828249967e-02	-2.0373013661e-02	7.2975107480e-05	3.7445796380e-05
5.9300000000e+02	2.2865696691e-02	-2.0446020378e-02	7.3038308717e-05	3.7447650631e-05
5.9400000000e+02	2.2903145265e-02	-2.0519090244e-02	7.3101406582e-05	3.7449495651e-05
5.9500000000e+02	2.2940595680e-02	-2.0592223157e-02	7.3164401406e-05	3.7451331500e-05
5.9600000000e+02	2.2978047925e-02	-2.0665419013e-02	7.3227293520e-05	3.7453158238e-05
5.9700000000e+02	2.3015501993e-02	-2.0738677710e-02	7.3290083254e-05	3.7454975927e-05
5.9800000000e+02	2.3052957874e-02	-2.0811999145e-02	7.3352770935e-05	3.7456784624e-05
5.9900000000e+02	2.3090415559e-02	-2.0885383218e-02	7.3415356890e-05	3.7458584389e-05
6.0000000000e+02	2.3127875040e-02	-2.0958829825e-02	7.3477841442e-05	3.7460375282e-05
6.0100000000e+02	2.3165336307e-02	-2.1032338867e-02	7.3540224915e-05	3.7462157358e-05
6.0200000000e+02	2.3202799352e-02	-2.1105910241e-02	7.3602507630e-05	3.7463930678e-05
6.0300000000e+02	2.3240264165e-02	-2.1179543849e-02	7.3664689907e-05	3.7465695296e-05
6.0400000000e+02	2.3277730739e-02	-2.1253239588e-02	7.3726772065e-05	3.7467451270e-05
6.0500000000e+02	2.3315199065e-02	-2.1326997359e-02	7.3788754421e-05	3.7469198657e-05
6.0600000000e+02	2.3352669134e-02	-2.1400817064e-02	7.3850637290e-05	3.7470937512e-05
6.0700000000e+02	2.3390140937e-02	-2.1474698601e-02	7.3912420986e-05	3.7472667889e-05
6.0800000000e+02	2.3427614467e-02	-2.1548641873e-02	7.3974105821e-05	3.7474389845e-05
6.0900000000e+02	2.3465089714e-02	-2.1622646780e-02	7.4035692108e-05	3.7476103433e-05
6.1000000000e+02	2.3502566671e-02	-2.1696713224e-02	7.4097180156e-05	3.7477808708e-05
6.1100000000e+02	2.3540045329e-02	-2.1770841107e-02	7.4158570272e-05	3.7479505722e-05
6.1200000000e+02	2.3577525680e-02	-2.1845030332e-02	7.4219862764e-05	3.7481194529e-05
6.1300000000e+02	2.3615007715e-02	-2.1919280800e-02	7.4281057938e-05	3.7482875182e-05
6.1400000000e+02	2.3652491427e-02	-2.1993592416e-02	7.4342156096e-05	3.7484547733e-05
6.1500000000e+02	2.3689976808e-02	-2.2067965080e-02	7.4403157542e-05	3.7486212233e-05
6.1600000000e+02	2.3727463849e-02	-2.2142398698e-02	7.4464062577e-05	3.7487868735e-05
6.1700000000e+02	2.3764952543e-02	-2.2216893174e-02	7.4524871501e-05	3.7489517289e-05
6.1800000000e+02	2.3802442881e-02	-2.2291448410e-02	7.4585584613e-05	3.7491157945e-05
6.1900000000e+02	2.3839934856e-02	-2.2366064311e-02	7.4646202208e-05	3.7492790754e-05
6.2000000000e+02	2.3877428460e-02	-2.2440740782e-02	7.4706724584e-05	3.7494415767e-05
6.2100000000e+02	2.3914923685e-02	-2.2515477728e-02	7.4767152035e-05	3.7496033031e-05
6.2200000000e+02	2.3952420524e-02	-2.2590275055e-02	7.4827484853e-05	3.7497642596e-05
6.2300000000e+02	2.3989918968e-02	-2.2665132667e-02	7.4887723330e-05	3.7499244511e-05
6.2400000000e+02	2.4027419010e-02	-2.2740050470e-02	7.4947867757e-05	3.7500838825e-05
6.2500000000e+02	2.4064920643e-02	-2.2815028371e-02	7.5007918422e-05	3.7502425584e-05
6.2600000000e+02	2.4102423859e-02	-2.2890066276e-02	7.5067875614e-05	3.7504004836e-05
6.2700000000e+02	2.4139928650e-02	-2.2965164091e-02	7.5127739619e-05	3.7505576629e-05
6.2800000000e+02	2.4177435009e-02	-2.3040321724e-02	7.5187510722e-05	3.7507141010e-05
6.2900000000e+02	2.4214942930e-02	-2.3115539082e-02	7.5247189207e-05	3.7508698024e-05
6.3000000000e+02	2.4252452403e-02	-2.3190816072e-02	7.5306775357e-05	3.7510247718e-05
6.3100000000e+02	2.4289963423e-02	-2.3266152602e-02	7.5366269452e-05	3.7511790137e-05
6.3200000000e+02	2.4327475981e-02	-2.3341548580e-02	7.5425671774e-05	3.7513325328e-05
6.3300000000e+02	2.4364990071e-02	-2.3417003915e-02	7.5484982600e-05	3.7514853333e-05
6.3400000000e+02	2.4402505685e-02	-2.3492518515e-02	7.5544202208e-05	3.7516374200e-05
6.3500000000e+02	2.4440022817e-02	-2.3568092289e-02	7.5603330875e-05	3.7517887970e-05
6.3600000000e+02	2.4477541459e-02	-2.3643725146e-02	7.5662368876e-05	3.7519394690e-05
6.3700000000e+02	2.4515061604e-02	-2.3719416996e-02	7.5721316484e-05	3.7520894401e-05
6.3800000000e+02	2.4552583245e-02	-2.3795167749e-02	7.5780173973e-05	3.7522387148e-05
6.3900000000e+02	2.4590106376e-02	-2.3870977314e-02	7.5838941613e-05	3.7523872974e-05
6.4000000000e+02	2.4627630989e-02	-2.3946845603e-02	7.5897619674e-05	3.7525351920e-05
6.4100000000e+02	2.4665157078e-02	-2.4022772524e-02	7.5956208427e-05	3.7526824029e-05
6.4200000000e+02	2.4702684635e-02	-2.4098757990e-02	7.6014708138e-05	3.7528289344e-05
6.4300000000e+02	2.4740213654e-02	-2.4174801911e-02	7.6073119074e-05	3.7529747905e-05
6.4400000000e+02	2.4777744128e-02	-2.4250904198e-02	7.6131441501e-05	3.7531199755e-05
6.4500000000e+02	2.4815276051e-02	-2.4327064764e-02	7.6189675683e-05	3.7532644934e-05
6.4600000000e+02	2.4852809416e-02	-2.4403283520e-02	7.6247821883e-05	3.7534083482e-05
6.4700000000e+02	2.4890344216e-02	-2.4479560379e-02	7.6305880363e-05	3.7535515441e-05
6.4800000000e+02	2.4927880445e-02	-2.4555895252e-02	7.6363851384e-05	3.7536940850e-05
6.4900000000e+02	2.4965418096e-02	-2.4632288053e-02	7.6421735205e-05	3.7538359749e-05
6.5000000000e+02	2.5002957162e-02	-2.4708738693e-02	7.6479532085e-05	3.7539772177e-05
6.5100000000e+02	2.5040497638e-02	-2.4785247088e-02	7.6537242282e-05	3.7541178175e-05
6.5200000000e+02	2.5078039516e-02	-2.4861813149e-02	7.6594866051e-05	3.7542577779e-05
6.5300000000e+02	2.5115582791e-02	-2.4938436791e-02	7.6652403648e-05	3.7543971030e-05
6.5400000000e+02	2.5153127456e-02	-2.5015117928e-02	7.6709855327e-05	3.7545357965e-05
6.5500000000e+02	2.5190673505e-02	-2.5091856473e-02	7.6767221341e-05	3.7546738623e-05
6.5600000000e+02	2.5228220931e-02	-2.5168652342e-02	7.6824501941e-05	3.7548113041e-05
6.5700000000e+02	2.5265769729e-02	-2.5245505449e-02	7.6881697379e-05	3.7549481256e-05
6.5800000000e+02	2.5303319892e-02	-2.5322415709e-02	7.6938807903e-05	3.7550843306e-05
6.5900000000e+02	2.5340871414e-02	-2.5399383036e-02	7.6995833763e-05	3.7552199228e-05
6.6000000000e+02	2.5378424288e-02	-2.5476407348e-02	7.7052775206e-05	3.7553549058e-05
6.6100000000e+02	2.5415978510e-02	-2.5553488559e-02	7.7109632479e-05	3.7554892833e-05
6.6200000000e+02	2.5453534072e-02	-2.5630626585e-02	7.7166405826e-05	3.7556230588e-05
6.6300000000e+02	2.5491090969e-02	-2.5707821343e-02	7.7223095492e-05	3.7557562360e-05
6.6400000000e+02	2.5528649195e-02	-2.5785072748e-02	7.7279701721e-05	3.7558888183e-05
6.6500000000e+02	2.5566208743e-02	-2.5862380718e-02	7.7336224754e-05	3.7560208094e-05
6.6600000000e+02	2.5603769609e-02	-2.5939745170e-02	7.7392664833e-05	3.7561522128e-05
6.6700000000e+02	2.5641331786e-02	-2.6017166020e-02	7.7449022198e-05	3.7562830318e-05
6.6800000000e+02	2.5678895268e-02	-2.6094643187e-02	7.7505297087e-05	3.7564132699e-05
6.6900000000e+02	2.5716460049e-02	-2.6172176587e-02	7.7561489740e-05	3.7565429307e-05
6.7000000000e+02	2.5754026124e-02	-2.6249766139e-02	7.7617600393e-05	3.7566720174e-05
6.7100000000e+02	2.5791593488e-02	-2.6327411761e-02	7.7673629282e-05	3.7568005335e-05
6.7200000000e+02	2.5829162133e-02	-2.6405113370e-02	7.7729576642e-05	3.7569284822e-05
6.7300000000e+02	2.5866732055e-02	-2.6482870887e-02	7.7785442707e-05	3.7570558670e-05
6.7400000000e+02	2.5904303249e-02	-2.6560684229e-02	7.7841227711e-05	3.7571826911e-05
6.7500000000e+02	2.5941875707e-02	-2.6638553315e-02	7.7896931885e-05	3.7573089579e-05
6.7600000000e+02	2.5979449426e-02	-2.6716478066e-02	7.7952555461e-05	3.7574346704e-05
6.7700000000e+02	2.6017024399e-02	-2.6794458399e-02	7.8008098668e-05	3.7575598321e-05
6.7800000000e+02	2.6054600621e-02	-2.6872494236e-02	7.8063561736e-05	3.7576844460e-05
6.7900000000e+02	2.6092178086e-02	-2.6950585496e-02	7.8118944893e-05	3.7578085154e-05
6.8000000000e+02	2.6129756789e-02	-2.7028732099e-02	7.8174248366e-05	3.7579320435e-05
6.8100000000e+02	2.6167336725e-02	-2.7106933966e-02	7.8229472381e-05	3.7580550333e-05
6.8200000000e+02	2.6204917888e-02	-2.7185191018e-02	7.8284617164e-05	3.7581774880e-05
6.8300000000e+02	2.6242500273e-02	-2.7263503174e-02	7.8339682939e-05	3.7582994107e-05
6.8400000000e+02	2.6280083874e-02	-2.7341870357e-02	7.8394669930e-05	3.7584208044e-05
6.8500000000e+02	2.6317668687e-02	-2.7420292488e-02	7.8449578358e-05	3.7585416722e-05
6.8600000000e+02	2.6355254706e-02	-2.7498769488e-02	7.8504408446e-05	3.7586620171e-05
6.8700000000e+02	2.6392841926e-02	-2.7577301279e-02	7.8559160415e-05	3.7587818422e-05
6.8800000000e+02	2.6430430341e-02	-2.7655887783e-02	7.8613834483e-05	3.7589011503e-05
6.8900000000e+02	2.6468019947e-02	-2.7734528922e-02	7.8668430870e-05	3.7590199445e-05
6.9000000000e+02	2.6505610738e-02	-2.7813224619e-02	7.8722949793e-05	3.7591382278e-05
6.9100000000e+02	2.6543202710e-02	-2.7891974796e-02	7.8777391470e-05	3.7592560029e-05
6.9200000000e+02	2.6580795857e-02	-2.7970779376e-02	7.8831756117e-05	3.7593732729e-05
6.9300000000e+02	2.6618390174e-02	-2.8049638283e-02	7.8886043949e-05	3.7594900406e-05
6.9400000000e+02	2.6655985656e-02	-2.8128551438e-02	7.8940255179e-05	3.7596063088e-05
6.9500000000e+02	2.6693582298e-02	-2.8207518767e-02	7.8994390023e-05	3.7597220804e-05
6.9600000000e+02	2.6731180096e-02	-2.8286540193e-02	7.9048448691e-05	3.7598373583e-05
6.9700000000e+02	2.6768779044e-02	-2.8365615639e-02	7.9102431397e-05	3.7599521451e-05
6.9800000000e+02	2.6806379137e-02	-2.8444745031e-02	7.9156338349e-05	3.7600664437e-05
6.9900000000e+02	2.6843980371e-02	-2.8523928291e-02	7.9210169760e-05	3.7601802569e-05
7.0000000000e+02	2.6881582741e-02	-2.8603165345e-02	7.9263925837e-05	3.7602935874e-05
7.0100000000e+02	2.6919186241e-02	-2.8682456118e-02	7.9317606789e-05	3.7604064379e-05
7.0200000000e+02	2.6956790868e-02	-2.8761800534e-02	7.9371212823e-05	3.7605188110e-05
7.0300000000e+02	2.6994396616e-02	-2.8841198518e-02	7.9424744146e-05	3.7606307096e-05
7.0400000000e+02	2.7032003481e-02	-2.8920649997e-02	7.9478200963e-05	3.7607421362e-05
7.0500000000e+02	2.7069611457e-02	-2.9000154896e-02	7.9531583479e-05	3.7608530935e-05
7.0600000000e+02	2.7107220541e-02	-2.9079713139e-02	7.9584891898e-05	3.7609635841e-05
7.0700000000e+02	2.7144830727e-02	-2.9159324655e-02	7.9638126424e-05	3.7610736106e-05
7.0800000000e+02	2.7182442012e-02	-2.9238989368e-02	7.9691287259e-05	3.7611831757e-05
7.0900000000e+02	2.7220054389e-02	-2.9318707205e-02	7.9744374604e-05	3.7612922818e-05
7.1000000000e+02	2.7257667856e-02	-2.9398478092e-02	7.9797388659e-05	3.7614009315e-05
7.1100000000e+02	2.7295282406e-02	-2.9478301958e-02	7.9850329626e-05	3.7615091275e-05
7.1200000000e+02	2.7332898037e-02	-2.9558178727e-02	7.9903197702e-05	3.7616168721e-05
7.1300000000e+02	2.7370514742e-02	-2.9638108329e-02	7.9955993087e-05	3.7617241679e-05
7.1400000000e+02	2.7408132519e-02	-2.9718090689e-02	8.0008715978e-05	3.7618310174e-05
7.1500000000e+02	2.7445751361e-02	-2.9798125737e-02	8.0061366570e-05	3.7619374230e-05
7.1600000000e+02	2.7483371266e-02	-2.9878213399e-02	8.0113945062e-05	3.7620433873e-05
7.1700000000e+02	2.7520992227e-02	-2.9958353603e-02	8.0166451646e-05	3.7621489125e-05
7.1800000000e+02	2.7558614242e-02	-3.0038546278e-02	8.0218886519e-05	3.7622540012e-05
7.1900000000e+02	2.7596237306e-02	-3.0118791352e-02	8.0271249872e-05	3.7623586557e-05
7.2000000000e+02	2.7633861414e-02	-3.0199088754e-02	8.0323541900e-05	3.7624628785e-05
7.2100000000e+02	2.7671486562e-02	-3.0279438412e-02	8.0375762794e-05	3.7625666718e-05
7.2200000000e+02	2.7709112746e-02	-3.0359840256e-02	8.0427912745e-05	3.7626700380e-05
7.2300000000e+02	2.7746739961e-02	-3.0440294214e-02	8.0479991944e-05	3.7627729796e-05
7.2400000000e+02	2.7784368204e-02	-3.0520800216e-02	8.0532000581e-05	3.7628754987e-05
7.2500000000e+02	2.7821997470e-02	-3.0601358192e-02	8.0583938844e-05	3.7629775977e-05
7.2600000000e+02	2.7859627755e-02	-3.0681968070e-02	8.0635806922e-05	3.7630792789e-05
7.2700000000e+02	2.7897259054e-02	-3.0762629782e-02	8.0687605002e-05	3.7631805445e-05
7.2800000000e+02	2.7934891364e-02	-3.0843343257e-02	8.0739333271e-05	3.7632813969e-05
7.2900000000e+02	2.7972524681e-02	-3.0924108426e-02	8.0790991916e-05	3.7633818382e-05
7.3000000000e+02	2.8010159000e-02	-3.1004925218e-02	8.0842581120e-05	3.7634818707e-05
7.3100000000e+02	2.8047794317e-02	-3.1085793565e-02	8.0894101069e-05	3.7635814965e-05
7.3200000000e+02	2.8085430628e-02	-3.1166713397e-02	8.0945551947e-05	3.7636807179e-05
7.3300000000e+02	2.8123067930e-02	-3.1247684646e-02	8.0996933937e-05	3.7637795371e-05
7.3400000000e+02	2.8160706218e-02	-3.1328707242e-02	8.1048247220e-05	3.7638779563e-05
7.3500000000e+02	2.8198345488e-02	-3.1409781117e-02	8.1099491980e-05	3.7639759775e-05
7.3600000000e+02	2.8235985736e-02	-3.1490906203e-02	8.1150668396e-05	3.7640736029e-05
7.3700000000e+02	2.8273626958e-02	-3.1572082431e-02	8.1201776648e-05	3.7641708346e-05
7.3800000000e+02	2.8311269151e-02	-3.1653309734e-02	8.1252816918e-05	3.7642676748e-05
7.3900000000e+02	2.8348912311e-02	-3.1734588043e-02	8.1303789382e-05	3.7643641256e-05
7.4000000000e+02	2.8386556433e-02	-3.1815917290e-02	8.1354694220e-05	3.7644601890e-05
7.4100000000e+02	2.8424201513e-02	-3.1897297409e-02	8.1405531608e-05	3.7645558670e-05
7.4200000000e+02	2.8461847549e-02	-3.1978728331e-02	8.1456301724e-05	3.7646511619e-05
7.4300000000e+02	2.8499494535e-02	-3.2060209990e-02	8.1507004744e-05	3.7647460754e-05
7.4400000000e+02	2.8537142469e-02	-3.2141742318e-02	8.1557640843e-05	3.7648406099e-05
7.4500000000e+02	2.8574791346e-02	-3.2223325249e-02	8.1608210195e-05	3.7649347671e-05
7.4600000000e+02	2.8612441163e-02	-3.2304958716e-02	8.1658712975e-05	3.7650285491e-05
7.4700000000e+02	2.8650091916e-02	-3.2386642653e-02	8.1709149356e-05	3.7651219580e-05
7.4800000000e+02	2.8687743601e-02	-3.2468376993e-02	8.1759519510e-05	3.7652149957e-05
7.4900000000e+02	2.8725396214e-02	-3.2550161670e-02	8.1809823611e-05	3.7653076641e-05
7.5000000000e+02	2.8763049753e-02	-3.2631996618e-02	8.1860061828e-05	3.7653999651e-05
7.5100000000e+02	2.8800704213e-02	-3.2713881772e-02	8.1910234333e-05	3.7654919008e-05
7.5200000000e+02	2.8838359590e-02	-3.2795817065e-02	8.1960341296e-05	3.7655834731e-05
7.5300000000e+02	2.8876015881e-02	-3.2877802432e-02	8.2010382886e-05	3.7656746838e-05
7.5400000000e+02	2.8913673082e-02	-3.2959837809e-02	8.2060359272e-05	3.7657655349e-05
7.5500000000e+02	2.8951331190e-02	-3.3041923129e-02	8.2110270622e-05	3.7658560282e-05
7.5600000000e+02	2.8988990202e-02	-3.3124058329e-02	8.2160117103e-05	3.7659461656e-05
7.5700000000e+02	2.9026650112e-02	-3.3206243342e-02	8.2209898883e-05	3.7660359490e-05
7.5800000000e+02	2.9064310919e-02	-3.3288478105e-02	8.2259616127e-05	3.7661253802e-05
7.5900000000e+02	2.9101972619e-02	-3.3370762553e-02	8.2309269001e-05	3.7662144610e-05
7.6000000000e+02	2.9139635207e-02	-3.3453096621e-02	8.2358857670e-05	3.7663031933e-05
7.6100000000e+02	2.9177298682e-02	-3.3535480247e-02	8.2408382297e-05	3.7663915790e-05
7.6200000000e+02	2.9214963038e-02	-3.3617913365e-02	8.2457843048e-05	3.7664796197e-05
7.6300000000e+02	2.9252628273e-02	-3.3700395912e-02	8.2507240084e-05	3.7665673172e-05
7.6400000000e+02	2.9290294383e-02	-3.3782927824e-02	8.2556573569e-05	3.7666546735e-05
7.6500000000e+02	2.9327961365e-02	-3.3865509038e-02	8.2605843664e-05	3.7667416901e-05
7.6600000000e+02	2.9365629216e-02	-3.3948139490e-02	8.2655050530e-05	3.7668283689e-05
7.6700000000e+02	2.9403297931e-02	-3.4030819118e-02	8.2704194327e-05	3.7669147117e-05
7.6800000000e+02	2.9440967509e-02	-3.4113547858e-02	8.2753275217e-05	3.7670007201e-05
7.6900000000e+02	2.9478637945e-02	-3.4196325647e-02	8.2802293357e-05	3.7670863958e-05
7.7000000000e+02	2.9516309236e-02	-3.4279152424e-02	8.2851248908e-05	3.7671717407e-05
7.7100000000e+02	2.9553981378e-02	-3.4362028124e-02	8.2900142027e-05	3.7672567563e-05
7.7200000000e+02	2.9591654370e-02	-3.4444952687e-02	8.2948972871e-05	3.7673414444e-05
7.7300000000e+02	2.9629328206e-02	-3.4527926049e-02	8.2997741598e-05	3.7674258066e-05
7.7400000000e+02	2.9667002885e-02	-3.4610948149e-02	8.3046448364e-05	3.7675098446e-05
7.7500000000e+02	2.9704678402e-02	-3.4694018925e-02	8.3095093326e-05	3.7675935601e-05
7.7600000000e+02	2.9742354755e-02	-3.4777138315e-02	8.3143676637e-05	3.7676769547e-05
7.7700000000e+02	2.9780031940e-02	-3.4860306258e-02	8.3192198453e-05	3.7677600301e-05
7.7800000000e+02	2.9817709954e-02	-3.4943522692e-02	8.3240658928e-05	3.7678427878e-05
7.7900000000e+02	2.9855388795e-02	-3.5026787556e-02	8.3289058216e-05	3.7679252295e-05
7.8000000000e+02	2.9893068458e-02	-3.5110100788e-02	8.3337396469e-05	3.7680073568e-05
7.8100000000e+02	2.9930748941e-02	-3.5193462328e-02	8.3385673840e-05	3.7680891712e-05
7.8200000000e+02	2.9968430240e-02	-3.5276872115e-02	8.3433890481e-05	3.7681706745e-05
7.8300000000e+02	3.0006112353e-02	-3.5360330089e-02	8.3482046542e-05	3.7682518680e-05
7.8400000000e+02	3.0043795277e-02	-3.5443836188e-02	8.3530142175e-05	3.7683327535e-05
7.8500000000e+02	3.0081479007e-02	-3.5527390353e-02	8.3578177529e-05	3.7684133324e-05
7.8600000000e+02	3.0119163542e-02	-3.5610992523e-02	8.3626152755e-05	3.7684936063e-05
7.8700000000e+02	3.0156848879e-02	-3.5694642639e-02	8.3674068002e-05	3.7685735768e-05
7.8800000000e+02	3.0194535013e-02	-3.5778340639e-02	8.3721923417e-05	3.7686532453e-05
7.8900000000e+02	3.0232221942e-02	-3.5862086466e-02	8.3769719148e-05	3.7687326133e-05
7.9000000000e+02	3.0269909664e-02	-3.5945880058e-02	8.3817455344e-05	3.7688116825e-05
7.9100000000e+02	3.0307598175e-02	-3.6029721357e-02	8.3865132151e-05	3.7688904542e-05
7.9200000000e+02	3.0345287472e-02	-3.6113610302e-02	8.3912749716e-05	3.7689689300e-05
7.9300000000e+02	3.0382977553e-02	-3.6197546836e-02	8.3960308183e-05	3.7690471113e-05
7.9400000000e+02	3.0420668413e-02	-3.6281530899e-02	8.4007807699e-05	3.7691249997e-05
7.9500000000e+02	3.0458360052e-02	-3.6365562432e-02	8.4055248407e-05	3.7692025965e-05
7.9600000000e+02	3.0496052464e-02	-3.6449641376e-02	8.4102630453e-05	3.7692799032e-05
7.9700000000e+02	3.0533745649e-02	-3.6533767674e-02	8.4149953980e-05	3.7693569213e-05
7.9800000000e+02	3.0571439602e-02	-3.6617941265e-02	8.4197219131e-05	3.7694336522e-05
7.9900000000e+02	3.0609134321e-02	-3.6702162092e-02	8.4244426049e-05	3.7695100973e-05
8.0000000000e+02	3.0646829803e-02	-3.6786430098e-02	8.4291574876e-05	3.7695862580e-05
8.0100000000e+02	3.0684526045e-02	-3.6870745223e-02	8.4338665753e-05	3.7696621357e-05
8.0200000000e+02	3.0722223045e-02	-3.6955107410e-02	8.4385698821e-05	3.7697377319e-05
8.0300000000e+02	3.0759920799e-02	-3.7039516601e-02	8.4432674222e-05	3.7698130479e-05
8.0400000000e+02	3.0797619305e-02	-3.7123972739e-02	8.4479592094e-05	3.7698880851e-05
8.0500000000e+02	3.0835318560e-02	-3.7208475766e-02	8.4526452579e-05	3.7699628449e-05
8.0600000000e+02	3.0873018561e-02	-3.7293025625e-02	8.4573255814e-05	3.7700373286e-05
8.0700000000e+02	3.0910719305e-02	-3.7377622259e-02	8.4620001938e-05	3.7701115376e-05
8.0800000000e+02	3.0948420791e-02	-3.7462265610e-02	8.4666691090e-05	3.7701854733e-05
8.0900000000e+02	3.0986123014e-02	-3.7546955622e-02	8.4713323407e-05	3.7702591369e-05
8.1000000000e+02	3.1023825972e-02	-3.7631692238e-02	8.4759899025e-05	3.7703325299e-05
8.1100000000e+02	3.1061529664e-02	-3.7716475401e-02	8.4806418082e-05	3.7704056534e-05
8.1200000000e+02	3.1099234085e-02	-3.7801305055e-02	8.4852880714e-05	3.7704785090e-05
8.1300000000e+02	3.1136939233e-02	-3.7886181144e-02	8.4899287056e-05	3.7705510977e-05
8.1400000000e+02	3.1174645106e-02	-3.7971103611e-02	8.4945637244e-05	3.7706234210e-05
8.1500000000e+02	3.1212351700e-02	-3.8056072400e-02	8.4991931411e-05	3.7706954802e-05
8.1600000000e+02	3.1250059014e-02	-3.8141087455e-02	8.5038169693e-05	3.7707672765e-05
8.1700000000e+02	3.1287767045e-02	-3.8226148721e-02	8.5084352222e-05	3.7708388111e-05
8.1800000000e+02	3.1325475790e-02	-3.8311256141e-02	8.5130479133e-05	3.7709100855e-05
8.1900000000e+02	3.1363185246e-02	-3.8396409660e-02	8.5176550557e-05	3.7709811007e-05
8.2000000000e+02	3.1400895411e-02	-3.8481609224e-02	8.5222566627e-05	3.7710518582e-05
8.2100000000e+02	3.1438606282e-02	-3.8566854775e-02	8.5268527475e-05	3.7711223590e-05
8.2200000000e+02	3.1476317857e-02	-3.8652146260e-02	8.5314433233e-05	3.7711926045e-05
8.2300000000e+02	3.1514030133e-02	-3.8737483623e-02	8.5360284030e-05	3.7712625959e-05
8.2400000000e+02	3.1551743108e-02	-3.8822866810e-02	8.5406079998e-05	3.7713323344e-05
8.2500000000e+02	3.1589456779e-02	-3.8908295765e-02	8.5451821266e-05	3.7714018213e-05
8.2600000000e+02	3.1627171144e-02	-3.8993770434e-02	8.5497507964e-05	3.7714710576e-05
8.2700000000e+02	3.1664886200e-02	-3.9079290763e-02	8.5543140221e-05	3.7715400447e-05
8.2800000000e+02	3.1702601944e-02	-3.9164856697e-02	8.5588718165e-05	3.7716087837e-05
8.2900000000e+02	3.1740318374e-02	-3.9250468181e-02	8.5634241925e-05	3.7716772758e-05
8.3000000000e+02	3.1778035489e-02	-3.9336125162e-02	8.5679711628e-05	3.7717455222e-05
8.3100000000e+02	3.1815753284e-02	-3.9421827586e-02	8.5725127401e-05	3.7718135241e-05
8.3200000000e+02	3.1853471758e-02	-3.9507575399e-02	8.5770489372e-05	3.7718812826e-05
8.3300000000e+02	3.1891190909e-02	-3.9593368547e-02	8.5815797667e-05	3.7719487989e-05
8.3400000000e+02	3.1928910733e-02	-3.9679206977e-02	8.5861052410e-05	3.7720160741e-05
8.3500000000e+02	3.1966631230e-02	-3.9765090634e-02	8.5906253729e-05	3.7720831094e-05
8.3600000000e+02	3.2004352395e-02	-3.9851019466e-02	8.5951401748e-05	3.7721499059e-05
8.3700000000e+02	3.2042074227e-02	-3.9936993420e-02	8.5996496591e-05	3.7722164647e-05
8.3800000000e+02	3.2079796723e-02	-4.0023012442e-02	8.6041538383e-05	3.7722827871e-05
8.3900000000e+02	3.2117519882e-02	-4.0109076479e-02	8.6086527248e-05	3.7723488740e-05
8.4000000000e+02	3.2155243700e-02	-4.0195185479e-02	8.6131463308e-05	3.7724147266e-05
8.4100000000e+02	3.2192968176e-02	-4.0281339388e-02	8.6176346687e-05	3.7724803460e-05
8.4200000000e+02	3.2230693306e-02	-4.0367538155e-02	8.6221177507e-05	3.7725457333e-05
8.4300000000e+02	3.2268419090e-02	-4.0453781726e-02	8.6265955890e-05	3.7726108896e-05
8.4400000000e+02	3.2306145523e-02	-4.0540070049e-02	8.6310681958e-05	3.7726758160e-05
8.4500000000e+02	3.2343872605e-02	-4.0626403072e-02	8.6355355831e-05	3.7727405136e-05
8.4600000000e+02	3.2381600333e-02	-4.0712780743e-02	8.6399977631e-05	3.7728049833e-05
8.4700000000e+02	3.2419328704e-02	-4.0799203010e-02	8.6444547478e-05	3.7728692264e-05
8.4800000000e+02	3.2457057717e-02	-4.0885669821e-02	8.6489065492e-05	3.7729332438e-05
8.4900000000e+02	3.2494787368e-02	-4.0972181124e-02	8.6533531793e-05	3.7729970366e-05
8.5000000000e+02	3.2532517657e-02	-4.1058736867e-02	8.6577946499e-05	3.7730606059e-05
8.5100000000e+02	3.2570248579e-02	-4.1145337000e-02	8.6622309729e-05	3.7731239527e-05
8.5200000000e+02	3.2607980135e-02	-4.1231981470e-02	8.6666621602e-05	3.7731870780e-05
8.5300000000e+02	3.2645712320e-02	-4.1318670226e-02	8.6710882235e-05	3.7732499829e-05
8.5400000000e+02	3.2683445134e-02	-4.1405403217e-02	8.6755091746e-05	3.7733126684e-05
8.5500000000e+02	3.2721178573e-02	-4.1492180392e-02	8.6799250252e-05	3.7733751355e-05
8.5600000000e+02	3.2758912636e-02	-4.1579001701e-02	8.6843357870e-05	3.7734373852e-05
8.5700000000e+02	3.2796647320e-02	-4.1665867091e-02	8.6887414716e-05	3.7734994185e-05
8.5800000000e+02	3.2834382623e-02	-4.1752776513e-02	8.6931420905e-05	3.7735612364e-05
8.5900000000e+02	3.2872118544e-02	-4.1839729916e-02	8.6975376554e-05	3.7736228399e-05
8.6000000000e+02	3.2909855079e-02	-4.1926727250e-02	8.7019281778e-05	3.7736842301e-05
8.6100000000e+02	3.2947592228e-02	-4.2013768463e-02	8.7063136691e-05	3.7737454078e-05
8.6200000000e+02	3.2985329987e-02	-4.2100853506e-02	8.7106941407e-05	3.7738063741e-05
8.6300000000e+02	3.3023068355e-02	-4.2187982329e-02	8.7150696041e-05	3.7738671300e-05
8.6400000000e+02	3.3060807329e-02	-4.2275154882e-02	8.7194400707e-05	3.7739276763e-05
8.6500000000e+02	3.3098546907e-02	-4.2362371114e-02	8.7238055516e-05	3.7739880141e-05
8.6600000000e+02	3.3136287088e-02	-4.2449630976e-02	8.7281660583e-05	3.7740481443e-05
8.6700000000e+02	3.3174027870e-02	-4.2536934419e-02	8.7325216019e-05	3.7741080679e-05
8.6800000000e+02	3.3211769249e-02	-4.2624281392e-02	8.7368721936e-05	3.7741677858e-05
8.6900000000e+02	3.3249511225e-02	-4.2711671846e-02	8.7412178447e-05	3.7742272990e-05
8.7000000000e+02	3.3287253794e-02	-4.2799105732e-02	8.7455585663e-05	3.7742866083e-05
8.7100000000e+02	3.3324996956e-02	-4.2886583001e-02	8.7498943694e-05	3.7743457148e-05
8.7200000000e+02	3.3362740708e-02	-4.2974103603e-02	8.7542252650e-05	3.7744046193e-05
8.7300000000e+02	3.3400485048e-02	-4.3061667490e-02	8.7585512643e-05	3.7744633227e-05
8.7400000000e+02	3.3438229974e-02	-4.3149274612e-02	8.7628723783e-05	3.7745218260e-05
8.7500000000e+02	3.3475975484e-02	-4.3236924921e-02	8.7671886177e-05	3.7745801301e-05
8.7600000000e+02	3.3513721576e-02	-4.3324618368e-02	8.7714999936e-05	3.7746382358e-05
8.7700000000e+02	3.3551468248e-02	-4.3412354905e-02	8.7758065168e-05	3.7746961441e-05
8.7800000000e+02	3.3589215498e-02	-4.3500134482e-02	8.7801081982e-05	3.7747538559e-05
8.7900000000e+02	3.3626963324e-02	-4.3587957053e-02	8.7844050486e-05	3.7748113721e-05
8.8000000000e+02	3.3664711725e-02	-4.3675822567e-02	8.7886970787e-05	3.7748686934e-05
8.8100000000e+02	3.3702460698e-02	-4.3763730978e-02	8.7929842992e-05	3.7749258209e-05
8.8200000000e+02	3.3740210241e-02	-4.3851682237e-02	8.7972667209e-05	3.7749827553e-05
8.8300000000e+02	3.3777960352e-02	-4.3939676297e-02	8.8015443543e-05	3.7750394977e-05
8.8400000000e+02	3.3815711030e-02	-4.4027713109e-02	8.8058172102e-05	3.7750960487e-05
8.8500000000e+02	3.3853462272e-02	-4.4115792625e-02	8.8100852991e-05	3.7751524093e-05
8.8600000000e+02	3.3891214077e-02	-4.4203914799e-02	8.8143486316e-05	3.7752085803e-05
8.8700000000e+02	3.3928966443e-02	-4.4292079582e-02	8.8186072182e-05	3.7752645625e-05
8.8800000000e+02	3.3966719368e-02	-4.4380286927e-02	8.8228610693e-05	3.7753203569e-05
8.8900000000e+02	3.4004472850e-02	-4.4468536787e-02	8.8271101954e-05	3.7753759643e-05
8.9000000000e+02	3.4042226887e-02	-4.4556829115e-02	8.8313546070e-05	3.7754313854e-05
8.9100000000e+02	3.4079981477e-02	-4.4645163864e-02	8.8355943143e-05	3.7754866211e-05
8.9200000000e+02	3.4117736619e-02	-4.4733540986e-02	8.8398293279e-05	3.7755416723e-05
8.9300000000e+02	3.4155492310e-02	-4.4821960435e-02	8.8440596579e-05	3.7755965398e-05
8.9400000000e+02	3.4193248549e-02	-4.4910422164e-02	8.8482853146e-05	3.7756512243e-05
8.9500000000e+02	3.4231005334e-02	-4.4998926126e-02	8.8525063083e-05	3.7757057267e-05
8.9600000000e+02	3.4268762663e-02	-4.5087472274e-02	8.8567226492e-05	3.7757600478e-05
8.9700000000e+02	3.4306520534e-02	-4.5176060563e-02	8.8609343475e-05	3.7758141884e-05
8.9800000000e+02	3.4344278946e-02	-4.5264690946e-02	8.8651414133e-05	3.7758681492e-05
8.9900000000e+02	3.4382037896e-02	-4.5353363376e-02	8.8693438568e-05	3.7759219312e-05
9.0000000000e+02	3.4419797384e-02	-4.5442077808e-02	8.8735416879e-05	3.7759755351e-05
9.0100000000e+02	3.4457557406e-02	-4.5530834194e-02	8.8777349169e-05	3.7760289616e-05
9.0200000000e+02	3.4495317962e-02	-4.5619632491e-02	8.8819235536e-05	3.7760822115e-05
9.0300000000e+02	3.4533079050e-02	-4.5708472650e-02	8.8861076080e-05	3.7761352856e-05
9.0400000000e+02	3.4570840668e-02	-4.5797354628e-02	8.8902870902e-05	3.7761881848e-05
9.0500000000e+02	3.4608602813e-02	-4.5886278377e-02	8.8944620099e-05	3.7762409097e-05
9.0600000000e+02	3.4646365485e-02	-4.5975243853e-02	8.8986323772e-05	3.7762934611e-05
9.0700000000e+02	3.4684128682e-02	-4.6064251009e-02	8.9027982019e-05	3.7763458398e-05
9.0800000000e+02	3.4721892401e-02	-4.6153299801e-02	8.9069594937e-05	3.7763980465e-05
9.0900000000e+02	3.4759656642e-02	-4.6242390184e-02	8.9111162625e-05	3.7764500820e-05
9.1000000000e+02	3.4797421403e-02	-4.6331522112e-02	8.9152685180e-05	3.7765019471e-05
9.1100000000e+02	3.4835186681e-02	-4.6420695539e-02	8.9194162700e-05	3.7765536424e-05
9.1200000000e+02	3.4872952475e-02	-4.6509910422e-02	8.9235595282e-05	3.7766051687e-05
9.1300000000e+02	3.4910718783e-02	-4.6599166715e-02	8.9276983021e-05	3.7766565267e-05
9.1400000000e+02	3.4948485605e-02	-4.6688464373e-02	8.9318326015e-05	3.7767077173e-05
9.1500000000e+02	3.4986252937e-02	-4.6777803352e-02	8.9359624360e-05	3.7767587410e-05
9.1600000000e+02	3.5024020779e-02	-4.6867183607e-02	8.9400878151e-05	3.7768095987e-05
9.1700000000e+02	3.5061789129e-02	-4.6956605094e-02	8.9442087483e-05	3.7768602910e-05
9.1800000000e+02	3.5099557984e-02	-4.7046067767e-02	8.9483252453e-05	3.7769108187e-05
9.1900000000e+02	3.5137327344e-02	-4.7135571584e-02	8.9524373154e-05	3.7769611824e-05
9.2000000000e+02	3.5175097207e-02	-4.7225116499e-02	8.9565449681e-05	3.7770113830e-05
9.2100000000e+02	3.5212867572e-02	-4.7314702468e-02	8.9606482128e-05	3.7770614210e-05
9.2200000000e+02	3.5250638435e-02	-4.7404329448e-02	8.9647470590e-05	3.7771112972e-05
9.2300000000e+02	3.5288409797e-02	-4.7493997395e-02	8.9688415159e-05	3.7771610122e-05
9.2400000000e+02	3.5326181655e-02	-4.7583706264e-02	8.9729315930e-05	3.7772105669e-05
9.2500000000e+02	3.5363954008e-02	-4.7673456012e-02	8.9770172995e-05	3.7772599618e-05
9.2600000000e+02	3.5401726854e-02	-4.7763246596e-02	8.9810986446e-05	3.7773091976e-05
9.2700000000e+02	3.5439500191e-02	-4.7853077971e-02	8.9851756377e-05	3.7773582751e-05
9.2800000000e+02	3.5477274019e-02	-4.7942950094e-02	8.9892482880e-05	3.7774071948e-05
9.2900000000e+02	3.5515048335e-02	-4.8032862922e-02	8.9933166046e-05	3.7774559576e-05
9.3000000000e+02	3.5552823137e-02	-4.8122816412e-02	8.9973805967e-05	3.7775045640e-05
9.3100000000e+02	3.5590598425e-02	-4.8212810520e-02	9.0014402733e-05	3.7775530147e-05
9.3200000000e+02	3.5628374197e-02	-4.8302845203e-02	9.0054956438e-05	3.7776013103e-05
9.3300000000e+02	3.5666150451e-02	-4.8392920418e-02	9.0095467169e-05	3.7776494517e-05
9.3400000000e+02	3.5703927186e-02	-4.8483036123e-02	9.0135935020e-05	3.7776974393e-05
9.3500000000e+02	3.5741704399e-02	-4.8573192274e-02	9.0176360078e-05	3.7777452738e-05
9.3600000000e+02	3.5779482091e-02	-4.8663388829e-02	9.0216742435e-05	3.7777929560e-05
9.3700000000e+02	3.5817260258e-02	-4.8753625745e-02	9.0257082180e-05	3.7778404864e-05
9.3800000000e+02	3.5855038900e-02	-4.8843902979e-02	9.0297379402e-05	3.7778878656e-05
9.3900000000e+02	3.5892818015e-02	-4.8934220489e-02	9.0337634189e-05	3.7779350944e-05
9.4000000000e+02	3.5930597601e-02	-4.9024578233e-02	9.0377846632e-05	3.7779821734e-05
9.4100000000e+02	3.5968377658e-02	-4.9114976168e-02	9.0418016818e-05	3.7780291031e-05
9.4200000000e+02	3.6006158183e-02	-4.9205414253e-02	9.0458144836e-05	3.7780758843e-05
9.4300000000e+02	3.6043939175e-02	-4.9295892444e-02	9.0498230773e-05	3.7781225175e-05
9.4400000000e+02	3.6081720633e-02	-4.9386410700e-02	9.0538274717e-05	3.7781690034e-05
9.4500000000e+02	3.6119502554e-02	-4.9476968979e-02	9.0578276755e-05	3.7782153426e-05
9.4600000000e+02	3.6157284939e-02	-4.9567567240e-02	9.0618236975e-05	3.7782615356e-05
9.4700000000e+02	3.6195067785e-02	-4.9658205440e-02	9.0658155464e-05	3.7783075832e-05
9.4800000000e+02	3.6232851090e-02	-4.9748883537e-02	9.0698032307e-05	3.7783534859e-05
9.4900000000e+02	3.6270634854e-02	-4.9839601490e-02	9.0737867591e-05	3.7783992443e-05
9.5000000000e+02	3.6308419075e-02	-4.9930359258e-02	9.0777661403e-05	3.7784448591e-05
9.5100000000e+02	3.6346203751e-02	-5.0021156799e-02	9.0817413827e-05	3.7784903308e-05
9.5200000000e+02	3.6383988881e-02	-5.0111994072e-02	9.0857124950e-05	3.7785356601e-05
9.5300000000e+02	3.6421774463e-02	-5.0202871035e-02	9.0896794857e-05	3.7785808474e-05
9.5400000000e+02	3.6459560497e-02	-5.0293787648e-02	9.0936423632e-05	3.7786258935e-05
9.5500000000e+02	3.6497346981e-02	-5.0384743869e-02	9.0976011361e-05	3.7786707989e-05
9.5600000000e+02	3.6535133913e-02	-5.0475739657e-02	9.1015558127e-05	3.7787155641e-05
9.5700000000e+02	3.6572921292e-02	-5.0566774972e-02	9.1055064016e-05	3.7787601899e-05
9.5800000000e+02	3.6610709116e-02	-5.0657849772e-02	9.1094529110e-05	3.7788046767e-05
9.5900000000e+02	3.6648497385e-02	-5.0748964016e-02	9.1133953494e-05	3.7788490251e-05
9.6000000000e+02	3.6686286096e-02	-5.0840117665e-02	9.1173337251e-05	3.7788932357e-05
9.6100000000e+02	3.6724075249e-02	-5.0931310677e-02	9.1212680464e-05	3.7789373090e-05
9.6200000000e+02	3.6761864842e-02	-5.1022543013e-02	9.1251983217e-05	3.7789812457e-05
9.6300000000e+02	3.6799654873e-02	-5.1113814630e-02	9.1291245590e-05	3.7790250463e-05
9.6400000000e+02	3.6837445342e-02	-5.1205125490e-02	9.1330467669e-05	3.7790687114e-05
9.6500000000e+02	3.6875236247e-02	-5.1296475552e-02	9.1369649533e-05	3.7791122415e-05
9.6600000000e+02	3.6913027587e-02	-5.1387864776e-02	9.1408791266e-05	3.7791556371e-05
9.6700000000e+02	3.6950819359e-02	-5.1479293121e-02	9.1447892948e-05	3.7791988989e-05
9.6800000000e+02	3.6988611564e-02	-5.1570760549e-02	9.1486954662e-05	3.7792420273e-05
9.6900000000e+02	3.7026404200e-02	-5.1662267017e-02	9.1525976488e-05	3.7792850229e-05
9.7000000000e+02	3.7064197264e-02	-5.1753812488e-02	9.1564958508e-05	3.7793278863e-05
9.7100000000e+02	3.7101990757e-02	-5.1845396921e-02	9.1603900801e-05	3.7793706181e-05
9.7200000000e+02	3.7139784676e-02	-5.1937020277e-02	9.1642803449e-05	3.7794132186e-05
9.7300000000e+02	3.7177579021e-02	-5.2028682515e-02	9.1681666532e-05	3.7794556885e-05
9.7400000000e+02	3.7215373789e-02	-5.2120383597e-02	9.1720490129e-05	3.7794980284e-05
9.7500000000e+02	3.7253168981e-02	-5.2212123482e-02	9.1759274321e-05	3.7795402387e-05
9.7600000000e+02	3.7290964594e-02	-5.2303902132e-02	9.1798019186e-05	3.7795823199e-05
9.7700000000e+02	3.7328760627e-02	-5.2395719507e-02	9.1836724805e-05	3.7796242726e-05
9.7800000000e+02	3.7366557079e-02	-5.2487575569e-02	9.1875391255e-05	3.7796660974e-05
9.7900000000e+02	3.7404353948e-02	-5.2579470277e-02	9.1914018616e-05	3.7797077947e-05
9.8000000000e+02	3.7442151234e-02	-5.2671403593e-02	9.1952606966e-05	3.7797493650e-05
9.8100000000e+02	3.7479948935e-02	-5.2763375478e-02	9.1991156384e-05	3.7797908089e-05
9.8200000000e+02	3.7517747050e-02	-5.2855385893e-02	9.2029666948e-05	3.7798321269e-05
9.8300000000e+02	3.7555545577e-02	-5.2947434799e-02	9.2068138735e-05	3.7798733195e-05
9.8400000000e+02	3.7593344516e-02	-5.3039522157e-02	9.2106571822e-05	3.7799143871e-05
9.8500000000e+02	3.7631143865e-02	-5.3131647929e-02	9.2144966289e-05	3.7799553304e-05
9.8600000000e+02	3.7668943622e-02	-5.3223812077e-02	9.2183322210e-05	3.7799961497e-05
9.8700000000e+02	3.7706743787e-02	-5.3316014561e-02	9.2221639664e-05	3.7800368456e-05
9.8800000000e+02	3.7744544359e-02	-5.3408255343e-02	9.2259918727e-05	3.7800774187e-05
9.8900000000e+02	3.7782345335e-02	-5.3500534386e-02	9.2298159475e-05	3.7801178693e-05
9.9000000000e+02	3.7820146716e-02	-5.3592851650e-02	9.2336361985e-05	3.7801581980e-05
9.9100000000e+02	3.7857948499e-02	-5.3685207097e-02	9.2374526333e-05	3.7801984052e-05
9.9200000000e+02	3.7895750683e-02	-5.3777600690e-02	9.2412652594e-05	3.7802384915e-05
9.9300000000e+02	3.7933553268e-02	-5.3870032390e-02	9.2450740844e-05	3.7802784574e-05
9.9400000000e+02	3.7971356252e-02	-5.3962502159e-02	9.2488791158e-05	3.7803183032e-05
9.9500000000e+02	3.8009159634e-02	-5.4055009959e-02	9.2526803611e-05	3.7803580296e-05
9.9600000000e+02	3.8046963412e-02	-5.4147555753e-02	9.2564778279e-05	3.7803976369e-05
9.9700000000e+02	3.8084767586e-02	-5.4240139503e-02	9.2602715235e-05	3.7804371257e-05
9.9800000000e+02	3.8122572154e-02	-5.4332761171e-02	9.2640614555e-05	3.7804764964e-05
9.9900000000e+02	3.8160377116e-02	-5.4425420720e-02	9.2678476312e-05	3.7805157495e-05
