# total modes from dos = 5.9999993276e+00
# ZPE = 4.3657121766e-03 Ry/cell
# Multiply by 13.6058 to have energies in eV/cell etc..
# Multiply by 13.6058 x 23060.35 = 313 754.5 to have energies in cal/(N mol).
# Multiply by 13.6058 x 96526.0 = 1 313 313 to have energies in J/(N mol).
# N is the number of formula units per cell.
#
# T (K) 	Evib (Ry/cell)	Fvib (Ry/cell)	Svib (Ry/cell/K)	Cvib (Ry/cell/K)
1.0000000000e+00	4.3657121927e-03	4.3657121002e-03	9.2521615660e-11	4.7196197188e-11
2.0000000000e+00	4.3657123358e-03	4.3657119706e-03	1.8257615985e-10	2.8698331813e-10
3.0000000000e+00	4.3657128945e-03	4.3657116923e-03	4.0073382351e-10	9.1042916621e-10
4.0000000000e+00	4.3657143488e-03	4.3657111052e-03	8.1091575304e-10	2.1105072857e-09
5.0000000000e+00	4.3657173729e-03	4.3657099850e-03	1.4775844887e-09	4.0829017594e-09
6.0000000000e+00	4.3657228388e-03	4.3657080428e-03	2.4660039647e-09	7.0280113747e-09
7.0000000000e+00	4.3657318225e-03	4.3657049236e-03	3.8427052584e-09	1.1154302851e-08
8.0000000000e+00	4.3657456151e-03	4.3657002051e-03	5.6762432643e-09	1.6684441185e-08
9.0000000000e+00	4.3657657421e-03	4.3656933949e-03	8.0385794453e-09	2.3868419915e-08
1.0000000000e+01	4.3657940033e-03	4.3656839258e-03	1.1007749688e-08	3.3009678444e-08
1.1000000000e+01	4.3658325449e-03	4.3656711477e-03	1.4672468089e-08	4.4505968675e-08
1.2000000000e+01	4.3658839782e-03	4.3656543140e-03	1.9138689386e-08	5.8897503340e-08
1.3000000000e+01	4.3659515440e-03	4.3656325599e-03	2.4537234225e-08	7.6908266890e-08
1.4000000000e+01	4.3660393086e-03	4.3656048748e-03	3.1030981734e-08	9.9467249679e-08
1.5000000000e+01	4.3661523688e-03	4.3655700666e-03	3.8820148690e-08	1.2770301427e-07
1.6000000000e+01	4.3662970379e-03	4.3655267232e-03	4.8144670727e-08	1.6291270824e-07
1.7000000000e+01	4.3664809902e-03	4.3654731729e-03	5.9283365192e-08	2.0651201037e-07
1.8000000000e+01	4.3667133498e-03	4.3654074474e-03	7.2550130276e-08	2.5997462340e-07
1.9000000000e+01	4.3670047175e-03	4.3653272493e-03	8.8287802793e-08	3.2476950512e-07
2.0000000000e+01	4.3673671360e-03	4.3652299270e-03	1.0686045183e-07	4.0230223022e-07
2.1000000000e+01	4.3678140003e-03	4.3651124578e-03	1.2864487901e-07	4.9386467719e-07
2.2000000000e+01	4.3683599234e-03	4.3649714396e-03	1.5402199230e-07	6.0059522732e-07
2.3000000000e+01	4.3690205678e-03	4.3648030906e-03	1.8336857372e-07	7.2345010065e-07
2.4000000000e+01	4.3698124528e-03	4.3646032574e-03	2.1704980813e-07	8.6318537710e-07
2.5000000000e+01	4.3707527502e-03	4.3643674301e-03	2.5541280230e-07	1.0203485955e-06
2.6000000000e+01	4.3718590744e-03	4.3640907630e-03	2.9878120971e-07	1.1952784892e-06
2.7000000000e+01	4.3731492769e-03	4.3637681002e-03	3.4745098864e-07	1.3881113092e-06
2.8000000000e+01	4.3746412484e-03	4.3633940052e-03	4.0168725840e-07	1.5987922212e-06
2.9000000000e+01	4.3763527355e-03	4.3629627924e-03	4.6172217577e-07	1.8270903907e-06
3.0000000000e+01	4.3783011734e-03	4.3624685615e-03	5.2775372797e-07	2.0726165318e-06
3.1000000000e+01	4.3805035363e-03	4.3619052312e-03	5.9994532531e-07	2.3348418889e-06
3.2000000000e+01	4.3829762085e-03	4.3612665741e-03	6.7842607259e-07	2.6131177983e-06
3.3000000000e+01	4.3857348733e-03	4.3605462505e-03	7.6329160097e-07	2.9066951533e-06
3.4000000000e+01	4.3887944230e-03	4.3597378412e-03	8.5460534900e-07	3.2147432533e-06
3.5000000000e+01	4.3921688858e-03	4.3588348791e-03	9.5240019072e-07	3.5363676518e-06
3.6000000000e+01	4.3958713703e-03	4.3578308787e-03	1.0566803202e-06	3.8706267371e-06
3.7000000000e+01	4.3999140265e-03	4.3567193639e-03	1.1674233127e-06	4.2165468737e-06
3.8000000000e+01	4.4043080204e-03	4.3554938932e-03	1.2845822951e-06	4.5731360147e-06
3.9000000000e+01	4.4090635220e-03	4.3541480835e-03	1.4080881673e-06	4.9393957542e-06
4.0000000000e+01	4.4141897039e-03	4.3526756307e-03	1.5378518287e-06	5.3143318393e-06
4.1000000000e+01	4.4196947505e-03	4.3510703293e-03	1.6737663704e-06	5.6969631972e-06
4.2000000000e+01	4.4255858750e-03	4.3493260884e-03	1.8157092039e-06	6.0863295571e-06
4.3000000000e+01	4.4318693432e-03	4.3474369468e-03	1.9635441035e-06	6.4814977662e-06
4.4000000000e+01	4.4385505038e-03	4.3453970854e-03	2.1171231447e-06	6.8815669073e-06
4.5000000000e+01	4.4456338220e-03	4.3432008383e-03	2.2762885278e-06	7.2856723320e-06
4.6000000000e+01	4.4531229183e-03	4.3408427015e-03	2.4408742785e-06	7.6929887242e-06
4.7000000000e+01	4.4610206081e-03	4.3383173404e-03	2.6107078226e-06	8.1027323047e-06
4.8000000000e+01	4.4693289445e-03	4.3356195958e-03	2.7856114328e-06	8.5141622872e-06
4.9000000000e+01	4.4780492620e-03	4.3327444880e-03	2.9654035499e-06	8.9265816826e-06
5.0000000000e+01	4.4871822196e-03	4.3296872205e-03	3.1498999806e-06	9.3393375508e-06
5.1000000000e+01	4.4967278457e-03	4.3264431818e-03	3.3389149773e-06	9.7518207810e-06
5.2000000000e+01	4.5066855812e-03	4.3230079465e-03	3.5322622047e-06	1.0163465483e-05
5.3000000000e+01	4.5170543222e-03	4.3193772754e-03	3.7297555993e-06	1.0573748059e-05
5.4000000000e+01	4.5278324620e-03	4.3155471150e-03	3.9312101297e-06	1.0982186012e-05
5.5000000000e+01	4.5390179313e-03	4.3115135959e-03	4.1364424618e-06	1.1388336560e-05
5.6000000000e+01	4.5506082373e-03	4.3072730311e-03	4.3452715390e-06	1.1791795085e-05
5.7000000000e+01	4.5626005010e-03	4.3028219134e-03	4.5575190819e-06	1.2192193479e-05
5.8000000000e+01	4.5749914928e-03	4.2981569119e-03	4.7730100151e-06	1.2589198405e-05
5.9000000000e+01	4.5877776662e-03	4.2932748694e-03	4.9915728272e-06	1.2982509516e-05
6.0000000000e+01	4.6009551905e-03	4.2881727982e-03	5.2130398712e-06	1.3371857650e-05
6.1000000000e+01	4.6145199803e-03	4.2828478762e-03	5.4372476088e-06	1.3757003026e-05
6.2000000000e+01	4.6284677246e-03	4.2772974426e-03	5.6640368072e-06	1.4137733463e-05
6.3000000000e+01	4.6427939132e-03	4.2715189937e-03	5.8932526904e-06	1.4513862622e-05
6.4000000000e+01	4.6574938618e-03	4.2655101784e-03	6.1247450527e-06	1.4885228305e-05
6.5000000000e+01	4.6725627352e-03	4.2592687933e-03	6.3583683359e-06	1.5251690792e-05
6.6000000000e+01	4.6879955691e-03	4.2527927784e-03	6.5939816773e-06	1.5613131253e-05
6.7000000000e+01	4.7037872903e-03	4.2460802121e-03	6.8314489291e-06	1.5969450215e-05
6.8000000000e+01	4.7199327350e-03	4.2391293065e-03	7.0706386552e-06	1.6320566104e-05
6.9000000000e+01	4.7364266663e-03	4.2319384029e-03	7.3114241073e-06	1.6666413849e-05
7.0000000000e+01	4.7532637899e-03	4.2245059671e-03	7.5536831828e-06	1.7006943570e-05
7.1000000000e+01	4.7704387686e-03	4.2168305845e-03	7.7972983676e-06	1.7342119327e-05
7.2000000000e+01	4.7879462360e-03	4.2089109560e-03	8.0421566666e-06	1.7671917946e-05
7.3000000000e+01	4.8057808082e-03	4.2007458931e-03	8.2881495223e-06	1.7996327912e-05
7.4000000000e+01	4.8239370952e-03	4.1923343136e-03	8.5351727250e-06	1.8315348334e-05
7.5000000000e+01	4.8424097112e-03	4.1836752375e-03	8.7831263152e-06	1.8628987973e-05
7.6000000000e+01	4.8611932833e-03	4.1747677828e-03	9.0319144806e-06	1.8937264334e-05
7.7000000000e+01	4.8802824605e-03	4.1656111610e-03	9.2814454475e-06	1.9240202821e-05
7.8000000000e+01	4.8996719205e-03	4.1562046736e-03	9.5316313694e-06	1.9537835949e-05
7.9000000000e+01	4.9193563768e-03	4.1465477080e-03	9.7823882128e-06	1.9830202616e-05
8.0000000000e+01	4.9393305850e-03	4.1366397337e-03	1.0033635641e-05	2.0117347420e-05
8.1000000000e+01	4.9595893476e-03	4.1264802988e-03	1.0285296898e-05	2.0399320032e-05
8.2000000000e+01	4.9801275190e-03	4.1160690265e-03	1.0537298690e-05	2.0676174619e-05
8.3000000000e+01	5.0009400101e-03	4.1054056113e-03	1.0789571070e-05	2.0947969304e-05
8.4000000000e+01	5.0220217915e-03	4.0944898164e-03	1.1042047323e-05	2.1214765673e-05
8.5000000000e+01	5.0433678969e-03	4.0833214699e-03	1.1294663846e-05	2.1476628321e-05
8.6000000000e+01	5.0649734259e-03	4.0719004622e-03	1.1547360044e-05	2.1733624434e-05
8.7000000000e+01	5.0868335467e-03	4.0602267425e-03	1.1800078208e-05	2.1985823406e-05
8.8000000000e+01	5.1089434974e-03	4.0483003168e-03	1.2052763416e-05	2.2233296485e-05
8.9000000000e+01	5.1312985886e-03	4.0361212441e-03	1.2305363421e-05	2.2476116457e-05
9.0000000000e+01	5.1538942040e-03	4.0236896349e-03	1.2557828545e-05	2.2714357348e-05
9.1000000000e+01	5.1767258019e-03	4.0110056478e-03	1.2810111584e-05	2.2948094158e-05
9.2000000000e+01	5.1997889162e-03	3.9980694874e-03	1.3062167704e-05	2.3177402620e-05
9.3000000000e+01	5.2230791564e-03	3.9848814022e-03	1.3313954347e-05	2.3402358974e-05
9.4000000000e+01	5.2465922089e-03	3.9714416820e-03	1.3565431137e-05	2.3623039773e-05
9.5000000000e+01	5.2703238364e-03	3.9577506560e-03	1.3816559793e-05	2.3839521695e-05
9.6000000000e+01	5.2942698782e-03	3.9438086906e-03	1.4067304038e-05	2.4051881384e-05
9.7000000000e+01	5.3184262505e-03	3.9296161875e-03	1.4317629515e-05	2.4260195301e-05
9.8000000000e+01	5.3427889456e-03	3.9151735820e-03	1.4567503710e-05	2.4464539591e-05
9.9000000000e+01	5.3673540318e-03	3.9004813408e-03	1.4816895868e-05	2.4664989966e-05
1.0000000000e+02	5.3921176527e-03	3.8855399607e-03	1.5065776920e-05	2.4861621598e-05
1.0100000000e+02	5.4170760269e-03	3.8703499665e-03	1.5314119410e-05	2.5054509026e-05
1.0200000000e+02	5.4422254473e-03	3.8549119100e-03	1.5561897424e-05	2.5243726071e-05
1.0300000000e+02	5.4675622799e-03	3.8392263680e-03	1.5809086524e-05	2.5429345764e-05
1.0400000000e+02	5.4930829637e-03	3.8232939410e-03	1.6055663680e-05	2.5611440281e-05
1.0500000000e+02	5.5187840092e-03	3.8071152519e-03	1.6301607213e-05	2.5790080886e-05
1.0600000000e+02	5.5446619977e-03	3.7906909446e-03	1.6546896727e-05	2.5965337886e-05
1.0700000000e+02	5.5707135802e-03	3.7740216828e-03	1.6791513060e-05	2.6137280582e-05
1.0800000000e+02	5.5969354768e-03	3.7571081488e-03	1.7035438222e-05	2.6305977243e-05
1.0900000000e+02	5.6233244751e-03	3.7399510424e-03	1.7278655346e-05	2.6471495069e-05
1.1000000000e+02	5.6498774294e-03	3.7225510794e-03	1.7521148636e-05	2.6633900169e-05
1.1100000000e+02	5.6765912595e-03	3.7049089913e-03	1.7762903317e-05	2.6793257542e-05
1.1200000000e+02	5.7034629499e-03	3.6870255236e-03	1.8003905591e-05	2.6949631062e-05
1.1300000000e+02	5.7304895480e-03	3.6689014352e-03	1.8244142591e-05	2.7103083465e-05
1.1400000000e+02	5.7576681636e-03	3.6505374975e-03	1.8483602334e-05	2.7253676342e-05
1.1500000000e+02	5.7849959676e-03	3.6319344934e-03	1.8722273689e-05	2.7401470135e-05
1.1600000000e+02	5.8124701907e-03	3.6130932164e-03	1.8960146330e-05	2.7546524135e-05
1.1700000000e+02	5.8400881220e-03	3.5940144702e-03	1.9197210700e-05	2.7688896479e-05
1.1800000000e+02	5.8678471087e-03	3.5746990674e-03	1.9433457978e-05	2.7828644161e-05
1.1900000000e+02	5.8957445541e-03	3.5551478293e-03	1.9668880041e-05	2.7965823030e-05
1.2000000000e+02	5.9237779168e-03	3.5353615849e-03	1.9903469433e-05	2.8100487800e-05
1.2100000000e+02	5.9519447095e-03	3.5153411703e-03	2.0137219333e-05	2.8232692058e-05
1.2200000000e+02	5.9802424982e-03	3.4950874281e-03	2.0370123526e-05	2.8362488278e-05
1.2300000000e+02	6.0086689006e-03	3.4746012070e-03	2.0602176370e-05	2.8489927824e-05
1.2400000000e+02	6.0372215851e-03	3.4538833608e-03	2.0833372776e-05	2.8615060972e-05
1.2500000000e+02	6.0658982701e-03	3.4329347484e-03	2.1063708173e-05	2.8737936917e-05
1.2600000000e+02	6.0946967226e-03	3.4117562329e-03	2.1293178490e-05	2.8858603790e-05
1.2700000000e+02	6.1236147570e-03	3.3903486810e-03	2.1521780126e-05	2.8977108673e-05
1.2800000000e+02	6.1526502346e-03	3.3687129632e-03	2.1749509933e-05	2.9093497617e-05
1.2900000000e+02	6.1818010620e-03	3.3468499527e-03	2.1976365188e-05	2.9207815652e-05
1.3000000000e+02	6.2110651903e-03	3.3247605251e-03	2.2202343578e-05	2.9320106811e-05
1.3100000000e+02	6.2404406143e-03	3.3024455585e-03	2.2427443175e-05	2.9430414144e-05
1.3200000000e+02	6.2699253714e-03	3.2799059323e-03	2.2651662417e-05	2.9538779733e-05
1.3300000000e+02	6.2995175403e-03	3.2571425275e-03	2.2875000096e-05	2.9645244714e-05
1.3400000000e+02	6.3292152407e-03	3.2341562262e-03	2.3097455332e-05	2.9749849293e-05
1.3500000000e+02	6.3590166318e-03	3.2109479112e-03	2.3319027561e-05	2.9852632763e-05
1.3600000000e+02	6.3889199120e-03	3.1875184655e-03	2.3539716518e-05	2.9953633523e-05
1.3700000000e+02	6.4189233172e-03	3.1638687725e-03	2.3759522223e-05	3.0052889096e-05
1.3800000000e+02	6.4490251207e-03	3.1399997154e-03	2.3978444966e-05	3.0150436146e-05
1.3900000000e+02	6.4792236319e-03	3.1159121768e-03	2.4196485289e-05	3.0246310496e-05
1.4000000000e+02	6.5095171958e-03	3.0916070387e-03	2.4413643979e-05	3.0340547148e-05
1.4100000000e+02	6.5399041917e-03	3.0670851823e-03	2.4629922052e-05	3.0433180297e-05
1.4200000000e+02	6.5703830330e-03	3.0423474877e-03	2.4845320741e-05	3.0524243351e-05
1.4300000000e+02	6.6009521659e-03	3.0173948335e-03	2.5059841485e-05	3.0613768948e-05
1.4400000000e+02	6.6316100690e-03	2.9922280969e-03	2.5273485918e-05	3.0701788972e-05
1.4500000000e+02	6.6623552524e-03	2.9668481532e-03	2.5486255857e-05	3.0788334571e-05
1.4600000000e+02	6.6931862569e-03	2.9412558760e-03	2.5698153294e-05	3.0873436172e-05
1.4700000000e+02	6.7241016533e-03	2.9154521367e-03	2.5909180385e-05	3.0957123500e-05
1.4800000000e+02	6.7551000421e-03	2.8894378046e-03	2.6119339443e-05	3.1039425593e-05
1.4900000000e+02	6.7861800522e-03	2.8632137463e-03	2.6328632925e-05	3.1120370817e-05
1.5000000000e+02	6.8173403407e-03	2.8367808264e-03	2.6537063429e-05	3.1199986881e-05
1.5100000000e+02	6.8485795920e-03	2.8101399062e-03	2.6744633680e-05	3.1278300857e-05
1.5200000000e+02	6.8798965172e-03	2.7832918448e-03	2.6951346529e-05	3.1355339189e-05
1.5300000000e+02	6.9112898538e-03	2.7562374980e-03	2.7157204940e-05	3.1431127711e-05
1.5400000000e+02	6.9427583645e-03	2.7289777187e-03	2.7362211985e-05	3.1505691663e-05
1.5500000000e+02	6.9743008371e-03	2.7015133568e-03	2.7566370841e-05	3.1579055701e-05
1.5600000000e+02	7.0059160839e-03	2.6738452587e-03	2.7769684777e-05	3.1651243915e-05
1.5700000000e+02	7.0376029409e-03	2.6459742677e-03	2.7972157154e-05	3.1722279840e-05
1.5800000000e+02	7.0693602672e-03	2.6179012237e-03	2.8173791414e-05	3.1792186471e-05
1.5900000000e+02	7.1011869449e-03	2.5896269631e-03	2.8374591080e-05	3.1860986274e-05
1.6000000000e+02	7.1330818781e-03	2.5611523186e-03	2.8574559747e-05	3.1928701203e-05
1.6100000000e+02	7.1650439928e-03	2.5324781194e-03	2.8773701077e-05	3.1995352708e-05
1.6200000000e+02	7.1970722360e-03	2.5036051910e-03	2.8972018797e-05	3.2060961748e-05
1.6300000000e+02	7.2291655756e-03	2.4745343551e-03	2.9169516691e-05	3.2125548806e-05
1.6400000000e+02	7.2613229997e-03	2.4452664296e-03	2.9366198598e-05	3.2189133898e-05
1.6500000000e+02	7.2935435160e-03	2.4158022286e-03	2.9562068409e-05	3.2251736584e-05
1.6600000000e+02	7.3258261517e-03	2.3861425621e-03	2.9757130058e-05	3.2313375982e-05
1.6700000000e+02	7.3581699531e-03	2.3562882365e-03	2.9951387524e-05	3.2374070776e-05
1.6800000000e+02	7.3905739845e-03	2.3262400538e-03	3.0144844826e-05	3.2433839228e-05
1.6900000000e+02	7.4230373287e-03	2.2959988122e-03	3.0337506015e-05	3.2492699188e-05
1.7000000000e+02	7.4555590859e-03	2.2655653058e-03	3.0529375177e-05	3.2550668104e-05
1.7100000000e+02	7.4881383736e-03	2.2349403245e-03	3.0720456427e-05	3.2607763034e-05
1.7200000000e+02	7.5207743262e-03	2.2041246542e-03	3.0910753907e-05	3.2664000650e-05
1.7300000000e+02	7.5534660945e-03	2.1731190766e-03	3.1100271780e-05	3.2719397254e-05
1.7400000000e+02	7.5862128457e-03	2.1419243691e-03	3.1289014233e-05	3.2773968784e-05
1.7500000000e+02	7.6190137623e-03	2.1105413052e-03	3.1476985469e-05	3.2827730823e-05
1.7600000000e+02	7.6518680426e-03	2.0789706538e-03	3.1664189709e-05	3.2880698607e-05
1.7700000000e+02	7.6847748997e-03	2.0472131800e-03	3.1850631185e-05	3.2932887036e-05
1.7800000000e+02	7.7177335617e-03	2.0152696443e-03	3.2036314143e-05	3.2984310680e-05
1.7900000000e+02	7.7507432709e-03	1.9831408031e-03	3.2221242837e-05	3.3034983787e-05
1.8000000000e+02	7.7838032838e-03	1.9508274086e-03	3.2405421528e-05	3.3084920292e-05
1.8100000000e+02	7.8169128705e-03	1.9183302087e-03	3.2588854485e-05	3.3134133826e-05
1.8200000000e+02	7.8500713149e-03	1.8856499468e-03	3.2771545978e-05	3.3182637720e-05
1.8300000000e+02	7.8832779137e-03	1.8527873624e-03	3.2953500280e-05	3.3230445014e-05
1.8400000000e+02	7.9165319769e-03	1.8197431906e-03	3.3134721665e-05	3.3277568465e-05
1.8500000000e+02	7.9498328269e-03	1.7865181620e-03	3.3315214405e-05	3.3324020553e-05
1.8600000000e+02	7.9831797983e-03	1.7531130032e-03	3.3494982769e-05	3.3369813488e-05
1.8700000000e+02	8.0165722381e-03	1.7195284365e-03	3.3674031025e-05	3.3414959215e-05
1.8800000000e+02	8.0500095049e-03	1.6857651798e-03	3.3852363432e-05	3.3459469423e-05
1.8900000000e+02	8.0834909690e-03	1.6518239468e-03	3.4029984244e-05	3.3503355551e-05
1.9000000000e+02	8.1170160117e-03	1.6177054471e-03	3.4206897709e-05	3.3546628790e-05
1.9100000000e+02	8.1505840259e-03	1.5834103858e-03	3.4383108063e-05	3.3589300095e-05
1.9200000000e+02	8.1841944149e-03	1.5489394639e-03	3.4558619536e-05	3.3631380186e-05
1.9300000000e+02	8.2178465927e-03	1.5142933783e-03	3.4733436344e-05	3.3672879556e-05
1.9400000000e+02	8.2515399838e-03	1.4794728214e-03	3.4907562693e-05	3.3713808476e-05
1.9500000000e+02	8.2852740229e-03	1.4444784816e-03	3.5081002775e-05	3.3754177000e-05
1.9600000000e+02	8.3190481543e-03	1.4093110432e-03	3.5253760771e-05	3.3793994970e-05
1.9700000000e+02	8.3528618325e-03	1.3739711861e-03	3.5425840845e-05	3.3833272021e-05
1.9800000000e+02	8.3867145212e-03	1.3384595861e-03	3.5597247147e-05	3.3872017588e-05
1.9900000000e+02	8.4206056936e-03	1.3027769150e-03	3.5767983812e-05	3.3910240908e-05
2.0000000000e+02	8.4545348319e-03	1.2669238403e-03	3.5938054958e-05	3.3947951025e-05
2.0100000000e+02	8.4885014275e-03	1.2309010255e-03	3.6107464686e-05	3.3985156796e-05
2.0200000000e+02	8.5225049803e-03	1.1947091300e-03	3.6276217081e-05	3.4021866896e-05
2.0300000000e+02	8.5565449989e-03	1.1583488091e-03	3.6444316206e-05	3.4058089820e-05
2.0400000000e+02	8.5906210003e-03	1.1218207140e-03	3.6611766109e-05	3.4093833887e-05
2.0500000000e+02	8.6247325098e-03	1.0851254920e-03	3.6778570819e-05	3.4129107248e-05
2.0600000000e+02	8.6588790606e-03	1.0482637861e-03	3.6944734342e-05	3.4163917886e-05
2.0700000000e+02	8.6930601939e-03	1.0112362357e-03	3.7110260668e-05	3.4198273621e-05
2.0800000000e+02	8.7272754588e-03	9.7404347587e-04	3.7275153764e-05	3.4232182115e-05
2.0900000000e+02	8.7615244116e-03	9.3668613793e-04	3.7439417577e-05	3.4265650874e-05
2.1000000000e+02	8.7958066164e-03	8.9916484917e-04	3.7603056034e-05	3.4298687252e-05
2.1100000000e+02	8.8301216444e-03	8.6148023301e-04	3.7766073040e-05	3.4331298458e-05
2.1200000000e+02	8.8644690739e-03	8.2363290895e-04	3.7928472476e-05	3.4363491551e-05
2.1300000000e+02	8.8988484904e-03	7.8562349262e-04	3.8090258206e-05	3.4395273454e-05
2.1400000000e+02	8.9332594860e-03	7.4745259583e-04	3.8251434066e-05	3.4426650949e-05
2.1500000000e+02	8.9677016597e-03	7.0912082651e-04	3.8412003875e-05	3.4457630683e-05
2.1600000000e+02	9.0021746170e-03	6.7062878883e-04	3.8571971427e-05	3.4488219171e-05
2.1700000000e+02	9.0366779698e-03	6.3197708315e-04	3.8731340491e-05	3.4518422802e-05
2.1800000000e+02	9.0712113364e-03	5.9316630609e-04	3.8890114818e-05	3.4548247837e-05
2.1900000000e+02	9.1057743413e-03	5.5419705052e-04	3.9048298131e-05	3.4577700412e-05
2.2000000000e+02	9.1403666151e-03	5.1506990560e-04	3.9205894134e-05	3.4606786546e-05
2.2100000000e+02	9.1749877942e-03	4.7578545679e-04	3.9362906504e-05	3.4635512140e-05
2.2200000000e+02	9.2096375211e-03	4.3634428591e-04	3.9519338897e-05	3.4663882978e-05
2.2300000000e+02	9.2443154438e-03	3.9674697112e-04	3.9675194945e-05	3.4691904735e-05
2.2400000000e+02	9.2790212161e-03	3.5699408694e-04	3.9830478255e-05	3.4719582972e-05
2.2500000000e+02	9.3137544971e-03	3.1708620432e-04	3.9985192412e-05	3.4746923146e-05
2.2600000000e+02	9.3485149515e-03	2.7702389064e-04	4.0139340977e-05	3.4773930609e-05
2.2700000000e+02	9.3833022491e-03	2.3680770972e-04	4.0292927486e-05	3.4800610608e-05
2.2800000000e+02	9.4181160652e-03	1.9643822185e-04	4.0445955453e-05	3.4826968292e-05
2.2900000000e+02	9.4529560800e-03	1.5591598383e-04	4.0598428367e-05	3.4853008711e-05
2.3000000000e+02	9.4878219786e-03	1.1524154898e-04	4.0750349694e-05	3.4878736819e-05
2.3100000000e+02	9.5227134511e-03	7.4415467158e-05	4.0901722874e-05	3.4904157477e-05
2.3200000000e+02	9.5576301926e-03	3.3438284805e-05	4.1052551327e-05	3.4929275452e-05
2.3300000000e+02	9.5925719027e-03	-7.6894550511e-06	4.1202838445e-05	3.4954095424e-05
2.3400000000e+02	9.6275382857e-03	-4.8967212764e-05	4.1352587600e-05	3.4978621983e-05
2.3500000000e+02	9.6625290504e-03	-9.0394452046e-05	4.1501802138e-05	3.5002859636e-05
2.3600000000e+02	9.6975439101e-03	-1.3197063994e-04	4.1650485382e-05	3.5026812802e-05
2.3700000000e+02	9.7325825826e-03	-1.7369524681e-04	4.1798640630e-05	3.5050485820e-05
2.3800000000e+02	9.7676447898e-03	-2.1556774630e-04	4.1946271160e-05	3.5073882950e-05
2.3900000000e+02	9.8027302579e-03	-2.5758761531e-04	4.2093380223e-05	3.5097008371e-05
2.4000000000e+02	9.8378387173e-03	-2.9975433400e-04	4.2239971047e-05	3.5119866186e-05
2.4100000000e+02	9.8729699024e-03	-3.4206738573e-04	4.2386046839e-05	3.5142460422e-05
2.4200000000e+02	9.9081235516e-03	-3.8452625706e-04	4.2531610780e-05	3.5164795032e-05
2.4300000000e+02	9.9432994072e-03	-4.2713043772e-04	4.2676666029e-05	3.5186873900e-05
2.4400000000e+02	9.9784972154e-03	-4.6987942060e-04	4.2821215721e-05	3.5208700834e-05
2.4500000000e+02	1.0013716726e-02	-5.1277270168e-04	4.2965262971e-05	3.5230279578e-05
2.4600000000e+02	1.0048957693e-02	-5.5580978009e-04	4.3108810867e-05	3.5251613804e-05
2.4700000000e+02	1.0084219873e-02	-5.9899015799e-04	4.3251862476e-05	3.5272707122e-05
2.4800000000e+02	1.0119503028e-02	-6.4231334062e-04	4.3394420842e-05	3.5293563073e-05
2.4900000000e+02	1.0154806922e-02	-6.8577883627e-04	4.3536488988e-05	3.5314185138e-05
2.5000000000e+02	1.0190131322e-02	-7.2938615619e-04	4.3678069911e-05	3.5334576734e-05
2.5100000000e+02	1.0225475999e-02	-7.7313481467e-04	4.3819166590e-05	3.5354741217e-05
2.5200000000e+02	1.0260840730e-02	-8.1702432894e-04	4.3959781978e-05	3.5374681884e-05
2.5300000000e+02	1.0296225290e-02	-8.6105421918e-04	4.4099919007e-05	3.5394401974e-05
2.5400000000e+02	1.0331629461e-02	-9.0522400847e-04	4.4239580588e-05	3.5413904667e-05
2.5500000000e+02	1.0367053028e-02	-9.4953322283e-04	4.4378769610e-05	3.5433193089e-05
2.5600000000e+02	1.0402495777e-02	-9.9398139113e-04	4.4517488937e-05	3.5452270311e-05
2.5700000000e+02	1.0437957499e-02	-1.0385680451e-03	4.4655741416e-05	3.5471139349e-05
2.5800000000e+02	1.0473437987e-02	-1.0832927193e-03	4.4793529870e-05	3.5489803168e-05
2.5900000000e+02	1.0508937038e-02	-1.1281549511e-03	4.4930857100e-05	3.5508264679e-05
2.6000000000e+02	1.0544454450e-02	-1.1731542807e-03	4.5067725887e-05	3.5526526746e-05
2.6100000000e+02	1.0579990026e-02	-1.2182902510e-03	4.5204138991e-05	3.5544592181e-05
2.6200000000e+02	1.0615543570e-02	-1.2635624077e-03	4.5340099150e-05	3.5562463747e-05
2.6300000000e+02	1.0651114889e-02	-1.3089702992e-03	4.5475609082e-05	3.5580144163e-05
2.6400000000e+02	1.0686703795e-02	-1.3545134767e-03	4.5610671484e-05	3.5597636097e-05
2.6500000000e+02	1.0722310100e-02	-1.4001914939e-03	4.5745289032e-05	3.5614942174e-05
2.6600000000e+02	1.0757933618e-02	-1.4460039073e-03	4.5879464383e-05	3.5632064975e-05
2.6700000000e+02	1.0793574169e-02	-1.4919502761e-03	4.6013200170e-05	3.5649007035e-05
2.6800000000e+02	1.0829231573e-02	-1.5380301620e-03	4.6146499012e-05	3.5665770847e-05
2.6900000000e+02	1.0864905652e-02	-1.5842431294e-03	4.6279363501e-05	3.5682358863e-05
2.7000000000e+02	1.0900596233e-02	-1.6305887451e-03	4.6411796215e-05	3.5698773492e-05
2.7100000000e+02	1.0936303142e-02	-1.6770665787e-03	4.6543799709e-05	3.5715017104e-05
2.7200000000e+02	1.0972026211e-02	-1.7236762023e-03	4.6675376519e-05	3.5731092028e-05
2.7300000000e+02	1.1007765271e-02	-1.7704171904e-03	4.6806529163e-05	3.5747000556e-05
2.7400000000e+02	1.1043520157e-02	-1.8172891201e-03	4.6937260137e-05	3.5762744939e-05
2.7500000000e+02	1.1079290707e-02	-1.8642915709e-03	4.7067571920e-05	3.5778327394e-05
2.7600000000e+02	1.1115076759e-02	-1.9114241250e-03	4.7197466971e-05	3.5793750100e-05
2.7700000000e+02	1.1150878155e-02	-1.9586863668e-03	4.7326947731e-05	3.5809015199e-05
2.7800000000e+02	1.1186694737e-02	-2.0060778832e-03	4.7456016621e-05	3.5824124799e-05
2.7900000000e+02	1.1222526353e-02	-2.0535982635e-03	4.7584676045e-05	3.5839080973e-05
2.8000000000e+02	1.1258372849e-02	-2.1012470996e-03	4.7712928388e-05	3.5853885760e-05
2.8100000000e+02	1.1294234075e-02	-2.1490239854e-03	4.7840776015e-05	3.5868541167e-05
2.8200000000e+02	1.1330109882e-02	-2.1969285175e-03	4.7968221275e-05	3.5883049167e-05
2.8300000000e+02	1.1366000125e-02	-2.2449602946e-03	4.8095266499e-05	3.5897411701e-05
2.8400000000e+02	1.1401904658e-02	-2.2931189179e-03	4.8221913999e-05	3.5911630679e-05
2.8500000000e+02	1.1437823339e-02	-2.3414039908e-03	4.8348166069e-05	3.5925707981e-05
2.8600000000e+02	1.1473756027e-02	-2.3898151190e-03	4.8474024986e-05	3.5939645457e-05
2.8700000000e+02	1.1509702584e-02	-2.4383519105e-03	4.8599493011e-05	3.5953444925e-05
2.8800000000e+02	1.1545662872e-02	-2.4870139754e-03	4.8724572385e-05	3.5967108176e-05
2.8900000000e+02	1.1581636755e-02	-2.5358009264e-03	4.8849265334e-05	3.5980636972e-05
2.9000000000e+02	1.1617624101e-02	-2.5847123780e-03	4.8973574066e-05	3.5994033047e-05
2.9100000000e+02	1.1653624778e-02	-2.6337479472e-03	4.9097500773e-05	3.6007298108e-05
2.9200000000e+02	1.1689638654e-02	-2.6829072530e-03	4.9221047628e-05	3.6020433835e-05
2.9300000000e+02	1.1725665603e-02	-2.7321899166e-03	4.9344216790e-05	3.6033441880e-05
2.9400000000e+02	1.1761705496e-02	-2.7815955614e-03	4.9467010399e-05	3.6046323871e-05
2.9500000000e+02	1.1797758209e-02	-2.8311238129e-03	4.9589430583e-05	3.6059081409e-05
2.9600000000e+02	1.1833823618e-02	-2.8807742988e-03	4.9711479448e-05	3.6071716072e-05
2.9700000000e+02	1.1869901601e-02	-2.9305466487e-03	4.9833159089e-05	3.6084229412e-05
2.9800000000e+02	1.1905992037e-02	-2.9804404946e-03	4.9954471582e-05	3.6096622956e-05
2.9900000000e+02	1.1942094807e-02	-3.0304554702e-03	5.0075418988e-05	3.6108898209e-05
3.0000000000e+02	1.1978209794e-02	-3.0805912115e-03	5.0196003353e-05	3.6121056654e-05
3.0100000000e+02	1.2014336882e-02	-3.1308473565e-03	5.0316226706e-05	3.6133099747e-05
3.0200000000e+02	1.2050475956e-02	-3.1812235453e-03	5.0436091063e-05	3.6145028925e-05
3.0300000000e+02	1.2086626902e-02	-3.2317194197e-03	5.0555598423e-05	3.6156845603e-05
3.0400000000e+02	1.2122789610e-02	-3.2823346238e-03	5.0674750769e-05	3.6168551173e-05
3.0500000000e+02	1.2158963968e-02	-3.3330688035e-03	5.0793550071e-05	3.6180147005e-05
3.0600000000e+02	1.2195149868e-02	-3.3839216069e-03	5.0911998284e-05	3.6191634452e-05
3.0700000000e+02	1.2231347201e-02	-3.4348926837e-03	5.1030097346e-05	3.6203014842e-05
3.0800000000e+02	1.2267555862e-02	-3.4859816858e-03	5.1147849182e-05	3.6214289486e-05
3.0900000000e+02	1.2303775746e-02	-3.5371882670e-03	5.1265255704e-05	3.6225459674e-05
3.1000000000e+02	1.2340006747e-02	-3.5885120828e-03	5.1382318807e-05	3.6236526677e-05
3.1100000000e+02	1.2376248765e-02	-3.6399527907e-03	5.1499040372e-05	3.6247491748e-05
3.1200000000e+02	1.2412501697e-02	-3.6915100503e-03	5.1615422268e-05	3.6258356118e-05
3.1300000000e+02	1.2448765444e-02	-3.7431835227e-03	5.1731466347e-05	3.6269121003e-05
3.1400000000e+02	1.2485039906e-02	-3.7949728710e-03	5.1847174450e-05	3.6279787600e-05
3.1500000000e+02	1.2521324987e-02	-3.8468777602e-03	5.1962548403e-05	3.6290357088e-05
3.1600000000e+02	1.2557620589e-02	-3.8988978570e-03	5.2077590018e-05	3.6300830629e-05
3.1700000000e+02	1.2593926616e-02	-3.9510328300e-03	5.2192301093e-05	3.6311209367e-05
3.1800000000e+02	1.2630242976e-02	-4.0032823496e-03	5.2306683414e-05	3.6321494429e-05
3.1900000000e+02	1.2666569574e-02	-4.0556460879e-03	5.2420738754e-05	3.6331686928e-05
3.2000000000e+02	1.2702906320e-02	-4.1081237187e-03	5.2534468869e-05	3.6341787958e-05
3.2100000000e+02	1.2739253120e-02	-4.1607149178e-03	5.2647875508e-05	3.6351798599e-05
3.2200000000e+02	1.2775609887e-02	-4.2134193625e-03	5.2760960402e-05	3.6361719912e-05
3.2300000000e+02	1.2811976531e-02	-4.2662367319e-03	5.2873725271e-05	3.6371552948e-05
3.2400000000e+02	1.2848352964e-02	-4.3191667069e-03	5.2986171823e-05	3.6381298738e-05
3.2500000000e+02	1.2884739099e-02	-4.3722089700e-03	5.3098301752e-05	3.6390958300e-05
3.2600000000e+02	1.2921134852e-02	-4.4253632054e-03	5.3210116740e-05	3.6400532638e-05
3.2700000000e+02	1.2957540137e-02	-4.4786290991e-03	5.3321618458e-05	3.6410022740e-05
3.2800000000e+02	1.2993954870e-02	-4.5320063385e-03	5.3432808561e-05	3.6419429582e-05
3.2900000000e+02	1.3030378968e-02	-4.5854946129e-03	5.3543688697e-05	3.6428754124e-05
3.3000000000e+02	1.3066812351e-02	-4.6390936131e-03	5.3654260497e-05	3.6437997313e-05
3.3100000000e+02	1.3103254936e-02	-4.6928030316e-03	5.3764525582e-05	3.6447160084e-05
3.3200000000e+02	1.3139706644e-02	-4.7466225626e-03	5.3874485563e-05	3.6456243356e-05
3.3300000000e+02	1.3176167397e-02	-4.8005519016e-03	5.3984142037e-05	3.6465248038e-05
3.3400000000e+02	1.3212637115e-02	-4.8545907460e-03	5.4093496589e-05	3.6474175024e-05
3.3500000000e+02	1.3249115721e-02	-4.9087387947e-03	5.4202550793e-05	3.6483025196e-05
3.3600000000e+02	1.3285603140e-02	-4.9629957480e-03	5.4311306213e-05	3.6491799424e-05
3.3700000000e+02	1.3322099295e-02	-5.0173613080e-03	5.4419764400e-05	3.6500498566e-05
3.3800000000e+02	1.3358604112e-02	-5.0718351782e-03	5.4527926895e-05	3.6509123468e-05
3.3900000000e+02	1.3395117517e-02	-5.1264170637e-03	5.4635795225e-05	3.6517674963e-05
3.4000000000e+02	1.3431639438e-02	-5.1811066711e-03	5.4743370909e-05	3.6526153875e-05
3.4100000000e+02	1.3468169801e-02	-5.2359037085e-03	5.4850655454e-05	3.6534561014e-05
3.4200000000e+02	1.3504708536e-02	-5.2908078855e-03	5.4957650356e-05	3.6542897181e-05
3.4300000000e+02	1.3541255572e-02	-5.3458189132e-03	5.5064357100e-05	3.6551163163e-05
3.4400000000e+02	1.3577810839e-02	-5.4009365041e-03	5.5170777161e-05	3.6559359740e-05
3.4500000000e+02	1.3614374269e-02	-5.4561603724e-03	5.5276912004e-05	3.6567487678e-05
3.4600000000e+02	1.3650945792e-02	-5.5114902336e-03	5.5382763080e-05	3.6575547735e-05
3.4700000000e+02	1.3687525342e-02	-5.5669258045e-03	5.5488331834e-05	3.6583540658e-05
3.4800000000e+02	1.3724112851e-02	-5.6224668036e-03	5.5593619698e-05	3.6591467182e-05
3.4900000000e+02	1.3760708254e-02	-5.6781129507e-03	5.5698628095e-05	3.6599328035e-05
3.5000000000e+02	1.3797311486e-02	-5.7338639671e-03	5.5803358437e-05	3.6607123933e-05
3.5100000000e+02	1.3833922481e-02	-5.7897195754e-03	5.5907812126e-05	3.6614855583e-05
3.5200000000e+02	1.3870541176e-02	-5.8456794996e-03	5.6011990555e-05	3.6622523684e-05
3.5300000000e+02	1.3907167507e-02	-5.9017434652e-03	5.6115895106e-05	3.6630128922e-05
3.5400000000e+02	1.3943801413e-02	-5.9579111990e-03	5.6219527152e-05	3.6637671978e-05
3.5500000000e+02	1.3980442831e-02	-6.0141824291e-03	5.6322888056e-05	3.6645153521e-05
3.5600000000e+02	1.4017091700e-02	-6.0705568852e-03	5.6425979171e-05	3.6652574212e-05
3.5700000000e+02	1.4053747959e-02	-6.1270342980e-03	5.6528801840e-05	3.6659934703e-05
3.5800000000e+02	1.4090411549e-02	-6.1836143998e-03	5.6631357399e-05	3.6667235639e-05
3.5900000000e+02	1.4127082411e-02	-6.2402969242e-03	5.6733647172e-05	3.6674477654e-05
3.6000000000e+02	1.4163760485e-02	-6.2970816060e-03	5.6835672475e-05	3.6681661375e-05
3.6100000000e+02	1.4200445714e-02	-6.3539681814e-03	5.6937434614e-05	3.6688787421e-05
3.6200000000e+02	1.4237138041e-02	-6.4109563879e-03	5.7038934886e-05	3.6695856402e-05
3.6300000000e+02	1.4273837408e-02	-6.4680459643e-03	5.7140174580e-05	3.6702868920e-05
3.6400000000e+02	1.4310543760e-02	-6.5252366506e-03	5.7241154974e-05	3.6709825571e-05
3.6500000000e+02	1.4347257041e-02	-6.5825281883e-03	5.7341877340e-05	3.6716726940e-05
3.6600000000e+02	1.4383977196e-02	-6.6399203197e-03	5.7442342938e-05	3.6723573608e-05
3.6700000000e+02	1.4420704170e-02	-6.6974127890e-03	5.7542553022e-05	3.6730366146e-05
3.6800000000e+02	1.4457437910e-02	-6.7550053410e-03	5.7642508835e-05	3.6737105119e-05
3.6900000000e+02	1.4494178363e-02	-6.8126977223e-03	5.7742211612e-05	3.6743791083e-05
3.7000000000e+02	1.4530925475e-02	-6.8704896803e-03	5.7841662581e-05	3.6750424588e-05
3.7100000000e+02	1.4567679195e-02	-6.9283809639e-03	5.7940862961e-05	3.6757006177e-05
3.7200000000e+02	1.4604439470e-02	-6.9863713231e-03	5.8039813960e-05	3.6763536387e-05
3.7300000000e+02	1.4641206250e-02	-7.0444605091e-03	5.8138516781e-05	3.6770015746e-05
3.7400000000e+02	1.4677979485e-02	-7.1026482743e-03	5.8236972618e-05	3.6776444777e-05
3.7500000000e+02	1.4714759123e-02	-7.1609343724e-03	5.8335182655e-05	3.6782823995e-05
3.7600000000e+02	1.4751545116e-02	-7.2193185581e-03	5.8433148070e-05	3.6789153909e-05
3.7700000000e+02	1.4788337415e-02	-7.2778005874e-03	5.8530870032e-05	3.6795435023e-05
3.7800000000e+02	1.4825135970e-02	-7.3363802174e-03	5.8628349703e-05	3.6801667833e-05
3.7900000000e+02	1.4861940735e-02	-7.3950572064e-03	5.8725588235e-05	3.6807852828e-05
3.8000000000e+02	1.4898751660e-02	-7.4538313139e-03	5.8822586774e-05	3.6813990494e-05
3.8100000000e+02	1.4935568700e-02	-7.5127023004e-03	5.8919346457e-05	3.6820081307e-05
3.8200000000e+02	1.4972391807e-02	-7.5716699276e-03	5.9015868416e-05	3.6826125740e-05
3.8300000000e+02	1.5009220936e-02	-7.6307339583e-03	5.9112153771e-05	3.6832124259e-05
3.8400000000e+02	1.5046056041e-02	-7.6898941566e-03	5.9208203639e-05	3.6838077324e-05
3.8500000000e+02	1.5082897076e-02	-7.7491502875e-03	5.9304019125e-05	3.6843985390e-05
3.8600000000e+02	1.5119743997e-02	-7.8085021171e-03	5.9399601331e-05	3.6849848906e-05
3.8700000000e+02	1.5156596759e-02	-7.8679494127e-03	5.9494951348e-05	3.6855668316e-05
3.8800000000e+02	1.5193455319e-02	-7.9274919428e-03	5.9590070261e-05	3.6861444056e-05
3.8900000000e+02	1.5230319633e-02	-7.9871294766e-03	5.9684959150e-05	3.6867176560e-05
3.9000000000e+02	1.5267189658e-02	-8.0468617847e-03	5.9779619083e-05	3.6872866256e-05
3.9100000000e+02	1.5304065351e-02	-8.1066886388e-03	5.9874051125e-05	3.6878513565e-05
3.9200000000e+02	1.5340946671e-02	-8.1666098114e-03	5.9968256332e-05	3.6884118903e-05
3.9300000000e+02	1.5377833575e-02	-8.2266250762e-03	6.0062235753e-05	3.6889682684e-05
3.9400000000e+02	1.5414726022e-02	-8.2867342080e-03	6.0155990432e-05	3.6895205314e-05
3.9500000000e+02	1.5451623972e-02	-8.3469369825e-03	6.0249521404e-05	3.6900687194e-05
3.9600000000e+02	1.5488527383e-02	-8.4072331766e-03	6.0342829696e-05	3.6906128722e-05
3.9700000000e+02	1.5525436216e-02	-8.4676225680e-03	6.0435916333e-05	3.6911530290e-05
3.9800000000e+02	1.5562350431e-02	-8.5281049357e-03	6.0528782327e-05	3.6916892286e-05
3.9900000000e+02	1.5599269988e-02	-8.5886800594e-03	6.0621428689e-05	3.6922215092e-05
4.0000000000e+02	1.5636194848e-02	-8.6493477202e-03	6.0713856420e-05	3.6927499087e-05
4.0100000000e+02	1.5673124973e-02	-8.7101076997e-03	6.0806066515e-05	3.6932744645e-05
4.0200000000e+02	1.5710060324e-02	-8.7709597810e-03	6.0898059964e-05	3.6937952134e-05
4.0300000000e+02	1.5747000865e-02	-8.8319037478e-03	6.0989837748e-05	3.6943121920e-05
4.0400000000e+02	1.5783946556e-02	-8.8929393849e-03	6.1081400844e-05	3.6948254364e-05
4.0500000000e+02	1.5820897361e-02	-8.9540664782e-03	6.1172750220e-05	3.6953349822e-05
4.0600000000e+02	1.5857853243e-02	-9.0152848144e-03	6.1263886842e-05	3.6958408645e-05
4.0700000000e+02	1.5894814166e-02	-9.0765941813e-03	6.1354811665e-05	3.6963431182e-05
4.0800000000e+02	1.5931780094e-02	-9.1379943675e-03	6.1445525640e-05	3.6968417777e-05
4.0900000000e+02	1.5968750990e-02	-9.1994851626e-03	6.1536029713e-05	3.6973368770e-05
4.1000000000e+02	1.6005726819e-02	-9.2610663573e-03	6.1626324821e-05	3.6978284496e-05
4.1100000000e+02	1.6042707547e-02	-9.3227377429e-03	6.1716411898e-05	3.6983165287e-05
4.1200000000e+02	1.6079693139e-02	-9.3844991120e-03	6.1806291870e-05	3.6988011472e-05
4.1300000000e+02	1.6116683559e-02	-9.4463502579e-03	6.1895965658e-05	3.6992823374e-05
4.1400000000e+02	1.6153678774e-02	-9.5082909749e-03	6.1985434176e-05	3.6997601315e-05
4.1500000000e+02	1.6190678750e-02	-9.5703210582e-03	6.2074698333e-05	3.7002345611e-05
4.1600000000e+02	1.6227683454e-02	-9.6324403038e-03	6.2163759033e-05	3.7007056575e-05
4.1700000000e+02	1.6264692852e-02	-9.6946485087e-03	6.2252617173e-05	3.7011734516e-05
4.1800000000e+02	1.6301706912e-02	-9.7569454709e-03	6.2341273644e-05	3.7016379741e-05
4.1900000000e+02	1.6338725601e-02	-9.8193309891e-03	6.2429729332e-05	3.7020992552e-05
4.2000000000e+02	1.6375748887e-02	-9.8818048629e-03	6.2517985118e-05	3.7025573248e-05
4.2100000000e+02	1.6412776737e-02	-9.9443668930e-03	6.2606041876e-05	3.7030122125e-05
4.2200000000e+02	1.6449809120e-02	-1.0007016881e-02	6.2693900476e-05	3.7034639474e-05
4.2300000000e+02	1.6486846005e-02	-1.0069754628e-02	6.2781561782e-05	3.7039125585e-05
4.2400000000e+02	1.6523887361e-02	-1.0132579939e-02	6.2869026651e-05	3.7043580743e-05
4.2500000000e+02	1.6560933157e-02	-1.0195492616e-02	6.2956295936e-05	3.7048005230e-05
4.2600000000e+02	1.6597983362e-02	-1.0258492466e-02	6.3043370486e-05	3.7052399326e-05
4.2700000000e+02	1.6635037945e-02	-1.0321579293e-02	6.3130251143e-05	3.7056763307e-05
4.2800000000e+02	1.6672096878e-02	-1.0384752904e-02	6.3216938742e-05	3.7061097445e-05
4.2900000000e+02	1.6709160130e-02	-1.0448013106e-02	6.3303434117e-05	3.7065402011e-05
4.3000000000e+02	1.6746227672e-02	-1.0511359708e-02	6.3389738094e-05	3.7069677271e-05
4.3100000000e+02	1.6783299475e-02	-1.0574792519e-02	6.3475851494e-05	3.7073923489e-05
4.3200000000e+02	1.6820375510e-02	-1.0638311348e-02	6.3561775133e-05	3.7078140926e-05
4.3300000000e+02	1.6857455748e-02	-1.0701916006e-02	6.3647509823e-05	3.7082329840e-05
4.3400000000e+02	1.6894540160e-02	-1.0765606305e-02	6.3733056370e-05	3.7086490486e-05
4.3500000000e+02	1.6931628719e-02	-1.0829382056e-02	6.3818415576e-05	3.7090623116e-05
4.3600000000e+02	1.6968721397e-02	-1.0893243074e-02	6.3903588236e-05	3.7094727980e-05
4.3700000000e+02	1.7005818166e-02	-1.0957189171e-02	6.3988575141e-05	3.7098805324e-05
4.3800000000e+02	1.7042918999e-02	-1.1021220162e-02	6.4073377080e-05	3.7102855393e-05
4.3900000000e+02	1.7080023868e-02	-1.1085335864e-02	6.4157994832e-05	3.7106878428e-05
4.4000000000e+02	1.7117132747e-02	-1.1149536091e-02	6.4242429176e-05	3.7110874668e-05
4.4100000000e+02	1.7154245608e-02	-1.1213820661e-02	6.4326680883e-05	3.7114844348e-05
4.4200000000e+02	1.7191362426e-02	-1.1278189392e-02	6.4410750720e-05	3.7118787702e-05
4.4300000000e+02	1.7228483175e-02	-1.1342642102e-02	6.4494639452e-05	3.7122704961e-05
4.4400000000e+02	1.7265607828e-02	-1.1407178611e-02	6.4578347834e-05	3.7126596354e-05
4.4500000000e+02	1.7302736359e-02	-1.1471798738e-02	6.4661876623e-05	3.7130462107e-05
4.4600000000e+02	1.7339868743e-02	-1.1536502304e-02	6.4745226565e-05	3.7134302442e-05
4.4700000000e+02	1.7377004956e-02	-1.1601289132e-02	6.4828398406e-05	3.7138117582e-05
4.4800000000e+02	1.7414144970e-02	-1.1666159042e-02	6.4911392885e-05	3.7141907744e-05
4.4900000000e+02	1.7451288763e-02	-1.1731111859e-02	6.4994210738e-05	3.7145673145e-05
4.5000000000e+02	1.7488436308e-02	-1.1796147405e-02	6.5076852696e-05	3.7149414000e-05
4.5100000000e+02	1.7525587583e-02	-1.1861265506e-02	6.5159319486e-05	3.7153130520e-05
4.5200000000e+02	1.7562742561e-02	-1.1926465986e-02	6.5241611830e-05	3.7156822914e-05
4.5300000000e+02	1.7599901221e-02	-1.1991748671e-02	6.5323730446e-05	3.7160491390e-05
4.5400000000e+02	1.7637063536e-02	-1.2057113389e-02	6.5405676047e-05	3.7164136152e-05
4.5500000000e+02	1.7674229485e-02	-1.2122559966e-02	6.5487449343e-05	3.7167757404e-05
4.5600000000e+02	1.7711399043e-02	-1.2188088230e-02	6.5569051039e-05	3.7171355346e-05
4.5700000000e+02	1.7748572188e-02	-1.2253698011e-02	6.5650481836e-05	3.7174930177e-05
4.5800000000e+02	1.7785748896e-02	-1.2319389137e-02	6.5731742431e-05	3.7178482093e-05
4.5900000000e+02	1.7822929145e-02	-1.2385161439e-02	6.5812833517e-05	3.7182011289e-05
4.6000000000e+02	1.7860112911e-02	-1.2451014748e-02	6.5893755781e-05	3.7185517957e-05
4.6100000000e+02	1.7897300173e-02	-1.2516948895e-02	6.5974509909e-05	3.7189002287e-05
4.6200000000e+02	1.7934490908e-02	-1.2582963712e-02	6.6055096581e-05	3.7192464468e-05
4.6300000000e+02	1.7971685095e-02	-1.2649059033e-02	6.6135516474e-05	3.7195904686e-05
4.6400000000e+02	1.8008882710e-02	-1.2715234690e-02	6.6215770259e-05	3.7199323126e-05
4.6500000000e+02	1.8046083734e-02	-1.2781490518e-02	6.6295858606e-05	3.7202719969e-05
4.6600000000e+02	1.8083288143e-02	-1.2847826352e-02	6.6375782179e-05	3.7206095397e-05
4.6700000000e+02	1.8120495917e-02	-1.2914242028e-02	6.6455541638e-05	3.7209449588e-05
4.6800000000e+02	1.8157707035e-02	-1.2980737381e-02	6.6535137641e-05	3.7212782720e-05
4.6900000000e+02	1.8194921476e-02	-1.3047312249e-02	6.6614570841e-05	3.7216094967e-05
4.7000000000e+02	1.8232139218e-02	-1.3113966468e-02	6.6693841887e-05	3.7219386502e-05
4.7100000000e+02	1.8269360242e-02	-1.3180699879e-02	6.6772951424e-05	3.7222657497e-05
4.7200000000e+02	1.8306584527e-02	-1.3247512318e-02	6.6851900094e-05	3.7225908122e-05
4.7300000000e+02	1.8343812052e-02	-1.3314403625e-02	6.6930688535e-05	3.7229138544e-05
4.7400000000e+02	1.8381042797e-02	-1.3381373642e-02	6.7009317381e-05	3.7232348930e-05
4.7500000000e+02	1.8418276743e-02	-1.3448422207e-02	6.7087787263e-05	3.7235539445e-05
4.7600000000e+02	1.8455513869e-02	-1.3515549163e-02	6.7166098808e-05	3.7238710250e-05
4.7700000000e+02	1.8492754157e-02	-1.3582754352e-02	6.7244252639e-05	3.7241861509e-05
4.7800000000e+02	1.8529997586e-02	-1.3650037616e-02	6.7322249377e-05	3.7244993379e-05
4.7900000000e+02	1.8567244137e-02	-1.3717398799e-02	6.7400089637e-05	3.7248106019e-05
4.8000000000e+02	1.8604493792e-02	-1.3784837744e-02	6.7477774031e-05	3.7251199586e-05
4.8100000000e+02	1.8641746530e-02	-1.3852354295e-02	6.7555303171e-05	3.7254274233e-05
4.8200000000e+02	1.8679002334e-02	-1.3919948298e-02	6.7632677660e-05	3.7257330115e-05
4.8300000000e+02	1.8716261184e-02	-1.3987619599e-02	6.7709898102e-05	3.7260367383e-05
4.8400000000e+02	1.8753523062e-02	-1.4055368043e-02	6.7786965095e-05	3.7263386187e-05
4.8500000000e+02	1.8790787950e-02	-1.4123193478e-02	6.7863879234e-05	3.7266386676e-05
4.8600000000e+02	1.8828055830e-02	-1.4191095751e-02	6.7940641113e-05	3.7269368997e-05
4.8700000000e+02	1.8865326682e-02	-1.4259074710e-02	6.8017251319e-05	3.7272333296e-05
4.8800000000e+02	1.8902600490e-02	-1.4327130203e-02	6.8093710438e-05	3.7275279716e-05
4.8900000000e+02	1.8939877236e-02	-1.4395262081e-02	6.8170019052e-05	3.7278208402e-05
4.9000000000e+02	1.8977156901e-02	-1.4463470191e-02	6.8246177740e-05	3.7281119493e-05
4.9100000000e+02	1.9014439469e-02	-1.4531754386e-02	6.8322187078e-05	3.7284013131e-05
4.9200000000e+02	1.9051724922e-02	-1.4600114516e-02	6.8398047638e-05	3.7286889453e-05
4.9300000000e+02	1.9089013242e-02	-1.4668550432e-02	6.8473759989e-05	3.7289748597e-05
4.9400000000e+02	1.9126304413e-02	-1.4737061987e-02	6.8549324697e-05	3.7292590700e-05
4.9500000000e+02	1.9163598418e-02	-1.4805649033e-02	6.8624742324e-05	3.7295415894e-05
4.9600000000e+02	1.9200895239e-02	-1.4874311423e-02	6.8700013432e-05	3.7298224315e-05
4.9700000000e+02	1.9238194861e-02	-1.4943049011e-02	6.8775138575e-05	3.7301016093e-05
4.9800000000e+02	1.9275497266e-02	-1.5011861651e-02	6.8850118308e-05	3.7303791359e-05
4.9900000000e+02	1.9312802438e-02	-1.5080749199e-02	6.8924953181e-05	3.7306550243e-05
5.0000000000e+02	1.9350110361e-02	-1.5149711510e-02	6.8999643742e-05	3.7309292873e-05
5.0100000000e+02	1.9387421019e-02	-1.5218748439e-02	6.9074190534e-05	3.7312019376e-05
5.0200000000e+02	1.9424734395e-02	-1.5287859843e-02	6.9148594099e-05	3.7314729877e-05
5.0300000000e+02	1.9462050473e-02	-1.5357045579e-02	6.9222854975e-05	3.7317424500e-05
5.0400000000e+02	1.9499369238e-02	-1.5426305505e-02	6.9296973698e-05	3.7320103370e-05
5.0500000000e+02	1.9536690675e-02	-1.5495639479e-02	6.9370950800e-05	3.7322766608e-05
5.0600000000e+02	1.9574014766e-02	-1.5565047360e-02	6.9444786811e-05	3.7325414334e-05
5.0700000000e+02	1.9611341498e-02	-1.5634529006e-02	6.9518482257e-05	3.7328046669e-05
5.0800000000e+02	1.9648670855e-02	-1.5704084278e-02	6.9592037662e-05	3.7330663731e-05
5.0900000000e+02	1.9686002821e-02	-1.5773713035e-02	6.9665453548e-05	3.7333265638e-05
5.1000000000e+02	1.9723337381e-02	-1.5843415139e-02	6.9738730431e-05	3.7335852506e-05
5.1100000000e+02	1.9760674521e-02	-1.5913190450e-02	6.9811868827e-05	3.7338424449e-05
5.1200000000e+02	1.9798014225e-02	-1.5983038830e-02	6.9884869248e-05	3.7340981583e-05
5.1300000000e+02	1.9835356479e-02	-1.6052960142e-02	6.9957732205e-05	3.7343524020e-05
5.1400000000e+02	1.9872701268e-02	-1.6122954249e-02	7.0030458205e-05	3.7346051872e-05
5.1500000000e+02	1.9910048578e-02	-1.6193021013e-02	7.0103047750e-05	3.7348565250e-05
5.1600000000e+02	1.9947398394e-02	-1.6263160299e-02	7.0175501343e-05	3.7351064264e-05
5.1700000000e+02	1.9984750702e-02	-1.6333371971e-02	7.0247819483e-05	3.7353549022e-05
5.1800000000e+02	2.0022105487e-02	-1.6403655893e-02	7.0320002665e-05	3.7356019633e-05
5.1900000000e+02	2.0059462736e-02	-1.6474011931e-02	7.0392051383e-05	3.7358476203e-05
5.2000000000e+02	2.0096822435e-02	-1.6544439951e-02	7.0463966127e-05	3.7360918838e-05
5.2100000000e+02	2.0134184569e-02	-1.6614939819e-02	7.0535747387e-05	3.7363347642e-05
5.2200000000e+02	2.0171549126e-02	-1.6685511402e-02	7.0607395646e-05	3.7365762720e-05
5.2300000000e+02	2.0208916090e-02	-1.6756154566e-02	7.0678911389e-05	3.7368164174e-05
5.2400000000e+02	2.0246285449e-02	-1.6826869180e-02	7.0750295095e-05	3.7370552107e-05
5.2500000000e+02	2.0283657190e-02	-1.6897655113e-02	7.0821547243e-05	3.7372926618e-05
5.2600000000e+02	2.0321031298e-02	-1.6968512231e-02	7.0892668307e-05	3.7375287809e-05
5.2700000000e+02	2.0358407761e-02	-1.7039440406e-02	7.0963658761e-05	3.7377635777e-05
5.2800000000e+02	2.0395786565e-02	-1.7110439505e-02	7.1034519074e-05	3.7379970622e-05
5.2900000000e+02	2.0433167698e-02	-1.7181509401e-02	7.1105249714e-05	3.7382292441e-05
5.3000000000e+02	2.0470551146e-02	-1.7252649962e-02	7.1175851147e-05	3.7384601329e-05
5.3100000000e+02	2.0507936896e-02	-1.7323861060e-02	7.1246323835e-05	3.7386897383e-05
5.3200000000e+02	2.0545324937e-02	-1.7395142567e-02	7.1316668239e-05	3.7389180697e-05
5.3300000000e+02	2.0582715254e-02	-1.7466494354e-02	7.1386884817e-05	3.7391451364e-05
5.3400000000e+02	2.0620107835e-02	-1.7537916294e-02	7.1456974024e-05	3.7393709477e-05
5.3500000000e+02	2.0657502668e-02	-1.7609408260e-02	7.1526936314e-05	3.7395955130e-05
5.3600000000e+02	2.0694899741e-02	-1.7680970124e-02	7.1596772137e-05	3.7398188411e-05
5.3700000000e+02	2.0732299041e-02	-1.7752601762e-02	7.1666481942e-05	3.7400409413e-05
5.3800000000e+02	2.0769700556e-02	-1.7824303046e-02	7.1736066175e-05	3.7402618225e-05
5.3900000000e+02	2.0807104274e-02	-1.7896073853e-02	7.1805525280e-05	3.7404814934e-05
5.4000000000e+02	2.0844510182e-02	-1.7967914055e-02	7.1874859699e-05	3.7406999630e-05
5.4100000000e+02	2.0881918269e-02	-1.8039823530e-02	7.1944069869e-05	3.7409172399e-05
5.4200000000e+02	2.0919328523e-02	-1.8111802154e-02	7.2013156230e-05	3.7411333328e-05
5.4300000000e+02	2.0956740932e-02	-1.8183849802e-02	7.2082119214e-05	3.7413482501e-05
5.4400000000e+02	2.0994155484e-02	-1.8255966351e-02	7.2150959256e-05	3.7415620005e-05
5.4500000000e+02	2.1031572168e-02	-1.8328151679e-02	7.2219676784e-05	3.7417745923e-05
5.4600000000e+02	2.1068990972e-02	-1.8400405664e-02	7.2288272227e-05	3.7419860338e-05
5.4700000000e+02	2.1106411885e-02	-1.8472728183e-02	7.2356746011e-05	3.7421963332e-05
5.4800000000e+02	2.1143834895e-02	-1.8545119116e-02	7.2425098559e-05	3.7424054989e-05
5.4900000000e+02	2.1181259991e-02	-1.8617578340e-02	7.2493330293e-05	3.7426135388e-05
5.5000000000e+02	2.1218687162e-02	-1.8690105736e-02	7.2561441633e-05	3.7428204610e-05
5.5100000000e+02	2.1256116396e-02	-1.8762701184e-02	7.2629432994e-05	3.7430262734e-05
5.5200000000e+02	2.1293547684e-02	-1.8835364562e-02	7.2697304793e-05	3.7432309840e-05
5.5300000000e+02	2.1330981012e-02	-1.8908095753e-02	7.2765057443e-05	3.7434346006e-05
5.5400000000e+02	2.1368416372e-02	-1.8980894638e-02	7.2832691353e-05	3.7436371309e-05
5.5500000000e+02	2.1405853751e-02	-1.9053761097e-02	7.2900206933e-05	3.7438385827e-05
5.5600000000e+02	2.1443293140e-02	-1.9126695012e-02	7.2967604590e-05	3.7440389634e-05
5.5700000000e+02	2.1480734527e-02	-1.9199696267e-02	7.3034884728e-05	3.7442382808e-05
5.5800000000e+02	2.1518177902e-02	-1.9272764743e-02	7.3102047750e-05	3.7444365422e-05
5.5900000000e+02	2.1555623254e-02	-1.9345900323e-02	7.3169094057e-05	3.7446337551e-05
5.6000000000e+02	2.1593070574e-02	-1.9419102892e-02	7.3236024046e-05	3.7448299269e-05
5.6100000000e+02	2.1630519850e-02	-1.9492372333e-02	7.3302838115e-05	3.7450250648e-05
5.6200000000e+02	2.1667971072e-02	-1.9565708530e-02	7.3369536657e-05	3.7452191761e-05
5.6300000000e+02	2.1705424230e-02	-1.9639111368e-02	7.3436120066e-05	3.7454122679e-05
5.6400000000e+02	2.1742879314e-02	-1.9712580732e-02	7.3502588733e-05	3.7456043473e-05
5.6500000000e+02	2.1780336313e-02	-1.9786116507e-02	7.3568943045e-05	3.7457954214e-05
5.6600000000e+02	2.1817795219e-02	-1.9859718580e-02	7.3635183389e-05	3.7459854971e-05
5.6700000000e+02	2.1855256020e-02	-1.9933386836e-02	7.3701310151e-05	3.7461745814e-05
5.6800000000e+02	2.1892718707e-02	-2.0007121162e-02	7.3767323714e-05	3.7463626811e-05
5.6900000000e+02	2.1930183270e-02	-2.0080921446e-02	7.3833224457e-05	3.7465498031e-05
5.7000000000e+02	2.1967649700e-02	-2.0154787574e-02	7.3899012761e-05	3.7467359540e-05
5.7100000000e+02	2.2005117986e-02	-2.0228719434e-02	7.3964689002e-05	3.7469211406e-05
5.7200000000e+02	2.2042588119e-02	-2.0302716914e-02	7.4030253556e-05	3.7471053695e-05
5.7300000000e+02	2.2080060090e-02	-2.0376779904e-02	7.4095706796e-05	3.7472886472e-05
5.7400000000e+02	2.2117533889e-02	-2.0450908291e-02	7.4161049095e-05	3.7474709803e-05
5.7500000000e+02	2.2155009507e-02	-2.0525101965e-02	7.4226280821e-05	3.7476523752e-05
5.7600000000e+02	2.2192486934e-02	-2.0599360816e-02	7.4291402343e-05	3.7478328383e-05
5.7700000000e+02	2.2229966161e-02	-2.0673684733e-02	7.4356414027e-05	3.7480123761e-05
5.7800000000e+02	2.2267447178e-02	-2.0748073608e-02	7.4421316238e-05	3.7481909947e-05
5.7900000000e+02	2.2304929977e-02	-2.0822527329e-02	7.4486109338e-05	3.7483687004e-05
5.8000000000e+02	2.2342414549e-02	-2.0897045790e-02	7.4550793688e-05	3.7485454994e-05
5.8100000000e+02	2.2379900884e-02	-2.0971628881e-02	7.4615369647e-05	3.7487213979e-05
5.8200000000e+02	2.2417388974e-02	-2.1046276493e-02	7.4679837573e-05	3.7488964019e-05
5.8300000000e+02	2.2454878809e-02	-2.1120988520e-02	7.4744197820e-05	3.7490705175e-05
5.8400000000e+02	2.2492370382e-02	-2.1195764853e-02	7.4808450744e-05	3.7492437506e-05
5.8500000000e+02	2.2529863682e-02	-2.1270605386e-02	7.4872596696e-05	3.7494161072e-05
5.8600000000e+02	2.2567358701e-02	-2.1345510011e-02	7.4936636027e-05	3.7495875932e-05
5.8700000000e+02	2.2604855431e-02	-2.1420478622e-02	7.5000569085e-05	3.7497582144e-05
5.8800000000e+02	2.2642353862e-02	-2.1495511114e-02	7.5064396218e-05	3.7499279766e-05
5.8900000000e+02	2.2679853987e-02	-2.1570607380e-02	7.5128117770e-05	3.7500968855e-05
5.9000000000e+02	2.2717355797e-02	-2.1645767314e-02	7.5191734087e-05	3.7502649468e-05
5.9100000000e+02	2.2754859283e-02	-2.1720990813e-02	7.5255245510e-05	3.7504321662e-05
5.9200000000e+02	2.2792364438e-02	-2.1796277770e-02	7.5318652378e-05	3.7505985493e-05
5.9300000000e+02	2.2829871252e-02	-2.1871628083e-02	7.5381955033e-05	3.7507641015e-05
5.9400000000e+02	2.2867379717e-02	-2.1947041646e-02	7.5445153809e-05	3.7509288285e-05
5.9500000000e+02	2.2904889825e-02	-2.2022518356e-02	7.5508249044e-05	3.7510927357e-05
5.9600000000e+02	2.2942401569e-02	-2.2098058110e-02	7.5571241071e-05	3.7512558285e-05
5.9700000000e+02	2.2979914939e-02	-2.2173660804e-02	7.5634130223e-05	3.7514181122e-05
5.9800000000e+02	2.3017429928e-02	-2.2249326336e-02	7.5696916830e-05	3.7515795922e-05
5.9900000000e+02	2.3054946528e-02	-2.2325054603e-02	7.5759601222e-05	3.7517402738e-05
6.0000000000e+02	2.3092464731e-02	-2.2400845504e-02	7.5822183726e-05	3.7519001621e-05
6.0100000000e+02	2.3129984529e-02	-2.2476698937e-02	7.5884664669e-05	3.7520592625e-05
6.0200000000e+02	2.3167505914e-02	-2.2552614800e-02	7.5947044375e-05	3.7522175801e-05
6.0300000000e+02	2.3205028878e-02	-2.2628592992e-02	7.6009323168e-05	3.7523751199e-05
6.0400000000e+02	2.3242553414e-02	-2.2704633413e-02	7.6071501368e-05	3.7525318870e-05
6.0500000000e+02	2.3280079513e-02	-2.2780735961e-02	7.6133579297e-05	3.7526878866e-05
6.0600000000e+02	2.3317607169e-02	-2.2856900538e-02	7.6195557272e-05	3.7528431235e-05
6.0700000000e+02	2.3355136373e-02	-2.2933127043e-02	7.6257435611e-05	3.7529976026e-05
6.0800000000e+02	2.3392667118e-02	-2.3009415376e-02	7.6319214629e-05	3.7531513291e-05
6.0900000000e+02	2.3430199397e-02	-2.3085765439e-02	7.6380894641e-05	3.7533043076e-05
6.1000000000e+02	2.3467733202e-02	-2.3162177133e-02	7.6442475958e-05	3.7534565430e-05
6.1100000000e+02	2.3505268526e-02	-2.3238650358e-02	7.6503958893e-05	3.7536080401e-05
6.1200000000e+02	2.3542805360e-02	-2.3315185018e-02	7.6565343755e-05	3.7537588036e-05
6.1300000000e+02	2.3580343699e-02	-2.3391781013e-02	7.6626630852e-05	3.7539088384e-05
6.1400000000e+02	2.3617883535e-02	-2.3468438247e-02	7.6687820491e-05	3.7540581490e-05
6.1500000000e+02	2.3655424860e-02	-2.3545156622e-02	7.6748912978e-05	3.7542067401e-05
6.1600000000e+02	2.3692967667e-02	-2.3621936041e-02	7.6809908617e-05	3.7543546162e-05
6.1700000000e+02	2.3730511950e-02	-2.3698776407e-02	7.6870807709e-05	3.7545017821e-05
6.1800000000e+02	2.3768057701e-02	-2.3775677624e-02	7.6931610557e-05	3.7546482421e-05
6.1900000000e+02	2.3805604912e-02	-2.3852639596e-02	7.6992317461e-05	3.7547940008e-05
6.2000000000e+02	2.3843153578e-02	-2.3929662227e-02	7.7052928718e-05	3.7549390626e-05
6.2100000000e+02	2.3880703691e-02	-2.4006745421e-02	7.7113444626e-05	3.7550834320e-05
6.2200000000e+02	2.3918255245e-02	-2.4083889084e-02	7.7173865481e-05	3.7552271133e-05
6.2300000000e+02	2.3955808231e-02	-2.4161093121e-02	7.7234191576e-05	3.7553701109e-05
6.2400000000e+02	2.3993362645e-02	-2.4238357436e-02	7.7294423206e-05	3.7555124292e-05
6.2500000000e+02	2.4030918478e-02	-2.4315681936e-02	7.7354560662e-05	3.7556540723e-05
6.2600000000e+02	2.4068475724e-02	-2.4393066526e-02	7.7414604233e-05	3.7557950446e-05
6.2700000000e+02	2.4106034376e-02	-2.4470511113e-02	7.7474554210e-05	3.7559353503e-05
6.2800000000e+02	2.4143594429e-02	-2.4548015603e-02	7.7534410879e-05	3.7560749935e-05
6.2900000000e+02	2.4181155874e-02	-2.4625579904e-02	7.7594174528e-05	3.7562139785e-05
6.3000000000e+02	2.4218718706e-02	-2.4703203922e-02	7.7653845441e-05	3.7563523093e-05
6.3100000000e+02	2.4256282918e-02	-2.4780887564e-02	7.7713423902e-05	3.7564899900e-05
6.3200000000e+02	2.4293848504e-02	-2.4858630739e-02	7.7772910193e-05	3.7566270246e-05
6.3300000000e+02	2.4331415456e-02	-2.4936433354e-02	7.7832304597e-05	3.7567634173e-05
6.3400000000e+02	2.4368983770e-02	-2.5014295317e-02	7.7891607393e-05	3.7568991719e-05
6.3500000000e+02	2.4406553438e-02	-2.5092216538e-02	7.7950818859e-05	3.7570342925e-05
6.3600000000e+02	2.4444124454e-02	-2.5170196925e-02	7.8009939274e-05	3.7571687830e-05
6.3700000000e+02	2.4481696811e-02	-2.5248236386e-02	7.8068968913e-05	3.7573026473e-05
6.3800000000e+02	2.4519270504e-02	-2.5326334832e-02	7.8127908051e-05	3.7574358892e-05
6.3900000000e+02	2.4556845527e-02	-2.5404492172e-02	7.8186756963e-05	3.7575685127e-05
6.4000000000e+02	2.4594421873e-02	-2.5482708316e-02	7.8245515920e-05	3.7577005214e-05
6.4100000000e+02	2.4631999535e-02	-2.5560983174e-02	7.8304185194e-05	3.7578319192e-05
6.4200000000e+02	2.4669578509e-02	-2.5639316657e-02	7.8362765056e-05	3.7579627099e-05
6.4300000000e+02	2.4707158788e-02	-2.5717708675e-02	7.8421255773e-05	3.7580928972e-05
6.4400000000e+02	2.4744740365e-02	-2.5796159139e-02	7.8479657615e-05	3.7582224847e-05
6.4500000000e+02	2.4782323235e-02	-2.5874667960e-02	7.8537970846e-05	3.7583514761e-05
6.4600000000e+02	2.4819907392e-02	-2.5953235051e-02	7.8596195733e-05	3.7584798752e-05
6.4700000000e+02	2.4857492831e-02	-2.6031860323e-02	7.8654332540e-05	3.7586076854e-05
6.4800000000e+02	2.4895079544e-02	-2.6110543687e-02	7.8712381529e-05	3.7587349104e-05
6.4900000000e+02	2.4932667527e-02	-2.6189285056e-02	7.8770342964e-05	3.7588615537e-05
6.5000000000e+02	2.4970256773e-02	-2.6268084344e-02	7.8828217103e-05	3.7589876189e-05
6.5100000000e+02	2.5007847278e-02	-2.6346941462e-02	7.8886004208e-05	3.7591131095e-05
6.5200000000e+02	2.5045439034e-02	-2.6425856323e-02	7.8943704535e-05	3.7592380289e-05
6.5300000000e+02	2.5083032036e-02	-2.6504828842e-02	7.9001318343e-05	3.7593623806e-05
6.5400000000e+02	2.5120626279e-02	-2.6583858931e-02	7.9058845888e-05	3.7594861681e-05
6.5500000000e+02	2.5158221758e-02	-2.6662946505e-02	7.9116287424e-05	3.7596093946e-05
6.5600000000e+02	2.5195818465e-02	-2.6742091477e-02	7.9173643206e-05	3.7597320637e-05
6.5700000000e+02	2.5233416397e-02	-2.6821293763e-02	7.9230913485e-05	3.7598541786e-05
6.5800000000e+02	2.5271015547e-02	-2.6900553276e-02	7.9288098515e-05	3.7599757427e-05
6.5900000000e+02	2.5308615910e-02	-2.6979869932e-02	7.9345198546e-05	3.7600967593e-05
6.6000000000e+02	2.5346217481e-02	-2.7059243645e-02	7.9402213826e-05	3.7602172316e-05
6.6100000000e+02	2.5383820253e-02	-2.7138674331e-02	7.9459144605e-05	3.7603371629e-05
6.6200000000e+02	2.5421424222e-02	-2.7218161906e-02	7.9515991130e-05	3.7604565564e-05
6.6300000000e+02	2.5459029382e-02	-2.7297706285e-02	7.9572753646e-05	3.7605754154e-05
6.6400000000e+02	2.5496635729e-02	-2.7377307385e-02	7.9629432400e-05	3.7606937430e-05
6.6500000000e+02	2.5534243255e-02	-2.7456965122e-02	7.9686027636e-05	3.7608115423e-05
6.6600000000e+02	2.5571851958e-02	-2.7536679413e-02	7.9742539595e-05	3.7609288165e-05
6.6700000000e+02	2.5609461830e-02	-2.7616450174e-02	7.9798968521e-05	3.7610455688e-05
6.6800000000e+02	2.5647072867e-02	-2.7696277322e-02	7.9855314655e-05	3.7611618021e-05
6.6900000000e+02	2.5684685064e-02	-2.7776160776e-02	7.9911578236e-05	3.7612775196e-05
6.7000000000e+02	2.5722298416e-02	-2.7856100451e-02	7.9967759503e-05	3.7613927242e-05
6.7100000000e+02	2.5759912917e-02	-2.7936096267e-02	8.0023858695e-05	3.7615074191e-05
6.7200000000e+02	2.5797528563e-02	-2.8016148141e-02	8.0079876048e-05	3.7616216072e-05
6.7300000000e+02	2.5835145348e-02	-2.8096255992e-02	8.0135811797e-05	3.7617352914e-05
6.7400000000e+02	2.5872763267e-02	-2.8176419738e-02	8.0191666179e-05	3.7618484748e-05
6.7500000000e+02	2.5910382315e-02	-2.8256639297e-02	8.0247439426e-05	3.7619611603e-05
6.7600000000e+02	2.5948002488e-02	-2.8336914590e-02	8.0303131772e-05	3.7620733507e-05
6.7700000000e+02	2.5985623781e-02	-2.8417245534e-02	8.0358743449e-05	3.7621850490e-05
6.7800000000e+02	2.6023246188e-02	-2.8497632050e-02	8.0414274687e-05	3.7622962580e-05
6.7900000000e+02	2.6060869704e-02	-2.8578074057e-02	8.0469725716e-05	3.7624069806e-05
6.8000000000e+02	2.6098494326e-02	-2.8658571475e-02	8.0525096765e-05	3.7625172196e-05
6.8100000000e+02	2.6136120047e-02	-2.8739124224e-02	8.0580388063e-05	3.7626269778e-05
6.8200000000e+02	2.6173746864e-02	-2.8819732224e-02	8.0635599836e-05	3.7627362580e-05
6.8300000000e+02	2.6211374771e-02	-2.8900395397e-02	8.0690732310e-05	3.7628450630e-05
6.8400000000e+02	2.6249003763e-02	-2.8981113662e-02	8.0745785710e-05	3.7629533954e-05
6.8500000000e+02	2.6286633837e-02	-2.9061886942e-02	8.0800760261e-05	3.7630612581e-05
6.8600000000e+02	2.6324264987e-02	-2.9142715157e-02	8.0855656186e-05	3.7631686537e-05
6.8700000000e+02	2.6361897209e-02	-2.9223598228e-02	8.0910473707e-05	3.7632755850e-05
6.8800000000e+02	2.6399530497e-02	-2.9304536078e-02	8.0965213045e-05	3.7633820545e-05
6.8900000000e+02	2.6437164848e-02	-2.9385528628e-02	8.1019874422e-05	3.7634880650e-05
6.9000000000e+02	2.6474800257e-02	-2.9466575801e-02	8.1074458055e-05	3.7635936190e-05
6.9100000000e+02	2.6512436719e-02	-2.9547677519e-02	8.1128964164e-05	3.7636987192e-05
6.9200000000e+02	2.6550074230e-02	-2.9628833704e-02	8.1183392967e-05	3.7638033682e-05
6.9300000000e+02	2.6587712785e-02	-2.9710044279e-02	8.1237744681e-05	3.7639075685e-05
6.9400000000e+02	2.6625352380e-02	-2.9791309167e-02	8.1292019520e-05	3.7640113227e-05
6.9500000000e+02	2.6662993010e-02	-2.9872628292e-02	8.1346217701e-05	3.7641146334e-05
6.9600000000e+02	2.6700634671e-02	-2.9954001577e-02	8.1400339437e-05	3.7642175030e-05
6.9700000000e+02	2.6738277358e-02	-3.0035428946e-02	8.1454384942e-05	3.7643199340e-05
6.9800000000e+02	2.6775921068e-02	-3.0116910322e-02	8.1508354427e-05	3.7644219290e-05
6.9900000000e+02	2.6813565796e-02	-3.0198445629e-02	8.1562248104e-05	3.7645234904e-05
7.0000000000e+02	2.6851211536e-02	-3.0280034793e-02	8.1616066185e-05	3.7646246207e-05
7.0100000000e+02	2.6888858287e-02	-3.0361677737e-02	8.1669808878e-05	3.7647253222e-05
7.0200000000e+02	2.6926506042e-02	-3.0443374386e-02	8.1723476392e-05	3.7648255975e-05
7.0300000000e+02	2.6964154797e-02	-3.0525124664e-02	8.1777068935e-05	3.7649254488e-05
7.0400000000e+02	2.7001804549e-02	-3.0606928498e-02	8.1830586715e-05	3.7650248786e-05
7.0500000000e+02	2.7039455293e-02	-3.0688785813e-02	8.1884029938e-05	3.7651238893e-05
7.0600000000e+02	2.7077107025e-02	-3.0770696534e-02	8.1937398809e-05	3.7652224831e-05
7.0700000000e+02	2.7114759742e-02	-3.0852660586e-02	8.1990693532e-05	3.7653206625e-05
7.0800000000e+02	2.7152413437e-02	-3.0934677896e-02	8.2043914313e-05	3.7654184297e-05
7.0900000000e+02	2.7190068109e-02	-3.1016748390e-02	8.2097061352e-05	3.7655157870e-05
7.1000000000e+02	2.7227723752e-02	-3.1098871994e-02	8.2150134853e-05	3.7656127368e-05
7.1100000000e+02	2.7265380362e-02	-3.1181048635e-02	8.2203135017e-05	3.7657092812e-05
7.1200000000e+02	2.7303037936e-02	-3.1263278240e-02	8.2256062045e-05	3.7658054226e-05
7.1300000000e+02	2.7340696469e-02	-3.1345560735e-02	8.2308916135e-05	3.7659011631e-05
7.1400000000e+02	2.7378355958e-02	-3.1427896048e-02	8.2361697487e-05	3.7659965051e-05
7.1500000000e+02	2.7416016398e-02	-3.1510284106e-02	8.2414406299e-05	3.7660914506e-05
7.1600000000e+02	2.7453677786e-02	-3.1592724836e-02	8.2467042768e-05	3.7661860019e-05
7.1700000000e+02	2.7491340117e-02	-3.1675218167e-02	8.2519607091e-05	3.7662801612e-05
7.1800000000e+02	2.7529003388e-02	-3.1757764027e-02	8.2572099463e-05	3.7663739306e-05
7.1900000000e+02	2.7566667594e-02	-3.1840362342e-02	8.2624520078e-05	3.7664673123e-05
7.2000000000e+02	2.7604332733e-02	-3.1923013043e-02	8.2676869132e-05	3.7665603083e-05
7.2100000000e+02	2.7641998799e-02	-3.2005716057e-02	8.2729146818e-05	3.7666529209e-05
7.2200000000e+02	2.7679665790e-02	-3.2088471313e-02	8.2781353327e-05	3.7667451521e-05
7.2300000000e+02	2.7717333701e-02	-3.2171278740e-02	8.2833488853e-05	3.7668370040e-05
7.2400000000e+02	2.7755002528e-02	-3.2254138267e-02	8.2885553585e-05	3.7669284786e-05
7.2500000000e+02	2.7792672269e-02	-3.2337049823e-02	8.2937547714e-05	3.7670195781e-05
7.2600000000e+02	2.7830342919e-02	-3.2420013339e-02	8.2989471429e-05	3.7671103045e-05
7.2700000000e+02	2.7868014474e-02	-3.2503028743e-02	8.3041324920e-05	3.7672006598e-05
7.2800000000e+02	2.7905686931e-02	-3.2586095965e-02	8.3093108374e-05	3.7672906460e-05
7.2900000000e+02	2.7943360286e-02	-3.2669214936e-02	8.3144821978e-05	3.7673802651e-05
7.3000000000e+02	2.7981034535e-02	-3.2752385586e-02	8.3196465919e-05	3.7674695191e-05
7.3100000000e+02	2.8018709675e-02	-3.2835607845e-02	8.3248040383e-05	3.7675584101e-05
7.3200000000e+02	2.8056385702e-02	-3.2918881644e-02	8.3299545554e-05	3.7676469399e-05
7.3300000000e+02	2.8094062612e-02	-3.3002206913e-02	8.3350981617e-05	3.7677351104e-05
7.3400000000e+02	2.8131740403e-02	-3.3085583584e-02	8.3402348756e-05	3.7678229238e-05
7.3500000000e+02	2.8169419070e-02	-3.3169011588e-02	8.3453647153e-05	3.7679103818e-05
7.3600000000e+02	2.8207098609e-02	-3.3252490855e-02	8.3504876990e-05	3.7679974864e-05
7.3700000000e+02	2.8244779018e-02	-3.3336021319e-02	8.3556038449e-05	3.7680842394e-05
7.3800000000e+02	2.8282460293e-02	-3.3419602910e-02	8.3607131711e-05	3.7681706428e-05
7.3900000000e+02	2.8320142430e-02	-3.3503235560e-02	8.3658156955e-05	3.7682566985e-05
7.4000000000e+02	2.8357825426e-02	-3.3586919201e-02	8.3709114360e-05	3.7683424082e-05
7.4100000000e+02	2.8395509277e-02	-3.3670653766e-02	8.3760004106e-05	3.7684277739e-05
7.4200000000e+02	2.8433193980e-02	-3.3754439187e-02	8.3810826370e-05	3.7685127973e-05
7.4300000000e+02	2.8470879532e-02	-3.3838275396e-02	8.3861581330e-05	3.7685974804e-05
7.4400000000e+02	2.8508565929e-02	-3.3922162327e-02	8.3912269161e-05	3.7686818248e-05
7.4500000000e+02	2.8546253167e-02	-3.4006099912e-02	8.3962890039e-05	3.7687658325e-05
7.4600000000e+02	2.8583941244e-02	-3.4090088085e-02	8.4013444141e-05	3.7688495052e-05
7.4700000000e+02	2.8621630156e-02	-3.4174126778e-02	8.4063931639e-05	3.7689328446e-05
7.4800000000e+02	2.8659319900e-02	-3.4258215926e-02	8.4114352708e-05	3.7690158526e-05
7.4900000000e+02	2.8697010472e-02	-3.4342355461e-02	8.4164707521e-05	3.7690985308e-05
7.5000000000e+02	2.8734701869e-02	-3.4426545319e-02	8.4214996251e-05	3.7691808811e-05
7.5100000000e+02	2.8772394089e-02	-3.4510785432e-02	8.4265219069e-05	3.7692629051e-05
7.5200000000e+02	2.8810087126e-02	-3.4595075735e-02	8.4315376146e-05	3.7693446047e-05
7.5300000000e+02	2.8847780980e-02	-3.4679416162e-02	8.4365467652e-05	3.7694259814e-05
7.5400000000e+02	2.8885475645e-02	-3.4763806649e-02	8.4415493758e-05	3.7695070369e-05
7.5500000000e+02	2.8923171119e-02	-3.4848247128e-02	8.4465454633e-05	3.7695877731e-05
7.5600000000e+02	2.8960867399e-02	-3.4932737536e-02	8.4515350444e-05	3.7696681914e-05
7.5700000000e+02	2.8998564482e-02	-3.5017277807e-02	8.4565181360e-05	3.7697482937e-05
7.5800000000e+02	2.9036262364e-02	-3.5101867877e-02	8.4614947548e-05	3.7698280815e-05
7.5900000000e+02	2.9073961043e-02	-3.5186507681e-02	8.4664649175e-05	3.7699075565e-05
7.6000000000e+02	2.9111660514e-02	-3.5271197154e-02	8.4714286406e-05	3.7699867203e-05
7.6100000000e+02	2.9149360776e-02	-3.5355936232e-02	8.4763859407e-05	3.7700655745e-05
7.6200000000e+02	2.9187061825e-02	-3.5440724852e-02	8.4813368342e-05	3.7701441208e-05
7.6300000000e+02	2.9224763657e-02	-3.5525562948e-02	8.4862813375e-05	3.7702223608e-05
7.6400000000e+02	2.9262466271e-02	-3.5610450457e-02	8.4912194670e-05	3.7703002960e-05
7.6500000000e+02	2.9300169662e-02	-3.5695387316e-02	8.4961512390e-05	3.7703779279e-05
7.6600000000e+02	2.9337873829e-02	-3.5780373461e-02	8.5010766696e-05	3.7704552583e-05
7.6700000000e+02	2.9375578767e-02	-3.5865408828e-02	8.5059957751e-05	3.7705322886e-05
7.6800000000e+02	2.9413284473e-02	-3.5950493355e-02	8.5109085714e-05	3.7706090204e-05
7.6900000000e+02	2.9450990946e-02	-3.6035626979e-02	8.5158150747e-05	3.7706854552e-05
7.7000000000e+02	2.9488698181e-02	-3.6120809636e-02	8.5207153009e-05	3.7707615945e-05
7.7100000000e+02	2.9526406177e-02	-3.6206041264e-02	8.5256092660e-05	3.7708374399e-05
7.7200000000e+02	2.9564114929e-02	-3.6291321800e-02	8.5304969857e-05	3.7709129929e-05
7.7300000000e+02	2.9601824436e-02	-3.6376651183e-02	8.5353784759e-05	3.7709882550e-05
7.7400000000e+02	2.9639534693e-02	-3.6462029349e-02	8.5402537523e-05	3.7710632276e-05
7.7500000000e+02	2.9677245699e-02	-3.6547456237e-02	8.5451228305e-05	3.7711379123e-05
7.7600000000e+02	2.9714957451e-02	-3.6632931785e-02	8.5499857263e-05	3.7712123105e-05
7.7700000000e+02	2.9752669945e-02	-3.6718455931e-02	8.5548424551e-05	3.7712864236e-05
7.7800000000e+02	2.9790383178e-02	-3.6804028614e-02	8.5596930324e-05	3.7713602532e-05
7.7900000000e+02	2.9828097149e-02	-3.6889649771e-02	8.5645374737e-05	3.7714338007e-05
7.8000000000e+02	2.9865811853e-02	-3.6975319343e-02	8.5693757944e-05	3.7715070674e-05
7.8100000000e+02	2.9903527289e-02	-3.7061037267e-02	8.5742080097e-05	3.7715800549e-05
7.8200000000e+02	2.9941243453e-02	-3.7146803483e-02	8.5790341351e-05	3.7716527645e-05
7.8300000000e+02	2.9978960344e-02	-3.7232617929e-02	8.5838541856e-05	3.7717251977e-05
7.8400000000e+02	3.0016677957e-02	-3.7318480546e-02	8.5886681764e-05	3.7717973558e-05
7.8500000000e+02	3.0054396290e-02	-3.7404391273e-02	8.5934761226e-05	3.7718692402e-05
7.8600000000e+02	3.0092115340e-02	-3.7490350049e-02	8.5982780393e-05	3.7719408523e-05
7.8700000000e+02	3.0129835106e-02	-3.7576356813e-02	8.6030739415e-05	3.7720121936e-05
7.8800000000e+02	3.0167555583e-02	-3.7662411507e-02	8.6078638440e-05	3.7720832652e-05
7.8900000000e+02	3.0205276770e-02	-3.7748514070e-02	8.6126477618e-05	3.7721540687e-05
7.9000000000e+02	3.0242998664e-02	-3.7834664443e-02	8.6174257097e-05	3.7722246053e-05
7.9100000000e+02	3.0280721261e-02	-3.7920862565e-02	8.6221977024e-05	3.7722948764e-05
7.9200000000e+02	3.0318444561e-02	-3.8007108377e-02	8.6269637547e-05	3.7723648833e-05
7.9300000000e+02	3.0356168558e-02	-3.8093401820e-02	8.6317238813e-05	3.7724346273e-05
7.9400000000e+02	3.0393893252e-02	-3.8179742835e-02	8.6364780966e-05	3.7725041098e-05
7.9500000000e+02	3.0431618640e-02	-3.8266131362e-02	8.6412264153e-05	3.7725733320e-05
7.9600000000e+02	3.0469344718e-02	-3.8352567344e-02	8.6459688520e-05	3.7726422953e-05
7.9700000000e+02	3.0507071485e-02	-3.8439050720e-02	8.6507054209e-05	3.7727110008e-05
7.9800000000e+02	3.0544798937e-02	-3.8525581433e-02	8.6554361365e-05	3.7727794500e-05
7.9900000000e+02	3.0582527073e-02	-3.8612159423e-02	8.6601610133e-05	3.7728476441e-05
8.0000000000e+02	3.0620255889e-02	-3.8698784633e-02	8.6648800653e-05	3.7729155843e-05
8.0100000000e+02	3.0657985384e-02	-3.8785457005e-02	8.6695933070e-05	3.7729832720e-05
8.0200000000e+02	3.0695715554e-02	-3.8872176480e-02	8.6743007524e-05	3.7730507082e-05
8.0300000000e+02	3.0733446397e-02	-3.8958943001e-02	8.6790024157e-05	3.7731178944e-05
8.0400000000e+02	3.0771177911e-02	-3.9045756509e-02	8.6836983110e-05	3.7731848317e-05
8.0500000000e+02	3.0808910093e-02	-3.9132616948e-02	8.6883884523e-05	3.7732515213e-05
8.0600000000e+02	3.0846642940e-02	-3.9219524259e-02	8.6930728535e-05	3.7733179646e-05
8.0700000000e+02	3.0884376451e-02	-3.9306478386e-02	8.6977515288e-05	3.7733841625e-05
8.0800000000e+02	3.0922110623e-02	-3.9393479271e-02	8.7024244918e-05	3.7734501165e-05
8.0900000000e+02	3.0959845453e-02	-3.9480526857e-02	8.7070917564e-05	3.7735158277e-05
8.1000000000e+02	3.0997580939e-02	-3.9567621087e-02	8.7117533365e-05	3.7735812972e-05
8.1100000000e+02	3.1035317078e-02	-3.9654761905e-02	8.7164092457e-05	3.7736465262e-05
8.1200000000e+02	3.1073053868e-02	-3.9741949253e-02	8.7210594977e-05	3.7737115160e-05
8.1300000000e+02	3.1110791307e-02	-3.9829183076e-02	8.7257041062e-05	3.7737762677e-05
8.1400000000e+02	3.1148529393e-02	-3.9916463316e-02	8.7303430847e-05	3.7738407824e-05
8.1500000000e+02	3.1186268122e-02	-4.0003789919e-02	8.7349764467e-05	3.7739050613e-05
8.1600000000e+02	3.1224007493e-02	-4.0091162827e-02	8.7396042059e-05	3.7739691056e-05
8.1700000000e+02	3.1261747504e-02	-4.0178581984e-02	8.7442263755e-05	3.7740329164e-05
8.1800000000e+02	3.1299488151e-02	-4.0266047335e-02	8.7488429690e-05	3.7740964947e-05
8.1900000000e+02	3.1337229433e-02	-4.0353558825e-02	8.7534539997e-05	3.7741598419e-05
8.2000000000e+02	3.1374971347e-02	-4.0441116397e-02	8.7580594810e-05	3.7742229588e-05
8.2100000000e+02	3.1412713891e-02	-4.0528719996e-02	8.7626594260e-05	3.7742858468e-05
8.2200000000e+02	3.1450457063e-02	-4.0616369567e-02	8.7672538480e-05	3.7743485068e-05
8.2300000000e+02	3.1488200861e-02	-4.0704065055e-02	8.7718427601e-05	3.7744109400e-05
8.2400000000e+02	3.1525945281e-02	-4.0791806404e-02	8.7764261754e-05	3.7744731475e-05
8.2500000000e+02	3.1563690323e-02	-4.0879593560e-02	8.7810041070e-05	3.7745351304e-05
8.2600000000e+02	3.1601435983e-02	-4.0967426468e-02	8.7855765679e-05	3.7745968896e-05
8.2700000000e+02	3.1639182260e-02	-4.1055305073e-02	8.7901435711e-05	3.7746584264e-05
8.2800000000e+02	3.1676929151e-02	-4.1143229321e-02	8.7947051295e-05	3.7747197417e-05
8.2900000000e+02	3.1714676654e-02	-4.1231199158e-02	8.7992612559e-05	3.7747808367e-05
8.3000000000e+02	3.1752424767e-02	-4.1319214528e-02	8.8038119633e-05	3.7748417123e-05
8.3100000000e+02	3.1790173487e-02	-4.1407275379e-02	8.8083572643e-05	3.7749023697e-05
8.3200000000e+02	3.1827922814e-02	-4.1495381656e-02	8.8128971718e-05	3.7749628099e-05
8.3300000000e+02	3.1865672743e-02	-4.1583533304e-02	8.8174316984e-05	3.7750230338e-05
8.3400000000e+02	3.1903423273e-02	-4.1671730272e-02	8.8219608567e-05	3.7750830426e-05
8.3500000000e+02	3.1941174403e-02	-4.1759972504e-02	8.8264846595e-05	3.7751428373e-05
8.3600000000e+02	3.1978926130e-02	-4.1848259947e-02	8.8310031192e-05	3.7752024188e-05
8.3700000000e+02	3.2016678451e-02	-4.1936592548e-02	8.8355162484e-05	3.7752617882e-05
8.3800000000e+02	3.2054431365e-02	-4.2024970254e-02	8.8400240595e-05	3.7753209464e-05
8.3900000000e+02	3.2092184869e-02	-4.2113393012e-02	8.8445265650e-05	3.7753798946e-05
8.4000000000e+02	3.2129938962e-02	-4.2201860768e-02	8.8490237773e-05	3.7754386337e-05
8.4100000000e+02	3.2167693641e-02	-4.2290373470e-02	8.8535157088e-05	3.7754971646e-05
8.4200000000e+02	3.2205448904e-02	-4.2378931064e-02	8.8580023716e-05	3.7755554883e-05
8.4300000000e+02	3.2243204750e-02	-4.2467533500e-02	8.8624837781e-05	3.7756136059e-05
8.4400000000e+02	3.2280961176e-02	-4.2556180723e-02	8.8669599406e-05	3.7756715182e-05
8.4500000000e+02	3.2318718180e-02	-4.2644872681e-02	8.8714308711e-05	3.7757292263e-05
8.4600000000e+02	3.2356475760e-02	-4.2733609323e-02	8.8758965818e-05	3.7757867311e-05
8.4700000000e+02	3.2394233914e-02	-4.2822390595e-02	8.8803570849e-05	3.7758440336e-05
8.4800000000e+02	3.2431992640e-02	-4.2911216447e-02	8.8848123923e-05	3.7759011347e-05
8.4900000000e+02	3.2469751936e-02	-4.3000086826e-02	8.8892625161e-05	3.7759580353e-05
8.5000000000e+02	3.2507511800e-02	-4.3089001680e-02	8.8937074682e-05	3.7760147364e-05
8.5100000000e+02	3.2545272230e-02	-4.3177960958e-02	8.8981472606e-05	3.7760712390e-05
8.5200000000e+02	3.2583033224e-02	-4.3266964608e-02	8.9025819052e-05	3.7761275438e-05
8.5300000000e+02	3.2620794780e-02	-4.3356012579e-02	8.9070114137e-05	3.7761836520e-05
8.5400000000e+02	3.2658556896e-02	-4.3445104819e-02	8.9114357981e-05	3.7762395643e-05
8.5500000000e+02	3.2696319571e-02	-4.3534241278e-02	8.9158550700e-05	3.7762952817e-05
8.5600000000e+02	3.2734082801e-02	-4.3623421904e-02	8.9202692412e-05	3.7763508050e-05
8.5700000000e+02	3.2771846586e-02	-4.3712646646e-02	8.9246783234e-05	3.7764061353e-05
8.5800000000e+02	3.2809610923e-02	-4.3801915453e-02	8.9290823283e-05	3.7764612733e-05
8.5900000000e+02	3.2847375811e-02	-4.3891228275e-02	8.9334812673e-05	3.7765162200e-05
8.6000000000e+02	3.2885141247e-02	-4.3980585062e-02	8.9378751522e-05	3.7765709763e-05
8.6100000000e+02	3.2922907230e-02	-4.4069985762e-02	8.9422639944e-05	3.7766255429e-05
8.6200000000e+02	3.2960673757e-02	-4.4159430325e-02	8.9466478053e-05	3.7766799209e-05
8.6300000000e+02	3.2998440828e-02	-4.4248918701e-02	8.9510265966e-05	3.7767341110e-05
8.6400000000e+02	3.3036208439e-02	-4.4338450840e-02	8.9554003795e-05	3.7767881142e-05
8.6500000000e+02	3.3073976589e-02	-4.4428026692e-02	8.9597691655e-05	3.7768419313e-05
8.6600000000e+02	3.3111745277e-02	-4.4517646207e-02	8.9641329658e-05	3.7768955631e-05
8.6700000000e+02	3.3149514500e-02	-4.4607309335e-02	8.9684917918e-05	3.7769490105e-05
8.6800000000e+02	3.3187284256e-02	-4.4697016026e-02	8.9728456547e-05	3.7770022743e-05
8.6900000000e+02	3.3225054545e-02	-4.4786766231e-02	8.9771945657e-05	3.7770553554e-05
8.7000000000e+02	3.3262825363e-02	-4.4876559901e-02	8.9815385361e-05	3.7771082546e-05
8.7100000000e+02	3.3300596709e-02	-4.4966396986e-02	8.9858775769e-05	3.7771609727e-05
8.7200000000e+02	3.3338368582e-02	-4.5056277436e-02	8.9902116993e-05	3.7772135106e-05
8.7300000000e+02	3.3376140979e-02	-4.5146201203e-02	8.9945409143e-05	3.7772658691e-05
8.7400000000e+02	3.3413913899e-02	-4.5236168238e-02	8.9988652330e-05	3.7773180489e-05
8.7500000000e+02	3.3451687339e-02	-4.5326178492e-02	9.0031846664e-05	3.7773700510e-05
8.7600000000e+02	3.3489461299e-02	-4.5416231915e-02	9.0074992254e-05	3.7774218760e-05
8.7700000000e+02	3.3527235776e-02	-4.5506328460e-02	9.0118089209e-05	3.7774735249e-05
8.7800000000e+02	3.3565010769e-02	-4.5596468077e-02	9.0161137638e-05	3.7775249984e-05
8.7900000000e+02	3.3602786276e-02	-4.5686650719e-02	9.0204137650e-05	3.7775762973e-05
8.8000000000e+02	3.3640562294e-02	-4.5776876337e-02	9.0247089353e-05	3.7776274224e-05
8.8100000000e+02	3.3678338823e-02	-4.5867144882e-02	9.0289992855e-05	3.7776783744e-05
8.8200000000e+02	3.3716115861e-02	-4.5957456306e-02	9.0332848262e-05	3.7777291542e-05
8.8300000000e+02	3.3753893406e-02	-4.6047810562e-02	9.0375655683e-05	3.7777797625e-05
8.8400000000e+02	3.3791671456e-02	-4.6138207602e-02	9.0418415223e-05	3.7778302001e-05
8.8500000000e+02	3.3829450009e-02	-4.6228647377e-02	9.0461126990e-05	3.7778804677e-05
8.8600000000e+02	3.3867229065e-02	-4.6319129840e-02	9.0503791088e-05	3.7779305662e-05
8.8700000000e+02	3.3905008620e-02	-4.6409654943e-02	9.0546407625e-05	3.7779804963e-05
8.8800000000e+02	3.3942788674e-02	-4.6500222639e-02	9.0588976704e-05	3.7780302587e-05
8.8900000000e+02	3.3980569225e-02	-4.6590832881e-02	9.0631498431e-05	3.7780798541e-05
8.9000000000e+02	3.4018350271e-02	-4.6681485620e-02	9.0673972911e-05	3.7781292834e-05
8.9100000000e+02	3.4056131810e-02	-4.6772180811e-02	9.0716400248e-05	3.7781785473e-05
8.9200000000e+02	3.4093913841e-02	-4.6862918405e-02	9.0758780545e-05	3.7782276464e-05
8.9300000000e+02	3.4131696362e-02	-4.6953698356e-02	9.0801113906e-05	3.7782765816e-05
8.9400000000e+02	3.4169479372e-02	-4.7044520617e-02	9.0843400436e-05	3.7783253535e-05
8.9500000000e+02	3.4207262869e-02	-4.7135385142e-02	9.0885640235e-05	3.7783739630e-05
8.9600000000e+02	3.4245046851e-02	-4.7226291882e-02	9.0927833407e-05	3.7784224106e-05
8.9700000000e+02	3.4282831316e-02	-4.7317240793e-02	9.0969980055e-05	3.7784706972e-05
8.9800000000e+02	3.4320616264e-02	-4.7408231827e-02	9.1012080280e-05	3.7785188234e-05
8.9900000000e+02	3.4358401692e-02	-4.7499264938e-02	9.1054134183e-05	3.7785667899e-05
9.0000000000e+02	3.4396187599e-02	-4.7590340080e-02	9.1096141866e-05	3.7786145975e-05
9.0100000000e+02	3.4433973984e-02	-4.7681457206e-02	9.1138103430e-05	3.7786622468e-05
9.0200000000e+02	3.4471760844e-02	-4.7772616271e-02	9.1180018975e-05	3.7787097386e-05
9.0300000000e+02	3.4509548178e-02	-4.7863817229e-02	9.1221888601e-05	3.7787570735e-05
9.0400000000e+02	3.4547335985e-02	-4.7955060033e-02	9.1263712409e-05	3.7788042523e-05
9.0500000000e+02	3.4585124263e-02	-4.8046344639e-02	9.1305490498e-05	3.7788512755e-05
9.0600000000e+02	3.4622913010e-02	-4.8137670999e-02	9.1347222968e-05	3.7788981440e-05
9.0700000000e+02	3.4660702225e-02	-4.8229039069e-02	9.1388909916e-05	3.7789448583e-05
9.0800000000e+02	3.4698491906e-02	-4.8320448804e-02	9.1430551443e-05	3.7789914192e-05
9.0900000000e+02	3.4736282053e-02	-4.8411900157e-02	9.1472147646e-05	3.7790378272e-05
9.1000000000e+02	3.4774072663e-02	-4.8503393084e-02	9.1513698622e-05	3.7790840832e-05
9.1100000000e+02	3.4811863734e-02	-4.8594927539e-02	9.1555204471e-05	3.7791301877e-05
9.1200000000e+02	3.4849655266e-02	-4.8686503478e-02	9.1596665289e-05	3.7791761414e-05
9.1300000000e+02	3.4887447256e-02	-4.8778120855e-02	9.1638081173e-05	3.7792219450e-05
9.1400000000e+02	3.4925239704e-02	-4.8869779625e-02	9.1679452220e-05	3.7792675991e-05
9.1500000000e+02	3.4963032608e-02	-4.8961479744e-02	9.1720778527e-05	3.7793131044e-05
9.1600000000e+02	3.5000825966e-02	-4.9053221167e-02	9.1762060189e-05	3.7793584614e-05
9.1700000000e+02	3.5038619777e-02	-4.9145003850e-02	9.1803297303e-05	3.7794036710e-05
9.1800000000e+02	3.5076414039e-02	-4.9236827747e-02	9.1844489963e-05	3.7794487336e-05
9.1900000000e+02	3.5114208751e-02	-4.9328692815e-02	9.1885638265e-05	3.7794936499e-05
9.2000000000e+02	3.5152003911e-02	-4.9420599009e-02	9.1926742305e-05	3.7795384206e-05
9.2100000000e+02	3.5189799519e-02	-4.9512546285e-02	9.1967802175e-05	3.7795830463e-05
9.2200000000e+02	3.5227595572e-02	-4.9604534599e-02	9.2008817972e-05	3.7796275275e-05
9.2300000000e+02	3.5265392069e-02	-4.9696563906e-02	9.2049789789e-05	3.7796718651e-05
9.2400000000e+02	3.5303189008e-02	-4.9788634164e-02	9.2090717719e-05	3.7797160594e-05
9.2500000000e+02	3.5340986389e-02	-4.9880745327e-02	9.2131601856e-05	3.7797601112e-05
9.2600000000e+02	3.5378784210e-02	-4.9972897353e-02	9.2172442293e-05	3.7798040211e-05
9.2700000000e+02	3.5416582469e-02	-5.0065090197e-02	9.2213239122e-05	3.7798477897e-05
9.2800000000e+02	3.5454381166e-02	-5.0157323817e-02	9.2253992438e-05	3.7798914176e-05
9.2900000000e+02	3.5492180297e-02	-5.0249598168e-02	9.2294702330e-05	3.7799349053e-05
9.3000000000e+02	3.5529979863e-02	-5.0341913207e-02	9.2335368892e-05	3.7799782536e-05
9.3100000000e+02	3.5567779862e-02	-5.0434268891e-02	9.2375992216e-05	3.7800214629e-05
9.3200000000e+02	3.5605580292e-02	-5.0526665177e-02	9.2416572391e-05	3.7800645339e-05
9.3300000000e+02	3.5643381152e-02	-5.0619102021e-02	9.2457109511e-05	3.7801074672e-05
9.3400000000e+02	3.5681182441e-02	-5.0711579381e-02	9.2497603664e-05	3.7801502633e-05
9.3500000000e+02	3.5718984157e-02	-5.0804097214e-02	9.2538054943e-05	3.7801929229e-05
9.3600000000e+02	3.5756786299e-02	-5.0896655477e-02	9.2578463436e-05	3.7802354465e-05
9.3700000000e+02	3.5794588865e-02	-5.0989254127e-02	9.2618829234e-05	3.7802778346e-05
9.3800000000e+02	3.5832391855e-02	-5.1081893121e-02	9.2659152427e-05	3.7803200880e-05
9.3900000000e+02	3.5870195267e-02	-5.1174572418e-02	9.2699433104e-05	3.7803622070e-05
9.4000000000e+02	3.5907999099e-02	-5.1267291973e-02	9.2739671353e-05	3.7804041924e-05
9.4100000000e+02	3.5945803350e-02	-5.1360051746e-02	9.2779867265e-05	3.7804460446e-05
9.4200000000e+02	3.5983608019e-02	-5.1452851694e-02	9.2820020927e-05	3.7804877643e-05
9.4300000000e+02	3.6021413105e-02	-5.1545691774e-02	9.2860132427e-05	3.7805293519e-05
9.4400000000e+02	3.6059218606e-02	-5.1638571945e-02	9.2900201854e-05	3.7805708081e-05
9.4500000000e+02	3.6097024521e-02	-5.1731492164e-02	9.2940229296e-05	3.7806121334e-05
9.4600000000e+02	3.6134830848e-02	-5.1824452389e-02	9.2980214839e-05	3.7806533283e-05
9.4700000000e+02	3.6172637587e-02	-5.1917452580e-02	9.3020158571e-05	3.7806943934e-05
9.4800000000e+02	3.6210444736e-02	-5.2010492693e-02	9.3060060578e-05	3.7807353293e-05
9.4900000000e+02	3.6248252293e-02	-5.2103572687e-02	9.3099920948e-05	3.7807761364e-05
9.5000000000e+02	3.6286060258e-02	-5.2196692521e-02	9.3139739767e-05	3.7808168153e-05
9.5100000000e+02	3.6323868629e-02	-5.2289852153e-02	9.3179517120e-05	3.7808573666e-05
9.5200000000e+02	3.6361677405e-02	-5.2383051541e-02	9.3219253094e-05	3.7808977908e-05
9.5300000000e+02	3.6399486584e-02	-5.2476290645e-02	9.3258947775e-05	3.7809380884e-05
9.5400000000e+02	3.6437296166e-02	-5.2569569423e-02	9.3298601246e-05	3.7809782600e-05
9.5500000000e+02	3.6475106149e-02	-5.2662887834e-02	9.3338213594e-05	3.7810183060e-05
9.5600000000e+02	3.6512916532e-02	-5.2756245836e-02	9.3377784904e-05	3.7810582270e-05
9.5700000000e+02	3.6550727313e-02	-5.2849643390e-02	9.3417315259e-05	3.7810980235e-05
9.5800000000e+02	3.6588538492e-02	-5.2943080453e-02	9.3456804744e-05	3.7811376960e-05
9.5900000000e+02	3.6626350067e-02	-5.3036556986e-02	9.3496253444e-05	3.7811772451e-05
9.6000000000e+02	3.6664162036e-02	-5.3130072947e-02	9.3535661441e-05	3.7812166712e-05
9.6100000000e+02	3.6701974400e-02	-5.3223628295e-02	9.3575028819e-05	3.7812559749e-05
9.6200000000e+02	3.6739787155e-02	-5.3317222991e-02	9.3614355661e-05	3.7812951566e-05
9.6300000000e+02	3.6777600302e-02	-5.3410856993e-02	9.3653642051e-05	3.7813342169e-05
9.6400000000e+02	3.6815413839e-02	-5.3504530261e-02	9.3692888071e-05	3.7813731563e-05
9.6500000000e+02	3.6853227765e-02	-5.3598242756e-02	9.3732093804e-05	3.7814119752e-05
9.6600000000e+02	3.6891042078e-02	-5.3691994436e-02	9.3771259331e-05	3.7814506742e-05
9.6700000000e+02	3.6928856778e-02	-5.3785785261e-02	9.3810384735e-05	3.7814892538e-05
9.6800000000e+02	3.6966671863e-02	-5.3879615192e-02	9.3849470098e-05	3.7815277144e-05
9.6900000000e+02	3.7004487332e-02	-5.3973484188e-02	9.3888515500e-05	3.7815660565e-05
9.7000000000e+02	3.7042303184e-02	-5.4067392209e-02	9.3927521024e-05	3.7816042806e-05
9.7100000000e+02	3.7080119417e-02	-5.4161339217e-02	9.3966486750e-05	3.7816423873e-05
9.7200000000e+02	3.7117936031e-02	-5.4255325170e-02	9.4005412758e-05	3.7816803769e-05
9.7300000000e+02	3.7155753024e-02	-5.4349350029e-02	9.4044299130e-05	3.7817182500e-05
9.7400000000e+02	3.7193570396e-02	-5.4443413755e-02	9.4083145945e-05	3.7817560070e-05
9.7500000000e+02	3.7231388144e-02	-5.4537516308e-02	9.4121953284e-05	3.7817936485e-05
9.7600000000e+02	3.7269206268e-02	-5.4631657648e-02	9.4160721226e-05	3.7818311748e-05
9.7700000000e+02	3.7307024767e-02	-5.4725837737e-02	9.4199449851e-05	3.7818685864e-05
9.7800000000e+02	3.7344843640e-02	-5.4820056535e-02	9.4238139238e-05	3.7819058839e-05
9.7900000000e+02	3.7382662885e-02	-5.4914314002e-02	9.4276789466e-05	3.7819430677e-05
9.8000000000e+02	3.7420482501e-02	-5.5008610101e-02	9.4315400614e-05	3.7819801382e-05
9.8100000000e+02	3.7458302487e-02	-5.5102944791e-02	9.4353972760e-05	3.7820170959e-05
9.8200000000e+02	3.7496122842e-02	-5.5197318033e-02	9.4392505983e-05	3.7820539412e-05
9.8300000000e+02	3.7533943565e-02	-5.5291729790e-02	9.4431000361e-05	3.7820906747e-05
9.8400000000e+02	3.7571764655e-02	-5.5386180021e-02	9.4469455972e-05	3.7821272967e-05
9.8500000000e+02	3.7609586111e-02	-5.5480668689e-02	9.4507872893e-05	3.7821638077e-05
9.8600000000e+02	3.7647407931e-02	-5.5575195754e-02	9.4546251202e-05	3.7822002082e-05
9.8700000000e+02	3.7685230115e-02	-5.5669761178e-02	9.4584590976e-05	3.7822364986e-05
9.8800000000e+02	3.7723052661e-02	-5.5764364923e-02	9.4622892291e-05	3.7822726793e-05
9.8900000000e+02	3.7760875568e-02	-5.5859006950e-02	9.4661155226e-05	3.7823087508e-05
9.9000000000e+02	3.7798698835e-02	-5.5953687221e-02	9.4699379855e-05	3.7823447136e-05
9.9100000000e+02	3.7836522462e-02	-5.6048405697e-02	9.4737566255e-05	3.7823805680e-05
9.9200000000e+02	3.7874346446e-02	-5.6143162341e-02	9.4775714503e-05	3.7824163145e-05
9.9300000000e+02	3.7912170788e-02	-5.6237957113e-02	9.4813824674e-05	3.7824519536e-05
9.9400000000e+02	3.7949995485e-02	-5.6332789977e-02	9.4851896844e-05	3.7824874856e-05
9.9500000000e+02	3.7987820537e-02	-5.6427660894e-02	9.4889931087e-05	3.7825229109e-05
9.9600000000e+02	3.8025645943e-02	-5.6522569827e-02	9.4927927480e-05	3.7825582301e-05
9.9700000000e+02	3.8063471702e-02	-5.6617516737e-02	9.4965886097e-05	3.7825934436e-05
9.9800000000e+02	3.8101297812e-02	-5.6712501586e-02	9.5003807012e-05	3.7826285517e-05
9.9900000000e+02	3.8139124272e-02	-5.6807524338e-02	9.5041690301e-05	3.7826635548e-05
