# total modes from dos = 5.9999747804e+00
# ZPE = 4.3500567343e-03 Ry/cell
# Multiply by 13.6058 to have energies in eV/cell etc..
# Multiply by 13.6058 x 23060.35 = 313 754.5 to have energies in cal/(N mol).
# Multiply by 13.6058 x 96526.0 = 1 313 313 to have energies in J/(N mol).
# N is the number of formula units per cell.
#
# T (K) 	Evib (Ry/cell)	Fvib (Ry/cell)	Svib (Ry/cell/K)	Cvib (Ry/cell/K)
1.0000000000e+00	4.3500567499e-03	4.3500566622e-03	8.7732887825e-11	4.6073009969e-11
2.0000000000e+00	4.3500568898e-03	4.3500565383e-03	1.7572301804e-10	2.8048676269e-10
3.0000000000e+00	4.3500574358e-03	4.3500562690e-03	3.8894385556e-10	8.8977342589e-10
4.0000000000e+00	4.3500588569e-03	4.3500556979e-03	7.8975275164e-10	2.0619396069e-09
5.0000000000e+00	4.3500618107e-03	4.3500546061e-03	1.4409212332e-09	3.9870598476e-09
6.0000000000e+00	4.3500671466e-03	4.3500527115e-03	2.4058498394e-09	6.8590529335e-09
7.0000000000e+00	4.3500759112e-03	4.3500496683e-03	3.7489833096e-09	1.0878690596e-08
8.0000000000e+00	4.3500893572e-03	4.3500450654e-03	5.5364683886e-09	1.6258652463e-08
9.0000000000e+00	4.3501089596e-03	4.3500384243e-03	7.8372558280e-09	2.3233306976e-08
1.0000000000e+01	4.3501364463e-03	4.3500291953e-03	1.0725099418e-08	3.2077924599e-08
1.1000000000e+01	4.3501738536e-03	4.3500167512e-03	1.4282031212e-08	4.3140707161e-08
1.2000000000e+01	4.3502236198e-03	4.3500003766e-03	1.8603595516e-08	5.6884847917e-08
1.3000000000e+01	4.3502887218e-03	4.3499792509e-03	2.3805453472e-08	7.3930952018e-08
1.4000000000e+01	4.3503728496e-03	4.3499524251e-03	3.0030327240e-08	9.5087722406e-08
1.5000000000e+01	4.3504806010e-03	4.3499187911e-03	3.7453993530e-08	1.2136189439e-07
1.6000000000e+01	4.3506176745e-03	4.3498770470e-03	4.6289220634e-08	1.5394433540e-07
1.7000000000e+01	4.3507910379e-03	4.3498256589e-03	5.6787002245e-08	1.9417483564e-07
1.8000000000e+01	4.3510090525e-03	4.3497628233e-03	6.9234956826e-08	2.4349164157e-07
1.9000000000e+01	4.3512815429e-03	4.3496864325e-03	8.3953180965e-08	3.0337299773e-07
2.0000000000e+01	4.3516198071e-03	4.3495940449e-03	1.0128810773e-07	3.7527746600e-07
2.1000000000e+01	4.3520365681e-03	4.3494828624e-03	1.2160503137e-07	4.6058837309e-07
2.2000000000e+01	4.3525458745e-03	4.3493497155e-03	1.4527995404e-07	5.6056602859e-07
2.3000000000e+01	4.3531629576e-03	4.3491910569e-03	1.7269133189e-07	6.7630975123e-07
2.4000000000e+01	4.3539040553e-03	4.3490029629e-03	2.0421218342e-07	8.0873042618e-07
2.5000000000e+01	4.3547862149e-03	4.3487811424e-03	2.4020289928e-07	9.5853334607e-07
2.6000000000e+01	4.3558270824e-03	4.3485209530e-03	2.8100497626e-07	1.1262104396e-06
2.7000000000e+01	4.3570446891e-03	4.3482174226e-03	3.2693579751e-07	1.3120406129e-06
2.8000000000e+01	4.3584572411e-03	4.3478652751e-03	3.7828449982e-07	1.5160967561e-06
2.9000000000e+01	4.3600829196e-03	4.3474589613e-03	4.3530890735e-07	1.7382579457e-06
3.0000000000e+01	4.3619396942e-03	4.3469926902e-03	4.9823346709e-07	1.9782254491e-06
3.1000000000e+01	4.3640451548e-03	4.3464604639e-03	5.6724809286e-07	2.2355412776e-06
3.2000000000e+01	4.3664163618e-03	4.3458561120e-03	6.4250780791e-07	2.5096082062e-06
3.3000000000e+01	4.3690697174e-03	4.3451733261e-03	7.2413306954e-07	2.7997103557e-06
3.4000000000e+01	4.3720208571e-03	4.3444056947e-03	8.1221065925e-07	3.1050336178e-06
3.5000000000e+01	4.3752845615e-03	4.3435467355e-03	9.0679502686e-07	3.4246853619e-06
3.6000000000e+01	4.3788746869e-03	4.3425899274e-03	1.0079099857e-06	3.7577130177e-06
3.7000000000e+01	4.3828041147e-03	4.3415287400e-03	1.1155506660e-06	4.1031212482e-06
3.8000000000e+01	4.3870847156e-03	4.3403566611e-03	1.2296856451e-06	4.4598875391e-06
3.9000000000e+01	4.3917273305e-03	4.3390672223e-03	1.3502591849e-06	4.8269761149e-06
4.0000000000e+01	4.3967417629e-03	4.3376540222e-03	1.4771935162e-06	5.2033501618e-06
4.1000000000e+01	4.4021367833e-03	4.3361107473e-03	1.6103911229e-06	5.5879823889e-06
4.2000000000e+01	4.4079201438e-03	4.3344311904e-03	1.7497369864e-06	5.9798639983e-06
4.3000000000e+01	4.4140985998e-03	4.3326092672e-03	1.8951007586e-06	6.3780121612e-06
4.4000000000e+01	4.4206779397e-03	4.3306390306e-03	2.0463388413e-06	6.7814761160e-06
4.5000000000e+01	4.4276630189e-03	4.3285146830e-03	2.2032963550e-06	7.1893420110e-06
4.6000000000e+01	4.4350577994e-03	4.3262305861e-03	2.3658089847e-06	7.6007366228e-06
4.7000000000e+01	4.4428653913e-03	4.3237812706e-03	2.5337046964e-06	8.0148300752e-06
4.8000000000e+01	4.4510880971e-03	4.3211614417e-03	2.7068053208e-06	8.4308376845e-06
4.9000000000e+01	4.4597274581e-03	4.3183659859e-03	2.8849280040e-06	8.8480210485e-06
5.0000000000e+01	4.4687843001e-03	4.3153899738e-03	3.0678865263e-06	9.2656884865e-06
5.1000000000e+01	4.4782587808e-03	4.3122286636e-03	3.2554924942e-06	9.6831949341e-06
5.2000000000e+01	4.4881504361e-03	4.3088775028e-03	3.4475564100e-06	1.0099941381e-05
5.3000000000e+01	4.4984582252e-03	4.3053321281e-03	3.6438886245e-06	1.0515373939e-05
5.4000000000e+01	4.5091805755e-03	4.3015883658e-03	3.8443001810e-06	1.0928982602e-05
5.5000000000e+01	4.5203154261e-03	4.2976422305e-03	4.0486035569e-06	1.1340299778e-05
5.6000000000e+01	4.5318602686e-03	4.2934899232e-03	4.2566133096e-06	1.1748898639e-05
5.7000000000e+01	4.5438121876e-03	4.2891278293e-03	4.4681466354e-06	1.2154391334e-05
5.8000000000e+01	4.5561678985e-03	4.2845525154e-03	4.6830238478e-06	1.2556427120e-05
5.9000000000e+01	4.5689237839e-03	4.2797607258e-03	4.9010687823e-06	1.2954690430e-05
6.0000000000e+01	4.5820759274e-03	4.2747493794e-03	5.1221091345e-06	1.3348898924e-05
6.1000000000e+01	4.5956201462e-03	4.2695155651e-03	5.3459767380e-06	1.3738801530e-05
6.2000000000e+01	4.6095520210e-03	4.2640565381e-03	5.5725077881e-06	1.4124176517e-05
6.3000000000e+01	4.6238669249e-03	4.2583697149e-03	5.8015430166e-06	1.4504829591e-05
6.4000000000e+01	4.6385600497e-03	4.2524526690e-03	6.0329278242e-06	1.4880592051e-05
6.5000000000e+01	4.6536264303e-03	4.2463031261e-03	6.2665123729e-06	1.5251318997e-05
6.6000000000e+01	4.6690609680e-03	4.2399189594e-03	6.5021516465e-06	1.5616887606e-05
6.7000000000e+01	4.6848584517e-03	4.2332981846e-03	6.7397054790e-06	1.5977195487e-05
6.8000000000e+01	4.7010135774e-03	4.2264389554e-03	6.9790385590e-06	1.6332159101e-05
6.9000000000e+01	4.7175209663e-03	4.2193395580e-03	7.2200204100e-06	1.6681712271e-05
7.0000000000e+01	4.7343751815e-03	4.2119984069e-03	7.4625253519e-06	1.7025804760e-05
7.1000000000e+01	4.7515707435e-03	4.2044140399e-03	7.7064324450e-06	1.7364400940e-05
7.2000000000e+01	4.7691021437e-03	4.1965851134e-03	7.9516254210e-06	1.7697478529e-05
7.3000000000e+01	4.7869638576e-03	4.1885103977e-03	8.1979926003e-06	1.8025027413e-05
7.4000000000e+01	4.8051503559e-03	4.1801887726e-03	8.4454268009e-06	1.8347048535e-05
7.5000000000e+01	4.8236561156e-03	4.1716192228e-03	8.6938252377e-06	1.8663552867e-05
7.6000000000e+01	4.8424756293e-03	4.1628008336e-03	8.9430894166e-06	1.8974560441e-05
7.7000000000e+01	4.8616034136e-03	4.1537327868e-03	9.1931250221e-06	1.9280099455e-05
7.8000000000e+01	4.8810340171e-03	4.1444143565e-03	9.4438418019e-06	1.9580205438e-05
7.9000000000e+01	4.9007620274e-03	4.1348449050e-03	9.6951534479e-06	1.9874920477e-05
8.0000000000e+01	4.9207820770e-03	4.1250238789e-03	9.9469774761e-06	2.0164292503e-05
8.1000000000e+01	4.9410888490e-03	4.1149508056e-03	1.0199235105e-05	2.0448374628e-05
8.2000000000e+01	4.9616770821e-03	4.1046252893e-03	1.0451851133e-05	2.0727224538e-05
8.3000000000e+01	4.9825415746e-03	4.0940470078e-03	1.0704753817e-05	2.1000903927e-05
8.4000000000e+01	5.0036771882e-03	4.0832157089e-03	1.0957874753e-05	2.1269477983e-05
8.5000000000e+01	5.0250788515e-03	4.0721312073e-03	1.1211148755e-05	2.1533014915e-05
8.6000000000e+01	5.0467415625e-03	4.0607933811e-03	1.1464513737e-05	2.1791585514e-05
8.7000000000e+01	5.0686603914e-03	4.0492021692e-03	1.1717910599e-05	2.2045262755e-05
8.8000000000e+01	5.0908304818e-03	4.0373575681e-03	1.1971283111e-05	2.2294121437e-05
8.9000000000e+01	5.1132470535e-03	4.0252596290e-03	1.2224577803e-05	2.2538237846e-05
9.0000000000e+01	5.1359054026e-03	4.0129084554e-03	1.2477743858e-05	2.2777689454e-05
9.1000000000e+01	5.1588009036e-03	4.0003042002e-03	1.2730733003e-05	2.3012554645e-05
9.2000000000e+01	5.1819290094e-03	3.9874470636e-03	1.2983499411e-05	2.3242912462e-05
9.3000000000e+01	5.2052852525e-03	3.9743372902e-03	1.3235999595e-05	2.3468842383e-05
9.4000000000e+01	5.2288652448e-03	3.9609751669e-03	1.3488192317e-05	2.3690424115e-05
9.5000000000e+01	5.2526646779e-03	3.9473610211e-03	1.3740038493e-05	2.3907737413e-05
9.6000000000e+01	5.2766793233e-03	3.9334952178e-03	1.3991501099e-05	2.4120861906e-05
9.7000000000e+01	5.3009050319e-03	3.9193781584e-03	1.4242545087e-05	2.4329876955e-05
9.8000000000e+01	5.3253377338e-03	3.9050102783e-03	1.4493137301e-05	2.4534861517e-05
9.9000000000e+01	5.3499734376e-03	3.8903920449e-03	1.4743246391e-05	2.4735894026e-05
1.0000000000e+02	5.3748082304e-03	3.8755239564e-03	1.4992842740e-05	2.4933052285e-05
1.0100000000e+02	5.3998382765e-03	3.8604065397e-03	1.5241898384e-05	2.5126413376e-05
1.0200000000e+02	5.4250598169e-03	3.8450403487e-03	1.5490386943e-05	2.5316053574e-05
1.0300000000e+02	5.4504691685e-03	3.8294259631e-03	1.5738283547e-05	2.5502048277e-05
1.0400000000e+02	5.4760627231e-03	3.8135639867e-03	1.5985564773e-05	2.5684471941e-05
1.0500000000e+02	5.5018369465e-03	3.7974550461e-03	1.6232208576e-05	2.5863398027e-05
1.0600000000e+02	5.5277883774e-03	3.7810997890e-03	1.6478194231e-05	2.6038898950e-05
1.0700000000e+02	5.5539136265e-03	3.7644988835e-03	1.6723502271e-05	2.6211046047e-05
1.0800000000e+02	5.5802093750e-03	3.7476530164e-03	1.6968114431e-05	2.6379909534e-05
1.0900000000e+02	5.6066723740e-03	3.7305628923e-03	1.7212013594e-05	2.6545558485e-05
1.1000000000e+02	5.6332994431e-03	3.7132292323e-03	1.7455183735e-05	2.6708060809e-05
1.1100000000e+02	5.6600874690e-03	3.6956527728e-03	1.7697609876e-05	2.6867483229e-05
1.1200000000e+02	5.6870334048e-03	3.6778342652e-03	1.7939278032e-05	2.7023891272e-05
1.1300000000e+02	5.7141342682e-03	3.6597744738e-03	1.8180175172e-05	2.7177349260e-05
1.1400000000e+02	5.7413871410e-03	3.6414741759e-03	1.8420289168e-05	2.7327920301e-05
1.1500000000e+02	5.7687891672e-03	3.6229341603e-03	1.8659608756e-05	2.7475666292e-05
1.1600000000e+02	5.7963375522e-03	3.6041552267e-03	1.8898123496e-05	2.7620647912e-05
1.1700000000e+02	5.8240295614e-03	3.5851381848e-03	1.9135823732e-05	2.7762924633e-05
1.1800000000e+02	5.8518625192e-03	3.5658838537e-03	1.9372700555e-05	2.7902554721e-05
1.1900000000e+02	5.8798338077e-03	3.5463930609e-03	1.9608745771e-05	2.8039595241e-05
1.2000000000e+02	5.9079408652e-03	3.5266666419e-03	1.9843951861e-05	2.8174102073e-05
1.2100000000e+02	5.9361811855e-03	3.5067054392e-03	2.0078311953e-05	2.8306129914e-05
1.2200000000e+02	5.9645523165e-03	3.4865103020e-03	2.0311819791e-05	2.8435732301e-05
1.2300000000e+02	5.9930518591e-03	3.4660820856e-03	2.0544469703e-05	2.8562961612e-05
1.2400000000e+02	6.0216774658e-03	3.4454216503e-03	2.0776256576e-05	2.8687869091e-05
1.2500000000e+02	6.0504268400e-03	3.4245298616e-03	2.1007175827e-05	2.8810504857e-05
1.2600000000e+02	6.0792977346e-03	3.4034075892e-03	2.1237223376e-05	2.8930917924e-05
1.2700000000e+02	6.1082879510e-03	3.3820557067e-03	2.1466395624e-05	2.9049156216e-05
1.2800000000e+02	6.1373953378e-03	3.3604750908e-03	2.1694689429e-05	2.9165266584e-05
1.2900000000e+02	6.1666177901e-03	3.3386666215e-03	2.1922102082e-05	2.9279294825e-05
1.3000000000e+02	6.1959532483e-03	3.3166311811e-03	2.2148631286e-05	2.9391285700e-05
1.3100000000e+02	6.2253996970e-03	3.2943696541e-03	2.2374275137e-05	2.9501282954e-05
1.3200000000e+02	6.2549551639e-03	3.2718829265e-03	2.2599032102e-05	2.9609329333e-05
1.3300000000e+02	6.2846177193e-03	3.2491718859e-03	2.2822901003e-05	2.9715466603e-05
1.3400000000e+02	6.3143854744e-03	3.2262374208e-03	2.3045880997e-05	2.9819735570e-05
1.3500000000e+02	6.3442565809e-03	3.2030804204e-03	2.3267971560e-05	2.9922176100e-05
1.3600000000e+02	6.3742292301e-03	3.1797017742e-03	2.3489172470e-05	3.0022827136e-05
1.3700000000e+02	6.4043016514e-03	3.1561023720e-03	2.3709483792e-05	3.0121726720e-05
1.3800000000e+02	6.4344721121e-03	3.1322831031e-03	2.3928905863e-05	3.0218912008e-05
1.3900000000e+02	6.4647389161e-03	3.1082448565e-03	2.4147439278e-05	3.0314419294e-05
1.4000000000e+02	6.4951004032e-03	3.0839885204e-03	2.4365084877e-05	3.0408284023e-05
1.4100000000e+02	6.5255549482e-03	3.0595149823e-03	2.4581843730e-05	3.0500540817e-05
1.4200000000e+02	6.5561009601e-03	3.0348251281e-03	2.4797717127e-05	3.0591223487e-05
1.4300000000e+02	6.5867368815e-03	3.0099198427e-03	2.5012706565e-05	3.0680365052e-05
1.4400000000e+02	6.6174611873e-03	2.9848000091e-03	2.5226813737e-05	3.0767997761e-05
1.4500000000e+02	6.6482723845e-03	2.9594665087e-03	2.5440040523e-05	3.0854153108e-05
1.4600000000e+02	6.6791690113e-03	2.9339202208e-03	2.5652388976e-05	3.0938861848e-05
1.4700000000e+02	6.7101496361e-03	2.9081620228e-03	2.5863861315e-05	3.1022154018e-05
1.4800000000e+02	6.7412128569e-03	2.8821927895e-03	2.6074459915e-05	3.1104058951e-05
1.4900000000e+02	6.7723573011e-03	2.8560133934e-03	2.6284187300e-05	3.1184605293e-05
1.5000000000e+02	6.8035816240e-03	2.8296247044e-03	2.6493046131e-05	3.1263821021e-05
1.5100000000e+02	6.8348845087e-03	2.8030275897e-03	2.6701039199e-05	3.1341733457e-05
1.5200000000e+02	6.8662646654e-03	2.7762229136e-03	2.6908169420e-05	3.1418369284e-05
1.5300000000e+02	6.8977208304e-03	2.7492115375e-03	2.7114439823e-05	3.1493754563e-05
1.5400000000e+02	6.9292517661e-03	2.7219943195e-03	2.7319853550e-05	3.1567914748e-05
1.5500000000e+02	6.9608562599e-03	2.6945721148e-03	2.7524413839e-05	3.1640874698e-05
1.5600000000e+02	6.9925331236e-03	2.6669457752e-03	2.7728124028e-05	3.1712658694e-05
1.5700000000e+02	7.0242811932e-03	2.6391161490e-03	2.7930987543e-05	3.1783290454e-05
1.5800000000e+02	7.0560993281e-03	2.6110840812e-03	2.8133007892e-05	3.1852793143e-05
1.5900000000e+02	7.0879864107e-03	2.5828504131e-03	2.8334188664e-05	3.1921189391e-05
1.6000000000e+02	7.1199413455e-03	2.5544159825e-03	2.8534533519e-05	3.1988501303e-05
1.6100000000e+02	7.1519630590e-03	2.5257816234e-03	2.8734046184e-05	3.2054750473e-05
1.6200000000e+02	7.1840504992e-03	2.4969481662e-03	2.8932730450e-05	3.2119957998e-05
1.6300000000e+02	7.2162026347e-03	2.4679164374e-03	2.9130590167e-05	3.2184144488e-05
1.6400000000e+02	7.2484184545e-03	2.4386872595e-03	2.9327629238e-05	3.2247330081e-05
1.6500000000e+02	7.2806969678e-03	2.4092614511e-03	2.9523851616e-05	3.2309534450e-05
1.6600000000e+02	7.3130372028e-03	2.3796398271e-03	2.9719261299e-05	3.2370776820e-05
1.6700000000e+02	7.3454382070e-03	2.3498231981e-03	2.9913862329e-05	3.2431075975e-05
1.6800000000e+02	7.3778990465e-03	2.3198123707e-03	3.0107658784e-05	3.2490450272e-05
1.6900000000e+02	7.4104188053e-03	2.2896081473e-03	3.0300654781e-05	3.2548917649e-05
1.7000000000e+02	7.4429965853e-03	2.2592113265e-03	3.0492854463e-05	3.2606495638e-05
1.7100000000e+02	7.4756315058e-03	2.2286227025e-03	3.0684262008e-05	3.2663201373e-05
1.7200000000e+02	7.5083227029e-03	2.1978430652e-03	3.0874881615e-05	3.2719051600e-05
1.7300000000e+02	7.5410693293e-03	2.1668732005e-03	3.1064717508e-05	3.2774062688e-05
1.7400000000e+02	7.5738705539e-03	2.1357138900e-03	3.1253773930e-05	3.2828250639e-05
1.7500000000e+02	7.6067255614e-03	2.1043659110e-03	3.1442055145e-05	3.2881631093e-05
1.7600000000e+02	7.6396335520e-03	2.0728300367e-03	3.1629565428e-05	3.2934219343e-05
1.7700000000e+02	7.6725937410e-03	2.0411070357e-03	3.1816309069e-05	3.2986030338e-05
1.7800000000e+02	7.7056053585e-03	2.0091976726e-03	3.2002290370e-05	3.3037078694e-05
1.7900000000e+02	7.7386676489e-03	1.9771027076e-03	3.2187513639e-05	3.3087378705e-05
1.8000000000e+02	7.7717798711e-03	1.9448228966e-03	3.2371983192e-05	3.3136944345e-05
1.8100000000e+02	7.8049412974e-03	1.9123589911e-03	3.2555703350e-05	3.3185789281e-05
1.8200000000e+02	7.8381512139e-03	1.8797117383e-03	3.2738678437e-05	3.3233926878e-05
1.8300000000e+02	7.8714089197e-03	1.8468818811e-03	3.2920912779e-05	3.3281370207e-05
1.8400000000e+02	7.9047137271e-03	1.8138701582e-03	3.3102410701e-05	3.3328132052e-05
1.8500000000e+02	7.9380649608e-03	1.7806773037e-03	3.3283176525e-05	3.3374224920e-05
1.8600000000e+02	7.9714619581e-03	1.7473040477e-03	3.3463214572e-05	3.3419661042e-05
1.8700000000e+02	8.0049040680e-03	1.7137511157e-03	3.3642529156e-05	3.3464452385e-05
1.8800000000e+02	8.0383906518e-03	1.6800192291e-03	3.3821124589e-05	3.3508610655e-05
1.8900000000e+02	8.0719210821e-03	1.6461091048e-03	3.3999005171e-05	3.3552147307e-05
1.9000000000e+02	8.1054947429e-03	1.6120214556e-03	3.4176175196e-05	3.3595073548e-05
1.9100000000e+02	8.1391110294e-03	1.5777569899e-03	3.4352638950e-05	3.3637400342e-05
1.9200000000e+02	8.1727693474e-03	1.5433164117e-03	3.4528400707e-05	3.3679138422e-05
1.9300000000e+02	8.2064691135e-03	1.5087004210e-03	3.4703464728e-05	3.3720298288e-05
1.9400000000e+02	8.2402097547e-03	1.4739097134e-03	3.4877835264e-05	3.3760890219e-05
1.9500000000e+02	8.2739907080e-03	1.4389449803e-03	3.5051516552e-05	3.3800924272e-05
1.9600000000e+02	8.3078114205e-03	1.4038069087e-03	3.5224512816e-05	3.3840410295e-05
1.9700000000e+02	8.3416713491e-03	1.3684961816e-03	3.5396828262e-05	3.3879357926e-05
1.9800000000e+02	8.3755699601e-03	1.3330134777e-03	3.5568467083e-05	3.3917776599e-05
1.9900000000e+02	8.4095067291e-03	1.2973594716e-03	3.5739433455e-05	3.3955675551e-05
2.0000000000e+02	8.4434811409e-03	1.2615348335e-03	3.5909731537e-05	3.3993063826e-05
2.0100000000e+02	8.4774926895e-03	1.2255402299e-03	3.6079365471e-05	3.4029950279e-05
2.0200000000e+02	8.5115408771e-03	1.1893763226e-03	3.6248339379e-05	3.4066343580e-05
2.0300000000e+02	8.5456252151e-03	1.1530437697e-03	3.6416657366e-05	3.4102252219e-05
2.0400000000e+02	8.5797452228e-03	1.1165432252e-03	3.6584323518e-05	3.4137684512e-05
2.0500000000e+02	8.6139004280e-03	1.0798753386e-03	3.6751341899e-05	3.4172648603e-05
2.0600000000e+02	8.6480903666e-03	1.0430407559e-03	3.6917716557e-05	3.4207152466e-05
2.0700000000e+02	8.6823145822e-03	1.0060401188e-03	3.7083451514e-05	3.4241203915e-05
2.0800000000e+02	8.7165726262e-03	9.6887406480e-04	3.7248550776e-05	3.4274810602e-05
2.0900000000e+02	8.7508640576e-03	9.3154322778e-04	3.7413018325e-05	3.4307980025e-05
2.1000000000e+02	8.7851884429e-03	8.9404823740e-04	3.7576858121e-05	3.4340719529e-05
2.1100000000e+02	8.8195453558e-03	8.5638971947e-04	3.7740074106e-05	3.4373036309e-05
2.1200000000e+02	8.8539343770e-03	8.1856829582e-04	3.7902670194e-05	3.4404937415e-05
2.1300000000e+02	8.8883550943e-03	7.8058458442e-04	3.8064650281e-05	3.4436429759e-05
2.1400000000e+02	8.9228071025e-03	7.4243919930e-04	3.8226018239e-05	3.4467520108e-05
2.1500000000e+02	8.9572900028e-03	7.0413275070e-04	3.8386777917e-05	3.4498215099e-05
2.1600000000e+02	8.9918034031e-03	6.6566584496e-04	3.8546933139e-05	3.4528521234e-05
2.1700000000e+02	9.0263469177e-03	6.2703908464e-04	3.8706487710e-05	3.4558444887e-05
2.1800000000e+02	9.0609201674e-03	5.8825306849e-04	3.8865445408e-05	3.4587992305e-05
2.1900000000e+02	9.0955227790e-03	5.4930839152e-04	3.9023809988e-05	3.4617169611e-05
2.2000000000e+02	9.1301543853e-03	5.1020564498e-04	3.9181585183e-05	3.4645982810e-05
2.2100000000e+02	9.1648146252e-03	4.7094541638e-04	3.9338774700e-05	3.4674437785e-05
2.2200000000e+02	9.1995031434e-03	4.3152828957e-04	3.9495382224e-05	3.4702540309e-05
2.2300000000e+02	9.2342195902e-03	3.9195484471e-04	3.9651411415e-05	3.4730296037e-05
2.2400000000e+02	9.2689636217e-03	3.5222565831e-04	3.9806865908e-05	3.4757710519e-05
2.2500000000e+02	9.3037348993e-03	3.1234130326e-04	3.9961749316e-05	3.4784789194e-05
2.2600000000e+02	9.3385330899e-03	2.7230234884e-04	4.0116065226e-05	3.4811537398e-05
2.2700000000e+02	9.3733578657e-03	2.3210936078e-04	4.0269817202e-05	3.4837960362e-05
2.2800000000e+02	9.4082089040e-03	1.9176290124e-04	4.0423008784e-05	3.4864063219e-05
2.2900000000e+02	9.4430858871e-03	1.5126352884e-04	4.0575643486e-05	3.4889851002e-05
2.3000000000e+02	9.4779885026e-03	1.1061179873e-04	4.0727724799e-05	3.4915328648e-05
2.3100000000e+02	9.5129164426e-03	6.9808262551e-05	4.0879256191e-05	3.4940501002e-05
2.3200000000e+02	9.5478694044e-03	2.8853468507e-05	4.1030241103e-05	3.4965372814e-05
2.3300000000e+02	9.5828470897e-03	-1.2252038635e-05	4.1180682954e-05	3.4989948748e-05
2.3400000000e+02	9.6178492048e-03	-5.3507717513e-05	4.1330585138e-05	3.5014233376e-05
2.3500000000e+02	9.6528754608e-03	-9.4913030146e-05	4.1479951025e-05	3.5038231188e-05
2.3600000000e+02	9.6879255730e-03	-1.3646744191e-04	4.1628783962e-05	3.5061946586e-05
2.3700000000e+02	9.7229992613e-03	-1.7817042153e-04	4.1777087269e-05	3.5085383894e-05
2.3800000000e+02	9.7580962495e-03	-2.2002144101e-04	4.1924864246e-05	3.5108547351e-05
2.3900000000e+02	9.7932162661e-03	-2.6201997567e-04	4.2072118166e-05	3.5131441122e-05
2.4000000000e+02	9.8283590433e-03	-3.0416550407e-04	4.2218852281e-05	3.5154069291e-05
2.4100000000e+02	9.8635243175e-03	-3.4645750804e-04	4.2365069815e-05	3.5176435869e-05
2.4200000000e+02	9.8987118291e-03	-3.8889547258e-04	4.2510773974e-05	3.5198544793e-05
2.4300000000e+02	9.9339213225e-03	-4.3147888592e-04	4.2655967936e-05	3.5220399927e-05
2.4400000000e+02	9.9691525456e-03	-4.7420723944e-04	4.2800654857e-05	3.5242005064e-05
2.4500000000e+02	1.0004405250e-02	-5.1708002766e-04	4.2944837870e-05	3.5263363930e-05
2.4600000000e+02	1.0039679193e-02	-5.6009674824e-04	4.3088520085e-05	3.5284480182e-05
2.4700000000e+02	1.0074974131e-02	-6.0325690193e-04	4.3231704588e-05	3.5305357410e-05
2.4800000000e+02	1.0110289829e-02	-6.4655999254e-04	4.3374394441e-05	3.5325999141e-05
2.4900000000e+02	1.0145626052e-02	-6.9000552694e-04	4.3516592687e-05	3.5346408837e-05
2.5000000000e+02	1.0180982570e-02	-7.3359301505e-04	4.3658302342e-05	3.5366589899e-05
2.5100000000e+02	1.0216359157e-02	-7.7732196976e-04	4.3799526401e-05	3.5386545666e-05
2.5200000000e+02	1.0251755588e-02	-8.2119190697e-04	4.3940267836e-05	3.5406279420e-05
2.5300000000e+02	1.0287171643e-02	-8.6520234554e-04	4.4080529598e-05	3.5425794381e-05
2.5400000000e+02	1.0322607105e-02	-9.0935280725e-04	4.4220314614e-05	3.5445093715e-05
2.5500000000e+02	1.0358061759e-02	-9.5364281682e-04	4.4359625789e-05	3.5464180531e-05
2.5600000000e+02	1.0393535396e-02	-9.9807190185e-04	4.4498466007e-05	3.5483057882e-05
2.5700000000e+02	1.0429027806e-02	-1.0426395928e-03	4.4636838129e-05	3.5501728769e-05
2.5800000000e+02	1.0464538786e-02	-1.0873454230e-03	4.4774744995e-05	3.5520196141e-05
2.5900000000e+02	1.0500068132e-02	-1.1321889286e-03	4.4912189422e-05	3.5538462894e-05
2.6000000000e+02	1.0535615645e-02	-1.1771696486e-03	4.5049174208e-05	3.5556531874e-05
2.6100000000e+02	1.0571181130e-02	-1.2222871248e-03	4.5185702127e-05	3.5574405878e-05
2.6200000000e+02	1.0606764393e-02	-1.2675409015e-03	4.5321775934e-05	3.5592087654e-05
2.6300000000e+02	1.0642365243e-02	-1.3129305262e-03	4.5457398360e-05	3.5609579904e-05
2.6400000000e+02	1.0677983491e-02	-1.3584555487e-03	4.5592572119e-05	3.5626885283e-05
2.6500000000e+02	1.0713618952e-02	-1.4041155218e-03	4.5727299900e-05	3.5644006399e-05
2.6600000000e+02	1.0749271443e-02	-1.4499100007e-03	4.5861584374e-05	3.5660945817e-05
2.6700000000e+02	1.0784940784e-02	-1.4958385436e-03	4.5995428192e-05	3.5677706058e-05
2.6800000000e+02	1.0820626796e-02	-1.5419007111e-03	4.6128833982e-05	3.5694289600e-05
2.6900000000e+02	1.0856329305e-02	-1.5880960664e-03	4.6261804354e-05	3.5710698879e-05
2.7000000000e+02	1.0892048137e-02	-1.6344241755e-03	4.6394341897e-05	3.5726936291e-05
2.7100000000e+02	1.0927783121e-02	-1.6808846068e-03	4.6526449179e-05	3.5743004189e-05
2.7200000000e+02	1.0963534089e-02	-1.7274769313e-03	4.6658128752e-05	3.5758904890e-05
2.7300000000e+02	1.0999300876e-02	-1.7742007226e-03	4.6789383144e-05	3.5774640670e-05
2.7400000000e+02	1.1035083316e-02	-1.8210555567e-03	4.6920214865e-05	3.5790213766e-05
2.7500000000e+02	1.1070881250e-02	-1.8680410123e-03	4.7050626407e-05	3.5805626382e-05
2.7600000000e+02	1.1106694516e-02	-1.9151566703e-03	4.7180620241e-05	3.5820880680e-05
2.7700000000e+02	1.1142522959e-02	-1.9624021143e-03	4.7310198821e-05	3.5835978790e-05
2.7800000000e+02	1.1178366423e-02	-2.0097769303e-03	4.7439364579e-05	3.5850922807e-05
2.7900000000e+02	1.1214224754e-02	-2.0572807067e-03	4.7568119930e-05	3.5865714788e-05
2.8000000000e+02	1.1250097802e-02	-2.1049130342e-03	4.7696467272e-05	3.5880356761e-05
2.8100000000e+02	1.1285985418e-02	-2.1526735060e-03	4.7824408983e-05	3.5894850718e-05
2.8200000000e+02	1.1321887455e-02	-2.2005617177e-03	4.7951947420e-05	3.5909198618e-05
2.8300000000e+02	1.1357803767e-02	-2.2485772672e-03	4.8079084928e-05	3.5923402391e-05
2.8400000000e+02	1.1393734212e-02	-2.2967197547e-03	4.8205823827e-05	3.5937463932e-05
2.8500000000e+02	1.1429678648e-02	-2.3449887828e-03	4.8332166425e-05	3.5951385109e-05
2.8600000000e+02	1.1465636936e-02	-2.3933839562e-03	4.8458115009e-05	3.5965167758e-05
2.8700000000e+02	1.1501608938e-02	-2.4419048822e-03	4.8583671848e-05	3.5978813685e-05
2.8800000000e+02	1.1537594519e-02	-2.4905511701e-03	4.8708839197e-05	3.5992324669e-05
2.8900000000e+02	1.1573593543e-02	-2.5393224315e-03	4.8833619290e-05	3.6005702459e-05
2.9000000000e+02	1.1609605880e-02	-2.5882182803e-03	4.8958014345e-05	3.6018948777e-05
2.9100000000e+02	1.1645631398e-02	-2.6372383326e-03	4.9082026564e-05	3.6032065317e-05
2.9200000000e+02	1.1681669968e-02	-2.6863822066e-03	4.9205658131e-05	3.6045053746e-05
2.9300000000e+02	1.1717721463e-02	-2.7356495227e-03	4.9328911214e-05	3.6057915707e-05
2.9400000000e+02	1.1753785757e-02	-2.7850399036e-03	4.9451787963e-05	3.6070652813e-05
2.9500000000e+02	1.1789862727e-02	-2.8345529739e-03	4.9574290513e-05	3.6083266655e-05
2.9600000000e+02	1.1825952250e-02	-2.8841883606e-03	4.9696420982e-05	3.6095758799e-05
2.9700000000e+02	1.1862054205e-02	-2.9339456925e-03	4.9818181473e-05	3.6108130785e-05
2.9800000000e+02	1.1898168472e-02	-2.9838246009e-03	4.9939574071e-05	3.6120384129e-05
2.9900000000e+02	1.1934294934e-02	-3.0338247187e-03	5.0060600846e-05	3.6132520326e-05
3.0000000000e+02	1.1970433474e-02	-3.0839456813e-03	5.0181263852e-05	3.6144540844e-05
3.0100000000e+02	1.2006583978e-02	-3.1341871259e-03	5.0301565128e-05	3.6156447131e-05
3.0200000000e+02	1.2042746331e-02	-3.1845486917e-03	5.0421506697e-05	3.6168240614e-05
3.0300000000e+02	1.2078920422e-02	-3.2350300200e-03	5.0541090567e-05	3.6179922694e-05
3.0400000000e+02	1.2115106140e-02	-3.2856307542e-03	5.0660318730e-05	3.6191494753e-05
3.0500000000e+02	1.2151303375e-02	-3.3363505396e-03	5.0779193163e-05	3.6202958153e-05
3.0600000000e+02	1.2187512020e-02	-3.3871890233e-03	5.0897715829e-05	3.6214314233e-05
3.0700000000e+02	1.2223731968e-02	-3.4381458546e-03	5.1015888674e-05	3.6225564312e-05
3.0800000000e+02	1.2259963114e-02	-3.4892206847e-03	5.1133713632e-05	3.6236709692e-05
3.0900000000e+02	1.2296205353e-02	-3.5404131666e-03	5.1251192621e-05	3.6247751651e-05
3.1000000000e+02	1.2332458583e-02	-3.5917229552e-03	5.1368327543e-05	3.6258691451e-05
3.1100000000e+02	1.2368722702e-02	-3.6431497076e-03	5.1485120290e-05	3.6269530333e-05
3.1200000000e+02	1.2404997611e-02	-3.6946930824e-03	5.1601572734e-05	3.6280269521e-05
3.1300000000e+02	1.2441283209e-02	-3.7463527402e-03	5.1717686738e-05	3.6290910220e-05
3.1400000000e+02	1.2477579399e-02	-3.7981283437e-03	5.1833464147e-05	3.6301453617e-05
3.1500000000e+02	1.2513886084e-02	-3.8500195570e-03	5.1948906796e-05	3.6311900881e-05
3.1600000000e+02	1.2550203169e-02	-3.9020260463e-03	5.2064016503e-05	3.6322253165e-05
3.1700000000e+02	1.2586530559e-02	-3.9541474796e-03	5.2178795074e-05	3.6332511603e-05
3.1800000000e+02	1.2622868161e-02	-4.0063835266e-03	5.2293244301e-05	3.6342677316e-05
3.1900000000e+02	1.2659215883e-02	-4.0587338590e-03	5.2407365962e-05	3.6352751403e-05
3.2000000000e+02	1.2695573634e-02	-4.1111981500e-03	5.2521161824e-05	3.6362734952e-05
3.2100000000e+02	1.2731941323e-02	-4.1637760746e-03	5.2634633638e-05	3.6372629032e-05
3.2200000000e+02	1.2768318862e-02	-4.2164673098e-03	5.2747783143e-05	3.6382434698e-05
3.2300000000e+02	1.2804706163e-02	-4.2692715341e-03	5.2860612066e-05	3.6392152989e-05
3.2400000000e+02	1.2841103139e-02	-4.3221884276e-03	5.2973122121e-05	3.6401784929e-05
3.2500000000e+02	1.2877509705e-02	-4.3752176726e-03	5.3085315007e-05	3.6411331528e-05
3.2600000000e+02	1.2913925774e-02	-4.4283589525e-03	5.3197192414e-05	3.6420793780e-05
3.2700000000e+02	1.2950351265e-02	-4.4816119528e-03	5.3308756016e-05	3.6430172665e-05
3.2800000000e+02	1.2986786092e-02	-4.5349763605e-03	5.3420007478e-05	3.6439469151e-05
3.2900000000e+02	1.3023230176e-02	-4.5884518643e-03	5.3530948450e-05	3.6448684190e-05
3.3000000000e+02	1.3059683434e-02	-4.6420381544e-03	5.3641580570e-05	3.6457818720e-05
3.3100000000e+02	1.3096145787e-02	-4.6957349230e-03	5.3751905467e-05	3.6466873668e-05
3.3200000000e+02	1.3132617155e-02	-4.7495418635e-03	5.3861924754e-05	3.6475849946e-05
3.3300000000e+02	1.3169097461e-02	-4.8034586712e-03	5.3971640035e-05	3.6484748453e-05
3.3400000000e+02	1.3205586626e-02	-4.8574850428e-03	5.4081052901e-05	3.6493570077e-05
3.3500000000e+02	1.3242084575e-02	-4.9116206767e-03	5.4190164932e-05	3.6502315693e-05
3.3600000000e+02	1.3278591233e-02	-4.9658652729e-03	5.4298977695e-05	3.6510986162e-05
3.3700000000e+02	1.3315106523e-02	-5.0202185328e-03	5.4407492747e-05	3.6519582334e-05
3.3800000000e+02	1.3351630373e-02	-5.0746801596e-03	5.4515711634e-05	3.6528105048e-05
3.3900000000e+02	1.3388162709e-02	-5.1292498579e-03	5.4623635890e-05	3.6536555131e-05
3.4000000000e+02	1.3424703459e-02	-5.1839273337e-03	5.4731267038e-05	3.6544933397e-05
3.4100000000e+02	1.3461252552e-02	-5.2387122948e-03	5.4838606589e-05	3.6553240650e-05
3.4200000000e+02	1.3497809917e-02	-5.2936044502e-03	5.4945656044e-05	3.6561477684e-05
3.4300000000e+02	1.3534375484e-02	-5.3486035107e-03	5.5052416895e-05	3.6569645280e-05
3.4400000000e+02	1.3570949185e-02	-5.4037091883e-03	5.5158890619e-05	3.6577744209e-05
3.4500000000e+02	1.3607530950e-02	-5.4589211967e-03	5.5265078686e-05	3.6585775231e-05
3.4600000000e+02	1.3644120713e-02	-5.5142392509e-03	5.5370982554e-05	3.6593739097e-05
3.4700000000e+02	1.3680718406e-02	-5.5696630675e-03	5.5476603670e-05	3.6601636547e-05
3.4800000000e+02	1.3717323964e-02	-5.6251923645e-03	5.5581943472e-05	3.6609468310e-05
3.4900000000e+02	1.3753937321e-02	-5.6808268612e-03	5.5687003387e-05	3.6617235106e-05
3.5000000000e+02	1.3790558413e-02	-5.7365662784e-03	5.5791784832e-05	3.6624937645e-05
3.5100000000e+02	1.3827187175e-02	-5.7924103385e-03	5.5896289212e-05	3.6632576629e-05
3.5200000000e+02	1.3863823545e-02	-5.8483587650e-03	5.6000517926e-05	3.6640152748e-05
3.5300000000e+02	1.3900467460e-02	-5.9044112829e-03	5.6104472359e-05	3.6647666684e-05
3.5400000000e+02	1.3937118858e-02	-5.9605676187e-03	5.6208153889e-05	3.6655119109e-05
3.5500000000e+02	1.3973777678e-02	-6.0168275002e-03	5.6311563882e-05	3.6662510688e-05
3.5600000000e+02	1.4010443859e-02	-6.0731906564e-03	5.6414703695e-05	3.6669842076e-05
3.5700000000e+02	1.4047117342e-02	-6.1296568180e-03	5.6517574678e-05	3.6677113918e-05
3.5800000000e+02	1.4083798067e-02	-6.1862257166e-03	5.6620178168e-05	3.6684326852e-05
3.5900000000e+02	1.4120485976e-02	-6.2428970856e-03	5.6722515493e-05	3.6691481508e-05
3.6000000000e+02	1.4157181011e-02	-6.2996706593e-03	5.6824587974e-05	3.6698578506e-05
3.6100000000e+02	1.4193883114e-02	-6.3565461737e-03	5.6926396920e-05	3.6705618458e-05
3.6200000000e+02	1.4230592229e-02	-6.4135233658e-03	5.7027943633e-05	3.6712601971e-05
3.6300000000e+02	1.4267308300e-02	-6.4706019740e-03	5.7129229404e-05	3.6719529639e-05
3.6400000000e+02	1.4304031270e-02	-6.5277817380e-03	5.7230255517e-05	3.6726402053e-05
3.6500000000e+02	1.4340761086e-02	-6.5850623989e-03	5.7331023245e-05	3.6733219794e-05
3.6600000000e+02	1.4377497692e-02	-6.6424436988e-03	5.7431533854e-05	3.6739983434e-05
3.6700000000e+02	1.4414241035e-02	-6.6999253813e-03	5.7531788599e-05	3.6746693541e-05
3.6800000000e+02	1.4450991061e-02	-6.7575071911e-03	5.7631788729e-05	3.6753350674e-05
3.6900000000e+02	1.4487747718e-02	-6.8151888743e-03	5.7731535482e-05	3.6759955384e-05
3.7000000000e+02	1.4524510955e-02	-6.8729701780e-03	5.7831030088e-05	3.6766508215e-05
3.7100000000e+02	1.4561280718e-02	-6.9308508508e-03	5.7930273770e-05	3.6773009706e-05
3.7200000000e+02	1.4598056957e-02	-6.9888306423e-03	5.8029267740e-05	3.6779460386e-05
3.7300000000e+02	1.4634839622e-02	-7.0469093035e-03	5.8128013204e-05	3.6785860781e-05
3.7400000000e+02	1.4671628662e-02	-7.1050865863e-03	5.8226511359e-05	3.6792211407e-05
3.7500000000e+02	1.4708424028e-02	-7.1633622441e-03	5.8324763393e-05	3.6798512775e-05
3.7600000000e+02	1.4745225671e-02	-7.2217360315e-03	5.8422770486e-05	3.6804765389e-05
3.7700000000e+02	1.4782033543e-02	-7.2802077039e-03	5.8520533811e-05	3.6810969747e-05
3.7800000000e+02	1.4818847595e-02	-7.3387770182e-03	5.8618054532e-05	3.6817126341e-05
3.7900000000e+02	1.4855667780e-02	-7.3974437324e-03	5.8715333805e-05	3.6823235655e-05
3.8000000000e+02	1.4892494051e-02	-7.4562076057e-03	5.8812372780e-05	3.6829298169e-05
3.8100000000e+02	1.4929326361e-02	-7.5150683983e-03	5.8909172596e-05	3.6835314357e-05
3.8200000000e+02	1.4966164664e-02	-7.5740258716e-03	5.9005734386e-05	3.6841284685e-05
3.8300000000e+02	1.5003008915e-02	-7.6330797881e-03	5.9102059277e-05	3.6847209616e-05
3.8400000000e+02	1.5039859068e-02	-7.6922299115e-03	5.9198148385e-05	3.6853089604e-05
3.8500000000e+02	1.5076715079e-02	-7.7514760066e-03	5.9294002821e-05	3.6858925100e-05
3.8600000000e+02	1.5113576904e-02	-7.8108178393e-03	5.9389623687e-05	3.6864716549e-05
3.8700000000e+02	1.5150444498e-02	-7.8702551765e-03	5.9485012079e-05	3.6870464388e-05
3.8800000000e+02	1.5187317818e-02	-7.9297877863e-03	5.9580169084e-05	3.6876169053e-05
3.8900000000e+02	1.5224196822e-02	-7.9894154379e-03	5.9675095783e-05	3.6881830971e-05
3.9000000000e+02	1.5261081466e-02	-8.0491379015e-03	5.9769793250e-05	3.6887450565e-05
3.9100000000e+02	1.5297971709e-02	-8.1089549484e-03	5.9864262551e-05	3.6893028253e-05
3.9200000000e+02	1.5334867509e-02	-8.1688663509e-03	5.9958504744e-05	3.6898564448e-05
3.9300000000e+02	1.5371768824e-02	-8.2288718825e-03	6.0052520882e-05	3.6904059557e-05
3.9400000000e+02	1.5408675614e-02	-8.2889713177e-03	6.0146312010e-05	3.6909513983e-05
3.9500000000e+02	1.5445587839e-02	-8.3491644319e-03	6.0239879166e-05	3.6914928124e-05
3.9600000000e+02	1.5482505457e-02	-8.4094510017e-03	6.0333223381e-05	3.6920302373e-05
3.9700000000e+02	1.5519428430e-02	-8.4698308047e-03	6.0426345680e-05	3.6925637118e-05
3.9800000000e+02	1.5556356718e-02	-8.5303036194e-03	6.0519247080e-05	3.6930932743e-05
3.9900000000e+02	1.5593290283e-02	-8.5908692255e-03	6.0611928592e-05	3.6936189626e-05
4.0000000000e+02	1.5630229085e-02	-8.6515274036e-03	6.0704391221e-05	3.6941408143e-05
4.0100000000e+02	1.5667173086e-02	-8.7122779353e-03	6.0796635964e-05	3.6946588663e-05
4.0200000000e+02	1.5704122250e-02	-8.7731206033e-03	6.0888663813e-05	3.6951731551e-05
4.0300000000e+02	1.5741076537e-02	-8.8340551910e-03	6.0980475752e-05	3.6956837169e-05
4.0400000000e+02	1.5778035912e-02	-8.8950814831e-03	6.1072072759e-05	3.6961905874e-05
4.0500000000e+02	1.5815000337e-02	-8.9561992652e-03	6.1163455807e-05	3.6966938018e-05
4.0600000000e+02	1.5851969776e-02	-9.0174083237e-03	6.1254625860e-05	3.6971933950e-05
4.0700000000e+02	1.5888944193e-02	-9.0787084462e-03	6.1345583879e-05	3.6976894014e-05
4.0800000000e+02	1.5925923552e-02	-9.1400994211e-03	6.1436330816e-05	3.6981818551e-05
4.0900000000e+02	1.5962907818e-02	-9.2015810378e-03	6.1526867618e-05	3.6986707897e-05
4.1000000000e+02	1.5999896956e-02	-9.2631530866e-03	6.1617195226e-05	3.6991562383e-05
4.1100000000e+02	1.6036890931e-02	-9.3248153588e-03	6.1707314574e-05	3.6996382339e-05
4.1200000000e+02	1.6073889709e-02	-9.3865676467e-03	6.1797226592e-05	3.7001168090e-05
4.1300000000e+02	1.6110893256e-02	-9.4484097432e-03	6.1886932202e-05	3.7005919955e-05
4.1400000000e+02	1.6147901538e-02	-9.5103414426e-03	6.1976432320e-05	3.7010638253e-05
4.1500000000e+02	1.6184914522e-02	-9.5723625397e-03	6.2065727858e-05	3.7015323297e-05
4.1600000000e+02	1.6221932174e-02	-9.6344728304e-03	6.2154819721e-05	3.7019975396e-05
4.1700000000e+02	1.6258954461e-02	-9.6966721115e-03	6.2243708808e-05	3.7024594856e-05
4.1800000000e+02	1.6295981353e-02	-9.7589601807e-03	6.2332396013e-05	3.7029181982e-05
4.1900000000e+02	1.6333012815e-02	-9.8213368366e-03	6.2420882223e-05	3.7033737071e-05
4.2000000000e+02	1.6370048816e-02	-9.8838018785e-03	6.2509168320e-05	3.7038260419e-05
4.2100000000e+02	1.6407089325e-02	-9.9463551068e-03	6.2597255183e-05	3.7042752320e-05
4.2200000000e+02	1.6444134310e-02	-1.0008996323e-02	6.2685143680e-05	3.7047213062e-05
4.2300000000e+02	1.6481183741e-02	-1.0071725328e-02	6.2772834679e-05	3.7051642930e-05
4.2400000000e+02	1.6518237586e-02	-1.0134541927e-02	6.2860329039e-05	3.7056042208e-05
4.2500000000e+02	1.6555295815e-02	-1.0197445921e-02	6.2947627615e-05	3.7060411174e-05
4.2600000000e+02	1.6592358398e-02	-1.0260437117e-02	6.3034731256e-05	3.7064750106e-05
4.2700000000e+02	1.6629425306e-02	-1.0323515319e-02	6.3121640807e-05	3.7069059275e-05
4.2800000000e+02	1.6666496507e-02	-1.0386680334e-02	6.3208357105e-05	3.7073338953e-05
4.2900000000e+02	1.6703571974e-02	-1.0449931969e-02	6.3294880985e-05	3.7077589405e-05
4.3000000000e+02	1.6740651676e-02	-1.0513270032e-02	6.3381213275e-05	3.7081810896e-05
4.3100000000e+02	1.6777735586e-02	-1.0576694332e-02	6.3467354798e-05	3.7086003687e-05
4.3200000000e+02	1.6814823674e-02	-1.0640204678e-02	6.3553306371e-05	3.7090168036e-05
4.3300000000e+02	1.6851915913e-02	-1.0703800882e-02	6.3639068809e-05	3.7094304198e-05
4.3400000000e+02	1.6889012273e-02	-1.0767482753e-02	6.3724642918e-05	3.7098412426e-05
4.3500000000e+02	1.6926112728e-02	-1.0831250105e-02	6.3810029502e-05	3.7102492968e-05
4.3600000000e+02	1.6963217250e-02	-1.0895102750e-02	6.3895229358e-05	3.7106546073e-05
4.3700000000e+02	1.7000325811e-02	-1.0959040502e-02	6.3980243279e-05	3.7110571983e-05
4.3800000000e+02	1.7037438385e-02	-1.1023063175e-02	6.4065072054e-05	3.7114570941e-05
4.3900000000e+02	1.7074554944e-02	-1.1087170584e-02	6.4149716466e-05	3.7118543184e-05
4.4000000000e+02	1.7111675463e-02	-1.1151362547e-02	6.4234177293e-05	3.7122488950e-05
4.4100000000e+02	1.7148799913e-02	-1.1215638878e-02	6.4318455309e-05	3.7126408471e-05
4.4200000000e+02	1.7185928271e-02	-1.1279999396e-02	6.4402551283e-05	3.7130301979e-05
4.4300000000e+02	1.7223060509e-02	-1.1344443920e-02	6.4486465980e-05	3.7134169702e-05
4.4400000000e+02	1.7260196602e-02	-1.1408972268e-02	6.4570200158e-05	3.7138011866e-05
4.4500000000e+02	1.7297336524e-02	-1.1473584261e-02	6.4653754572e-05	3.7141828694e-05
4.4600000000e+02	1.7334480251e-02	-1.1538279718e-02	6.4737129974e-05	3.7145620408e-05
4.4700000000e+02	1.7371627757e-02	-1.1603058461e-02	6.4820327109e-05	3.7149387226e-05
4.4800000000e+02	1.7408779017e-02	-1.1667920313e-02	6.4903346718e-05	3.7153129364e-05
4.4900000000e+02	1.7445934007e-02	-1.1732865096e-02	6.4986189538e-05	3.7156847037e-05
4.5000000000e+02	1.7483092703e-02	-1.1797892633e-02	6.5068856302e-05	3.7160540456e-05
4.5100000000e+02	1.7520255080e-02	-1.1863002750e-02	6.5151347738e-05	3.7164209830e-05
4.5200000000e+02	1.7557421115e-02	-1.1928195270e-02	6.5233664569e-05	3.7167855368e-05
4.5300000000e+02	1.7594590783e-02	-1.1993470021e-02	6.5315807514e-05	3.7171477273e-05
4.5400000000e+02	1.7631764061e-02	-1.2058826828e-02	6.5397777289e-05	3.7175075748e-05
4.5500000000e+02	1.7668940927e-02	-1.2124265518e-02	6.5479574604e-05	3.7178650994e-05
4.5600000000e+02	1.7706121356e-02	-1.2189785920e-02	6.5561200165e-05	3.7182203210e-05
4.5700000000e+02	1.7743305325e-02	-1.2255387861e-02	6.5642654676e-05	3.7185732592e-05
4.5800000000e+02	1.7780492813e-02	-1.2321071172e-02	6.5723938833e-05	3.7189239334e-05
4.5900000000e+02	1.7817683797e-02	-1.2386835682e-02	6.5805053331e-05	3.7192723628e-05
4.6000000000e+02	1.7854878253e-02	-1.2452681223e-02	6.5885998860e-05	3.7196185665e-05
4.6100000000e+02	1.7892076161e-02	-1.2518607624e-02	6.5966776106e-05	3.7199625633e-05
4.6200000000e+02	1.7929277497e-02	-1.2584614719e-02	6.6047385749e-05	3.7203043718e-05
4.6300000000e+02	1.7966482241e-02	-1.2650702340e-02	6.6127828468e-05	3.7206440105e-05
4.6400000000e+02	1.8003690370e-02	-1.2716870320e-02	6.6208104937e-05	3.7209814975e-05
4.6500000000e+02	1.8040901864e-02	-1.2783118495e-02	6.6288215824e-05	3.7213168509e-05
4.6600000000e+02	1.8078116700e-02	-1.2849446697e-02	6.6368161797e-05	3.7216500886e-05
4.6700000000e+02	1.8115334858e-02	-1.2915854763e-02	6.6447943516e-05	3.7219812283e-05
4.6800000000e+02	1.8152556318e-02	-1.2982342530e-02	6.6527561640e-05	3.7223102874e-05
4.6900000000e+02	1.8189781057e-02	-1.3048909832e-02	6.6607016822e-05	3.7226372833e-05
4.7000000000e+02	1.8227009057e-02	-1.3115556509e-02	6.6686309714e-05	3.7229622330e-05
4.7100000000e+02	1.8264240295e-02	-1.3182282398e-02	6.6765440962e-05	3.7232851536e-05
4.7200000000e+02	1.8301474753e-02	-1.3249087337e-02	6.6844411208e-05	3.7236060618e-05
4.7300000000e+02	1.8338712410e-02	-1.3315971167e-02	6.6923221092e-05	3.7239249742e-05
4.7400000000e+02	1.8375953246e-02	-1.3382933726e-02	6.7001871249e-05	3.7242419072e-05
4.7500000000e+02	1.8413197241e-02	-1.3449974856e-02	6.7080362311e-05	3.7245568772e-05
4.7600000000e+02	1.8450444377e-02	-1.3517094398e-02	6.7158694906e-05	3.7248699002e-05
4.7700000000e+02	1.8487694633e-02	-1.3584292194e-02	6.7236869657e-05	3.7251809922e-05
4.7800000000e+02	1.8524947990e-02	-1.3651568085e-02	6.7314887187e-05	3.7254901689e-05
4.7900000000e+02	1.8562204430e-02	-1.3718921916e-02	6.7392748112e-05	3.7257974460e-05
4.8000000000e+02	1.8599463933e-02	-1.3786353529e-02	6.7470453047e-05	3.7261028389e-05
4.8100000000e+02	1.8636726481e-02	-1.3853862770e-02	6.7548002600e-05	3.7264063629e-05
4.8200000000e+02	1.8673992054e-02	-1.3921449483e-02	6.7625397380e-05	3.7267080332e-05
4.8300000000e+02	1.8711260635e-02	-1.3989113513e-02	6.7702637989e-05	3.7270078648e-05
4.8400000000e+02	1.8748532205e-02	-1.4056854708e-02	6.7779725027e-05	3.7273058725e-05
4.8500000000e+02	1.8785806747e-02	-1.4124672913e-02	6.7856659091e-05	3.7276020709e-05
4.8600000000e+02	1.8823084241e-02	-1.4192567975e-02	6.7933440773e-05	3.7278964748e-05
4.8700000000e+02	1.8860364670e-02	-1.4260539743e-02	6.8010070664e-05	3.7281890984e-05
4.8800000000e+02	1.8897648017e-02	-1.4328588066e-02	6.8086549350e-05	3.7284799560e-05
4.8900000000e+02	1.8934934263e-02	-1.4396712792e-02	6.8162877414e-05	3.7287690617e-05
4.9000000000e+02	1.8972223392e-02	-1.4464913771e-02	6.8239055435e-05	3.7290564296e-05
4.9100000000e+02	1.9009515386e-02	-1.4533190853e-02	6.8315083990e-05	3.7293420734e-05
4.9200000000e+02	1.9046810228e-02	-1.4601543889e-02	6.8390963653e-05	3.7296260069e-05
4.9300000000e+02	1.9084107901e-02	-1.4669972731e-02	6.8466694993e-05	3.7299082436e-05
4.9400000000e+02	1.9121408387e-02	-1.4738477230e-02	6.8542278577e-05	3.7301887970e-05
4.9500000000e+02	1.9158711671e-02	-1.4807057239e-02	6.8617714970e-05	3.7304676803e-05
4.9600000000e+02	1.9196017735e-02	-1.4875712611e-02	6.8693004731e-05	3.7307449068e-05
4.9700000000e+02	1.9233326564e-02	-1.4944443200e-02	6.8768148417e-05	3.7310204894e-05
4.9800000000e+02	1.9270638140e-02	-1.5013248859e-02	6.8843146584e-05	3.7312944411e-05
4.9900000000e+02	1.9307952447e-02	-1.5082129445e-02	6.8917999783e-05	3.7315667747e-05
5.0000000000e+02	1.9345269470e-02	-1.5151084811e-02	6.8992708561e-05	3.7318375029e-05
5.0100000000e+02	1.9382589192e-02	-1.5220114814e-02	6.9067273464e-05	3.7321066381e-05
5.0200000000e+02	1.9419911597e-02	-1.5289219310e-02	6.9141695034e-05	3.7323741929e-05
5.0300000000e+02	1.9457236671e-02	-1.5358398156e-02	6.9215973811e-05	3.7326401794e-05
5.0400000000e+02	1.9494564396e-02	-1.5427651210e-02	6.9290110329e-05	3.7329046100e-05
5.0500000000e+02	1.9531894758e-02	-1.5496978330e-02	6.9364105123e-05	3.7331674966e-05
5.0600000000e+02	1.9569227741e-02	-1.5566379373e-02	6.9437958723e-05	3.7334288511e-05
5.0700000000e+02	1.9606563330e-02	-1.5635854200e-02	6.9511671656e-05	3.7336886856e-05
5.0800000000e+02	1.9643901509e-02	-1.5705402670e-02	6.9585244447e-05	3.7339470115e-05
5.0900000000e+02	1.9681242265e-02	-1.5775024643e-02	6.9658677617e-05	3.7342038406e-05
5.1000000000e+02	1.9718585581e-02	-1.5844719979e-02	6.9731971686e-05	3.7344591843e-05
5.1100000000e+02	1.9755931444e-02	-1.5914488540e-02	6.9805127169e-05	3.7347130541e-05
5.1200000000e+02	1.9793279837e-02	-1.5984330187e-02	6.9878144579e-05	3.7349654612e-05
5.1300000000e+02	1.9830630748e-02	-1.6054244783e-02	6.9951024427e-05	3.7352164167e-05
5.1400000000e+02	1.9867984161e-02	-1.6124232190e-02	7.0023767220e-05	3.7354659318e-05
5.1500000000e+02	1.9905340062e-02	-1.6194292272e-02	7.0096373464e-05	3.7357140174e-05
5.1600000000e+02	1.9942698436e-02	-1.6264424892e-02	7.0168843659e-05	3.7359606844e-05
5.1700000000e+02	1.9980059271e-02	-1.6334629914e-02	7.0241178307e-05	3.7362059434e-05
5.1800000000e+02	2.0017422551e-02	-1.6404907203e-02	7.0313377904e-05	3.7364498053e-05
5.1900000000e+02	2.0054788262e-02	-1.6475256625e-02	7.0385442943e-05	3.7366922804e-05
5.2000000000e+02	2.0092156392e-02	-1.6545678045e-02	7.0457373916e-05	3.7369333793e-05
5.2100000000e+02	2.0129526925e-02	-1.6616171328e-02	7.0529171312e-05	3.7371731123e-05
5.2200000000e+02	2.0166899849e-02	-1.6686736343e-02	7.0600835617e-05	3.7374114897e-05
5.2300000000e+02	2.0204275151e-02	-1.6757372955e-02	7.0672367315e-05	3.7376485216e-05
5.2400000000e+02	2.0241652815e-02	-1.6828081033e-02	7.0743766887e-05	3.7378842181e-05
5.2500000000e+02	2.0279032831e-02	-1.6898860445e-02	7.0815034811e-05	3.7381185892e-05
5.2600000000e+02	2.0316415183e-02	-1.6969711059e-02	7.0886171563e-05	3.7383516448e-05
5.2700000000e+02	2.0353799859e-02	-1.7040632745e-02	7.0957177617e-05	3.7385833946e-05
5.2800000000e+02	2.0391186846e-02	-1.7111625371e-02	7.1028053442e-05	3.7388138484e-05
5.2900000000e+02	2.0428576132e-02	-1.7182688808e-02	7.1098799509e-05	3.7390430157e-05
5.3000000000e+02	2.0465967702e-02	-1.7253822927e-02	7.1169416282e-05	3.7392709061e-05
5.3100000000e+02	2.0503361546e-02	-1.7325027598e-02	7.1239904226e-05	3.7394975290e-05
5.3200000000e+02	2.0540757649e-02	-1.7396302693e-02	7.1310263800e-05	3.7397228938e-05
5.3300000000e+02	2.0578155999e-02	-1.7467648083e-02	7.1380495464e-05	3.7399470097e-05
5.3400000000e+02	2.0615556585e-02	-1.7539063641e-02	7.1450599674e-05	3.7401698859e-05
5.3500000000e+02	2.0652959393e-02	-1.7610549240e-02	7.1520576884e-05	3.7403915315e-05
5.3600000000e+02	2.0690364411e-02	-1.7682104753e-02	7.1590427545e-05	3.7406119555e-05
5.3700000000e+02	2.0727771628e-02	-1.7753730053e-02	7.1660152106e-05	3.7408311668e-05
5.3800000000e+02	2.0765181031e-02	-1.7825425015e-02	7.1729751015e-05	3.7410491743e-05
5.3900000000e+02	2.0802592608e-02	-1.7897189513e-02	7.1799224714e-05	3.7412659867e-05
5.4000000000e+02	2.0840006347e-02	-1.7969023423e-02	7.1868573647e-05	3.7414816128e-05
5.4100000000e+02	2.0877422236e-02	-1.8040926619e-02	7.1937798254e-05	3.7416960611e-05
5.4200000000e+02	2.0914840264e-02	-1.8112898978e-02	7.2006898971e-05	3.7419093401e-05
5.4300000000e+02	2.0952260419e-02	-1.8184940376e-02	7.2075876234e-05	3.7421214584e-05
5.4400000000e+02	2.0989682689e-02	-1.8257050690e-02	7.2144730476e-05	3.7423324243e-05
5.4500000000e+02	2.1027107064e-02	-1.8329229796e-02	7.2213462128e-05	3.7425422461e-05
5.4600000000e+02	2.1064533530e-02	-1.8401477573e-02	7.2282071618e-05	3.7427509320e-05
5.4700000000e+02	2.1101962078e-02	-1.8473793899e-02	7.2350559373e-05	3.7429584902e-05
5.4800000000e+02	2.1139392696e-02	-1.8546178651e-02	7.2418925817e-05	3.7431649288e-05
5.4900000000e+02	2.1176825373e-02	-1.8618631710e-02	7.2487171372e-05	3.7433702557e-05
5.5000000000e+02	2.1214260098e-02	-1.8691152954e-02	7.2555296458e-05	3.7435744790e-05
5.5100000000e+02	2.1251696859e-02	-1.8763742263e-02	7.2623301492e-05	3.7437776064e-05
5.5200000000e+02	2.1289135646e-02	-1.8836399517e-02	7.2691186890e-05	3.7439796459e-05
5.5300000000e+02	2.1326576449e-02	-1.8909124597e-02	7.2758953066e-05	3.7441806050e-05
5.5400000000e+02	2.1364019255e-02	-1.8981917384e-02	7.2826600431e-05	3.7443804915e-05
5.5500000000e+02	2.1401464055e-02	-1.9054777758e-02	7.2894129393e-05	3.7445793130e-05
5.5600000000e+02	2.1438910838e-02	-1.9127705603e-02	7.2961540361e-05	3.7447770770e-05
5.5700000000e+02	2.1476359593e-02	-1.9200700800e-02	7.3028833739e-05	3.7449737910e-05
5.5800000000e+02	2.1513810310e-02	-1.9273763232e-02	7.3096009931e-05	3.7451694623e-05
5.5900000000e+02	2.1551262979e-02	-1.9346892781e-02	7.3163069337e-05	3.7453640982e-05
5.6000000000e+02	2.1588717588e-02	-1.9420089331e-02	7.3230012357e-05	3.7455577062e-05
5.6100000000e+02	2.1626174129e-02	-1.9493352767e-02	7.3296839387e-05	3.7457502932e-05
5.6200000000e+02	2.1663632591e-02	-1.9566682972e-02	7.3363550823e-05	3.7459418666e-05
5.6300000000e+02	2.1701092963e-02	-1.9640079830e-02	7.3430147058e-05	3.7461324333e-05
5.6400000000e+02	2.1738555236e-02	-1.9713543228e-02	7.3496628482e-05	3.7463220005e-05
5.6500000000e+02	2.1776019400e-02	-1.9787073049e-02	7.3562995485e-05	3.7465105749e-05
5.6600000000e+02	2.1813485445e-02	-1.9860669181e-02	7.3629248454e-05	3.7466981636e-05
5.6700000000e+02	2.1850953360e-02	-1.9934331508e-02	7.3695387774e-05	3.7468847734e-05
5.6800000000e+02	2.1888423137e-02	-2.0008059918e-02	7.3761413829e-05	3.7470704111e-05
5.6900000000e+02	2.1925894765e-02	-2.0081854298e-02	7.3827327000e-05	3.7472550833e-05
5.7000000000e+02	2.1963368235e-02	-2.0155714535e-02	7.3893127667e-05	3.7474387967e-05
5.7100000000e+02	2.2000843538e-02	-2.0229640516e-02	7.3958816206e-05	3.7476215580e-05
5.7200000000e+02	2.2038320663e-02	-2.0303632130e-02	7.4024392995e-05	3.7478033736e-05
5.7300000000e+02	2.2075799602e-02	-2.0377689265e-02	7.4089858407e-05	3.7479842502e-05
5.7400000000e+02	2.2113280345e-02	-2.0451811810e-02	7.4155212813e-05	3.7481641940e-05
5.7500000000e+02	2.2150762883e-02	-2.0525999654e-02	7.4220456585e-05	3.7483432116e-05
5.7600000000e+02	2.2188247206e-02	-2.0600252686e-02	7.4285590091e-05	3.7485213091e-05
5.7700000000e+02	2.2225733306e-02	-2.0674570797e-02	7.4350613697e-05	3.7486984930e-05
5.7800000000e+02	2.2263221173e-02	-2.0748953877e-02	7.4415527768e-05	3.7488747693e-05
5.7900000000e+02	2.2300710798e-02	-2.0823401816e-02	7.4480332668e-05	3.7490501444e-05
5.8000000000e+02	2.2338202173e-02	-2.0897914506e-02	7.4545028757e-05	3.7492246242e-05
5.8100000000e+02	2.2375695288e-02	-2.0972491838e-02	7.4609616395e-05	3.7493982149e-05
5.8200000000e+02	2.2413190134e-02	-2.1047133703e-02	7.4674095940e-05	3.7495709224e-05
5.8300000000e+02	2.2450686703e-02	-2.1121839994e-02	7.4738467748e-05	3.7497427528e-05
5.8400000000e+02	2.2488184987e-02	-2.1196610603e-02	7.4802732173e-05	3.7499137120e-05
5.8500000000e+02	2.2525684975e-02	-2.1271445422e-02	7.4866889568e-05	3.7500838057e-05
5.8600000000e+02	2.2563186660e-02	-2.1346344346e-02	7.4930940283e-05	3.7502530398e-05
5.8700000000e+02	2.2600690033e-02	-2.1421307267e-02	7.4994884668e-05	3.7504214202e-05
5.8800000000e+02	2.2638195085e-02	-2.1496334080e-02	7.5058723071e-05	3.7505889524e-05
5.8900000000e+02	2.2675701809e-02	-2.1571424678e-02	7.5122455836e-05	3.7507556422e-05
5.9000000000e+02	2.2713210195e-02	-2.1646578957e-02	7.5186083309e-05	3.7509214952e-05
5.9100000000e+02	2.2750720236e-02	-2.1721796810e-02	7.5249605831e-05	3.7510865170e-05
5.9200000000e+02	2.2788231923e-02	-2.1797078134e-02	7.5313023744e-05	3.7512507130e-05
5.9300000000e+02	2.2825745248e-02	-2.1872422823e-02	7.5376337387e-05	3.7514140888e-05
5.9400000000e+02	2.2863260202e-02	-2.1947830774e-02	7.5439547097e-05	3.7515766499e-05
5.9500000000e+02	2.2900776778e-02	-2.2023301882e-02	7.5502653211e-05	3.7517384015e-05
5.9600000000e+02	2.2938294967e-02	-2.2098836046e-02	7.5565656062e-05	3.7518993491e-05
5.9700000000e+02	2.2975814762e-02	-2.2174433160e-02	7.5628555984e-05	3.7520594980e-05
5.9800000000e+02	2.3013336155e-02	-2.2250093123e-02	7.5691353308e-05	3.7522188534e-05
5.9900000000e+02	2.3050859137e-02	-2.2325815833e-02	7.5754048363e-05	3.7523774205e-05
6.0000000000e+02	2.3088383701e-02	-2.2401601186e-02	7.5816641478e-05	3.7525352045e-05
6.0100000000e+02	2.3125909838e-02	-2.2477449082e-02	7.5879132979e-05	3.7526922106e-05
6.0200000000e+02	2.3163437542e-02	-2.2553359418e-02	7.5941523190e-05	3.7528484438e-05
6.0300000000e+02	2.3200966805e-02	-2.2629332095e-02	7.6003812436e-05	3.7530039092e-05
6.0400000000e+02	2.3238497618e-02	-2.2705367010e-02	7.6066001039e-05	3.7531586118e-05
6.0500000000e+02	2.3276029974e-02	-2.2781464063e-02	7.6128089318e-05	3.7533125566e-05
6.0600000000e+02	2.3313563866e-02	-2.2857623155e-02	7.6190077593e-05	3.7534657484e-05
6.0700000000e+02	2.3351099287e-02	-2.2933844185e-02	7.6251966181e-05	3.7536181922e-05
6.0800000000e+02	2.3388636228e-02	-2.3010127054e-02	7.6313755398e-05	3.7537698929e-05
6.0900000000e+02	2.3426174682e-02	-2.3086471663e-02	7.6375445558e-05	3.7539208552e-05
6.1000000000e+02	2.3463714642e-02	-2.3162877912e-02	7.6437036975e-05	3.7540710839e-05
6.1100000000e+02	2.3501256101e-02	-2.3239345704e-02	7.6498529960e-05	3.7542205837e-05
6.1200000000e+02	2.3538799052e-02	-2.3315874940e-02	7.6559924823e-05	3.7543693594e-05
6.1300000000e+02	2.3576343486e-02	-2.3392465521e-02	7.6621221872e-05	3.7545174155e-05
6.1400000000e+02	2.3613889398e-02	-2.3469117351e-02	7.6682421415e-05	3.7546647568e-05
6.1500000000e+02	2.3651436779e-02	-2.3545830332e-02	7.6743523757e-05	3.7548113878e-05
6.1600000000e+02	2.3688985623e-02	-2.3622604366e-02	7.6804529203e-05	3.7549573130e-05
6.1700000000e+02	2.3726535923e-02	-2.3699439358e-02	7.6865438056e-05	3.7551025369e-05
6.1800000000e+02	2.3764087671e-02	-2.3776335210e-02	7.6926250617e-05	3.7552470641e-05
6.1900000000e+02	2.3801640862e-02	-2.3853291827e-02	7.6986967187e-05	3.7553908989e-05
6.2000000000e+02	2.3839195487e-02	-2.3930309113e-02	7.7047588064e-05	3.7555340457e-05
6.2100000000e+02	2.3876751540e-02	-2.4007386971e-02	7.7108113546e-05	3.7556765090e-05
6.2200000000e+02	2.3914309015e-02	-2.4084525308e-02	7.7168543928e-05	3.7558182931e-05
6.2300000000e+02	2.3951867904e-02	-2.4161724028e-02	7.7228879505e-05	3.7559594022e-05
6.2400000000e+02	2.3989428201e-02	-2.4238983036e-02	7.7289120571e-05	3.7560998407e-05
6.2500000000e+02	2.4026989899e-02	-2.4316302237e-02	7.7349267418e-05	3.7562396127e-05
6.2600000000e+02	2.4064552991e-02	-2.4393681539e-02	7.7409320335e-05	3.7563787225e-05
6.2700000000e+02	2.4102117471e-02	-2.4471120847e-02	7.7469279614e-05	3.7565171742e-05
6.2800000000e+02	2.4139683332e-02	-2.4548620067e-02	7.7529145540e-05	3.7566549719e-05
6.2900000000e+02	2.4177250568e-02	-2.4626179107e-02	7.7588918402e-05	3.7567921198e-05
6.3000000000e+02	2.4214819172e-02	-2.4703797873e-02	7.7648598485e-05	3.7569286220e-05
6.3100000000e+02	2.4252389139e-02	-2.4781476273e-02	7.7708186072e-05	3.7570644824e-05
6.3200000000e+02	2.4289960460e-02	-2.4859214214e-02	7.7767681447e-05	3.7571997050e-05
6.3300000000e+02	2.4327533131e-02	-2.4937011605e-02	7.7827084891e-05	3.7573342939e-05
6.3400000000e+02	2.4365107144e-02	-2.5014868354e-02	7.7886396684e-05	3.7574682530e-05
6.3500000000e+02	2.4402682493e-02	-2.5092784368e-02	7.7945617105e-05	3.7576015863e-05
6.3600000000e+02	2.4440259173e-02	-2.5170759558e-02	7.8004746432e-05	3.7577342974e-05
6.3700000000e+02	2.4477837177e-02	-2.5248793831e-02	7.8063784942e-05	3.7578663905e-05
6.3800000000e+02	2.4515416499e-02	-2.5326887097e-02	7.8122732910e-05	3.7579978691e-05
6.3900000000e+02	2.4552997133e-02	-2.5405039266e-02	7.8181590609e-05	3.7581287373e-05
6.4000000000e+02	2.4590579072e-02	-2.5483250248e-02	7.8240358313e-05	3.7582589986e-05
6.4100000000e+02	2.4628162311e-02	-2.5561519953e-02	7.8299036293e-05	3.7583886570e-05
6.4200000000e+02	2.4665746843e-02	-2.5639848291e-02	7.8357624820e-05	3.7585177159e-05
6.4300000000e+02	2.4703332663e-02	-2.5718235173e-02	7.8416124162e-05	3.7586461792e-05
6.4400000000e+02	2.4740919765e-02	-2.5796680510e-02	7.8474534588e-05	3.7587740506e-05
6.4500000000e+02	2.4778508142e-02	-2.5875184213e-02	7.8532856364e-05	3.7589013335e-05
6.4600000000e+02	2.4816097789e-02	-2.5953746193e-02	7.8591089756e-05	3.7590280316e-05
6.4700000000e+02	2.4853688701e-02	-2.6032366363e-02	7.8649235029e-05	3.7591541485e-05
6.4800000000e+02	2.4891280870e-02	-2.6111044634e-02	7.8707292445e-05	3.7592796877e-05
6.4900000000e+02	2.4928874293e-02	-2.6189780919e-02	7.8765262267e-05	3.7594046528e-05
6.5000000000e+02	2.4966468962e-02	-2.6268575129e-02	7.8823144755e-05	3.7595290472e-05
6.5100000000e+02	2.5004064872e-02	-2.6347427179e-02	7.8880940170e-05	3.7596528743e-05
6.5200000000e+02	2.5041662017e-02	-2.6426336981e-02	7.8938648770e-05	3.7597761377e-05
6.5300000000e+02	2.5079260393e-02	-2.6505304448e-02	7.8996270812e-05	3.7598988407e-05
6.5400000000e+02	2.5116859992e-02	-2.6584329494e-02	7.9053806553e-05	3.7600209867e-05
6.5500000000e+02	2.5154460810e-02	-2.6663412032e-02	7.9111256248e-05	3.7601425791e-05
6.5600000000e+02	2.5192062842e-02	-2.6742551978e-02	7.9168620152e-05	3.7602636212e-05
6.5700000000e+02	2.5229666081e-02	-2.6821749244e-02	7.9225898516e-05	3.7603841162e-05
6.5800000000e+02	2.5267270522e-02	-2.6901003746e-02	7.9283091593e-05	3.7605040676e-05
6.5900000000e+02	2.5304876161e-02	-2.6980315399e-02	7.9340199635e-05	3.7606234785e-05
6.6000000000e+02	2.5342482990e-02	-2.7059684117e-02	7.9397222890e-05	3.7607423522e-05
6.6100000000e+02	2.5380091006e-02	-2.7139109816e-02	7.9454161607e-05	3.7608606919e-05
6.6200000000e+02	2.5417700202e-02	-2.7218592412e-02	7.9511016034e-05	3.7609785007e-05
6.6300000000e+02	2.5455310574e-02	-2.7298131820e-02	7.9567786417e-05	3.7610957819e-05
6.6400000000e+02	2.5492922116e-02	-2.7377727957e-02	7.9624473002e-05	3.7612125386e-05
6.6500000000e+02	2.5530534823e-02	-2.7457380739e-02	7.9681076033e-05	3.7613287739e-05
6.6600000000e+02	2.5568148690e-02	-2.7537090081e-02	7.9737595753e-05	3.7614444908e-05
6.6700000000e+02	2.5605763711e-02	-2.7616855902e-02	7.9794032404e-05	3.7615596926e-05
6.6800000000e+02	2.5643379882e-02	-2.7696678119e-02	7.9850386229e-05	3.7616743821e-05
6.6900000000e+02	2.5680997197e-02	-2.7776556647e-02	7.9906657466e-05	3.7617885624e-05
6.7000000000e+02	2.5718615652e-02	-2.7856491406e-02	7.9962846355e-05	3.7619022366e-05
6.7100000000e+02	2.5756235240e-02	-2.7936482313e-02	8.0018953134e-05	3.7620154076e-05
6.7200000000e+02	2.5793855958e-02	-2.8016529285e-02	8.0074978040e-05	3.7621280783e-05
6.7300000000e+02	2.5831477800e-02	-2.8096632242e-02	8.0130921310e-05	3.7622402518e-05
6.7400000000e+02	2.5869100761e-02	-2.8176791101e-02	8.0186783178e-05	3.7623519309e-05
6.7500000000e+02	2.5906724837e-02	-2.8257005781e-02	8.0242563878e-05	3.7624631185e-05
6.7600000000e+02	2.5944350022e-02	-2.8337276201e-02	8.0298263644e-05	3.7625738175e-05
6.7700000000e+02	2.5981976312e-02	-2.8417602281e-02	8.0353882708e-05	3.7626840307e-05
6.7800000000e+02	2.6019603701e-02	-2.8497983940e-02	8.0409421300e-05	3.7627937610e-05
6.7900000000e+02	2.6057232185e-02	-2.8578421097e-02	8.0464879650e-05	3.7629030112e-05
6.8000000000e+02	2.6094861760e-02	-2.8658913673e-02	8.0520257989e-05	3.7630117841e-05
6.8100000000e+02	2.6132492420e-02	-2.8739461586e-02	8.0575556543e-05	3.7631200824e-05
6.8200000000e+02	2.6170124160e-02	-2.8820064759e-02	8.0630775541e-05	3.7632279089e-05
6.8300000000e+02	2.6207756976e-02	-2.8900723111e-02	8.0685915208e-05	3.7633352663e-05
6.8400000000e+02	2.6245390864e-02	-2.8981436563e-02	8.0740975770e-05	3.7634421574e-05
6.8500000000e+02	2.6283025818e-02	-2.9062205036e-02	8.0795957451e-05	3.7635485848e-05
6.8600000000e+02	2.6320661834e-02	-2.9143028452e-02	8.0850860475e-05	3.7636545512e-05
6.8700000000e+02	2.6358298907e-02	-2.9223906731e-02	8.0905685063e-05	3.7637600593e-05
6.8800000000e+02	2.6395937034e-02	-2.9304839796e-02	8.0960431438e-05	3.7638651116e-05
6.8900000000e+02	2.6433576208e-02	-2.9385827568e-02	8.1015099820e-05	3.7639697108e-05
6.9000000000e+02	2.6471216426e-02	-2.9466869970e-02	8.1069690429e-05	3.7640738596e-05
6.9100000000e+02	2.6508857684e-02	-2.9547966923e-02	8.1124203483e-05	3.7641775604e-05
6.9200000000e+02	2.6546499976e-02	-2.9629118351e-02	8.1178639201e-05	3.7642808158e-05
6.9300000000e+02	2.6584143299e-02	-2.9710324176e-02	8.1232997798e-05	3.7643836284e-05
6.9400000000e+02	2.6621787647e-02	-2.9791584321e-02	8.1287279493e-05	3.7644860007e-05
6.9500000000e+02	2.6659433017e-02	-2.9872898709e-02	8.1341484498e-05	3.7645879353e-05
6.9600000000e+02	2.6697079404e-02	-2.9954267264e-02	8.1395613030e-05	3.7646894345e-05
6.9700000000e+02	2.6734726804e-02	-3.0035689910e-02	8.1449665300e-05	3.7647905008e-05
6.9800000000e+02	2.6772375213e-02	-3.0117166570e-02	8.1503641522e-05	3.7648911368e-05
6.9900000000e+02	2.6810024626e-02	-3.0198697168e-02	8.1557541907e-05	3.7649913449e-05
7.0000000000e+02	2.6847675038e-02	-3.0280281628e-02	8.1611366666e-05	3.7650911273e-05
7.0100000000e+02	2.6885326447e-02	-3.0361919876e-02	8.1665116009e-05	3.7651904867e-05
7.0200000000e+02	2.6922978847e-02	-3.0443611835e-02	8.1718790145e-05	3.7652894253e-05
7.0300000000e+02	2.6960632234e-02	-3.0525357431e-02	8.1772389282e-05	3.7653879455e-05
7.0400000000e+02	2.6998286604e-02	-3.0607156589e-02	8.1825913626e-05	3.7654860497e-05
7.0500000000e+02	2.7035941954e-02	-3.0689009233e-02	8.1879363386e-05	3.7655837402e-05
7.0600000000e+02	2.7073598278e-02	-3.0770915291e-02	8.1932738765e-05	3.7656810194e-05
7.0700000000e+02	2.7111255573e-02	-3.0852874686e-02	8.1986039970e-05	3.7657778894e-05
7.0800000000e+02	2.7148913834e-02	-3.0934887346e-02	8.2039267204e-05	3.7658743527e-05
7.0900000000e+02	2.7186573058e-02	-3.1016953196e-02	8.2092420669e-05	3.7659704114e-05
7.1000000000e+02	2.7224233241e-02	-3.1099072163e-02	8.2145500569e-05	3.7660660678e-05
7.1100000000e+02	2.7261894378e-02	-3.1181244173e-02	8.2198507104e-05	3.7661613243e-05
7.1200000000e+02	2.7299556466e-02	-3.1263469153e-02	8.2251440476e-05	3.7662561829e-05
7.1300000000e+02	2.7337219501e-02	-3.1345747029e-02	8.2304300884e-05	3.7663506459e-05
7.1400000000e+02	2.7374883478e-02	-3.1428077730e-02	8.2357088526e-05	3.7664447155e-05
7.1500000000e+02	2.7412548394e-02	-3.1510461182e-02	8.2409803603e-05	3.7665383939e-05
7.1600000000e+02	2.7450214244e-02	-3.1592897313e-02	8.2462446309e-05	3.7666316832e-05
7.1700000000e+02	2.7487881026e-02	-3.1675386051e-02	8.2515016844e-05	3.7667245856e-05
7.1800000000e+02	2.7525548735e-02	-3.1757927323e-02	8.2567515401e-05	3.7668171032e-05
7.1900000000e+02	2.7563217367e-02	-3.1840521058e-02	8.2619942176e-05	3.7669092381e-05
7.2000000000e+02	2.7600886918e-02	-3.1923167183e-02	8.2672297363e-05	3.7670009925e-05
7.2100000000e+02	2.7638557385e-02	-3.2005865629e-02	8.2724581157e-05	3.7670923684e-05
7.2200000000e+02	2.7676228764e-02	-3.2088616322e-02	8.2776793748e-05	3.7671833679e-05
7.2300000000e+02	2.7713901051e-02	-3.2171419192e-02	8.2828935330e-05	3.7672739930e-05
7.2400000000e+02	2.7751574243e-02	-3.2254274169e-02	8.2881006094e-05	3.7673642458e-05
7.2500000000e+02	2.7789248335e-02	-3.2337181181e-02	8.2933006229e-05	3.7674541284e-05
7.2600000000e+02	2.7826923324e-02	-3.2420140158e-02	8.2984935926e-05	3.7675436427e-05
7.2700000000e+02	2.7864599207e-02	-3.2503151030e-02	8.3036795373e-05	3.7676327908e-05
7.2800000000e+02	2.7902275979e-02	-3.2586213725e-02	8.3088584759e-05	3.7677215746e-05
7.2900000000e+02	2.7939953637e-02	-3.2669328176e-02	8.3140304270e-05	3.7678099962e-05
7.3000000000e+02	2.7977632178e-02	-3.2752494311e-02	8.3191954094e-05	3.7678980574e-05
7.3100000000e+02	2.8015311597e-02	-3.2835712061e-02	8.3243534416e-05	3.7679857603e-05
7.3200000000e+02	2.8052991892e-02	-3.2918981356e-02	8.3295045421e-05	3.7680731068e-05
7.3300000000e+02	2.8090673058e-02	-3.3002302129e-02	8.3346487294e-05	3.7681600988e-05
7.3400000000e+02	2.8128355092e-02	-3.3085674308e-02	8.3397860219e-05	3.7682467382e-05
7.3500000000e+02	2.8166037992e-02	-3.3169097826e-02	8.3449164378e-05	3.7683330269e-05
7.3600000000e+02	2.8203721752e-02	-3.3252572614e-02	8.3500399954e-05	3.7684189668e-05
7.3700000000e+02	2.8241406370e-02	-3.3336098603e-02	8.3551567127e-05	3.7685045598e-05
7.3800000000e+02	2.8279091842e-02	-3.3419675725e-02	8.3602666080e-05	3.7685898077e-05
7.3900000000e+02	2.8316778165e-02	-3.3503303913e-02	8.3653696992e-05	3.7686747124e-05
7.4000000000e+02	2.8354465335e-02	-3.3586983097e-02	8.3704660043e-05	3.7687592758e-05
7.4100000000e+02	2.8392153349e-02	-3.3670713210e-02	8.3755555411e-05	3.7688434995e-05
7.4200000000e+02	2.8429842204e-02	-3.3754494185e-02	8.3806383274e-05	3.7689273856e-05
7.4300000000e+02	2.8467531896e-02	-3.3838325954e-02	8.3857143809e-05	3.7690109357e-05
7.4400000000e+02	2.8505222421e-02	-3.3922208450e-02	8.3907837193e-05	3.7690941516e-05
7.4500000000e+02	2.8542913778e-02	-3.4006141606e-02	8.3958463603e-05	3.7691770352e-05
7.4600000000e+02	2.8580605961e-02	-3.4090125355e-02	8.4009023212e-05	3.7692595882e-05
7.4700000000e+02	2.8618298968e-02	-3.4174159631e-02	8.4059516197e-05	3.7693418123e-05
7.4800000000e+02	2.8655992796e-02	-3.4258244366e-02	8.4109942730e-05	3.7694237092e-05
7.4900000000e+02	2.8693687441e-02	-3.4342379494e-02	8.4160302984e-05	3.7695052808e-05
7.5000000000e+02	2.8731382901e-02	-3.4426564950e-02	8.4210597134e-05	3.7695865287e-05
7.5100000000e+02	2.8769079171e-02	-3.4510800666e-02	8.4260825349e-05	3.7696674547e-05
7.5200000000e+02	2.8806776249e-02	-3.4595086578e-02	8.4310987802e-05	3.7697480604e-05
7.5300000000e+02	2.8844474131e-02	-3.4679422620e-02	8.4361084663e-05	3.7698283475e-05
7.5400000000e+02	2.8882172815e-02	-3.4763808726e-02	8.4411116101e-05	3.7699083177e-05
7.5500000000e+02	2.8919872296e-02	-3.4848244830e-02	8.4461082287e-05	3.7699879726e-05
7.5600000000e+02	2.8957572573e-02	-3.4932730869e-02	8.4510983389e-05	3.7700673140e-05
7.5700000000e+02	2.8995273642e-02	-3.5017266776e-02	8.4560819574e-05	3.7701463434e-05
7.5800000000e+02	2.9032975499e-02	-3.5101852486e-02	8.4610591009e-05	3.7702250625e-05
7.5900000000e+02	2.9070678142e-02	-3.5186487936e-02	8.4660297863e-05	3.7703034728e-05
7.6000000000e+02	2.9108381567e-02	-3.5271173060e-02	8.4709940300e-05	3.7703815761e-05
7.6100000000e+02	2.9146085772e-02	-3.5355907795e-02	8.4759518486e-05	3.7704593739e-05
7.6200000000e+02	2.9183790754e-02	-3.5440692076e-02	8.4809032585e-05	3.7705368677e-05
7.6300000000e+02	2.9221496509e-02	-3.5525525839e-02	8.4858482763e-05	3.7706140593e-05
7.6400000000e+02	2.9259203034e-02	-3.5610409020e-02	8.4907869181e-05	3.7706909500e-05
7.6500000000e+02	2.9296910327e-02	-3.5695341556e-02	8.4957192004e-05	3.7707675416e-05
7.6600000000e+02	2.9334618384e-02	-3.5780323383e-02	8.5006451393e-05	3.7708438355e-05
7.6700000000e+02	2.9372327202e-02	-3.5865354438e-02	8.5055647510e-05	3.7709198333e-05
7.6800000000e+02	2.9410036780e-02	-3.5950434657e-02	8.5104780517e-05	3.7709955365e-05
7.6900000000e+02	2.9447747112e-02	-3.6035563978e-02	8.5153850572e-05	3.7710709467e-05
7.7000000000e+02	2.9485458197e-02	-3.6120742337e-02	8.5202857838e-05	3.7711460652e-05
7.7100000000e+02	2.9523170033e-02	-3.6205969673e-02	8.5251802471e-05	3.7712208937e-05
7.7200000000e+02	2.9560882614e-02	-3.6291245922e-02	8.5300684632e-05	3.7712954336e-05
7.7300000000e+02	2.9598595940e-02	-3.6376571021e-02	8.5349504478e-05	3.7713696864e-05
7.7400000000e+02	2.9636310007e-02	-3.6461944910e-02	8.5398262167e-05	3.7714436536e-05
7.7500000000e+02	2.9674024812e-02	-3.6547367525e-02	8.5446957855e-05	3.7715173366e-05
7.7600000000e+02	2.9711740353e-02	-3.6632838805e-02	8.5495591698e-05	3.7715907369e-05
7.7700000000e+02	2.9749456626e-02	-3.6718358688e-02	8.5544163853e-05	3.7716638560e-05
7.7800000000e+02	2.9787173629e-02	-3.6803927112e-02	8.5592674475e-05	3.7717366952e-05
7.7900000000e+02	2.9824891359e-02	-3.6889544016e-02	8.5641123717e-05	3.7718092559e-05
7.8000000000e+02	2.9862609813e-02	-3.6975209339e-02	8.5689511734e-05	3.7718815397e-05
7.8100000000e+02	2.9900328989e-02	-3.7060923019e-02	8.5737838679e-05	3.7719535478e-05
7.8200000000e+02	2.9938048883e-02	-3.7146684996e-02	8.5786104705e-05	3.7720252818e-05
7.8300000000e+02	2.9975769494e-02	-3.7232495209e-02	8.5834309965e-05	3.7720967429e-05
7.8400000000e+02	3.0013490817e-02	-3.7318353596e-02	8.5882454609e-05	3.7721679327e-05
7.8500000000e+02	3.0051212851e-02	-3.7404260098e-02	8.5930538789e-05	3.7722388523e-05
7.8600000000e+02	3.0088935593e-02	-3.7490214653e-02	8.5978562655e-05	3.7723095033e-05
7.8700000000e+02	3.0126659041e-02	-3.7576217203e-02	8.6026526358e-05	3.7723798869e-05
7.8800000000e+02	3.0164383190e-02	-3.7662267686e-02	8.6074430046e-05	3.7724500045e-05
7.8900000000e+02	3.0202108040e-02	-3.7748366043e-02	8.6122273869e-05	3.7725198574e-05
7.9000000000e+02	3.0239833587e-02	-3.7834512214e-02	8.6170057975e-05	3.7725894470e-05
7.9100000000e+02	3.0277559828e-02	-3.7920706139e-02	8.6217782512e-05	3.7726587746e-05
7.9200000000e+02	3.0315286761e-02	-3.8006947759e-02	8.6265447627e-05	3.7727278414e-05
7.9300000000e+02	3.0353014384e-02	-3.8093237015e-02	8.6313053466e-05	3.7727966489e-05
7.9400000000e+02	3.0390742693e-02	-3.8179573846e-02	8.6360600176e-05	3.7728651982e-05
7.9500000000e+02	3.0428471687e-02	-3.8265958195e-02	8.6408087902e-05	3.7729334908e-05
7.9600000000e+02	3.0466201362e-02	-3.8352390003e-02	8.6455516790e-05	3.7730015277e-05
7.9700000000e+02	3.0503931717e-02	-3.8438869209e-02	8.6502886984e-05	3.7730693105e-05
7.9800000000e+02	3.0541662748e-02	-3.8525395757e-02	8.6550198627e-05	3.7731368402e-05
7.9900000000e+02	3.0579394453e-02	-3.8611969587e-02	8.6597451865e-05	3.7732041181e-05
8.0000000000e+02	3.0617126829e-02	-3.8698590641e-02	8.6644646838e-05	3.7732711456e-05
8.0100000000e+02	3.0654859875e-02	-3.8785258861e-02	8.6691783691e-05	3.7733379238e-05
8.0200000000e+02	3.0692593587e-02	-3.8871974189e-02	8.6738862564e-05	3.7734044539e-05
8.0300000000e+02	3.0730327963e-02	-3.8958736567e-02	8.6785883599e-05	3.7734707373e-05
8.0400000000e+02	3.0768063001e-02	-3.9045545937e-02	8.6832846938e-05	3.7735367751e-05
8.0500000000e+02	3.0805798698e-02	-3.9132402242e-02	8.6879752720e-05	3.7736025684e-05
8.0600000000e+02	3.0843535051e-02	-3.9219305424e-02	8.6926601086e-05	3.7736681186e-05
8.0700000000e+02	3.0881272059e-02	-3.9306255425e-02	8.6973392174e-05	3.7737334269e-05
8.0800000000e+02	3.0919009719e-02	-3.9393252189e-02	8.7020126124e-05	3.7737984943e-05
8.0900000000e+02	3.0956748028e-02	-3.9480295658e-02	8.7066803074e-05	3.7738633221e-05
8.1000000000e+02	3.0994486985e-02	-3.9567385776e-02	8.7113423162e-05	3.7739279115e-05
8.1100000000e+02	3.1032226586e-02	-3.9654522486e-02	8.7159986525e-05	3.7739922636e-05
8.1200000000e+02	3.1069966829e-02	-3.9741705730e-02	8.7206493300e-05	3.7740563795e-05
8.1300000000e+02	3.1107707713e-02	-3.9828935453e-02	8.7252943624e-05	3.7741202606e-05
8.1400000000e+02	3.1145449234e-02	-3.9916211599e-02	8.7299337632e-05	3.7741839078e-05
8.1500000000e+02	3.1183191390e-02	-4.0003534110e-02	8.7345675460e-05	3.7742473223e-05
8.1600000000e+02	3.1220934179e-02	-4.0090902931e-02	8.7391957243e-05	3.7743105052e-05
8.1700000000e+02	3.1258677599e-02	-4.0178318006e-02	8.7438183115e-05	3.7743734578e-05
8.1800000000e+02	3.1296421648e-02	-4.0265779279e-02	8.7484353211e-05	3.7744361810e-05
8.1900000000e+02	3.1334166322e-02	-4.0353286694e-02	8.7530467663e-05	3.7744986760e-05
8.2000000000e+02	3.1371911620e-02	-4.0440840195e-02	8.7576526605e-05	3.7745609440e-05
8.2100000000e+02	3.1409657540e-02	-4.0528439728e-02	8.7622530169e-05	3.7746229859e-05
8.2200000000e+02	3.1447404079e-02	-4.0616085237e-02	8.7668478488e-05	3.7746848030e-05
8.2300000000e+02	3.1485151236e-02	-4.0703776667e-02	8.7714371692e-05	3.7747463962e-05
8.2400000000e+02	3.1522899007e-02	-4.0791513962e-02	8.7760209914e-05	3.7748077666e-05
8.2500000000e+02	3.1560647390e-02	-4.0879297069e-02	8.7805993283e-05	3.7748689154e-05
8.2600000000e+02	3.1598396384e-02	-4.0967125931e-02	8.7851721931e-05	3.7749298436e-05
8.2700000000e+02	3.1636145986e-02	-4.1055000494e-02	8.7897395986e-05	3.7749905522e-05
8.2800000000e+02	3.1673896195e-02	-4.1142920705e-02	8.7943015579e-05	3.7750510424e-05
8.2900000000e+02	3.1711647006e-02	-4.1230886507e-02	8.7988580837e-05	3.7751113150e-05
8.3000000000e+02	3.1749398420e-02	-4.1318897848e-02	8.8034091889e-05	3.7751713713e-05
8.3100000000e+02	3.1787150433e-02	-4.1406954673e-02	8.8079548864e-05	3.7752312122e-05
8.3200000000e+02	3.1824903044e-02	-4.1495056928e-02	8.8124951889e-05	3.7752908387e-05
8.3300000000e+02	3.1862656249e-02	-4.1583204559e-02	8.8170301090e-05	3.7753502519e-05
8.3400000000e+02	3.1900410048e-02	-4.1671397512e-02	8.8215596595e-05	3.7754094528e-05
8.3500000000e+02	3.1938164438e-02	-4.1759635734e-02	8.8260838529e-05	3.7754684424e-05
8.3600000000e+02	3.1975919416e-02	-4.1847919171e-02	8.8306027019e-05	3.7755272217e-05
8.3700000000e+02	3.2013674981e-02	-4.1936247771e-02	8.8351162189e-05	3.7755857916e-05
8.3800000000e+02	3.2051431131e-02	-4.2024621478e-02	8.8396244164e-05	3.7756441533e-05
8.3900000000e+02	3.2089187864e-02	-4.2113040241e-02	8.8441273069e-05	3.7757023076e-05
8.4000000000e+02	3.2126945177e-02	-4.2201504007e-02	8.8486249028e-05	3.7757602555e-05
8.4100000000e+02	3.2164703068e-02	-4.2290012722e-02	8.8531172164e-05	3.7758179981e-05
8.4200000000e+02	3.2202461536e-02	-4.2378566333e-02	8.8576042600e-05	3.7758755363e-05
8.4300000000e+02	3.2240220578e-02	-4.2467164789e-02	8.8620860460e-05	3.7759328710e-05
8.4400000000e+02	3.2277980193e-02	-4.2555808037e-02	8.8665625864e-05	3.7759900032e-05
8.4500000000e+02	3.2315740378e-02	-4.2644496024e-02	8.8710338936e-05	3.7760469339e-05
8.4600000000e+02	3.2353501131e-02	-4.2733228697e-02	8.8754999797e-05	3.7761036640e-05
8.4700000000e+02	3.2391262450e-02	-4.2822006006e-02	8.8799608567e-05	3.7761601945e-05
8.4800000000e+02	3.2429024334e-02	-4.2910827897e-02	8.8844165367e-05	3.7762165262e-05
8.4900000000e+02	3.2466786780e-02	-4.2999694319e-02	8.8888670317e-05	3.7762726601e-05
8.5000000000e+02	3.2504549787e-02	-4.3088605220e-02	8.8933123538e-05	3.7763285971e-05
8.5100000000e+02	3.2542313351e-02	-4.3177560549e-02	8.8977525147e-05	3.7763843382e-05
8.5200000000e+02	3.2580077473e-02	-4.3266560254e-02	8.9021875266e-05	3.7764398843e-05
8.5300000000e+02	3.2617842148e-02	-4.3355604283e-02	8.9066174010e-05	3.7764952363e-05
8.5400000000e+02	3.2655607377e-02	-4.3444692585e-02	8.9110421500e-05	3.7765503950e-05
8.5500000000e+02	3.2693373156e-02	-4.3533825108e-02	8.9154617853e-05	3.7766053613e-05
8.5600000000e+02	3.2731139483e-02	-4.3623001803e-02	8.9198763185e-05	3.7766601363e-05
8.5700000000e+02	3.2768906358e-02	-4.3712222618e-02	8.9242857614e-05	3.7767147207e-05
8.5800000000e+02	3.2806673777e-02	-4.3801487502e-02	8.9286901257e-05	3.7767691154e-05
8.5900000000e+02	3.2844441739e-02	-4.3890796403e-02	8.9330894229e-05	3.7768233213e-05
8.6000000000e+02	3.2882210243e-02	-4.3980149273e-02	8.9374836647e-05	3.7768773393e-05
8.6100000000e+02	3.2919979286e-02	-4.4069546060e-02	8.9418728624e-05	3.7769311702e-05
8.6200000000e+02	3.2957748866e-02	-4.4158986714e-02	8.9462570278e-05	3.7769848150e-05
8.6300000000e+02	3.2995518981e-02	-4.4248471184e-02	8.9506361721e-05	3.7770382744e-05
8.6400000000e+02	3.3033289631e-02	-4.4337999420e-02	8.9550103068e-05	3.7770915493e-05
8.6500000000e+02	3.3071060812e-02	-4.4427571373e-02	8.9593794433e-05	3.7771446406e-05
8.6600000000e+02	3.3108832523e-02	-4.4517186993e-02	8.9637435930e-05	3.7771975491e-05
8.6700000000e+02	3.3146604762e-02	-4.4606846229e-02	8.9681027671e-05	3.7772502756e-05
8.6800000000e+02	3.3184377528e-02	-4.4696549031e-02	8.9724569768e-05	3.7773028210e-05
8.6900000000e+02	3.3222150818e-02	-4.4786295352e-02	8.9768062335e-05	3.7773551861e-05
8.7000000000e+02	3.3259924631e-02	-4.4876085140e-02	8.9811505483e-05	3.7774073717e-05
8.7100000000e+02	3.3297698965e-02	-4.4965918346e-02	8.9854899323e-05	3.7774593787e-05
8.7200000000e+02	3.3335473818e-02	-4.5055794922e-02	8.9898243967e-05	3.7775112078e-05
8.7300000000e+02	3.3373249188e-02	-4.5145714818e-02	8.9941539526e-05	3.7775628598e-05
8.7400000000e+02	3.3411025074e-02	-4.5235677985e-02	8.9984786109e-05	3.7776143357e-05
8.7500000000e+02	3.3448801474e-02	-4.5325684374e-02	9.0027983826e-05	3.7776656361e-05
8.7600000000e+02	3.3486578386e-02	-4.5415733936e-02	9.0071132788e-05	3.7777167618e-05
8.7700000000e+02	3.3524355809e-02	-4.5505826623e-02	9.0114233104e-05	3.7777677138e-05
8.7800000000e+02	3.3562133740e-02	-4.5595962386e-02	9.0157284882e-05	3.7778184926e-05
8.7900000000e+02	3.3599912178e-02	-4.5686141177e-02	9.0200288231e-05	3.7778690992e-05
8.8000000000e+02	3.3637691122e-02	-4.5776362946e-02	9.0243243259e-05	3.7779195343e-05
8.8100000000e+02	3.3675470568e-02	-4.5866627647e-02	9.0286150074e-05	3.7779697986e-05
8.8200000000e+02	3.3713250517e-02	-4.5956935230e-02	9.0329008784e-05	3.7780198930e-05
8.8300000000e+02	3.3751030966e-02	-4.6047285649e-02	9.0371819495e-05	3.7780698182e-05
8.8400000000e+02	3.3788811913e-02	-4.6137678853e-02	9.0414582315e-05	3.7781195749e-05
8.8500000000e+02	3.3826593357e-02	-4.6228114797e-02	9.0457297349e-05	3.7781691640e-05
8.8600000000e+02	3.3864375296e-02	-4.6318593432e-02	9.0499964704e-05	3.7782185861e-05
8.8700000000e+02	3.3902157728e-02	-4.6409114711e-02	9.0542584486e-05	3.7782678421e-05
8.8800000000e+02	3.3939940652e-02	-4.6499678585e-02	9.0585156799e-05	3.7783169326e-05
8.8900000000e+02	3.3977724066e-02	-4.6590285009e-02	9.0627681749e-05	3.7783658584e-05
8.9000000000e+02	3.4015507968e-02	-4.6680933933e-02	9.0670159440e-05	3.7784146203e-05
8.9100000000e+02	3.4053292358e-02	-4.6771625312e-02	9.0712589977e-05	3.7784632189e-05
8.9200000000e+02	3.4091077232e-02	-4.6862359097e-02	9.0754973464e-05	3.7785116550e-05
8.9300000000e+02	3.4128862590e-02	-4.6953135243e-02	9.0797310004e-05	3.7785599294e-05
8.9400000000e+02	3.4166648430e-02	-4.7043953702e-02	9.0839599700e-05	3.7786080426e-05
8.9500000000e+02	3.4204434751e-02	-4.7134814427e-02	9.0881842657e-05	3.7786559955e-05
8.9600000000e+02	3.4242221550e-02	-4.7225717372e-02	9.0924038975e-05	3.7787037888e-05
8.9700000000e+02	3.4280008826e-02	-4.7316662489e-02	9.0966188757e-05	3.7787514232e-05
8.9800000000e+02	3.4317796578e-02	-4.7407649734e-02	9.1008292106e-05	3.7787988993e-05
8.9900000000e+02	3.4355584803e-02	-4.7498679058e-02	9.1050349123e-05	3.7788462179e-05
9.0000000000e+02	3.4393373501e-02	-4.7589750416e-02	9.1092359909e-05	3.7788933796e-05
9.0100000000e+02	3.4431162670e-02	-4.7680863763e-02	9.1134324565e-05	3.7789403852e-05
9.0200000000e+02	3.4468952309e-02	-4.7772019050e-02	9.1176243192e-05	3.7789872354e-05
9.0300000000e+02	3.4506742415e-02	-4.7863216234e-02	9.1218115890e-05	3.7790339307e-05
9.0400000000e+02	3.4544532987e-02	-4.7954455267e-02	9.1259942758e-05	3.7790804720e-05
9.0500000000e+02	3.4582324024e-02	-4.8045736104e-02	9.1301723898e-05	3.7791268599e-05
9.0600000000e+02	3.4620115523e-02	-4.8137058699e-02	9.1343459407e-05	3.7791730950e-05
9.0700000000e+02	3.4657907485e-02	-4.8228423008e-02	9.1385149385e-05	3.7792191781e-05
9.0800000000e+02	3.4695699907e-02	-4.8319828983e-02	9.1426793931e-05	3.7792651097e-05
9.0900000000e+02	3.4733492787e-02	-4.8411276580e-02	9.1468393143e-05	3.7793108906e-05
9.1000000000e+02	3.4771286124e-02	-4.8502765754e-02	9.1509947119e-05	3.7793565214e-05
9.1100000000e+02	3.4809079917e-02	-4.8594296459e-02	9.1551455956e-05	3.7794020028e-05
9.1200000000e+02	3.4846874163e-02	-4.8685868651e-02	9.1592919753e-05	3.7794473354e-05
9.1300000000e+02	3.4884668863e-02	-4.8777482284e-02	9.1634338605e-05	3.7794925199e-05
9.1400000000e+02	3.4922464013e-02	-4.8869137313e-02	9.1675712611e-05	3.7795375568e-05
9.1500000000e+02	3.4960259613e-02	-4.8960833694e-02	9.1717041866e-05	3.7795824469e-05
9.1600000000e+02	3.4998055662e-02	-4.9052571382e-02	9.1758326467e-05	3.7796271908e-05
9.1700000000e+02	3.5035852157e-02	-4.9144350332e-02	9.1799566509e-05	3.7796717891e-05
9.1800000000e+02	3.5073649097e-02	-4.9236170500e-02	9.1840762089e-05	3.7797162425e-05
9.1900000000e+02	3.5111446481e-02	-4.9328031842e-02	9.1881913300e-05	3.7797605515e-05
9.2000000000e+02	3.5149244308e-02	-4.9419934312e-02	9.1923020239e-05	3.7798047169e-05
9.2100000000e+02	3.5187042575e-02	-4.9511877868e-02	9.1964083000e-05	3.7798487391e-05
9.2200000000e+02	3.5224841282e-02	-4.9603862464e-02	9.2005101676e-05	3.7798926189e-05
9.2300000000e+02	3.5262640427e-02	-4.9695888056e-02	9.2046076363e-05	3.7799363569e-05
9.2400000000e+02	3.5300440009e-02	-4.9787954602e-02	9.2087007154e-05	3.7799799536e-05
9.2500000000e+02	3.5338240025e-02	-4.9880062056e-02	9.2127894142e-05	3.7800234097e-05
9.2600000000e+02	3.5376040476e-02	-4.9972210375e-02	9.2168737421e-05	3.7800667257e-05
9.2700000000e+02	3.5413841360e-02	-5.0064399516e-02	9.2209537083e-05	3.7801099023e-05
9.2800000000e+02	3.5451642674e-02	-5.0156629435e-02	9.2250293221e-05	3.7801529401e-05
9.2900000000e+02	3.5489444418e-02	-5.0248900088e-02	9.2291005927e-05	3.7801958396e-05
9.3000000000e+02	3.5527246590e-02	-5.0341211432e-02	9.2331675293e-05	3.7802386015e-05
9.3100000000e+02	3.5565049189e-02	-5.0433563424e-02	9.2372301411e-05	3.7802812263e-05
9.3200000000e+02	3.5602852214e-02	-5.0525956021e-02	9.2412884372e-05	3.7803237147e-05
9.3300000000e+02	3.5640655663e-02	-5.0618389179e-02	9.2453424268e-05	3.7803660671e-05
9.3400000000e+02	3.5678459535e-02	-5.0710862855e-02	9.2493921189e-05	3.7804082842e-05
9.3500000000e+02	3.5716263829e-02	-5.0803377007e-02	9.2534375225e-05	3.7804503666e-05
9.3600000000e+02	3.5754068542e-02	-5.0895931591e-02	9.2574786467e-05	3.7804923149e-05
9.3700000000e+02	3.5791873674e-02	-5.0988526566e-02	9.2615155005e-05	3.7805341295e-05
9.3800000000e+02	3.5829679224e-02	-5.1081161887e-02	9.2655480929e-05	3.7805758111e-05
9.3900000000e+02	3.5867485190e-02	-5.1173837513e-02	9.2695764327e-05	3.7806173602e-05
9.4000000000e+02	3.5905291571e-02	-5.1266553402e-02	9.2736005290e-05	3.7806587774e-05
9.4100000000e+02	3.5943098365e-02	-5.1359309510e-02	9.2776203905e-05	3.7807000632e-05
9.4200000000e+02	3.5980905572e-02	-5.1452105795e-02	9.2816360262e-05	3.7807412183e-05
9.4300000000e+02	3.6018713189e-02	-5.1544942216e-02	9.2856474449e-05	3.7807822431e-05
9.4400000000e+02	3.6056521216e-02	-5.1637818730e-02	9.2896546553e-05	3.7808231382e-05
9.4500000000e+02	3.6094329652e-02	-5.1730735295e-02	9.2936576663e-05	3.7808639041e-05
9.4600000000e+02	3.6132138494e-02	-5.1823691870e-02	9.2976564866e-05	3.7809045414e-05
9.4700000000e+02	3.6169947742e-02	-5.1916688411e-02	9.3016511249e-05	3.7809450507e-05
9.4800000000e+02	3.6207757394e-02	-5.2009724878e-02	9.3056415899e-05	3.7809854324e-05
9.4900000000e+02	3.6245567450e-02	-5.2102801229e-02	9.3096278903e-05	3.7810256871e-05
9.5000000000e+02	3.6283377908e-02	-5.2195917422e-02	9.3136100347e-05	3.7810658154e-05
9.5100000000e+02	3.6321188766e-02	-5.2289073416e-02	9.3175880317e-05	3.7811058177e-05
9.5200000000e+02	3.6359000024e-02	-5.2382269169e-02	9.3215618900e-05	3.7811456946e-05
9.5300000000e+02	3.6396811680e-02	-5.2475504640e-02	9.3255316180e-05	3.7811854466e-05
9.5400000000e+02	3.6434623732e-02	-5.2568779788e-02	9.3294972243e-05	3.7812250742e-05
9.5500000000e+02	3.6472436181e-02	-5.2662094571e-02	9.3334587174e-05	3.7812645780e-05
9.5600000000e+02	3.6510249023e-02	-5.2755448948e-02	9.3374161058e-05	3.7813039584e-05
9.5700000000e+02	3.6548062259e-02	-5.2848842879e-02	9.3413693980e-05	3.7813432160e-05
9.5800000000e+02	3.6585875887e-02	-5.2942276323e-02	9.3453186023e-05	3.7813823513e-05
9.5900000000e+02	3.6623689906e-02	-5.3035749238e-02	9.3492637272e-05	3.7814213648e-05
9.6000000000e+02	3.6661504314e-02	-5.3129261584e-02	9.3532047810e-05	3.7814602569e-05
9.6100000000e+02	3.6699319111e-02	-5.3222813320e-02	9.3571417722e-05	3.7814990283e-05
9.6200000000e+02	3.6737134294e-02	-5.3316404405e-02	9.3610747089e-05	3.7815376793e-05
9.6300000000e+02	3.6774949864e-02	-5.3410034800e-02	9.3650035996e-05	3.7815762106e-05
9.6400000000e+02	3.6812765818e-02	-5.3503704464e-02	9.3689284525e-05	3.7816146225e-05
9.6500000000e+02	3.6850582156e-02	-5.3597413356e-02	9.3728492758e-05	3.7816529157e-05
9.6600000000e+02	3.6888398876e-02	-5.3691161436e-02	9.3767660779e-05	3.7816910904e-05
9.6700000000e+02	3.6926215977e-02	-5.3784948664e-02	9.3806788668e-05	3.7817291474e-05
9.6800000000e+02	3.6964033459e-02	-5.3878775000e-02	9.3845876507e-05	3.7817670869e-05
9.6900000000e+02	3.7001851319e-02	-5.3972640404e-02	9.3884924378e-05	3.7818049096e-05
9.7000000000e+02	3.7039669556e-02	-5.4066544836e-02	9.3923932363e-05	3.7818426159e-05
9.7100000000e+02	3.7077488171e-02	-5.4160488255e-02	9.3962900542e-05	3.7818802063e-05
9.7200000000e+02	3.7115307160e-02	-5.4254470623e-02	9.4001828995e-05	3.7819176812e-05
9.7300000000e+02	3.7153126524e-02	-5.4348491900e-02	9.4040717805e-05	3.7819550411e-05
9.7400000000e+02	3.7190946261e-02	-5.4442552046e-02	9.4079567050e-05	3.7819922865e-05
9.7500000000e+02	3.7228766369e-02	-5.4536651021e-02	9.4118376811e-05	3.7820294179e-05
9.7600000000e+02	3.7266586849e-02	-5.4630788786e-02	9.4157147167e-05	3.7820664357e-05
9.7700000000e+02	3.7304407698e-02	-5.4724965302e-02	9.4195878198e-05	3.7821033404e-05
9.7800000000e+02	3.7342228915e-02	-5.4819180530e-02	9.4234569984e-05	3.7821401324e-05
9.7900000000e+02	3.7380050500e-02	-5.4913434429e-02	9.4273222604e-05	3.7821768123e-05
9.8000000000e+02	3.7417872451e-02	-5.5007726962e-02	9.4311836135e-05	3.7822133803e-05
9.8100000000e+02	3.7455694767e-02	-5.5102058088e-02	9.4350410658e-05	3.7822498371e-05
9.8200000000e+02	3.7493517447e-02	-5.5196427770e-02	9.4388946250e-05	3.7822861831e-05
9.8300000000e+02	3.7531340490e-02	-5.5290835968e-02	9.4427442989e-05	3.7823224186e-05
9.8400000000e+02	3.7569163895e-02	-5.5385282643e-02	9.4465900954e-05	3.7823585443e-05
9.8500000000e+02	3.7606987661e-02	-5.5479767757e-02	9.4504320221e-05	3.7823945604e-05
9.8600000000e+02	3.7644811786e-02	-5.5574291271e-02	9.4542700869e-05	3.7824304674e-05
9.8700000000e+02	3.7682636270e-02	-5.5668853146e-02	9.4581042974e-05	3.7824662658e-05
9.8800000000e+02	3.7720461111e-02	-5.5763453344e-02	9.4619346614e-05	3.7825019561e-05
9.8900000000e+02	3.7758286309e-02	-5.5858091826e-02	9.4657611865e-05	3.7825375386e-05
9.9000000000e+02	3.7796111862e-02	-5.5952768555e-02	9.4695838804e-05	3.7825730138e-05
9.9100000000e+02	3.7833937769e-02	-5.6047483491e-02	9.4734027507e-05	3.7826083821e-05
9.9200000000e+02	3.7871764029e-02	-5.6142236597e-02	9.4772178050e-05	3.7826436439e-05
9.9300000000e+02	3.7909590641e-02	-5.6237027835e-02	9.4810290509e-05	3.7826787997e-05
9.9400000000e+02	3.7947417604e-02	-5.6331857165e-02	9.4848364960e-05	3.7827138499e-05
9.9500000000e+02	3.7985244918e-02	-5.6426724552e-02	9.4886401477e-05	3.7827487949e-05
9.9600000000e+02	3.8023072580e-02	-5.6521629956e-02	9.4924400136e-05	3.7827836352e-05
9.9700000000e+02	3.8060900590e-02	-5.6616573340e-02	9.4962361013e-05	3.7828183711e-05
9.9800000000e+02	3.8098728947e-02	-5.6711554665e-02	9.5000284181e-05	3.7828530031e-05
9.9900000000e+02	3.8136557650e-02	-5.6806573895e-02	9.5038169715e-05	3.7828875315e-05
