# total modes from dos = 5.9999738885e+00
# ZPE = 4.4910421796e-03 Ry/cell
# Multiply by 13.6058 to have energies in eV/cell etc..
# Multiply by 13.6058 x 23060.35 = 313 754.5 to have energies in cal/(N mol).
# Multiply by 13.6058 x 96526.0 = 1 313 313 to have energies in J/(N mol).
# N is the number of formula units per cell.
#
# T (K) 	Evib (Ry/cell)	Fvib (Ry/cell)	Svib (Ry/cell/K)	Cvib (Ry/cell/K)
1.0000000000e+00	4.4910421940e-03	4.4910421103e-03	8.3772891490e-11	4.2543448700e-11
2.0000000000e+00	4.4910423232e-03	4.4910419931e-03	1.6502636121e-10	2.5903657848e-10
3.0000000000e+00	4.4910428275e-03	4.4910417417e-03	3.6195293023e-10	8.2180039446e-10
4.0000000000e+00	4.4910441400e-03	4.4910412115e-03	7.3214612200e-10	1.9044403576e-09
5.0000000000e+00	4.4910468681e-03	4.4910402003e-03	1.3335674511e-09	3.6823935537e-09
6.0000000000e+00	4.4910517961e-03	4.4910384478e-03	2.2247285693e-09	6.3344204223e-09
7.0000000000e+00	4.4910598898e-03	4.4910356345e-03	3.4650412805e-09	1.0045120555e-08
8.0000000000e+00	4.4910723039e-03	4.4910313810e-03	5.1153578114e-09	1.5008934499e-08
9.0000000000e+00	4.4910903955e-03	4.4910252461e-03	7.2388231851e-09	2.1437306784e-08
1.0000000000e+01	4.4911157468e-03	4.4910167234e-03	9.9023376466e-09	2.9572360867e-08
1.1000000000e+01	4.4911502069e-03	4.4910052371e-03	1.3179073802e-08	3.9710438443e-08
1.2000000000e+01	4.4911959619e-03	4.4909901333e-03	1.7152382331e-08	5.2235169791e-08
1.3000000000e+01	4.4912556403e-03	4.4909706675e-03	2.1920983421e-08	6.7654143104e-08
1.4000000000e+01	4.4913324538e-03	4.4909459865e-03	2.7604802977e-08	8.6629785040e-08
1.5000000000e+01	4.4914303614e-03	4.4909151043e-03	3.4350475831e-08	1.0999584568e-07
1.6000000000e+01	4.4915542414e-03	4.4908768728e-03	4.2335539337e-08	1.3875483014e-07
1.7000000000e+01	4.4917100507e-03	4.4908299502e-03	5.1770616349e-08	1.7405642823e-07
1.8000000000e+01	4.4919049544e-03	4.4907727674e-03	6.2899280871e-08	2.1716061082e-07
1.9000000000e+01	4.4921474138e-03	4.4907034960e-03	7.5995672302e-08	2.6939090675e-07
2.0000000000e+01	4.4924472242e-03	4.4906200202e-03	9.1360196223e-08	3.3208363737e-07
2.1000000000e+01	4.4928155026e-03	4.4905199128e-03	1.0931380084e-07	4.0653811819e-07
2.2000000000e+01	4.4932646281e-03	4.4904004181e-03	1.3019136421e-07	4.9397158820e-07
2.3000000000e+01	4.4938081395e-03	4.4902584415e-03	1.5433469851e-07	5.9548129668e-07
2.4000000000e+01	4.4944606006e-03	4.4900905461e-03	1.8208560416e-07	7.1201499202e-07
2.5000000000e+01	4.4952374387e-03	4.4898929559e-03	2.1377931401e-07	8.4435011745e-07
2.6000000000e+01	4.4961547683e-03	4.4896615654e-03	2.4973857188e-07	9.9308133945e-07
2.7000000000e+01	4.4972292045e-03	4.4893919549e-03	2.9026850226e-07	1.1586155920e-06
2.8000000000e+01	4.4984776760e-03	4.4890794101e-03	3.3565235310e-07	1.3411735691e-06
2.9000000000e+01	4.4999172418e-03	4.4887189459e-03	3.8614813393e-07	1.5407964925e-06
3.0000000000e+01	4.5015649166e-03	4.4883053328e-03	4.4198612610e-07	1.7573569855e-06
3.1000000000e+01	4.5034375091e-03	4.4878331256e-03	5.0336720999e-07	1.9905729481e-06
3.2000000000e+01	4.5055514753e-03	4.4872966935e-03	5.7046193289e-07	2.2400234481e-06
3.3000000000e+01	4.5079227878e-03	4.4866902502e-03	6.4341022929e-07	2.5051657708e-06
3.4000000000e+01	4.5105668228e-03	4.4860078850e-03	7.2232170038e-07	2.7853529164e-06
3.5000000000e+01	4.5134982647e-03	4.4852435921e-03	8.0727635979e-07	3.0798509682e-06
3.6000000000e+01	4.5167310276e-03	4.4843913004e-03	8.9832575663e-07	3.3878558867e-06
3.7000000000e+01	4.5202781931e-03	4.4834449006e-03	9.9549439303e-07	3.7085093948e-06
3.8000000000e+01	4.5241519636e-03	4.4823982719e-03	1.0987813618e-06	4.0409137242e-06
3.9000000000e+01	4.5283636297e-03	4.4812453063e-03	1.2081621381e-06	4.3841450721e-06
4.0000000000e+01	4.5329235502e-03	4.4799799315e-03	1.3235904674e-06	4.7372656897e-06
4.1000000000e+01	4.5378411438e-03	4.4785961314e-03	1.4450003029e-06	5.0993345761e-06
4.2000000000e+01	4.5431248903e-03	4.4770879649e-03	1.5723077490e-06	5.4694167963e-06
4.3000000000e+01	4.5487823413e-03	4.4754495831e-03	1.7054129809e-06	5.8465914734e-06
4.4000000000e+01	4.5548201371e-03	4.4736752442e-03	1.8442021128e-06	6.2299585252e-06
4.5000000000e+01	4.5612440309e-03	4.4717593262e-03	1.9885489933e-06	6.6186442363e-06
4.6000000000e+01	4.5680589171e-03	4.4696963391e-03	2.1383169150e-06	7.0118057603e-06
4.7000000000e+01	4.5752688645e-03	4.4674809338e-03	2.2933602264e-06	7.4086346548e-06
4.8000000000e+01	4.5828771514e-03	4.4651079111e-03	2.4535258386e-06	7.8083595517e-06
4.9000000000e+01	4.5908863043e-03	4.4625722277e-03	2.6186546249e-06	8.2102480623e-06
5.0000000000e+01	4.5992981375e-03	4.4598690020e-03	2.7885827092e-06	8.6136080140e-06
5.1000000000e+01	4.6081137933e-03	4.4569935183e-03	2.9631426465e-06	9.0177881080e-06
5.2000000000e+01	4.6173337832e-03	4.4539412294e-03	3.1421644961e-06	9.4221780828e-06
5.3000000000e+01	4.6269580291e-03	4.4507077592e-03	3.3254767919e-06	9.8262084608e-06
5.4000000000e+01	4.6369859034e-03	4.4472889031e-03	3.5129074137e-06	1.0229349946e-05
5.5000000000e+01	4.6474162690e-03	4.4436806289e-03	3.7042843649e-06	1.0631112537e-05
5.6000000000e+01	4.6582475178e-03	4.4398790760e-03	3.8994364618e-06	1.1031044410e-05
5.7000000000e+01	4.6694776088e-03	4.4358805542e-03	4.0981939410e-06	1.1428730626e-05
5.8000000000e+01	4.6811041037e-03	4.4316815423e-03	4.3003889896e-06	1.1823791690e-05
5.9000000000e+01	4.6931242016e-03	4.4272786855e-03	4.5058562048e-06	1.2215882022e-05
6.0000000000e+01	4.7055347727e-03	4.4226687934e-03	4.7144329888e-06	1.2604688355e-05
6.1000000000e+01	4.7183323891e-03	4.4178488362e-03	4.9259598838e-06	1.2989928086e-05
6.2000000000e+01	4.7315133552e-03	4.4128159423e-03	5.1402808530e-06	1.3371347622e-05
6.3000000000e+01	4.7450737353e-03	4.4075673940e-03	5.3572435125e-06	1.3748720715e-05
6.4000000000e+01	4.7590093807e-03	4.4021006243e-03	5.5766993190e-06	1.4121846821e-05
6.5000000000e+01	4.7733159542e-03	4.3964132125e-03	5.7985037177e-06	1.4490549487e-05
6.6000000000e+01	4.7879889536e-03	4.3905028808e-03	6.0225162546e-06	1.4854674781e-05
6.7000000000e+01	4.8030237334e-03	4.3843674895e-03	6.2486006564e-06	1.5214089765e-05
6.8000000000e+01	4.8184155250e-03	4.3780050329e-03	6.4766248838e-06	1.5568681027e-05
6.9000000000e+01	4.8341594556e-03	4.3714136357e-03	6.7064611581e-06	1.5918353274e-05
7.0000000000e+01	4.8502505656e-03	4.3645915478e-03	6.9379859677e-06	1.6263027981e-05
7.1000000000e+01	4.8666838246e-03	4.3575371407e-03	7.1710800540e-06	1.6602642107e-05
7.2000000000e+01	4.8834541465e-03	4.3502489030e-03	7.4056283819e-06	1.6937146883e-05
7.3000000000e+01	4.9005564032e-03	4.3427254362e-03	7.6415200956e-06	1.7266506652e-05
7.4000000000e+01	4.9179854368e-03	4.3349654507e-03	7.8786484617e-06	1.7590697788e-05
7.5000000000e+01	4.9357360716e-03	4.3269677613e-03	8.1169108030e-06	1.7909707666e-05
7.6000000000e+01	4.9538031241e-03	4.3187312840e-03	8.3562084225e-06	1.8223533705e-05
7.7000000000e+01	4.9721814131e-03	4.3102550311e-03	8.5964465205e-06	1.8532182464e-05
7.8000000000e+01	4.9908657681e-03	4.3015381078e-03	8.8375341065e-06	1.8835668800e-05
7.9000000000e+01	5.0098510373e-03	4.2925797088e-03	9.0793839050e-06	1.9134015080e-05
8.0000000000e+01	5.0291320946e-03	4.2833791139e-03	9.3219122590e-06	1.9427250451e-05
8.1000000000e+01	5.0487038463e-03	4.2739356849e-03	9.5650390297e-06	1.9715410155e-05
8.2000000000e+01	5.0685612365e-03	4.2642488620e-03	9.8086874948e-06	1.9998534894e-05
8.3000000000e+01	5.0886992529e-03	4.2543181605e-03	1.0052784246e-05	2.0276670247e-05
8.4000000000e+01	5.1091129305e-03	4.2441431675e-03	1.0297259084e-05	2.0549866124e-05
8.5000000000e+01	5.1297973565e-03	4.2337235387e-03	1.0542044916e-05	2.0818176263e-05
8.6000000000e+01	5.1507476734e-03	4.2230589954e-03	1.0787077652e-05	2.1081657765e-05
8.7000000000e+01	5.1719590825e-03	4.2121493215e-03	1.1032296103e-05	2.1340370670e-05
8.8000000000e+01	5.1934268461e-03	4.2009943608e-03	1.1277641879e-05	2.1594377557e-05
8.9000000000e+01	5.2151462905e-03	4.1895940139e-03	1.1523059288e-05	2.1843743189e-05
9.0000000000e+01	5.2371128076e-03	4.1779482360e-03	1.1768495239e-05	2.2088534178e-05
9.1000000000e+01	5.2593218567e-03	4.1660570341e-03	1.2013899149e-05	2.2328818677e-05
9.2000000000e+01	5.2817689659e-03	4.1539204645e-03	1.2259222841e-05	2.2564666109e-05
9.3000000000e+01	5.3044497333e-03	4.1415386305e-03	1.2504420461e-05	2.2796146905e-05
9.4000000000e+01	5.3273598279e-03	4.1289116802e-03	1.2749448380e-05	2.3023332279e-05
9.5000000000e+01	5.3504949900e-03	4.1160398041e-03	1.2994265114e-05	2.3246294011e-05
9.6000000000e+01	5.3738510321e-03	4.1029232335e-03	1.3238831235e-05	2.3465104259e-05
9.7000000000e+01	5.3974238388e-03	4.0895622377e-03	1.3483109290e-05	2.3679835383e-05
9.8000000000e+01	5.4212093673e-03	4.0759571228e-03	1.3727063719e-05	2.3890559788e-05
9.9000000000e+01	5.4452036469e-03	4.0621082294e-03	1.3970660783e-05	2.4097349781e-05
1.0000000000e+02	5.4694027794e-03	4.0480159311e-03	1.4213868483e-05	2.4300277444e-05
1.0100000000e+02	5.4938029383e-03	4.0336806324e-03	1.4456656494e-05	2.4499414519e-05
1.0200000000e+02	5.5184003687e-03	4.0191027676e-03	1.4698996089e-05	2.4694832304e-05
1.0300000000e+02	5.5431913867e-03	4.0042827987e-03	1.4940860077e-05	2.4886601561e-05
1.0400000000e+02	5.5681723790e-03	3.9892212145e-03	1.5182222735e-05	2.5074792434e-05
1.0500000000e+02	5.5933398020e-03	3.9739185285e-03	1.5423059747e-05	2.5259474376e-05
1.0600000000e+02	5.6186901810e-03	3.9583752779e-03	1.5663348143e-05	2.5440716086e-05
1.0700000000e+02	5.6442201100e-03	3.9425920223e-03	1.5903066240e-05	2.5618585454e-05
1.0800000000e+02	5.6699262502e-03	3.9265693424e-03	1.6142193591e-05	2.5793149508e-05
1.0900000000e+02	5.6958053293e-03	3.9103078385e-03	1.6380710925e-05	2.5964474377e-05
1.1000000000e+02	5.7218541409e-03	3.8938081299e-03	1.6618600100e-05	2.6132625248e-05
1.1100000000e+02	5.7480695432e-03	3.8770708534e-03	1.6855844053e-05	2.6297666343e-05
1.1200000000e+02	5.7744484581e-03	3.8600966622e-03	1.7092426749e-05	2.6459660887e-05
1.1300000000e+02	5.8009878702e-03	3.8428862253e-03	1.7328333141e-05	2.6618671091e-05
1.1400000000e+02	5.8276848259e-03	3.8254402261e-03	1.7563549121e-05	2.6774758130e-05
1.1500000000e+02	5.8545364322e-03	3.8077593616e-03	1.7798061483e-05	2.6927982137e-05
1.1600000000e+02	5.8815398556e-03	3.7898443418e-03	1.8031857877e-05	2.7078402185e-05
1.1700000000e+02	5.9086923212e-03	3.7716958884e-03	1.8264926776e-05	2.7226076289e-05
1.1800000000e+02	5.9359911118e-03	3.7533147343e-03	1.8497257436e-05	2.7371061395e-05
1.1900000000e+02	5.9634335663e-03	3.7347016229e-03	1.8728839860e-05	2.7513413381e-05
1.2000000000e+02	5.9910170792e-03	3.7158573071e-03	1.8959664767e-05	2.7653187061e-05
1.2100000000e+02	6.0187390989e-03	3.6967825488e-03	1.9189723555e-05	2.7790436183e-05
1.2200000000e+02	6.0465971276e-03	3.6774781181e-03	1.9419008275e-05	2.7925213437e-05
1.2300000000e+02	6.0745887191e-03	3.6579447927e-03	1.9647511597e-05	2.8057570461e-05
1.2400000000e+02	6.1027114786e-03	3.6381833576e-03	1.9875226783e-05	2.8187557851e-05
1.2500000000e+02	6.1309630614e-03	3.6181946039e-03	2.0102147660e-05	2.8315225164e-05
1.2600000000e+02	6.1593411718e-03	3.5979793289e-03	2.0328268594e-05	2.8440620937e-05
1.2700000000e+02	6.1878435620e-03	3.5775383351e-03	2.0553584464e-05	2.8563792691e-05
1.2800000000e+02	6.2164680314e-03	3.5568724299e-03	2.0778090636e-05	2.8684786949e-05
1.2900000000e+02	6.2452124252e-03	3.5359824251e-03	2.1001782947e-05	2.8803649246e-05
1.3000000000e+02	6.2740746341e-03	3.5148691365e-03	2.1224657673e-05	2.8920424141e-05
1.3100000000e+02	6.3030525923e-03	3.4935333834e-03	2.1446711518e-05	2.9035155237e-05
1.3200000000e+02	6.3321442775e-03	3.4719759881e-03	2.1667941586e-05	2.9147885191e-05
1.3300000000e+02	6.3613477095e-03	3.4501977757e-03	2.1888345367e-05	2.9258655732e-05
1.3400000000e+02	6.3906609494e-03	3.4281995735e-03	2.2107920716e-05	2.9367507675e-05
1.3500000000e+02	6.4200820987e-03	3.4059822110e-03	2.2326665835e-05	2.9474480937e-05
1.3600000000e+02	6.4496092981e-03	3.3835465191e-03	2.2544579258e-05	2.9579614553e-05
1.3700000000e+02	6.4792407273e-03	3.3608933301e-03	2.2761659834e-05	2.9682946694e-05
1.3800000000e+02	6.5089746034e-03	3.3380234773e-03	2.2977906711e-05	2.9784514680e-05
1.3900000000e+02	6.5388091808e-03	3.3149377947e-03	2.3193319324e-05	2.9884354999e-05
1.4000000000e+02	6.5687427495e-03	3.2916371168e-03	2.3407897376e-05	2.9982503323e-05
1.4100000000e+02	6.5987736350e-03	3.2681222782e-03	2.3621640829e-05	3.0078994523e-05
1.4200000000e+02	6.6289001975e-03	3.2443941133e-03	2.3834549889e-05	3.0173862686e-05
1.4300000000e+02	6.6591208305e-03	3.2204534564e-03	2.4046624994e-05	3.0267141131e-05
1.4400000000e+02	6.6894339607e-03	3.1963011411e-03	2.4257866803e-05	3.0358862427e-05
1.4500000000e+02	6.7198380469e-03	3.1719380003e-03	2.4468276184e-05	3.0449058406e-05
1.4600000000e+02	6.7503315795e-03	3.1473648659e-03	2.4677854203e-05	3.0537760179e-05
1.4700000000e+02	6.7809130794e-03	3.1225825686e-03	2.4886602114e-05	3.0624998155e-05
1.4800000000e+02	6.8115810978e-03	3.0975919379e-03	2.5094521351e-05	3.0710802052e-05
1.4900000000e+02	6.8423342151e-03	3.0723938016e-03	2.5301613514e-05	3.0795200916e-05
1.5000000000e+02	6.8731710407e-03	3.0469889859e-03	2.5507880365e-05	3.0878223133e-05
1.5100000000e+02	6.9040902118e-03	3.0213783153e-03	2.5713323818e-05	3.0959896446e-05
1.5200000000e+02	6.9350903930e-03	2.9955626121e-03	2.5917945927e-05	3.1040247970e-05
1.5300000000e+02	6.9661702760e-03	2.9695426965e-03	2.6121748885e-05	3.1119304202e-05
1.5400000000e+02	6.9973285783e-03	2.9433193866e-03	2.6324735011e-05	3.1197091042e-05
1.5500000000e+02	7.0285640434e-03	2.9168934979e-03	2.6526906745e-05	3.1273633800e-05
1.5600000000e+02	7.0598754395e-03	2.8902658437e-03	2.6728266639e-05	3.1348957214e-05
1.5700000000e+02	7.0912615594e-03	2.8634372344e-03	2.6928817357e-05	3.1423085462e-05
1.5800000000e+02	7.1227212199e-03	2.8364084778e-03	2.7128561659e-05	3.1496042177e-05
1.5900000000e+02	7.1542532609e-03	2.8091803789e-03	2.7327502403e-05	3.1567850454e-05
1.6000000000e+02	7.1858565455e-03	2.7817537399e-03	2.7525642535e-05	3.1638532869e-05
1.6100000000e+02	7.2175299588e-03	2.7541293597e-03	2.7722985087e-05	3.1708111491e-05
1.6200000000e+02	7.2492724077e-03	2.7263080345e-03	2.7919533168e-05	3.1776607888e-05
1.6300000000e+02	7.2810828208e-03	2.6982905571e-03	2.8115289961e-05	3.1844043145e-05
1.6400000000e+02	7.3129601472e-03	2.6700777173e-03	2.8310258719e-05	3.1910437873e-05
1.6500000000e+02	7.3449033564e-03	2.6416703013e-03	2.8504442759e-05	3.1975812221e-05
1.6600000000e+02	7.3769114381e-03	2.6130690922e-03	2.8697845457e-05	3.2040185888e-05
1.6700000000e+02	7.4089834011e-03	2.5842748697e-03	2.8890470248e-05	3.2103578129e-05
1.6800000000e+02	7.4411182735e-03	2.5552884099e-03	2.9082320617e-05	3.2166007773e-05
1.6900000000e+02	7.4733151019e-03	2.5261104854e-03	2.9273400098e-05	3.2227493227e-05
1.7000000000e+02	7.5055729512e-03	2.4967418654e-03	2.9463712269e-05	3.2288052489e-05
1.7100000000e+02	7.5378909040e-03	2.4671833154e-03	2.9653260752e-05	3.2347703160e-05
1.7200000000e+02	7.5702680604e-03	2.4374355973e-03	2.9842049204e-05	3.2406462447e-05
1.7300000000e+02	7.6027035374e-03	2.4074994691e-03	3.0030081319e-05	3.2464347179e-05
1.7400000000e+02	7.6351964687e-03	2.3773756855e-03	3.0217360823e-05	3.2521373813e-05
1.7500000000e+02	7.6677460044e-03	2.3470649971e-03	3.0403891470e-05	3.2577558444e-05
1.7600000000e+02	7.7003513102e-03	2.3165681509e-03	3.0589677041e-05	3.2632916813e-05
1.7700000000e+02	7.7330115677e-03	2.2858858901e-03	3.0774721342e-05	3.2687464316e-05
1.7800000000e+02	7.7657259736e-03	2.2550189540e-03	3.0959028200e-05	3.2741216012e-05
1.7900000000e+02	7.7984937394e-03	2.2239680782e-03	3.1142601459e-05	3.2794186631e-05
1.8000000000e+02	7.8313140913e-03	2.1927339944e-03	3.1325444983e-05	3.2846390583e-05
1.8100000000e+02	7.8641862697e-03	2.1613174302e-03	3.1507562649e-05	3.2897841965e-05
1.8200000000e+02	7.8971095290e-03	2.1297191097e-03	3.1688958347e-05	3.2948554568e-05
1.8300000000e+02	7.9300831371e-03	2.0979397529e-03	3.1869635979e-05	3.2998541884e-05
1.8400000000e+02	7.9631063754e-03	2.0659800758e-03	3.2049599454e-05	3.3047817115e-05
1.8500000000e+02	7.9961785382e-03	2.0338407907e-03	3.2228852689e-05	3.3096393180e-05
1.8600000000e+02	8.0292989329e-03	2.0015226059e-03	3.2407399608e-05	3.3144282719e-05
1.8700000000e+02	8.0624668790e-03	1.9690262256e-03	3.2585244135e-05	3.3191498102e-05
1.8800000000e+02	8.0956817084e-03	1.9363523504e-03	3.2762390202e-05	3.3238051435e-05
1.8900000000e+02	8.1289427651e-03	1.9035016768e-03	3.2938841737e-05	3.3283954566e-05
1.9000000000e+02	8.1622494047e-03	1.8704748972e-03	3.3114602671e-05	3.3329219092e-05
1.9100000000e+02	8.1956009942e-03	1.8372727003e-03	3.3289676931e-05	3.3373856364e-05
1.9200000000e+02	8.2289969120e-03	1.8038957709e-03	3.3464068443e-05	3.3417877494e-05
1.9300000000e+02	8.2624365474e-03	1.7703447897e-03	3.3637781128e-05	3.3461293357e-05
1.9400000000e+02	8.2959193005e-03	1.7366204336e-03	3.3810818902e-05	3.3504114603e-05
1.9500000000e+02	8.3294445819e-03	1.7027233756e-03	3.3983185674e-05	3.3546351657e-05
1.9600000000e+02	8.3630118125e-03	1.6686542846e-03	3.4154885346e-05	3.3588014727e-05
1.9700000000e+02	8.3966204234e-03	1.6344138259e-03	3.4325921814e-05	3.3629113807e-05
1.9800000000e+02	8.4302698554e-03	1.6000026608e-03	3.4496298963e-05	3.3669658686e-05
1.9900000000e+02	8.4639595592e-03	1.5654214465e-03	3.4666020667e-05	3.3709658946e-05
2.0000000000e+02	8.4976889949e-03	1.5306708366e-03	3.4835090791e-05	3.3749123975e-05
2.0100000000e+02	8.5314576318e-03	1.4957514808e-03	3.5003513189e-05	3.3788062966e-05
2.0200000000e+02	8.5652649485e-03	1.4606640249e-03	3.5171291701e-05	3.3826484922e-05
2.0300000000e+02	8.5991104323e-03	1.4254091108e-03	3.5338430155e-05	3.3864398663e-05
2.0400000000e+02	8.6329935793e-03	1.3899873766e-03	3.5504932366e-05	3.3901812830e-05
2.0500000000e+02	8.6669138942e-03	1.3543994568e-03	3.5670802134e-05	3.3938735884e-05
2.0600000000e+02	8.7008708901e-03	1.3186459819e-03	3.5836043244e-05	3.3975176118e-05
2.0700000000e+02	8.7348640882e-03	1.2827275787e-03	3.6000659467e-05	3.4011141656e-05
2.0800000000e+02	8.7688930178e-03	1.2466448700e-03	3.6164654557e-05	3.4046640457e-05
2.0900000000e+02	8.8029572162e-03	1.2103984753e-03	3.6328032253e-05	3.4081680320e-05
2.1000000000e+02	8.8370562281e-03	1.1739890101e-03	3.6490796276e-05	3.4116268889e-05
2.1100000000e+02	8.8711896060e-03	1.1374170861e-03	3.6652950331e-05	3.4150413653e-05
2.1200000000e+02	8.9053569099e-03	1.1006833115e-03	3.6814498105e-05	3.4184121953e-05
2.1300000000e+02	8.9395577068e-03	1.0637882908e-03	3.6975443268e-05	3.4217400983e-05
2.1400000000e+02	8.9737915711e-03	1.0267326246e-03	3.7135789469e-05	3.4250257795e-05
2.1500000000e+02	9.0080580840e-03	9.8951691027e-04	3.7295540343e-05	3.4282699301e-05
2.1600000000e+02	9.0423568335e-03	9.5214174119e-04	3.7454699502e-05	3.4314732277e-05
2.1700000000e+02	9.0766874146e-03	9.1460770731e-04	3.7613270540e-05	3.4346363365e-05
2.1800000000e+02	9.1110494285e-03	8.7691539496e-04	3.7771257034e-05	3.4377599078e-05
2.1900000000e+02	9.1454424831e-03	8.3906538690e-04	3.7928662540e-05	3.4408445802e-05
2.2000000000e+02	9.1798661925e-03	8.0105826236e-04	3.8085490592e-05	3.4438909796e-05
2.2100000000e+02	9.2143201771e-03	7.6289459703e-04	3.8241744706e-05	3.4468997200e-05
2.2200000000e+02	9.2488040634e-03	7.2457496310e-04	3.8397428380e-05	3.4498714034e-05
2.2300000000e+02	9.2833174836e-03	6.8609992926e-04	3.8552545087e-05	3.4528066203e-05
2.2400000000e+02	9.3178600762e-03	6.4747006076e-04	3.8707098283e-05	3.4557059496e-05
2.2500000000e+02	9.3524314849e-03	6.0868591939e-04	3.8861091402e-05	3.4585699593e-05
2.2600000000e+02	9.3870313595e-03	5.6974806351e-04	3.9014527858e-05	3.4613992064e-05
2.2700000000e+02	9.4216593550e-03	5.3065704809e-04	3.9167411044e-05	3.4641942374e-05
2.2800000000e+02	9.4563151320e-03	4.9141342472e-04	3.9319744330e-05	3.4669555882e-05
2.2900000000e+02	9.4909983562e-03	4.5201774162e-04	3.9471531068e-05	3.4696837848e-05
2.3000000000e+02	9.5257086989e-03	4.1247054366e-04	3.9622774588e-05	3.4723793430e-05
2.3100000000e+02	9.5604458360e-03	3.7277237241e-04	3.9773478197e-05	3.4750427690e-05
2.3200000000e+02	9.5952094488e-03	3.3292376614e-04	3.9923645184e-05	3.4776745596e-05
2.3300000000e+02	9.6299992234e-03	2.9292525983e-04	4.0073278813e-05	3.4802752021e-05
2.3400000000e+02	9.6648148506e-03	2.5277738521e-04	4.0222382331e-05	3.4828451748e-05
2.3500000000e+02	9.6996560262e-03	2.1248067080e-04	4.0370958959e-05	3.4853849470e-05
2.3600000000e+02	9.7345224504e-03	1.7203564186e-04	4.0519011901e-05	3.4878949794e-05
2.3700000000e+02	9.7694138281e-03	1.3144282050e-04	4.0666544336e-05	3.4903757241e-05
2.3800000000e+02	9.8043298687e-03	9.0702725634e-05	4.0813559425e-05	3.4928276250e-05
2.3900000000e+02	9.8392702860e-03	4.9815873049e-05	4.0960060305e-05	3.4952511175e-05
2.4000000000e+02	9.8742347978e-03	8.7827753878e-06	4.1106050093e-05	3.4976466294e-05
2.4100000000e+02	9.9092231267e-03	-3.2396057806e-05	4.1251531886e-05	3.5000145805e-05
2.4200000000e+02	9.9442349989e-03	-7.3720120077e-05	4.1396508756e-05	3.5023553828e-05
2.4300000000e+02	9.9792701452e-03	-1.1518890803e-04	4.1540983758e-05	3.5046694411e-05
2.4400000000e+02	1.0014328300e-02	-1.5680192131e-04	4.1684959923e-05	3.5069571527e-05
2.4500000000e+02	1.0049409202e-02	-1.9855866260e-04	4.1828440263e-05	3.5092189077e-05
2.4600000000e+02	1.0084512593e-02	-2.4045863756e-04	4.1971427766e-05	3.5114550893e-05
2.4700000000e+02	1.0119638220e-02	-2.8250135484e-04	4.2113925402e-05	3.5136660736e-05
2.4800000000e+02	1.0154785832e-02	-3.2468632606e-04	4.2255936119e-05	3.5158522302e-05
2.4900000000e+02	1.0189955183e-02	-3.6701306575e-04	4.2397462845e-05	3.5180139220e-05
2.5000000000e+02	1.0225146030e-02	-4.0948109139e-04	4.2538508484e-05	3.5201515054e-05
2.5100000000e+02	1.0260358133e-02	-4.5208992332e-04	4.2679075924e-05	3.5222653305e-05
2.5200000000e+02	1.0295591258e-02	-4.9483908479e-04	4.2819168028e-05	3.5243557413e-05
2.5300000000e+02	1.0330845171e-02	-5.3772810188e-04	4.2958787641e-05	3.5264230756e-05
2.5400000000e+02	1.0366119644e-02	-5.8075650352e-04	4.3097937588e-05	3.5284676653e-05
2.5500000000e+02	1.0401414450e-02	-6.2392382144e-04	4.3236620672e-05	3.5304898366e-05
2.5600000000e+02	1.0436729367e-02	-6.6722959017e-04	4.3374839676e-05	3.5324899097e-05
2.5700000000e+02	1.0472064176e-02	-7.1067334702e-04	4.3512597364e-05	3.5344681996e-05
2.5800000000e+02	1.0507418659e-02	-7.5425463204e-04	4.3649896478e-05	3.5364250155e-05
2.5900000000e+02	1.0542792605e-02	-7.9797298802e-04	4.3786739743e-05	3.5383606615e-05
2.6000000000e+02	1.0578185803e-02	-8.4182796047e-04	4.3923129860e-05	3.5402754362e-05
2.6100000000e+02	1.0613598045e-02	-8.8581909759e-04	4.4059069513e-05	3.5421696332e-05
2.6200000000e+02	1.0649029128e-02	-9.2994595024e-04	4.4194561368e-05	3.5440435411e-05
2.6300000000e+02	1.0684478850e-02	-9.7420807194e-04	4.4329608067e-05	3.5458974435e-05
2.6400000000e+02	1.0719947011e-02	-1.0186050189e-03	4.4464212235e-05	3.5477316191e-05
2.6500000000e+02	1.0755433417e-02	-1.0631363498e-03	4.4598376479e-05	3.5495463419e-05
2.6600000000e+02	1.0790937874e-02	-1.1078016260e-03	4.4732103384e-05	3.5513418814e-05
2.6700000000e+02	1.0826460192e-02	-1.1526004116e-03	4.4865395518e-05	3.5531185022e-05
2.6800000000e+02	1.0862000182e-02	-1.1975322730e-03	4.4998255429e-05	3.5548764647e-05
2.6900000000e+02	1.0897557660e-02	-1.2425967792e-03	4.5130685646e-05	3.5566160249e-05
2.7000000000e+02	1.0933132442e-02	-1.2877935019e-03	4.5262688681e-05	3.5583374344e-05
2.7100000000e+02	1.0968724349e-02	-1.3331220150e-03	4.5394267025e-05	3.5600409408e-05
2.7200000000e+02	1.1004333202e-02	-1.3785818952e-03	4.5525423151e-05	3.5617267872e-05
2.7300000000e+02	1.1039958826e-02	-1.4241727214e-03	4.5656159515e-05	3.5633952131e-05
2.7400000000e+02	1.1075601049e-02	-1.4698940751e-03	4.5786478555e-05	3.5650464536e-05
2.7500000000e+02	1.1111259699e-02	-1.5157455402e-03	4.5916382688e-05	3.5666807403e-05
2.7600000000e+02	1.1146934608e-02	-1.5617267030e-03	4.6045874315e-05	3.5682983007e-05
2.7700000000e+02	1.1182625610e-02	-1.6078371521e-03	4.6174955820e-05	3.5698993587e-05
2.7800000000e+02	1.1218332541e-02	-1.6540764787e-03	4.6303629567e-05	3.5714841345e-05
2.7900000000e+02	1.1254055239e-02	-1.7004442761e-03	4.6431897904e-05	3.5730528446e-05
2.8000000000e+02	1.1289793545e-02	-1.7469401402e-03	4.6559763161e-05	3.5746057023e-05
2.8100000000e+02	1.1325547301e-02	-1.7935636689e-03	4.6687227651e-05	3.5761429170e-05
2.8200000000e+02	1.1361316352e-02	-1.8403144626e-03	4.6814293668e-05	3.5776646950e-05
2.8300000000e+02	1.1397100544e-02	-1.8871921242e-03	4.6940963492e-05	3.5791712392e-05
2.8400000000e+02	1.1432899726e-02	-1.9341962583e-03	4.7067239383e-05	3.5806627492e-05
2.8500000000e+02	1.1468713750e-02	-1.9813264724e-03	4.7193123586e-05	3.5821394213e-05
2.8600000000e+02	1.1504542466e-02	-2.0285823757e-03	4.7318618328e-05	3.5836014489e-05
2.8700000000e+02	1.1540385730e-02	-2.0759635799e-03	4.7443725820e-05	3.5850490221e-05
2.8800000000e+02	1.1576243399e-02	-2.1234696990e-03	4.7568448257e-05	3.5864823282e-05
2.8900000000e+02	1.1612115330e-02	-2.1711003488e-03	4.7692787816e-05	3.5879015511e-05
2.9000000000e+02	1.1648001384e-02	-2.2188551477e-03	4.7816746660e-05	3.5893068723e-05
2.9100000000e+02	1.1683901422e-02	-2.2667337159e-03	4.7940326933e-05	3.5906984701e-05
2.9200000000e+02	1.1719815308e-02	-2.3147356761e-03	4.8063530767e-05	3.5920765200e-05
2.9300000000e+02	1.1755742907e-02	-2.3628606527e-03	4.8186360274e-05	3.5934411950e-05
2.9400000000e+02	1.1791684088e-02	-2.4111082725e-03	4.8308817552e-05	3.5947926652e-05
2.9500000000e+02	1.1827638717e-02	-2.4594781644e-03	4.8430904684e-05	3.5961310979e-05
2.9600000000e+02	1.1863606667e-02	-2.5079699592e-03	4.8552623737e-05	3.5974566582e-05
2.9700000000e+02	1.1899587808e-02	-2.5565832899e-03	4.8673976761e-05	3.5987695082e-05
2.9800000000e+02	1.1935582015e-02	-2.6053177914e-03	4.8794965794e-05	3.6000698079e-05
2.9900000000e+02	1.1971589163e-02	-2.6541731008e-03	4.8915592856e-05	3.6013577144e-05
3.0000000000e+02	1.2007609129e-02	-2.7031488571e-03	4.9035859952e-05	3.6026333827e-05
3.0100000000e+02	1.2043641790e-02	-2.7522447014e-03	4.9155769076e-05	3.6038969654e-05
3.0200000000e+02	1.2079687028e-02	-2.8014602766e-03	4.9275322201e-05	3.6051486125e-05
3.0300000000e+02	1.2115744723e-02	-2.8507952278e-03	4.9394521291e-05	3.6063884721e-05
3.0400000000e+02	1.2151814759e-02	-2.9002492018e-03	4.9513368291e-05	3.6076166897e-05
3.0500000000e+02	1.2187897019e-02	-2.9498218477e-03	4.9631865136e-05	3.6088334088e-05
3.0600000000e+02	1.2223991389e-02	-2.9995128160e-03	4.9750013742e-05	3.6100387706e-05
3.0700000000e+02	1.2260097757e-02	-3.0493217597e-03	4.9867816015e-05	3.6112329143e-05
3.0800000000e+02	1.2296216010e-02	-3.0992483332e-03	4.9985273843e-05	3.6124159769e-05
3.0900000000e+02	1.2332346040e-02	-3.1492921932e-03	5.0102389104e-05	3.6135880933e-05
3.1000000000e+02	1.2368487736e-02	-3.1994529979e-03	5.0219163659e-05	3.6147493966e-05
3.1100000000e+02	1.2404640992e-02	-3.2497304076e-03	5.0335599356e-05	3.6159000177e-05
3.1200000000e+02	1.2440805701e-02	-3.3001240843e-03	5.0451698031e-05	3.6170400855e-05
3.1300000000e+02	1.2476981759e-02	-3.3506336919e-03	5.0567461505e-05	3.6181697273e-05
3.1400000000e+02	1.2513169062e-02	-3.4012588961e-03	5.0682891585e-05	3.6192890681e-05
3.1500000000e+02	1.2549367507e-02	-3.4519993645e-03	5.0797990067e-05	3.6203982315e-05
3.1600000000e+02	1.2585576993e-02	-3.5028547663e-03	5.0912758731e-05	3.6214973388e-05
3.1700000000e+02	1.2621797420e-02	-3.5538247726e-03	5.1027199347e-05	3.6225865100e-05
3.1800000000e+02	1.2658028690e-02	-3.6049090563e-03	5.1141313668e-05	3.6236658629e-05
3.1900000000e+02	1.2694270705e-02	-3.6561072918e-03	5.1255103439e-05	3.6247355139e-05
3.2000000000e+02	1.2730523369e-02	-3.7074191555e-03	5.1368570388e-05	3.6257955775e-05
3.2100000000e+02	1.2766786585e-02	-3.7588443255e-03	5.1481716233e-05	3.6268461668e-05
3.2200000000e+02	1.2803060261e-02	-3.8103824815e-03	5.1594542678e-05	3.6278873929e-05
3.2300000000e+02	1.2839344302e-02	-3.8620333050e-03	5.1707051415e-05	3.6289193655e-05
3.2400000000e+02	1.2875638617e-02	-3.9137964790e-03	5.1819244125e-05	3.6299421927e-05
3.2500000000e+02	1.2911943116e-02	-3.9656716884e-03	5.1931122475e-05	3.6309559811e-05
3.2600000000e+02	1.2948257707e-02	-4.0176586197e-03	5.2042688120e-05	3.6319608357e-05
3.2700000000e+02	1.2984582303e-02	-4.0697569610e-03	5.2153942704e-05	3.6329568599e-05
3.2800000000e+02	1.3020916815e-02	-4.1219664020e-03	5.2264887858e-05	3.6339441558e-05
3.2900000000e+02	1.3057261157e-02	-4.1742866341e-03	5.2375525202e-05	3.6349228241e-05
3.3000000000e+02	1.3093615243e-02	-4.2267173503e-03	5.2485856345e-05	3.6358929637e-05
3.3100000000e+02	1.3129978989e-02	-4.2792582453e-03	5.2595882882e-05	3.6368546725e-05
3.3200000000e+02	1.3166352309e-02	-4.3319090151e-03	5.2705606398e-05	3.6378080468e-05
3.3300000000e+02	1.3202735122e-02	-4.3846693576e-03	5.2815028468e-05	3.6387531817e-05
3.3400000000e+02	1.3239127346e-02	-4.4375389721e-03	5.2924150652e-05	3.6396901707e-05
3.3500000000e+02	1.3275528899e-02	-4.4905175594e-03	5.3032974502e-05	3.6406191063e-05
3.3600000000e+02	1.3311939701e-02	-4.5436048221e-03	5.3141501558e-05	3.6415400796e-05
3.3700000000e+02	1.3348359674e-02	-4.5968004641e-03	5.3249733348e-05	3.6424531803e-05
3.3800000000e+02	1.3384788739e-02	-4.6501041909e-03	5.3357671390e-05	3.6433584970e-05
3.3900000000e+02	1.3421226818e-02	-4.7035157095e-03	5.3465317191e-05	3.6442561170e-05
3.4000000000e+02	1.3457673836e-02	-4.7570347284e-03	5.3572672248e-05	3.6451461264e-05
3.4100000000e+02	1.3494129716e-02	-4.8106609576e-03	5.3679738045e-05	3.6460286101e-05
3.4200000000e+02	1.3530594383e-02	-4.8643941085e-03	5.3786516058e-05	3.6469036520e-05
3.4300000000e+02	1.3567067764e-02	-4.9182338943e-03	5.3893007751e-05	3.6477713345e-05
3.4400000000e+02	1.3603549786e-02	-4.9721800291e-03	5.3999214578e-05	3.6486317392e-05
3.4500000000e+02	1.3640040375e-02	-5.0262322289e-03	5.4105137983e-05	3.6494849465e-05
3.4600000000e+02	1.3676539461e-02	-5.0803902111e-03	5.4210779399e-05	3.6503310356e-05
3.4700000000e+02	1.3713046972e-02	-5.1346536942e-03	5.4316140249e-05	3.6511700848e-05
3.4800000000e+02	1.3749562839e-02	-5.1890223985e-03	5.4421221948e-05	3.6520021710e-05
3.4900000000e+02	1.3786086993e-02	-5.2434960455e-03	5.4526025898e-05	3.6528273705e-05
3.5000000000e+02	1.3822619364e-02	-5.2980743582e-03	5.4630553492e-05	3.6536457583e-05
3.5100000000e+02	1.3859159885e-02	-5.3527570608e-03	5.4734806115e-05	3.6544574084e-05
3.5200000000e+02	1.3895708490e-02	-5.4075438792e-03	5.4838785140e-05	3.6552623940e-05
3.5300000000e+02	1.3932265111e-02	-5.4624345404e-03	5.4942491931e-05	3.6560607870e-05
3.5400000000e+02	1.3968829684e-02	-5.5174287728e-03	5.5045927844e-05	3.6568526587e-05
3.5500000000e+02	1.4005402143e-02	-5.5725263062e-03	5.5149094223e-05	3.6576380791e-05
3.5600000000e+02	1.4041982424e-02	-5.6277268718e-03	5.5251992405e-05	3.6584171176e-05
3.5700000000e+02	1.4078570464e-02	-5.6830302021e-03	5.5354623716e-05	3.6591898424e-05
3.5800000000e+02	1.4115166200e-02	-5.7384360307e-03	5.5456989472e-05	3.6599563209e-05
3.5900000000e+02	1.4151769570e-02	-5.7939440929e-03	5.5559090984e-05	3.6607166198e-05
3.6000000000e+02	1.4188380512e-02	-5.8495541251e-03	5.5660929548e-05	3.6614708046e-05
3.6100000000e+02	1.4224998966e-02	-5.9052658648e-03	5.5762506457e-05	3.6622189402e-05
3.6200000000e+02	1.4261624871e-02	-5.9610790512e-03	5.5863822990e-05	3.6629610905e-05
3.6300000000e+02	1.4298258168e-02	-6.0169934244e-03	5.5964880420e-05	3.6636973185e-05
3.6400000000e+02	1.4334898798e-02	-6.0730087261e-03	5.6065680011e-05	3.6644276867e-05
3.6500000000e+02	1.4371546703e-02	-6.1291246989e-03	5.6166223018e-05	3.6651522565e-05
3.6600000000e+02	1.4408201824e-02	-6.1853410870e-03	5.6266510686e-05	3.6658710885e-05
3.6700000000e+02	1.4444864105e-02	-6.2416576356e-03	5.6366544254e-05	3.6665842426e-05
3.6800000000e+02	1.4481533490e-02	-6.2980740912e-03	5.6466324950e-05	3.6672917781e-05
3.6900000000e+02	1.4518209922e-02	-6.3545902016e-03	5.6565853995e-05	3.6679937532e-05
3.7000000000e+02	1.4554893347e-02	-6.4112057157e-03	5.6665132602e-05	3.6686902256e-05
3.7100000000e+02	1.4591583709e-02	-6.4679203837e-03	5.6764161975e-05	3.6693812521e-05
3.7200000000e+02	1.4628280954e-02	-6.5247339570e-03	5.6862943309e-05	3.6700668889e-05
3.7300000000e+02	1.4664985029e-02	-6.5816461881e-03	5.6961477793e-05	3.6707471915e-05
3.7400000000e+02	1.4701695880e-02	-6.6386568307e-03	5.7059766607e-05	3.6714222145e-05
3.7500000000e+02	1.4738413456e-02	-6.6957656398e-03	5.7157810921e-05	3.6720920120e-05
3.7600000000e+02	1.4775137703e-02	-6.7529723714e-03	5.7255611901e-05	3.6727566374e-05
3.7700000000e+02	1.4811868571e-02	-6.8102767829e-03	5.7353170701e-05	3.6734161434e-05
3.7800000000e+02	1.4848606009e-02	-6.8676786325e-03	5.7450488470e-05	3.6740705819e-05
3.7900000000e+02	1.4885349966e-02	-6.9251776798e-03	5.7547566349e-05	3.6747200043e-05
3.8000000000e+02	1.4922100393e-02	-6.9827736856e-03	5.7644405469e-05	3.6753644613e-05
3.8100000000e+02	1.4958857239e-02	-7.0404664116e-03	5.7741006957e-05	3.6760040031e-05
3.8200000000e+02	1.4995620457e-02	-7.0982556207e-03	5.7837371930e-05	3.6766386791e-05
3.8300000000e+02	1.5032389997e-02	-7.1561410770e-03	5.7933501498e-05	3.6772685381e-05
3.8400000000e+02	1.5069165811e-02	-7.2141225456e-03	5.8029396763e-05	3.6778936284e-05
3.8500000000e+02	1.5105947853e-02	-7.2721997928e-03	5.8125058821e-05	3.6785139976e-05
3.8600000000e+02	1.5142736076e-02	-7.3303725858e-03	5.8220488761e-05	3.6791296928e-05
3.8700000000e+02	1.5179530432e-02	-7.3886406933e-03	5.8315687662e-05	3.6797407604e-05
3.8800000000e+02	1.5216330876e-02	-7.4470038845e-03	5.8410656599e-05	3.6803472463e-05
3.8900000000e+02	1.5253137362e-02	-7.5054619302e-03	5.8505396637e-05	3.6809491960e-05
3.9000000000e+02	1.5289949845e-02	-7.5640146018e-03	5.8599908837e-05	3.6815466541e-05
3.9100000000e+02	1.5326768280e-02	-7.6226616722e-03	5.8694194251e-05	3.6821396650e-05
3.9200000000e+02	1.5363592623e-02	-7.6814029151e-03	5.8788253925e-05	3.6827282722e-05
3.9300000000e+02	1.5400422831e-02	-7.7402381052e-03	5.8882088896e-05	3.6833125190e-05
3.9400000000e+02	1.5437258859e-02	-7.7991670183e-03	5.8975700197e-05	3.6838924480e-05
3.9500000000e+02	1.5474100666e-02	-7.8581894314e-03	5.9069088853e-05	3.6844681014e-05
3.9600000000e+02	1.5510948207e-02	-7.9173051222e-03	5.9162255882e-05	3.6850395207e-05
3.9700000000e+02	1.5547801442e-02	-7.9765138696e-03	5.9255202296e-05	3.6856067471e-05
3.9800000000e+02	1.5584660328e-02	-8.0358154536e-03	5.9347929100e-05	3.6861698212e-05
3.9900000000e+02	1.5621524825e-02	-8.0952096549e-03	5.9440437292e-05	3.6867287832e-05
4.0000000000e+02	1.5658394890e-02	-8.1546962556e-03	5.9532727865e-05	3.6872836726e-05
4.0100000000e+02	1.5695270485e-02	-8.2142750384e-03	5.9624801804e-05	3.6878345287e-05
4.0200000000e+02	1.5732151568e-02	-8.2739457873e-03	5.9716660087e-05	3.6883813902e-05
4.0300000000e+02	1.5769038099e-02	-8.3337082871e-03	5.9808303688e-05	3.6889242954e-05
4.0400000000e+02	1.5805930041e-02	-8.3935623235e-03	5.9899733574e-05	3.6894632820e-05
4.0500000000e+02	1.5842827352e-02	-8.4535076833e-03	5.9990950705e-05	3.6899983874e-05
4.0600000000e+02	1.5879729995e-02	-8.5135441543e-03	6.0081956034e-05	3.6905296485e-05
4.0700000000e+02	1.5916637932e-02	-8.5736715251e-03	6.0172750510e-05	3.6910571018e-05
4.0800000000e+02	1.5953551125e-02	-8.6338895853e-03	6.0263335074e-05	3.6915807834e-05
4.0900000000e+02	1.5990469536e-02	-8.6941981256e-03	6.0353710663e-05	3.6921007289e-05
4.1000000000e+02	1.6027393127e-02	-8.7545969373e-03	6.0443878206e-05	3.6926169734e-05
4.1100000000e+02	1.6064321863e-02	-8.8150858129e-03	6.0533838627e-05	3.6931295519e-05
4.1200000000e+02	1.6101255706e-02	-8.8756645458e-03	6.0623592844e-05	3.6936384986e-05
4.1300000000e+02	1.6138194621e-02	-8.9363329302e-03	6.0713141770e-05	3.6941438477e-05
4.1400000000e+02	1.6175138571e-02	-8.9970907612e-03	6.0802486310e-05	3.6946456326e-05
4.1500000000e+02	1.6212087522e-02	-9.0579378350e-03	6.0891627365e-05	3.6951438866e-05
4.1600000000e+02	1.6249041437e-02	-9.1188739484e-03	6.0980565831e-05	3.6956386426e-05
4.1700000000e+02	1.6286000283e-02	-9.1798988994e-03	6.1069302596e-05	3.6961299329e-05
4.1800000000e+02	1.6322964024e-02	-9.2410124867e-03	6.1157838543e-05	3.6966177897e-05
4.1900000000e+02	1.6359932627e-02	-9.3022145098e-03	6.1246174552e-05	3.6971022447e-05
4.2000000000e+02	1.6396906058e-02	-9.3635047694e-03	6.1334311494e-05	3.6975833292e-05
4.2100000000e+02	1.6433884283e-02	-9.4248830668e-03	6.1422250237e-05	3.6980610742e-05
4.2200000000e+02	1.6470867269e-02	-9.4863492041e-03	6.1509991641e-05	3.6985355103e-05
4.2300000000e+02	1.6507854982e-02	-9.5479029846e-03	6.1597536564e-05	3.6990066680e-05
4.2400000000e+02	1.6544847391e-02	-9.6095442120e-03	6.1684885856e-05	3.6994745769e-05
4.2500000000e+02	1.6581844463e-02	-9.6712726913e-03	6.1772040363e-05	3.6999392669e-05
4.2600000000e+02	1.6618846166e-02	-9.7330882281e-03	6.1859000925e-05	3.7004007672e-05
4.2700000000e+02	1.6655852468e-02	-9.7949906288e-03	6.1945768376e-05	3.7008591067e-05
4.2800000000e+02	1.6692863337e-02	-9.8569797008e-03	6.2032343547e-05	3.7013143140e-05
4.2900000000e+02	1.6729878744e-02	-9.9190552521e-03	6.2118727263e-05	3.7017664174e-05
4.3000000000e+02	1.6766898656e-02	-9.9812170918e-03	6.2204920343e-05	3.7022154449e-05
4.3100000000e+02	1.6803923042e-02	-1.0043465030e-02	6.2290923601e-05	3.7026614242e-05
4.3200000000e+02	1.6840951874e-02	-1.0105798876e-02	6.2376737847e-05	3.7031043827e-05
4.3300000000e+02	1.6877985120e-02	-1.0168218442e-02	6.2462363886e-05	3.7035443473e-05
4.3400000000e+02	1.6915022751e-02	-1.0230723541e-02	6.2547802517e-05	3.7039813449e-05
4.3500000000e+02	1.6952064737e-02	-1.0293313985e-02	6.2633054535e-05	3.7044154018e-05
4.3600000000e+02	1.6989111049e-02	-1.0355989588e-02	6.2718120729e-05	3.7048465443e-05
4.3700000000e+02	1.7026161658e-02	-1.0418750165e-02	6.2803001885e-05	3.7052747983e-05
4.3800000000e+02	1.7063216536e-02	-1.0481595531e-02	6.2887698782e-05	3.7057001893e-05
4.3900000000e+02	1.7100275653e-02	-1.0544525501e-02	6.2972212197e-05	3.7061227426e-05
4.4000000000e+02	1.7137338981e-02	-1.0607539894e-02	6.3056542899e-05	3.7065424834e-05
4.4100000000e+02	1.7174406493e-02	-1.0670638527e-02	6.3140691655e-05	3.7069594362e-05
4.4200000000e+02	1.7211478161e-02	-1.0733821217e-02	6.3224659226e-05	3.7073736257e-05
4.4300000000e+02	1.7248553957e-02	-1.0797087785e-02	6.3308446369e-05	3.7077850761e-05
4.4400000000e+02	1.7285633853e-02	-1.0860438050e-02	6.3392053836e-05	3.7081938112e-05
4.4500000000e+02	1.7322717824e-02	-1.0923871833e-02	6.3475482375e-05	3.7085998549e-05
4.4600000000e+02	1.7359805841e-02	-1.0987388955e-02	6.3558732728e-05	3.7090032305e-05
4.4700000000e+02	1.7396897880e-02	-1.1050989239e-02	6.3641805635e-05	3.7094039612e-05
4.4800000000e+02	1.7433993912e-02	-1.1114672508e-02	6.3724701830e-05	3.7098020701e-05
4.4900000000e+02	1.7471093912e-02	-1.1178438584e-02	6.3807422042e-05	3.7101975797e-05
4.5000000000e+02	1.7508197855e-02	-1.1242287293e-02	6.3889966996e-05	3.7105905125e-05
4.5100000000e+02	1.7545305714e-02	-1.1306218460e-02	6.3972337415e-05	3.7109808908e-05
4.5200000000e+02	1.7582417464e-02	-1.1370231910e-02	6.4054534015e-05	3.7113687365e-05
4.5300000000e+02	1.7619533080e-02	-1.1434327470e-02	6.4136557507e-05	3.7117540714e-05
4.5400000000e+02	1.7656652537e-02	-1.1498504968e-02	6.4218408602e-05	3.7121369169e-05
4.5500000000e+02	1.7693775811e-02	-1.1562764230e-02	6.4300088002e-05	3.7125172943e-05
4.5600000000e+02	1.7730902875e-02	-1.1627105087e-02	6.4381596408e-05	3.7128952247e-05
4.5700000000e+02	1.7768033707e-02	-1.1691527366e-02	6.4462934515e-05	3.7132707289e-05
4.5800000000e+02	1.7805168282e-02	-1.1756030899e-02	6.4544103015e-05	3.7136438276e-05
4.5900000000e+02	1.7842306576e-02	-1.1820615516e-02	6.4625102596e-05	3.7140145411e-05
4.6000000000e+02	1.7879448565e-02	-1.1885281048e-02	6.4705933942e-05	3.7143828895e-05
4.6100000000e+02	1.7916594226e-02	-1.1950027328e-02	6.4786597730e-05	3.7147488929e-05
4.6200000000e+02	1.7953743535e-02	-1.2014854188e-02	6.4867094639e-05	3.7151125711e-05
4.6300000000e+02	1.7990896469e-02	-1.2079761462e-02	6.4947425338e-05	3.7154739435e-05
4.6400000000e+02	1.8028053006e-02	-1.2144748984e-02	6.5027590495e-05	3.7158330295e-05
4.6500000000e+02	1.8065213122e-02	-1.2209816588e-02	6.5107590775e-05	3.7161898483e-05
4.6600000000e+02	1.8102376796e-02	-1.2274964111e-02	6.5187426837e-05	3.7165444188e-05
4.6700000000e+02	1.8139544003e-02	-1.2340191387e-02	6.5267099337e-05	3.7168967598e-05
4.6800000000e+02	1.8176714723e-02	-1.2405498255e-02	6.5346608928e-05	3.7172468898e-05
4.6900000000e+02	1.8213888934e-02	-1.2470884551e-02	6.5425956258e-05	3.7175948271e-05
4.7000000000e+02	1.8251066613e-02	-1.2536350114e-02	6.5505141971e-05	3.7179405900e-05
4.7100000000e+02	1.8288247738e-02	-1.2601894781e-02	6.5584166708e-05	3.7182841965e-05
4.7200000000e+02	1.8325432289e-02	-1.2667518394e-02	6.5663031108e-05	3.7186256643e-05
4.7300000000e+02	1.8362620245e-02	-1.2733220790e-02	6.5741735803e-05	3.7189650110e-05
4.7400000000e+02	1.8399811583e-02	-1.2799001812e-02	6.5820281424e-05	3.7193022542e-05
4.7500000000e+02	1.8437006283e-02	-1.2864861300e-02	6.5898668596e-05	3.7196374111e-05
4.7600000000e+02	1.8474204324e-02	-1.2930799097e-02	6.5976897943e-05	3.7199704987e-05
4.7700000000e+02	1.8511405686e-02	-1.2996815044e-02	6.6054970083e-05	3.7203015339e-05
4.7800000000e+02	1.8548610348e-02	-1.3062908985e-02	6.6132885633e-05	3.7206305336e-05
4.7900000000e+02	1.8585818290e-02	-1.3129080763e-02	6.6210645204e-05	3.7209575143e-05
4.8000000000e+02	1.8623029491e-02	-1.3195330223e-02	6.6288249406e-05	3.7212824924e-05
4.8100000000e+02	1.8660243933e-02	-1.3261657210e-02	6.6365698843e-05	3.7216054841e-05
4.8200000000e+02	1.8697461595e-02	-1.3328061570e-02	6.6442994117e-05	3.7219265055e-05
4.8300000000e+02	1.8734682457e-02	-1.3394543147e-02	6.6520135826e-05	3.7222455726e-05
4.8400000000e+02	1.8771906500e-02	-1.3461101790e-02	6.6597124566e-05	3.7225627010e-05
4.8500000000e+02	1.8809133704e-02	-1.3527737346e-02	6.6673960928e-05	3.7228779064e-05
4.8600000000e+02	1.8846364051e-02	-1.3594449662e-02	6.6750645500e-05	3.7231912042e-05
4.8700000000e+02	1.8883597522e-02	-1.3661238586e-02	6.6827178867e-05	3.7235026097e-05
4.8800000000e+02	1.8920834097e-02	-1.3728103969e-02	6.6903561611e-05	3.7238121381e-05
4.8900000000e+02	1.8958073759e-02	-1.3795045659e-02	6.6979794311e-05	3.7241198043e-05
4.9000000000e+02	1.8995316487e-02	-1.3862063508e-02	6.7055877541e-05	3.7244256231e-05
4.9100000000e+02	1.9032562265e-02	-1.3929157365e-02	6.7131811873e-05	3.7247296093e-05
4.9200000000e+02	1.9069811073e-02	-1.3996327082e-02	6.7207597877e-05	3.7250317775e-05
4.9300000000e+02	1.9107062894e-02	-1.4063572511e-02	6.7283236117e-05	3.7253321419e-05
4.9400000000e+02	1.9144317710e-02	-1.4130893505e-02	6.7358727157e-05	3.7256307168e-05
4.9500000000e+02	1.9181575503e-02	-1.4198289917e-02	6.7434071555e-05	3.7259275165e-05
4.9600000000e+02	1.9218836255e-02	-1.4265761600e-02	6.7509269868e-05	3.7262225548e-05
4.9700000000e+02	1.9256099948e-02	-1.4333308408e-02	6.7584322648e-05	3.7265158456e-05
4.9800000000e+02	1.9293366566e-02	-1.4400930197e-02	6.7659230447e-05	3.7268074027e-05
4.9900000000e+02	1.9330636090e-02	-1.4468626821e-02	6.7733993810e-05	3.7270972395e-05
5.0000000000e+02	1.9367908505e-02	-1.4536398136e-02	6.7808613283e-05	3.7273853696e-05
5.0100000000e+02	1.9405183792e-02	-1.4604244000e-02	6.7883089405e-05	3.7276718062e-05
5.0200000000e+02	1.9442461935e-02	-1.4672164268e-02	6.7957422715e-05	3.7279565626e-05
5.0300000000e+02	1.9479742918e-02	-1.4740158798e-02	6.8031613749e-05	3.7282396518e-05
5.0400000000e+02	1.9517026723e-02	-1.4808227448e-02	6.8105663037e-05	3.7285210867e-05
5.0500000000e+02	1.9554313334e-02	-1.4876370077e-02	6.8179571110e-05	3.7288008801e-05
5.0600000000e+02	1.9591602735e-02	-1.4944586543e-02	6.8253338495e-05	3.7290790448e-05
5.0700000000e+02	1.9628894910e-02	-1.5012876707e-02	6.8326965713e-05	3.7293555932e-05
5.0800000000e+02	1.9666189842e-02	-1.5081240428e-02	6.8400453287e-05	3.7296305378e-05
5.0900000000e+02	1.9703487515e-02	-1.5149677567e-02	6.8473801733e-05	3.7299038910e-05
5.1000000000e+02	1.9740787914e-02	-1.5218187985e-02	6.8547011568e-05	3.7301756650e-05
5.1100000000e+02	1.9778091023e-02	-1.5286771544e-02	6.8620083302e-05	3.7304458718e-05
5.1200000000e+02	1.9815396826e-02	-1.5355428106e-02	6.8693017446e-05	3.7307145234e-05
5.1300000000e+02	1.9852705309e-02	-1.5424157533e-02	6.8765814507e-05	3.7309816317e-05
5.1400000000e+02	1.9890016454e-02	-1.5492959690e-02	6.8838474987e-05	3.7312472084e-05
5.1500000000e+02	1.9927330248e-02	-1.5561834438e-02	6.8910999390e-05	3.7315112651e-05
5.1600000000e+02	1.9964646674e-02	-1.5630781643e-02	6.8983388212e-05	3.7317738134e-05
5.1700000000e+02	2.0001965719e-02	-1.5699801169e-02	6.9055641950e-05	3.7320348648e-05
5.1800000000e+02	2.0039287367e-02	-1.5768892882e-02	6.9127761098e-05	3.7322944304e-05
5.1900000000e+02	2.0076611603e-02	-1.5838056647e-02	6.9199746145e-05	3.7325525216e-05
5.2000000000e+02	2.0113938412e-02	-1.5907292330e-02	6.9271597581e-05	3.7328091494e-05
5.2100000000e+02	2.0151267781e-02	-1.5976599798e-02	6.9343315889e-05	3.7330643248e-05
5.2200000000e+02	2.0188599694e-02	-1.6045978917e-02	6.9414901554e-05	3.7333180588e-05
5.2300000000e+02	2.0225934137e-02	-1.6115429557e-02	6.9486355055e-05	3.7335703620e-05
5.2400000000e+02	2.0263271096e-02	-1.6184951584e-02	6.9557676870e-05	3.7338212452e-05
5.2500000000e+02	2.0300610557e-02	-1.6254544867e-02	6.9628867474e-05	3.7340707190e-05
5.2600000000e+02	2.0337952506e-02	-1.6324209275e-02	6.9699927340e-05	3.7343187939e-05
5.2700000000e+02	2.0375296929e-02	-1.6393944678e-02	6.9770856939e-05	3.7345654803e-05
5.2800000000e+02	2.0412643811e-02	-1.6463750946e-02	6.9841656736e-05	3.7348107884e-05
5.2900000000e+02	2.0449993140e-02	-1.6533627948e-02	6.9912327199e-05	3.7350547285e-05
5.3000000000e+02	2.0487344901e-02	-1.6603575557e-02	6.9982868789e-05	3.7352973108e-05
5.3100000000e+02	2.0524699082e-02	-1.6673593643e-02	7.0053281967e-05	3.7355385451e-05
5.3200000000e+02	2.0562055668e-02	-1.6743682078e-02	7.0123567192e-05	3.7357784415e-05
5.3300000000e+02	2.0599414646e-02	-1.6813840735e-02	7.0193724917e-05	3.7360170097e-05
5.3400000000e+02	2.0636776003e-02	-1.6884069486e-02	7.0263755598e-05	3.7362542596e-05
5.3500000000e+02	2.0674139727e-02	-1.6954368204e-02	7.0333659684e-05	3.7364902008e-05
5.3600000000e+02	2.0711505803e-02	-1.7024736763e-02	7.0403437624e-05	3.7367248428e-05
5.3700000000e+02	2.0748874219e-02	-1.7095175037e-02	7.0473089863e-05	3.7369581952e-05
5.3800000000e+02	2.0786244963e-02	-1.7165682901e-02	7.0542616847e-05	3.7371902673e-05
5.3900000000e+02	2.0823618020e-02	-1.7236260229e-02	7.0612019016e-05	3.7374210684e-05
5.4000000000e+02	2.0860993380e-02	-1.7306906898e-02	7.0681296810e-05	3.7376506078e-05
5.4100000000e+02	2.0898371028e-02	-1.7377622782e-02	7.0750450666e-05	3.7378788947e-05
5.4200000000e+02	2.0935750954e-02	-1.7448407758e-02	7.0819481017e-05	3.7381059380e-05
5.4300000000e+02	2.0973133143e-02	-1.7519261703e-02	7.0888388298e-05	3.7383317468e-05
5.4400000000e+02	2.1010517584e-02	-1.7590184494e-02	7.0957172938e-05	3.7385563299e-05
5.4500000000e+02	2.1047904266e-02	-1.7661176008e-02	7.1025835364e-05	3.7387796962e-05
5.4600000000e+02	2.1085293174e-02	-1.7732236124e-02	7.1094376004e-05	3.7390018545e-05
5.4700000000e+02	2.1122684299e-02	-1.7803364719e-02	7.1162795280e-05	3.7392228133e-05
5.4800000000e+02	2.1160077627e-02	-1.7874561674e-02	7.1231093614e-05	3.7394425813e-05
5.4900000000e+02	2.1197473146e-02	-1.7945826867e-02	7.1299271426e-05	3.7396611670e-05
5.5000000000e+02	2.1234870846e-02	-1.8017160177e-02	7.1367329132e-05	3.7398785788e-05
5.5100000000e+02	2.1272270714e-02	-1.8088561485e-02	7.1435267149e-05	3.7400948251e-05
5.5200000000e+02	2.1309672739e-02	-1.8160030671e-02	7.1503085888e-05	3.7403099141e-05
5.5300000000e+02	2.1347076909e-02	-1.8231567617e-02	7.1570785760e-05	3.7405238541e-05
5.5400000000e+02	2.1384483212e-02	-1.8303172203e-02	7.1638367176e-05	3.7407366532e-05
5.5500000000e+02	2.1421891638e-02	-1.8374844312e-02	7.1705830540e-05	3.7409483195e-05
5.5600000000e+02	2.1459302175e-02	-1.8446583825e-02	7.1773176259e-05	3.7411588610e-05
5.5700000000e+02	2.1496714811e-02	-1.8518390625e-02	7.1840404734e-05	3.7413682856e-05
5.5800000000e+02	2.1534129537e-02	-1.8590264596e-02	7.1907516366e-05	3.7415766011e-05
5.5900000000e+02	2.1571546340e-02	-1.8662205619e-02	7.1974511555e-05	3.7417838154e-05
5.6000000000e+02	2.1608965209e-02	-1.8734213580e-02	7.2041390696e-05	3.7419899362e-05
5.6100000000e+02	2.1646386135e-02	-1.8806288362e-02	7.2108154184e-05	3.7421949711e-05
5.6200000000e+02	2.1683809105e-02	-1.8878429850e-02	7.2174802412e-05	3.7423989277e-05
5.6300000000e+02	2.1721234110e-02	-1.8950637929e-02	7.2241335770e-05	3.7426018135e-05
5.6400000000e+02	2.1758661138e-02	-1.9022912484e-02	7.2307754648e-05	3.7428036360e-05
5.6500000000e+02	2.1796090179e-02	-1.9095253400e-02	7.2374059432e-05	3.7430044026e-05
5.6600000000e+02	2.1833521222e-02	-1.9167660564e-02	7.2440250507e-05	3.7432041206e-05
5.6700000000e+02	2.1870954258e-02	-1.9240133863e-02	7.2506328256e-05	3.7434027973e-05
5.6800000000e+02	2.1908389275e-02	-1.9312673183e-02	7.2572293060e-05	3.7436004398e-05
5.6900000000e+02	2.1945826263e-02	-1.9385278412e-02	7.2638145299e-05	3.7437970554e-05
5.7000000000e+02	2.1983265213e-02	-1.9457949437e-02	7.2703885349e-05	3.7439926510e-05
5.7100000000e+02	2.2020706113e-02	-1.9530686145e-02	7.2769513587e-05	3.7441872338e-05
5.7200000000e+02	2.2058148954e-02	-1.9603488427e-02	7.2835030386e-05	3.7443808106e-05
5.7300000000e+02	2.2095593726e-02	-1.9676356169e-02	7.2900436117e-05	3.7445733884e-05
5.7400000000e+02	2.2133040418e-02	-1.9749289262e-02	7.2965731150e-05	3.7447649739e-05
5.7500000000e+02	2.2170489022e-02	-1.9822287595e-02	7.3030915855e-05	3.7449555741e-05
5.7600000000e+02	2.2207939527e-02	-1.9895351057e-02	7.3095990596e-05	3.7451451956e-05
5.7700000000e+02	2.2245391923e-02	-1.9968479539e-02	7.3160955740e-05	3.7453338450e-05
5.7800000000e+02	2.2282846200e-02	-2.0041672932e-02	7.3225811648e-05	3.7455215290e-05
5.7900000000e+02	2.2320302350e-02	-2.0114931126e-02	7.3290558681e-05	3.7457082542e-05
5.8000000000e+02	2.2357760362e-02	-2.0188254013e-02	7.3355197199e-05	3.7458940270e-05
5.8100000000e+02	2.2395220227e-02	-2.0261641485e-02	7.3419727559e-05	3.7460788539e-05
5.8200000000e+02	2.2432681936e-02	-2.0335093432e-02	7.3484150118e-05	3.7462627412e-05
5.8300000000e+02	2.2470145479e-02	-2.0408609749e-02	7.3548465228e-05	3.7464456954e-05
5.8400000000e+02	2.2507610847e-02	-2.0482190327e-02	7.3612673243e-05	3.7466277226e-05
5.8500000000e+02	2.2545078031e-02	-2.0555835060e-02	7.3676774514e-05	3.7468088292e-05
5.8600000000e+02	2.2582547021e-02	-2.0629543841e-02	7.3740769388e-05	3.7469890212e-05
5.8700000000e+02	2.2620017808e-02	-2.0703316563e-02	7.3804658213e-05	3.7471683049e-05
5.8800000000e+02	2.2657490384e-02	-2.0777153122e-02	7.3868441336e-05	3.7473466863e-05
5.8900000000e+02	2.2694964739e-02	-2.0851053411e-02	7.3932119099e-05	3.7475241714e-05
5.9000000000e+02	2.2732440864e-02	-2.0925017325e-02	7.3995691846e-05	3.7477007662e-05
5.9100000000e+02	2.2769918751e-02	-2.0999044760e-02	7.4059159917e-05	3.7478764766e-05
5.9200000000e+02	2.2807398391e-02	-2.1073135610e-02	7.4122523650e-05	3.7480513085e-05
5.9300000000e+02	2.2844879774e-02	-2.1147289772e-02	7.4185783384e-05	3.7482252678e-05
5.9400000000e+02	2.2882362893e-02	-2.1221507142e-02	7.4248939454e-05	3.7483983601e-05
5.9500000000e+02	2.2919847739e-02	-2.1295787617e-02	7.4311992194e-05	3.7485705913e-05
5.9600000000e+02	2.2957334302e-02	-2.1370131092e-02	7.4374941937e-05	3.7487419670e-05
5.9700000000e+02	2.2994822575e-02	-2.1444537466e-02	7.4437789014e-05	3.7489124929e-05
5.9800000000e+02	2.3032312549e-02	-2.1519006636e-02	7.4500533755e-05	3.7490821746e-05
5.9900000000e+02	2.3069804216e-02	-2.1593538500e-02	7.4563176487e-05	3.7492510175e-05
6.0000000000e+02	2.3107297567e-02	-2.1668132955e-02	7.4625717537e-05	3.7494190273e-05
6.0100000000e+02	2.3144792594e-02	-2.1742789901e-02	7.4688157229e-05	3.7495862093e-05
6.0200000000e+02	2.3182289288e-02	-2.1817509236e-02	7.4750495888e-05	3.7497525689e-05
6.0300000000e+02	2.3219787642e-02	-2.1892290859e-02	7.4812733834e-05	3.7499181116e-05
6.0400000000e+02	2.3257287648e-02	-2.1967134670e-02	7.4874871388e-05	3.7500828427e-05
6.0500000000e+02	2.3294789296e-02	-2.2042040569e-02	7.4936908868e-05	3.7502467674e-05
6.0600000000e+02	2.3332292580e-02	-2.2117008455e-02	7.4998846593e-05	3.7504098910e-05
6.0700000000e+02	2.3369797492e-02	-2.2192038229e-02	7.5060684877e-05	3.7505722187e-05
6.0800000000e+02	2.3407304022e-02	-2.2267129792e-02	7.5122424036e-05	3.7507337556e-05
6.0900000000e+02	2.3444812164e-02	-2.2342283044e-02	7.5184064381e-05	3.7508945069e-05
6.1000000000e+02	2.3482321910e-02	-2.2417497888e-02	7.5245606225e-05	3.7510544775e-05
6.1100000000e+02	2.3519833251e-02	-2.2492774224e-02	7.5307049877e-05	3.7512136727e-05
6.1200000000e+02	2.3557346181e-02	-2.2568111955e-02	7.5368395646e-05	3.7513720972e-05
6.1300000000e+02	2.3594860690e-02	-2.2643510983e-02	7.5429643838e-05	3.7515297561e-05
6.1400000000e+02	2.3632376773e-02	-2.2718971210e-02	7.5490794761e-05	3.7516866544e-05
6.1500000000e+02	2.3669894421e-02	-2.2794492540e-02	7.5551848717e-05	3.7518427967e-05
6.1600000000e+02	2.3707413627e-02	-2.2870074875e-02	7.5612806009e-05	3.7519981881e-05
6.1700000000e+02	2.3744934382e-02	-2.2945718120e-02	7.5673666940e-05	3.7521528333e-05
6.1800000000e+02	2.3782456681e-02	-2.3021422177e-02	7.5734431809e-05	3.7523067371e-05
6.1900000000e+02	2.3819980515e-02	-2.3097186951e-02	7.5795100914e-05	3.7524599041e-05
6.2000000000e+02	2.3857505876e-02	-2.3173012347e-02	7.5855674554e-05	3.7526123390e-05
6.2100000000e+02	2.3895032759e-02	-2.3248898269e-02	7.5916153024e-05	3.7527640466e-05
6.2200000000e+02	2.3932561155e-02	-2.3324844621e-02	7.5976536618e-05	3.7529150313e-05
6.2300000000e+02	2.3970091057e-02	-2.3400851310e-02	7.6036825630e-05	3.7530652979e-05
6.2400000000e+02	2.4007622458e-02	-2.3476918241e-02	7.6097020352e-05	3.7532148507e-05
6.2500000000e+02	2.4045155352e-02	-2.3553045320e-02	7.6157121075e-05	3.7533636943e-05
6.2600000000e+02	2.4082689730e-02	-2.3629232452e-02	7.6217128087e-05	3.7535118332e-05
6.2700000000e+02	2.4120225586e-02	-2.3705479545e-02	7.6277041676e-05	3.7536592718e-05
6.2800000000e+02	2.4157762913e-02	-2.3781786504e-02	7.6336862130e-05	3.7538060145e-05
6.2900000000e+02	2.4195301704e-02	-2.3858153238e-02	7.6396589733e-05	3.7539520657e-05
6.3000000000e+02	2.4232841952e-02	-2.3934579653e-02	7.6456224770e-05	3.7540974296e-05
6.3100000000e+02	2.4270383650e-02	-2.4011065657e-02	7.6515767524e-05	3.7542421106e-05
6.3200000000e+02	2.4307926792e-02	-2.4087611157e-02	7.6575218275e-05	3.7543861130e-05
6.3300000000e+02	2.4345471370e-02	-2.4164216063e-02	7.6634577304e-05	3.7545294409e-05
6.3400000000e+02	2.4383017379e-02	-2.4240880282e-02	7.6693844890e-05	3.7546720985e-05
6.3500000000e+02	2.4420564810e-02	-2.4317603722e-02	7.6753021311e-05	3.7548140901e-05
6.3600000000e+02	2.4458113658e-02	-2.4394386294e-02	7.6812106843e-05	3.7549554197e-05
6.3700000000e+02	2.4495663916e-02	-2.4471227906e-02	7.6871101762e-05	3.7550960915e-05
6.3800000000e+02	2.4533215578e-02	-2.4548128467e-02	7.6930006341e-05	3.7552361094e-05
6.3900000000e+02	2.4570768636e-02	-2.4625087888e-02	7.6988820853e-05	3.7553754776e-05
6.4000000000e+02	2.4608323085e-02	-2.4702106079e-02	7.7047545569e-05	3.7555142001e-05
6.4100000000e+02	2.4645878918e-02	-2.4779182950e-02	7.7106180761e-05	3.7556522807e-05
6.4200000000e+02	2.4683436129e-02	-2.4856318411e-02	7.7164726697e-05	3.7557897235e-05
6.4300000000e+02	2.4720994711e-02	-2.4933512373e-02	7.7223183646e-05	3.7559265324e-05
6.4400000000e+02	2.4758554657e-02	-2.5010764749e-02	7.7281551873e-05	3.7560627112e-05
6.4500000000e+02	2.4796115963e-02	-2.5088075448e-02	7.7339831644e-05	3.7561982638e-05
6.4600000000e+02	2.4833678621e-02	-2.5165444382e-02	7.7398023225e-05	3.7563331941e-05
6.4700000000e+02	2.4871242625e-02	-2.5242871465e-02	7.7456126877e-05	3.7564675057e-05
6.4800000000e+02	2.4908807969e-02	-2.5320356607e-02	7.7514142864e-05	3.7566012026e-05
6.4900000000e+02	2.4946374647e-02	-2.5397899721e-02	7.7572071445e-05	3.7567342884e-05
6.5000000000e+02	2.4983942652e-02	-2.5475500721e-02	7.7629912882e-05	3.7568667668e-05
6.5100000000e+02	2.5021511980e-02	-2.5553159518e-02	7.7687667432e-05	3.7569986415e-05
6.5200000000e+02	2.5059082623e-02	-2.5630876027e-02	7.7745335353e-05	3.7571299162e-05
6.5300000000e+02	2.5096654576e-02	-2.5708650160e-02	7.7802916901e-05	3.7572605944e-05
6.5400000000e+02	2.5134227833e-02	-2.5786481832e-02	7.7860412332e-05	3.7573906799e-05
6.5500000000e+02	2.5171802388e-02	-2.5864370956e-02	7.7917821899e-05	3.7575201761e-05
6.5600000000e+02	2.5209378235e-02	-2.5942317447e-02	7.7975145857e-05	3.7576490866e-05
6.5700000000e+02	2.5246955368e-02	-2.6020321219e-02	7.8032384455e-05	3.7577774149e-05
6.5800000000e+02	2.5284533781e-02	-2.6098382188e-02	7.8089537947e-05	3.7579051646e-05
6.5900000000e+02	2.5322113469e-02	-2.6176500267e-02	7.8146606580e-05	3.7580323390e-05
6.6000000000e+02	2.5359694426e-02	-2.6254675373e-02	7.8203590604e-05	3.7581589416e-05
6.6100000000e+02	2.5397276646e-02	-2.6332907420e-02	7.8260490266e-05	3.7582849758e-05
6.6200000000e+02	2.5434860124e-02	-2.6411196325e-02	7.8317305814e-05	3.7584104451e-05
6.6300000000e+02	2.5472444853e-02	-2.6489542004e-02	7.8374037491e-05	3.7585353528e-05
6.6400000000e+02	2.5510030829e-02	-2.6567944372e-02	7.8430685544e-05	3.7586597021e-05
6.6500000000e+02	2.5547618045e-02	-2.6646403347e-02	7.8487250214e-05	3.7587834965e-05
6.6600000000e+02	2.5585206497e-02	-2.6724918845e-02	7.8543731745e-05	3.7589067393e-05
6.6700000000e+02	2.5622796178e-02	-2.6803490783e-02	7.8600130377e-05	3.7590294336e-05
6.6800000000e+02	2.5660387084e-02	-2.6882119078e-02	7.8656446350e-05	3.7591515827e-05
6.6900000000e+02	2.5697979208e-02	-2.6960803648e-02	7.8712679905e-05	3.7592731899e-05
6.7000000000e+02	2.5735572546e-02	-2.7039544411e-02	7.8768831278e-05	3.7593942583e-05
6.7100000000e+02	2.5773167091e-02	-2.7118341283e-02	7.8824900708e-05	3.7595147911e-05
6.7200000000e+02	2.5810762840e-02	-2.7197194185e-02	7.8880888429e-05	3.7596347915e-05
6.7300000000e+02	2.5848359785e-02	-2.7276103033e-02	7.8936794678e-05	3.7597542626e-05
6.7400000000e+02	2.5885957923e-02	-2.7355067747e-02	7.8992619689e-05	3.7598732074e-05
6.7500000000e+02	2.5923557248e-02	-2.7434088246e-02	7.9048363694e-05	3.7599916291e-05
6.7600000000e+02	2.5961157754e-02	-2.7513164448e-02	7.9104026926e-05	3.7601095307e-05
6.7700000000e+02	2.5998759437e-02	-2.7592296273e-02	7.9159609615e-05	3.7602269152e-05
6.7800000000e+02	2.6036362291e-02	-2.7671483640e-02	7.9215111992e-05	3.7603437858e-05
6.7900000000e+02	2.6073966311e-02	-2.7750726470e-02	7.9270534287e-05	3.7604601452e-05
6.8000000000e+02	2.6111571492e-02	-2.7830024682e-02	7.9325876726e-05	3.7605759966e-05
6.8100000000e+02	2.6149177829e-02	-2.7909378197e-02	7.9381139539e-05	3.7606913428e-05
6.8200000000e+02	2.6186785317e-02	-2.7988786935e-02	7.9436322950e-05	3.7608061868e-05
6.8300000000e+02	2.6224393951e-02	-2.8068250816e-02	7.9491427185e-05	3.7609205316e-05
6.8400000000e+02	2.6262003726e-02	-2.8147769763e-02	7.9546452469e-05	3.7610343798e-05
6.8500000000e+02	2.6299614637e-02	-2.8227343695e-02	7.9601399025e-05	3.7611477346e-05
6.8600000000e+02	2.6337226679e-02	-2.8306972534e-02	7.9656267075e-05	3.7612605986e-05
6.8700000000e+02	2.6374839847e-02	-2.8386656203e-02	7.9711056842e-05	3.7613729747e-05
6.8800000000e+02	2.6412454137e-02	-2.8466394622e-02	7.9765768545e-05	3.7614848657e-05
6.8900000000e+02	2.6450069543e-02	-2.8546187714e-02	7.9820402405e-05	3.7615962744e-05
6.9000000000e+02	2.6487686061e-02	-2.8626035401e-02	7.9874958641e-05	3.7617072035e-05
6.9100000000e+02	2.6525303686e-02	-2.8705937606e-02	7.9929437469e-05	3.7618176558e-05
6.9200000000e+02	2.6562922412e-02	-2.8785894250e-02	7.9983839108e-05	3.7619276341e-05
6.9300000000e+02	2.6600542237e-02	-2.8865905258e-02	8.0038163773e-05	3.7620371409e-05
6.9400000000e+02	2.6638163154e-02	-2.8945970552e-02	8.0092411680e-05	3.7621461791e-05
6.9500000000e+02	2.6675785159e-02	-2.9026090056e-02	8.0146583043e-05	3.7622547512e-05
6.9600000000e+02	2.6713408247e-02	-2.9106263693e-02	8.0200678075e-05	3.7623628599e-05
6.9700000000e+02	2.6751032414e-02	-2.9186491387e-02	8.0254696989e-05	3.7624705079e-05
6.9800000000e+02	2.6788657656e-02	-2.9266773062e-02	8.0308639996e-05	3.7625776977e-05
6.9900000000e+02	2.6826283967e-02	-2.9347108642e-02	8.0362507308e-05	3.7626844319e-05
7.0000000000e+02	2.6863911343e-02	-2.9427498051e-02	8.0416299134e-05	3.7627907131e-05
7.0100000000e+02	2.6901539780e-02	-2.9507941215e-02	8.0470015684e-05	3.7628965439e-05
7.0200000000e+02	2.6939169272e-02	-2.9588438057e-02	8.0523657165e-05	3.7630019268e-05
7.0300000000e+02	2.6976799817e-02	-2.9668988504e-02	8.0577223785e-05	3.7631068643e-05
7.0400000000e+02	2.7014431408e-02	-2.9749592480e-02	8.0630715750e-05	3.7632113590e-05
7.0500000000e+02	2.7052064042e-02	-2.9830249911e-02	8.0684133267e-05	3.7633154132e-05
7.0600000000e+02	2.7089697715e-02	-2.9910960722e-02	8.0737476539e-05	3.7634190295e-05
7.0700000000e+02	2.7127332421e-02	-2.9991724839e-02	8.0790745772e-05	3.7635222103e-05
7.0800000000e+02	2.7164968158e-02	-3.0072542189e-02	8.0843941167e-05	3.7636249580e-05
7.0900000000e+02	2.7202604919e-02	-3.0153412697e-02	8.0897062928e-05	3.7637272751e-05
7.1000000000e+02	2.7240242702e-02	-3.0234336290e-02	8.0950111256e-05	3.7638291640e-05
7.1100000000e+02	2.7277881501e-02	-3.0315312895e-02	8.1003086352e-05	3.7639306270e-05
7.1200000000e+02	2.7315521313e-02	-3.0396342439e-02	8.1055988415e-05	3.7640316665e-05
7.1300000000e+02	2.7353162133e-02	-3.0477424848e-02	8.1108817645e-05	3.7641322848e-05
7.1400000000e+02	2.7390803957e-02	-3.0558560050e-02	8.1161574239e-05	3.7642324843e-05
7.1500000000e+02	2.7428446781e-02	-3.0639747972e-02	8.1214258396e-05	3.7643322674e-05
7.1600000000e+02	2.7466090601e-02	-3.0720988542e-02	8.1266870312e-05	3.7644316362e-05
7.1700000000e+02	2.7503735413e-02	-3.0802281689e-02	8.1319410183e-05	3.7645305931e-05
7.1800000000e+02	2.7541381212e-02	-3.0883627339e-02	8.1371878204e-05	3.7646291404e-05
7.1900000000e+02	2.7579027994e-02	-3.0965025421e-02	8.1424274569e-05	3.7647272802e-05
7.2000000000e+02	2.7616675756e-02	-3.1046475864e-02	8.1476599472e-05	3.7648250149e-05
7.2100000000e+02	2.7654324493e-02	-3.1127978596e-02	8.1528853106e-05	3.7649223467e-05
7.2200000000e+02	2.7691974202e-02	-3.1209533547e-02	8.1581035662e-05	3.7650192778e-05
7.2300000000e+02	2.7729624877e-02	-3.1291140644e-02	8.1633147332e-05	3.7651158103e-05
7.2400000000e+02	2.7767276516e-02	-3.1372799818e-02	8.1685188307e-05	3.7652119464e-05
7.2500000000e+02	2.7804929115e-02	-3.1454510997e-02	8.1737158775e-05	3.7653076884e-05
7.2600000000e+02	2.7842582669e-02	-3.1536274112e-02	8.1789058926e-05	3.7654030383e-05
7.2700000000e+02	2.7880237174e-02	-3.1618089092e-02	8.1840888949e-05	3.7654979983e-05
7.2800000000e+02	2.7917892628e-02	-3.1699955866e-02	8.1892649030e-05	3.7655925705e-05
7.2900000000e+02	2.7955549024e-02	-3.1781874366e-02	8.1944339356e-05	3.7656867570e-05
7.3000000000e+02	2.7993206361e-02	-3.1863844522e-02	8.1995960114e-05	3.7657805599e-05
7.3100000000e+02	2.8030864634e-02	-3.1945866263e-02	8.2047511488e-05	3.7658739813e-05
7.3200000000e+02	2.8068523840e-02	-3.2027939522e-02	8.2098993663e-05	3.7659670232e-05
7.3300000000e+02	2.8106183974e-02	-3.2110064228e-02	8.2150406823e-05	3.7660596877e-05
7.3400000000e+02	2.8143845032e-02	-3.2192240312e-02	8.2201751151e-05	3.7661519768e-05
7.3500000000e+02	2.8181507012e-02	-3.2274467707e-02	8.2253026829e-05	3.7662438926e-05
7.3600000000e+02	2.8219169909e-02	-3.2356746343e-02	8.2304234038e-05	3.7663354370e-05
7.3700000000e+02	2.8256833719e-02	-3.2439076153e-02	8.2355372961e-05	3.7664266120e-05
7.3800000000e+02	2.8294498440e-02	-3.2521457067e-02	8.2406443776e-05	3.7665174197e-05
7.3900000000e+02	2.8332164067e-02	-3.2603889017e-02	8.2457446663e-05	3.7666078619e-05
7.4000000000e+02	2.8369830596e-02	-3.2686371937e-02	8.2508381802e-05	3.7666979407e-05
7.4100000000e+02	2.8407498024e-02	-3.2768905758e-02	8.2559249369e-05	3.7667876580e-05
7.4200000000e+02	2.8445166348e-02	-3.2851490414e-02	8.2610049544e-05	3.7668770156e-05
7.4300000000e+02	2.8482835563e-02	-3.2934125835e-02	8.2660782501e-05	3.7669660156e-05
7.4400000000e+02	2.8520505667e-02	-3.3016811956e-02	8.2711448418e-05	3.7670546599e-05
7.4500000000e+02	2.8558176655e-02	-3.3099548710e-02	8.2762047470e-05	3.7671429502e-05
7.4600000000e+02	2.8595848525e-02	-3.3182336029e-02	8.2812579831e-05	3.7672308885e-05
7.4700000000e+02	2.8633521272e-02	-3.3265173847e-02	8.2863045675e-05	3.7673184767e-05
7.4800000000e+02	2.8671194893e-02	-3.3348062098e-02	8.2913445176e-05	3.7674057166e-05
7.4900000000e+02	2.8708869385e-02	-3.3431000716e-02	8.2963778506e-05	3.7674926101e-05
7.5000000000e+02	2.8746544744e-02	-3.3513989633e-02	8.3014045837e-05	3.7675791589e-05
7.5100000000e+02	2.8784220967e-02	-3.3597028785e-02	8.3064247340e-05	3.7676653650e-05
7.5200000000e+02	2.8821898050e-02	-3.3680118106e-02	8.3114383187e-05	3.7677512300e-05
7.5300000000e+02	2.8859575991e-02	-3.3763257530e-02	8.3164453546e-05	3.7678367559e-05
7.5400000000e+02	2.8897254784e-02	-3.3846446991e-02	8.3214458588e-05	3.7679219443e-05
7.5500000000e+02	2.8934934428e-02	-3.3929686425e-02	8.3264398482e-05	3.7680067970e-05
7.5600000000e+02	2.8972614919e-02	-3.4012975767e-02	8.3314273394e-05	3.7680913159e-05
7.5700000000e+02	2.9010296254e-02	-3.4096314950e-02	8.3364083493e-05	3.7681755026e-05
7.5800000000e+02	2.9047978428e-02	-3.4179703912e-02	8.3413828945e-05	3.7682593589e-05
7.5900000000e+02	2.9085661440e-02	-3.4263142587e-02	8.3463509916e-05	3.7683428865e-05
7.6000000000e+02	2.9123345285e-02	-3.4346630910e-02	8.3513126573e-05	3.7684260871e-05
7.6100000000e+02	2.9161029960e-02	-3.4430168819e-02	8.3562679079e-05	3.7685089624e-05
7.6200000000e+02	2.9198715463e-02	-3.4513756247e-02	8.3612167599e-05	3.7685915141e-05
7.6300000000e+02	2.9236401790e-02	-3.4597393133e-02	8.3661592296e-05	3.7686737440e-05
7.6400000000e+02	2.9274088937e-02	-3.4681079411e-02	8.3710953334e-05	3.7687556536e-05
7.6500000000e+02	2.9311776902e-02	-3.4764815018e-02	8.3760250875e-05	3.7688372446e-05
7.6600000000e+02	2.9349465681e-02	-3.4848599891e-02	8.3809485081e-05	3.7689185186e-05
7.6700000000e+02	2.9387155271e-02	-3.4932433967e-02	8.3858656112e-05	3.7689994774e-05
7.6800000000e+02	2.9424845669e-02	-3.5016317182e-02	8.3907764130e-05	3.7690801225e-05
7.6900000000e+02	2.9462536872e-02	-3.5100249474e-02	8.3956809294e-05	3.7691604555e-05
7.7000000000e+02	2.9500228877e-02	-3.5184230780e-02	8.4005791763e-05	3.7692404781e-05
7.7100000000e+02	2.9537921681e-02	-3.5268261037e-02	8.4054711696e-05	3.7693201918e-05
7.7200000000e+02	2.9575615280e-02	-3.5352340183e-02	8.4103569252e-05	3.7693995982e-05
7.7300000000e+02	2.9613309672e-02	-3.5436468155e-02	8.4152364588e-05	3.7694786989e-05
7.7400000000e+02	2.9651004853e-02	-3.5520644891e-02	8.4201097861e-05	3.7695574955e-05
7.7500000000e+02	2.9688700821e-02	-3.5604870330e-02	8.4249769227e-05	3.7696359895e-05
7.7600000000e+02	2.9726397572e-02	-3.5689144409e-02	8.4298378841e-05	3.7697141825e-05
7.7700000000e+02	2.9764095103e-02	-3.5773467067e-02	8.4346926860e-05	3.7697920760e-05
7.7800000000e+02	2.9801793412e-02	-3.5857838242e-02	8.4395413438e-05	3.7698696714e-05
7.7900000000e+02	2.9839492496e-02	-3.5942257874e-02	8.4443838728e-05	3.7699469705e-05
7.8000000000e+02	2.9877192351e-02	-3.6026725899e-02	8.4492202885e-05	3.7700239745e-05
7.8100000000e+02	2.9914892974e-02	-3.6111242259e-02	8.4540506061e-05	3.7701006851e-05
7.8200000000e+02	2.9952594363e-02	-3.6195806891e-02	8.4588748408e-05	3.7701771037e-05
7.8300000000e+02	2.9990296515e-02	-3.6280419736e-02	8.4636930078e-05	3.7702532318e-05
7.8400000000e+02	3.0027999427e-02	-3.6365080731e-02	8.4685051222e-05	3.7703290709e-05
7.8500000000e+02	3.0065703096e-02	-3.6449789818e-02	8.4733111992e-05	3.7704046224e-05
7.8600000000e+02	3.0103407519e-02	-3.6534546935e-02	8.4781112537e-05	3.7704798878e-05
7.8700000000e+02	3.0141112693e-02	-3.6619352023e-02	8.4829053006e-05	3.7705548685e-05
7.8800000000e+02	3.0178818615e-02	-3.6704205021e-02	8.4876933549e-05	3.7706295660e-05
7.8900000000e+02	3.0216525283e-02	-3.6789105870e-02	8.4924754313e-05	3.7707039816e-05
7.9000000000e+02	3.0254232694e-02	-3.6874054510e-02	8.4972515448e-05	3.7707781168e-05
7.9100000000e+02	3.0291940844e-02	-3.6959050881e-02	8.5020217099e-05	3.7708519730e-05
7.9200000000e+02	3.0329649732e-02	-3.7044094924e-02	8.5067859415e-05	3.7709255516e-05
7.9300000000e+02	3.0367359355e-02	-3.7129186580e-02	8.5115442541e-05	3.7709988540e-05
7.9400000000e+02	3.0405069708e-02	-3.7214325790e-02	8.5162966622e-05	3.7710718815e-05
7.9500000000e+02	3.0442780791e-02	-3.7299512494e-02	8.5210431805e-05	3.7711446355e-05
7.9600000000e+02	3.0480492600e-02	-3.7384746634e-02	8.5257838234e-05	3.7712171174e-05
7.9700000000e+02	3.0518205133e-02	-3.7470028151e-02	8.5305186052e-05	3.7712893285e-05
7.9800000000e+02	3.0555918386e-02	-3.7555356986e-02	8.5352475404e-05	3.7713612703e-05
7.9900000000e+02	3.0593632357e-02	-3.7640733082e-02	8.5399706432e-05	3.7714329439e-05
8.0000000000e+02	3.0631347044e-02	-3.7726156380e-02	8.5446879280e-05	3.7715043508e-05
8.0100000000e+02	3.0669062443e-02	-3.7811626821e-02	8.5493994088e-05	3.7715754922e-05
8.0200000000e+02	3.0706778553e-02	-3.7897144349e-02	8.5541051000e-05	3.7716463695e-05
8.0300000000e+02	3.0744495370e-02	-3.7982708904e-02	8.5588050154e-05	3.7717169840e-05
8.0400000000e+02	3.0782212892e-02	-3.8068320430e-02	8.5634991694e-05	3.7717873370e-05
8.0500000000e+02	3.0819931116e-02	-3.8153978868e-02	8.5681875757e-05	3.7718574297e-05
8.0600000000e+02	3.0857650039e-02	-3.8239684162e-02	8.5728702484e-05	3.7719272635e-05
8.0700000000e+02	3.0895369660e-02	-3.8325436254e-02	8.5775472013e-05	3.7719968396e-05
8.0800000000e+02	3.0933089975e-02	-3.8411235087e-02	8.5822184483e-05	3.7720661592e-05
8.0900000000e+02	3.0970810982e-02	-3.8497080604e-02	8.5868840033e-05	3.7721352237e-05
8.1000000000e+02	3.1008532679e-02	-3.8582972748e-02	8.5915438799e-05	3.7722040343e-05
8.1100000000e+02	3.1046255062e-02	-3.8668911463e-02	8.5961980919e-05	3.7722725922e-05
8.1200000000e+02	3.1083978130e-02	-3.8754896691e-02	8.6008466529e-05	3.7723408987e-05
8.1300000000e+02	3.1121701879e-02	-3.8840928377e-02	8.6054895765e-05	3.7724089549e-05
8.1400000000e+02	3.1159426308e-02	-3.8927006464e-02	8.6101268762e-05	3.7724767621e-05
8.1500000000e+02	3.1197151414e-02	-3.9013130896e-02	8.6147585656e-05	3.7725443216e-05
8.1600000000e+02	3.1234877194e-02	-3.9099301617e-02	8.6193846582e-05	3.7726116345e-05
8.1700000000e+02	3.1272603646e-02	-3.9185518571e-02	8.6240051672e-05	3.7726787020e-05
8.1800000000e+02	3.1310330767e-02	-3.9271781702e-02	8.6286201062e-05	3.7727455252e-05
8.1900000000e+02	3.1348058555e-02	-3.9358090954e-02	8.6332294884e-05	3.7728121055e-05
8.2000000000e+02	3.1385787008e-02	-3.9444446273e-02	8.6378333270e-05	3.7728784439e-05
8.2100000000e+02	3.1423516124e-02	-3.9530847602e-02	8.6424316353e-05	3.7729445417e-05
8.2200000000e+02	3.1461245898e-02	-3.9617294887e-02	8.6470244265e-05	3.7730103999e-05
8.2300000000e+02	3.1498976331e-02	-3.9703788073e-02	8.6516117136e-05	3.7730760198e-05
8.2400000000e+02	3.1536707418e-02	-3.9790327103e-02	8.6561935099e-05	3.7731414025e-05
8.2500000000e+02	3.1574439158e-02	-3.9876911924e-02	8.6607698282e-05	3.7732065491e-05
8.2600000000e+02	3.1612171548e-02	-3.9963542482e-02	8.6653406816e-05	3.7732714608e-05
8.2700000000e+02	3.1649904586e-02	-4.0050218720e-02	8.6699060830e-05	3.7733361387e-05
8.2800000000e+02	3.1687638270e-02	-4.0136940585e-02	8.6744660453e-05	3.7734005838e-05
8.2900000000e+02	3.1725372597e-02	-4.0223708023e-02	8.6790205814e-05	3.7734647974e-05
8.3000000000e+02	3.1763107565e-02	-4.0310520979e-02	8.6835697041e-05	3.7735287805e-05
8.3100000000e+02	3.1800843172e-02	-4.0397379399e-02	8.6881134261e-05	3.7735925343e-05
8.3200000000e+02	3.1838579415e-02	-4.0484283229e-02	8.6926517602e-05	3.7736560597e-05
8.3300000000e+02	3.1876316293e-02	-4.0571232416e-02	8.6971847189e-05	3.7737193580e-05
8.3400000000e+02	3.1914053802e-02	-4.0658226906e-02	8.7017123150e-05	3.7737824302e-05
8.3500000000e+02	3.1951791940e-02	-4.0745266645e-02	8.7062345611e-05	3.7738452773e-05
8.3600000000e+02	3.1989530707e-02	-4.0832351579e-02	8.7107514696e-05	3.7739079005e-05
8.3700000000e+02	3.2027270098e-02	-4.0919481656e-02	8.7152630530e-05	3.7739703007e-05
8.3800000000e+02	3.2065010112e-02	-4.1006656823e-02	8.7197693239e-05	3.7740324791e-05
8.3900000000e+02	3.2102750747e-02	-4.1093877025e-02	8.7242702946e-05	3.7740944367e-05
8.4000000000e+02	3.2140492000e-02	-4.1181142211e-02	8.7287659775e-05	3.7741561745e-05
8.4100000000e+02	3.2178233869e-02	-4.1268452327e-02	8.7332563848e-05	3.7742176936e-05
8.4200000000e+02	3.2215976353e-02	-4.1355807321e-02	8.7377415290e-05	3.7742789950e-05
8.4300000000e+02	3.2253719449e-02	-4.1443207140e-02	8.7422214221e-05	3.7743400797e-05
8.4400000000e+02	3.2291463154e-02	-4.1530651732e-02	8.7466960765e-05	3.7744009488e-05
8.4500000000e+02	3.2329207467e-02	-4.1618141044e-02	8.7511655043e-05	3.7744616033e-05
8.4600000000e+02	3.2366952385e-02	-4.1705675025e-02	8.7556297175e-05	3.7745220441e-05
8.4700000000e+02	3.2404697907e-02	-4.1793253621e-02	8.7600887282e-05	3.7745822722e-05
8.4800000000e+02	3.2442444030e-02	-4.1880876782e-02	8.7645425486e-05	3.7746422888e-05
8.4900000000e+02	3.2480190752e-02	-4.1968544455e-02	8.7689911905e-05	3.7747020946e-05
8.5000000000e+02	3.2517938071e-02	-4.2056256588e-02	8.7734346658e-05	3.7747616909e-05
8.5100000000e+02	3.2555685985e-02	-4.2144013131e-02	8.7778729866e-05	3.7748210784e-05
8.5200000000e+02	3.2593434492e-02	-4.2231814031e-02	8.7823061647e-05	3.7748802582e-05
8.5300000000e+02	3.2631183590e-02	-4.2319659237e-02	8.7867342118e-05	3.7749392312e-05
8.5400000000e+02	3.2668933276e-02	-4.2407548698e-02	8.7911571398e-05	3.7749979985e-05
8.5500000000e+02	3.2706683549e-02	-4.2495482363e-02	8.7955749605e-05	3.7750565609e-05
8.5600000000e+02	3.2744434406e-02	-4.2583460180e-02	8.7999876854e-05	3.7751149195e-05
8.5700000000e+02	3.2782185847e-02	-4.2671482100e-02	8.8043953263e-05	3.7751730751e-05
8.5800000000e+02	3.2819937867e-02	-4.2759548070e-02	8.8087978948e-05	3.7752310287e-05
8.5900000000e+02	3.2857690467e-02	-4.2847658041e-02	8.8131954025e-05	3.7752887812e-05
8.6000000000e+02	3.2895443642e-02	-4.2935811961e-02	8.8175878609e-05	3.7753463336e-05
8.6100000000e+02	3.2933197393e-02	-4.3024009781e-02	8.8219752815e-05	3.7754036867e-05
8.6200000000e+02	3.2970951715e-02	-4.3112251450e-02	8.8263576758e-05	3.7754608416e-05
8.6300000000e+02	3.3008706609e-02	-4.3200536918e-02	8.8307350552e-05	3.7755177990e-05
8.6400000000e+02	3.3046462071e-02	-4.3288866135e-02	8.8351074312e-05	3.7755745600e-05
8.6500000000e+02	3.3084218099e-02	-4.3377239050e-02	8.8394748149e-05	3.7756311254e-05
8.6600000000e+02	3.3121974693e-02	-4.3465655614e-02	8.8438372179e-05	3.7756874961e-05
8.6700000000e+02	3.3159731849e-02	-4.3554115778e-02	8.8481946512e-05	3.7757436730e-05
8.6800000000e+02	3.3197489565e-02	-4.3642619491e-02	8.8525471263e-05	3.7757996570e-05
8.6900000000e+02	3.3235247841e-02	-4.3731166704e-02	8.8568946542e-05	3.7758554489e-05
8.7000000000e+02	3.3273006674e-02	-4.3819757367e-02	8.8612372461e-05	3.7759110498e-05
8.7100000000e+02	3.3310766061e-02	-4.3908391432e-02	8.8655749132e-05	3.7759664603e-05
8.7200000000e+02	3.3348526002e-02	-4.3997068849e-02	8.8699076665e-05	3.7760216814e-05
8.7300000000e+02	3.3386286494e-02	-4.4085789569e-02	8.8742355170e-05	3.7760767139e-05
8.7400000000e+02	3.3424047536e-02	-4.4174553543e-02	8.8785584759e-05	3.7761315588e-05
8.7500000000e+02	3.3461809125e-02	-4.4263360723e-02	8.8828765540e-05	3.7761862168e-05
8.7600000000e+02	3.3499571260e-02	-4.4352211058e-02	8.8871897623e-05	3.7762406888e-05
8.7700000000e+02	3.3537333938e-02	-4.4441104502e-02	8.8914981117e-05	3.7762949756e-05
8.7800000000e+02	3.3575097159e-02	-4.4530041004e-02	8.8958016131e-05	3.7763490781e-05
8.7900000000e+02	3.3612860919e-02	-4.4619020518e-02	8.9001002772e-05	3.7764029972e-05
8.8000000000e+02	3.3650625218e-02	-4.4708042994e-02	8.9043941150e-05	3.7764567335e-05
8.8100000000e+02	3.3688390053e-02	-4.4797108384e-02	8.9086831370e-05	3.7765102880e-05
8.8200000000e+02	3.3726155423e-02	-4.4886216640e-02	8.9129673541e-05	3.7765636615e-05
8.8300000000e+02	3.3763921326e-02	-4.4975367715e-02	8.9172467770e-05	3.7766168548e-05
8.8400000000e+02	3.3801687760e-02	-4.5064561560e-02	8.9215214162e-05	3.7766698687e-05
8.8500000000e+02	3.3839454723e-02	-4.5153798128e-02	8.9257912825e-05	3.7767227040e-05
8.8600000000e+02	3.3877222213e-02	-4.5243077370e-02	8.9300563863e-05	3.7767753615e-05
8.8700000000e+02	3.3914990229e-02	-4.5332399239e-02	8.9343167383e-05	3.7768278420e-05
8.8800000000e+02	3.3952758769e-02	-4.5421763689e-02	8.9385723489e-05	3.7768801463e-05
8.8900000000e+02	3.3990527832e-02	-4.5511170671e-02	8.9428232286e-05	3.7769322752e-05
8.9000000000e+02	3.4028297414e-02	-4.5600620138e-02	8.9470693878e-05	3.7769842294e-05
8.9100000000e+02	3.4066067516e-02	-4.5690112043e-02	8.9513108371e-05	3.7770360098e-05
8.9200000000e+02	3.4103838134e-02	-4.5779646339e-02	8.9555475866e-05	3.7770876171e-05
8.9300000000e+02	3.4141609267e-02	-4.5869222979e-02	8.9597796468e-05	3.7771390521e-05
8.9400000000e+02	3.4179380914e-02	-4.5958841916e-02	8.9640070280e-05	3.7771903155e-05
8.9500000000e+02	3.4217153073e-02	-4.6048503104e-02	8.9682297404e-05	3.7772414081e-05
8.9600000000e+02	3.4254925742e-02	-4.6138206495e-02	8.9724477943e-05	3.7772923307e-05
8.9700000000e+02	3.4292698919e-02	-4.6227952044e-02	8.9766611999e-05	3.7773430840e-05
8.9800000000e+02	3.4330472603e-02	-4.6317739704e-02	8.9808699674e-05	3.7773936688e-05
8.9900000000e+02	3.4368246792e-02	-4.6407569428e-02	8.9850741068e-05	3.7774440858e-05
9.0000000000e+02	3.4406021484e-02	-4.6497441171e-02	8.9892736283e-05	3.7774943358e-05
9.0100000000e+02	3.4443796678e-02	-4.6587354885e-02	8.9934685420e-05	3.7775444194e-05
9.0200000000e+02	3.4481572372e-02	-4.6677310526e-02	8.9976588579e-05	3.7775943375e-05
9.0300000000e+02	3.4519348564e-02	-4.6767308047e-02	9.0018445860e-05	3.7776440907e-05
9.0400000000e+02	3.4557125253e-02	-4.6857347403e-02	9.0060257363e-05	3.7776936798e-05
9.0500000000e+02	3.4594902437e-02	-4.6947428547e-02	9.0102023187e-05	3.7777431054e-05
9.0600000000e+02	3.4632680115e-02	-4.7037551434e-02	9.0143743431e-05	3.7777923684e-05
9.0700000000e+02	3.4670458284e-02	-4.7127716018e-02	9.0185418195e-05	3.7778414694e-05
9.0800000000e+02	3.4708236944e-02	-4.7217922255e-02	9.0227047576e-05	3.7778904091e-05
9.0900000000e+02	3.4746016092e-02	-4.7308170098e-02	9.0268631672e-05	3.7779391883e-05
9.1000000000e+02	3.4783795727e-02	-4.7398459503e-02	9.0310170583e-05	3.7779878076e-05
9.1100000000e+02	3.4821575847e-02	-4.7488790425e-02	9.0351664404e-05	3.7780362677e-05
9.1200000000e+02	3.4859356452e-02	-4.7579162817e-02	9.0393113233e-05	3.7780845694e-05
9.1300000000e+02	3.4897137538e-02	-4.7669576636e-02	9.0434517168e-05	3.7781327133e-05
9.1400000000e+02	3.4934919105e-02	-4.7760031837e-02	9.0475876304e-05	3.7781807000e-05
9.1500000000e+02	3.4972701152e-02	-4.7850528374e-02	9.0517190738e-05	3.7782285304e-05
9.1600000000e+02	3.5010483676e-02	-4.7941066203e-02	9.0558460566e-05	3.7782762050e-05
9.1700000000e+02	3.5048266675e-02	-4.8031645280e-02	9.0599685884e-05	3.7783237245e-05
9.1800000000e+02	3.5086050150e-02	-4.8122265560e-02	9.0640866786e-05	3.7783710897e-05
9.1900000000e+02	3.5123834097e-02	-4.8212926999e-02	9.0682003368e-05	3.7784183011e-05
9.2000000000e+02	3.5161618515e-02	-4.8303629552e-02	9.0723095725e-05	3.7784653594e-05
9.2100000000e+02	3.5199403403e-02	-4.8394373176e-02	9.0764143951e-05	3.7785122654e-05
9.2200000000e+02	3.5237188760e-02	-4.8485157825e-02	9.0805148140e-05	3.7785590196e-05
9.2300000000e+02	3.5274974583e-02	-4.8575983457e-02	9.0846108386e-05	3.7786056227e-05
9.2400000000e+02	3.5312760872e-02	-4.8666850027e-02	9.0887024783e-05	3.7786520754e-05
9.2500000000e+02	3.5350547624e-02	-4.8757757492e-02	9.0927897423e-05	3.7786983782e-05
9.2600000000e+02	3.5388334839e-02	-4.8848705808e-02	9.0968726400e-05	3.7787445320e-05
9.2700000000e+02	3.5426122514e-02	-4.8939694930e-02	9.1009511807e-05	3.7787905371e-05
9.2800000000e+02	3.5463910649e-02	-4.9030724817e-02	9.1050253735e-05	3.7788363945e-05
9.2900000000e+02	3.5501699242e-02	-4.9121795423e-02	9.1090952277e-05	3.7788821045e-05
9.3000000000e+02	3.5539488291e-02	-4.9212906707e-02	9.1131607524e-05	3.7789276680e-05
9.3100000000e+02	3.5577277795e-02	-4.9304058624e-02	9.1172219569e-05	3.7789730854e-05
9.3200000000e+02	3.5615067752e-02	-4.9395251132e-02	9.1212788502e-05	3.7790183575e-05
9.3300000000e+02	3.5652858161e-02	-4.9486484187e-02	9.1253314414e-05	3.7790634848e-05
9.3400000000e+02	3.5690649021e-02	-4.9577757746e-02	9.1293797396e-05	3.7791084680e-05
9.3500000000e+02	3.5728440330e-02	-4.9669071767e-02	9.1334237537e-05	3.7791533076e-05
9.3600000000e+02	3.5766232087e-02	-4.9760426207e-02	9.1374634929e-05	3.7791980044e-05
9.3700000000e+02	3.5804024290e-02	-4.9851821023e-02	9.1414989661e-05	3.7792425588e-05
9.3800000000e+02	3.5841816938e-02	-4.9943256172e-02	9.1455301823e-05	3.7792869715e-05
9.3900000000e+02	3.5879610029e-02	-5.0034731612e-02	9.1495571503e-05	3.7793312432e-05
9.4000000000e+02	3.5917403562e-02	-5.0126247301e-02	9.1535798790e-05	3.7793753743e-05
9.4100000000e+02	3.5955197536e-02	-5.0217803196e-02	9.1575983774e-05	3.7794193654e-05
9.4200000000e+02	3.5992991949e-02	-5.0309399255e-02	9.1616126543e-05	3.7794632173e-05
9.4300000000e+02	3.6030786800e-02	-5.0401035435e-02	9.1656227184e-05	3.7795069304e-05
9.4400000000e+02	3.6068582087e-02	-5.0492711695e-02	9.1696285786e-05	3.7795505054e-05
9.4500000000e+02	3.6106377809e-02	-5.0584427993e-02	9.1736302436e-05	3.7795939428e-05
9.4600000000e+02	3.6144173965e-02	-5.0676184286e-02	9.1776277221e-05	3.7796372431e-05
9.4700000000e+02	3.6181970554e-02	-5.0767980533e-02	9.1816210229e-05	3.7796804071e-05
9.4800000000e+02	3.6219767573e-02	-5.0859816692e-02	9.1856101546e-05	3.7797234352e-05
9.4900000000e+02	3.6257565022e-02	-5.0951692722e-02	9.1895951258e-05	3.7797663280e-05
9.5000000000e+02	3.6295362899e-02	-5.1043608581e-02	9.1935759453e-05	3.7798090861e-05
9.5100000000e+02	3.6333161203e-02	-5.1135564227e-02	9.1975526215e-05	3.7798517101e-05
9.5200000000e+02	3.6370959933e-02	-5.1227559620e-02	9.2015251631e-05	3.7798942004e-05
9.5300000000e+02	3.6408759087e-02	-5.1319594717e-02	9.2054935786e-05	3.7799365578e-05
9.5400000000e+02	3.6446558664e-02	-5.1411669478e-02	9.2094578764e-05	3.7799787826e-05
9.5500000000e+02	3.6484358662e-02	-5.1503783861e-02	9.2134180652e-05	3.7800208755e-05
9.5600000000e+02	3.6522159081e-02	-5.1595937825e-02	9.2173741533e-05	3.7800628370e-05
9.5700000000e+02	3.6559959918e-02	-5.1688131330e-02	9.2213261493e-05	3.7801046677e-05
9.5800000000e+02	3.6597761174e-02	-5.1780364335e-02	9.2252740614e-05	3.7801463681e-05
9.5900000000e+02	3.6635562845e-02	-5.1872636798e-02	9.2292178981e-05	3.7801879387e-05
9.6000000000e+02	3.6673364932e-02	-5.1964948679e-02	9.2331576678e-05	3.7802293801e-05
9.6100000000e+02	3.6711167432e-02	-5.2057299938e-02	9.2370933788e-05	3.7802706928e-05
9.6200000000e+02	3.6748970345e-02	-5.2149690533e-02	9.2410250393e-05	3.7803118774e-05
9.6300000000e+02	3.6786773670e-02	-5.2242120425e-02	9.2449526578e-05	3.7803529344e-05
9.6400000000e+02	3.6824577404e-02	-5.2334589573e-02	9.2488762424e-05	3.7803938642e-05
9.6500000000e+02	3.6862381546e-02	-5.2427097936e-02	9.2527958013e-05	3.7804346675e-05
9.6600000000e+02	3.6900186097e-02	-5.2519645475e-02	9.2567113429e-05	3.7804753447e-05
9.6700000000e+02	3.6937991053e-02	-5.2612232150e-02	9.2606228752e-05	3.7805158964e-05
9.6800000000e+02	3.6975796414e-02	-5.2704857920e-02	9.2645304064e-05	3.7805563231e-05
9.6900000000e+02	3.7013602179e-02	-5.2797522745e-02	9.2684339446e-05	3.7805966253e-05
9.7000000000e+02	3.7051408346e-02	-5.2890226585e-02	9.2723334981e-05	3.7806368034e-05
9.7100000000e+02	3.7089214915e-02	-5.2982969401e-02	9.2762290748e-05	3.7806768581e-05
9.7200000000e+02	3.7127021883e-02	-5.3075751153e-02	9.2801206828e-05	3.7807167898e-05
9.7300000000e+02	3.7164829250e-02	-5.3168571802e-02	9.2840083301e-05	3.7807565990e-05
9.7400000000e+02	3.7202637014e-02	-5.3261431307e-02	9.2878920248e-05	3.7807962862e-05
9.7500000000e+02	3.7240445175e-02	-5.3354329629e-02	9.2917717748e-05	3.7808358520e-05
9.7600000000e+02	3.7278253731e-02	-5.3447266729e-02	9.2956475882e-05	3.7808752967e-05
9.7700000000e+02	3.7316062681e-02	-5.3540242568e-02	9.2995194727e-05	3.7809146210e-05
9.7800000000e+02	3.7353872023e-02	-5.3633257106e-02	9.3033874365e-05	3.7809538252e-05
9.7900000000e+02	3.7391681757e-02	-5.3726310304e-02	9.3072514873e-05	3.7809929099e-05
9.8000000000e+02	3.7429491881e-02	-5.3819402122e-02	9.3111116330e-05	3.7810318756e-05
9.8100000000e+02	3.7467302394e-02	-5.3912532523e-02	9.3149678815e-05	3.7810707228e-05
9.8200000000e+02	3.7505113295e-02	-5.4005701467e-02	9.3188202405e-05	3.7811094518e-05
9.8300000000e+02	3.7542924583e-02	-5.4098908915e-02	9.3226687180e-05	3.7811480633e-05
9.8400000000e+02	3.7580736256e-02	-5.4192154828e-02	9.3265133216e-05	3.7811865576e-05
9.8500000000e+02	3.7618548313e-02	-5.4285439169e-02	9.3303540591e-05	3.7812249353e-05
9.8600000000e+02	3.7656360754e-02	-5.4378761897e-02	9.3341909382e-05	3.7812631968e-05
9.8700000000e+02	3.7694173577e-02	-5.4472122975e-02	9.3380239667e-05	3.7813013426e-05
9.8800000000e+02	3.7731986781e-02	-5.4565522363e-02	9.3418531522e-05	3.7813393732e-05
9.8900000000e+02	3.7769800364e-02	-5.4658960025e-02	9.3456785024e-05	3.7813772890e-05
9.9000000000e+02	3.7807614326e-02	-5.4752435921e-02	9.3495000249e-05	3.7814150904e-05
9.9100000000e+02	3.7845428666e-02	-5.4845950013e-02	9.3533177274e-05	3.7814527780e-05
9.9200000000e+02	3.7883243381e-02	-5.4939502262e-02	9.3571316173e-05	3.7814903522e-05
9.9300000000e+02	3.7921058472e-02	-5.5033092632e-02	9.3609417024e-05	3.7815278135e-05
9.9400000000e+02	3.7958873937e-02	-5.5126721084e-02	9.3647479900e-05	3.7815651622e-05
9.9500000000e+02	3.7996689775e-02	-5.5220387579e-02	9.3685504879e-05	3.7816023989e-05
9.9600000000e+02	3.8034505985e-02	-5.5314092081e-02	9.3723492034e-05	3.7816395240e-05
9.9700000000e+02	3.8072322565e-02	-5.5407834551e-02	9.3761441440e-05	3.7816765379e-05
9.9800000000e+02	3.8110139515e-02	-5.5501614951e-02	9.3799353173e-05	3.7817134411e-05
9.9900000000e+02	3.8147956834e-02	-5.5595433245e-02	9.3837227306e-05	3.7817502340e-05
