# total modes from dos = 5.9999845655e+00
# ZPE = 4.8075751036e-03 Ry/cell
# Multiply by 13.6058 to have energies in eV/cell etc..
# Multiply by 13.6058 x 23060.35 = 313 754.5 to have energies in cal/(N mol).
# Multiply by 13.6058 x 96526.0 = 1 313 313 to have energies in J/(N mol).
# N is the number of formula units per cell.
#
# T (K) 	Evib (Ry/cell)	Fvib (Ry/cell)	Svib (Ry/cell/K)	Cvib (Ry/cell/K)
1.0000000000e+00	4.8075751167e-03	4.8075750354e-03	8.1284742367e-11	3.8193734533e-11
2.0000000000e+00	4.8075752325e-03	4.8075749242e-03	1.5415894060e-10	2.3224444558e-10
3.0000000000e+00	4.8075756846e-03	4.8075746925e-03	3.3068753327e-10	7.3659989237e-10
4.0000000000e+00	4.8075768609e-03	4.8075742111e-03	6.6246185524e-10	1.7066207930e-09
5.0000000000e+00	4.8075793053e-03	4.8075732986e-03	1.2013336925e-09	3.2989536926e-09
6.0000000000e+00	4.8075837192e-03	4.8075717220e-03	1.9995415364e-09	5.6725870127e-09
7.0000000000e+00	4.8075909652e-03	4.8075691955e-03	3.1099601379e-09	8.9906528811e-09
8.0000000000e+00	4.8076020719e-03	4.8075653800e-03	4.5864830806e-09	1.3423207780e-08
9.0000000000e+00	4.8076182434e-03	4.8075598820e-03	6.4846068856e-09	1.9151979191e-08
1.0000000000e+01	4.8076408749e-03	4.8075522510e-03	8.8623978591e-09	2.6379212790e-08
1.1000000000e+01	4.8076715801e-03	4.8075419766e-03	1.1782136155e-08	3.5343095374e-08
1.2000000000e+01	4.8077122379e-03	4.8075284831e-03	1.5312901272e-08	4.6340250756e-08
1.3000000000e+01	4.8077650643e-03	4.8075111208e-03	1.9534114176e-08	5.9752165442e-08
1.4000000000e+01	4.8078327094e-03	4.8074891537e-03	2.4539693947e-08	7.6069593083e-08
1.5000000000e+01	4.8079183759e-03	4.8074617427e-03	3.0442216347e-08	9.5908747862e-08
1.6000000000e+01	4.8080259479e-03	4.8074279256e-03	3.7376396053e-08	1.2001518681e-07
1.7000000000e+01	4.8081601161e-03	4.8073865933e-03	4.5501343542e-08	1.4925430853e-07
1.8000000000e+01	4.8083264880e-03	4.8073364649e-03	5.5001285524e-08	1.8459005247e-07
1.9000000000e+01	4.8085316722e-03	4.8072760631e-03	6.6084690543e-08	2.2705501840e-07
2.0000000000e+01	4.8087833300e-03	4.8072036911e-03	7.8981946436e-08	2.7771579437e-07
2.1000000000e+01	4.8090901911e-03	4.8071174118e-03	9.3941868381e-08	3.3763705871e-07
2.2000000000e+01	4.8094620345e-03	4.8070150322e-03	1.1122737723e-07	4.0784735417e-07
2.3000000000e+01	4.8099096371e-03	4.8068940912e-03	1.3111069287e-07	4.8930860643e-07
2.4000000000e+01	4.8104446933e-03	4.8067518527e-03	1.5386835577e-07	5.8289066047e-07
2.5000000000e+01	4.8110797128e-03	4.8065853043e-03	1.7977633788e-07	6.8935143249e-07
2.6000000000e+01	4.8118279012e-03	4.8063911596e-03	2.0910544540e-07	8.0932275513e-07
2.7000000000e+01	4.8127030290e-03	4.8061658657e-03	2.4211715769e-07	9.4330162658e-07
2.8000000000e+01	4.8137192946e-03	4.8059056147e-03	2.7905999492e-07	1.0916463376e-06
2.9000000000e+01	4.8148911851e-03	4.8056063577e-03	3.2016646301e-07	1.2545768189e-06
3.0000000000e+01	4.8162333400e-03	4.8052638223e-03	3.6565058968e-07	1.4321784968e-06
3.1000000000e+01	4.8177604197e-03	4.8048735325e-03	4.1570603866e-07	1.6244089472e-06
3.2000000000e+01	4.8194869816e-03	4.8044308289e-03	4.7050477010e-07	1.8311066761e-06
3.3000000000e+01	4.8214273664e-03	4.8039308918e-03	5.3019620204e-07	2.0520014151e-06
3.4000000000e+01	4.8235955951e-03	4.8033687632e-03	5.9490682043e-07	2.2867253956e-06
3.5000000000e+01	4.8260052766e-03	4.8027393703e-03	6.6474018113e-07	2.5348251424e-06
3.6000000000e+01	4.8286695289e-03	4.8020375480e-03	7.3977724671e-07	2.7957734052e-06
3.7000000000e+01	4.8316009104e-03	4.8012580613e-03	8.2007700237e-07	3.0689809194e-06
3.8000000000e+01	4.8348113643e-03	4.8003956269e-03	9.0567729857e-07	3.3538077564e-06
3.9000000000e+01	4.8383121728e-03	4.7994449338e-03	9.9659587165e-07	3.6495740814e-06
4.0000000000e+01	4.8421139226e-03	4.7984006626e-03	1.0928314989e-06	3.9555701903e-06
4.1000000000e+01	4.8462264798e-03	4.7972575046e-03	1.1943652491e-06	4.2710657402e-06
4.2000000000e+01	4.8506589731e-03	4.7960101777e-03	1.3011617944e-06	4.5953181259e-06
4.3000000000e+01	4.8554197858e-03	4.7946534433e-03	1.4131707553e-06	4.9275799830e-06
4.4000000000e+01	4.8605165543e-03	4.7931821200e-03	1.5303280530e-06	5.2671058247e-06
4.5000000000e+01	4.8659561727e-03	4.7915910965e-03	1.6525572497e-06	5.6131578333e-06
4.6000000000e+01	4.8717448034e-03	4.7898753439e-03	1.7797708599e-06	5.9650108469e-06
4.7000000000e+01	4.8778878918e-03	4.7880299256e-03	1.9118716200e-06	6.3219565854e-06
4.8000000000e+01	4.8843901846e-03	4.7860500068e-03	2.0487537052e-06	6.6833071713e-06
4.9000000000e+01	4.8912557526e-03	4.7839308621e-03	2.1903038870e-06	7.0483980011e-06
5.0000000000e+01	4.8984880141e-03	4.7816678828e-03	2.3364026260e-06	7.4165900281e-06
5.1000000000e+01	4.9060897621e-03	4.7792565822e-03	2.4869250960e-06	7.7872715124e-06
5.2000000000e+01	4.9140631922e-03	4.7766926010e-03	2.6417421381e-06	8.1598592991e-06
5.3000000000e+01	4.9224099312e-03	4.7739717106e-03	2.8007211443e-06	8.5337996769e-06
5.4000000000e+01	4.9311310675e-03	4.7710898165e-03	2.9637268708e-06	8.9085688710e-06
5.5000000000e+01	4.9402271804e-03	4.7680429603e-03	3.1306221829e-06	9.2836732187e-06
5.6000000000e+01	4.9496983708e-03	4.7648273217e-03	3.3012687337e-06	9.6586490730e-06
5.7000000000e+01	4.9595442907e-03	4.7614392187e-03	3.4755275783e-06	1.0033062475e-05
5.8000000000e+01	4.9697641730e-03	4.7578751088e-03	3.6532597280e-06	1.0406508631e-05
5.9000000000e+01	4.9803568598e-03	4.7541315877e-03	3.8343266458e-06	1.0778611237e-05
6.0000000000e+01	4.9913208311e-03	4.7502053898e-03	4.0185906887e-06	1.1149021663e-05
6.1000000000e+01	5.0026542315e-03	4.7460933861e-03	4.2059154985e-06	1.1517418045e-05
6.2000000000e+01	5.0143548969e-03	4.7417925834e-03	4.3961663454e-06	1.1883504293e-05
6.3000000000e+01	5.0264203793e-03	4.7373001224e-03	4.5892104282e-06	1.2247009039e-05
6.4000000000e+01	5.0388479716e-03	4.7326132751e-03	4.7849171334e-06	1.2607684554e-05
6.5000000000e+01	5.0516347301e-03	4.7277294433e-03	4.9831582576e-06	1.2965305626e-05
6.6000000000e+01	5.0647774966e-03	4.7226461557e-03	5.1838081955e-06	1.3319668441e-05
6.7000000000e+01	5.0782729195e-03	4.7173610650e-03	5.3867440969e-06	1.3670589452e-05
6.8000000000e+01	5.0921174732e-03	4.7118719455e-03	5.5918459956e-06	1.4017904266e-05
6.9000000000e+01	5.1063074770e-03	4.7061766900e-03	5.7989969123e-06	1.4361466542e-05
7.0000000000e+01	5.1208391121e-03	4.7002733067e-03	6.0080829352e-06	1.4701146915e-05
7.1000000000e+01	5.1357084388e-03	4.6941599161e-03	6.2189932786e-06	1.5036831950e-05
7.2000000000e+01	5.1509114113e-03	4.6878347479e-03	6.4316203242e-06	1.5368423123e-05
7.3000000000e+01	5.1664438921e-03	4.6812961380e-03	6.6458596452e-06	1.5695835841e-05
7.4000000000e+01	5.1823016661e-03	4.6745425250e-03	6.8616100155e-06	1.6018998503e-05
7.5000000000e+01	5.1984804525e-03	4.6675724470e-03	7.0787734061e-06	1.6337851596e-05
7.6000000000e+01	5.2149759166e-03	4.6603845388e-03	7.2972549707e-06	1.6652346832e-05
7.7000000000e+01	5.2317836808e-03	4.6529775283e-03	7.5169630195e-06	1.6962446324e-05
7.8000000000e+01	5.2488993345e-03	4.6453502335e-03	7.7378089867e-06	1.7268121812e-05
7.9000000000e+01	5.2663184432e-03	4.6375015595e-03	7.9597073881e-06	1.7569353916e-05
8.0000000000e+01	5.2840365573e-03	4.6294304954e-03	8.1825757740e-06	1.7866131442e-05
8.1000000000e+01	5.3020492199e-03	4.6211361112e-03	8.4063346758e-06	1.8158450717e-05
8.2000000000e+01	5.3203519737e-03	4.6126175548e-03	8.6309075478e-06	1.8446314968e-05
8.3000000000e+01	5.3389403680e-03	4.6038740494e-03	8.8562207061e-06	1.8729733737e-05
8.4000000000e+01	5.3578099644e-03	4.5949048903e-03	9.0822032634e-06	1.9008722331e-05
8.5000000000e+01	5.3769563427e-03	4.5857094424e-03	9.3087870618e-06	1.9283301304e-05
8.6000000000e+01	5.3963751055e-03	4.5762871376e-03	9.5359066038e-06	1.9553495979e-05
8.7000000000e+01	5.4160618831e-03	4.5666374716e-03	9.7634989817e-06	1.9819335992e-05
8.8000000000e+01	5.4360123371e-03	4.5567600022e-03	9.9915038059e-06	2.0080854874e-05
8.9000000000e+01	5.4562221647e-03	4.5466543459e-03	1.0219863133e-05	2.0338089657e-05
9.0000000000e+01	5.4766871017e-03	4.5363201763e-03	1.0448521394e-05	2.0591080509e-05
9.1000000000e+01	5.4974029254e-03	4.5257572212e-03	1.0677425320e-05	2.0839870395e-05
9.2000000000e+01	5.5183654573e-03	4.5149652608e-03	1.0906523875e-05	2.1084504759e-05
9.3000000000e+01	5.5395705656e-03	4.5039441249e-03	1.1135768179e-05	2.1325031233e-05
9.4000000000e+01	5.5610141670e-03	4.4926936915e-03	1.1365111442e-05	2.1561499365e-05
9.5000000000e+01	5.5826922286e-03	4.4812138840e-03	1.1594508891e-05	2.1793960369e-05
9.6000000000e+01	5.6046007696e-03	4.4695046699e-03	1.1823917704e-05	2.2022466893e-05
9.7000000000e+01	5.6267358622e-03	4.4575660585e-03	1.2053296945e-05	2.2247072803e-05
9.8000000000e+01	5.6490936332e-03	4.4453980990e-03	1.2282607493e-05	2.2467832989e-05
9.9000000000e+01	5.6716702648e-03	4.4330008789e-03	1.2511811979e-05	2.2684803182e-05
1.0000000000e+02	5.6944619951e-03	4.4203745223e-03	1.2740874728e-05	2.2898039786e-05
1.0100000000e+02	5.7174651188e-03	4.4075191880e-03	1.2969761691e-05	2.3107599728e-05
1.0200000000e+02	5.7406759881e-03	4.3944350683e-03	1.3198440390e-05	2.3313540314e-05
1.0300000000e+02	5.7640910122e-03	4.3811223870e-03	1.3426879856e-05	2.3515919104e-05
1.0400000000e+02	5.7877066582e-03	4.3675813982e-03	1.3655050577e-05	2.3714793792e-05
1.0500000000e+02	5.8115194510e-03	4.3538123848e-03	1.3882924440e-05	2.3910222100e-05
1.0600000000e+02	5.8355259729e-03	4.3398156572e-03	1.4110474676e-05	2.4102261685e-05
1.0700000000e+02	5.8597228639e-03	4.3255915518e-03	1.4337675814e-05	2.4290970041e-05
1.0800000000e+02	5.8841068216e-03	4.3111404300e-03	1.4564503626e-05	2.4476404431e-05
1.0900000000e+02	5.9086746005e-03	4.2964626767e-03	1.4790935080e-05	2.4658621803e-05
1.1000000000e+02	5.9334230118e-03	4.2815586993e-03	1.5016948295e-05	2.4837678736e-05
1.1100000000e+02	5.9583489232e-03	4.2664289265e-03	1.5242522493e-05	2.5013631371e-05
1.1200000000e+02	5.9834492583e-03	4.2510738072e-03	1.5467637956e-05	2.5186535367e-05
1.1300000000e+02	6.0087209961e-03	4.2354938097e-03	1.5692275985e-05	2.5356445849e-05
1.1400000000e+02	6.0341611704e-03	4.2196894203e-03	1.5916418860e-05	2.5523417369e-05
1.1500000000e+02	6.0597668692e-03	4.2036611427e-03	1.6140049796e-05	2.5687503869e-05
1.1600000000e+02	6.0855352342e-03	4.1874094967e-03	1.6363152910e-05	2.5848758648e-05
1.1700000000e+02	6.1114634601e-03	4.1709350178e-03	1.6585713182e-05	2.6007234333e-05
1.1800000000e+02	6.1375487938e-03	4.1542382560e-03	1.6807716422e-05	2.6162982857e-05
1.1900000000e+02	6.1637885338e-03	4.1373197751e-03	1.7029149233e-05	2.6316055437e-05
1.2000000000e+02	6.1901800295e-03	4.1201801519e-03	1.7249998980e-05	2.6466502556e-05
1.2100000000e+02	6.2167206804e-03	4.1028199755e-03	1.7470253760e-05	2.6614373949e-05
1.2200000000e+02	6.2434079352e-03	4.0852398465e-03	1.7689902367e-05	2.6759718588e-05
1.2300000000e+02	6.2702392914e-03	4.0674403763e-03	1.7908934269e-05	2.6902584676e-05
1.2400000000e+02	6.2972122942e-03	4.0494221868e-03	1.8127339576e-05	2.7043019639e-05
1.2500000000e+02	6.3243245358e-03	4.0311859091e-03	1.8345109014e-05	2.7181070118e-05
1.2600000000e+02	6.3515736549e-03	4.0127321836e-03	1.8562233899e-05	2.7316781969e-05
1.2700000000e+02	6.3789573353e-03	3.9940616589e-03	1.8778706113e-05	2.7450200257e-05
1.2800000000e+02	6.4064733056e-03	3.9751749915e-03	1.8994518079e-05	2.7581369261e-05
1.2900000000e+02	6.4341193385e-03	3.9560728452e-03	1.9209662739e-05	2.7710332470e-05
1.3000000000e+02	6.4618932496e-03	3.9367558906e-03	1.9424133530e-05	2.7837132589e-05
1.3100000000e+02	6.4897928967e-03	3.9172248048e-03	1.9637924366e-05	2.7961811541e-05
1.3200000000e+02	6.5178161793e-03	3.8974802704e-03	1.9851029613e-05	2.8084410470e-05
1.3300000000e+02	6.5459610377e-03	3.8775229758e-03	2.0063444075e-05	2.8204969751e-05
1.3400000000e+02	6.5742254521e-03	3.8573536141e-03	2.0275162970e-05	2.8323528992e-05
1.3500000000e+02	6.6026074420e-03	3.8369728832e-03	2.0486181917e-05	2.8440127042e-05
1.3600000000e+02	6.6311050652e-03	3.8163814850e-03	2.0696496914e-05	2.8554802002e-05
1.3700000000e+02	6.6597164174e-03	3.7955801252e-03	2.0906104323e-05	2.8667591227e-05
1.3800000000e+02	6.6884396313e-03	3.7745695133e-03	2.1115000855e-05	2.8778531342e-05
1.3900000000e+02	6.7172728757e-03	3.7533503615e-03	2.1323183556e-05	2.8887658244e-05
1.4000000000e+02	6.7462143551e-03	3.7319233850e-03	2.1530649787e-05	2.8995007120e-05
1.4100000000e+02	6.7752623088e-03	3.7102893015e-03	2.1737397215e-05	2.9100612449e-05
1.4200000000e+02	6.8044150101e-03	3.6884488309e-03	2.1943423798e-05	2.9204508015e-05
1.4300000000e+02	6.8336707659e-03	3.6664026948e-03	2.2148727770e-05	2.9306726921e-05
1.4400000000e+02	6.8630279159e-03	3.6441516167e-03	2.2353307633e-05	2.9407301595e-05
1.4500000000e+02	6.8924848316e-03	3.6216963213e-03	2.2557162140e-05	2.9506263803e-05
1.4600000000e+02	6.9220399164e-03	3.5990375345e-03	2.2760290287e-05	2.9603644660e-05
1.4700000000e+02	6.9516916040e-03	3.5761759831e-03	2.2962691299e-05	2.9699474640e-05
1.4800000000e+02	6.9814383586e-03	3.5531123945e-03	2.3164364623e-05	2.9793783588e-05
1.4900000000e+02	7.0112786739e-03	3.5298474965e-03	2.3365309915e-05	2.9886600733e-05
1.5000000000e+02	7.0412110724e-03	3.5063820174e-03	2.3565527033e-05	2.9977954695e-05
1.5100000000e+02	7.0712341049e-03	3.4827166852e-03	2.3765016025e-05	3.0067873499e-05
1.5200000000e+02	7.1013463502e-03	3.4588522280e-03	2.3963777120e-05	3.0156384586e-05
1.5300000000e+02	7.1315464138e-03	3.4347893735e-03	2.4161810721e-05	3.0243514824e-05
1.5400000000e+02	7.1618329283e-03	3.4105288488e-03	2.4359117399e-05	3.0329290517e-05
1.5500000000e+02	7.1922045519e-03	3.3860713807e-03	2.4555697879e-05	3.0413737421e-05
1.5600000000e+02	7.2226599686e-03	3.3614176949e-03	2.4751553037e-05	3.0496880749e-05
1.5700000000e+02	7.2531978871e-03	3.3365685161e-03	2.4946683892e-05	3.0578745185e-05
1.5800000000e+02	7.2838170407e-03	3.3115245681e-03	2.5141091599e-05	3.0659354894e-05
1.5900000000e+02	7.3145161866e-03	3.2862865735e-03	2.5334777441e-05	3.0738733535e-05
1.6000000000e+02	7.3452941052e-03	3.2608552534e-03	2.5527742824e-05	3.0816904266e-05
1.6100000000e+02	7.3761496000e-03	3.2352313275e-03	2.5719989270e-05	3.0893889759e-05
1.6200000000e+02	7.4070814970e-03	3.2094155140e-03	2.5911518414e-05	3.0969712208e-05
1.6300000000e+02	7.4380886440e-03	3.1834085292e-03	2.6102331993e-05	3.1044393341e-05
1.6400000000e+02	7.4691699104e-03	3.1572110879e-03	2.6292431844e-05	3.1117954427e-05
1.6500000000e+02	7.5003241865e-03	3.1308239028e-03	2.6481819901e-05	3.1190416288e-05
1.6600000000e+02	7.5315503833e-03	3.1042476847e-03	2.6670498185e-05	3.1261799308e-05
1.6700000000e+02	7.5628474321e-03	3.0774831423e-03	2.6858468801e-05	3.1332123441e-05
1.6800000000e+02	7.5942142838e-03	3.0505309822e-03	2.7045733938e-05	3.1401408223e-05
1.6900000000e+02	7.6256499085e-03	3.0233919088e-03	2.7232295856e-05	3.1469672778e-05
1.7000000000e+02	7.6571532955e-03	2.9960666241e-03	2.7418156890e-05	3.1536935831e-05
1.7100000000e+02	7.6887234524e-03	2.9685558279e-03	2.7603319442e-05	3.1603215711e-05
1.7200000000e+02	7.7203594052e-03	2.9408602173e-03	2.7787785976e-05	3.1668530366e-05
1.7300000000e+02	7.7520601973e-03	2.9129804871e-03	2.7971559019e-05	3.1732897365e-05
1.7400000000e+02	7.7838248898e-03	2.8849173295e-03	2.8154641151e-05	3.1796333912e-05
1.7500000000e+02	7.8156525606e-03	2.8566714342e-03	2.8337035008e-05	3.1858856852e-05
1.7600000000e+02	7.8475423044e-03	2.8282434881e-03	2.8518743275e-05	3.1920482676e-05
1.7700000000e+02	7.8794932323e-03	2.7996341753e-03	2.8699768684e-05	3.1981227534e-05
1.7800000000e+02	7.9115044711e-03	2.7708441774e-03	2.8880114010e-05	3.2041107239e-05
1.7900000000e+02	7.9435751635e-03	2.7418741730e-03	2.9059782070e-05	3.2100137274e-05
1.8000000000e+02	7.9757044675e-03	2.7127248380e-03	2.9238775719e-05	3.2158332804e-05
1.8100000000e+02	8.0078915559e-03	2.6833968454e-03	2.9417097848e-05	3.2215708677e-05
1.8200000000e+02	8.0401356165e-03	2.6538908652e-03	2.9594751381e-05	3.2272279436e-05
1.8300000000e+02	8.0724358512e-03	2.6242075645e-03	2.9771739271e-05	3.2328059323e-05
1.8400000000e+02	8.1047914762e-03	2.5943476076e-03	2.9948064503e-05	3.2383062286e-05
1.8500000000e+02	8.1372017213e-03	2.5643116554e-03	3.0123730086e-05	3.2437301987e-05
1.8600000000e+02	8.1696658302e-03	2.5341003663e-03	3.0298739053e-05	3.2490791808e-05
1.8700000000e+02	8.2021830594e-03	2.5037143952e-03	3.0473094461e-05	3.2543544854e-05
1.8800000000e+02	8.2347526786e-03	2.4731543942e-03	3.0646799385e-05	3.2595573966e-05
1.8900000000e+02	8.2673739702e-03	2.4424210122e-03	3.0819856921e-05	3.2646891721e-05
1.9000000000e+02	8.3000462290e-03	2.4115148951e-03	3.0992270179e-05	3.2697510438e-05
1.9100000000e+02	8.3327687621e-03	2.3804366856e-03	3.1164042285e-05	3.2747442189e-05
1.9200000000e+02	8.3655408883e-03	2.3491870232e-03	3.1335176381e-05	3.2796698798e-05
1.9300000000e+02	8.3983619385e-03	2.3177665444e-03	3.1505675617e-05	3.2845291852e-05
1.9400000000e+02	8.4312312547e-03	2.2861758825e-03	3.1675543155e-05	3.2893232703e-05
1.9500000000e+02	8.4641481902e-03	2.2544156676e-03	3.1844782167e-05	3.2940532474e-05
1.9600000000e+02	8.4971121095e-03	2.2224865266e-03	3.2013395831e-05	3.2987202065e-05
1.9700000000e+02	8.5301223878e-03	2.1903890833e-03	3.2181387333e-05	3.3033252157e-05
1.9800000000e+02	8.5631784108e-03	2.1581239583e-03	3.2348759861e-05	3.3078693216e-05
1.9900000000e+02	8.5962795747e-03	2.1256917689e-03	3.2515516612e-05	3.3123535501e-05
2.0000000000e+02	8.6294252856e-03	2.0930931293e-03	3.2681660782e-05	3.3167789066e-05
2.0100000000e+02	8.6626149599e-03	2.0603286504e-03	3.2847195569e-05	3.3211463764e-05
2.0200000000e+02	8.6958480234e-03	2.0273989402e-03	3.3012124174e-05	3.3254569254e-05
2.0300000000e+02	8.7291239118e-03	1.9943046031e-03	3.3176449797e-05	3.3297115003e-05
2.0400000000e+02	8.7624420699e-03	1.9610462405e-03	3.3340175634e-05	3.3339110292e-05
2.0500000000e+02	8.7958019519e-03	1.9276244507e-03	3.3503304884e-05	3.3380564219e-05
2.0600000000e+02	8.8292030209e-03	1.8940398285e-03	3.3665840740e-05	3.3421485702e-05
2.0700000000e+02	8.8626447488e-03	1.8602929659e-03	3.3827786391e-05	3.3461883486e-05
2.0800000000e+02	8.8961266162e-03	1.8263844514e-03	3.3989145023e-05	3.3501766145e-05
2.0900000000e+02	8.9296481122e-03	1.7923148705e-03	3.4149919817e-05	3.3541142086e-05
2.1000000000e+02	8.9632087342e-03	1.7580848054e-03	3.4310113947e-05	3.3580019551e-05
2.1100000000e+02	8.9968079878e-03	1.7236948351e-03	3.4469730581e-05	3.3618406624e-05
2.1200000000e+02	9.0304453866e-03	1.6891455356e-03	3.4628772882e-05	3.3656311231e-05
2.1300000000e+02	9.0641204520e-03	1.6544374797e-03	3.4787244001e-05	3.3693741148e-05
2.1400000000e+02	9.0978327132e-03	1.6195712370e-03	3.4945147085e-05	3.3730703997e-05
2.1500000000e+02	9.1315817068e-03	1.5845473739e-03	3.5102485270e-05	3.3767207257e-05
2.1600000000e+02	9.1653669770e-03	1.5493664537e-03	3.5259261682e-05	3.3803258264e-05
2.1700000000e+02	9.1991880750e-03	1.5140290367e-03	3.5415479439e-05	3.3838864211e-05
2.1800000000e+02	9.2330445594e-03	1.4785356800e-03	3.5571141649e-05	3.3874032158e-05
2.1900000000e+02	9.2669359956e-03	1.4428869376e-03	3.5726251407e-05	3.3908769028e-05
2.2000000000e+02	9.3008619560e-03	1.4070833603e-03	3.5880811799e-05	3.3943081614e-05
2.2100000000e+02	9.3348220196e-03	1.3711254961e-03	3.6034825899e-05	3.3976976581e-05
2.2200000000e+02	9.3688157722e-03	1.3350138896e-03	3.6188296768e-05	3.4010460467e-05
2.2300000000e+02	9.4028428057e-03	1.2987490826e-03	3.6341227458e-05	3.4043539688e-05
2.2400000000e+02	9.4369027187e-03	1.2623316137e-03	3.6493621005e-05	3.4076220542e-05
2.2500000000e+02	9.4709951160e-03	1.2257620186e-03	3.6645480433e-05	3.4108509205e-05
2.2600000000e+02	9.5051196085e-03	1.1890408299e-03	3.6796808755e-05	3.4140411742e-05
2.2700000000e+02	9.5392758128e-03	1.1521685771e-03	3.6947608968e-05	3.4171934103e-05
2.2800000000e+02	9.5734633519e-03	1.1151457870e-03	3.7097884056e-05	3.4203082128e-05
2.2900000000e+02	9.6076818542e-03	1.0779729831e-03	3.7247636992e-05	3.4233861549e-05
2.3000000000e+02	9.6419309540e-03	1.0406506861e-03	3.7396870730e-05	3.4264277994e-05
2.3100000000e+02	9.6762102910e-03	1.0031794137e-03	3.7545588214e-05	3.4294336985e-05
2.3200000000e+02	9.7105195106e-03	9.6555968076e-04	3.7693792370e-05	3.4324043946e-05
2.3300000000e+02	9.7448582634e-03	9.2779199911e-04	3.7841486113e-05	3.4353404198e-05
2.3400000000e+02	9.7792262052e-03	8.8987687771e-04	3.7988672340e-05	3.4382422967e-05
2.3500000000e+02	9.8136229972e-03	8.5181482264e-04	3.8135353934e-05	3.4411105386e-05
2.3600000000e+02	9.8480483055e-03	8.1360633710e-04	3.8281533764e-05	3.4439456491e-05
2.3700000000e+02	9.8825018014e-03	7.7525192141e-04	3.8427214683e-05	3.4467481230e-05
2.3800000000e+02	9.9169831608e-03	7.3675207309e-04	3.8572399528e-05	3.4495184460e-05
2.3900000000e+02	9.9514920647e-03	6.9810728677e-04	3.8717091121e-05	3.4522570952e-05
2.4000000000e+02	9.9860281987e-03	6.5931805433e-04	3.8861292268e-05	3.4549645390e-05
2.4100000000e+02	1.0020591253e-02	6.2038486479e-04	3.9005005760e-05	3.4576412377e-05
2.4200000000e+02	1.0055180922e-02	5.8130820443e-04	3.9148234372e-05	3.4602876431e-05
2.4300000000e+02	1.0089796906e-02	5.4208855675e-04	3.9290980863e-05	3.4629041991e-05
2.4400000000e+02	1.0124438908e-02	5.0272640250e-04	3.9433247975e-05	3.4654913417e-05
2.4500000000e+02	1.0159106637e-02	4.6322221969e-04	3.9575038436e-05	3.4680494992e-05
2.4600000000e+02	1.0193799803e-02	4.2357648361e-04	3.9716354958e-05	3.4705790924e-05
2.4700000000e+02	1.0228518125e-02	3.8378966685e-04	3.9857200234e-05	3.4730805346e-05
2.4800000000e+02	1.0263261321e-02	3.4386223933e-04	3.9997576944e-05	3.4755542320e-05
2.4900000000e+02	1.0298029118e-02	3.0379466827e-04	4.0137487750e-05	3.4780005836e-05
2.5000000000e+02	1.0332821243e-02	2.6358741825e-04	4.0276935300e-05	3.4804199815e-05
2.5100000000e+02	1.0367637429e-02	2.2324095121e-04	4.0415922223e-05	3.4828128108e-05
2.5200000000e+02	1.0402477412e-02	1.8275572647e-04	4.0554451134e-05	3.4851794503e-05
2.5300000000e+02	1.0437340932e-02	1.4213220075e-04	4.0692524630e-05	3.4875202718e-05
2.5400000000e+02	1.0472227733e-02	1.0137082815e-04	4.0830145294e-05	3.4898356411e-05
2.5500000000e+02	1.0507137561e-02	6.0472060247e-05	4.0967315690e-05	3.4921259174e-05
2.5600000000e+02	1.0542070169e-02	1.9436346013e-05	4.1104038370e-05	3.4943914539e-05
2.5700000000e+02	1.0577025309e-02	-2.1735868097e-05	4.1240315864e-05	3.4966325978e-05
2.5800000000e+02	1.0612002740e-02	-6.3044138160e-05	4.1376150692e-05	3.4988496904e-05
2.5900000000e+02	1.0647002224e-02	-1.0448802276e-04	4.1511545354e-05	3.5010430669e-05
2.6000000000e+02	1.0682023524e-02	-1.4606708297e-04	4.1646502334e-05	3.5032130572e-05
2.6100000000e+02	1.0717066408e-02	-1.8778088236e-04	4.1781024101e-05	3.5053599855e-05
2.6200000000e+02	1.0752130648e-02	-2.2962898692e-04	4.1915113109e-05	3.5074841703e-05
2.6300000000e+02	1.0787216017e-02	-2.7161096513e-04	4.2048771794e-05	3.5095859252e-05
2.6400000000e+02	1.0822322292e-02	-3.1372638788e-04	4.2182002577e-05	3.5116655581e-05
2.6500000000e+02	1.0857449255e-02	-3.5597482846e-04	4.2314807863e-05	3.5137233720e-05
2.6600000000e+02	1.0892596688e-02	-3.9835586257e-04	4.2447190040e-05	3.5157596648e-05
2.6700000000e+02	1.0927764378e-02	-4.4086906829e-04	4.2579151483e-05	3.5177747295e-05
2.6800000000e+02	1.0962952113e-02	-4.8351402607e-04	4.2710694549e-05	3.5197688542e-05
2.6900000000e+02	1.0998159686e-02	-5.2629031871e-04	4.2841821579e-05	3.5217423221e-05
2.7000000000e+02	1.1033386891e-02	-5.6919753133e-04	4.2972534899e-05	3.5236954120e-05
2.7100000000e+02	1.1068633527e-02	-6.1223525138e-04	4.3102836821e-05	3.5256283979e-05
2.7200000000e+02	1.1103899393e-02	-6.5540306860e-04	4.3232729639e-05	3.5275415494e-05
2.7300000000e+02	1.1139184293e-02	-6.9870057505e-04	4.3362215634e-05	3.5294351316e-05
2.7400000000e+02	1.1174488032e-02	-7.4212736502e-04	4.3491297068e-05	3.5313094055e-05
2.7500000000e+02	1.1209810418e-02	-7.8568303508e-04	4.3619976191e-05	3.5331646277e-05
2.7600000000e+02	1.1245151261e-02	-8.2936718404e-04	4.3748255237e-05	3.5350010506e-05
2.7700000000e+02	1.1280510377e-02	-8.7317941293e-04	4.3876136425e-05	3.5368189226e-05
2.7800000000e+02	1.1315887579e-02	-9.1711932500e-04	4.4003621956e-05	3.5386184881e-05
2.7900000000e+02	1.1351282686e-02	-9.6118652569e-04	4.4130714021e-05	3.5403999875e-05
2.8000000000e+02	1.1386695519e-02	-1.0053806226e-03	4.4257414792e-05	3.5421636574e-05
2.8100000000e+02	1.1422125901e-02	-1.0497012256e-03	4.4383726428e-05	3.5439097306e-05
2.8200000000e+02	1.1457573656e-02	-1.0941479465e-03	4.4509651072e-05	3.5456384362e-05
2.8300000000e+02	1.1493038612e-02	-1.1387203994e-03	4.4635190854e-05	3.5473499997e-05
2.8400000000e+02	1.1528520600e-02	-1.1834182006e-03	4.4760347888e-05	3.5490446429e-05
2.8500000000e+02	1.1564019449e-02	-1.2282409683e-03	4.4885124273e-05	3.5507225843e-05
2.8600000000e+02	1.1599534996e-02	-1.2731883230e-03	4.5009522095e-05	3.5523840387e-05
2.8700000000e+02	1.1635067076e-02	-1.3182598870e-03	4.5133543425e-05	3.5540292176e-05
2.8800000000e+02	1.1670615527e-02	-1.3634552850e-03	4.5257190320e-05	3.5556583294e-05
2.8900000000e+02	1.1706180190e-02	-1.4087741435e-03	4.5380464821e-05	3.5572715789e-05
2.9000000000e+02	1.1741760906e-02	-1.4542160912e-03	4.5503368957e-05	3.5588691680e-05
2.9100000000e+02	1.1777357522e-02	-1.4997807586e-03	4.5625904743e-05	3.5604512953e-05
2.9200000000e+02	1.1812969881e-02	-1.5454677786e-03	4.5748074178e-05	3.5620181564e-05
2.9300000000e+02	1.1848597834e-02	-1.5912767855e-03	4.5869879249e-05	3.5635699437e-05
2.9400000000e+02	1.1884241231e-02	-1.6372074163e-03	4.5991321928e-05	3.5651068468e-05
2.9500000000e+02	1.1919899922e-02	-1.6832593093e-03	4.6112404175e-05	3.5666290524e-05
2.9600000000e+02	1.1955573763e-02	-1.7294321051e-03	4.6233127934e-05	3.5681367442e-05
2.9700000000e+02	1.1991262609e-02	-1.7757254463e-03	4.6353495137e-05	3.5696301032e-05
2.9800000000e+02	1.2026966318e-02	-1.8221389772e-03	4.6473507703e-05	3.5711093077e-05
2.9900000000e+02	1.2062684749e-02	-1.8686723441e-03	4.6593167536e-05	3.5725745330e-05
3.0000000000e+02	1.2098417763e-02	-1.9153251953e-03	4.6712476527e-05	3.5740259520e-05
3.0100000000e+02	1.2134165223e-02	-1.9620971808e-03	4.6831436556e-05	3.5754637349e-05
3.0200000000e+02	1.2169926993e-02	-2.0089879527e-03	4.6950049488e-05	3.5768880494e-05
3.0300000000e+02	1.2205702939e-02	-2.0559971647e-03	4.7068317175e-05	3.5782990605e-05
3.0400000000e+02	1.2241492930e-02	-2.1031244726e-03	4.7186241456e-05	3.5796969310e-05
3.0500000000e+02	1.2277296835e-02	-2.1503695338e-03	4.7303824159e-05	3.5810818208e-05
3.0600000000e+02	1.2313114524e-02	-2.1977320077e-03	4.7421067096e-05	3.5824538880e-05
3.0700000000e+02	1.2348945870e-02	-2.2452115553e-03	4.7537972070e-05	3.5838132879e-05
3.0800000000e+02	1.2384790748e-02	-2.2928078397e-03	4.7654540869e-05	3.5851601736e-05
3.0900000000e+02	1.2420649032e-02	-2.3405205256e-03	4.7770775269e-05	3.5864946961e-05
3.1000000000e+02	1.2456520601e-02	-2.3883492794e-03	4.7886677034e-05	3.5878170039e-05
3.1100000000e+02	1.2492405332e-02	-2.4362937694e-03	4.8002247915e-05	3.5891272436e-05
3.1200000000e+02	1.2528303106e-02	-2.4843536655e-03	4.8117489653e-05	3.5904255593e-05
3.1300000000e+02	1.2564213804e-02	-2.5325286395e-03	4.8232403974e-05	3.5917120933e-05
3.1400000000e+02	1.2600137309e-02	-2.5808183649e-03	4.8346992593e-05	3.5929869857e-05
3.1500000000e+02	1.2636073506e-02	-2.6292225167e-03	4.8461257214e-05	3.5942503744e-05
3.1600000000e+02	1.2672022279e-02	-2.6777407719e-03	4.8575199528e-05	3.5955023956e-05
3.1700000000e+02	1.2707983516e-02	-2.7263728089e-03	4.8688821214e-05	3.5967431834e-05
3.1800000000e+02	1.2743957105e-02	-2.7751183080e-03	4.8802123942e-05	3.5979728698e-05
3.1900000000e+02	1.2779942937e-02	-2.8239769510e-03	4.8915109366e-05	3.5991915850e-05
3.2000000000e+02	1.2815940901e-02	-2.8729484215e-03	4.9027779133e-05	3.6003994574e-05
3.2100000000e+02	1.2851950890e-02	-2.9220324046e-03	4.9140134875e-05	3.6015966136e-05
3.2200000000e+02	1.2887972798e-02	-2.9712285871e-03	4.9252178215e-05	3.6027831781e-05
3.2300000000e+02	1.2924006519e-02	-3.0205366574e-03	4.9363910763e-05	3.6039592738e-05
3.2400000000e+02	1.2960051949e-02	-3.0699563056e-03	4.9475334119e-05	3.6051250221e-05
3.2500000000e+02	1.2996108985e-02	-3.1194872231e-03	4.9586449872e-05	3.6062805422e-05
3.2600000000e+02	1.3032177526e-02	-3.1691291033e-03	4.9697259600e-05	3.6074259518e-05
3.2700000000e+02	1.3068257471e-02	-3.2188816409e-03	4.9807764868e-05	3.6085613672e-05
3.2800000000e+02	1.3104348721e-02	-3.2687445321e-03	4.9917967234e-05	3.6096869026e-05
3.2900000000e+02	1.3140451177e-02	-3.3187174749e-03	5.0027868241e-05	3.6108026710e-05
3.3000000000e+02	1.3176564742e-02	-3.3688001686e-03	5.0137469425e-05	3.6119087835e-05
3.3100000000e+02	1.3212689320e-02	-3.4189923143e-03	5.0246772310e-05	3.6130053498e-05
3.3200000000e+02	1.3248824817e-02	-3.4692936143e-03	5.0355778409e-05	3.6140924781e-05
3.3300000000e+02	1.3284971139e-02	-3.5197037727e-03	5.0464489224e-05	3.6151702751e-05
3.3400000000e+02	1.3321128192e-02	-3.5702224948e-03	5.0572906248e-05	3.6162388458e-05
3.3500000000e+02	1.3357295885e-02	-3.6208494877e-03	5.0681030964e-05	3.6172982940e-05
3.3600000000e+02	1.3393474128e-02	-3.6715844598e-03	5.0788864844e-05	3.6183487220e-05
3.3700000000e+02	1.3429662830e-02	-3.7224271210e-03	5.0896409350e-05	3.6193902305e-05
3.3800000000e+02	1.3465861903e-02	-3.7733771825e-03	5.1003665934e-05	3.6204229192e-05
3.3900000000e+02	1.3502071259e-02	-3.8244343573e-03	5.1110636037e-05	3.6214468860e-05
3.4000000000e+02	1.3538290812e-02	-3.8755983596e-03	5.1217321093e-05	3.6224622278e-05
3.4100000000e+02	1.3574520475e-02	-3.9268689050e-03	5.1323722523e-05	3.6234690400e-05
3.4200000000e+02	1.3610760165e-02	-3.9782457106e-03	5.1429841741e-05	3.6244674167e-05
3.4300000000e+02	1.3647009796e-02	-4.0297284949e-03	5.1535680148e-05	3.6254574508e-05
3.4400000000e+02	1.3683269286e-02	-4.0813169777e-03	5.1641239140e-05	3.6264392338e-05
3.4500000000e+02	1.3719538553e-02	-4.1330108805e-03	5.1746520098e-05	3.6274128563e-05
3.4600000000e+02	1.3755817516e-02	-4.1848099257e-03	5.1851524399e-05	3.6283784073e-05
3.4700000000e+02	1.3792106095e-02	-4.2367138375e-03	5.1956253408e-05	3.6293359747e-05
3.4800000000e+02	1.3828404210e-02	-4.2887223412e-03	5.2060708479e-05	3.6302856453e-05
3.4900000000e+02	1.3864711782e-02	-4.3408351636e-03	5.2164890961e-05	3.6312275048e-05
3.5000000000e+02	1.3901028734e-02	-4.3930520327e-03	5.2268802191e-05	3.6321616376e-05
3.5100000000e+02	1.3937354989e-02	-4.4453726780e-03	5.2372443496e-05	3.6330881271e-05
3.5200000000e+02	1.3973690471e-02	-4.4977968302e-03	5.2475816197e-05	3.6340070554e-05
3.5300000000e+02	1.4010035105e-02	-4.5503242213e-03	5.2578921605e-05	3.6349185037e-05
3.5400000000e+02	1.4046388817e-02	-4.6029545847e-03	5.2681761021e-05	3.6358225521e-05
3.5500000000e+02	1.4082751532e-02	-4.6556876551e-03	5.2784335738e-05	3.6367192795e-05
3.5600000000e+02	1.4119123178e-02	-4.7085231684e-03	5.2886647041e-05	3.6376087641e-05
3.5700000000e+02	1.4155503683e-02	-4.7614608618e-03	5.2988696205e-05	3.6384910827e-05
3.5800000000e+02	1.4191892976e-02	-4.8145004739e-03	5.3090484497e-05	3.6393663112e-05
3.5900000000e+02	1.4228290986e-02	-4.8676417443e-03	5.3192013177e-05	3.6402345246e-05
3.6000000000e+02	1.4264697644e-02	-4.9208844141e-03	5.3293283493e-05	3.6410957970e-05
3.6100000000e+02	1.4301112879e-02	-4.9742282256e-03	5.3394296689e-05	3.6419502012e-05
3.6200000000e+02	1.4337536625e-02	-5.0276729222e-03	5.3495053997e-05	3.6427978094e-05
3.6300000000e+02	1.4373968813e-02	-5.0812182487e-03	5.3595556644e-05	3.6436386927e-05
3.6400000000e+02	1.4410409377e-02	-5.1348639510e-03	5.3695805845e-05	3.6444729213e-05
3.6500000000e+02	1.4446858249e-02	-5.1886097763e-03	5.3795802810e-05	3.6453005645e-05
3.6600000000e+02	1.4483315366e-02	-5.2424554729e-03	5.3895548741e-05	3.6461216908e-05
3.6700000000e+02	1.4519780662e-02	-5.2964007905e-03	5.3995044829e-05	3.6469363676e-05
3.6800000000e+02	1.4556254072e-02	-5.3504454797e-03	5.4094292261e-05	3.6477446617e-05
3.6900000000e+02	1.4592735534e-02	-5.4045892925e-03	5.4193292213e-05	3.6485466389e-05
3.7000000000e+02	1.4629224984e-02	-5.4588319820e-03	5.4292045855e-05	3.6493423642e-05
3.7100000000e+02	1.4665722361e-02	-5.5131733025e-03	5.4390554348e-05	3.6501319018e-05
3.7200000000e+02	1.4702227602e-02	-5.5676130094e-03	5.4488818847e-05	3.6509153150e-05
3.7300000000e+02	1.4738740647e-02	-5.6221508592e-03	5.4586840499e-05	3.6516926663e-05
3.7400000000e+02	1.4775261435e-02	-5.6767866098e-03	5.4684620441e-05	3.6524640176e-05
3.7500000000e+02	1.4811789907e-02	-5.7315200199e-03	5.4782159806e-05	3.6532294298e-05
3.7600000000e+02	1.4848326004e-02	-5.7863508496e-03	5.4879459717e-05	3.6539889632e-05
3.7700000000e+02	1.4884869667e-02	-5.8412788599e-03	5.4976521292e-05	3.6547426772e-05
3.7800000000e+02	1.4921420838e-02	-5.8963038131e-03	5.5073345639e-05	3.6554906305e-05
3.7900000000e+02	1.4957979461e-02	-5.9514254725e-03	5.5169933861e-05	3.6562328812e-05
3.8000000000e+02	1.4994545477e-02	-6.0066436025e-03	5.5266287052e-05	3.6569694865e-05
3.8100000000e+02	1.5031118832e-02	-6.0619579686e-03	5.5362406300e-05	3.6577005030e-05
3.8200000000e+02	1.5067699469e-02	-6.1173683375e-03	5.5458292687e-05	3.6584259866e-05
3.8300000000e+02	1.5104287333e-02	-6.1728744767e-03	5.5553947285e-05	3.6591459924e-05
3.8400000000e+02	1.5140882371e-02	-6.2284761551e-03	5.5649371161e-05	3.6598605749e-05
3.8500000000e+02	1.5177484527e-02	-6.2841731425e-03	5.5744565375e-05	3.6605697880e-05
3.8600000000e+02	1.5214093749e-02	-6.3399652097e-03	5.5839530980e-05	3.6612736848e-05
3.8700000000e+02	1.5250709983e-02	-6.3958521286e-03	5.5934269022e-05	3.6619723178e-05
3.8800000000e+02	1.5287333178e-02	-6.4518336722e-03	5.6028780541e-05	3.6626657390e-05
3.8900000000e+02	1.5323963281e-02	-6.5079096145e-03	5.6123066569e-05	3.6633539996e-05
3.9000000000e+02	1.5360600241e-02	-6.5640797305e-03	5.6217128131e-05	3.6640371501e-05
3.9100000000e+02	1.5397244007e-02	-6.6203437963e-03	5.6310966248e-05	3.6647152407e-05
3.9200000000e+02	1.5433894529e-02	-6.6767015889e-03	5.6404581933e-05	3.6653883206e-05
3.9300000000e+02	1.5470551757e-02	-6.7331528864e-03	5.6497976191e-05	3.6660564388e-05
3.9400000000e+02	1.5507215641e-02	-6.7896974678e-03	5.6591150023e-05	3.6667196434e-05
3.9500000000e+02	1.5543886133e-02	-6.8463351133e-03	5.6684104422e-05	3.6673779821e-05
3.9600000000e+02	1.5580563185e-02	-6.9030656038e-03	5.6776840375e-05	3.6680315020e-05
3.9700000000e+02	1.5617246747e-02	-6.9598887215e-03	5.6869358864e-05	3.6686802495e-05
3.9800000000e+02	1.5653936774e-02	-7.0168042494e-03	5.6961660863e-05	3.6693242707e-05
3.9900000000e+02	1.5690633217e-02	-7.0738119714e-03	5.7053747340e-05	3.6699636109e-05
4.0000000000e+02	1.5727336031e-02	-7.1309116725e-03	5.7145619258e-05	3.6705983149e-05
4.0100000000e+02	1.5764045168e-02	-7.1881031387e-03	5.7237277573e-05	3.6712284272e-05
4.0200000000e+02	1.5800760584e-02	-7.2453861568e-03	5.7328723236e-05	3.6718539916e-05
4.0300000000e+02	1.5837482233e-02	-7.3027605146e-03	5.7419957190e-05	3.6724750513e-05
4.0400000000e+02	1.5874210070e-02	-7.3602260009e-03	5.7510980374e-05	3.6730916492e-05
4.0500000000e+02	1.5910944051e-02	-7.4177824054e-03	5.7601793720e-05	3.6737038274e-05
4.0600000000e+02	1.5947684132e-02	-7.4754295187e-03	5.7692398155e-05	3.6743116279e-05
4.0700000000e+02	1.5984430269e-02	-7.5331671324e-03	5.7782794599e-05	3.6749150919e-05
4.0800000000e+02	1.6021182420e-02	-7.5909950389e-03	5.7872983967e-05	3.6755142602e-05
4.0900000000e+02	1.6057940540e-02	-7.6489130316e-03	5.7962967169e-05	3.6761091731e-05
4.1000000000e+02	1.6094704589e-02	-7.7069209048e-03	5.8052745107e-05	3.6766998706e-05
4.1100000000e+02	1.6131474524e-02	-7.7650184537e-03	5.8142318680e-05	3.6772863921e-05
4.1200000000e+02	1.6168250303e-02	-7.8232054744e-03	5.8231688780e-05	3.6778687765e-05
4.1300000000e+02	1.6205031886e-02	-7.8814817637e-03	5.8320856294e-05	3.6784470623e-05
4.1400000000e+02	1.6241819231e-02	-7.9398471197e-03	5.8409822103e-05	3.6790212876e-05
4.1500000000e+02	1.6278612298e-02	-7.9983013410e-03	5.8498587082e-05	3.6795914901e-05
4.1600000000e+02	1.6315411047e-02	-8.0568442272e-03	5.8587152103e-05	3.6801577068e-05
4.1700000000e+02	1.6352215439e-02	-8.1154755788e-03	5.8675518029e-05	3.6807199746e-05
4.1800000000e+02	1.6389025434e-02	-8.1741951972e-03	5.8763685720e-05	3.6812783299e-05
4.1900000000e+02	1.6425840993e-02	-8.2330028845e-03	5.8851656032e-05	3.6818328085e-05
4.2000000000e+02	1.6462662077e-02	-8.2918984438e-03	5.8939429812e-05	3.6823834460e-05
4.2100000000e+02	1.6499488649e-02	-8.3508816789e-03	5.9027007905e-05	3.6829302776e-05
4.2200000000e+02	1.6536320670e-02	-8.4099523946e-03	5.9114391149e-05	3.6834733379e-05
4.2300000000e+02	1.6573158103e-02	-8.4691103965e-03	5.9201580378e-05	3.6840126613e-05
4.2400000000e+02	1.6610000911e-02	-8.5283554910e-03	5.9288576420e-05	3.6845482818e-05
4.2500000000e+02	1.6646849057e-02	-8.5876874852e-03	5.9375380099e-05	3.6850802328e-05
4.2600000000e+02	1.6683702504e-02	-8.6471061873e-03	5.9461992232e-05	3.6856085477e-05
4.2700000000e+02	1.6720561216e-02	-8.7066114061e-03	5.9548413634e-05	3.6861332592e-05
4.2800000000e+02	1.6757425157e-02	-8.7662029513e-03	5.9634645113e-05	3.6866543997e-05
4.2900000000e+02	1.6794294292e-02	-8.8258806333e-03	5.9720687471e-05	3.6871720014e-05
4.3000000000e+02	1.6831168585e-02	-8.8856442635e-03	5.9806541509e-05	3.6876860961e-05
4.3100000000e+02	1.6868048002e-02	-8.9454936538e-03	5.9892208019e-05	3.6881967150e-05
4.3200000000e+02	1.6904932508e-02	-9.0054286172e-03	5.9977687790e-05	3.6887038892e-05
4.3300000000e+02	1.6941822069e-02	-9.0654489674e-03	6.0062981607e-05	3.6892076495e-05
4.3400000000e+02	1.6978716650e-02	-9.1255545187e-03	6.0148090250e-05	3.6897080261e-05
4.3500000000e+02	1.7015616218e-02	-9.1857450864e-03	6.0233014493e-05	3.6902050491e-05
4.3600000000e+02	1.7052520740e-02	-9.2460204865e-03	6.0317755106e-05	3.6906987481e-05
4.3700000000e+02	1.7089430182e-02	-9.3063805357e-03	6.0402312855e-05	3.6911891526e-05
4.3800000000e+02	1.7126344512e-02	-9.3668250515e-03	6.0486688501e-05	3.6916762916e-05
4.3900000000e+02	1.7163263697e-02	-9.4273538523e-03	6.0570882800e-05	3.6921601938e-05
4.4000000000e+02	1.7200187705e-02	-9.4879667569e-03	6.0654896504e-05	3.6926408876e-05
4.4100000000e+02	1.7237116504e-02	-9.5486635853e-03	6.0738730362e-05	3.6931184011e-05
4.4200000000e+02	1.7274050063e-02	-9.6094441579e-03	6.0822385114e-05	3.6935927621e-05
4.4300000000e+02	1.7310988349e-02	-9.6703082961e-03	6.0905861501e-05	3.6940639982e-05
4.4400000000e+02	1.7347931332e-02	-9.7312558217e-03	6.0989160257e-05	3.6945321365e-05
4.4500000000e+02	1.7384878981e-02	-9.7922865576e-03	6.1072282110e-05	3.6949972039e-05
4.4600000000e+02	1.7421831266e-02	-9.8534003272e-03	6.1155227788e-05	3.6954592270e-05
4.4700000000e+02	1.7458788156e-02	-9.9145969547e-03	6.1237998010e-05	3.6959182323e-05
4.4800000000e+02	1.7495749621e-02	-9.9758762650e-03	6.1320593495e-05	3.6963742457e-05
4.4900000000e+02	1.7532715631e-02	-1.0037238084e-02	6.1403014955e-05	3.6968272929e-05
4.5000000000e+02	1.7569686157e-02	-1.0098682237e-02	6.1485263098e-05	3.6972773996e-05
4.5100000000e+02	1.7606661169e-02	-1.0160208552e-02	6.1567338629e-05	3.6977245909e-05
4.5200000000e+02	1.7643640639e-02	-1.0221816857e-02	6.1649242248e-05	3.6981688918e-05
4.5300000000e+02	1.7680624538e-02	-1.0283506980e-02	6.1730974652e-05	3.6986103270e-05
4.5400000000e+02	1.7717612836e-02	-1.0345278750e-02	6.1812536532e-05	3.6990489208e-05
4.5500000000e+02	1.7754605507e-02	-1.0407131996e-02	6.1893928578e-05	3.6994846976e-05
4.5600000000e+02	1.7791602521e-02	-1.0469066550e-02	6.1975151472e-05	3.6999176811e-05
4.5700000000e+02	1.7828603851e-02	-1.0531082243e-02	6.2056205895e-05	3.7003478951e-05
4.5800000000e+02	1.7865609469e-02	-1.0593178906e-02	6.2137092523e-05	3.7007753631e-05
4.5900000000e+02	1.7902619349e-02	-1.0655356372e-02	6.2217812029e-05	3.7012001080e-05
4.6000000000e+02	1.7939633463e-02	-1.0717614475e-02	6.2298365081e-05	3.7016221530e-05
4.6100000000e+02	1.7976651783e-02	-1.0779953047e-02	6.2378752344e-05	3.7020415206e-05
4.6200000000e+02	1.8013674284e-02	-1.0842371924e-02	6.2458974478e-05	3.7024582334e-05
4.6300000000e+02	1.8050700939e-02	-1.0904870941e-02	6.2539032139e-05	3.7028723135e-05
4.6400000000e+02	1.8087731722e-02	-1.0967449934e-02	6.2618925982e-05	3.7032837830e-05
4.6500000000e+02	1.8124766606e-02	-1.1030108739e-02	6.2698656656e-05	3.7036926636e-05
4.6600000000e+02	1.8161805567e-02	-1.1092847193e-02	6.2778224806e-05	3.7040989768e-05
4.6700000000e+02	1.8198848577e-02	-1.1155665135e-02	6.2857631075e-05	3.7045027441e-05
4.6800000000e+02	1.8235895613e-02	-1.1218562402e-02	6.2936876100e-05	3.7049039864e-05
4.6900000000e+02	1.8272946649e-02	-1.1281538833e-02	6.3015960516e-05	3.7053027246e-05
4.7000000000e+02	1.8310001659e-02	-1.1344594269e-02	6.3094884954e-05	3.7056989794e-05
4.7100000000e+02	1.8347060620e-02	-1.1407728550e-02	6.3173650043e-05	3.7060927714e-05
4.7200000000e+02	1.8384123506e-02	-1.1470941517e-02	6.3252256405e-05	3.7064841206e-05
4.7300000000e+02	1.8421190294e-02	-1.1534233010e-02	6.3330704661e-05	3.7068730472e-05
4.7400000000e+02	1.8458260959e-02	-1.1597602873e-02	6.3408995428e-05	3.7072595710e-05
4.7500000000e+02	1.8495335478e-02	-1.1661050949e-02	6.3487129319e-05	3.7076437116e-05
4.7600000000e+02	1.8532413826e-02	-1.1724577080e-02	6.3565106945e-05	3.7080254884e-05
4.7700000000e+02	1.8569495980e-02	-1.1788181111e-02	6.3642928911e-05	3.7084049208e-05
4.7800000000e+02	1.8606581916e-02	-1.1851862886e-02	6.3720595821e-05	3.7087820277e-05
4.7900000000e+02	1.8643671613e-02	-1.1915622251e-02	6.3798108275e-05	3.7091568280e-05
4.8000000000e+02	1.8680765045e-02	-1.1979459051e-02	6.3875466868e-05	3.7095293404e-05
4.8100000000e+02	1.8717862192e-02	-1.2043373134e-02	6.3952672194e-05	3.7098995833e-05
4.8200000000e+02	1.8754963030e-02	-1.2107364345e-02	6.4029724843e-05	3.7102675751e-05
4.8300000000e+02	1.8792067536e-02	-1.2171432533e-02	6.4106625401e-05	3.7106333338e-05
4.8400000000e+02	1.8829175689e-02	-1.2235577545e-02	6.4183374450e-05	3.7109968773e-05
4.8500000000e+02	1.8866287466e-02	-1.2299799231e-02	6.4259972572e-05	3.7113582235e-05
4.8600000000e+02	1.8903402846e-02	-1.2364097440e-02	6.4336420342e-05	3.7117173899e-05
4.8700000000e+02	1.8940521807e-02	-1.2428472022e-02	6.4412718334e-05	3.7120743938e-05
4.8800000000e+02	1.8977644327e-02	-1.2492922827e-02	6.4488867118e-05	3.7124292526e-05
4.8900000000e+02	1.9014770385e-02	-1.2557449707e-02	6.4564867262e-05	3.7127819832e-05
4.9000000000e+02	1.9051899959e-02	-1.2622052512e-02	6.4640719330e-05	3.7131326027e-05
4.9100000000e+02	1.9089033030e-02	-1.2686731096e-02	6.4716423882e-05	3.7134811275e-05
4.9200000000e+02	1.9126169575e-02	-1.2751485311e-02	6.4791981476e-05	3.7138275745e-05
4.9300000000e+02	1.9163309574e-02	-1.2816315010e-02	6.4867392667e-05	3.7141719598e-05
4.9400000000e+02	1.9200453007e-02	-1.2881220048e-02	6.4942658006e-05	3.7145142999e-05
4.9500000000e+02	1.9237599854e-02	-1.2946200278e-02	6.5017778043e-05	3.7148546107e-05
4.9600000000e+02	1.9274750093e-02	-1.3011255556e-02	6.5092753323e-05	3.7151929081e-05
4.9700000000e+02	1.9311903705e-02	-1.3076385736e-02	6.5167584389e-05	3.7155292080e-05
4.9800000000e+02	1.9349060670e-02	-1.3141590676e-02	6.5242271781e-05	3.7158635259e-05
4.9900000000e+02	1.9386220969e-02	-1.3206870232e-02	6.5316816035e-05	3.7161958773e-05
5.0000000000e+02	1.9423384581e-02	-1.3272224261e-02	6.5391217685e-05	3.7165262776e-05
5.0100000000e+02	1.9460551488e-02	-1.3337652620e-02	6.5465477262e-05	3.7168547418e-05
5.0200000000e+02	1.9497721670e-02	-1.3403155168e-02	6.5539595295e-05	3.7171812850e-05
5.0300000000e+02	1.9534895108e-02	-1.3468731764e-02	6.5613572309e-05	3.7175059221e-05
5.0400000000e+02	1.9572071782e-02	-1.3534382266e-02	6.5687408826e-05	3.7178286677e-05
5.0500000000e+02	1.9609251675e-02	-1.3600106535e-02	6.5761105365e-05	3.7181495366e-05
5.0600000000e+02	1.9646434767e-02	-1.3665904430e-02	6.5834662444e-05	3.7184685430e-05
5.0700000000e+02	1.9683621039e-02	-1.3731775813e-02	6.5908080577e-05	3.7187857015e-05
5.0800000000e+02	1.9720810474e-02	-1.3797720545e-02	6.5981360275e-05	3.7191010260e-05
5.0900000000e+02	1.9758003054e-02	-1.3863738488e-02	6.6054502047e-05	3.7194145306e-05
5.1000000000e+02	1.9795198759e-02	-1.3929829504e-02	6.6127506397e-05	3.7197262294e-05
5.1100000000e+02	1.9832397572e-02	-1.3995993455e-02	6.6200373831e-05	3.7200361359e-05
5.1200000000e+02	1.9869599476e-02	-1.4062230206e-02	6.6273104847e-05	3.7203442640e-05
5.1300000000e+02	1.9906804452e-02	-1.4128539620e-02	6.6345699944e-05	3.7206506270e-05
5.1400000000e+02	1.9944012483e-02	-1.4194921561e-02	6.6418159617e-05	3.7209552384e-05
5.1500000000e+02	1.9981223551e-02	-1.4261375894e-02	6.6490484358e-05	3.7212581114e-05
5.1600000000e+02	2.0018437639e-02	-1.4327902484e-02	6.6562674658e-05	3.7215592592e-05
5.1700000000e+02	2.0055654730e-02	-1.4394501198e-02	6.6634731003e-05	3.7218586947e-05
5.1800000000e+02	2.0092874807e-02	-1.4461171902e-02	6.6706653879e-05	3.7221564310e-05
5.1900000000e+02	2.0130097853e-02	-1.4527914462e-02	6.6778443767e-05	3.7224524807e-05
5.2000000000e+02	2.0167323851e-02	-1.4594728745e-02	6.6850101147e-05	3.7227468565e-05
5.2100000000e+02	2.0204552785e-02	-1.4661614620e-02	6.6921626497e-05	3.7230395709e-05
5.2200000000e+02	2.0241784637e-02	-1.4728571954e-02	6.6993020291e-05	3.7233306364e-05
5.2300000000e+02	2.0279019392e-02	-1.4795600617e-02	6.7064283000e-05	3.7236200652e-05
5.2400000000e+02	2.0316257033e-02	-1.4862700477e-02	6.7135415096e-05	3.7239078695e-05
5.2500000000e+02	2.0353497544e-02	-1.4929871404e-02	6.7206417044e-05	3.7241940615e-05
5.2600000000e+02	2.0390740909e-02	-1.4997113268e-02	6.7277289310e-05	3.7244786531e-05
5.2700000000e+02	2.0427987112e-02	-1.5064425939e-02	6.7348032355e-05	3.7247616560e-05
5.2800000000e+02	2.0465236137e-02	-1.5131809290e-02	6.7418646641e-05	3.7250430822e-05
5.2900000000e+02	2.0502487968e-02	-1.5199263190e-02	6.7489132624e-05	3.7253229432e-05
5.3000000000e+02	2.0539742591e-02	-1.5266787512e-02	6.7559490760e-05	3.7256012505e-05
5.3100000000e+02	2.0576999988e-02	-1.5334382129e-02	6.7629721501e-05	3.7258780155e-05
5.3200000000e+02	2.0614260146e-02	-1.5402046913e-02	6.7699825298e-05	3.7261532497e-05
5.3300000000e+02	2.0651523048e-02	-1.5469781737e-02	6.7769802599e-05	3.7264269641e-05
5.3400000000e+02	2.0688788680e-02	-1.5537586476e-02	6.7839653850e-05	3.7266991700e-05
5.3500000000e+02	2.0726057027e-02	-1.5605461003e-02	6.7909379495e-05	3.7269698783e-05
5.3600000000e+02	2.0763328073e-02	-1.5673405193e-02	6.7978979974e-05	3.7272391000e-05
5.3700000000e+02	2.0800601804e-02	-1.5741418922e-02	6.8048455727e-05	3.7275068458e-05
5.3800000000e+02	2.0837878205e-02	-1.5809502063e-02	6.8117807190e-05	3.7277731266e-05
5.3900000000e+02	2.0875157261e-02	-1.5877654495e-02	6.8187034798e-05	3.7280379528e-05
5.4000000000e+02	2.0912438959e-02	-1.5945876092e-02	6.8256138983e-05	3.7283013350e-05
5.4100000000e+02	2.0949723283e-02	-1.6014166732e-02	6.8325120175e-05	3.7285632837e-05
5.4200000000e+02	2.0987010220e-02	-1.6082526291e-02	6.8393978803e-05	3.7288238092e-05
5.4300000000e+02	2.1024299755e-02	-1.6150954649e-02	6.8462715291e-05	3.7290829218e-05
5.4400000000e+02	2.1061591874e-02	-1.6219451681e-02	6.8531330064e-05	3.7293406315e-05
5.4500000000e+02	2.1098886563e-02	-1.6288017268e-02	6.8599823543e-05	3.7295969485e-05
5.4600000000e+02	2.1136183808e-02	-1.6356651288e-02	6.8668196147e-05	3.7298518827e-05
5.4700000000e+02	2.1173483596e-02	-1.6425353620e-02	6.8736448293e-05	3.7301054441e-05
5.4800000000e+02	2.1210785912e-02	-1.6494124145e-02	6.8804580396e-05	3.7303576423e-05
5.4900000000e+02	2.1248090744e-02	-1.6562962741e-02	6.8872592869e-05	3.7306084872e-05
5.5000000000e+02	2.1285398078e-02	-1.6631869291e-02	6.8940486124e-05	3.7308579883e-05
5.5100000000e+02	2.1322707899e-02	-1.6700843674e-02	6.9008260569e-05	3.7311061552e-05
5.5200000000e+02	2.1360020196e-02	-1.6769885772e-02	6.9075916610e-05	3.7313529974e-05
5.5300000000e+02	2.1397334955e-02	-1.6838995468e-02	6.9143454652e-05	3.7315985241e-05
5.5400000000e+02	2.1434652162e-02	-1.6908172642e-02	6.9210875099e-05	3.7318427448e-05
5.5500000000e+02	2.1471971806e-02	-1.6977417179e-02	6.9278178350e-05	3.7320856686e-05
5.5600000000e+02	2.1509293871e-02	-1.7046728960e-02	6.9345364805e-05	3.7323273046e-05
5.5700000000e+02	2.1546618347e-02	-1.7116107870e-02	6.9412434860e-05	3.7325676618e-05
5.5800000000e+02	2.1583945220e-02	-1.7185553791e-02	6.9479388910e-05	3.7328067494e-05
5.5900000000e+02	2.1621274478e-02	-1.7255066609e-02	6.9546227347e-05	3.7330445760e-05
5.6000000000e+02	2.1658606108e-02	-1.7324646208e-02	6.9612950563e-05	3.7332811507e-05
5.6100000000e+02	2.1695940097e-02	-1.7394292472e-02	6.9679558946e-05	3.7335164820e-05
5.6200000000e+02	2.1733276433e-02	-1.7464005287e-02	6.9746052884e-05	3.7337505786e-05
5.6300000000e+02	2.1770615104e-02	-1.7533784540e-02	6.9812432760e-05	3.7339834492e-05
5.6400000000e+02	2.1807956098e-02	-1.7603630115e-02	6.9878698960e-05	3.7342151023e-05
5.6500000000e+02	2.1845299403e-02	-1.7673541900e-02	6.9944851862e-05	3.7344455462e-05
5.6600000000e+02	2.1882645005e-02	-1.7743519781e-02	7.0010891848e-05	3.7346747893e-05
5.6700000000e+02	2.1919992894e-02	-1.7813563646e-02	7.0076819295e-05	3.7349028401e-05
5.6800000000e+02	2.1957343058e-02	-1.7883673382e-02	7.0142634578e-05	3.7351297065e-05
5.6900000000e+02	2.1994695485e-02	-1.7953848878e-02	7.0208338071e-05	3.7353553969e-05
5.7000000000e+02	2.2032050162e-02	-1.8024090021e-02	7.0273930146e-05	3.7355799193e-05
5.7100000000e+02	2.2069407079e-02	-1.8094396701e-02	7.0339411174e-05	3.7358032817e-05
5.7200000000e+02	2.2106766224e-02	-1.8164768807e-02	7.0404781522e-05	3.7360254921e-05
5.7300000000e+02	2.2144127585e-02	-1.8235206227e-02	7.0470041558e-05	3.7362465583e-05
5.7400000000e+02	2.2181491151e-02	-1.8305708853e-02	7.0535191645e-05	3.7364664881e-05
5.7500000000e+02	2.2218856911e-02	-1.8376276574e-02	7.0600232148e-05	3.7366852893e-05
5.7600000000e+02	2.2256224853e-02	-1.8446909281e-02	7.0665163428e-05	3.7369029696e-05
5.7700000000e+02	2.2293594967e-02	-1.8517606865e-02	7.0729985843e-05	3.7371195366e-05
5.7800000000e+02	2.2330967240e-02	-1.8588369217e-02	7.0794699752e-05	3.7373349978e-05
5.7900000000e+02	2.2368341663e-02	-1.8659196228e-02	7.0859305512e-05	3.7375493607e-05
5.8000000000e+02	2.2405718224e-02	-1.8730087792e-02	7.0923803475e-05	3.7377626327e-05
5.8100000000e+02	2.2443096912e-02	-1.8801043799e-02	7.0988193996e-05	3.7379748212e-05
5.8200000000e+02	2.2480477717e-02	-1.8872064144e-02	7.1052477424e-05	3.7381859336e-05
5.8300000000e+02	2.2517860627e-02	-1.8943148719e-02	7.1116654109e-05	3.7383959769e-05
5.8400000000e+02	2.2555245633e-02	-1.9014297417e-02	7.1180724400e-05	3.7386049585e-05
5.8500000000e+02	2.2592632723e-02	-1.9085510132e-02	7.1244688641e-05	3.7388128854e-05
5.8600000000e+02	2.2630021887e-02	-1.9156786759e-02	7.1308547177e-05	3.7390197647e-05
5.8700000000e+02	2.2667413115e-02	-1.9228127191e-02	7.1372300351e-05	3.7392256033e-05
5.8800000000e+02	2.2704806396e-02	-1.9299531324e-02	7.1435948503e-05	3.7394304083e-05
5.8900000000e+02	2.2742201719e-02	-1.9370999053e-02	7.1499491974e-05	3.7396341865e-05
5.9000000000e+02	2.2779599076e-02	-1.9442530274e-02	7.1562931101e-05	3.7398369447e-05
5.9100000000e+02	2.2816998455e-02	-1.9514124881e-02	7.1626266220e-05	3.7400386897e-05
5.9200000000e+02	2.2854399846e-02	-1.9585782772e-02	7.1689497665e-05	3.7402394283e-05
5.9300000000e+02	2.2891803240e-02	-1.9657503842e-02	7.1752625771e-05	3.7404391670e-05
5.9400000000e+02	2.2929208626e-02	-1.9729287989e-02	7.1815650867e-05	3.7406379125e-05
5.9500000000e+02	2.2966615995e-02	-1.9801135109e-02	7.1878573285e-05	3.7408356713e-05
5.9600000000e+02	2.3004025337e-02	-1.9873045101e-02	7.1941393352e-05	3.7410324499e-05
5.9700000000e+02	2.3041436641e-02	-1.9945017862e-02	7.2004111395e-05	3.7412282548e-05
5.9800000000e+02	2.3078849898e-02	-2.0017053290e-02	7.2066727740e-05	3.7414230924e-05
5.9900000000e+02	2.3116265100e-02	-2.0089151284e-02	7.2129242710e-05	3.7416169689e-05
6.0000000000e+02	2.3153682235e-02	-2.0161311742e-02	7.2191656627e-05	3.7418098908e-05
6.0100000000e+02	2.3191101294e-02	-2.0233534563e-02	7.2253969813e-05	3.7420018641e-05
6.0200000000e+02	2.3228522269e-02	-2.0305819648e-02	7.2316182586e-05	3.7421928952e-05
6.0300000000e+02	2.3265945149e-02	-2.0378166895e-02	7.2378295264e-05	3.7423829901e-05
6.0400000000e+02	2.3303369925e-02	-2.0450576205e-02	7.2440308163e-05	3.7425721549e-05
6.0500000000e+02	2.3340796589e-02	-2.0523047478e-02	7.2502221599e-05	3.7427603957e-05
6.0600000000e+02	2.3378225130e-02	-2.0595580615e-02	7.2564035884e-05	3.7429477184e-05
6.0700000000e+02	2.3415655540e-02	-2.0668175517e-02	7.2625751330e-05	3.7431341290e-05
6.0800000000e+02	2.3453087810e-02	-2.0740832085e-02	7.2687368248e-05	3.7433196334e-05
6.0900000000e+02	2.3490521930e-02	-2.0813550221e-02	7.2748886947e-05	3.7435042374e-05
6.1000000000e+02	2.3527957892e-02	-2.0886329826e-02	7.2810307735e-05	3.7436879468e-05
6.1100000000e+02	2.3565395686e-02	-2.0959170804e-02	7.2871630916e-05	3.7438707673e-05
6.1200000000e+02	2.3602835304e-02	-2.1032073056e-02	7.2932856797e-05	3.7440527048e-05
6.1300000000e+02	2.3640276737e-02	-2.1105036485e-02	7.2993985681e-05	3.7442337647e-05
6.1400000000e+02	2.3677719976e-02	-2.1178060995e-02	7.3055017869e-05	3.7444139528e-05
6.1500000000e+02	2.3715165013e-02	-2.1251146489e-02	7.3115953662e-05	3.7445932747e-05
6.1600000000e+02	2.3752611839e-02	-2.1324292870e-02	7.3176793359e-05	3.7447717357e-05
6.1700000000e+02	2.3790060445e-02	-2.1397500044e-02	7.3237537259e-05	3.7449493415e-05
6.1800000000e+02	2.3827510823e-02	-2.1470767913e-02	7.3298185657e-05	3.7451260974e-05
6.1900000000e+02	2.3864962964e-02	-2.1544096383e-02	7.3358738849e-05	3.7453020089e-05
6.2000000000e+02	2.3902416860e-02	-2.1617485359e-02	7.3419197128e-05	3.7454770813e-05
6.2100000000e+02	2.3939872503e-02	-2.1690934746e-02	7.3479560787e-05	3.7456513198e-05
6.2200000000e+02	2.3977329884e-02	-2.1764444449e-02	7.3539830118e-05	3.7458247299e-05
6.2300000000e+02	2.4014788995e-02	-2.1838014375e-02	7.3600005409e-05	3.7459973167e-05
6.2400000000e+02	2.4052249828e-02	-2.1911644429e-02	7.3660086949e-05	3.7461690854e-05
6.2500000000e+02	2.4089712374e-02	-2.1985334517e-02	7.3720075026e-05	3.7463400411e-05
6.2600000000e+02	2.4127176626e-02	-2.2059084548e-02	7.3779969926e-05	3.7465101889e-05
6.2700000000e+02	2.4164642575e-02	-2.2132894426e-02	7.3839771932e-05	3.7466795339e-05
6.2800000000e+02	2.4202110214e-02	-2.2206764061e-02	7.3899481329e-05	3.7468480812e-05
6.2900000000e+02	2.4239579534e-02	-2.2280693358e-02	7.3959098398e-05	3.7470158357e-05
6.3000000000e+02	2.4277050528e-02	-2.2354682227e-02	7.4018623420e-05	3.7471828024e-05
6.3100000000e+02	2.4314523188e-02	-2.2428730574e-02	7.4078056675e-05	3.7473489861e-05
6.3200000000e+02	2.4351997505e-02	-2.2502838310e-02	7.4137398441e-05	3.7475143918e-05
6.3300000000e+02	2.4389473473e-02	-2.2577005341e-02	7.4196648995e-05	3.7476790243e-05
6.3400000000e+02	2.4426951083e-02	-2.2651231577e-02	7.4255808612e-05	3.7478428884e-05
6.3500000000e+02	2.4464430328e-02	-2.2725516928e-02	7.4314877568e-05	3.7480059887e-05
6.3600000000e+02	2.4501911200e-02	-2.2799861302e-02	7.4373856136e-05	3.7481683302e-05
6.3700000000e+02	2.4539393692e-02	-2.2874264610e-02	7.4432744588e-05	3.7483299174e-05
6.3800000000e+02	2.4576877796e-02	-2.2948726762e-02	7.4491543194e-05	3.7484907550e-05
6.3900000000e+02	2.4614363505e-02	-2.3023247667e-02	7.4550252224e-05	3.7486508475e-05
6.4000000000e+02	2.4651850811e-02	-2.3097827236e-02	7.4608871948e-05	3.7488101997e-05
6.4100000000e+02	2.4689339706e-02	-2.3172465381e-02	7.4667402632e-05	3.7489688160e-05
6.4200000000e+02	2.4726830184e-02	-2.3247162012e-02	7.4725844543e-05	3.7491267010e-05
6.4300000000e+02	2.4764322238e-02	-2.3321917041e-02	7.4784197945e-05	3.7492838590e-05
6.4400000000e+02	2.4801815859e-02	-2.3396730378e-02	7.4842463102e-05	3.7494402947e-05
6.4500000000e+02	2.4839311041e-02	-2.3471601937e-02	7.4900640277e-05	3.7495960123e-05
6.4600000000e+02	2.4876807777e-02	-2.3546531630e-02	7.4958729732e-05	3.7497510162e-05
6.4700000000e+02	2.4914306059e-02	-2.3621519368e-02	7.5016731726e-05	3.7499053108e-05
6.4800000000e+02	2.4951805881e-02	-2.3696565064e-02	7.5074646520e-05	3.7500589004e-05
6.4900000000e+02	2.4989307235e-02	-2.3771668632e-02	7.5132474371e-05	3.7502117892e-05
6.5000000000e+02	2.5026810114e-02	-2.3846829984e-02	7.5190215536e-05	3.7503639816e-05
6.5100000000e+02	2.5064314512e-02	-2.3922049034e-02	7.5247870271e-05	3.7505154817e-05
6.5200000000e+02	2.5101820422e-02	-2.3997325696e-02	7.5305438831e-05	3.7506662936e-05
6.5300000000e+02	2.5139327836e-02	-2.4072659883e-02	7.5362921469e-05	3.7508164217e-05
6.5400000000e+02	2.5176836748e-02	-2.4148051510e-02	7.5420318437e-05	3.7509658698e-05
6.5500000000e+02	2.5214347151e-02	-2.4223500491e-02	7.5477629989e-05	3.7511146422e-05
6.5600000000e+02	2.5251859039e-02	-2.4299006742e-02	7.5534856372e-05	3.7512627430e-05
6.5700000000e+02	2.5289372404e-02	-2.4374570176e-02	7.5591997838e-05	3.7514101760e-05
6.5800000000e+02	2.5326887240e-02	-2.4450190709e-02	7.5649054634e-05	3.7515569454e-05
6.5900000000e+02	2.5364403540e-02	-2.4525868257e-02	7.5706027007e-05	3.7517030550e-05
6.6000000000e+02	2.5401921299e-02	-2.4601602735e-02	7.5762915203e-05	3.7518485089e-05
6.6100000000e+02	2.5439440508e-02	-2.4677394059e-02	7.5819719467e-05	3.7519933109e-05
6.6200000000e+02	2.5476961163e-02	-2.4753242146e-02	7.5876440044e-05	3.7521374649e-05
6.6300000000e+02	2.5514483256e-02	-2.4829146912e-02	7.5933077175e-05	3.7522809748e-05
6.6400000000e+02	2.5552006780e-02	-2.4905108273e-02	7.5989631104e-05	3.7524238444e-05
6.6500000000e+02	2.5589531730e-02	-2.4981126146e-02	7.6046102070e-05	3.7525660774e-05
6.6600000000e+02	2.5627058100e-02	-2.5057200449e-02	7.6102490314e-05	3.7527076776e-05
6.6700000000e+02	2.5664585882e-02	-2.5133331099e-02	7.6158796074e-05	3.7528486489e-05
6.6800000000e+02	2.5702115070e-02	-2.5209518014e-02	7.6215019588e-05	3.7529889948e-05
6.6900000000e+02	2.5739645660e-02	-2.5285761111e-02	7.6271161092e-05	3.7531287190e-05
6.7000000000e+02	2.5777177643e-02	-2.5362060309e-02	7.6327220824e-05	3.7532678253e-05
6.7100000000e+02	2.5814711014e-02	-2.5438415526e-02	7.6383199016e-05	3.7534063173e-05
6.7200000000e+02	2.5852245767e-02	-2.5514826680e-02	7.6439095903e-05	3.7535441984e-05
6.7300000000e+02	2.5889781896e-02	-2.5591293691e-02	7.6494911718e-05	3.7536814724e-05
6.7400000000e+02	2.5927319395e-02	-2.5667816476e-02	7.6550646693e-05	3.7538181428e-05
6.7500000000e+02	2.5964858257e-02	-2.5744394957e-02	7.6606301058e-05	3.7539542131e-05
6.7600000000e+02	2.6002398477e-02	-2.5821029052e-02	7.6661875042e-05	3.7540896867e-05
6.7700000000e+02	2.6039940049e-02	-2.5897718680e-02	7.6717368876e-05	3.7542245673e-05
6.7800000000e+02	2.6077482966e-02	-2.5974463763e-02	7.6772782786e-05	3.7543588581e-05
6.7900000000e+02	2.6115027224e-02	-2.6051264219e-02	7.6828117000e-05	3.7544925627e-05
6.8000000000e+02	2.6152572816e-02	-2.6128119970e-02	7.6883371744e-05	3.7546256844e-05
6.8100000000e+02	2.6190119736e-02	-2.6205030936e-02	7.6938547242e-05	3.7547582266e-05
6.8200000000e+02	2.6227667978e-02	-2.6281997039e-02	7.6993643719e-05	3.7548901927e-05
6.8300000000e+02	2.6265217537e-02	-2.6359018198e-02	7.7048661398e-05	3.7550215860e-05
6.8400000000e+02	2.6302768408e-02	-2.6436094335e-02	7.7103600502e-05	3.7551524097e-05
6.8500000000e+02	2.6340320584e-02	-2.6513225373e-02	7.7158461250e-05	3.7552826672e-05
6.8600000000e+02	2.6377874059e-02	-2.6590411232e-02	7.7213243864e-05	3.7554123617e-05
6.8700000000e+02	2.6415428829e-02	-2.6667651834e-02	7.7267948564e-05	3.7555414965e-05
6.8800000000e+02	2.6452984887e-02	-2.6744947103e-02	7.7322575567e-05	3.7556700747e-05
6.8900000000e+02	2.6490542229e-02	-2.6822296960e-02	7.7377125092e-05	3.7557980996e-05
6.9000000000e+02	2.6528100848e-02	-2.6899701327e-02	7.7431597355e-05	3.7559255742e-05
6.9100000000e+02	2.6565660738e-02	-2.6977160129e-02	7.7485992572e-05	3.7560525018e-05
6.9200000000e+02	2.6603221896e-02	-2.7054673287e-02	7.7540310958e-05	3.7561788855e-05
6.9300000000e+02	2.6640784314e-02	-2.7132240725e-02	7.7594552726e-05	3.7563047283e-05
6.9400000000e+02	2.6678347989e-02	-2.7209862367e-02	7.7648718091e-05	3.7564300333e-05
6.9500000000e+02	2.6715912913e-02	-2.7287538136e-02	7.7702807265e-05	3.7565548036e-05
6.9600000000e+02	2.6753479083e-02	-2.7365267956e-02	7.7756820458e-05	3.7566790422e-05
6.9700000000e+02	2.6791046492e-02	-2.7443051751e-02	7.7810757882e-05	3.7568027522e-05
6.9800000000e+02	2.6828615136e-02	-2.7520889447e-02	7.7864619746e-05	3.7569259364e-05
6.9900000000e+02	2.6866185009e-02	-2.7598780966e-02	7.7918406259e-05	3.7570485979e-05
7.0000000000e+02	2.6903756106e-02	-2.7676726234e-02	7.7972117629e-05	3.7571707396e-05
7.0100000000e+02	2.6941328422e-02	-2.7754725176e-02	7.8025754063e-05	3.7572923644e-05
7.0200000000e+02	2.6978901952e-02	-2.7832777717e-02	7.8079315768e-05	3.7574134753e-05
7.0300000000e+02	2.7016476690e-02	-2.7910883783e-02	7.8132802949e-05	3.7575340752e-05
7.0400000000e+02	2.7054052632e-02	-2.7989043298e-02	7.8186215810e-05	3.7576541668e-05
7.0500000000e+02	2.7091629772e-02	-2.8067256190e-02	7.8239554555e-05	3.7577737530e-05
7.0600000000e+02	2.7129208105e-02	-2.8145522383e-02	7.8292819388e-05	3.7578928367e-05
7.0700000000e+02	2.7166787627e-02	-2.8223841804e-02	7.8346010510e-05	3.7580114207e-05
7.0800000000e+02	2.7204368332e-02	-2.8302214379e-02	7.8399128123e-05	3.7581295077e-05
7.0900000000e+02	2.7241950215e-02	-2.8380640036e-02	7.8452172428e-05	3.7582471005e-05
7.1000000000e+02	2.7279533272e-02	-2.8459118700e-02	7.8505143623e-05	3.7583642019e-05
7.1100000000e+02	2.7317117498e-02	-2.8537650299e-02	7.8558041908e-05	3.7584808146e-05
7.1200000000e+02	2.7354702887e-02	-2.8616234759e-02	7.8610867481e-05	3.7585969413e-05
7.1300000000e+02	2.7392289435e-02	-2.8694872009e-02	7.8663620539e-05	3.7587125846e-05
7.1400000000e+02	2.7429877137e-02	-2.8773561976e-02	7.8716301279e-05	3.7588277473e-05
7.1500000000e+02	2.7467465988e-02	-2.8852304588e-02	7.8768909897e-05	3.7589424321e-05
7.1600000000e+02	2.7505055984e-02	-2.8931099772e-02	7.8821446587e-05	3.7590566415e-05
7.1700000000e+02	2.7542647120e-02	-2.9009947457e-02	7.8873911544e-05	3.7591703781e-05
7.1800000000e+02	2.7580239390e-02	-2.9088847571e-02	7.8926304960e-05	3.7592836446e-05
7.1900000000e+02	2.7617832791e-02	-2.9167800043e-02	7.8978627030e-05	3.7593964435e-05
7.2000000000e+02	2.7655427317e-02	-2.9246804802e-02	7.9030877943e-05	3.7595087775e-05
7.2100000000e+02	2.7693022965e-02	-2.9325861776e-02	7.9083057893e-05	3.7596206490e-05
7.2200000000e+02	2.7730619729e-02	-2.9404970894e-02	7.9135167068e-05	3.7597320606e-05
7.2300000000e+02	2.7768217605e-02	-2.9484132086e-02	7.9187205658e-05	3.7598430147e-05
7.2400000000e+02	2.7805816588e-02	-2.9563345282e-02	7.9239173853e-05	3.7599535140e-05
7.2500000000e+02	2.7843416673e-02	-2.9642610411e-02	7.9291071840e-05	3.7600635608e-05
7.2600000000e+02	2.7881017857e-02	-2.9721927402e-02	7.9342899807e-05	3.7601731577e-05
7.2700000000e+02	2.7918620135e-02	-2.9801296187e-02	7.9394657939e-05	3.7602823070e-05
7.2800000000e+02	2.7956223502e-02	-2.9880716695e-02	7.9446346424e-05	3.7603910112e-05
7.2900000000e+02	2.7993827954e-02	-2.9960188857e-02	7.9497965446e-05	3.7604992727e-05
7.3000000000e+02	2.8031433486e-02	-3.0039712603e-02	7.9549515190e-05	3.7606070939e-05
7.3100000000e+02	2.8069040094e-02	-3.0119287864e-02	7.9600995839e-05	3.7607144772e-05
7.3200000000e+02	2.8106647774e-02	-3.0198914571e-02	7.9652407576e-05	3.7608214249e-05
7.3300000000e+02	2.8144256521e-02	-3.0278592656e-02	7.9703750583e-05	3.7609279394e-05
7.3400000000e+02	2.8181866332e-02	-3.0358322050e-02	7.9755025042e-05	3.7610340231e-05
7.3500000000e+02	2.8219477200e-02	-3.0438102683e-02	7.9806231134e-05	3.7611396781e-05
7.3600000000e+02	2.8257089124e-02	-3.0517934489e-02	7.9857369039e-05	3.7612449069e-05
7.3700000000e+02	2.8294702097e-02	-3.0597817399e-02	7.9908438936e-05	3.7613497118e-05
7.3800000000e+02	2.8332316116e-02	-3.0677751344e-02	7.9959441004e-05	3.7614540949e-05
7.3900000000e+02	2.8369931178e-02	-3.0757736258e-02	8.0010375421e-05	3.7615580585e-05
7.4000000000e+02	2.8407547276e-02	-3.0837772073e-02	8.0061242364e-05	3.7616616049e-05
7.4100000000e+02	2.8445164408e-02	-3.0917858721e-02	8.0112042009e-05	3.7617647364e-05
7.4200000000e+02	2.8482782570e-02	-3.0997996134e-02	8.0162774534e-05	3.7618674550e-05
7.4300000000e+02	2.8520401756e-02	-3.1078184247e-02	8.0213440112e-05	3.7619697631e-05
7.4400000000e+02	2.8558021964e-02	-3.1158422992e-02	8.0264038919e-05	3.7620716627e-05
7.4500000000e+02	2.8595643188e-02	-3.1238712303e-02	8.0314571129e-05	3.7621731561e-05
7.4600000000e+02	2.8633265425e-02	-3.1319052113e-02	8.0365036914e-05	3.7622742454e-05
7.4700000000e+02	2.8670888672e-02	-3.1399442355e-02	8.0415436447e-05	3.7623749328e-05
7.4800000000e+02	2.8708512923e-02	-3.1479882963e-02	8.0465769901e-05	3.7624752203e-05
7.4900000000e+02	2.8746138175e-02	-3.1560373873e-02	8.0516037446e-05	3.7625751101e-05
7.5000000000e+02	2.8783764423e-02	-3.1640915016e-02	8.0566239253e-05	3.7626746042e-05
7.5100000000e+02	2.8821391665e-02	-3.1721506329e-02	8.0616375492e-05	3.7627737049e-05
7.5200000000e+02	2.8859019896e-02	-3.1802147746e-02	8.0666446332e-05	3.7628724140e-05
7.5300000000e+02	2.8896649112e-02	-3.1882839200e-02	8.0716451942e-05	3.7629707337e-05
7.5400000000e+02	2.8934279310e-02	-3.1963580628e-02	8.0766392490e-05	3.7630686660e-05
7.5500000000e+02	2.8971910484e-02	-3.2044371963e-02	8.0816268143e-05	3.7631662130e-05
7.5600000000e+02	2.9009542633e-02	-3.2125213142e-02	8.0866079068e-05	3.7632633766e-05
7.5700000000e+02	2.9047175751e-02	-3.2206104100e-02	8.0915825430e-05	3.7633601589e-05
7.5800000000e+02	2.9084809835e-02	-3.2287044772e-02	8.0965507396e-05	3.7634565619e-05
7.5900000000e+02	2.9122444881e-02	-3.2368035093e-02	8.1015125131e-05	3.7635525874e-05
7.6000000000e+02	2.9160080885e-02	-3.2449075001e-02	8.1064678797e-05	3.7636482376e-05
7.6100000000e+02	2.9197717844e-02	-3.2530164430e-02	8.1114168560e-05	3.7637435143e-05
7.6200000000e+02	2.9235355754e-02	-3.2611303317e-02	8.1163594581e-05	3.7638384194e-05
7.6300000000e+02	2.9272994611e-02	-3.2692491598e-02	8.1212957024e-05	3.7639329550e-05
7.6400000000e+02	2.9310634412e-02	-3.2773729210e-02	8.1262256049e-05	3.7640271229e-05
7.6500000000e+02	2.9348275153e-02	-3.2855016089e-02	8.1311491819e-05	3.7641209249e-05
7.6600000000e+02	2.9385916829e-02	-3.2936352172e-02	8.1360664493e-05	3.7642143631e-05
7.6700000000e+02	2.9423559439e-02	-3.3017737397e-02	8.1409774231e-05	3.7643074393e-05
7.6800000000e+02	2.9461202977e-02	-3.3099171700e-02	8.1458821193e-05	3.7644001553e-05
7.6900000000e+02	2.9498847440e-02	-3.3180655018e-02	8.1507805538e-05	3.7644925130e-05
7.7000000000e+02	2.9536492826e-02	-3.3262187290e-02	8.1556727423e-05	3.7645845142e-05
7.7100000000e+02	2.9574139130e-02	-3.3343768452e-02	8.1605587006e-05	3.7646761607e-05
7.7200000000e+02	2.9611786348e-02	-3.3425398443e-02	8.1654384445e-05	3.7647674545e-05
7.7300000000e+02	2.9649434478e-02	-3.3507077201e-02	8.1703119894e-05	3.7648583972e-05
7.7400000000e+02	2.9687083515e-02	-3.3588804662e-02	8.1751793511e-05	3.7649489907e-05
7.7500000000e+02	2.9724733456e-02	-3.3670580767e-02	8.1800405449e-05	3.7650392368e-05
7.7600000000e+02	2.9762384298e-02	-3.3752405453e-02	8.1848955865e-05	3.7651291371e-05
7.7700000000e+02	2.9800036038e-02	-3.3834278658e-02	8.1897444911e-05	3.7652186936e-05
7.7800000000e+02	2.9837688671e-02	-3.3916200322e-02	8.1945872742e-05	3.7653079079e-05
7.7900000000e+02	2.9875342195e-02	-3.3998170383e-02	8.1994239510e-05	3.7653967817e-05
7.8000000000e+02	2.9912996606e-02	-3.4080188781e-02	8.2042545367e-05	3.7654853169e-05
7.8100000000e+02	2.9950651900e-02	-3.4162255454e-02	8.2090790466e-05	3.7655735151e-05
7.8200000000e+02	2.9988308075e-02	-3.4244370342e-02	8.2138974957e-05	3.7656613779e-05
7.8300000000e+02	3.0025965126e-02	-3.4326533384e-02	8.2187098991e-05	3.7657489072e-05
7.8400000000e+02	3.0063623052e-02	-3.4408744520e-02	8.2235162719e-05	3.7658361046e-05
7.8500000000e+02	3.0101281847e-02	-3.4491003689e-02	8.2283166289e-05	3.7659229718e-05
7.8600000000e+02	3.0138941510e-02	-3.4573310832e-02	8.2331109850e-05	3.7660095103e-05
7.8700000000e+02	3.0176602037e-02	-3.4655665889e-02	8.2378993552e-05	3.7660957220e-05
7.8800000000e+02	3.0214263423e-02	-3.4738068799e-02	8.2426817542e-05	3.7661816084e-05
7.8900000000e+02	3.0251925668e-02	-3.4820519504e-02	8.2474581967e-05	3.7662671711e-05
7.9000000000e+02	3.0289588766e-02	-3.4903017943e-02	8.2522286974e-05	3.7663524118e-05
7.9100000000e+02	3.0327252715e-02	-3.4985564058e-02	8.2569932709e-05	3.7664373321e-05
7.9200000000e+02	3.0364917511e-02	-3.5068157789e-02	8.2617519319e-05	3.7665219335e-05
7.9300000000e+02	3.0402583152e-02	-3.5150799077e-02	8.2665046948e-05	3.7666062177e-05
7.9400000000e+02	3.0440249635e-02	-3.5233487863e-02	8.2712515741e-05	3.7666901863e-05
7.9500000000e+02	3.0477916955e-02	-3.5316224089e-02	8.2759925842e-05	3.7667738408e-05
7.9600000000e+02	3.0515585110e-02	-3.5399007696e-02	8.2807277395e-05	3.7668571828e-05
7.9700000000e+02	3.0553254098e-02	-3.5481838624e-02	8.2854570542e-05	3.7669402138e-05
7.9800000000e+02	3.0590923914e-02	-3.5564716817e-02	8.2901805427e-05	3.7670229354e-05
7.9900000000e+02	3.0628594555e-02	-3.5647642216e-02	8.2948982192e-05	3.7671053492e-05
8.0000000000e+02	3.0666266020e-02	-3.5730614762e-02	8.2996100978e-05	3.7671874565e-05
8.0100000000e+02	3.0703938304e-02	-3.5813634399e-02	8.3043161925e-05	3.7672692590e-05
8.0200000000e+02	3.0741611404e-02	-3.5896701067e-02	8.3090165176e-05	3.7673507581e-05
8.0300000000e+02	3.0779285318e-02	-3.5979814710e-02	8.3137110869e-05	3.7674319554e-05
8.0400000000e+02	3.0816960042e-02	-3.6062975270e-02	8.3183999144e-05	3.7675128524e-05
8.0500000000e+02	3.0854635574e-02	-3.6146182689e-02	8.3230830140e-05	3.7675934504e-05
8.0600000000e+02	3.0892311910e-02	-3.6229436911e-02	8.3277603996e-05	3.7676737510e-05
8.0700000000e+02	3.0929989048e-02	-3.6312737878e-02	8.3324320850e-05	3.7677537557e-05
8.0800000000e+02	3.0967666984e-02	-3.6396085534e-02	8.3370980839e-05	3.7678334658e-05
8.0900000000e+02	3.1005345716e-02	-3.6479479821e-02	8.3417584100e-05	3.7679128829e-05
8.1000000000e+02	3.1043025241e-02	-3.6562920683e-02	8.3464130770e-05	3.7679920083e-05
8.1100000000e+02	3.1080705555e-02	-3.6646408063e-02	8.3510620985e-05	3.7680708435e-05
8.1200000000e+02	3.1118386657e-02	-3.6729941906e-02	8.3557054880e-05	3.7681493899e-05
8.1300000000e+02	3.1156068542e-02	-3.6813522154e-02	8.3603432591e-05	3.7682276489e-05
8.1400000000e+02	3.1193751209e-02	-3.6897148753e-02	8.3649754252e-05	3.7683056219e-05
8.1500000000e+02	3.1231434654e-02	-3.6980821644e-02	8.3696019998e-05	3.7683833103e-05
8.1600000000e+02	3.1269118874e-02	-3.7064540774e-02	8.3742229961e-05	3.7684607154e-05
8.1700000000e+02	3.1306803867e-02	-3.7148306086e-02	8.3788384275e-05	3.7685378387e-05
8.1800000000e+02	3.1344489630e-02	-3.7232117524e-02	8.3834483073e-05	3.7686146815e-05
8.1900000000e+02	3.1382176160e-02	-3.7315975033e-02	8.3880526487e-05	3.7686912452e-05
8.2000000000e+02	3.1419863454e-02	-3.7399878559e-02	8.3926514649e-05	3.7687675311e-05
8.2100000000e+02	3.1457551509e-02	-3.7483828044e-02	8.3972447690e-05	3.7688435405e-05
8.2200000000e+02	3.1495240324e-02	-3.7567823436e-02	8.4018325741e-05	3.7689192748e-05
8.2300000000e+02	3.1532929894e-02	-3.7651864678e-02	8.4064148933e-05	3.7689947353e-05
8.2400000000e+02	3.1570620218e-02	-3.7735951715e-02	8.4109917394e-05	3.7690699234e-05
8.2500000000e+02	3.1608311292e-02	-3.7820084494e-02	8.4155631255e-05	3.7691448402e-05
8.2600000000e+02	3.1646003113e-02	-3.7904262960e-02	8.4201290645e-05	3.7692194872e-05
8.2700000000e+02	3.1683695680e-02	-3.7988487057e-02	8.4246895692e-05	3.7692938656e-05
8.2800000000e+02	3.1721388990e-02	-3.8072756733e-02	8.4292446525e-05	3.7693679768e-05
8.2900000000e+02	3.1759083039e-02	-3.8157071932e-02	8.4337943271e-05	3.7694418219e-05
8.3000000000e+02	3.1796777825e-02	-3.8241432601e-02	8.4383386056e-05	3.7695154022e-05
8.3100000000e+02	3.1834473346e-02	-3.8325838686e-02	8.4428775009e-05	3.7695887191e-05
8.3200000000e+02	3.1872169599e-02	-3.8410290134e-02	8.4474110255e-05	3.7696617737e-05
8.3300000000e+02	3.1909866581e-02	-3.8494786889e-02	8.4519391921e-05	3.7697345673e-05
8.3400000000e+02	3.1947564289e-02	-3.8579328900e-02	8.4564620131e-05	3.7698071012e-05
8.3500000000e+02	3.1985262722e-02	-3.8663916112e-02	8.4609795010e-05	3.7698793766e-05
8.3600000000e+02	3.2022961876e-02	-3.8748548472e-02	8.4654916684e-05	3.7699513947e-05
8.3700000000e+02	3.2060661749e-02	-3.8833225927e-02	8.4699985276e-05	3.7700231567e-05
8.3800000000e+02	3.2098362338e-02	-3.8917948425e-02	8.4745000911e-05	3.7700946639e-05
8.3900000000e+02	3.2136063641e-02	-3.9002715912e-02	8.4789963710e-05	3.7701659174e-05
8.4000000000e+02	3.2173765656e-02	-3.9087528335e-02	8.4834873798e-05	3.7702369184e-05
8.4100000000e+02	3.2211468379e-02	-3.9172385642e-02	8.4879731297e-05	3.7703076682e-05
8.4200000000e+02	3.2249171808e-02	-3.9257287780e-02	8.4924536328e-05	3.7703781678e-05
8.4300000000e+02	3.2286875942e-02	-3.9342234697e-02	8.4969289013e-05	3.7704484186e-05
8.4400000000e+02	3.2324580776e-02	-3.9427226340e-02	8.5013989474e-05	3.7705184216e-05
8.4500000000e+02	3.2362286309e-02	-3.9512262658e-02	8.5058637831e-05	3.7705881780e-05
8.4600000000e+02	3.2399992539e-02	-3.9597343599e-02	8.5103234205e-05	3.7706576890e-05
8.4700000000e+02	3.2437699462e-02	-3.9682469109e-02	8.5147778715e-05	3.7707269557e-05
8.4800000000e+02	3.2475407077e-02	-3.9767639139e-02	8.5192271481e-05	3.7707959792e-05
8.4900000000e+02	3.2513115381e-02	-3.9852853635e-02	8.5236712622e-05	3.7708647608e-05
8.5000000000e+02	3.2550824371e-02	-3.9938112547e-02	8.5281102257e-05	3.7709333014e-05
8.5100000000e+02	3.2588534046e-02	-4.0023415823e-02	8.5325440504e-05	3.7710016023e-05
8.5200000000e+02	3.2626244403e-02	-4.0108763411e-02	8.5369727481e-05	3.7710696646e-05
8.5300000000e+02	3.2663955439e-02	-4.0194155261e-02	8.5413963305e-05	3.7711374893e-05
8.5400000000e+02	3.2701667152e-02	-4.0279591320e-02	8.5458148094e-05	3.7712050776e-05
8.5500000000e+02	3.2739379539e-02	-4.0365071540e-02	8.5502281964e-05	3.7712724306e-05
8.5600000000e+02	3.2777092599e-02	-4.0450595867e-02	8.5546365031e-05	3.7713395493e-05
8.5700000000e+02	3.2814806330e-02	-4.0536164253e-02	8.5590397412e-05	3.7714064348e-05
8.5800000000e+02	3.2852520727e-02	-4.0621776645e-02	8.5634379222e-05	3.7714730882e-05
8.5900000000e+02	3.2890235791e-02	-4.0707432995e-02	8.5678310576e-05	3.7715395107e-05
8.6000000000e+02	3.2927951517e-02	-4.0793133250e-02	8.5722191589e-05	3.7716057031e-05
8.6100000000e+02	3.2965667904e-02	-4.0878877361e-02	8.5766022375e-05	3.7716716667e-05
8.6200000000e+02	3.3003384949e-02	-4.0964665278e-02	8.5809803048e-05	3.7717374025e-05
8.6300000000e+02	3.3041102651e-02	-4.1050496950e-02	8.5853533721e-05	3.7718029114e-05
8.6400000000e+02	3.3078821007e-02	-4.1136372329e-02	8.5897214509e-05	3.7718681946e-05
8.6500000000e+02	3.3116540014e-02	-4.1222291363e-02	8.5940845523e-05	3.7719332530e-05
8.6600000000e+02	3.3154259671e-02	-4.1308254003e-02	8.5984426876e-05	3.7719980878e-05
8.6700000000e+02	3.3191979975e-02	-4.1394260200e-02	8.6027958680e-05	3.7720626999e-05
8.6800000000e+02	3.3229700924e-02	-4.1480309904e-02	8.6071441047e-05	3.7721270903e-05
8.6900000000e+02	3.3267422516e-02	-4.1566403066e-02	8.6114874088e-05	3.7721912601e-05
8.7000000000e+02	3.3305144749e-02	-4.1652539636e-02	8.6158257913e-05	3.7722552103e-05
8.7100000000e+02	3.3342867620e-02	-4.1738719565e-02	8.6201592635e-05	3.7723189418e-05
8.7200000000e+02	3.3380591127e-02	-4.1824942805e-02	8.6244878362e-05	3.7723824557e-05
8.7300000000e+02	3.3418315268e-02	-4.1911209306e-02	8.6288115205e-05	3.7724457529e-05
8.7400000000e+02	3.3456040041e-02	-4.1997519019e-02	8.6331303273e-05	3.7725088345e-05
8.7500000000e+02	3.3493765444e-02	-4.2083871896e-02	8.6374442674e-05	3.7725717013e-05
8.7600000000e+02	3.3531491475e-02	-4.2170267888e-02	8.6417533519e-05	3.7726343544e-05
8.7700000000e+02	3.3569218131e-02	-4.2256706947e-02	8.6460575915e-05	3.7726967948e-05
8.7800000000e+02	3.3606945410e-02	-4.2343189024e-02	8.6503569970e-05	3.7727590234e-05
8.7900000000e+02	3.3644673310e-02	-4.2429714071e-02	8.6546515792e-05	3.7728210411e-05
8.8000000000e+02	3.3682401830e-02	-4.2516282039e-02	8.6589413488e-05	3.7728828489e-05
8.8100000000e+02	3.3720130967e-02	-4.2602892882e-02	8.6632263165e-05	3.7729444478e-05
8.8200000000e+02	3.3757860718e-02	-4.2689546550e-02	8.6675064930e-05	3.7730058386e-05
8.8300000000e+02	3.3795591083e-02	-4.2776242996e-02	8.6717818888e-05	3.7730670224e-05
8.8400000000e+02	3.3833322058e-02	-4.2862982172e-02	8.6760525147e-05	3.7731280001e-05
8.8500000000e+02	3.3871053642e-02	-4.2949764030e-02	8.6803183810e-05	3.7731887725e-05
8.8600000000e+02	3.3908785833e-02	-4.3036588523e-02	8.6845794984e-05	3.7732493406e-05
8.8700000000e+02	3.3946518628e-02	-4.3123455604e-02	8.6888358774e-05	3.7733097053e-05
8.8800000000e+02	3.3984252026e-02	-4.3210365225e-02	8.6930875283e-05	3.7733698676e-05
8.8900000000e+02	3.4021986025e-02	-4.3297317339e-02	8.6973344616e-05	3.7734298282e-05
8.9000000000e+02	3.4059720622e-02	-4.3384311899e-02	8.7015766877e-05	3.7734895882e-05
8.9100000000e+02	3.4097455816e-02	-4.3471348857e-02	8.7058142170e-05	3.7735491484e-05
8.9200000000e+02	3.4135191604e-02	-4.3558428167e-02	8.7100470596e-05	3.7736085096e-05
8.9300000000e+02	3.4172927985e-02	-4.3645549783e-02	8.7142752260e-05	3.7736676729e-05
8.9400000000e+02	3.4210664957e-02	-4.3732713656e-02	8.7184987264e-05	3.7737266390e-05
8.9500000000e+02	3.4248402518e-02	-4.3819919742e-02	8.7227175709e-05	3.7737854089e-05
8.9600000000e+02	3.4286140665e-02	-4.3907167992e-02	8.7269317698e-05	3.7738439833e-05
8.9700000000e+02	3.4323879397e-02	-4.3994458362e-02	8.7311413331e-05	3.7739023632e-05
8.9800000000e+02	3.4361618711e-02	-4.4081790804e-02	8.7353462711e-05	3.7739605495e-05
8.9900000000e+02	3.4399358607e-02	-4.4169165272e-02	8.7395465938e-05	3.7740185429e-05
9.0000000000e+02	3.4437099082e-02	-4.4256581720e-02	8.7437423113e-05	3.7740763444e-05
9.0100000000e+02	3.4474840133e-02	-4.4344040103e-02	8.7479334335e-05	3.7741339547e-05
9.0200000000e+02	3.4512581760e-02	-4.4431540373e-02	8.7521199705e-05	3.7741913747e-05
9.0300000000e+02	3.4550323960e-02	-4.4519082487e-02	8.7563019321e-05	3.7742486053e-05
9.0400000000e+02	3.4588066732e-02	-4.4606666397e-02	8.7604793284e-05	3.7743056473e-05
9.0500000000e+02	3.4625810072e-02	-4.4694292058e-02	8.7646521691e-05	3.7743625015e-05
9.0600000000e+02	3.4663553981e-02	-4.4781959425e-02	8.7688204642e-05	3.7744191687e-05
9.0700000000e+02	3.4701298455e-02	-4.4869668452e-02	8.7729842235e-05	3.7744756497e-05
9.0800000000e+02	3.4739043493e-02	-4.4957419094e-02	8.7771434568e-05	3.7745319454e-05
9.0900000000e+02	3.4776789093e-02	-4.5045211306e-02	8.7812981738e-05	3.7745880566e-05
9.1000000000e+02	3.4814535254e-02	-4.5133045043e-02	8.7854483843e-05	3.7746439841e-05
9.1100000000e+02	3.4852281973e-02	-4.5220920259e-02	8.7895940979e-05	3.7746997286e-05
9.1200000000e+02	3.4890029248e-02	-4.5308836910e-02	8.7937353243e-05	3.7747552910e-05
9.1300000000e+02	3.4927777078e-02	-4.5396794951e-02	8.7978720732e-05	3.7748106721e-05
9.1400000000e+02	3.4965525461e-02	-4.5484794337e-02	8.8020043542e-05	3.7748658726e-05
9.1500000000e+02	3.5003274395e-02	-4.5572835023e-02	8.8061321768e-05	3.7749208933e-05
9.1600000000e+02	3.5041023878e-02	-4.5660916965e-02	8.8102555506e-05	3.7749757351e-05
9.1700000000e+02	3.5078773909e-02	-4.5749040119e-02	8.8143744850e-05	3.7750303986e-05
9.1800000000e+02	3.5116524485e-02	-4.5837204440e-02	8.8184889897e-05	3.7750848847e-05
9.1900000000e+02	3.5154275606e-02	-4.5925409884e-02	8.8225990740e-05	3.7751391941e-05
9.2000000000e+02	3.5192027269e-02	-4.6013656407e-02	8.8267047473e-05	3.7751933276e-05
9.2100000000e+02	3.5229779472e-02	-4.6101943964e-02	8.8308060191e-05	3.7752472859e-05
9.2200000000e+02	3.5267532214e-02	-4.6190272513e-02	8.8349028987e-05	3.7753010698e-05
9.2300000000e+02	3.5305285493e-02	-4.6278642008e-02	8.8389953955e-05	3.7753546801e-05
9.2400000000e+02	3.5343039307e-02	-4.6367052406e-02	8.8430835187e-05	3.7754081174e-05
9.2500000000e+02	3.5380793654e-02	-4.6455503664e-02	8.8471672776e-05	3.7754613826e-05
9.2600000000e+02	3.5418548534e-02	-4.6543995737e-02	8.8512466815e-05	3.7755144763e-05
9.2700000000e+02	3.5456303943e-02	-4.6632528583e-02	8.8553217396e-05	3.7755673994e-05
9.2800000000e+02	3.5494059881e-02	-4.6721102157e-02	8.8593924611e-05	3.7756201524e-05
9.2900000000e+02	3.5531816346e-02	-4.6809716418e-02	8.8634588550e-05	3.7756727363e-05
9.3000000000e+02	3.5569573335e-02	-4.6898371320e-02	8.8675209307e-05	3.7757251516e-05
9.3100000000e+02	3.5607330848e-02	-4.6987066822e-02	8.8715786971e-05	3.7757773991e-05
9.3200000000e+02	3.5645088883e-02	-4.7075802880e-02	8.8756321634e-05	3.7758294795e-05
9.3300000000e+02	3.5682847437e-02	-4.7164579451e-02	8.8796813385e-05	3.7758813936e-05
9.3400000000e+02	3.5720606510e-02	-4.7253396492e-02	8.8837262315e-05	3.7759331419e-05
9.3500000000e+02	3.5758366100e-02	-4.7342253961e-02	8.8877668514e-05	3.7759847253e-05
9.3600000000e+02	3.5796126204e-02	-4.7431151815e-02	8.8918032072e-05	3.7760361445e-05
9.3700000000e+02	3.5833886822e-02	-4.7520090011e-02	8.8958353077e-05	3.7760874000e-05
9.3800000000e+02	3.5871647952e-02	-4.7609068507e-02	8.8998631619e-05	3.7761384927e-05
9.3900000000e+02	3.5909409591e-02	-4.7698087260e-02	8.9038867786e-05	3.7761894232e-05
9.4000000000e+02	3.5947171739e-02	-4.7787146228e-02	8.9079061668e-05	3.7762401922e-05
9.4100000000e+02	3.5984934395e-02	-4.7876245370e-02	8.9119213352e-05	3.7762908003e-05
9.4200000000e+02	3.6022697555e-02	-4.7965384641e-02	8.9159322926e-05	3.7763412484e-05
9.4300000000e+02	3.6060461219e-02	-4.8054564001e-02	8.9199390478e-05	3.7763915369e-05
9.4400000000e+02	3.6098225385e-02	-4.8143783408e-02	8.9239416095e-05	3.7764416666e-05
9.4500000000e+02	3.6135990052e-02	-4.8233042820e-02	8.9279399864e-05	3.7764916382e-05
9.4600000000e+02	3.6173755217e-02	-4.8322342194e-02	8.9319341872e-05	3.7765414523e-05
9.4700000000e+02	3.6211520880e-02	-4.8411681489e-02	8.9359242207e-05	3.7765911096e-05
9.4800000000e+02	3.6249287039e-02	-4.8501060664e-02	8.9399100953e-05	3.7766406108e-05
9.4900000000e+02	3.6287053692e-02	-4.8590479678e-02	8.9438918198e-05	3.7766899564e-05
9.5000000000e+02	3.6324820838e-02	-4.8679938487e-02	8.9478694026e-05	3.7767391472e-05
9.5100000000e+02	3.6362588474e-02	-4.8769437052e-02	8.9518428524e-05	3.7767881838e-05
9.5200000000e+02	3.6400356601e-02	-4.8858975330e-02	8.9558121776e-05	3.7768370668e-05
9.5300000000e+02	3.6438125215e-02	-4.8948553282e-02	8.9597773869e-05	3.7768857969e-05
9.5400000000e+02	3.6475894316e-02	-4.9038170864e-02	8.9637384885e-05	3.7769343747e-05
9.5500000000e+02	3.6513663902e-02	-4.9127828038e-02	8.9676954911e-05	3.7769828009e-05
9.5600000000e+02	3.6551433972e-02	-4.9217524761e-02	8.9716484030e-05	3.7770310760e-05
9.5700000000e+02	3.6589204523e-02	-4.9307260992e-02	8.9755972325e-05	3.7770792007e-05
9.5800000000e+02	3.6626975555e-02	-4.9397036692e-02	8.9795419882e-05	3.7771271757e-05
9.5900000000e+02	3.6664747066e-02	-4.9486851818e-02	8.9834826783e-05	3.7771750014e-05
9.6000000000e+02	3.6702519055e-02	-4.9576706332e-02	8.9874193111e-05	3.7772226787e-05
9.6100000000e+02	3.6740291519e-02	-4.9666600191e-02	8.9913518950e-05	3.7772702080e-05
9.6200000000e+02	3.6778064459e-02	-4.9756533356e-02	8.9952804381e-05	3.7773175900e-05
9.6300000000e+02	3.6815837871e-02	-4.9846505786e-02	8.9992049488e-05	3.7773648253e-05
9.6400000000e+02	3.6853611755e-02	-4.9936517442e-02	9.0031254353e-05	3.7774119145e-05
9.6500000000e+02	3.6891386109e-02	-5.0026568282e-02	9.0070419057e-05	3.7774588582e-05
9.6600000000e+02	3.6929160931e-02	-5.0116658266e-02	9.0109543683e-05	3.7775056570e-05
9.6700000000e+02	3.6966936221e-02	-5.0206787356e-02	9.0148628311e-05	3.7775523115e-05
9.6800000000e+02	3.7004711977e-02	-5.0296955510e-02	9.0187673024e-05	3.7775988222e-05
9.6900000000e+02	3.7042488197e-02	-5.0387162689e-02	9.0226677901e-05	3.7776451899e-05
9.7000000000e+02	3.7080264880e-02	-5.0477408852e-02	9.0265643023e-05	3.7776914149e-05
9.7100000000e+02	3.7118042025e-02	-5.0567693961e-02	9.0304568472e-05	3.7777374981e-05
9.7200000000e+02	3.7155819630e-02	-5.0658017976e-02	9.0343454327e-05	3.7777834398e-05
9.7300000000e+02	3.7193597693e-02	-5.0748380857e-02	9.0382300668e-05	3.7778292407e-05
9.7400000000e+02	3.7231376214e-02	-5.0838782564e-02	9.0421107575e-05	3.7778749014e-05
9.7500000000e+02	3.7269155191e-02	-5.0929223059e-02	9.0459875128e-05	3.7779204225e-05
9.7600000000e+02	3.7306934622e-02	-5.1019702301e-02	9.0498603405e-05	3.7779658045e-05
9.7700000000e+02	3.7344714506e-02	-5.1110220253e-02	9.0537292486e-05	3.7780110479e-05
9.7800000000e+02	3.7382494843e-02	-5.1200776873e-02	9.0575942450e-05	3.7780561534e-05
9.7900000000e+02	3.7420275629e-02	-5.1291372125e-02	9.0614553374e-05	3.7781011214e-05
9.8000000000e+02	3.7458056865e-02	-5.1382005967e-02	9.0653125338e-05	3.7781459527e-05
9.8100000000e+02	3.7495838548e-02	-5.1472678362e-02	9.0691658420e-05	3.7781906476e-05
9.8200000000e+02	3.7533620677e-02	-5.1563389271e-02	9.0730152697e-05	3.7782352068e-05
9.8300000000e+02	3.7571403251e-02	-5.1654138655e-02	9.0768608246e-05	3.7782796308e-05
9.8400000000e+02	3.7609186269e-02	-5.1744926475e-02	9.0807025146e-05	3.7783239201e-05
9.8500000000e+02	3.7646969729e-02	-5.1835752692e-02	9.0845403474e-05	3.7783680754e-05
9.8600000000e+02	3.7684753630e-02	-5.1926617269e-02	9.0883743305e-05	3.7784120970e-05
9.8700000000e+02	3.7722537971e-02	-5.2017520166e-02	9.0922044718e-05	3.7784559857e-05
9.8800000000e+02	3.7760322750e-02	-5.2108461345e-02	9.0960307788e-05	3.7784997418e-05
9.8900000000e+02	3.7798107965e-02	-5.2199440769e-02	9.0998532593e-05	3.7785433660e-05
9.9000000000e+02	3.7835893616e-02	-5.2290458398e-02	9.1036719206e-05	3.7785868588e-05
9.9100000000e+02	3.7873679702e-02	-5.2381514194e-02	9.1074867706e-05	3.7786302207e-05
9.9200000000e+02	3.7911466220e-02	-5.2472608121e-02	9.1112978166e-05	3.7786734522e-05
9.9300000000e+02	3.7949253171e-02	-5.2563740138e-02	9.1151050663e-05	3.7787165538e-05
9.9400000000e+02	3.7987040551e-02	-5.2654910209e-02	9.1189085272e-05	3.7787595261e-05
9.9500000000e+02	3.8024828361e-02	-5.2746118296e-02	9.1227082067e-05	3.7788023695e-05
9.9600000000e+02	3.8062616598e-02	-5.2837364361e-02	9.1265041123e-05	3.7788450847e-05
9.9700000000e+02	3.8100405262e-02	-5.2928648366e-02	9.1302962515e-05	3.7788876720e-05
9.9800000000e+02	3.8138194351e-02	-5.3019970273e-02	9.1340846317e-05	3.7789301321e-05
9.9900000000e+02	3.8175983864e-02	-5.3111330046e-02	9.1378692603e-05	3.7789724654e-05
