# total modes from dos = 5.9999882505e+00
# ZPE = 4.1896902954e-03 Ry/cell
# Multiply by 13.6058 to have energies in eV/cell etc..
# Multiply by 13.6058 x 23060.35 = 313 754.5 to have energies in cal/(N mol).
# Multiply by 13.6058 x 96526.0 = 1 313 313 to have energies in J/(N mol).
# N is the number of formula units per cell.
#
# T (K) 	Evib (Ry/cell)	Fvib (Ry/cell)	Svib (Ry/cell/K)	Cvib (Ry/cell/K)
1.0000000000e+00	4.1896903119e-03	4.1896902214e-03	9.0528467852e-11	4.8842898993e-11
2.0000000000e+00	4.1896904602e-03	4.1896900925e-03	1.8384011688e-10	2.9748554724e-10
3.0000000000e+00	4.1896910394e-03	4.1896898094e-03	4.1000355457e-10	9.4384887373e-10
4.0000000000e+00	4.1896925470e-03	4.1896892062e-03	8.3521400934e-10	2.1876749821e-09
5.0000000000e+00	4.1896956813e-03	4.1896880504e-03	1.5261839778e-09	4.2313150312e-09
6.0000000000e+00	4.1897013452e-03	4.1896860427e-03	2.5504145027e-09	7.2819089530e-09
7.0000000000e+00	4.1897106525e-03	4.1896828156e-03	3.9767046201e-09	1.1555084195e-08
8.0000000000e+00	4.1897249395e-03	4.1896779317e-03	5.8759752197e-09	1.7281499646e-08
9.0000000000e+00	4.1897457857e-03	4.1896708812e-03	8.3227239172e-09	2.4720309546e-08
1.0000000000e+01	4.1897750546e-03	4.1896610769e-03	1.1397771265e-08	3.4185951800e-08
1.1000000000e+01	4.1898149692e-03	4.1896478458e-03	1.5193037901e-08	4.6091426493e-08
1.2000000000e+01	4.1898682369e-03	4.1896304144e-03	1.9818540837e-08	6.1001897840e-08
1.3000000000e+01	4.1899382277e-03	4.1896078868e-03	2.5410831725e-08	7.9684142463e-08
1.4000000000e+01	4.1900291926e-03	4.1895792138e-03	3.2141340660e-08	1.0313642535e-07
1.5000000000e+01	4.1901464984e-03	4.1895431543e-03	4.0222943188e-08	1.3258941638e-07
1.6000000000e+01	4.1902968480e-03	4.1894982321e-03	4.9913491718e-08	1.6947717601e-07
1.7000000000e+01	4.1904884582e-03	4.1894426905e-03	6.1515745735e-08	2.1538395480e-07
1.8000000000e+01	4.1907311775e-03	4.1893744491e-03	7.5373803538e-08	2.7197594674e-07
1.9000000000e+01	4.1910365307e-03	4.1892910650e-03	9.1866616561e-08	3.4092753968e-07
2.0000000000e+01	4.1914176910e-03	4.1891897027e-03	1.1139941673e-07	4.2385013074e-07
2.1000000000e+01	4.1918893851e-03	4.1890671123e-03	1.3439394405e-07	5.2222930476e-07
2.2000000000e+01	4.1924677405e-03	4.1889196182e-03	1.6127828804e-07	6.3737385418e-07
2.3000000000e+01	4.1931700888e-03	4.1887431175e-03	1.9247701273e-07	7.7037814106e-07
2.4000000000e+01	4.1940147380e-03	4.1885330885e-03	2.2840206571e-07	9.2209780697e-07
2.5000000000e+01	4.1950207273e-03	4.1882846071e-03	2.6944480662e-07	1.0931378212e-06
2.6000000000e+01	4.1962075742e-03	4.1879923712e-03	3.1596934582e-07	1.2838512524e-06
2.7000000000e+01	4.1975950264e-03	4.1876507302e-03	3.6830726597e-07	1.4943468585e-06
2.8000000000e+01	4.1992028240e-03	4.1872537201e-03	4.2675371011e-07	1.7245035348e-06
2.9000000000e+01	4.2010504788e-03	4.1867951008e-03	4.9156475598e-07	1.9739897482e-06
3.0000000000e+01	4.2031570754e-03	4.1862683967e-03	5.6295595503e-07	2.2422862798e-06
3.1000000000e+01	4.2055410955e-03	4.1856669369e-03	6.4110189119e-07	2.5287108296e-06
3.2000000000e+01	4.2082202676e-03	4.1849838962e-03	7.2613660456e-07	2.8324432899e-06
3.3000000000e+01	4.2112114414e-03	4.1842123355e-03	8.1815472588e-07	3.1525507433e-06
3.4000000000e+01	4.2145304876e-03	4.1833452396e-03	9.1721317488e-07	3.4880114639e-06
3.5000000000e+01	4.2181922199e-03	4.1823755549e-03	1.0233332876e-06	3.8377374072e-06
3.6000000000e+01	4.2222103398e-03	4.1812962228e-03	1.1365032524e-06	4.2005948408e-06
3.7000000000e+01	4.2265973999e-03	4.1801002122e-03	1.2566807496e-06	4.5754229127e-06
3.8000000000e+01	4.2313647853e-03	4.1787805485e-03	1.3837957060e-06	4.9610500666e-06
3.9000000000e+01	4.2365227102e-03	4.1773303397e-03	1.5177530902e-06	5.3563083006e-06
4.0000000000e+01	4.2420802279e-03	4.1757428004e-03	1.6584356885e-06	5.7600453335e-06
4.1000000000e+01	4.2480452513e-03	4.1740112720e-03	1.8057068134e-06	6.1711347874e-06
4.2000000000e+01	4.2544245838e-03	4.1721292416e-03	1.9594129095e-06	6.5884845285e-06
4.3000000000e+01	4.2612239562e-03	4.1700903570e-03	2.1193860280e-06	7.0110433264e-06
4.4000000000e+01	4.2684480712e-03	4.1678884404e-03	2.2854461535e-06	7.4378060003e-06
4.5000000000e+01	4.2761006505e-03	4.1655174989e-03	2.4574033681e-06	7.8678172243e-06
4.6000000000e+01	4.2841844869e-03	4.1629717339e-03	2.6350598492e-06	8.3001741579e-06
4.7000000000e+01	4.2927014972e-03	4.1602455474e-03	2.8182116978e-06	8.7340280607e-06
4.8000000000e+01	4.3016527768e-03	4.1573335481e-03	3.0066505982e-06	9.1685850420e-06
4.9000000000e+01	4.3110386547e-03	4.1542305543e-03	3.2001653152e-06	9.6031060806e-06
5.0000000000e+01	4.3208587481e-03	4.1509315964e-03	3.3985430338e-06	1.0036906439e-05
5.1000000000e+01	4.3311120163e-03	4.1474319183e-03	3.6015705491e-06	1.0469354587e-05
5.2000000000e+01	4.3417968127e-03	4.1437269763e-03	3.8090353167e-06	1.0899870724e-05
5.3000000000e+01	4.3529109366e-03	4.1398124389e-03	4.0207263711e-06	1.1327925002e-05
5.4000000000e+01	4.3644516810e-03	4.1356841843e-03	4.2364351231e-06	1.1753035510e-05
5.5000000000e+01	4.3764158805e-03	4.1313382980e-03	4.4559560453e-06	1.2174766088e-05
5.6000000000e+01	4.3887999552e-03	4.1267710689e-03	4.6790872553e-06	1.2592724034e-05
5.7000000000e+01	4.4015999533e-03	4.1219789860e-03	4.9056310062e-06	1.3006557740e-05
5.8000000000e+01	4.4148115912e-03	4.1169587338e-03	5.1353940930e-06	1.3415954300e-05
5.9000000000e+01	4.4284302903e-03	4.1117071875e-03	5.3681881830e-06	1.3820637121e-05
6.0000000000e+01	4.4424512130e-03	4.1062214082e-03	5.6038300789e-06	1.4220363567e-05
6.1000000000e+01	4.4568692947e-03	4.1004986374e-03	5.8421419218e-06	1.4614922652e-05
6.2000000000e+01	4.4716792750e-03	4.0945362919e-03	6.0829513397e-06	1.5004132793e-05
6.3000000000e+01	4.4868757256e-03	4.0883319579e-03	6.3260915501e-06	1.5387839655e-05
6.4000000000e+01	4.5024530765e-03	4.0818833857e-03	6.5714014201e-06	1.5765914069e-05
6.5000000000e+01	4.5184056406e-03	4.0751884837e-03	6.8187254912e-06	1.6138250060e-05
6.6000000000e+01	4.5347276354e-03	4.0682453133e-03	7.0679139720e-06	1.6504762957e-05
6.7000000000e+01	4.5514132036e-03	4.0610520824e-03	7.3188227044e-06	1.6865387617e-05
6.8000000000e+01	4.5684564320e-03	4.0536071407e-03	7.5713131068e-06	1.7220076746e-05
6.9000000000e+01	4.5858513681e-03	4.0459089734e-03	7.8252520969e-06	1.7568799314e-05
7.0000000000e+01	4.6035920362e-03	4.0379561963e-03	8.0805119988e-06	1.7911539084e-05
7.1000000000e+01	4.6216724509e-03	4.0297475500e-03	8.3369704360e-06	1.8248293217e-05
7.2000000000e+01	4.6400866304e-03	4.0212818950e-03	8.5945102135e-06	1.8579070990e-05
7.3000000000e+01	4.6588286074e-03	4.0125582065e-03	8.8530191901e-06	1.8903892594e-05
7.4000000000e+01	4.6778924401e-03	4.0035755693e-03	9.1123901449e-06	1.9222788016e-05
7.5000000000e+01	4.6972722209e-03	3.9943331731e-03	9.3725206369e-06	1.9535796009e-05
7.6000000000e+01	4.7169620850e-03	3.9848303075e-03	9.6333128620e-06	1.9842963138e-05
7.7000000000e+01	4.7369562179e-03	3.9750663579e-03	9.8946735065e-06	2.0144342896e-05
7.8000000000e+01	4.7572488615e-03	3.9650408008e-03	1.0156513600e-05	2.0439994895e-05
7.9000000000e+01	4.7778343201e-03	3.9547531992e-03	1.0418748365e-05	2.0729984119e-05
8.0000000000e+01	4.7987069653e-03	3.9442031994e-03	1.0681297074e-05	2.1014380236e-05
8.1000000000e+01	4.8198612407e-03	3.9333905261e-03	1.0944082897e-05	2.1293256974e-05
8.2000000000e+01	4.8412916652e-03	3.9223149790e-03	1.1207032759e-05	2.1566691543e-05
8.3000000000e+01	4.8629928365e-03	3.9109764291e-03	1.1470077197e-05	2.1834764110e-05
8.4000000000e+01	4.8849594336e-03	3.8993748151e-03	1.1733150220e-05	2.2097557322e-05
8.5000000000e+01	4.9071862195e-03	3.8875101400e-03	1.1996189170e-05	2.2355155869e-05
8.6000000000e+01	4.9296680426e-03	3.8753824680e-03	1.2259134588e-05	2.2607646088e-05
8.7000000000e+01	4.9523998381e-03	3.8629919209e-03	1.2521930083e-05	2.2855115600e-05
8.8000000000e+01	4.9753766297e-03	3.8503386756e-03	1.2784522206e-05	2.3097652993e-05
8.9000000000e+01	4.9985935298e-03	3.8374229612e-03	1.3046860322e-05	2.3335347519e-05
9.0000000000e+01	5.0220457404e-03	3.8242450557e-03	1.3308896497e-05	2.3568288834e-05
9.1000000000e+01	5.0457285530e-03	3.8108052840e-03	1.3570585374e-05	2.3796566760e-05
9.2000000000e+01	5.0696373493e-03	3.7971040150e-03	1.3831884069e-05	2.4020271066e-05
9.3000000000e+01	5.0937676005e-03	3.7831416594e-03	1.4092752054e-05	2.4239491283e-05
9.4000000000e+01	5.1181148669e-03	3.7689186672e-03	1.4353151060e-05	2.4454316528e-05
9.5000000000e+01	5.1426747981e-03	3.7544355257e-03	1.4613044972e-05	2.4664835356e-05
9.6000000000e+01	5.1674431314e-03	3.7396927570e-03	1.4872399734e-05	2.4871135623e-05
9.7000000000e+01	5.1924156921e-03	3.7246909166e-03	1.5131183252e-05	2.5073304367e-05
9.8000000000e+01	5.2175883917e-03	3.7094305910e-03	1.5389365313e-05	2.5271427706e-05
9.9000000000e+01	5.2429572275e-03	3.6939123960e-03	1.5646917489e-05	2.5465590745e-05
1.0000000000e+02	5.2685182811e-03	3.6781369749e-03	1.5903813062e-05	2.5655877496e-05
1.0100000000e+02	5.2942677180e-03	3.6621049971e-03	1.6160026939e-05	2.5842370813e-05
1.0200000000e+02	5.3202017855e-03	3.6458171562e-03	1.6415535582e-05	2.6025152332e-05
1.0300000000e+02	5.3463168122e-03	3.6292741684e-03	1.6670316930e-05	2.6204302421e-05
1.0400000000e+02	5.3726092062e-03	3.6124767716e-03	1.6924350333e-05	2.6379900140e-05
1.0500000000e+02	5.3990754543e-03	3.5954257235e-03	1.7177616483e-05	2.6552023209e-05
1.0600000000e+02	5.4257121199e-03	3.5781218004e-03	1.7430097354e-05	2.6720747978e-05
1.0700000000e+02	5.4525158425e-03	3.5605657962e-03	1.7681776133e-05	2.6886149408e-05
1.0800000000e+02	5.4794833355e-03	3.5427585208e-03	1.7932637173e-05	2.7048301057e-05
1.0900000000e+02	5.5066113854e-03	3.5247007993e-03	1.8182665928e-05	2.7207275066e-05
1.1000000000e+02	5.5338968500e-03	3.5063934708e-03	1.8431848901e-05	2.7363142157e-05
1.1100000000e+02	5.5613366572e-03	3.4878373876e-03	1.8680173600e-05	2.7515971628e-05
1.1200000000e+02	5.5889278033e-03	3.4690334136e-03	1.8927628480e-05	2.7665831357e-05
1.1300000000e+02	5.6166673521e-03	3.4499824241e-03	1.9174202903e-05	2.7812787804e-05
1.1400000000e+02	5.6445524329e-03	3.4306853045e-03	1.9419887091e-05	2.7956906019e-05
1.1500000000e+02	5.6725802393e-03	3.4111429497e-03	1.9664672084e-05	2.8098249656e-05
1.1600000000e+02	5.7007480281e-03	3.3913562628e-03	1.9908549701e-05	2.8236880977e-05
1.1700000000e+02	5.7290531175e-03	3.3713261552e-03	2.0151512498e-05	2.8372860875e-05
1.1800000000e+02	5.7574928859e-03	3.3510535450e-03	2.0393553736e-05	2.8506248883e-05
1.1900000000e+02	5.7860647707e-03	3.3305393570e-03	2.0634667342e-05	2.8637103193e-05
1.2000000000e+02	5.8147662667e-03	3.3097845214e-03	2.0874847878e-05	2.8765480678e-05
1.2100000000e+02	5.8435949250e-03	3.2887899738e-03	2.1114090505e-05	2.8891436904e-05
1.2200000000e+02	5.8725483515e-03	3.2675566544e-03	2.1352390960e-05	2.9015026159e-05
1.2300000000e+02	5.9016242060e-03	3.2460855072e-03	2.1589745518e-05	2.9136301468e-05
1.2400000000e+02	5.9308202004e-03	3.2243774798e-03	2.1826150973e-05	2.9255314616e-05
1.2500000000e+02	5.9601340981e-03	3.2024335226e-03	2.2061604604e-05	2.9372116173e-05
1.2600000000e+02	5.9895637121e-03	3.1802545886e-03	2.2296104154e-05	2.9486755512e-05
1.2700000000e+02	6.0191069044e-03	3.1578416329e-03	2.2529647807e-05	2.9599280837e-05
1.2800000000e+02	6.0487615848e-03	3.1351956121e-03	2.2762234161e-05	2.9709739203e-05
1.2900000000e+02	6.0785257092e-03	3.1123174840e-03	2.2993862210e-05	2.9818176541e-05
1.3000000000e+02	6.1083972791e-03	3.0892082073e-03	2.3224531322e-05	2.9924637679e-05
1.3100000000e+02	6.1383743404e-03	3.0658687411e-03	2.3454241216e-05	3.0029166368e-05
1.3200000000e+02	6.1684549819e-03	3.0423000446e-03	2.3682991950e-05	3.0131805304e-05
1.3300000000e+02	6.1986373350e-03	3.0185030768e-03	2.3910783896e-05	3.0232596152e-05
1.3400000000e+02	6.2289195718e-03	2.9944787962e-03	2.4137617728e-05	3.0331579569e-05
1.3500000000e+02	6.2592999049e-03	2.9702281604e-03	2.4363494403e-05	3.0428795226e-05
1.3600000000e+02	6.2897765859e-03	2.9457521260e-03	2.4588415146e-05	3.0524281831e-05
1.3700000000e+02	6.3203479048e-03	2.9210516483e-03	2.4812381434e-05	3.0618077151e-05
1.3800000000e+02	6.3510121887e-03	2.8961276807e-03	2.5035394985e-05	3.0710218036e-05
1.3900000000e+02	6.3817678014e-03	2.8709811752e-03	2.5257457742e-05	3.0800740439e-05
1.4000000000e+02	6.4126131418e-03	2.8456130815e-03	2.5478571860e-05	3.0889679439e-05
1.4100000000e+02	6.4435466439e-03	2.8200243469e-03	2.5698739694e-05	3.0977069259e-05
1.4200000000e+02	6.4745667751e-03	2.7942159167e-03	2.5917963792e-05	3.1062943291e-05
1.4300000000e+02	6.5056720360e-03	2.7681887330e-03	2.6136246874e-05	3.1147334112e-05
1.4400000000e+02	6.5368609595e-03	2.7419437356e-03	2.6353591832e-05	3.1230273511e-05
1.4500000000e+02	6.5681321096e-03	2.7154818611e-03	2.6570001714e-05	3.1311792498e-05
1.4600000000e+02	6.5994840811e-03	2.6888040428e-03	2.6785479714e-05	3.1391921335e-05
1.4700000000e+02	6.6309154987e-03	2.6619112111e-03	2.7000029167e-05	3.1470689547e-05
1.4800000000e+02	6.6624250163e-03	2.6348042929e-03	2.7213653537e-05	3.1548125941e-05
1.4900000000e+02	6.6940113161e-03	2.6074842112e-03	2.7426356408e-05	3.1624258630e-05
1.5000000000e+02	6.7256731081e-03	2.5799518860e-03	2.7638141481e-05	3.1699115042e-05
1.5100000000e+02	6.7574091296e-03	2.5522082329e-03	2.7849012561e-05	3.1772721947e-05
1.5200000000e+02	6.7892181442e-03	2.5242541642e-03	2.8058973553e-05	3.1845105464e-05
1.5300000000e+02	6.8210989413e-03	2.4960905879e-03	2.8268028454e-05	3.1916291087e-05
1.5400000000e+02	6.8530503354e-03	2.4677184080e-03	2.8476181347e-05	3.1986303692e-05
1.5500000000e+02	6.8850711658e-03	2.4391385245e-03	2.8683436396e-05	3.2055167560e-05
1.5600000000e+02	6.9171602955e-03	2.4103518331e-03	2.8889797836e-05	3.2122906391e-05
1.5700000000e+02	6.9493166112e-03	2.3813592252e-03	2.9095269975e-05	3.2189543314e-05
1.5800000000e+02	6.9815390224e-03	2.3521615881e-03	2.9299857179e-05	3.2255100908e-05
1.5900000000e+02	7.0138264606e-03	2.3227598044e-03	2.9503563876e-05	3.2319601214e-05
1.6000000000e+02	7.0461778796e-03	2.2931547523e-03	2.9706394545e-05	3.2383065746e-05
1.6100000000e+02	7.0785922539e-03	2.2633473058e-03	2.9908353715e-05	3.2445515510e-05
1.6200000000e+02	7.1110685792e-03	2.2333383339e-03	3.0109445958e-05	3.2506971012e-05
1.6300000000e+02	7.1436058712e-03	2.2031287013e-03	3.0309675889e-05	3.2567452274e-05
1.6400000000e+02	7.1762031655e-03	2.1727192680e-03	3.0509048155e-05	3.2626978847e-05
1.6500000000e+02	7.2088595170e-03	2.1421108893e-03	3.0707567441e-05	3.2685569820e-05
1.6600000000e+02	7.2415739995e-03	2.1113044159e-03	3.0905238455e-05	3.2743243835e-05
1.6700000000e+02	7.2743457051e-03	2.0803006936e-03	3.1102065937e-05	3.2800019097e-05
1.6800000000e+02	7.3071737440e-03	2.0491005636e-03	3.1298054645e-05	3.2855913386e-05
1.6900000000e+02	7.3400572440e-03	2.0177048623e-03	3.1493209359e-05	3.2910944069e-05
1.7000000000e+02	7.3729953499e-03	1.9861144213e-03	3.1687534875e-05	3.2965128106e-05
1.7100000000e+02	7.4059872235e-03	1.9543300673e-03	3.1881036001e-05	3.3018482068e-05
1.7200000000e+02	7.4390320428e-03	1.9223526225e-03	3.2073717560e-05	3.3071022140e-05
1.7300000000e+02	7.4721290018e-03	1.8901829038e-03	3.2265584381e-05	3.3122764135e-05
1.7400000000e+02	7.5052773102e-03	1.8578217237e-03	3.2456641302e-05	3.3173723503e-05
1.7500000000e+02	7.5384761929e-03	1.8252698895e-03	3.2646893162e-05	3.3223915338e-05
1.7600000000e+02	7.5717248899e-03	1.7925282041e-03	3.2836344806e-05	3.3273354390e-05
1.7700000000e+02	7.6050226556e-03	1.7595974651e-03	3.3025001077e-05	3.3322055074e-05
1.7800000000e+02	7.6383687587e-03	1.7264784654e-03	3.3212866816e-05	3.3370031474e-05
1.7900000000e+02	7.6717624817e-03	1.6931719933e-03	3.3399946863e-05	3.3417297359e-05
1.8000000000e+02	7.7052031210e-03	1.6596788320e-03	3.3586246050e-05	3.3463866182e-05
1.8100000000e+02	7.7386899861e-03	1.6259997599e-03	3.3771769206e-05	3.3509751097e-05
1.8200000000e+02	7.7722223995e-03	1.5921355507e-03	3.3956521148e-05	3.3554964960e-05
1.8300000000e+02	7.8057996966e-03	1.5580869731e-03	3.4140506686e-05	3.3599520340e-05
1.8400000000e+02	7.8394212248e-03	1.5238547912e-03	3.4323730618e-05	3.3643429525e-05
1.8500000000e+02	7.8730863442e-03	1.4894397641e-03	3.4506197730e-05	3.3686704528e-05
1.8600000000e+02	7.9067944264e-03	1.4548426464e-03	3.4687912796e-05	3.3729357098e-05
1.8700000000e+02	7.9405448548e-03	1.4200641876e-03	3.4868880573e-05	3.3771398722e-05
1.8800000000e+02	7.9743370240e-03	1.3851051327e-03	3.5049105804e-05	3.3812840633e-05
1.8900000000e+02	8.0081703398e-03	1.3499662219e-03	3.5228593216e-05	3.3853693819e-05
1.9000000000e+02	8.0420442189e-03	1.3146481907e-03	3.5407347517e-05	3.3893969025e-05
1.9100000000e+02	8.0759580887e-03	1.2791517697e-03	3.5585373398e-05	3.3933676762e-05
1.9200000000e+02	8.1099113867e-03	1.2434776851e-03	3.5762675529e-05	3.3972827312e-05
1.9300000000e+02	8.1439035609e-03	1.2076266584e-03	3.5939258563e-05	3.4011430733e-05
1.9400000000e+02	8.1779340691e-03	1.1715994062e-03	3.6115127129e-05	3.4049496866e-05
1.9500000000e+02	8.2120023788e-03	1.1353966407e-03	3.6290285836e-05	3.4087035339e-05
1.9600000000e+02	8.2461079670e-03	1.0990190696e-03	3.6464739273e-05	3.4124055572e-05
1.9700000000e+02	8.2802503203e-03	1.0624673957e-03	3.6638492003e-05	3.4160566784e-05
1.9800000000e+02	8.3144289339e-03	1.0257423176e-03	3.6811548567e-05	3.4196577996e-05
1.9900000000e+02	8.3486433125e-03	9.8884452916e-04	3.6983913484e-05	3.4232098038e-05
2.0000000000e+02	8.3828929692e-03	9.5177471972e-04	3.7155591247e-05	3.4267135551e-05
2.0100000000e+02	8.4171774256e-03	9.1453357423e-04	3.7326586325e-05	3.4301698993e-05
2.0200000000e+02	8.4514962119e-03	8.7712177315e-04	3.7496903162e-05	3.4335796644e-05
2.0300000000e+02	8.4858488663e-03	8.3953999251e-04	3.7666546176e-05	3.4369436610e-05
2.0400000000e+02	8.5202349352e-03	8.0178890394e-04	3.7835519761e-05	3.4402626826e-05
2.0500000000e+02	8.5546539727e-03	7.6386917467e-04	3.8003828283e-05	3.4435375062e-05
2.0600000000e+02	8.5891055405e-03	7.2578146761e-04	3.8171476082e-05	3.4467688924e-05
2.0700000000e+02	8.6235892082e-03	6.8752644131e-04	3.8338467473e-05	3.4499575863e-05
2.0800000000e+02	8.6581045524e-03	6.4910475004e-04	3.8504806742e-05	3.4531043173e-05
2.0900000000e+02	8.6926511571e-03	6.1051704378e-04	3.8670498150e-05	3.4562097999e-05
2.1000000000e+02	8.7272286132e-03	5.7176396828e-04	3.8835545928e-05	3.4592747338e-05
2.1100000000e+02	8.7618365189e-03	5.3284616507e-04	3.8999954283e-05	3.4622998044e-05
2.1200000000e+02	8.7964744787e-03	4.9376427146e-04	3.9163727392e-05	3.4652856832e-05
2.1300000000e+02	8.8311421041e-03	4.5451892065e-04	3.9326869406e-05	3.4682330278e-05
2.1400000000e+02	8.8658390129e-03	4.1511074164e-04	3.9489384445e-05	3.4711424824e-05
2.1500000000e+02	8.9005648295e-03	3.7554035938e-04	3.9651276605e-05	3.4740146786e-05
2.1600000000e+02	8.9353191844e-03	3.3580839470e-04	3.9812549952e-05	3.4768502346e-05
2.1700000000e+02	8.9701017141e-03	2.9591546440e-04	3.9973208524e-05	3.4796497568e-05
2.1800000000e+02	9.0049120614e-03	2.5586218124e-04	4.0133256331e-05	3.4824138389e-05
2.1900000000e+02	9.0397498747e-03	2.1564915400e-04	4.0292697355e-05	3.4851430631e-05
2.2000000000e+02	9.0746148083e-03	1.7527698748e-04	4.0451535549e-05	3.4878380000e-05
2.2100000000e+02	9.1095065223e-03	1.3474628254e-04	4.0609774840e-05	3.4904992085e-05
2.2200000000e+02	9.1444246819e-03	9.4057636132e-05	4.0767419125e-05	3.4931272369e-05
2.2300000000e+02	9.1793689582e-03	5.3211641332e-05	4.0924472273e-05	3.4957226223e-05
2.2400000000e+02	9.2143390273e-03	1.2208887351e-05	4.1080938125e-05	3.4982858915e-05
2.2500000000e+02	9.2493345707e-03	-2.8950040424e-05	4.1236820494e-05	3.5008175609e-05
2.2600000000e+02	9.2843552749e-03	-7.0264560404e-05	4.1392123165e-05	3.5033181368e-05
2.2700000000e+02	9.3194008314e-03	-1.1173409477e-04	4.1546849895e-05	3.5057881155e-05
2.2800000000e+02	9.3544709368e-03	-1.5335806946e-04	4.1701004414e-05	3.5082279839e-05
2.2900000000e+02	9.3895652923e-03	-1.9513591410e-04	4.1854590421e-05	3.5106382194e-05
2.3000000000e+02	9.4246836040e-03	-2.3706706202e-04	4.2007611591e-05	3.5130192901e-05
2.3100000000e+02	9.4598255825e-03	-2.7915095022e-04	4.2160071570e-05	3.5153716553e-05
2.3200000000e+02	9.4949909429e-03	-3.2138701930e-04	4.2311973975e-05	3.5176957651e-05
2.3300000000e+02	9.5301794051e-03	-3.6377471351e-04	4.2463322397e-05	3.5199920616e-05
2.3400000000e+02	9.5653906929e-03	-4.0631348063e-04	4.2614120400e-05	3.5222609778e-05
2.3500000000e+02	9.6006245348e-03	-4.4900277201e-04	4.2764371518e-05	3.5245029392e-05
2.3600000000e+02	9.6358806632e-03	-4.9184204254e-04	4.2914079262e-05	3.5267183626e-05
2.3700000000e+02	9.6711588149e-03	-5.3483075057e-04	4.3063247112e-05	3.5289076573e-05
2.3800000000e+02	9.7064587306e-03	-5.7796835795e-04	4.3211878523e-05	3.5310712248e-05
2.3900000000e+02	9.7417801550e-03	-6.2125432995e-04	4.3359976924e-05	3.5332094593e-05
2.4000000000e+02	9.7771228366e-03	-6.6468813526e-04	4.3507545716e-05	3.5353227472e-05
2.4100000000e+02	9.8124865280e-03	-7.0826924597e-04	4.3654588274e-05	3.5374114681e-05
2.4200000000e+02	9.8478709853e-03	-7.5199713751e-04	4.3801107946e-05	3.5394759943e-05
2.4300000000e+02	9.8832759685e-03	-7.9587128867e-04	4.3947108054e-05	3.5415166914e-05
2.4400000000e+02	9.9187012409e-03	-8.3989118153e-04	4.4092591895e-05	3.5435339181e-05
2.4500000000e+02	9.9541465698e-03	-8.8405630146e-04	4.4237562740e-05	3.5455280266e-05
2.4600000000e+02	9.9896117256e-03	-9.2836613710e-04	4.4382023832e-05	3.5474993628e-05
2.4700000000e+02	1.0025096482e-02	-9.7282018028e-04	4.4525978391e-05	3.5494482658e-05
2.4800000000e+02	1.0060600617e-02	-1.0174179261e-03	4.4669429610e-05	3.5513750691e-05
2.4900000000e+02	1.0096123911e-02	-1.0621588728e-03	4.4812380658e-05	3.5532800997e-05
2.5000000000e+02	1.0131666148e-02	-1.1070425217e-03	4.4954834678e-05	3.5551636790e-05
2.5100000000e+02	1.0167227114e-02	-1.1520683775e-03	4.5096794788e-05	3.5570261224e-05
2.5200000000e+02	1.0202806601e-02	-1.1972359477e-03	4.5238264081e-05	3.5588677397e-05
2.5300000000e+02	1.0238404401e-02	-1.2425447431e-03	4.5379245627e-05	3.5606888352e-05
2.5400000000e+02	1.0274020310e-02	-1.2879942774e-03	4.5519742470e-05	3.5624897076e-05
2.5500000000e+02	1.0309654128e-02	-1.3335840675e-03	4.5659757630e-05	3.5642706505e-05
2.5600000000e+02	1.0345305658e-02	-1.3793136331e-03	4.5799294104e-05	3.5660319520e-05
2.5700000000e+02	1.0380974703e-02	-1.4251824971e-03	4.5938354863e-05	3.5677738955e-05
2.5800000000e+02	1.0416661072e-02	-1.4711901852e-03	4.6076942857e-05	3.5694967591e-05
2.5900000000e+02	1.0452364575e-02	-1.5173362262e-03	4.6215061010e-05	3.5712008159e-05
2.6000000000e+02	1.0488085026e-02	-1.5636201516e-03	4.6352712223e-05	3.5728863346e-05
2.6100000000e+02	1.0523822241e-02	-1.6100414960e-03	4.6489899376e-05	3.5745535790e-05
2.6200000000e+02	1.0559576038e-02	-1.6565997966e-03	4.6626625323e-05	3.5762028082e-05
2.6300000000e+02	1.0595346238e-02	-1.7032945938e-03	4.6762892897e-05	3.5778342768e-05
2.6400000000e+02	1.0631132665e-02	-1.7501254306e-03	4.6898704908e-05	3.5794482353e-05
2.6500000000e+02	1.0666935145e-02	-1.7970918527e-03	4.7034064143e-05	3.5810449296e-05
2.6600000000e+02	1.0702753507e-02	-1.8441934088e-03	4.7168973368e-05	3.5826246013e-05
2.6700000000e+02	1.0738587581e-02	-1.8914296503e-03	4.7303435324e-05	3.5841874881e-05
2.6800000000e+02	1.0774437202e-02	-1.9388001313e-03	4.7437452735e-05	3.5857338234e-05
2.6900000000e+02	1.0810302203e-02	-1.9863044085e-03	4.7571028297e-05	3.5872638369e-05
2.7000000000e+02	1.0846182425e-02	-2.0339420415e-03	4.7704164689e-05	3.5887777541e-05
2.7100000000e+02	1.0882077706e-02	-2.0817125924e-03	4.7836864568e-05	3.5902757968e-05
2.7200000000e+02	1.0917987888e-02	-2.1296156260e-03	4.7969130568e-05	3.5917581831e-05
2.7300000000e+02	1.0953912818e-02	-2.1776507098e-03	4.8100965302e-05	3.5932251273e-05
2.7400000000e+02	1.0989852340e-02	-2.2258174137e-03	4.8232371365e-05	3.5946768403e-05
2.7500000000e+02	1.1025806304e-02	-2.2741153105e-03	4.8363351327e-05	3.5961135292e-05
2.7600000000e+02	1.1061774561e-02	-2.3225439752e-03	4.8493907741e-05	3.5975353979e-05
2.7700000000e+02	1.1097756964e-02	-2.3711029856e-03	4.8624043138e-05	3.5989426467e-05
2.7800000000e+02	1.1133753366e-02	-2.4197919220e-03	4.8753760029e-05	3.6003354727e-05
2.7900000000e+02	1.1169763626e-02	-2.4686103670e-03	4.8883060906e-05	3.6017140697e-05
2.8000000000e+02	1.1205787601e-02	-2.5175579059e-03	4.9011948238e-05	3.6030786283e-05
2.8100000000e+02	1.1241825152e-02	-2.5666341265e-03	4.9140424479e-05	3.6044293360e-05
2.8200000000e+02	1.1277876142e-02	-2.6158386187e-03	4.9268492059e-05	3.6057663771e-05
2.8300000000e+02	1.1313940435e-02	-2.6651709752e-03	4.9396153392e-05	3.6070899331e-05
2.8400000000e+02	1.1350017896e-02	-2.7146307909e-03	4.9523410870e-05	3.6084001824e-05
2.8500000000e+02	1.1386108395e-02	-2.7642176631e-03	4.9650266869e-05	3.6096973004e-05
2.8600000000e+02	1.1422211799e-02	-2.8139311915e-03	4.9776723743e-05	3.6109814599e-05
2.8700000000e+02	1.1458327981e-02	-2.8637709783e-03	4.9902783831e-05	3.6122528307e-05
2.8800000000e+02	1.1494456814e-02	-2.9137366277e-03	5.0028449449e-05	3.6135115800e-05
2.8900000000e+02	1.1530598171e-02	-2.9638277465e-03	5.0153722899e-05	3.6147578722e-05
2.9000000000e+02	1.1566751930e-02	-3.0140439436e-03	5.0278606461e-05	3.6159918691e-05
2.9100000000e+02	1.1602917968e-02	-3.0643848302e-03	5.0403102400e-05	3.6172137301e-05
2.9200000000e+02	1.1639096165e-02	-3.1148500199e-03	5.0527212961e-05	3.6184236118e-05
2.9300000000e+02	1.1675286401e-02	-3.1654391284e-03	5.0650940373e-05	3.6196216683e-05
2.9400000000e+02	1.1711488559e-02	-3.2161517737e-03	5.0774286846e-05	3.6208080516e-05
2.9500000000e+02	1.1747702524e-02	-3.2669875758e-03	5.0897254574e-05	3.6219829109e-05
2.9600000000e+02	1.1783928180e-02	-3.3179461573e-03	5.1019845732e-05	3.6231463933e-05
2.9700000000e+02	1.1820165414e-02	-3.3690271425e-03	5.1142062480e-05	3.6242986434e-05
2.9800000000e+02	1.1856414115e-02	-3.4202301582e-03	5.1263906958e-05	3.6254398039e-05
2.9900000000e+02	1.1892674174e-02	-3.4715548330e-03	5.1385381293e-05	3.6265700147e-05
3.0000000000e+02	1.1928945480e-02	-3.5230007981e-03	5.1506487592e-05	3.6276894142e-05
3.0100000000e+02	1.1965227926e-02	-3.5745676862e-03	5.1627227949e-05	3.6287981380e-05
3.0200000000e+02	1.2001521407e-02	-3.6262551327e-03	5.1747604437e-05	3.6298963200e-05
3.0300000000e+02	1.2037825818e-02	-3.6780627745e-03	5.1867619117e-05	3.6309840920e-05
3.0400000000e+02	1.2074141055e-02	-3.7299902510e-03	5.1987274032e-05	3.6320615836e-05
3.0500000000e+02	1.2110467016e-02	-3.7820372033e-03	5.2106571210e-05	3.6331289226e-05
3.0600000000e+02	1.2146803600e-02	-3.8342032748e-03	5.2225512662e-05	3.6341862347e-05
3.0700000000e+02	1.2183150707e-02	-3.8864881108e-03	5.2344100385e-05	3.6352336438e-05
3.0800000000e+02	1.2219508240e-02	-3.9388913584e-03	5.2462336359e-05	3.6362712718e-05
3.0900000000e+02	1.2255876101e-02	-3.9914126669e-03	5.2580222549e-05	3.6372992389e-05
3.1000000000e+02	1.2292254193e-02	-4.0440516875e-03	5.2697760905e-05	3.6383176633e-05
3.1100000000e+02	1.2328642423e-02	-4.0968080734e-03	5.2814953363e-05	3.6393266615e-05
3.1200000000e+02	1.2365040695e-02	-4.1496814796e-03	5.2931801843e-05	3.6403263483e-05
3.1300000000e+02	1.2401448919e-02	-4.2026715630e-03	5.3048308249e-05	3.6413168368e-05
3.1400000000e+02	1.2437867002e-02	-4.2557779827e-03	5.3164474473e-05	3.6422982382e-05
3.1500000000e+02	1.2474294854e-02	-4.3090003992e-03	5.3280302390e-05	3.6432706622e-05
3.1600000000e+02	1.2510732385e-02	-4.3623384753e-03	5.3395793863e-05	3.6442342170e-05
3.1700000000e+02	1.2547179509e-02	-4.4157918754e-03	5.3510950739e-05	3.6451890088e-05
3.1800000000e+02	1.2583636137e-02	-4.4693602659e-03	5.3625774851e-05	3.6461351427e-05
3.1900000000e+02	1.2620102183e-02	-4.5230433148e-03	5.3740268019e-05	3.6470727218e-05
3.2000000000e+02	1.2656577563e-02	-4.5768406922e-03	5.3854432048e-05	3.6480018481e-05
3.2100000000e+02	1.2693062192e-02	-4.6307520698e-03	5.3968268729e-05	3.6489226219e-05
3.2200000000e+02	1.2729555988e-02	-4.6847771211e-03	5.4081779842e-05	3.6498351419e-05
3.2300000000e+02	1.2766058868e-02	-4.7389155215e-03	5.4194967150e-05	3.6507395055e-05
3.2400000000e+02	1.2802570751e-02	-4.7931669481e-03	5.4307832405e-05	3.6516358088e-05
3.2500000000e+02	1.2839091558e-02	-4.8475310796e-03	5.4420377345e-05	3.6525241464e-05
3.2600000000e+02	1.2875621208e-02	-4.9020075966e-03	5.4532603695e-05	3.6534046113e-05
3.2700000000e+02	1.2912159624e-02	-4.9565961813e-03	5.4644513166e-05	3.6542772956e-05
3.2800000000e+02	1.2948706728e-02	-5.0112965178e-03	5.4756107457e-05	3.6551422898e-05
3.2900000000e+02	1.2985262444e-02	-5.0661082918e-03	5.4867388256e-05	3.6559996830e-05
3.3000000000e+02	1.3021826697e-02	-5.1210311904e-03	5.4978357234e-05	3.6568495633e-05
3.3100000000e+02	1.3058399411e-02	-5.1760649028e-03	5.5089016053e-05	3.6576920174e-05
3.3200000000e+02	1.3094980513e-02	-5.2312091197e-03	5.5199366362e-05	3.6585271308e-05
3.3300000000e+02	1.3131569929e-02	-5.2864635333e-03	5.5309409797e-05	3.6593549877e-05
3.3400000000e+02	1.3168167588e-02	-5.3418278375e-03	5.5419147982e-05	3.6601756711e-05
3.3500000000e+02	1.3204773419e-02	-5.3973017280e-03	5.5528582529e-05	3.6609892631e-05
3.3600000000e+02	1.3241387350e-02	-5.4528849019e-03	5.5637715037e-05	3.6617958443e-05
3.3700000000e+02	1.3278009313e-02	-5.5085770579e-03	5.5746547094e-05	3.6625954943e-05
3.3800000000e+02	1.3314639237e-02	-5.5643778965e-03	5.5855080278e-05	3.6633882916e-05
3.3900000000e+02	1.3351277056e-02	-5.6202871194e-03	5.5963316152e-05	3.6641743136e-05
3.4000000000e+02	1.3387922701e-02	-5.6763044302e-03	5.6071256269e-05	3.6649536367e-05
3.4100000000e+02	1.3424576107e-02	-5.7324295339e-03	5.6178902172e-05	3.6657263360e-05
3.4200000000e+02	1.3461237206e-02	-5.7886621370e-03	5.6286255390e-05	3.6664924858e-05
3.4300000000e+02	1.3497905935e-02	-5.8450019476e-03	5.6393317442e-05	3.6672521592e-05
3.4400000000e+02	1.3534582228e-02	-5.9014486753e-03	5.6500089835e-05	3.6680054285e-05
3.4500000000e+02	1.3571266022e-02	-5.9580020312e-03	5.6606574068e-05	3.6687523647e-05
3.4600000000e+02	1.3607957255e-02	-6.0146617279e-03	5.6712771625e-05	3.6694930381e-05
3.4700000000e+02	1.3644655862e-02	-6.0714274794e-03	5.6818683982e-05	3.6702275180e-05
3.4800000000e+02	1.3681361784e-02	-6.1282990013e-03	5.6924312603e-05	3.6709558726e-05
3.4900000000e+02	1.3718074960e-02	-6.1852760105e-03	5.7029658940e-05	3.6716781692e-05
3.5000000000e+02	1.3754795328e-02	-6.2423582255e-03	5.7134724438e-05	3.6723944744e-05
3.5100000000e+02	1.3791522829e-02	-6.2995453662e-03	5.7239510529e-05	3.6731048536e-05
3.5200000000e+02	1.3828257405e-02	-6.3568371539e-03	5.7344018634e-05	3.6738093716e-05
3.5300000000e+02	1.3864998998e-02	-6.4142333113e-03	5.7448250167e-05	3.6745080921e-05
3.5400000000e+02	1.3901747548e-02	-6.4717335625e-03	5.7552206527e-05	3.6752010780e-05
3.5500000000e+02	1.3938503000e-02	-6.5293376331e-03	5.7655889108e-05	3.6758883914e-05
3.5600000000e+02	1.3975265297e-02	-6.5870452500e-03	5.7759299290e-05	3.6765700936e-05
3.5700000000e+02	1.4012034384e-02	-6.6448561413e-03	5.7862438445e-05	3.6772462450e-05
3.5800000000e+02	1.4048810204e-02	-6.7027700370e-03	5.7965307935e-05	3.6779169052e-05
3.5900000000e+02	1.4085592704e-02	-6.7607866678e-03	5.8067909112e-05	3.6785821331e-05
3.6000000000e+02	1.4122381829e-02	-6.8189057662e-03	5.8170243319e-05	3.6792419867e-05
3.6100000000e+02	1.4159177526e-02	-6.8771270659e-03	5.8272311888e-05	3.6798965234e-05
3.6200000000e+02	1.4195979742e-02	-6.9354503019e-03	5.8374116142e-05	3.6805457996e-05
3.6300000000e+02	1.4232788424e-02	-6.9938752105e-03	5.8475657396e-05	3.6811898711e-05
3.6400000000e+02	1.4269603522e-02	-7.0524015294e-03	5.8576936954e-05	3.6818287931e-05
3.6500000000e+02	1.4306424983e-02	-7.1110289976e-03	5.8677956111e-05	3.6824626197e-05
3.6600000000e+02	1.4343252757e-02	-7.1697573553e-03	5.8778716155e-05	3.6830914048e-05
3.6700000000e+02	1.4380086795e-02	-7.2285863440e-03	5.8879218361e-05	3.6837152012e-05
3.6800000000e+02	1.4416927045e-02	-7.2875157065e-03	5.8979463998e-05	3.6843340611e-05
3.6900000000e+02	1.4453773459e-02	-7.3465451869e-03	5.9079454326e-05	3.6849480362e-05
3.7000000000e+02	1.4490625990e-02	-7.4056745304e-03	5.9179190595e-05	3.6855571772e-05
3.7100000000e+02	1.4527484587e-02	-7.4649034838e-03	5.9278674045e-05	3.6861615346e-05
3.7200000000e+02	1.4564349204e-02	-7.5242317947e-03	5.9377905912e-05	3.6867611578e-05
3.7300000000e+02	1.4601219795e-02	-7.5836592121e-03	5.9476887418e-05	3.6873560958e-05
3.7400000000e+02	1.4638096311e-02	-7.6431854865e-03	5.9575619779e-05	3.6879463970e-05
3.7500000000e+02	1.4674978707e-02	-7.7028103691e-03	5.9674104204e-05	3.6885321090e-05
3.7600000000e+02	1.4711866938e-02	-7.7625336126e-03	5.9772341890e-05	3.6891132791e-05
3.7700000000e+02	1.4748760958e-02	-7.8223549710e-03	5.9870334029e-05	3.6896899537e-05
3.7800000000e+02	1.4785660722e-02	-7.8822741992e-03	5.9968081803e-05	3.6902621786e-05
3.7900000000e+02	1.4822566187e-02	-7.9422910535e-03	6.0065586386e-05	3.6908299994e-05
3.8000000000e+02	1.4859477308e-02	-8.0024052913e-03	6.0162848945e-05	3.6913934607e-05
3.8100000000e+02	1.4896394042e-02	-8.0626166711e-03	6.0259870637e-05	3.6919526067e-05
3.8200000000e+02	1.4933316346e-02	-8.1229249527e-03	6.0356652613e-05	3.6925074811e-05
3.8300000000e+02	1.4970244177e-02	-8.1833298968e-03	6.0453196016e-05	3.6930581270e-05
3.8400000000e+02	1.5007177494e-02	-8.2438312656e-03	6.0549501978e-05	3.6936045870e-05
3.8500000000e+02	1.5044116255e-02	-8.3044288220e-03	6.0645571629e-05	3.6941469031e-05
3.8600000000e+02	1.5081060419e-02	-8.3651223304e-03	6.0741406085e-05	3.6946851168e-05
3.8700000000e+02	1.5118009944e-02	-8.4259115562e-03	6.0837006460e-05	3.6952192691e-05
3.8800000000e+02	1.5154964791e-02	-8.4867962657e-03	6.0932373856e-05	3.6957494005e-05
3.8900000000e+02	1.5191924919e-02	-8.5477762266e-03	6.1027509371e-05	3.6962755510e-05
3.9000000000e+02	1.5228890288e-02	-8.6088512075e-03	6.1122414092e-05	3.6967977602e-05
3.9100000000e+02	1.5265860861e-02	-8.6700209782e-03	6.1217089102e-05	3.6973160669e-05
3.9200000000e+02	1.5302836597e-02	-8.7312853095e-03	6.1311535475e-05	3.6978305097e-05
3.9300000000e+02	1.5339817458e-02	-8.7926439733e-03	6.1405754279e-05	3.6983411268e-05
3.9400000000e+02	1.5376803407e-02	-8.8540967425e-03	6.1499746572e-05	3.6988479556e-05
3.9500000000e+02	1.5413794405e-02	-8.9156433913e-03	6.1593513408e-05	3.6993510334e-05
3.9600000000e+02	1.5450790415e-02	-8.9772836946e-03	6.1687055832e-05	3.6998503969e-05
3.9700000000e+02	1.5487791401e-02	-9.0390174285e-03	6.1780374884e-05	3.7003460822e-05
3.9800000000e+02	1.5524797325e-02	-9.1008443702e-03	6.1873471595e-05	3.7008381252e-05
3.9900000000e+02	1.5561808151e-02	-9.1627642979e-03	6.1966346990e-05	3.7013265613e-05
4.0000000000e+02	1.5598823844e-02	-9.2247769908e-03	6.2059002087e-05	3.7018114254e-05
4.0100000000e+02	1.5635844368e-02	-9.2868822290e-03	6.2151437897e-05	3.7022927520e-05
4.0200000000e+02	1.5672869687e-02	-9.3490797938e-03	6.2243655425e-05	3.7027705753e-05
4.0300000000e+02	1.5709899768e-02	-9.4113694674e-03	6.2335655670e-05	3.7032449289e-05
4.0400000000e+02	1.5746934574e-02	-9.4737510330e-03	6.2427439622e-05	3.7037158463e-05
4.0500000000e+02	1.5783974073e-02	-9.5362242749e-03	6.2519008267e-05	3.7041833602e-05
4.0600000000e+02	1.5821018230e-02	-9.5987889781e-03	6.2610362582e-05	3.7046475032e-05
4.0700000000e+02	1.5858067012e-02	-9.6614449289e-03	6.2701503541e-05	3.7051083075e-05
4.0800000000e+02	1.5895120385e-02	-9.7241919144e-03	6.2792432108e-05	3.7055658048e-05
4.0900000000e+02	1.5932178317e-02	-9.7870297227e-03	6.2883149242e-05	3.7060200264e-05
4.1000000000e+02	1.5969240775e-02	-9.8499581427e-03	6.2973655897e-05	3.7064710034e-05
4.1100000000e+02	1.6006307727e-02	-9.9129769646e-03	6.3063953020e-05	3.7069187665e-05
4.1200000000e+02	1.6043379140e-02	-9.9760859792e-03	6.3154041551e-05	3.7073633459e-05
4.1300000000e+02	1.6080454983e-02	-1.0039284978e-02	6.3243922425e-05	3.7078047716e-05
4.1400000000e+02	1.6117535225e-02	-1.0102573755e-02	6.3333596570e-05	3.7082430731e-05
4.1500000000e+02	1.6154619834e-02	-1.0165952103e-02	6.3423064909e-05	3.7086782797e-05
4.1600000000e+02	1.6191708780e-02	-1.0229419817e-02	6.3512328358e-05	3.7091104204e-05
4.1700000000e+02	1.6228802033e-02	-1.0292976692e-02	6.3601387828e-05	3.7095395235e-05
4.1800000000e+02	1.6265899561e-02	-1.0356622525e-02	6.3690244223e-05	3.7099656175e-05
4.1900000000e+02	1.6303001335e-02	-1.0420357113e-02	6.3778898443e-05	3.7103887302e-05
4.2000000000e+02	1.6340107325e-02	-1.0484180254e-02	6.3867351381e-05	3.7108088892e-05
4.2100000000e+02	1.6377217503e-02	-1.0548091749e-02	6.3955603923e-05	3.7112261218e-05
4.2200000000e+02	1.6414331838e-02	-1.0612091396e-02	6.4043656953e-05	3.7116404550e-05
4.2300000000e+02	1.6451450302e-02	-1.0676178996e-02	6.4131511345e-05	3.7120519153e-05
4.2400000000e+02	1.6488572867e-02	-1.0740354353e-02	6.4219167971e-05	3.7124605292e-05
4.2500000000e+02	1.6525699504e-02	-1.0804617267e-02	6.4306627695e-05	3.7128663227e-05
4.2600000000e+02	1.6562830184e-02	-1.0868967543e-02	6.4393891378e-05	3.7132693215e-05
4.2700000000e+02	1.6599964881e-02	-1.0933404984e-02	6.4480959872e-05	3.7136695512e-05
4.2800000000e+02	1.6637103566e-02	-1.0997929398e-02	6.4567834027e-05	3.7140670369e-05
4.2900000000e+02	1.6674246213e-02	-1.1062540588e-02	6.4654514687e-05	3.7144618035e-05
4.3000000000e+02	1.6711392793e-02	-1.1127238363e-02	6.4741002688e-05	3.7148538756e-05
4.3100000000e+02	1.6748543281e-02	-1.1192022529e-02	6.4827298865e-05	3.7152432775e-05
4.3200000000e+02	1.6785697650e-02	-1.1256892897e-02	6.4913404043e-05	3.7156300333e-05
4.3300000000e+02	1.6822855873e-02	-1.1321849274e-02	6.4999319047e-05	3.7160141668e-05
4.3400000000e+02	1.6860017925e-02	-1.1386891472e-02	6.5085044692e-05	3.7163957016e-05
4.3500000000e+02	1.6897183779e-02	-1.1452019301e-02	6.5170581791e-05	3.7167746608e-05
4.3600000000e+02	1.6934353409e-02	-1.1517232573e-02	6.5255931152e-05	3.7171510676e-05
4.3700000000e+02	1.6971526791e-02	-1.1582531101e-02	6.5341093575e-05	3.7175249446e-05
4.3800000000e+02	1.7008703900e-02	-1.1647914698e-02	6.5426069858e-05	3.7178963143e-05
4.3900000000e+02	1.7045884709e-02	-1.1713383179e-02	6.5510860793e-05	3.7182651991e-05
4.4000000000e+02	1.7083069196e-02	-1.1778936358e-02	6.5595467167e-05	3.7186316209e-05
4.4100000000e+02	1.7120257334e-02	-1.1844574052e-02	6.5679889763e-05	3.7189956015e-05
4.4200000000e+02	1.7157449100e-02	-1.1910296076e-02	6.5764129358e-05	3.7193571624e-05
4.4300000000e+02	1.7194644469e-02	-1.1976102250e-02	6.5848186724e-05	3.7197163249e-05
4.4400000000e+02	1.7231843418e-02	-1.2041992389e-02	6.5932062630e-05	3.7200731101e-05
4.4500000000e+02	1.7269045923e-02	-1.2107966315e-02	6.6015757838e-05	3.7204275388e-05
4.4600000000e+02	1.7306251961e-02	-1.2174023845e-02	6.6099273108e-05	3.7207796315e-05
4.4700000000e+02	1.7343461508e-02	-1.2240164801e-02	6.6182609193e-05	3.7211294088e-05
4.4800000000e+02	1.7380674542e-02	-1.2306389004e-02	6.6265766843e-05	3.7214768907e-05
4.4900000000e+02	1.7417891038e-02	-1.2372696276e-02	6.6348746802e-05	3.7218220972e-05
4.5000000000e+02	1.7455110976e-02	-1.2439086439e-02	6.6431549811e-05	3.7221650480e-05
4.5100000000e+02	1.7492334332e-02	-1.2505559317e-02	6.6514176604e-05	3.7225057626e-05
4.5200000000e+02	1.7529561084e-02	-1.2572114733e-02	6.6596627914e-05	3.7228442604e-05
4.5300000000e+02	1.7566791210e-02	-1.2638752514e-02	6.6678904468e-05	3.7231805604e-05
4.5400000000e+02	1.7604024688e-02	-1.2705472484e-02	6.6761006987e-05	3.7235146815e-05
4.5500000000e+02	1.7641261496e-02	-1.2772274470e-02	6.6842936190e-05	3.7238466424e-05
4.5600000000e+02	1.7678501614e-02	-1.2839158299e-02	6.6924692791e-05	3.7241764617e-05
4.5700000000e+02	1.7715745018e-02	-1.2906123799e-02	6.7006277499e-05	3.7245041575e-05
4.5800000000e+02	1.7752991690e-02	-1.2973170797e-02	6.7087691019e-05	3.7248297481e-05
4.5900000000e+02	1.7790241606e-02	-1.3040299124e-02	6.7168934053e-05	3.7251532513e-05
4.6000000000e+02	1.7827494748e-02	-1.3107508609e-02	6.7250007297e-05	3.7254746848e-05
4.6100000000e+02	1.7864751093e-02	-1.3174799082e-02	6.7330911443e-05	3.7257940662e-05
4.6200000000e+02	1.7902010622e-02	-1.3242170375e-02	6.7411647181e-05	3.7261114129e-05
4.6300000000e+02	1.7939273315e-02	-1.3309622320e-02	6.7492215195e-05	3.7264267419e-05
4.6400000000e+02	1.7976539151e-02	-1.3377154750e-02	6.7572616165e-05	3.7267400704e-05
4.6500000000e+02	1.8013808110e-02	-1.3444767497e-02	6.7652850768e-05	3.7270514150e-05
4.6600000000e+02	1.8051080172e-02	-1.3512460396e-02	6.7732919675e-05	3.7273607925e-05
4.6700000000e+02	1.8088355319e-02	-1.3580233282e-02	6.7812823556e-05	3.7276682192e-05
4.6800000000e+02	1.8125633530e-02	-1.3648085989e-02	6.7892563075e-05	3.7279737116e-05
4.6900000000e+02	1.8162914787e-02	-1.3716018353e-02	6.7972138891e-05	3.7282772856e-05
4.7000000000e+02	1.8200199070e-02	-1.3784030212e-02	6.8051551663e-05	3.7285789574e-05
4.7100000000e+02	1.8237486360e-02	-1.3852121402e-02	6.8130802043e-05	3.7288787426e-05
4.7200000000e+02	1.8274776638e-02	-1.3920291762e-02	6.8209890679e-05	3.7291766568e-05
4.7300000000e+02	1.8312069887e-02	-1.3988541130e-02	6.8288818217e-05	3.7294727157e-05
4.7400000000e+02	1.8349366086e-02	-1.4056869345e-02	6.8367585299e-05	3.7297669344e-05
4.7500000000e+02	1.8386665219e-02	-1.4125276247e-02	6.8446192561e-05	3.7300593281e-05
4.7600000000e+02	1.8423967267e-02	-1.4193761677e-02	6.8524640639e-05	3.7303499118e-05
4.7700000000e+02	1.8461272211e-02	-1.4262325476e-02	6.8602930162e-05	3.7306387004e-05
4.7800000000e+02	1.8498580035e-02	-1.4330967485e-02	6.8681061757e-05	3.7309257086e-05
4.7900000000e+02	1.8535890720e-02	-1.4399687547e-02	6.8759036047e-05	3.7312109508e-05
4.8000000000e+02	1.8573204248e-02	-1.4468485505e-02	6.8836853652e-05	3.7314944415e-05
4.8100000000e+02	1.8610520603e-02	-1.4537361202e-02	6.8914515187e-05	3.7317761950e-05
4.8200000000e+02	1.8647839766e-02	-1.4606314483e-02	6.8992021265e-05	3.7320562253e-05
4.8300000000e+02	1.8685161722e-02	-1.4675345193e-02	6.9069372494e-05	3.7323345464e-05
4.8400000000e+02	1.8722486452e-02	-1.4744453177e-02	6.9146569481e-05	3.7326111721e-05
4.8500000000e+02	1.8759813939e-02	-1.4813638281e-02	6.9223612825e-05	3.7328861162e-05
4.8600000000e+02	1.8797144168e-02	-1.4882900352e-02	6.9300503128e-05	3.7331593921e-05
4.8700000000e+02	1.8834477122e-02	-1.4952239236e-02	6.9377240982e-05	3.7334310133e-05
4.8800000000e+02	1.8871812783e-02	-1.5021654783e-02	6.9453826980e-05	3.7337009930e-05
4.8900000000e+02	1.8909151136e-02	-1.5091146840e-02	6.9530261710e-05	3.7339693445e-05
4.9000000000e+02	1.8946492165e-02	-1.5160715256e-02	6.9606545757e-05	3.7342360806e-05
4.9100000000e+02	1.8983835852e-02	-1.5230359881e-02	6.9682679702e-05	3.7345012144e-05
4.9200000000e+02	1.9021182184e-02	-1.5300080566e-02	6.9758664125e-05	3.7347647585e-05
4.9300000000e+02	1.9058531142e-02	-1.5369877160e-02	6.9834499599e-05	3.7350267256e-05
4.9400000000e+02	1.9095882713e-02	-1.5439749515e-02	6.9910186697e-05	3.7352871281e-05
4.9500000000e+02	1.9133236880e-02	-1.5509697484e-02	6.9985725988e-05	3.7355459786e-05
4.9600000000e+02	1.9170593627e-02	-1.5579720918e-02	7.0061118036e-05	3.7358032892e-05
4.9700000000e+02	1.9207952940e-02	-1.5649819671e-02	7.0136363404e-05	3.7360590721e-05
4.9800000000e+02	1.9245314804e-02	-1.5719993596e-02	7.0211462651e-05	3.7363133393e-05
4.9900000000e+02	1.9282679202e-02	-1.5790242548e-02	7.0286416333e-05	3.7365661027e-05
5.0000000000e+02	1.9320046121e-02	-1.5860566381e-02	7.0361225003e-05	3.7368173740e-05
5.0100000000e+02	1.9357415545e-02	-1.5930964950e-02	7.0435889211e-05	3.7370671651e-05
5.0200000000e+02	1.9394787459e-02	-1.6001438111e-02	7.0510409503e-05	3.7373154874e-05
5.0300000000e+02	1.9432161850e-02	-1.6071985721e-02	7.0584786423e-05	3.7375623523e-05
5.0400000000e+02	1.9469538702e-02	-1.6142607636e-02	7.0659020512e-05	3.7378077713e-05
5.0500000000e+02	1.9506918000e-02	-1.6213303715e-02	7.0733112307e-05	3.7380517555e-05
5.0600000000e+02	1.9544299732e-02	-1.6284073814e-02	7.0807062343e-05	3.7382943161e-05
5.0700000000e+02	1.9581683882e-02	-1.6354917792e-02	7.0880871152e-05	3.7385354640e-05
5.0800000000e+02	1.9619070436e-02	-1.6425835509e-02	7.0954539263e-05	3.7387752103e-05
5.0900000000e+02	1.9656459382e-02	-1.6496826824e-02	7.1028067202e-05	3.7390135656e-05
5.1000000000e+02	1.9693850703e-02	-1.6567891597e-02	7.1101455491e-05	3.7392505407e-05
5.1100000000e+02	1.9731244388e-02	-1.6639029689e-02	7.1174704651e-05	3.7394861461e-05
5.1200000000e+02	1.9768640422e-02	-1.6710240960e-02	7.1247815199e-05	3.7397203925e-05
5.1300000000e+02	1.9806038791e-02	-1.6781525273e-02	7.1320787650e-05	3.7399532901e-05
5.1400000000e+02	1.9843439483e-02	-1.6852882490e-02	7.1393622515e-05	3.7401848493e-05
5.1500000000e+02	1.9880842484e-02	-1.6924312472e-02	7.1466320303e-05	3.7404150802e-05
5.1600000000e+02	1.9918247780e-02	-1.6995815085e-02	7.1538881521e-05	3.7406439930e-05
5.1700000000e+02	1.9955655359e-02	-1.7067390190e-02	7.1611306672e-05	3.7408715976e-05
5.1800000000e+02	1.9993065208e-02	-1.7139037653e-02	7.1683596256e-05	3.7410979041e-05
5.1900000000e+02	2.0030477313e-02	-1.7210757338e-02	7.1755750772e-05	3.7413229221e-05
5.2000000000e+02	2.0067891662e-02	-1.7282549110e-02	7.1827770714e-05	3.7415466615e-05
5.2100000000e+02	2.0105308242e-02	-1.7354412834e-02	7.1899656576e-05	3.7417691318e-05
5.2200000000e+02	2.0142727040e-02	-1.7426348378e-02	7.1971408848e-05	3.7419903426e-05
5.2300000000e+02	2.0180148045e-02	-1.7498355608e-02	7.2043028016e-05	3.7422103034e-05
5.2400000000e+02	2.0217571242e-02	-1.7570434390e-02	7.2114514565e-05	3.7424290236e-05
5.2500000000e+02	2.0254996621e-02	-1.7642584593e-02	7.2185868979e-05	3.7426465123e-05
5.2600000000e+02	2.0292424168e-02	-1.7714806084e-02	7.2257091735e-05	3.7428627788e-05
5.2700000000e+02	2.0329853873e-02	-1.7787098732e-02	7.2328183311e-05	3.7430778322e-05
5.2800000000e+02	2.0367285721e-02	-1.7859462407e-02	7.2399144182e-05	3.7432916816e-05
5.2900000000e+02	2.0404719702e-02	-1.7931896977e-02	7.2469974820e-05	3.7435043359e-05
5.3000000000e+02	2.0442155804e-02	-1.8004402313e-02	7.2540675693e-05	3.7437158039e-05
5.3100000000e+02	2.0479594014e-02	-1.8076978286e-02	7.2611247269e-05	3.7439260943e-05
5.3200000000e+02	2.0517034322e-02	-1.8149624765e-02	7.2681690013e-05	3.7441352160e-05
5.3300000000e+02	2.0554476715e-02	-1.8222341623e-02	7.2752004386e-05	3.7443431776e-05
5.3400000000e+02	2.0591921182e-02	-1.8295128731e-02	7.2822190848e-05	3.7445499874e-05
5.3500000000e+02	2.0629367711e-02	-1.8367985962e-02	7.2892249856e-05	3.7447556541e-05
5.3600000000e+02	2.0666816291e-02	-1.8440913189e-02	7.2962181865e-05	3.7449601860e-05
5.3700000000e+02	2.0704266911e-02	-1.8513910284e-02	7.3031987327e-05	3.7451635914e-05
5.3800000000e+02	2.0741719559e-02	-1.8586977121e-02	7.3101666692e-05	3.7453658785e-05
5.3900000000e+02	2.0779174225e-02	-1.8660113575e-02	7.3171220408e-05	3.7455670555e-05
5.4000000000e+02	2.0816630896e-02	-1.8733319520e-02	7.3240648920e-05	3.7457671305e-05
5.4100000000e+02	2.0854089564e-02	-1.8806594831e-02	7.3309952671e-05	3.7459661114e-05
5.4200000000e+02	2.0891550215e-02	-1.8879939384e-02	7.3379132102e-05	3.7461640063e-05
5.4300000000e+02	2.0929012840e-02	-1.8953353054e-02	7.3448187651e-05	3.7463608229e-05
5.4400000000e+02	2.0966477428e-02	-1.9026835718e-02	7.3517119754e-05	3.7465565692e-05
5.4500000000e+02	2.1003943968e-02	-1.9100387253e-02	7.3585928845e-05	3.7467512526e-05
5.4600000000e+02	2.1041412449e-02	-1.9174007535e-02	7.3654615356e-05	3.7469448811e-05
5.4700000000e+02	2.1078882862e-02	-1.9247696443e-02	7.3723179716e-05	3.7471374620e-05
5.4800000000e+02	2.1116355195e-02	-1.9321453854e-02	7.3791622353e-05	3.7473290031e-05
5.4900000000e+02	2.1153829439e-02	-1.9395279647e-02	7.3859943690e-05	3.7475195116e-05
5.5000000000e+02	2.1191305582e-02	-1.9469173701e-02	7.3928144151e-05	3.7477089950e-05
5.5100000000e+02	2.1228783615e-02	-1.9543135895e-02	7.3996224157e-05	3.7478974605e-05
5.5200000000e+02	2.1266263528e-02	-1.9617166109e-02	7.4064184126e-05	3.7480849156e-05
5.5300000000e+02	2.1303745310e-02	-1.9691264224e-02	7.4132024473e-05	3.7482713673e-05
5.5400000000e+02	2.1341228952e-02	-1.9765430119e-02	7.4199745615e-05	3.7484568227e-05
5.5500000000e+02	2.1378714443e-02	-1.9839663675e-02	7.4267347961e-05	3.7486412890e-05
5.5600000000e+02	2.1416201774e-02	-1.9913964775e-02	7.4334831924e-05	3.7488247731e-05
5.5700000000e+02	2.1453690935e-02	-1.9988333300e-02	7.4402197909e-05	3.7490072819e-05
5.5800000000e+02	2.1491181917e-02	-2.0062769132e-02	7.4469446324e-05	3.7491888224e-05
5.5900000000e+02	2.1528674709e-02	-2.0137272153e-02	7.4536577571e-05	3.7493694014e-05
5.6000000000e+02	2.1566169302e-02	-2.0211842248e-02	7.4603592053e-05	3.7495490256e-05
5.6100000000e+02	2.1603665686e-02	-2.0286479299e-02	7.4670490169e-05	3.7497277017e-05
5.6200000000e+02	2.1641163853e-02	-2.0361183190e-02	7.4737272317e-05	3.7499054364e-05
5.6300000000e+02	2.1678663792e-02	-2.0435953805e-02	7.4803938893e-05	3.7500822362e-05
5.6400000000e+02	2.1716165494e-02	-2.0510791029e-02	7.4870490289e-05	3.7502581076e-05
5.6500000000e+02	2.1753668951e-02	-2.0585694747e-02	7.4936926899e-05	3.7504330572e-05
5.6600000000e+02	2.1791174152e-02	-2.0660664845e-02	7.5003249111e-05	3.7506070913e-05
5.6700000000e+02	2.1828681090e-02	-2.0735701207e-02	7.5069457314e-05	3.7507802164e-05
5.6800000000e+02	2.1866189754e-02	-2.0810803721e-02	7.5135551893e-05	3.7509524386e-05
5.6900000000e+02	2.1903700135e-02	-2.0885972273e-02	7.5201533232e-05	3.7511237643e-05
5.7000000000e+02	2.1941212226e-02	-2.0961206750e-02	7.5267401713e-05	3.7512941996e-05
5.7100000000e+02	2.1978726016e-02	-2.1036507039e-02	7.5333157716e-05	3.7514637507e-05
5.7200000000e+02	2.2016241498e-02	-2.1111873028e-02	7.5398801620e-05	3.7516324237e-05
5.7300000000e+02	2.2053758662e-02	-2.1187304605e-02	7.5464333800e-05	3.7518002246e-05
5.7400000000e+02	2.2091277500e-02	-2.1262801659e-02	7.5529754631e-05	3.7519671594e-05
5.7500000000e+02	2.2128798002e-02	-2.1338364078e-02	7.5595064487e-05	3.7521332340e-05
5.7600000000e+02	2.2166320161e-02	-2.1413991751e-02	7.5660263737e-05	3.7522984543e-05
5.7700000000e+02	2.2203843969e-02	-2.1489684568e-02	7.5725352750e-05	3.7524628261e-05
5.7800000000e+02	2.2241369415e-02	-2.1565442420e-02	7.5790331894e-05	3.7526263553e-05
5.7900000000e+02	2.2278896493e-02	-2.1641265196e-02	7.5855201535e-05	3.7527890475e-05
5.8000000000e+02	2.2316425193e-02	-2.1717152787e-02	7.5919962034e-05	3.7529509085e-05
5.8100000000e+02	2.2353955508e-02	-2.1793105083e-02	7.5984613755e-05	3.7531119438e-05
5.8200000000e+02	2.2391487429e-02	-2.1869121978e-02	7.6049157057e-05	3.7532721591e-05
5.8300000000e+02	2.2429020949e-02	-2.1945203362e-02	7.6113592299e-05	3.7534315599e-05
5.8400000000e+02	2.2466556058e-02	-2.2021349127e-02	7.6177919837e-05	3.7535901517e-05
5.8500000000e+02	2.2504092749e-02	-2.2097559165e-02	7.6242140025e-05	3.7537479400e-05
5.8600000000e+02	2.2541631014e-02	-2.2173833371e-02	7.6306253217e-05	3.7539049301e-05
5.8700000000e+02	2.2579170845e-02	-2.2250171636e-02	7.6370259764e-05	3.7540611274e-05
5.8800000000e+02	2.2616712234e-02	-2.2326573855e-02	7.6434160015e-05	3.7542165373e-05
5.8900000000e+02	2.2654255173e-02	-2.2403039921e-02	7.6497954320e-05	3.7543711649e-05
5.9000000000e+02	2.2691799655e-02	-2.2479569728e-02	7.6561643022e-05	3.7545250156e-05
5.9100000000e+02	2.2729345671e-02	-2.2556163172e-02	7.6625226469e-05	3.7546780945e-05
5.9200000000e+02	2.2766893214e-02	-2.2632820146e-02	7.6688705001e-05	3.7548304068e-05
5.9300000000e+02	2.2804442277e-02	-2.2709540547e-02	7.6752078961e-05	3.7549819575e-05
5.9400000000e+02	2.2841992851e-02	-2.2786324270e-02	7.6815348687e-05	3.7551327517e-05
5.9500000000e+02	2.2879544929e-02	-2.2863171210e-02	7.6878514519e-05	3.7552827944e-05
5.9600000000e+02	2.2917098504e-02	-2.2940081264e-02	7.6941576792e-05	3.7554320905e-05
5.9700000000e+02	2.2954653568e-02	-2.3017054329e-02	7.7004535842e-05	3.7555806451e-05
5.9800000000e+02	2.2992210115e-02	-2.3094090302e-02	7.7067392000e-05	3.7557284630e-05
5.9900000000e+02	2.3029768135e-02	-2.3171189079e-02	7.7130145600e-05	3.7558755491e-05
6.0000000000e+02	2.3067327623e-02	-2.3248350559e-02	7.7192796970e-05	3.7560219081e-05
6.0100000000e+02	2.3104888571e-02	-2.3325574639e-02	7.7255346439e-05	3.7561675449e-05
6.0200000000e+02	2.3142450972e-02	-2.3402861218e-02	7.7317794334e-05	3.7563124641e-05
6.0300000000e+02	2.3180014818e-02	-2.3480210194e-02	7.7380140981e-05	3.7564566704e-05
6.0400000000e+02	2.3217580103e-02	-2.3557621466e-02	7.7442386703e-05	3.7566001686e-05
6.0500000000e+02	2.3255146819e-02	-2.3635094934e-02	7.7504531822e-05	3.7567429633e-05
6.0600000000e+02	2.3292714960e-02	-2.3712630496e-02	7.7566576660e-05	3.7568850589e-05
6.0700000000e+02	2.3330284518e-02	-2.3790228054e-02	7.7628521534e-05	3.7570264601e-05
6.0800000000e+02	2.3367855487e-02	-2.3867887506e-02	7.7690366764e-05	3.7571671713e-05
6.0900000000e+02	2.3405427859e-02	-2.3945608754e-02	7.7752112665e-05	3.7573071971e-05
6.1000000000e+02	2.3443001628e-02	-2.4023391698e-02	7.7813759552e-05	3.7574465419e-05
6.1100000000e+02	2.3480576788e-02	-2.4101236240e-02	7.7875307738e-05	3.7575852100e-05
6.1200000000e+02	2.3518153330e-02	-2.4179142281e-02	7.7936757535e-05	3.7577232058e-05
6.1300000000e+02	2.3555731249e-02	-2.4257109723e-02	7.7998109253e-05	3.7578605337e-05
6.1400000000e+02	2.3593310539e-02	-2.4335138467e-02	7.8059363201e-05	3.7579971979e-05
6.1500000000e+02	2.3630891191e-02	-2.4413228417e-02	7.8120519687e-05	3.7581332027e-05
6.1600000000e+02	2.3668473200e-02	-2.4491379474e-02	7.8181579017e-05	3.7582685524e-05
6.1700000000e+02	2.3706056560e-02	-2.4569591542e-02	7.8242541495e-05	3.7584032510e-05
6.1800000000e+02	2.3743641263e-02	-2.4647864525e-02	7.8303407424e-05	3.7585373029e-05
6.1900000000e+02	2.3781227304e-02	-2.4726198325e-02	7.8364177107e-05	3.7586707120e-05
6.2000000000e+02	2.3818814675e-02	-2.4804592847e-02	7.8424850843e-05	3.7588034826e-05
6.2100000000e+02	2.3856403371e-02	-2.4883047995e-02	7.8485428931e-05	3.7589356185e-05
6.2200000000e+02	2.3893993386e-02	-2.4961563673e-02	7.8545911670e-05	3.7590671240e-05
6.2300000000e+02	2.3931584712e-02	-2.5040139787e-02	7.8606299355e-05	3.7591980029e-05
6.2400000000e+02	2.3969177344e-02	-2.5118776240e-02	7.8666592282e-05	3.7593282593e-05
6.2500000000e+02	2.4006771275e-02	-2.5197472940e-02	7.8726790743e-05	3.7594578970e-05
6.2600000000e+02	2.4044366500e-02	-2.5276229790e-02	7.8786895032e-05	3.7595869200e-05
6.2700000000e+02	2.4081963011e-02	-2.5355046698e-02	7.8846905438e-05	3.7597153322e-05
6.2800000000e+02	2.4119560804e-02	-2.5433923570e-02	7.8906822252e-05	3.7598431373e-05
6.2900000000e+02	2.4157159872e-02	-2.5512860312e-02	7.8966645761e-05	3.7599703392e-05
6.3000000000e+02	2.4194760209e-02	-2.5591856831e-02	7.9026376253e-05	3.7600969417e-05
6.3100000000e+02	2.4232361809e-02	-2.5670913033e-02	7.9086014013e-05	3.7602229485e-05
6.3200000000e+02	2.4269964666e-02	-2.5750028828e-02	7.9145559326e-05	3.7603483634e-05
6.3300000000e+02	2.4307568774e-02	-2.5829204121e-02	7.9205012473e-05	3.7604731900e-05
6.3400000000e+02	2.4345174128e-02	-2.5908438822e-02	7.9264373738e-05	3.7605974320e-05
6.3500000000e+02	2.4382780721e-02	-2.5987732838e-02	7.9323643400e-05	3.7607210931e-05
6.3600000000e+02	2.4420388548e-02	-2.6067086078e-02	7.9382821739e-05	3.7608441767e-05
6.3700000000e+02	2.4457997603e-02	-2.6146498451e-02	7.9441909033e-05	3.7609666867e-05
6.3800000000e+02	2.4495607880e-02	-2.6225969866e-02	7.9500905558e-05	3.7610886264e-05
6.3900000000e+02	2.4533219373e-02	-2.6305500232e-02	7.9559811589e-05	3.7612099994e-05
6.4000000000e+02	2.4570832078e-02	-2.6385089459e-02	7.9618627402e-05	3.7613308092e-05
6.4100000000e+02	2.4608445988e-02	-2.6464737457e-02	7.9677353268e-05	3.7614510592e-05
6.4200000000e+02	2.4646061097e-02	-2.6544444136e-02	7.9735989460e-05	3.7615707530e-05
6.4300000000e+02	2.4683677401e-02	-2.6624209406e-02	7.9794536247e-05	3.7616898940e-05
6.4400000000e+02	2.4721294893e-02	-2.6704033179e-02	7.9852993900e-05	3.7618084854e-05
6.4500000000e+02	2.4758913569e-02	-2.6783915364e-02	7.9911362687e-05	3.7619265308e-05
6.4600000000e+02	2.4796533422e-02	-2.6863855875e-02	7.9969642874e-05	3.7620440334e-05
6.4700000000e+02	2.4834154448e-02	-2.6943854621e-02	8.0027834727e-05	3.7621609965e-05
6.4800000000e+02	2.4871776640e-02	-2.7023911515e-02	8.0085938510e-05	3.7622774235e-05
6.4900000000e+02	2.4909399994e-02	-2.7104026469e-02	8.0143954488e-05	3.7623933175e-05
6.5000000000e+02	2.4947024505e-02	-2.7184199394e-02	8.0201882922e-05	3.7625086819e-05
6.5100000000e+02	2.4984650166e-02	-2.7264430205e-02	8.0259724073e-05	3.7626235199e-05
6.5200000000e+02	2.5022276973e-02	-2.7344718814e-02	8.0317478201e-05	3.7627378346e-05
6.5300000000e+02	2.5059904921e-02	-2.7425065133e-02	8.0375145565e-05	3.7628516292e-05
6.5400000000e+02	2.5097534004e-02	-2.7505469076e-02	8.0432726422e-05	3.7629649069e-05
6.5500000000e+02	2.5135164217e-02	-2.7585930557e-02	8.0490221029e-05	3.7630776708e-05
6.5600000000e+02	2.5172795556e-02	-2.7666449489e-02	8.0547629642e-05	3.7631899239e-05
6.5700000000e+02	2.5210428014e-02	-2.7747025788e-02	8.0604952514e-05	3.7633016694e-05
6.5800000000e+02	2.5248061588e-02	-2.7827659366e-02	8.0662189899e-05	3.7634129103e-05
6.5900000000e+02	2.5285696271e-02	-2.7908350139e-02	8.0719342048e-05	3.7635236496e-05
6.6000000000e+02	2.5323332059e-02	-2.7989098022e-02	8.0776409213e-05	3.7636338903e-05
6.6100000000e+02	2.5360968947e-02	-2.8069902929e-02	8.0833391643e-05	3.7637436354e-05
6.6200000000e+02	2.5398606930e-02	-2.8150764777e-02	8.0890289587e-05	3.7638528879e-05
6.6300000000e+02	2.5436246003e-02	-2.8231683480e-02	8.0947103293e-05	3.7639616507e-05
6.6400000000e+02	2.5473886161e-02	-2.8312658955e-02	8.1003833007e-05	3.7640699267e-05
6.6500000000e+02	2.5511527400e-02	-2.8393691118e-02	8.1060478975e-05	3.7641777189e-05
6.6600000000e+02	2.5549169714e-02	-2.8474779885e-02	8.1117041441e-05	3.7642850300e-05
6.6700000000e+02	2.5586813099e-02	-2.8555925173e-02	8.1173520648e-05	3.7643918629e-05
6.6800000000e+02	2.5624457550e-02	-2.8637126899e-02	8.1229916840e-05	3.7644982206e-05
6.6900000000e+02	2.5662103062e-02	-2.8718384980e-02	8.1286230256e-05	3.7646041057e-05
6.7000000000e+02	2.5699749630e-02	-2.8799699332e-02	8.1342461138e-05	3.7647095211e-05
6.7100000000e+02	2.5737397251e-02	-2.8881069874e-02	8.1398609724e-05	3.7648144695e-05
6.7200000000e+02	2.5775045918e-02	-2.8962496524e-02	8.1454676254e-05	3.7649189537e-05
6.7300000000e+02	2.5812695628e-02	-2.9043979200e-02	8.1510660963e-05	3.7650229764e-05
6.7400000000e+02	2.5850346376e-02	-2.9125517819e-02	8.1566564088e-05	3.7651265403e-05
6.7500000000e+02	2.5887998158e-02	-2.9207112301e-02	8.1622385864e-05	3.7652296482e-05
6.7600000000e+02	2.5925650968e-02	-2.9288762564e-02	8.1678126525e-05	3.7653323026e-05
6.7700000000e+02	2.5963304802e-02	-2.9370468527e-02	8.1733786305e-05	3.7654345062e-05
6.7800000000e+02	2.6000959656e-02	-2.9452230109e-02	8.1789365436e-05	3.7655362617e-05
6.7900000000e+02	2.6038615526e-02	-2.9534047231e-02	8.1844864148e-05	3.7656375717e-05
6.8000000000e+02	2.6076272406e-02	-2.9615919811e-02	8.1900282672e-05	3.7657384387e-05
6.8100000000e+02	2.6113930293e-02	-2.9697847769e-02	8.1955621237e-05	3.7658388654e-05
6.8200000000e+02	2.6151589182e-02	-2.9779831027e-02	8.2010880072e-05	3.7659388542e-05
6.8300000000e+02	2.6189249069e-02	-2.9861869503e-02	8.2066059402e-05	3.7660384078e-05
6.8400000000e+02	2.6226909949e-02	-2.9943963119e-02	8.2121159456e-05	3.7661375286e-05
6.8500000000e+02	2.6264571818e-02	-3.0026111796e-02	8.2176180458e-05	3.7662362191e-05
6.8600000000e+02	2.6302234672e-02	-3.0108315454e-02	8.2231122632e-05	3.7663344819e-05
6.8700000000e+02	2.6339898506e-02	-3.0190574015e-02	8.2285986202e-05	3.7664323193e-05
6.8800000000e+02	2.6377563317e-02	-3.0272887400e-02	8.2340771391e-05	3.7665297339e-05
6.8900000000e+02	2.6415229099e-02	-3.0355255531e-02	8.2395478419e-05	3.7666267280e-05
6.9000000000e+02	2.6452895850e-02	-3.0437678331e-02	8.2450107508e-05	3.7667233041e-05
6.9100000000e+02	2.6490563564e-02	-3.0520155721e-02	8.2504658878e-05	3.7668194646e-05
6.9200000000e+02	2.6528232238e-02	-3.0602687623e-02	8.2559132747e-05	3.7669152118e-05
6.9300000000e+02	2.6565901867e-02	-3.0685273960e-02	8.2613529332e-05	3.7670105481e-05
6.9400000000e+02	2.6603572447e-02	-3.0767914656e-02	8.2667848852e-05	3.7671054758e-05
6.9500000000e+02	2.6641243975e-02	-3.0850609632e-02	8.2722091522e-05	3.7671999974e-05
6.9600000000e+02	2.6678916446e-02	-3.0933358813e-02	8.2776257557e-05	3.7672941150e-05
6.9700000000e+02	2.6716589856e-02	-3.1016162122e-02	8.2830347171e-05	3.7673878309e-05
6.9800000000e+02	2.6754264201e-02	-3.1099019482e-02	8.2884360578e-05	3.7674811476e-05
6.9900000000e+02	2.6791939478e-02	-3.1181930818e-02	8.2938297991e-05	3.7675740671e-05
7.0000000000e+02	2.6829615681e-02	-3.1264896053e-02	8.2992159620e-05	3.7676665918e-05
7.0100000000e+02	2.6867292808e-02	-3.1347915112e-02	8.3045945678e-05	3.7677587239e-05
7.0200000000e+02	2.6904970854e-02	-3.1430987919e-02	8.3099656373e-05	3.7678504655e-05
7.0300000000e+02	2.6942649816e-02	-3.1514114400e-02	8.3153291914e-05	3.7679418190e-05
7.0400000000e+02	2.6980329690e-02	-3.1597294478e-02	8.3206852511e-05	3.7680327865e-05
7.0500000000e+02	2.7018010471e-02	-3.1680528080e-02	8.3260338369e-05	3.7681233701e-05
7.0600000000e+02	2.7055692156e-02	-3.1763815130e-02	8.3313749696e-05	3.7682135720e-05
7.0700000000e+02	2.7093374741e-02	-3.1847155554e-02	8.3367086698e-05	3.7683033943e-05
7.0800000000e+02	2.7131058222e-02	-3.1930549279e-02	8.3420349578e-05	3.7683928393e-05
7.0900000000e+02	2.7168742596e-02	-3.2013996229e-02	8.3473538541e-05	3.7684819088e-05
7.1000000000e+02	2.7206427859e-02	-3.2097496331e-02	8.3526653789e-05	3.7685706052e-05
7.1100000000e+02	2.7244114007e-02	-3.2181049512e-02	8.3579695526e-05	3.7686589304e-05
7.1200000000e+02	2.7281801037e-02	-3.2264655698e-02	8.3632663953e-05	3.7687468864e-05
7.1300000000e+02	2.7319488944e-02	-3.2348314815e-02	8.3685559270e-05	3.7688344755e-05
7.1400000000e+02	2.7357177725e-02	-3.2432026792e-02	8.3738381676e-05	3.7689216995e-05
7.1500000000e+02	2.7394867377e-02	-3.2515791555e-02	8.3791131372e-05	3.7690085606e-05
7.1600000000e+02	2.7432557895e-02	-3.2599609031e-02	8.3843808555e-05	3.7690950606e-05
7.1700000000e+02	2.7470249277e-02	-3.2683479148e-02	8.3896413423e-05	3.7691812017e-05
7.1800000000e+02	2.7507941518e-02	-3.2767401833e-02	8.3948946172e-05	3.7692669858e-05
7.1900000000e+02	2.7545634615e-02	-3.2851377016e-02	8.4001406997e-05	3.7693524148e-05
7.2000000000e+02	2.7583328565e-02	-3.2935404623e-02	8.4053796095e-05	3.7694374907e-05
7.2100000000e+02	2.7621023364e-02	-3.3019484584e-02	8.4106113659e-05	3.7695222155e-05
7.2200000000e+02	2.7658719008e-02	-3.3103616827e-02	8.4158359882e-05	3.7696065911e-05
7.2300000000e+02	2.7696415494e-02	-3.3187801280e-02	8.4210534958e-05	3.7696906193e-05
7.2400000000e+02	2.7734112819e-02	-3.3272037873e-02	8.4262639078e-05	3.7697743022e-05
7.2500000000e+02	2.7771810979e-02	-3.3356326535e-02	8.4314672433e-05	3.7698576415e-05
7.2600000000e+02	2.7809509971e-02	-3.3440667195e-02	8.4366635214e-05	3.7699406392e-05
7.2700000000e+02	2.7847209791e-02	-3.3525059782e-02	8.4418527611e-05	3.7700232971e-05
7.2800000000e+02	2.7884910436e-02	-3.3609504226e-02	8.4470349811e-05	3.7701056170e-05
7.2900000000e+02	2.7922611902e-02	-3.3694000458e-02	8.4522102003e-05	3.7701876009e-05
7.3000000000e+02	2.7960314187e-02	-3.3778548407e-02	8.4573784375e-05	3.7702692505e-05
7.3100000000e+02	2.7998017286e-02	-3.3863148004e-02	8.4625397113e-05	3.7703505676e-05
7.3200000000e+02	2.8035721197e-02	-3.3947799178e-02	8.4676940403e-05	3.7704315540e-05
7.3300000000e+02	2.8073425916e-02	-3.4032501861e-02	8.4728414430e-05	3.7705122116e-05
7.3400000000e+02	2.8111131440e-02	-3.4117255984e-02	8.4779819379e-05	3.7705925420e-05
7.3500000000e+02	2.8148837766e-02	-3.4202061477e-02	8.4831155433e-05	3.7706725472e-05
7.3600000000e+02	2.8186544890e-02	-3.4286918272e-02	8.4882422774e-05	3.7707522287e-05
7.3700000000e+02	2.8224252809e-02	-3.4371826300e-02	8.4933621587e-05	3.7708315884e-05
7.3800000000e+02	2.8261961521e-02	-3.4456785492e-02	8.4984752050e-05	3.7709106279e-05
7.3900000000e+02	2.8299671021e-02	-3.4541795781e-02	8.5035814347e-05	3.7709893491e-05
7.4000000000e+02	2.8337381307e-02	-3.4626857098e-02	8.5086808656e-05	3.7710677535e-05
7.4100000000e+02	2.8375092375e-02	-3.4711969376e-02	8.5137735156e-05	3.7711458430e-05
7.4200000000e+02	2.8412804222e-02	-3.4797132546e-02	8.5188594028e-05	3.7712236191e-05
7.4300000000e+02	2.8450516846e-02	-3.4882346542e-02	8.5239385448e-05	3.7713010836e-05
7.4400000000e+02	2.8488230243e-02	-3.4967611295e-02	8.5290109594e-05	3.7713782380e-05
7.4500000000e+02	2.8525944410e-02	-3.5052926738e-02	8.5340766642e-05	3.7714550841e-05
7.4600000000e+02	2.8563659344e-02	-3.5138292806e-02	8.5391356769e-05	3.7715316236e-05
7.4700000000e+02	2.8601375041e-02	-3.5223709430e-02	8.5441880149e-05	3.7716078579e-05
7.4800000000e+02	2.8639091500e-02	-3.5309176544e-02	8.5492336957e-05	3.7716837888e-05
7.4900000000e+02	2.8676808716e-02	-3.5394694081e-02	8.5542727367e-05	3.7717594178e-05
7.5000000000e+02	2.8714526687e-02	-3.5480261976e-02	8.5593051552e-05	3.7718347466e-05
7.5100000000e+02	2.8752245410e-02	-3.5565880163e-02	8.5643309684e-05	3.7719097766e-05
7.5200000000e+02	2.8789964882e-02	-3.5651548574e-02	8.5693501936e-05	3.7719845096e-05
7.5300000000e+02	2.8827685099e-02	-3.5737267145e-02	8.5743628478e-05	3.7720589470e-05
7.5400000000e+02	2.8865406060e-02	-3.5823035809e-02	8.5793689481e-05	3.7721330905e-05
7.5500000000e+02	2.8903127760e-02	-3.5908854502e-02	8.5843685115e-05	3.7722069415e-05
7.5600000000e+02	2.8940850198e-02	-3.5994723157e-02	8.5893615549e-05	3.7722805016e-05
7.5700000000e+02	2.8978573369e-02	-3.6080641711e-02	8.5943480952e-05	3.7723537723e-05
7.5800000000e+02	2.9016297272e-02	-3.6166610098e-02	8.5993281491e-05	3.7724267551e-05
7.5900000000e+02	2.9054021903e-02	-3.6252628253e-02	8.6043017333e-05	3.7724994516e-05
7.6000000000e+02	2.9091747260e-02	-3.6338696111e-02	8.6092688646e-05	3.7725718632e-05
7.6100000000e+02	2.9129473340e-02	-3.6424813608e-02	8.6142295595e-05	3.7726439914e-05
7.6200000000e+02	2.9167200139e-02	-3.6510980681e-02	8.6191838346e-05	3.7727158377e-05
7.6300000000e+02	2.9204927655e-02	-3.6597197264e-02	8.6241317063e-05	3.7727874035e-05
7.6400000000e+02	2.9242655886e-02	-3.6683463294e-02	8.6290731911e-05	3.7728586903e-05
7.6500000000e+02	2.9280384828e-02	-3.6769778706e-02	8.6340083052e-05	3.7729296996e-05
7.6600000000e+02	2.9318114479e-02	-3.6856143438e-02	8.6389370650e-05	3.7730004328e-05
7.6700000000e+02	2.9355844836e-02	-3.6942557426e-02	8.6438594866e-05	3.7730708913e-05
7.6800000000e+02	2.9393575896e-02	-3.7029020607e-02	8.6487755864e-05	3.7731410765e-05
7.6900000000e+02	2.9431307657e-02	-3.7115532917e-02	8.6536853802e-05	3.7732109898e-05
7.7000000000e+02	2.9469040115e-02	-3.7202094294e-02	8.6585888843e-05	3.7732806327e-05
7.7100000000e+02	2.9506773268e-02	-3.7288704674e-02	8.6634861145e-05	3.7733500066e-05
7.7200000000e+02	2.9544507114e-02	-3.7375363995e-02	8.6683770867e-05	3.7734191127e-05
7.7300000000e+02	2.9582241650e-02	-3.7462072195e-02	8.6732618169e-05	3.7734879525e-05
7.7400000000e+02	2.9619976872e-02	-3.7548829211e-02	8.6781403208e-05	3.7735565274e-05
7.7500000000e+02	2.9657712780e-02	-3.7635634981e-02	8.6830126142e-05	3.7736248387e-05
7.7600000000e+02	2.9695449368e-02	-3.7722489442e-02	8.6878787127e-05	3.7736928877e-05
7.7700000000e+02	2.9733186636e-02	-3.7809392534e-02	8.6927386320e-05	3.7737606759e-05
7.7800000000e+02	2.9770924581e-02	-3.7896344195e-02	8.6975923876e-05	3.7738282044e-05
7.7900000000e+02	2.9808663200e-02	-3.7983344362e-02	8.7024399950e-05	3.7738954747e-05
7.8000000000e+02	2.9846402490e-02	-3.8070392974e-02	8.7072814697e-05	3.7739624881e-05
7.8100000000e+02	2.9884142449e-02	-3.8157489971e-02	8.7121168270e-05	3.7740292458e-05
7.8200000000e+02	2.9921883074e-02	-3.8244635290e-02	8.7169460823e-05	3.7740957491e-05
7.8300000000e+02	2.9959624363e-02	-3.8331828872e-02	8.7217692509e-05	3.7741619995e-05
7.8400000000e+02	2.9997366313e-02	-3.8419070655e-02	8.7265863479e-05	3.7742279980e-05
7.8500000000e+02	3.0035108922e-02	-3.8506360579e-02	8.7313973886e-05	3.7742937460e-05
7.8600000000e+02	3.0072852187e-02	-3.8593698583e-02	8.7362023880e-05	3.7743592449e-05
7.8700000000e+02	3.0110596106e-02	-3.8681084606e-02	8.7410013611e-05	3.7744244957e-05
7.8800000000e+02	3.0148340676e-02	-3.8768518590e-02	8.7457943231e-05	3.7744894998e-05
7.8900000000e+02	3.0186085895e-02	-3.8856000473e-02	8.7505812887e-05	3.7745542584e-05
7.9000000000e+02	3.0223831760e-02	-3.8943530196e-02	8.7553622729e-05	3.7746187727e-05
7.9100000000e+02	3.0261578270e-02	-3.9031107698e-02	8.7601372905e-05	3.7746830440e-05
7.9200000000e+02	3.0299325420e-02	-3.9118732922e-02	8.7649063563e-05	3.7747470735e-05
7.9300000000e+02	3.0337073210e-02	-3.9206405806e-02	8.7696694850e-05	3.7748108624e-05
7.9400000000e+02	3.0374821637e-02	-3.9294126292e-02	8.7744266912e-05	3.7748744119e-05
7.9500000000e+02	3.0412570698e-02	-3.9381894320e-02	8.7791779896e-05	3.7749377231e-05
7.9600000000e+02	3.0450320391e-02	-3.9469709832e-02	8.7839233948e-05	3.7750007974e-05
7.9700000000e+02	3.0488070713e-02	-3.9557572768e-02	8.7886629211e-05	3.7750636358e-05
7.9800000000e+02	3.0525821663e-02	-3.9645483071e-02	8.7933965831e-05	3.7751262395e-05
7.9900000000e+02	3.0563573237e-02	-3.9733440680e-02	8.7981243952e-05	3.7751886098e-05
8.0000000000e+02	3.0601325434e-02	-3.9821445539e-02	8.8028463716e-05	3.7752507476e-05
8.0100000000e+02	3.0639078251e-02	-3.9909497588e-02	8.8075625268e-05	3.7753126543e-05
8.0200000000e+02	3.0676831686e-02	-3.9997596770e-02	8.8122728749e-05	3.7753743309e-05
8.0300000000e+02	3.0714585737e-02	-4.0085743027e-02	8.8169774301e-05	3.7754357787e-05
8.0400000000e+02	3.0752340401e-02	-4.0173936300e-02	8.8216762065e-05	3.7754969986e-05
8.0500000000e+02	3.0790095676e-02	-4.0262176531e-02	8.8263692183e-05	3.7755579918e-05
8.0600000000e+02	3.0827851560e-02	-4.0350463665e-02	8.8310564795e-05	3.7756187596e-05
8.0700000000e+02	3.0865608051e-02	-4.0438797642e-02	8.8357380040e-05	3.7756793028e-05
8.0800000000e+02	3.0903365145e-02	-4.0527178406e-02	8.8404138058e-05	3.7757396228e-05
8.0900000000e+02	3.0941122842e-02	-4.0615605899e-02	8.8450838988e-05	3.7757997205e-05
8.1000000000e+02	3.0978881139e-02	-4.0704080065e-02	8.8497482968e-05	3.7758595970e-05
8.1100000000e+02	3.1016640034e-02	-4.0792600846e-02	8.8544070135e-05	3.7759192535e-05
8.1200000000e+02	3.1054399523e-02	-4.0881168186e-02	8.8590600628e-05	3.7759786910e-05
8.1300000000e+02	3.1092159607e-02	-4.0969782028e-02	8.8637074582e-05	3.7760379106e-05
8.1400000000e+02	3.1129920281e-02	-4.1058442316e-02	8.8683492134e-05	3.7760969133e-05
8.1500000000e+02	3.1167681544e-02	-4.1147148994e-02	8.8729853421e-05	3.7761557001e-05
8.1600000000e+02	3.1205443394e-02	-4.1235902005e-02	8.8776158577e-05	3.7762142723e-05
8.1700000000e+02	3.1243205829e-02	-4.1324701292e-02	8.8822407737e-05	3.7762726307e-05
8.1800000000e+02	3.1280968846e-02	-4.1413546801e-02	8.8868601036e-05	3.7763307764e-05
8.1900000000e+02	3.1318732444e-02	-4.1502438476e-02	8.8914738608e-05	3.7763887105e-05
8.2000000000e+02	3.1356496620e-02	-4.1591376260e-02	8.8960820585e-05	3.7764464340e-05
8.2100000000e+02	3.1394261372e-02	-4.1680360099e-02	8.9006847102e-05	3.7765039479e-05
8.2200000000e+02	3.1432026698e-02	-4.1769389936e-02	8.9052818289e-05	3.7765612532e-05
8.2300000000e+02	3.1469792596e-02	-4.1858465717e-02	8.9098734281e-05	3.7766183509e-05
8.2400000000e+02	3.1507559064e-02	-4.1947587386e-02	8.9144595207e-05	3.7766752420e-05
8.2500000000e+02	3.1545326100e-02	-4.2036754889e-02	8.9190401199e-05	3.7767319275e-05
8.2600000000e+02	3.1583093702e-02	-4.2125968170e-02	8.9236152388e-05	3.7767884084e-05
8.2700000000e+02	3.1620861868e-02	-4.2215227175e-02	8.9281848904e-05	3.7768446857e-05
8.2800000000e+02	3.1658630595e-02	-4.2304531850e-02	8.9327490876e-05	3.7769007604e-05
8.2900000000e+02	3.1696399882e-02	-4.2393882139e-02	8.9373078433e-05	3.7769566334e-05
8.3000000000e+02	3.1734169727e-02	-4.2483277989e-02	8.9418611706e-05	3.7770123056e-05
8.3100000000e+02	3.1771940128e-02	-4.2572719344e-02	8.9464090821e-05	3.7770677781e-05
8.3200000000e+02	3.1809711082e-02	-4.2662206152e-02	8.9509515907e-05	3.7771230519e-05
8.3300000000e+02	3.1847482588e-02	-4.2751738358e-02	8.9554887090e-05	3.7771781277e-05
8.3400000000e+02	3.1885254644e-02	-4.2841315909e-02	8.9600204499e-05	3.7772330067e-05
8.3500000000e+02	3.1923027248e-02	-4.2930938749e-02	8.9645468260e-05	3.7772876897e-05
8.3600000000e+02	3.1960800397e-02	-4.3020606827e-02	8.9690678498e-05	3.7773421776e-05
8.3700000000e+02	3.1998574091e-02	-4.3110320089e-02	8.9735835339e-05	3.7773964715e-05
8.3800000000e+02	3.2036348326e-02	-4.3200078480e-02	8.9780938909e-05	3.7774505721e-05
8.3900000000e+02	3.2074123101e-02	-4.3289881949e-02	8.9825989333e-05	3.7775044804e-05
8.4000000000e+02	3.2111898415e-02	-4.3379730441e-02	8.9870986733e-05	3.7775581974e-05
8.4100000000e+02	3.2149674265e-02	-4.3469623904e-02	8.9915931236e-05	3.7776117239e-05
8.4200000000e+02	3.2187450649e-02	-4.3559562286e-02	8.9960822963e-05	3.7776650609e-05
8.4300000000e+02	3.2225227565e-02	-4.3649545533e-02	9.0005662038e-05	3.7777182091e-05
8.4400000000e+02	3.2263005012e-02	-4.3739573593e-02	9.0050448584e-05	3.7777711696e-05
8.4500000000e+02	3.2300782988e-02	-4.3829646413e-02	9.0095182723e-05	3.7778239431e-05
8.4600000000e+02	3.2338561491e-02	-4.3919763941e-02	9.0139864576e-05	3.7778765307e-05
8.4700000000e+02	3.2376340518e-02	-4.4009926124e-02	9.0184494265e-05	3.7779289330e-05
8.4800000000e+02	3.2414120069e-02	-4.4100132912e-02	9.0229071911e-05	3.7779811511e-05
8.4900000000e+02	3.2451900140e-02	-4.4190384251e-02	9.0273597634e-05	3.7780331857e-05
8.5000000000e+02	3.2489680732e-02	-4.4280680090e-02	9.0318071555e-05	3.7780850378e-05
8.5100000000e+02	3.2527461841e-02	-4.4371020377e-02	9.0362493792e-05	3.7781367082e-05
8.5200000000e+02	3.2565243465e-02	-4.4461405060e-02	9.0406864466e-05	3.7781881976e-05
8.5300000000e+02	3.2603025604e-02	-4.4551834089e-02	9.0451183696e-05	3.7782395071e-05
8.5400000000e+02	3.2640808255e-02	-4.4642307410e-02	9.0495451599e-05	3.7782906373e-05
8.5500000000e+02	3.2678591416e-02	-4.4732824975e-02	9.0539668293e-05	3.7783415892e-05
8.5600000000e+02	3.2716375086e-02	-4.4823386730e-02	9.0583833897e-05	3.7783923636e-05
8.5700000000e+02	3.2754159263e-02	-4.4913992625e-02	9.0627948528e-05	3.7784429612e-05
8.5800000000e+02	3.2791943945e-02	-4.5004642610e-02	9.0672012302e-05	3.7784933829e-05
8.5900000000e+02	3.2829729130e-02	-4.5095336633e-02	9.0716025335e-05	3.7785436296e-05
8.6000000000e+02	3.2867514817e-02	-4.5186074644e-02	9.0759987745e-05	3.7785937020e-05
8.6100000000e+02	3.2905301003e-02	-4.5276856592e-02	9.0803899646e-05	3.7786436009e-05
8.6200000000e+02	3.2943087688e-02	-4.5367682426e-02	9.0847761154e-05	3.7786933272e-05
8.6300000000e+02	3.2980874869e-02	-4.5458552097e-02	9.0891572383e-05	3.7787428815e-05
8.6400000000e+02	3.3018662545e-02	-4.5549465554e-02	9.0935333449e-05	3.7787922648e-05
8.6500000000e+02	3.3056450714e-02	-4.5640422748e-02	9.0979044464e-05	3.7788414778e-05
8.6600000000e+02	3.3094239374e-02	-4.5731423627e-02	9.1022705544e-05	3.7788905213e-05
8.6700000000e+02	3.3132028524e-02	-4.5822468142e-02	9.1066316800e-05	3.7789393961e-05
8.6800000000e+02	3.3169818161e-02	-4.5913556244e-02	9.1109878347e-05	3.7789881028e-05
8.6900000000e+02	3.3207608285e-02	-4.6004687882e-02	9.1153390296e-05	3.7790366424e-05
8.7000000000e+02	3.3245398894e-02	-4.6095863008e-02	9.1196852760e-05	3.7790850155e-05
8.7100000000e+02	3.3283189985e-02	-4.6187081571e-02	9.1240265851e-05	3.7791332230e-05
8.7200000000e+02	3.3320981558e-02	-4.6278343523e-02	9.1283629680e-05	3.7791812655e-05
8.7300000000e+02	3.3358773610e-02	-4.6369648814e-02	9.1326944357e-05	3.7792291439e-05
8.7400000000e+02	3.3396566140e-02	-4.6460997395e-02	9.1370209995e-05	3.7792768588e-05
8.7500000000e+02	3.3434359146e-02	-4.6552389218e-02	9.1413426702e-05	3.7793244110e-05
8.7600000000e+02	3.3472152628e-02	-4.6643824233e-02	9.1456594589e-05	3.7793718013e-05
8.7700000000e+02	3.3509946582e-02	-4.6735302391e-02	9.1499713766e-05	3.7794190304e-05
8.7800000000e+02	3.3547741008e-02	-4.6826823644e-02	9.1542784341e-05	3.7794660990e-05
8.7900000000e+02	3.3585535903e-02	-4.6918387943e-02	9.1585806424e-05	3.7795130079e-05
8.8000000000e+02	3.3623331267e-02	-4.7009995241e-02	9.1628780123e-05	3.7795597577e-05
8.8100000000e+02	3.3661127098e-02	-4.7101645488e-02	9.1671705545e-05	3.7796063492e-05
8.8200000000e+02	3.3698923394e-02	-4.7193338636e-02	9.1714582800e-05	3.7796527830e-05
8.8300000000e+02	3.3736720153e-02	-4.7285074637e-02	9.1757411994e-05	3.7796990600e-05
8.8400000000e+02	3.3774517375e-02	-4.7376853444e-02	9.1800193233e-05	3.7797451808e-05
8.8500000000e+02	3.3812315056e-02	-4.7468675008e-02	9.1842926626e-05	3.7797911461e-05
8.8600000000e+02	3.3850113197e-02	-4.7560539281e-02	9.1885612278e-05	3.7798369566e-05
8.8700000000e+02	3.3887911795e-02	-4.7652446216e-02	9.1928250294e-05	3.7798826130e-05
8.8800000000e+02	3.3925710849e-02	-4.7744395766e-02	9.1970840782e-05	3.7799281160e-05
8.8900000000e+02	3.3963510357e-02	-4.7836387882e-02	9.2013383846e-05	3.7799734663e-05
8.9000000000e+02	3.4001310318e-02	-4.7928422518e-02	9.2055879590e-05	3.7800186645e-05
8.9100000000e+02	3.4039110730e-02	-4.8020499625e-02	9.2098328120e-05	3.7800637114e-05
8.9200000000e+02	3.4076911591e-02	-4.8112619158e-02	9.2140729540e-05	3.7801086075e-05
8.9300000000e+02	3.4114712901e-02	-4.8204781069e-02	9.2183083953e-05	3.7801533537e-05
8.9400000000e+02	3.4152514658e-02	-4.8296985311e-02	9.2225391463e-05	3.7801979505e-05
8.9500000000e+02	3.4190316860e-02	-4.8389231836e-02	9.2267652174e-05	3.7802423986e-05
8.9600000000e+02	3.4228119505e-02	-4.8481520599e-02	9.2309866188e-05	3.7802866986e-05
8.9700000000e+02	3.4265922593e-02	-4.8573851553e-02	9.2352033608e-05	3.7803308513e-05
8.9800000000e+02	3.4303726122e-02	-4.8666224651e-02	9.2394154535e-05	3.7803748573e-05
8.9900000000e+02	3.4341530090e-02	-4.8758639847e-02	9.2436229073e-05	3.7804187172e-05
9.0000000000e+02	3.4379334496e-02	-4.8851097094e-02	9.2478257322e-05	3.7804624317e-05
9.0100000000e+02	3.4417139338e-02	-4.8943596346e-02	9.2520239383e-05	3.7805060014e-05
9.0200000000e+02	3.4454944615e-02	-4.9036137557e-02	9.2562175357e-05	3.7805494269e-05
9.0300000000e+02	3.4492750326e-02	-4.9128720681e-02	9.2604065346e-05	3.7805927089e-05
9.0400000000e+02	3.4530556469e-02	-4.9221345673e-02	9.2645909449e-05	3.7806358481e-05
9.0500000000e+02	3.4568363043e-02	-4.9314012485e-02	9.2687707765e-05	3.7806788449e-05
9.0600000000e+02	3.4606170045e-02	-4.9406721073e-02	9.2729460395e-05	3.7807217002e-05
9.0700000000e+02	3.4643977476e-02	-4.9499471391e-02	9.2771167438e-05	3.7807644144e-05
9.0800000000e+02	3.4681785333e-02	-4.9592263393e-02	9.2812828993e-05	3.7808069883e-05
9.0900000000e+02	3.4719593615e-02	-4.9685097033e-02	9.2854445158e-05	3.7808494223e-05
9.1000000000e+02	3.4757402321e-02	-4.9777972268e-02	9.2896016032e-05	3.7808917172e-05
9.1100000000e+02	3.4795211449e-02	-4.9870889050e-02	9.2937541712e-05	3.7809338735e-05
9.1200000000e+02	3.4833020998e-02	-4.9963847336e-02	9.2979022296e-05	3.7809758919e-05
9.1300000000e+02	3.4870830967e-02	-5.0056847080e-02	9.3020457882e-05	3.7810177729e-05
9.1400000000e+02	3.4908641353e-02	-5.0149888237e-02	9.3061848567e-05	3.7810595171e-05
9.1500000000e+02	3.4946452156e-02	-5.0242970762e-02	9.3103194447e-05	3.7811011252e-05
9.1600000000e+02	3.4984263375e-02	-5.0336094611e-02	9.3144495618e-05	3.7811425977e-05
9.1700000000e+02	3.5022075008e-02	-5.0429259739e-02	9.3185752177e-05	3.7811839352e-05
9.1800000000e+02	3.5059887053e-02	-5.0522466100e-02	9.3226964220e-05	3.7812251383e-05
9.1900000000e+02	3.5097699510e-02	-5.0615713652e-02	9.3268131842e-05	3.7812662076e-05
9.2000000000e+02	3.5135512377e-02	-5.0709002349e-02	9.3309255138e-05	3.7813071437e-05
9.2100000000e+02	3.5173325653e-02	-5.0802332148e-02	9.3350334202e-05	3.7813479470e-05
9.2200000000e+02	3.5211139336e-02	-5.0895703003e-02	9.3391369131e-05	3.7813886183e-05
9.2300000000e+02	3.5248953425e-02	-5.0989114871e-02	9.3432360017e-05	3.7814291580e-05
9.2400000000e+02	3.5286767918e-02	-5.1082567708e-02	9.3473306955e-05	3.7814695668e-05
9.2500000000e+02	3.5324582816e-02	-5.1176061471e-02	9.3514210039e-05	3.7815098452e-05
9.2600000000e+02	3.5362398115e-02	-5.1269596114e-02	9.3555069362e-05	3.7815499938e-05
9.2700000000e+02	3.5400213815e-02	-5.1363171595e-02	9.3595885016e-05	3.7815900130e-05
9.2800000000e+02	3.5438029915e-02	-5.1456787869e-02	9.3636657095e-05	3.7816299035e-05
9.2900000000e+02	3.5475846413e-02	-5.1550444894e-02	9.3677385691e-05	3.7816696659e-05
9.3000000000e+02	3.5513663308e-02	-5.1644142626e-02	9.3718070897e-05	3.7817093006e-05
9.3100000000e+02	3.5551480598e-02	-5.1737881022e-02	9.3758712804e-05	3.7817488083e-05
9.3200000000e+02	3.5589298283e-02	-5.1831660038e-02	9.3799311503e-05	3.7817881893e-05
9.3300000000e+02	3.5627116362e-02	-5.1925479630e-02	9.3839867087e-05	3.7818274444e-05
9.3400000000e+02	3.5664934832e-02	-5.2019339757e-02	9.3880379646e-05	3.7818665741e-05
9.3500000000e+02	3.5702753693e-02	-5.2113240375e-02	9.3920849271e-05	3.7819055787e-05
9.3600000000e+02	3.5740572943e-02	-5.2207181442e-02	9.3961276052e-05	3.7819444590e-05
9.3700000000e+02	3.5778392581e-02	-5.2301162913e-02	9.4001660080e-05	3.7819832154e-05
9.3800000000e+02	3.5816212607e-02	-5.2395184748e-02	9.4042001444e-05	3.7820218485e-05
9.3900000000e+02	3.5854033018e-02	-5.2489246902e-02	9.4082300234e-05	3.7820603587e-05
9.4000000000e+02	3.5891853814e-02	-5.2583349334e-02	9.4122556540e-05	3.7820987467e-05
9.4100000000e+02	3.5929674993e-02	-5.2677492001e-02	9.4162770450e-05	3.7821370128e-05
9.4200000000e+02	3.5967496553e-02	-5.2771674861e-02	9.4202942053e-05	3.7821751576e-05
9.4300000000e+02	3.6005318495e-02	-5.2865897871e-02	9.4243071438e-05	3.7822131817e-05
9.4400000000e+02	3.6043140817e-02	-5.2960160990e-02	9.4283158693e-05	3.7822510856e-05
9.4500000000e+02	3.6080963517e-02	-5.3054464174e-02	9.4323203906e-05	3.7822888696e-05
9.4600000000e+02	3.6118786594e-02	-5.3148807383e-02	9.4363207164e-05	3.7823265345e-05
9.4700000000e+02	3.6156610047e-02	-5.3243190575e-02	9.4403168555e-05	3.7823640806e-05
9.4800000000e+02	3.6194433875e-02	-5.3337613707e-02	9.4443088166e-05	3.7824015084e-05
9.4900000000e+02	3.6232258077e-02	-5.3432076737e-02	9.4482966084e-05	3.7824388185e-05
9.5000000000e+02	3.6270082651e-02	-5.3526579625e-02	9.4522802396e-05	3.7824760113e-05
9.5100000000e+02	3.6307907597e-02	-5.3621122328e-02	9.4562597187e-05	3.7825130873e-05
9.5200000000e+02	3.6345732912e-02	-5.3715704805e-02	9.4602350544e-05	3.7825500471e-05
9.5300000000e+02	3.6383558597e-02	-5.3810327015e-02	9.4642062552e-05	3.7825868911e-05
9.5400000000e+02	3.6421384650e-02	-5.3904988917e-02	9.4681733298e-05	3.7826236197e-05
9.5500000000e+02	3.6459211069e-02	-5.3999690468e-02	9.4721362866e-05	3.7826602336e-05
9.5600000000e+02	3.6497037854e-02	-5.4094431629e-02	9.4760951342e-05	3.7826967330e-05
9.5700000000e+02	3.6534865003e-02	-5.4189212357e-02	9.4800498809e-05	3.7827331186e-05
9.5800000000e+02	3.6572692516e-02	-5.4284032613e-02	9.4840005354e-05	3.7827693908e-05
9.5900000000e+02	3.6610520391e-02	-5.4378892354e-02	9.4879471059e-05	3.7828055500e-05
9.6000000000e+02	3.6648348627e-02	-5.4473791541e-02	9.4918896008e-05	3.7828415968e-05
9.6100000000e+02	3.6686177222e-02	-5.4568730133e-02	9.4958280286e-05	3.7828775316e-05
9.6200000000e+02	3.6724006177e-02	-5.4663708088e-02	9.4997623976e-05	3.7829133548e-05
9.6300000000e+02	3.6761835489e-02	-5.4758725367e-02	9.5036927161e-05	3.7829490669e-05
9.6400000000e+02	3.6799665158e-02	-5.4853781929e-02	9.5076189924e-05	3.7829846684e-05
9.6500000000e+02	3.6837495182e-02	-5.4948877734e-02	9.5115412348e-05	3.7830201598e-05
9.6600000000e+02	3.6875325561e-02	-5.5044012740e-02	9.5154594515e-05	3.7830555414e-05
9.6700000000e+02	3.6913156293e-02	-5.5139186909e-02	9.5193736507e-05	3.7830908138e-05
9.6800000000e+02	3.6950987377e-02	-5.5234400200e-02	9.5232838406e-05	3.7831259773e-05
9.6900000000e+02	3.6988818812e-02	-5.5329652573e-02	9.5271900294e-05	3.7831610325e-05
9.7000000000e+02	3.7026650597e-02	-5.5424943987e-02	9.5310922252e-05	3.7831959798e-05
9.7100000000e+02	3.7064482731e-02	-5.5520274404e-02	9.5349904361e-05	3.7832308196e-05
9.7200000000e+02	3.7102315213e-02	-5.5615643783e-02	9.5388846703e-05	3.7832655524e-05
9.7300000000e+02	3.7140148042e-02	-5.5711052084e-02	9.5427749359e-05	3.7833001785e-05
9.7400000000e+02	3.7177981216e-02	-5.5806499268e-02	9.5466612407e-05	3.7833346985e-05
9.7500000000e+02	3.7215814735e-02	-5.5901985296e-02	9.5505435929e-05	3.7833691127e-05
9.7600000000e+02	3.7253648598e-02	-5.5997510127e-02	9.5544220005e-05	3.7834034217e-05
9.7700000000e+02	3.7291482803e-02	-5.6093073723e-02	9.5582964715e-05	3.7834376257e-05
9.7800000000e+02	3.7329317350e-02	-5.6188676043e-02	9.5621670137e-05	3.7834717254e-05
9.7900000000e+02	3.7367152238e-02	-5.6284317050e-02	9.5660336351e-05	3.7835057210e-05
9.8000000000e+02	3.7404987464e-02	-5.6379996703e-02	9.5698963436e-05	3.7835396130e-05
9.8100000000e+02	3.7442823029e-02	-5.6475714964e-02	9.5737551471e-05	3.7835734018e-05
9.8200000000e+02	3.7480658932e-02	-5.6571471793e-02	9.5776100535e-05	3.7836070878e-05
9.8300000000e+02	3.7518495171e-02	-5.6667267152e-02	9.5814610705e-05	3.7836406715e-05
9.8400000000e+02	3.7556331745e-02	-5.6763101002e-02	9.5853082060e-05	3.7836741533e-05
9.8500000000e+02	3.7594168654e-02	-5.6858973303e-02	9.5891514677e-05	3.7837075336e-05
9.8600000000e+02	3.7632005895e-02	-5.6954884018e-02	9.5929908634e-05	3.7837408127e-05
9.8700000000e+02	3.7669843470e-02	-5.7050833108e-02	9.5968264009e-05	3.7837739911e-05
9.8800000000e+02	3.7707681375e-02	-5.7146820533e-02	9.6006580879e-05	3.7838070693e-05
9.8900000000e+02	3.7745519611e-02	-5.7242846256e-02	9.6044859320e-05	3.7838400475e-05
9.9000000000e+02	3.7783358176e-02	-5.7338910239e-02	9.6083099409e-05	3.7838729263e-05
9.9100000000e+02	3.7821197069e-02	-5.7435012443e-02	9.6121301222e-05	3.7839057059e-05
9.9200000000e+02	3.7859036289e-02	-5.7531152829e-02	9.6159464837e-05	3.7839383869e-05
9.9300000000e+02	3.7896875836e-02	-5.7627331359e-02	9.6197590328e-05	3.7839709695e-05
9.9400000000e+02	3.7934715708e-02	-5.7723547997e-02	9.6235677772e-05	3.7840034543e-05
9.9500000000e+02	3.7972555905e-02	-5.7819802702e-02	9.6273727244e-05	3.7840358415e-05
9.9600000000e+02	3.8010396425e-02	-5.7916095439e-02	9.6311738819e-05	3.7840681316e-05
9.9700000000e+02	3.8048237267e-02	-5.8012426167e-02	9.6349712572e-05	3.7841003250e-05
9.9800000000e+02	3.8086078431e-02	-5.8108794851e-02	9.6387648579e-05	3.7841324220e-05
9.9900000000e+02	3.8123919915e-02	-5.8205201452e-02	9.6425546914e-05	3.7841644230e-05
