# total modes from dos = 5.9999809974e+00
# ZPE = 4.7991977938e-03 Ry/cell
# Multiply by 13.6058 to have energies in eV/cell etc..
# Multiply by 13.6058 x 23060.35 = 313 754.5 to have energies in cal/(N mol).
# Multiply by 13.6058 x 96526.0 = 1 313 313 to have energies in J/(N mol).
# N is the number of formula units per cell.
#
# T (K) 	Evib (Ry/cell)	Fvib (Ry/cell)	Svib (Ry/cell/K)	Cvib (Ry/cell/K)
1.0000000000e+00	4.7991978066e-03	4.7991977287e-03	7.7853343093e-11	3.7166330729e-11
2.0000000000e+00	4.7991979193e-03	4.7991976217e-03	1.4881572152e-10	2.2622951317e-10
3.0000000000e+00	4.7991983598e-03	4.7991973974e-03	3.2080063090e-10	7.1769677894e-10
4.0000000000e+00	4.7991995060e-03	4.7991969297e-03	6.4407465842e-10	1.6629385297e-09
5.0000000000e+00	4.7992018878e-03	4.7991960420e-03	1.1691629928e-09	3.2146124792e-09
6.0000000000e+00	4.7992061890e-03	4.7991945071e-03	1.9469727934e-09	5.5276791394e-09
7.0000000000e+00	4.7992132499e-03	4.7991920466e-03	3.0290370876e-09	8.7611644886e-09
8.0000000000e+00	4.7992240732e-03	4.7991883301e-03	4.4678860526e-09	1.3080815032e-08
9.0000000000e+00	4.7992398323e-03	4.7991829739e-03	6.3175953922e-09	1.8663368547e-08
1.0000000000e+01	4.7992618857e-03	4.7991755392e-03	8.6346470595e-09	2.5704090935e-08
1.1000000000e+01	4.7992918016e-03	4.7991655288e-03	1.1479341807e-08	3.4429832776e-08
1.2000000000e+01	4.7993313989e-03	4.7991523826e-03	1.4918022029e-08	4.5118755407e-08
1.3000000000e+01	4.7993828104e-03	4.7991354698e-03	1.9026202693e-08	5.8124951141e-08
1.4000000000e+01	4.7994485715e-03	4.7991140777e-03	2.3892409404e-08	7.3903203750e-08
1.5000000000e+01	4.7995317309e-03	4.7990873973e-03	2.9622238362e-08	9.3027997238e-08
1.6000000000e+01	4.7996359758e-03	4.7990545035e-03	3.6342017108e-08	1.1620202264e-07
1.7000000000e+01	4.7997657590e-03	4.7990143337e-03	4.4201492528e-08	1.4425195922e-07
1.8000000000e+01	4.7999264155e-03	4.7989656628e-03	5.3375152721e-08	1.7811198080e-07
1.9000000000e+01	4.8001242576e-03	4.7989070792e-03	6.4062020188e-08	2.1879741697e-07
2.0000000000e+01	4.8003666399e-03	4.7988369606e-03	7.6483966755e-08	2.6737200210e-07
2.1000000000e+01	4.8006619904e-03	4.7987534525e-03	9.0882757749e-08	3.2491229250e-07
2.2000000000e+01	4.8010198051e-03	4.7986544503e-03	1.0751612384e-07	3.9247240639e-07
2.3000000000e+01	4.8014506092e-03	4.7985375858e-03	1.2665319133e-07	4.7105152987e-07
2.4000000000e+01	4.8019658877e-03	4.7984002175e-03	1.4856959062e-07	5.6156585159e-07
2.5000000000e+01	4.8025779908e-03	4.7982394277e-03	1.7354252407e-07	6.6482587078e-07
2.6000000000e+01	4.8033000188e-03	4.7980520222e-03	2.0184602233e-07	7.8151943221e-07
2.7000000000e+01	4.8041456937e-03	4.7978345365e-03	2.3374656232e-07	9.1220039550e-07
2.8000000000e+01	4.8051292216e-03	4.7975832449e-03	2.6949916619e-07	1.0572825365e-06
2.9000000000e+01	4.8062651514e-03	4.7972941739e-03	3.0934405393e-07	1.2170380855e-06
3.0000000000e+01	4.8075682347e-03	4.7969631183e-03	3.5350388248e-07	1.3916002045e-06
3.1000000000e+01	4.8090532887e-03	4.7965856599e-03	4.0218157338e-07	1.5809686778e-06
3.2000000000e+01	4.8107350670e-03	4.7961571884e-03	4.5555870746e-07	1.7850181006e-06
3.3000000000e+01	4.8126281395e-03	4.7956729227e-03	5.1379444846e-07	2.0035079062e-06
3.4000000000e+01	4.8147467825e-03	4.7951279343e-03	5.7702494671e-07	2.2360936367e-06
3.5000000000e+01	4.8171048809e-03	4.7945171700e-03	6.4536316778e-07	2.4823389429e-06
3.6000000000e+01	4.8197158423e-03	4.7938354752e-03	7.1889908845e-07	2.7417278784e-06
3.7000000000e+01	4.8225925240e-03	4.7930776165e-03	7.9770020273e-07	3.0136771343e-06
3.8000000000e+01	4.8257471710e-03	4.7922383042e-03	8.8181228284e-07	3.2975479328e-06
3.9000000000e+01	4.8291913665e-03	4.7913122131e-03	9.7126034343e-07	3.5926573663e-06
4.0000000000e+01	4.8329359934e-03	4.7902940029e-03	1.0660497624e-06	3.8982890247e-06
4.1000000000e+01	4.8369912054e-03	4.7891783372e-03	1.1661675156e-06	4.2137028073e-06
4.2000000000e+01	4.8413664081e-03	4.7879599016e-03	1.2715834893e-06	4.5381438544e-06
4.3000000000e+01	4.8460702483e-03	4.7866334193e-03	1.3822518371e-06	4.8708505693e-06
4.4000000000e+01	4.8511106107e-03	4.7851936670e-03	1.4981123554e-06	5.2110617309e-06
4.5000000000e+01	4.8564946216e-03	4.7836354881e-03	1.6190918540e-06	5.5580227141e-06
4.6000000000e+01	4.8622286583e-03	4.7819538052e-03	1.7451055031e-06	5.9109908552e-06
4.7000000000e+01	4.8683183634e-03	4.7801436307e-03	1.8760581423e-06	6.2692400103e-06
4.8000000000e+01	4.8747686631e-03	4.7782000772e-03	2.0118455401e-06	6.6320643593e-06
4.9000000000e+01	4.8815837894e-03	4.7761183653e-03	2.1523555938e-06	6.9987815188e-06
5.0000000000e+01	4.8887673046e-03	4.7738938313e-03	2.2974694658e-06	7.3687350226e-06
5.1000000000e+01	4.8963221284e-03	4.7715219332e-03	2.4470626498e-06	7.7412962347e-06
5.2000000000e+01	4.9042505662e-03	4.7689982560e-03	2.6010059662e-06	8.1158657545e-06
5.3000000000e+01	4.9125543393e-03	4.7663185156e-03	2.7591664850e-06	8.4918743743e-06
5.4000000000e+01	4.9212346148e-03	4.7634785625e-03	2.9214083762e-06	8.8687836441e-06
5.5000000000e+01	4.9302920373e-03	4.7604743843e-03	3.0875936901e-06	9.2460860961e-06
5.6000000000e+01	4.9397267589e-03	4.7573021071e-03	3.2575830676e-06	9.6233051781e-06
5.7000000000e+01	4.9495384708e-03	4.7539579969e-03	3.4312363857e-06	9.9999949393e-06
5.8000000000e+01	4.9597264334e-03	4.7504384598e-03	3.6084133377e-06	1.0375739509e-05
5.9000000000e+01	4.9702895057e-03	4.7467400423e-03	3.7889739551e-06	1.0750152404e-05
6.0000000000e+01	4.9812261747e-03	4.7428594304e-03	3.9727790714e-06	1.1122875699e-05
6.1000000000e+01	4.9925345835e-03	4.7387934487e-03	4.1596907343e-06	1.1493579087e-05
6.2000000000e+01	5.0042125580e-03	4.7345390589e-03	4.3495725668e-06	1.1861958853e-05
6.3000000000e+01	5.0162576336e-03	4.7300933583e-03	4.5422900839e-06	1.2227736787e-05
6.4000000000e+01	5.0286670795e-03	4.7254535776e-03	4.7377109661e-06	1.2590659057e-05
6.5000000000e+01	5.0414379227e-03	4.7206170786e-03	4.9357052941e-06	1.2950495052e-05
6.6000000000e+01	5.0545669711e-03	4.7155813517e-03	5.1361457478e-06	1.3307036209e-05
6.7000000000e+01	5.0680508341e-03	4.7103440133e-03	5.3389077731e-06	1.3660094850e-05
6.8000000000e+01	5.0818859437e-03	4.7049028029e-03	5.5438697183e-06	1.4009503016e-05
6.9000000000e+01	5.0960685733e-03	4.6992555801e-03	5.7509129446e-06	1.4355111330e-05
7.0000000000e+01	5.1105948556e-03	4.6934003218e-03	5.9599219119e-06	1.4696787877e-05
7.1000000000e+01	5.1254607998e-03	4.6873351185e-03	6.1707842428e-06	1.5034417115e-05
7.2000000000e+01	5.1406623072e-03	4.6810581719e-03	6.3833907673e-06	1.5367898823e-05
7.3000000000e+01	5.1561951861e-03	4.6745677910e-03	6.5976355503e-06	1.5697147084e-05
7.4000000000e+01	5.1720551659e-03	4.6678623890e-03	6.8134159034e-06	1.6022089310e-05
7.5000000000e+01	5.1882379092e-03	4.6609404805e-03	7.0306323831e-06	1.6342665306e-05
7.6000000000e+01	5.2047390247e-03	4.6538006776e-03	7.2491887772e-06	1.6658826376e-05
7.7000000000e+01	5.2215540775e-03	4.6464416873e-03	7.4689920806e-06	1.6970534474e-05
7.8000000000e+01	5.2386785998e-03	4.6388623078e-03	7.6899524617e-06	1.7277761399e-05
7.9000000000e+01	5.2561081001e-03	4.6310614256e-03	7.9119832215e-06	1.7580488027e-05
8.0000000000e+01	5.2738380721e-03	4.6230380125e-03	8.1350007453e-06	1.7878703593e-05
8.1000000000e+01	5.2918640025e-03	4.6147911221e-03	8.3589244494e-06	1.8172405002e-05
8.2000000000e+01	5.3101813786e-03	4.6063198874e-03	8.5836767221e-06	1.8461596197e-05
8.3000000000e+01	5.3287856949e-03	4.5976235174e-03	8.8091828613e-06	1.8746287548e-05
8.4000000000e+01	5.3476724591e-03	4.5887012944e-03	9.0353710088e-06	1.9026495289e-05
8.5000000000e+01	5.3668371981e-03	4.5795525711e-03	9.2621720819e-06	1.9302240987e-05
8.6000000000e+01	5.3862754625e-03	4.5701767681e-03	9.4895197027e-06	1.9573551048e-05
8.7000000000e+01	5.4059828319e-03	4.5605733708e-03	9.7173501268e-06	1.9840456249e-05
8.8000000000e+01	5.4259549183e-03	4.5507419273e-03	9.9456021698e-06	2.0102991312e-05
8.9000000000e+01	5.4461873705e-03	4.5406820455e-03	1.0174217134e-05	2.0361194497e-05
9.0000000000e+01	5.4666758771e-03	4.5303933909e-03	1.0403138736e-05	2.0615107230e-05
9.1000000000e+01	5.4874161695e-03	4.5198756839e-03	1.0632313029e-05	2.0864773753e-05
9.2000000000e+01	5.5084040247e-03	4.5091286978e-03	1.0861688336e-05	2.1110240804e-05
9.3000000000e+01	5.5296352676e-03	4.4981522567e-03	1.1091215171e-05	2.1351557315e-05
9.4000000000e+01	5.5511057728e-03	4.4869462328e-03	1.1320846170e-05	2.1588774137e-05
9.5000000000e+01	5.5728114668e-03	4.4755105448e-03	1.1550536021e-05	2.1821943783e-05
9.6000000000e+01	5.5947483293e-03	4.4638451556e-03	1.1780241392e-05	2.2051120194e-05
9.7000000000e+01	5.6169123945e-03	4.4519500706e-03	1.2009920864e-05	2.2276358519e-05
9.8000000000e+01	5.6392997523e-03	4.4398253357e-03	1.2239534863e-05	2.2497714914e-05
9.9000000000e+01	5.6619065493e-03	4.4274710353e-03	1.2469045596e-05	2.2715246361e-05
1.0000000000e+02	5.6847289893e-03	4.4148872910e-03	1.2698416983e-05	2.2929010496e-05
1.0100000000e+02	5.7077633339e-03	4.4020742593e-03	1.2927614600e-05	2.3139065452e-05
1.0200000000e+02	5.7310059033e-03	4.3890321307e-03	1.3156605614e-05	2.3345469722e-05
1.0300000000e+02	5.7544530760e-03	4.3757611274e-03	1.3385358724e-05	2.3548282026e-05
1.0400000000e+02	5.7781012896e-03	4.3622615025e-03	1.3613844107e-05	2.3747561194e-05
1.0500000000e+02	5.8019470403e-03	4.3485335379e-03	1.3842033356e-05	2.3943366055e-05
1.0600000000e+02	5.8259868832e-03	4.3345775435e-03	1.4069899431e-05	2.4135755343e-05
1.0700000000e+02	5.8502174320e-03	4.3203938554e-03	1.4297416604e-05	2.4324787606e-05
1.0800000000e+02	5.8746353588e-03	4.3059828348e-03	1.4524560408e-05	2.4510521128e-05
1.0900000000e+02	5.8992373940e-03	4.2913448668e-03	1.4751307589e-05	2.4693013851e-05
1.1000000000e+02	5.9240203254e-03	4.2764803592e-03	1.4977636057e-05	2.4872323318e-05
1.1100000000e+02	5.9489809986e-03	4.2613897412e-03	1.5203524841e-05	2.5048506606e-05
1.1200000000e+02	5.9741163155e-03	4.2460734627e-03	1.5428954043e-05	2.5221620279e-05
1.1300000000e+02	5.9994232346e-03	4.2305319926e-03	1.5653904796e-05	2.5391720342e-05
1.1400000000e+02	6.0248987701e-03	4.2147658186e-03	1.5878359224e-05	2.5558862196e-05
1.1500000000e+02	6.0505399912e-03	4.1987754453e-03	1.6102300399e-05	2.5723100604e-05
1.1600000000e+02	6.0763440215e-03	4.1825613942e-03	1.6325712304e-05	2.5884489658e-05
1.1700000000e+02	6.1023080385e-03	4.1661242022e-03	1.6548579798e-05	2.6043082753e-05
1.1800000000e+02	6.1284292726e-03	4.1494644208e-03	1.6770888574e-05	2.6198932563e-05
1.1900000000e+02	6.1547050065e-03	4.1325826158e-03	1.6992625132e-05	2.6352091019e-05
1.2000000000e+02	6.1811325746e-03	4.1154793656e-03	1.7213776742e-05	2.6502609292e-05
1.2100000000e+02	6.2077093619e-03	4.0981552613e-03	1.7434331410e-05	2.6650537781e-05
1.2200000000e+02	6.2344328034e-03	4.0806109055e-03	1.7654277852e-05	2.6795926099e-05
1.2300000000e+02	6.2613003836e-03	4.0628469119e-03	1.7873605461e-05	2.6938823065e-05
1.2400000000e+02	6.2883096351e-03	4.0448639042e-03	1.8092304282e-05	2.7079276697e-05
1.2500000000e+02	6.3154581383e-03	4.0266625160e-03	1.8310364978e-05	2.7217334209e-05
1.2600000000e+02	6.3427435203e-03	4.0082433899e-03	1.8527778813e-05	2.7353042005e-05
1.2700000000e+02	6.3701634543e-03	3.9896071767e-03	1.8744537619e-05	2.7486445679e-05
1.2800000000e+02	6.3977156586e-03	3.9707545355e-03	1.8960633774e-05	2.7617590017e-05
1.2900000000e+02	6.4253978959e-03	3.9516861324e-03	1.9176060182e-05	2.7746518997e-05
1.3000000000e+02	6.4532079725e-03	3.9324026406e-03	1.9390810246e-05	2.7873275793e-05
1.3100000000e+02	6.4811437375e-03	3.9129047394e-03	1.9604877848e-05	2.7997902778e-05
1.3200000000e+02	6.5092030820e-03	3.8931931143e-03	1.9818257331e-05	2.8120441531e-05
1.3300000000e+02	6.5373839381e-03	3.8732684559e-03	2.0030943475e-05	2.8240932839e-05
1.3400000000e+02	6.5656842785e-03	3.8531314600e-03	2.0242931481e-05	2.8359416712e-05
1.3500000000e+02	6.5941021155e-03	3.8327828271e-03	2.0454216951e-05	2.8475932380e-05
1.3600000000e+02	6.6226355001e-03	3.8122232617e-03	2.0664795871e-05	2.8590518311e-05
1.3700000000e+02	6.6512825214e-03	3.7914534721e-03	2.0874664594e-05	2.8703212213e-05
1.3800000000e+02	6.6800413061e-03	3.7704741703e-03	2.1083819825e-05	2.8814051049e-05
1.3900000000e+02	6.7089100173e-03	3.7492860713e-03	2.1292258604e-05	2.8923071039e-05
1.4000000000e+02	6.7378868538e-03	3.7278898928e-03	2.1499978293e-05	2.9030307681e-05
1.4100000000e+02	6.7669700498e-03	3.7062863552e-03	2.1706976558e-05	2.9135795750e-05
1.4200000000e+02	6.7961578738e-03	3.6844761808e-03	2.1913251359e-05	2.9239569318e-05
1.4300000000e+02	6.8254486280e-03	3.6624600942e-03	2.2118800936e-05	2.9341661759e-05
1.4400000000e+02	6.8548406478e-03	3.6402388212e-03	2.2323623796e-05	2.9442105762e-05
1.4500000000e+02	6.8843323008e-03	3.6178130893e-03	2.2527718700e-05	2.9540933345e-05
1.4600000000e+02	6.9139219862e-03	3.5951836268e-03	2.2731084653e-05	2.9638175862e-05
1.4700000000e+02	6.9436081344e-03	3.5723511632e-03	2.2933720892e-05	2.9733864018e-05
1.4800000000e+02	6.9733892061e-03	3.5493164284e-03	2.3135626876e-05	2.9828027876e-05
1.4900000000e+02	7.0032636919e-03	3.5260801530e-03	2.3336802274e-05	2.9920696876e-05
1.5000000000e+02	7.0332301112e-03	3.5026430675e-03	2.3537246958e-05	3.0011899839e-05
1.5100000000e+02	7.0632870123e-03	3.4790059026e-03	2.3736960991e-05	3.0101664982e-05
1.5200000000e+02	7.0934329711e-03	3.4551693889e-03	2.3935944619e-05	3.0190019931e-05
1.5300000000e+02	7.1236665911e-03	3.4311342567e-03	2.4134198264e-05	3.0276991729e-05
1.5400000000e+02	7.1539865023e-03	3.4069012356e-03	2.4331722512e-05	3.0362606849e-05
1.5500000000e+02	7.1843913612e-03	3.3824710546e-03	2.4528518107e-05	3.0446891208e-05
1.5600000000e+02	7.2148798496e-03	3.3578444419e-03	2.4724585947e-05	3.0529870171e-05
1.5700000000e+02	7.2454506747e-03	3.3330221249e-03	2.4919927069e-05	3.0611568571e-05
1.5800000000e+02	7.2761025680e-03	3.3080048296e-03	2.5114542648e-05	3.0692010713e-05
1.5900000000e+02	7.3068342853e-03	3.2827932810e-03	2.5308433989e-05	3.0771220388e-05
1.6000000000e+02	7.3376446058e-03	3.2573882026e-03	2.5501602520e-05	3.0849220884e-05
1.6100000000e+02	7.3685323316e-03	3.2317903164e-03	2.5694049784e-05	3.0926034993e-05
1.6200000000e+02	7.3994962877e-03	3.2060003429e-03	2.5885777437e-05	3.1001685028e-05
1.6300000000e+02	7.4305353209e-03	3.1800190008e-03	2.6076787240e-05	3.1076192826e-05
1.6400000000e+02	7.4616482998e-03	3.1538470071e-03	2.6267081053e-05	3.1149579763e-05
1.6500000000e+02	7.4928341138e-03	3.1274850767e-03	2.6456660831e-05	3.1221866762e-05
1.6600000000e+02	7.5240916735e-03	3.1009339228e-03	2.6645528619e-05	3.1293074303e-05
1.6700000000e+02	7.5554199093e-03	3.0741942561e-03	2.6833686546e-05	3.1363222433e-05
1.6800000000e+02	7.5868177717e-03	3.0472667855e-03	2.7021136823e-05	3.1432330775e-05
1.6900000000e+02	7.6182842307e-03	3.0201522176e-03	2.7207881734e-05	3.1500418536e-05
1.7000000000e+02	7.6498182749e-03	2.9928512564e-03	2.7393923638e-05	3.1567504520e-05
1.7100000000e+02	7.6814189119e-03	2.9653646038e-03	2.7579264959e-05	3.1633607133e-05
1.7200000000e+02	7.7130851674e-03	2.9376929592e-03	2.7763908187e-05	3.1698744394e-05
1.7300000000e+02	7.7448160848e-03	2.9098370193e-03	2.7947855870e-05	3.1762933941e-05
1.7400000000e+02	7.7766107251e-03	2.8817974784e-03	2.8131110613e-05	3.1826193043e-05
1.7500000000e+02	7.8084681664e-03	2.8535750282e-03	2.8313675075e-05	3.1888538606e-05
1.7600000000e+02	7.8403875033e-03	2.8251703575e-03	2.8495551965e-05	3.1949987181e-05
1.7700000000e+02	7.8723678471e-03	2.7965841525e-03	2.8676744037e-05	3.2010554974e-05
1.7800000000e+02	7.9044083250e-03	2.7678170967e-03	2.8857254091e-05	3.2070257849e-05
1.7900000000e+02	7.9365080797e-03	2.7388698707e-03	2.9037084966e-05	3.2129111342e-05
1.8000000000e+02	7.9686662696e-03	2.7097431522e-03	2.9216239541e-05	3.2187130664e-05
1.8100000000e+02	8.0008820680e-03	2.6804376161e-03	2.9394720728e-05	3.2244330708e-05
1.8200000000e+02	8.0331546628e-03	2.6509539343e-03	2.9572531475e-05	3.2300726062e-05
1.8300000000e+02	8.0654832566e-03	2.6212927757e-03	2.9749674759e-05	3.2356331006e-05
1.8400000000e+02	8.0978670660e-03	2.5914548062e-03	2.9926153586e-05	3.2411159528e-05
1.8500000000e+02	8.1303053214e-03	2.5614406890e-03	3.0101970986e-05	3.2465225326e-05
1.8600000000e+02	8.1627972669e-03	2.5312510837e-03	3.0277130017e-05	3.2518541815e-05
1.8700000000e+02	8.1953421597e-03	2.5008866474e-03	3.0451633756e-05	3.2571122135e-05
1.8800000000e+02	8.2279392701e-03	2.4703480336e-03	3.0625485300e-05	3.2622979156e-05
1.8900000000e+02	8.2605878811e-03	2.4396358931e-03	3.0798687767e-05	3.2674125483e-05
1.9000000000e+02	8.2932872883e-03	2.4087508734e-03	3.0971244289e-05	3.2724573464e-05
1.9100000000e+02	8.3260367993e-03	2.3776936188e-03	3.1143158013e-05	3.2774335194e-05
1.9200000000e+02	8.3588357338e-03	2.3464647706e-03	3.1314432100e-05	3.2823422525e-05
1.9300000000e+02	8.3916834234e-03	2.3150649668e-03	3.1485069724e-05	3.2871847063e-05
1.9400000000e+02	8.4245792108e-03	2.2834948422e-03	3.1655074065e-05	3.2919620182e-05
1.9500000000e+02	8.4575224503e-03	2.2517550287e-03	3.1824448316e-05	3.2966753026e-05
1.9600000000e+02	8.4905125071e-03	2.2198461545e-03	3.1993195676e-05	3.3013256512e-05
1.9700000000e+02	8.5235487571e-03	2.1877688452e-03	3.2161319350e-05	3.3059141339e-05
1.9800000000e+02	8.5566305871e-03	2.1555237227e-03	3.2328822547e-05	3.3104417989e-05
1.9900000000e+02	8.5897573938e-03	2.1231114059e-03	3.2495708482e-05	3.3149096736e-05
2.0000000000e+02	8.6229285846e-03	2.0905325104e-03	3.2661980371e-05	3.3193187648e-05
2.0100000000e+02	8.6561435765e-03	2.0577876487e-03	3.2827641432e-05	3.3236700591e-05
2.0200000000e+02	8.6894017963e-03	2.0248774301e-03	3.2992694883e-05	3.3279645235e-05
2.0300000000e+02	8.7227026807e-03	1.9918024604e-03	3.3157143942e-05	3.3322031059e-05
2.0400000000e+02	8.7560456753e-03	1.9585633426e-03	3.3320991827e-05	3.3363867354e-05
2.0500000000e+02	8.7894302352e-03	1.9251606761e-03	3.3484241752e-05	3.3405163226e-05
2.0600000000e+02	8.8228558246e-03	1.8915950573e-03	3.3646896928e-05	3.3445927603e-05
2.0700000000e+02	8.8563219162e-03	1.8578670794e-03	3.3808960564e-05	3.3486169238e-05
2.0800000000e+02	8.8898279917e-03	1.8239773323e-03	3.3970435862e-05	3.3525896710e-05
2.0900000000e+02	8.9233735410e-03	1.7899264027e-03	3.4131326021e-05	3.3565118433e-05
2.1000000000e+02	8.9569580627e-03	1.7557148742e-03	3.4291634231e-05	3.3603842655e-05
2.1100000000e+02	8.9905810632e-03	1.7213433272e-03	3.4451363678e-05	3.3642077464e-05
2.1200000000e+02	9.0242420571e-03	1.6868123388e-03	3.4610517540e-05	3.3679830792e-05
2.1300000000e+02	9.0579405669e-03	1.6521224829e-03	3.4769098986e-05	3.3717110415e-05
2.1400000000e+02	9.0916761226e-03	1.6172743305e-03	3.4927111178e-05	3.3753923962e-05
2.1500000000e+02	9.1254482619e-03	1.5822684493e-03	3.5084557268e-05	3.3790278914e-05
2.1600000000e+02	9.1592565300e-03	1.5471054036e-03	3.5241440400e-05	3.3826182606e-05
2.1700000000e+02	9.1931004791e-03	1.5117857551e-03	3.5397763705e-05	3.3861642237e-05
2.1800000000e+02	9.2269796688e-03	1.4763100618e-03	3.5553530307e-05	3.3896664864e-05
2.1900000000e+02	9.2608936655e-03	1.4406788790e-03	3.5708743317e-05	3.3931257414e-05
2.2000000000e+02	9.2948420426e-03	1.4048927587e-03	3.5863405836e-05	3.3965426678e-05
2.2100000000e+02	9.3288243800e-03	1.3689522498e-03	3.6017520951e-05	3.3999179321e-05
2.2200000000e+02	9.3628402645e-03	1.3328578982e-03	3.6171091740e-05	3.4032521882e-05
2.2300000000e+02	9.3968892892e-03	1.2966102467e-03	3.6324121267e-05	3.4065460777e-05
2.2400000000e+02	9.4309710536e-03	1.2602098351e-03	3.6476612583e-05	3.4098002299e-05
2.2500000000e+02	9.4650851634e-03	1.2236571999e-03	3.6628568726e-05	3.4130152626e-05
2.2600000000e+02	9.4992312305e-03	1.1869528750e-03	3.6779992723e-05	3.4161917819e-05
2.2700000000e+02	9.5334088726e-03	1.1500973909e-03	3.6930887585e-05	3.4193303826e-05
2.2800000000e+02	9.5676177137e-03	1.1130912752e-03	3.7081256309e-05	3.4224316487e-05
2.2900000000e+02	9.6018573831e-03	1.0759350526e-03	3.7231101880e-05	3.4254961529e-05
2.3000000000e+02	9.6361275161e-03	1.0386292448e-03	3.7380427266e-05	3.4285244578e-05
2.3100000000e+02	9.6704277534e-03	1.0011743705e-03	3.7529235424e-05	3.4315171153e-05
2.3200000000e+02	9.7047577414e-03	9.6357094543e-04	3.7677529293e-05	3.4344746674e-05
2.3300000000e+02	9.7391171315e-03	9.2581948239e-04	3.7825311799e-05	3.4373976459e-05
2.3400000000e+02	9.7735055808e-03	8.8792049132e-04	3.7972585852e-05	3.4402865731e-05
2.3500000000e+02	9.8079227512e-03	8.4987447921e-04	3.8119354349e-05	3.4431419616e-05
2.3600000000e+02	9.8423683099e-03	8.1168195018e-04	3.8265620168e-05	3.4459643150e-05
2.3700000000e+02	9.8768419290e-03	7.7334340547e-04	3.8411386175e-05	3.4487541274e-05
2.3800000000e+02	9.9113432856e-03	7.3485934348e-04	3.8556655219e-05	3.4515118842e-05
2.3900000000e+02	9.9458720614e-03	6.9623025975e-04	3.8701430133e-05	3.4542380619e-05
2.4000000000e+02	9.9804279431e-03	6.5745664699e-04	3.8845713734e-05	3.4569331286e-05
2.4100000000e+02	1.0015010622e-02	6.1853899511e-04	3.8989508825e-05	3.4595975440e-05
2.4200000000e+02	1.0049619793e-02	5.7947779125e-04	3.9132818190e-05	3.4622317594e-05
2.4300000000e+02	1.0084255158e-02	5.4027351972e-04	3.9275644601e-05	3.4648362182e-05
2.4400000000e+02	1.0118916420e-02	5.0092666211e-04	3.9417990811e-05	3.4674113560e-05
2.4500000000e+02	1.0153603289e-02	4.6143769725e-04	3.9559859557e-05	3.4699576005e-05
2.4600000000e+02	1.0188315477e-02	4.2180710124e-04	3.9701253560e-05	3.4724753719e-05
2.4700000000e+02	1.0223052703e-02	3.8203534748e-04	3.9842175527e-05	3.4749650830e-05
2.4800000000e+02	1.0257814687e-02	3.4212290664e-04	3.9982628145e-05	3.4774271395e-05
2.4900000000e+02	1.0292601154e-02	3.0207024675e-04	4.0122614087e-05	3.4798619398e-05
2.5000000000e+02	1.0327411836e-02	2.6187783314e-04	4.0262136011e-05	3.4822698753e-05
2.5100000000e+02	1.0362246464e-02	2.2154612852e-04	4.0401196555e-05	3.4846513309e-05
2.5200000000e+02	1.0397104775e-02	1.8107559295e-04	4.0539798343e-05	3.4870066844e-05
2.5300000000e+02	1.0431986512e-02	1.4046668388e-04	4.0677943983e-05	3.4893363073e-05
2.5400000000e+02	1.0466891417e-02	9.9719856166e-05	4.0815636066e-05	3.4916405646e-05
2.5500000000e+02	1.0501819240e-02	5.8835562075e-05	4.0952877167e-05	3.4939198151e-05
2.5600000000e+02	1.0536769731e-02	1.7814251307e-05	4.1089669843e-05	3.4961744115e-05
2.5700000000e+02	1.0571742647e-02	-2.3343628984e-05	4.1226016637e-05	3.4984047001e-05
2.5800000000e+02	1.0606737745e-02	-6.4637634182e-05	4.1361920075e-05	3.5006110217e-05
2.5900000000e+02	1.0641754788e-02	-1.0606732219e-04	4.1497382667e-05	3.5027937110e-05
2.6000000000e+02	1.0676793542e-02	-1.4763225340e-04	4.1632406905e-05	3.5049530973e-05
2.6100000000e+02	1.0711853774e-02	-1.8933199070e-04	4.1766995266e-05	3.5070895040e-05
2.6200000000e+02	1.0746935256e-02	-2.3116609946e-04	4.1901150213e-05	3.5092032492e-05
2.6300000000e+02	1.0782037764e-02	-2.7313414747e-04	4.2034874189e-05	3.5112946458e-05
2.6400000000e+02	1.0817161076e-02	-3.1523570499e-04	4.2168169624e-05	3.5133640011e-05
2.6500000000e+02	1.0852304972e-02	-3.5747034468e-04	4.2301038930e-05	3.5154116176e-05
2.6600000000e+02	1.0887469237e-02	-3.9983764161e-04	4.2433484505e-05	3.5174377924e-05
2.6700000000e+02	1.0922653657e-02	-4.4233717324e-04	4.2565508728e-05	3.5194428180e-05
2.6800000000e+02	1.0957858023e-02	-4.8496851940e-04	4.2697113966e-05	3.5214269818e-05
2.6900000000e+02	1.0993082128e-02	-5.2773126229e-04	4.2828302567e-05	3.5233905666e-05
2.7000000000e+02	1.1028325767e-02	-5.7062498643e-04	4.2959076865e-05	3.5253338504e-05
2.7100000000e+02	1.1063588738e-02	-6.1364927869e-04	4.3089439178e-05	3.5272571066e-05
2.7200000000e+02	1.1098870843e-02	-6.5680372823e-04	4.3219391807e-05	3.5291606043e-05
2.7300000000e+02	1.1134171886e-02	-7.0008792651e-04	4.3348937041e-05	3.5310446080e-05
2.7400000000e+02	1.1169491671e-02	-7.4350146727e-04	4.3478077149e-05	3.5329093780e-05
2.7500000000e+02	1.1204830010e-02	-7.8704394652e-04	4.3606814387e-05	3.5347551703e-05
2.7600000000e+02	1.1240186712e-02	-8.3071496250e-04	4.3735150996e-05	3.5365822368e-05
2.7700000000e+02	1.1275561593e-02	-8.7451411571e-04	4.3863089201e-05	3.5383908252e-05
2.7800000000e+02	1.1310954468e-02	-9.1844100884e-04	4.3990631212e-05	3.5401811793e-05
2.7900000000e+02	1.1346365157e-02	-9.6249524680e-04	4.4117779224e-05	3.5419535390e-05
2.8000000000e+02	1.1381793480e-02	-1.0066764367e-03	4.4244535416e-05	3.5437081403e-05
2.8100000000e+02	1.1417239261e-02	-1.0509841877e-03	4.4370901953e-05	3.5454452154e-05
2.8200000000e+02	1.1452702326e-02	-1.0954181114e-03	4.4496880985e-05	3.5471649927e-05
2.8300000000e+02	1.1488182504e-02	-1.1399778213e-03	4.4622474647e-05	3.5488676973e-05
2.8400000000e+02	1.1523679624e-02	-1.1846629330e-03	4.4747685060e-05	3.5505535503e-05
2.8500000000e+02	1.1559193520e-02	-1.2294730643e-03	4.4872514329e-05	3.5522227695e-05
2.8600000000e+02	1.1594724025e-02	-1.2744078353e-03	4.4996964546e-05	3.5538755694e-05
2.8700000000e+02	1.1630270977e-02	-1.3194668678e-03	4.5121037786e-05	3.5555121609e-05
2.8800000000e+02	1.1665834215e-02	-1.3646497859e-03	4.5244736113e-05	3.5571327516e-05
2.8900000000e+02	1.1701413579e-02	-1.4099562157e-03	4.5368061574e-05	3.5587375460e-05
2.9000000000e+02	1.1737008914e-02	-1.4553857854e-03	4.5491016204e-05	3.5603267452e-05
2.9100000000e+02	1.1772620063e-02	-1.5009381252e-03	4.5613602021e-05	3.5619005474e-05
2.9200000000e+02	1.1808246874e-02	-1.5466128672e-03	4.5735821031e-05	3.5634591475e-05
2.9300000000e+02	1.1843889196e-02	-1.5924096456e-03	4.5857675227e-05	3.5650027376e-05
2.9400000000e+02	1.1879546879e-02	-1.6383280967e-03	4.5979166585e-05	3.5665315066e-05
2.9500000000e+02	1.1915219777e-02	-1.6843678585e-03	4.6100297070e-05	3.5680456406e-05
2.9600000000e+02	1.1950907744e-02	-1.7305285712e-03	4.6221068632e-05	3.5695453228e-05
2.9700000000e+02	1.1986610636e-02	-1.7768098768e-03	4.6341483208e-05	3.5710307338e-05
2.9800000000e+02	1.2022328312e-02	-1.8232114193e-03	4.6461542721e-05	3.5725020511e-05
2.9900000000e+02	1.2058060631e-02	-1.8697328445e-03	4.6581249081e-05	3.5739594497e-05
3.0000000000e+02	1.2093807455e-02	-1.9163738003e-03	4.6700604184e-05	3.5754031019e-05
3.0100000000e+02	1.2129568647e-02	-1.9631339364e-03	4.6819609913e-05	3.5768331774e-05
3.0200000000e+02	1.2165344074e-02	-2.0100129043e-03	4.6938268139e-05	3.5782498433e-05
3.0300000000e+02	1.2201133600e-02	-2.0570103575e-03	4.7056580718e-05	3.5796532642e-05
3.0400000000e+02	1.2236937095e-02	-2.1041259512e-03	4.7174549495e-05	3.5810436023e-05
3.0500000000e+02	1.2272754429e-02	-2.1513593425e-03	4.7292176300e-05	3.5824210171e-05
3.0600000000e+02	1.2308585473e-02	-2.1987101904e-03	4.7409462952e-05	3.5837856660e-05
3.0700000000e+02	1.2344430100e-02	-2.2461781556e-03	4.7526411257e-05	3.5851377040e-05
3.0800000000e+02	1.2380288186e-02	-2.2937629007e-03	4.7643023008e-05	3.5864772837e-05
3.0900000000e+02	1.2416159605e-02	-2.3414640900e-03	4.7759299984e-05	3.5878045555e-05
3.1000000000e+02	1.2452044236e-02	-2.3892813897e-03	4.7875243954e-05	3.5891196674e-05
3.1100000000e+02	1.2487941958e-02	-2.4372144675e-03	4.7990856675e-05	3.5904227656e-05
3.1200000000e+02	1.2523852652e-02	-2.4852629932e-03	4.8106139888e-05	3.5917139937e-05
3.1300000000e+02	1.2559776199e-02	-2.5334266380e-03	4.8221095326e-05	3.5929934936e-05
3.1400000000e+02	1.2595712483e-02	-2.5817050751e-03	4.8335724708e-05	3.5942614047e-05
3.1500000000e+02	1.2631661389e-02	-2.6300979793e-03	4.8450029741e-05	3.5955178648e-05
3.1600000000e+02	1.2667622803e-02	-2.6786050271e-03	4.8564012120e-05	3.5967630093e-05
3.1700000000e+02	1.2703596612e-02	-2.7272258966e-03	4.8677673529e-05	3.5979969719e-05
3.1800000000e+02	1.2739582705e-02	-2.7759602677e-03	4.8791015639e-05	3.5992198842e-05
3.1900000000e+02	1.2775580973e-02	-2.8248078220e-03	4.8904040110e-05	3.6004318761e-05
3.2000000000e+02	1.2811591307e-02	-2.8737682426e-03	4.9016748592e-05	3.6016330754e-05
3.2100000000e+02	1.2847613599e-02	-2.9228412144e-03	4.9129142721e-05	3.6028236081e-05
3.2200000000e+02	1.2883647744e-02	-2.9720264238e-03	4.9241224123e-05	3.6040035985e-05
3.2300000000e+02	1.2919693636e-02	-3.0213235589e-03	4.9352994413e-05	3.6051731692e-05
3.2400000000e+02	1.2955751173e-02	-3.0707323095e-03	4.9464455193e-05	3.6063324407e-05
3.2500000000e+02	1.2991820251e-02	-3.1202523667e-03	4.9575608055e-05	3.6074815321e-05
3.2600000000e+02	1.3027900770e-02	-3.1698834234e-03	4.9686454581e-05	3.6086205607e-05
3.2700000000e+02	1.3063992629e-02	-3.2196251742e-03	4.9796996341e-05	3.6097496421e-05
3.2800000000e+02	1.3100095730e-02	-3.2694773151e-03	4.9907234894e-05	3.6108688904e-05
3.2900000000e+02	1.3136209975e-02	-3.3194395435e-03	5.0017171788e-05	3.6119784180e-05
3.3000000000e+02	1.3172335267e-02	-3.3695115586e-03	5.0126808561e-05	3.6130783357e-05
3.3100000000e+02	1.3208471510e-02	-3.4196930611e-03	5.0236146740e-05	3.6141687527e-05
3.3200000000e+02	1.3244618610e-02	-3.4699837531e-03	5.0345187841e-05	3.6152497769e-05
3.3300000000e+02	1.3280776474e-02	-3.5203833382e-03	5.0453933371e-05	3.6163215144e-05
3.3400000000e+02	1.3316945010e-02	-3.5708915218e-03	5.0562384825e-05	3.6173840700e-05
3.3500000000e+02	1.3353124126e-02	-3.6215080103e-03	5.0670543689e-05	3.6184375471e-05
3.3600000000e+02	1.3389313731e-02	-3.6722325121e-03	5.0778411438e-05	3.6194820475e-05
3.3700000000e+02	1.3425513737e-02	-3.7230647367e-03	5.0885989536e-05	3.6205176717e-05
3.3800000000e+02	1.3461724055e-02	-3.7740043951e-03	5.0993279439e-05	3.6215445188e-05
3.3900000000e+02	1.3497944598e-02	-3.8250512000e-03	5.1100282591e-05	3.6225626865e-05
3.4000000000e+02	1.3534175280e-02	-3.8762048652e-03	5.1207000428e-05	3.6235722711e-05
3.4100000000e+02	1.3570416015e-02	-3.9274651062e-03	5.1313434374e-05	3.6245733679e-05
3.4200000000e+02	1.3606666720e-02	-3.9788316398e-03	5.1419585846e-05	3.6255660705e-05
3.4300000000e+02	1.3642927309e-02	-4.0303041842e-03	5.1525456249e-05	3.6265504714e-05
3.4400000000e+02	1.3679197702e-02	-4.0818824591e-03	5.1631046979e-05	3.6275266619e-05
3.4500000000e+02	1.3715477815e-02	-4.1335661854e-03	5.1736359423e-05	3.6284947320e-05
3.4600000000e+02	1.3751767570e-02	-4.1853550856e-03	5.1841394957e-05	3.6294547705e-05
3.4700000000e+02	1.3788066884e-02	-4.2372488835e-03	5.1946154950e-05	3.6304068650e-05
3.4800000000e+02	1.3824375681e-02	-4.2892473041e-03	5.2050640761e-05	3.6313511019e-05
3.4900000000e+02	1.3860693880e-02	-4.3413500740e-03	5.2154853738e-05	3.6322875665e-05
3.5000000000e+02	1.3897021406e-02	-4.3935569211e-03	5.2258795221e-05	3.6332163429e-05
3.5100000000e+02	1.3933358182e-02	-4.4458675744e-03	5.2362466542e-05	3.6341375141e-05
3.5200000000e+02	1.3969704132e-02	-4.4982817646e-03	5.2465869023e-05	3.6350511620e-05
3.5300000000e+02	1.4006059180e-02	-4.5507992233e-03	5.2569003976e-05	3.6359573674e-05
3.5400000000e+02	1.4042423254e-02	-4.6034196838e-03	5.2671872707e-05	3.6368562100e-05
3.5500000000e+02	1.4078796280e-02	-4.6561428804e-03	5.2774476509e-05	3.6377477686e-05
3.5600000000e+02	1.4115178186e-02	-4.7089685489e-03	5.2876816670e-05	3.6386321208e-05
3.5700000000e+02	1.4151568899e-02	-4.7618964263e-03	5.2978894468e-05	3.6395093432e-05
3.5800000000e+02	1.4187968349e-02	-4.8149262508e-03	5.3080711173e-05	3.6403795115e-05
3.5900000000e+02	1.4224376466e-02	-4.8680577620e-03	5.3182268044e-05	3.6412427003e-05
3.6000000000e+02	1.4260793180e-02	-4.9212907007e-03	5.3283566335e-05	3.6420989832e-05
3.6100000000e+02	1.4297218423e-02	-4.9746248089e-03	5.3384607290e-05	3.6429484330e-05
3.6200000000e+02	1.4333652126e-02	-5.0280598299e-03	5.3485392144e-05	3.6437911214e-05
3.6300000000e+02	1.4370094223e-02	-5.0815955082e-03	5.3585922124e-05	3.6446271193e-05
3.6400000000e+02	1.4406544647e-02	-5.1352315896e-03	5.3686198451e-05	3.6454564966e-05
3.6500000000e+02	1.4443003331e-02	-5.1889678210e-03	5.3786222334e-05	3.6462793223e-05
3.6600000000e+02	1.4479470211e-02	-5.2428039505e-03	5.3885994978e-05	3.6470956644e-05
3.6700000000e+02	1.4515945223e-02	-5.2967397276e-03	5.3985517576e-05	3.6479055904e-05
3.6800000000e+02	1.4552428302e-02	-5.3507749027e-03	5.4084791317e-05	3.6487091666e-05
3.6900000000e+02	1.4588919385e-02	-5.4049092277e-03	5.4183817379e-05	3.6495064584e-05
3.7000000000e+02	1.4625418410e-02	-5.4591424553e-03	5.4282596934e-05	3.6502975307e-05
3.7100000000e+02	1.4661925315e-02	-5.5134743398e-03	5.4381131146e-05	3.6510824473e-05
3.7200000000e+02	1.4698440039e-02	-5.5679046362e-03	5.4479421170e-05	3.6518612714e-05
3.7300000000e+02	1.4734962521e-02	-5.6224331011e-03	5.4577468155e-05	3.6526340651e-05
3.7400000000e+02	1.4771492700e-02	-5.6770594919e-03	5.4675273242e-05	3.6534008900e-05
3.7500000000e+02	1.4808030519e-02	-5.7317835673e-03	5.4772837563e-05	3.6541618068e-05
3.7600000000e+02	1.4844575917e-02	-5.7866050872e-03	5.4870162245e-05	3.6549168755e-05
3.7700000000e+02	1.4881128837e-02	-5.8415238123e-03	5.4967248407e-05	3.6556661552e-05
3.7800000000e+02	1.4917689221e-02	-5.8965395048e-03	5.5064097159e-05	3.6564097045e-05
3.7900000000e+02	1.4954257012e-02	-5.9516519279e-03	5.5160709604e-05	3.6571475811e-05
3.8000000000e+02	1.4990832154e-02	-6.0068608456e-03	5.5257086841e-05	3.6578798420e-05
3.8100000000e+02	1.5027414591e-02	-6.0621660235e-03	5.5353229958e-05	3.6586065435e-05
3.8200000000e+02	1.5064004267e-02	-6.1175672279e-03	5.5449140038e-05	3.6593277413e-05
3.8300000000e+02	1.5100601127e-02	-6.1730642263e-03	5.5544818155e-05	3.6600434902e-05
3.8400000000e+02	1.5137205118e-02	-6.2286567872e-03	5.5640265379e-05	3.6607538445e-05
3.8500000000e+02	1.5173816186e-02	-6.2843446804e-03	5.5735482771e-05	3.6614588579e-05
3.8600000000e+02	1.5210434278e-02	-6.3401276765e-03	5.5830471384e-05	3.6621585832e-05
3.8700000000e+02	1.5247059341e-02	-6.3960055473e-03	5.5925232268e-05	3.6628530727e-05
3.8800000000e+02	1.5283691322e-02	-6.4519780655e-03	5.6019766463e-05	3.6635423780e-05
3.8900000000e+02	1.5320330171e-02	-6.5080450050e-03	5.6114075002e-05	3.6642265503e-05
3.9000000000e+02	1.5356975836e-02	-6.5642061406e-03	5.6208158915e-05	3.6649056397e-05
3.9100000000e+02	1.5393628267e-02	-6.6204612483e-03	5.6302019221e-05	3.6655796963e-05
3.9200000000e+02	1.5430287413e-02	-6.6768101048e-03	5.6395656934e-05	3.6662487690e-05
3.9300000000e+02	1.5466953226e-02	-6.7332524883e-03	5.6489073064e-05	3.6669129066e-05
3.9400000000e+02	1.5503625655e-02	-6.7897881774e-03	5.6582268611e-05	3.6675721570e-05
3.9500000000e+02	1.5540304653e-02	-6.8464169523e-03	5.6675244570e-05	3.6682265676e-05
3.9600000000e+02	1.5576990171e-02	-6.9031385937e-03	5.6768001930e-05	3.6688761853e-05
3.9700000000e+02	1.5613682161e-02	-6.9599528836e-03	5.6860541674e-05	3.6695210564e-05
3.9800000000e+02	1.5650380576e-02	-7.0168596049e-03	5.6952864776e-05	3.6701612266e-05
3.9900000000e+02	1.5687085370e-02	-7.0738585413e-03	5.7044972208e-05	3.6707967411e-05
4.0000000000e+02	1.5723796496e-02	-7.1309494777e-03	5.7136864933e-05	3.6714276446e-05
4.0100000000e+02	1.5760513907e-02	-7.1881321999e-03	5.7228543909e-05	3.6720539812e-05
4.0200000000e+02	1.5797237560e-02	-7.2454064946e-03	5.7320010086e-05	3.6726757945e-05
4.0300000000e+02	1.5833967408e-02	-7.3027721494e-03	5.7411264412e-05	3.6732931276e-05
4.0400000000e+02	1.5870703408e-02	-7.3602289531e-03	5.7502307824e-05	3.6739060231e-05
4.0500000000e+02	1.5907445514e-02	-7.4177766951e-03	5.7593141258e-05	3.6745145231e-05
4.0600000000e+02	1.5944193684e-02	-7.4754151659e-03	5.7683765640e-05	3.6751186691e-05
4.0700000000e+02	1.5980947873e-02	-7.5331441570e-03	5.7774181893e-05	3.6757185023e-05
4.0800000000e+02	1.6017708040e-02	-7.5909634607e-03	5.7864390932e-05	3.6763140634e-05
4.0900000000e+02	1.6054474140e-02	-7.6488728701e-03	5.7954393669e-05	3.6769053923e-05
4.1000000000e+02	1.6091246133e-02	-7.7068721795e-03	5.8044191007e-05	3.6774925289e-05
4.1100000000e+02	1.6128023977e-02	-7.7649611840e-03	5.8133783847e-05	3.6780755124e-05
4.1200000000e+02	1.6164807630e-02	-7.8231396793e-03	5.8223173081e-05	3.6786543815e-05
4.1300000000e+02	1.6201597051e-02	-7.8814074625e-03	5.8312359597e-05	3.6792291745e-05
4.1400000000e+02	1.6238392200e-02	-7.9397643313e-03	5.8401344279e-05	3.6797999294e-05
4.1500000000e+02	1.6275193036e-02	-7.9982100841e-03	5.8490128001e-05	3.6803666835e-05
4.1600000000e+02	1.6311999521e-02	-8.0567445206e-03	5.8578711637e-05	3.6809294740e-05
4.1700000000e+02	1.6348811613e-02	-8.1153674410e-03	5.8667096052e-05	3.6814883373e-05
4.1800000000e+02	1.6385629274e-02	-8.1740786466e-03	5.8755282107e-05	3.6820433097e-05
4.1900000000e+02	1.6422452466e-02	-8.2328779394e-03	5.8843270658e-05	3.6825944270e-05
4.2000000000e+02	1.6459281150e-02	-8.2917651223e-03	5.8931062553e-05	3.6831417244e-05
4.2100000000e+02	1.6496115288e-02	-8.3507399992e-03	5.9018658640e-05	3.6836852369e-05
4.2200000000e+02	1.6532954842e-02	-8.4098023746e-03	5.9106059756e-05	3.6842249992e-05
4.2300000000e+02	1.6569799776e-02	-8.4689520540e-03	5.9193266737e-05	3.6847610453e-05
4.2400000000e+02	1.6606650051e-02	-8.5281888436e-03	5.9280280412e-05	3.6852934090e-05
4.2500000000e+02	1.6643505632e-02	-8.5875125507e-03	5.9367101605e-05	3.6858221238e-05
4.2600000000e+02	1.6680366481e-02	-8.6469229830e-03	5.9453731137e-05	3.6863472227e-05
4.2700000000e+02	1.6717232564e-02	-8.7064199493e-03	5.9540169821e-05	3.6868687383e-05
4.2800000000e+02	1.6754103844e-02	-8.7660032593e-03	5.9626418466e-05	3.6873867029e-05
4.2900000000e+02	1.6790980286e-02	-8.8256727232e-03	5.9712477878e-05	3.6879011485e-05
4.3000000000e+02	1.6827861856e-02	-8.8854281522e-03	5.9798348856e-05	3.6884121067e-05
4.3100000000e+02	1.6864748517e-02	-8.9452693583e-03	5.9884032194e-05	3.6889196085e-05
4.3200000000e+02	1.6901640236e-02	-9.0051961543e-03	5.9969528682e-05	3.6894236851e-05
4.3300000000e+02	1.6938536979e-02	-9.0652083537e-03	6.0054839107e-05	3.6899243668e-05
4.3400000000e+02	1.6975438713e-02	-9.1253057708e-03	6.0139964247e-05	3.6904216839e-05
4.3500000000e+02	1.7012345402e-02	-9.1854882207e-03	6.0224904880e-05	3.6909156663e-05
4.3600000000e+02	1.7049257015e-02	-9.2457555193e-03	6.0309661776e-05	3.6914063434e-05
4.3700000000e+02	1.7086173518e-02	-9.3061074832e-03	6.0394235701e-05	3.6918937446e-05
4.3800000000e+02	1.7123094879e-02	-9.3665439299e-03	6.0478627417e-05	3.6923778987e-05
4.3900000000e+02	1.7160021065e-02	-9.4270646776e-03	6.0562837683e-05	3.6928588342e-05
4.4000000000e+02	1.7196952045e-02	-9.4876695451e-03	6.0646867250e-05	3.6933365796e-05
4.4100000000e+02	1.7233887786e-02	-9.5483583521e-03	6.0730716867e-05	3.6938111626e-05
4.4200000000e+02	1.7270828258e-02	-9.6091309191e-03	6.0814387278e-05	3.6942826110e-05
4.4300000000e+02	1.7307773428e-02	-9.6699870672e-03	6.0897879222e-05	3.6947509522e-05
4.4400000000e+02	1.7344723267e-02	-9.7309266183e-03	6.0981193434e-05	3.6952162131e-05
4.4500000000e+02	1.7381677742e-02	-9.7919493950e-03	6.1064330646e-05	3.6956784207e-05
4.4600000000e+02	1.7418636825e-02	-9.8530552208e-03	6.1147291582e-05	3.6961376012e-05
4.4700000000e+02	1.7455600484e-02	-9.9142439197e-03	6.1230076966e-05	3.6965937811e-05
4.4800000000e+02	1.7492568691e-02	-9.9755153165e-03	6.1312687516e-05	3.6970469861e-05
4.4900000000e+02	1.7529541414e-02	-1.0036869237e-02	6.1395123944e-05	3.6974972419e-05
4.5000000000e+02	1.7566518626e-02	-1.0098305507e-02	6.1477386960e-05	3.6979445739e-05
4.5100000000e+02	1.7603500296e-02	-1.0159823953e-02	6.1559477271e-05	3.6983890072e-05
4.5200000000e+02	1.7640486396e-02	-1.0221424404e-02	6.1641395575e-05	3.6988305665e-05
4.5300000000e+02	1.7677476898e-02	-1.0283106687e-02	6.1723142571e-05	3.6992692766e-05
4.5400000000e+02	1.7714471772e-02	-1.0344870632e-02	6.1804718952e-05	3.6997051616e-05
4.5500000000e+02	1.7751470992e-02	-1.0406716068e-02	6.1886125407e-05	3.7001382456e-05
4.5600000000e+02	1.7788474528e-02	-1.0468642826e-02	6.1967362619e-05	3.7005685525e-05
4.5700000000e+02	1.7825482354e-02	-1.0530650737e-02	6.2048431271e-05	3.7009961057e-05
4.5800000000e+02	1.7862494441e-02	-1.0592739633e-02	6.2129332039e-05	3.7014209286e-05
4.5900000000e+02	1.7899510763e-02	-1.0654909346e-02	6.2210065597e-05	3.7018430442e-05
4.6000000000e+02	1.7936531293e-02	-1.0717159709e-02	6.2290632612e-05	3.7022624753e-05
4.6100000000e+02	1.7973556004e-02	-1.0779490556e-02	6.2371033751e-05	3.7026792445e-05
4.6200000000e+02	1.8010584869e-02	-1.0841901721e-02	6.2451269676e-05	3.7030933742e-05
4.6300000000e+02	1.8047617863e-02	-1.0904393040e-02	6.2531341042e-05	3.7035048864e-05
4.6400000000e+02	1.8084654958e-02	-1.0966964349e-02	6.2611248506e-05	3.7039138030e-05
4.6500000000e+02	1.8121696130e-02	-1.1029615483e-02	6.2690992716e-05	3.7043201457e-05
4.6600000000e+02	1.8158741353e-02	-1.1092346280e-02	6.2770574318e-05	3.7047239359e-05
4.6700000000e+02	1.8195790600e-02	-1.1155156577e-02	6.2849993956e-05	3.7051251947e-05
4.6800000000e+02	1.8232843848e-02	-1.1218046214e-02	6.2929252269e-05	3.7055239433e-05
4.6900000000e+02	1.8269901071e-02	-1.1281015028e-02	6.3008349892e-05	3.7059202023e-05
4.7000000000e+02	1.8306962244e-02	-1.1344062860e-02	6.3087287456e-05	3.7063139924e-05
4.7100000000e+02	1.8344027343e-02	-1.1407189550e-02	6.3166065590e-05	3.7067053338e-05
4.7200000000e+02	1.8381096342e-02	-1.1470394939e-02	6.3244684917e-05	3.7070942467e-05
4.7300000000e+02	1.8418169219e-02	-1.1533678867e-02	6.3323146061e-05	3.7074807510e-05
4.7400000000e+02	1.8455245950e-02	-1.1597041178e-02	6.3401449637e-05	3.7078648665e-05
4.7500000000e+02	1.8492326509e-02	-1.1660481714e-02	6.3479596259e-05	3.7082466127e-05
4.7600000000e+02	1.8529410874e-02	-1.1724000319e-02	6.3557586539e-05	3.7086260089e-05
4.7700000000e+02	1.8566499021e-02	-1.1787596835e-02	6.3635421083e-05	3.7090030743e-05
4.7800000000e+02	1.8603590928e-02	-1.1851271109e-02	6.3713100495e-05	3.7093778279e-05
4.7900000000e+02	1.8640686570e-02	-1.1915022985e-02	6.3790625376e-05	3.7097502882e-05
4.8000000000e+02	1.8677785926e-02	-1.1978852309e-02	6.3867996322e-05	3.7101204740e-05
4.8100000000e+02	1.8714888972e-02	-1.2042758926e-02	6.3945213926e-05	3.7104884036e-05
4.8200000000e+02	1.8751995686e-02	-1.2106742685e-02	6.4022278780e-05	3.7108540952e-05
4.8300000000e+02	1.8789106047e-02	-1.2170803433e-02	6.4099191470e-05	3.7112175669e-05
4.8400000000e+02	1.8826220030e-02	-1.2234941018e-02	6.4175952579e-05	3.7115788363e-05
4.8500000000e+02	1.8863337616e-02	-1.2299155288e-02	6.4252562689e-05	3.7119379213e-05
4.8600000000e+02	1.8900458782e-02	-1.2363446093e-02	6.4329022376e-05	3.7122948392e-05
4.8700000000e+02	1.8937583506e-02	-1.2427813283e-02	6.4405332215e-05	3.7126496074e-05
4.8800000000e+02	1.8974711767e-02	-1.2492256708e-02	6.4481492776e-05	3.7130022431e-05
4.8900000000e+02	1.9011843544e-02	-1.2556776219e-02	6.4557504627e-05	3.7133527631e-05
4.9000000000e+02	1.9048978815e-02	-1.2621371668e-02	6.4633368332e-05	3.7137011843e-05
4.9100000000e+02	1.9086117560e-02	-1.2686042906e-02	6.4709084453e-05	3.7140475233e-05
4.9200000000e+02	1.9123259759e-02	-1.2750789788e-02	6.4784653549e-05	3.7143917966e-05
4.9300000000e+02	1.9160405389e-02	-1.2815612165e-02	6.4860076174e-05	3.7147340204e-05
4.9400000000e+02	1.9197554432e-02	-1.2880509891e-02	6.4935352881e-05	3.7150742110e-05
4.9500000000e+02	1.9234706867e-02	-1.2945482822e-02	6.5010484220e-05	3.7154123844e-05
4.9600000000e+02	1.9271862673e-02	-1.3010530811e-02	6.5085470735e-05	3.7157485562e-05
4.9700000000e+02	1.9309021831e-02	-1.3075653715e-02	6.5160312971e-05	3.7160827423e-05
4.9800000000e+02	1.9346184322e-02	-1.3140851389e-02	6.5235011468e-05	3.7164149582e-05
4.9900000000e+02	1.9383350124e-02	-1.3206123690e-02	6.5309566762e-05	3.7167452192e-05
5.0000000000e+02	1.9420519219e-02	-1.3271470475e-02	6.5383979390e-05	3.7170735406e-05
5.0100000000e+02	1.9457691588e-02	-1.3336891602e-02	6.5458249881e-05	3.7173999374e-05
5.0200000000e+02	1.9494867212e-02	-1.3402386928e-02	6.5532378764e-05	3.7177244245e-05
5.0300000000e+02	1.9532046071e-02	-1.3467956312e-02	6.5606366567e-05	3.7180470169e-05
5.0400000000e+02	1.9569228146e-02	-1.3533599614e-02	6.5680213810e-05	3.7183677291e-05
5.0500000000e+02	1.9606413419e-02	-1.3599316693e-02	6.5753921014e-05	3.7186865755e-05
5.0600000000e+02	1.9643601871e-02	-1.3665107410e-02	6.5827488698e-05	3.7190035707e-05
5.0700000000e+02	1.9680793484e-02	-1.3730971624e-02	6.5900917374e-05	3.7193187288e-05
5.0800000000e+02	1.9717988240e-02	-1.3796909198e-02	6.5974207555e-05	3.7196320639e-05
5.0900000000e+02	1.9755186119e-02	-1.3862919993e-02	6.6047359750e-05	3.7199435900e-05
5.1000000000e+02	1.9792387106e-02	-1.3929003872e-02	6.6120374466e-05	3.7202533209e-05
5.1100000000e+02	1.9829591180e-02	-1.3995160697e-02	6.6193252205e-05	3.7205612703e-05
5.1200000000e+02	1.9866798325e-02	-1.4061390331e-02	6.6265993469e-05	3.7208674518e-05
5.1300000000e+02	1.9904008523e-02	-1.4127692638e-02	6.6338598755e-05	3.7211718788e-05
5.1400000000e+02	1.9941221757e-02	-1.4194067483e-02	6.6411068561e-05	3.7214745647e-05
5.1500000000e+02	1.9978438009e-02	-1.4260514730e-02	6.6483403377e-05	3.7217755225e-05
5.1600000000e+02	2.0015657262e-02	-1.4327034245e-02	6.6555603695e-05	3.7220747654e-05
5.1700000000e+02	2.0052879498e-02	-1.4393625893e-02	6.6627670003e-05	3.7223723064e-05
5.1800000000e+02	2.0090104702e-02	-1.4460289541e-02	6.6699602785e-05	3.7226681582e-05
5.1900000000e+02	2.0127332856e-02	-1.4527025054e-02	6.6771402525e-05	3.7229623335e-05
5.2000000000e+02	2.0164563943e-02	-1.4593832302e-02	6.6843069701e-05	3.7232548449e-05
5.2100000000e+02	2.0201797947e-02	-1.4660711150e-02	6.6914604793e-05	3.7235457050e-05
5.2200000000e+02	2.0239034852e-02	-1.4727661467e-02	6.6986008274e-05	3.7238349259e-05
5.2300000000e+02	2.0276274640e-02	-1.4794683123e-02	6.7057280618e-05	3.7241225200e-05
5.2400000000e+02	2.0313517297e-02	-1.4861775985e-02	6.7128422294e-05	3.7244084994e-05
5.2500000000e+02	2.0350762805e-02	-1.4928939924e-02	6.7199433769e-05	3.7246928761e-05
5.2600000000e+02	2.0388011149e-02	-1.4996174809e-02	6.7270315510e-05	3.7249756620e-05
5.2700000000e+02	2.0425262313e-02	-1.5063480512e-02	6.7341067979e-05	3.7252568689e-05
5.2800000000e+02	2.0462516281e-02	-1.5130856902e-02	6.7411691635e-05	3.7255365084e-05
5.2900000000e+02	2.0499773038e-02	-1.5198303852e-02	6.7482186938e-05	3.7258145922e-05
5.3000000000e+02	2.0537032568e-02	-1.5265821234e-02	6.7552554342e-05	3.7260911317e-05
5.3100000000e+02	2.0574294856e-02	-1.5333408918e-02	6.7622794301e-05	3.7263661382e-05
5.3200000000e+02	2.0611559886e-02	-1.5401066780e-02	6.7692907266e-05	3.7266396230e-05
5.3300000000e+02	2.0648827643e-02	-1.5468794691e-02	6.7762893684e-05	3.7269115973e-05
5.3400000000e+02	2.0686098113e-02	-1.5536592525e-02	6.7832754003e-05	3.7271820721e-05
5.3500000000e+02	2.0723371279e-02	-1.5604460157e-02	6.7902488666e-05	3.7274510584e-05
5.3600000000e+02	2.0760647129e-02	-1.5672397461e-02	6.7972098115e-05	3.7277185670e-05
5.3700000000e+02	2.0797925646e-02	-1.5740404312e-02	6.8041582789e-05	3.7279846087e-05
5.3800000000e+02	2.0835206816e-02	-1.5808480585e-02	6.8110943124e-05	3.7282491941e-05
5.3900000000e+02	2.0872490625e-02	-1.5876626157e-02	6.8180179557e-05	3.7285123338e-05
5.4000000000e+02	2.0909777058e-02	-1.5944840903e-02	6.8249292520e-05	3.7287740383e-05
5.4100000000e+02	2.0947066101e-02	-1.6013124701e-02	6.8318282443e-05	3.7290343179e-05
5.4200000000e+02	2.0984357740e-02	-1.6081477427e-02	6.8387149754e-05	3.7292931829e-05
5.4300000000e+02	2.1021651960e-02	-1.6149898959e-02	6.8455894879e-05	3.7295506436e-05
5.4400000000e+02	2.1058948748e-02	-1.6218389176e-02	6.8524518242e-05	3.7298067099e-05
5.4500000000e+02	2.1096248090e-02	-1.6286947955e-02	6.8593020266e-05	3.7300613920e-05
5.4600000000e+02	2.1133549971e-02	-1.6355575176e-02	6.8661401369e-05	3.7303146996e-05
5.4700000000e+02	2.1170854379e-02	-1.6424270718e-02	6.8729661969e-05	3.7305666427e-05
5.4800000000e+02	2.1208161299e-02	-1.6493034460e-02	6.8797802481e-05	3.7308172310e-05
5.4900000000e+02	2.1245470719e-02	-1.6561866283e-02	6.8865823319e-05	3.7310664742e-05
5.5000000000e+02	2.1282782624e-02	-1.6630766067e-02	6.8933724894e-05	3.7313143817e-05
5.5100000000e+02	2.1320097002e-02	-1.6699733693e-02	6.9001507614e-05	3.7315609632e-05
5.5200000000e+02	2.1357413839e-02	-1.6768769043e-02	6.9069171888e-05	3.7318062279e-05
5.5300000000e+02	2.1394733123e-02	-1.6837871998e-02	6.9136718120e-05	3.7320501853e-05
5.5400000000e+02	2.1432054839e-02	-1.6907042440e-02	6.9204146712e-05	3.7322928445e-05
5.5500000000e+02	2.1469378975e-02	-1.6976280252e-02	6.9271458067e-05	3.7325342148e-05
5.5600000000e+02	2.1506705519e-02	-1.7045585317e-02	6.9338652582e-05	3.7327743051e-05
5.5700000000e+02	2.1544034457e-02	-1.7114957518e-02	6.9405730656e-05	3.7330131245e-05
5.5800000000e+02	2.1581365777e-02	-1.7184396740e-02	6.9472692682e-05	3.7332506818e-05
5.5900000000e+02	2.1618699466e-02	-1.7253902865e-02	6.9539539055e-05	3.7334869861e-05
5.6000000000e+02	2.1656035513e-02	-1.7323475779e-02	6.9606270164e-05	3.7337220459e-05
5.6100000000e+02	2.1693373903e-02	-1.7393115367e-02	6.9672886400e-05	3.7339558700e-05
5.6200000000e+02	2.1730714626e-02	-1.7462821514e-02	6.9739388149e-05	3.7341884670e-05
5.6300000000e+02	2.1768057669e-02	-1.7532594105e-02	6.9805775797e-05	3.7344198454e-05
5.6400000000e+02	2.1805403019e-02	-1.7602433028e-02	6.9872049728e-05	3.7346500137e-05
5.6500000000e+02	2.1842750665e-02	-1.7672338167e-02	6.9938210322e-05	3.7348789803e-05
5.6600000000e+02	2.1880100594e-02	-1.7742309411e-02	7.0004257959e-05	3.7351067535e-05
5.6700000000e+02	2.1917452796e-02	-1.7812346645e-02	7.0070193018e-05	3.7353333415e-05
5.6800000000e+02	2.1954807257e-02	-1.7882449759e-02	7.0136015874e-05	3.7355587526e-05
5.6900000000e+02	2.1992163967e-02	-1.7952618640e-02	7.0201726902e-05	3.7357829947e-05
5.7000000000e+02	2.2029522913e-02	-1.8022853176e-02	7.0267326472e-05	3.7360060761e-05
5.7100000000e+02	2.2066884085e-02	-1.8093153256e-02	7.0332814957e-05	3.7362280045e-05
5.7200000000e+02	2.2104247470e-02	-1.8163518769e-02	7.0398192725e-05	3.7364487880e-05
5.7300000000e+02	2.2141613057e-02	-1.8233949605e-02	7.0463460142e-05	3.7366684344e-05
5.7400000000e+02	2.2178980835e-02	-1.8304445653e-02	7.0528617573e-05	3.7368869513e-05
5.7500000000e+02	2.2216350792e-02	-1.8375006803e-02	7.0593665383e-05	3.7371043466e-05
5.7600000000e+02	2.2253722918e-02	-1.8445632947e-02	7.0658603932e-05	3.7373206278e-05
5.7700000000e+02	2.2291097201e-02	-1.8516323975e-02	7.0723433580e-05	3.7375358026e-05
5.7800000000e+02	2.2328473630e-02	-1.8587079778e-02	7.0788154685e-05	3.7377498784e-05
5.7900000000e+02	2.2365852195e-02	-1.8657900248e-02	7.0852767604e-05	3.7379628626e-05
5.8000000000e+02	2.2403232884e-02	-1.8728785277e-02	7.0917272691e-05	3.7381747627e-05
5.8100000000e+02	2.2440615686e-02	-1.8799734758e-02	7.0981670299e-05	3.7383855860e-05
5.8200000000e+02	2.2478000592e-02	-1.8870748582e-02	7.1045960780e-05	3.7385953397e-05
5.8300000000e+02	2.2515387590e-02	-1.8941826644e-02	7.1110144482e-05	3.7388040310e-05
5.8400000000e+02	2.2552776669e-02	-1.9012968835e-02	7.1174221754e-05	3.7390116670e-05
5.8500000000e+02	2.2590167820e-02	-1.9084175052e-02	7.1238192942e-05	3.7392182549e-05
5.8600000000e+02	2.2627561031e-02	-1.9155445186e-02	7.1302058390e-05	3.7394238017e-05
5.8700000000e+02	2.2664956292e-02	-1.9226779133e-02	7.1365818442e-05	3.7396283142e-05
5.8800000000e+02	2.2702353594e-02	-1.9298176788e-02	7.1429473438e-05	3.7398317995e-05
5.8900000000e+02	2.2739752925e-02	-1.9369638045e-02	7.1493023718e-05	3.7400342643e-05
5.9000000000e+02	2.2777154275e-02	-1.9441162801e-02	7.1556469621e-05	3.7402357154e-05
5.9100000000e+02	2.2814557636e-02	-1.9512750950e-02	7.1619811481e-05	3.7404361596e-05
5.9200000000e+02	2.2851962995e-02	-1.9584402389e-02	7.1683049636e-05	3.7406356035e-05
5.9300000000e+02	2.2889370344e-02	-1.9656117015e-02	7.1746184417e-05	3.7408340538e-05
5.9400000000e+02	2.2926779673e-02	-1.9727894724e-02	7.1809216156e-05	3.7410315170e-05
5.9500000000e+02	2.2964190972e-02	-1.9799735413e-02	7.1872145184e-05	3.7412279996e-05
5.9600000000e+02	2.3001604230e-02	-1.9871638980e-02	7.1934971828e-05	3.7414235081e-05
5.9700000000e+02	2.3039019438e-02	-1.9943605322e-02	7.1997696417e-05	3.7416180490e-05
5.9800000000e+02	2.3076436588e-02	-2.0015634339e-02	7.2060319275e-05	3.7418116285e-05
5.9900000000e+02	2.3113855668e-02	-2.0087725927e-02	7.2122840726e-05	3.7420042529e-05
6.0000000000e+02	2.3151276670e-02	-2.0159879986e-02	7.2185261093e-05	3.7421959285e-05
6.0100000000e+02	2.3188699583e-02	-2.0232096416e-02	7.2247580697e-05	3.7423866616e-05
6.0200000000e+02	2.3226124400e-02	-2.0304375114e-02	7.2309799857e-05	3.7425764581e-05
6.0300000000e+02	2.3263551109e-02	-2.0376715982e-02	7.2371918891e-05	3.7427653244e-05
6.0400000000e+02	2.3300979703e-02	-2.0449118919e-02	7.2433938116e-05	3.7429532663e-05
6.0500000000e+02	2.3338410172e-02	-2.0521583825e-02	7.2495857846e-05	3.7431402899e-05
6.0600000000e+02	2.3375842506e-02	-2.0594110602e-02	7.2557678395e-05	3.7433264012e-05
6.0700000000e+02	2.3413276697e-02	-2.0666699149e-02	7.2619400075e-05	3.7435116060e-05
6.0800000000e+02	2.3450712735e-02	-2.0739349369e-02	7.2681023197e-05	3.7436959102e-05
6.0900000000e+02	2.3488150612e-02	-2.0812061163e-02	7.2742548070e-05	3.7438793196e-05
6.1000000000e+02	2.3525590318e-02	-2.0884834432e-02	7.2803975001e-05	3.7440618400e-05
6.1100000000e+02	2.3563031846e-02	-2.0957669080e-02	7.2865304297e-05	3.7442434772e-05
6.1200000000e+02	2.3600475185e-02	-2.1030565008e-02	7.2926536264e-05	3.7444242366e-05
6.1300000000e+02	2.3637920327e-02	-2.1103522120e-02	7.2987671203e-05	3.7446041241e-05
6.1400000000e+02	2.3675367265e-02	-2.1176540319e-02	7.3048709419e-05	3.7447831451e-05
6.1500000000e+02	2.3712815988e-02	-2.1249619507e-02	7.3109651211e-05	3.7449613053e-05
6.1600000000e+02	2.3750266488e-02	-2.1322759589e-02	7.3170496878e-05	3.7451386100e-05
6.1700000000e+02	2.3787718757e-02	-2.1395960469e-02	7.3231246719e-05	3.7453150648e-05
6.1800000000e+02	2.3825172786e-02	-2.1469222051e-02	7.3291901031e-05	3.7454906751e-05
6.1900000000e+02	2.3862628568e-02	-2.1542544239e-02	7.3352460108e-05	3.7456654462e-05
6.2000000000e+02	2.3900086092e-02	-2.1615926939e-02	7.3412924244e-05	3.7458393834e-05
6.2100000000e+02	2.3937545352e-02	-2.1689370056e-02	7.3473293734e-05	3.7460124920e-05
6.2200000000e+02	2.3975006340e-02	-2.1762873495e-02	7.3533568866e-05	3.7461847773e-05
6.2300000000e+02	2.4012469045e-02	-2.1836437162e-02	7.3593749932e-05	3.7463562444e-05
6.2400000000e+02	2.4049933462e-02	-2.1910060964e-02	7.3653837220e-05	3.7465268985e-05
6.2500000000e+02	2.4087399581e-02	-2.1983744806e-02	7.3713831018e-05	3.7466967448e-05
6.2600000000e+02	2.4124867394e-02	-2.2057488595e-02	7.3773731611e-05	3.7468657882e-05
6.2700000000e+02	2.4162336894e-02	-2.2131292238e-02	7.3833539285e-05	3.7470340339e-05
6.2800000000e+02	2.4199808072e-02	-2.2205155642e-02	7.3893254322e-05	3.7472014868e-05
6.2900000000e+02	2.4237280921e-02	-2.2279078716e-02	7.3952877006e-05	3.7473681519e-05
6.3000000000e+02	2.4274755432e-02	-2.2353061366e-02	7.4012407616e-05	3.7475340340e-05
6.3100000000e+02	2.4312231599e-02	-2.2427103500e-02	7.4071846433e-05	3.7476991382e-05
6.3200000000e+02	2.4349709413e-02	-2.2501205028e-02	7.4131193735e-05	3.7478634692e-05
6.3300000000e+02	2.4387188866e-02	-2.2575365857e-02	7.4190449800e-05	3.7480270317e-05
6.3400000000e+02	2.4424669951e-02	-2.2649585897e-02	7.4249614902e-05	3.7481898307e-05
6.3500000000e+02	2.4462152660e-02	-2.2723865057e-02	7.4308689318e-05	3.7483518708e-05
6.3600000000e+02	2.4499636986e-02	-2.2798203246e-02	7.4367673320e-05	3.7485131568e-05
6.3700000000e+02	2.4537122920e-02	-2.2872600374e-02	7.4426567181e-05	3.7486736932e-05
6.3800000000e+02	2.4574610457e-02	-2.2947056350e-02	7.4485371171e-05	3.7488334847e-05
6.3900000000e+02	2.4612099588e-02	-2.3021571086e-02	7.4544085561e-05	3.7489925358e-05
6.4000000000e+02	2.4649590305e-02	-2.3096144492e-02	7.4602710620e-05	3.7491508513e-05
6.4100000000e+02	2.4687082602e-02	-2.3170776478e-02	7.4661246615e-05	3.7493084354e-05
6.4200000000e+02	2.4724576471e-02	-2.3245466955e-02	7.4719693811e-05	3.7494652928e-05
6.4300000000e+02	2.4762071906e-02	-2.3320215836e-02	7.4778052475e-05	3.7496214279e-05
6.4400000000e+02	2.4799568898e-02	-2.3395023031e-02	7.4836322870e-05	3.7497768451e-05
6.4500000000e+02	2.4837067440e-02	-2.3469888452e-02	7.4894505260e-05	3.7499315488e-05
6.4600000000e+02	2.4874567526e-02	-2.3544812012e-02	7.4952599905e-05	3.7500855432e-05
6.4700000000e+02	2.4912069149e-02	-2.3619793623e-02	7.5010607066e-05	3.7502388329e-05
6.4800000000e+02	2.4949572301e-02	-2.3694833197e-02	7.5068527003e-05	3.7503914219e-05
6.4900000000e+02	2.4987076975e-02	-2.3769930648e-02	7.5126359973e-05	3.7505433146e-05
6.5000000000e+02	2.5024583165e-02	-2.3845085888e-02	7.5184106235e-05	3.7506945153e-05
6.5100000000e+02	2.5062090863e-02	-2.3920298832e-02	7.5241766044e-05	3.7508450279e-05
6.5200000000e+02	2.5099600063e-02	-2.3995569392e-02	7.5299339654e-05	3.7509948569e-05
6.5300000000e+02	2.5137110758e-02	-2.4070897482e-02	7.5356827320e-05	3.7511440061e-05
6.5400000000e+02	2.5174622941e-02	-2.4146283018e-02	7.5414229294e-05	3.7512924798e-05
6.5500000000e+02	2.5212136605e-02	-2.4221725912e-02	7.5471545828e-05	3.7514402820e-05
6.5600000000e+02	2.5249651744e-02	-2.4297226081e-02	7.5528777172e-05	3.7515874168e-05
6.5700000000e+02	2.5287168351e-02	-2.4372783438e-02	7.5585923576e-05	3.7517338881e-05
6.5800000000e+02	2.5324686420e-02	-2.4448397900e-02	7.5642985288e-05	3.7518796999e-05
6.5900000000e+02	2.5362205943e-02	-2.4524069381e-02	7.5699962555e-05	3.7520248561e-05
6.6000000000e+02	2.5399726915e-02	-2.4599797797e-02	7.5756855623e-05	3.7521693607e-05
6.6100000000e+02	2.5437249328e-02	-2.4675583064e-02	7.5813664738e-05	3.7523132176e-05
6.6200000000e+02	2.5474773177e-02	-2.4751425098e-02	7.5870390144e-05	3.7524564305e-05
6.6300000000e+02	2.5512298455e-02	-2.4827323816e-02	7.5927032083e-05	3.7525990034e-05
6.6400000000e+02	2.5549825155e-02	-2.4903279135e-02	7.5983590798e-05	3.7527409400e-05
6.6500000000e+02	2.5587353271e-02	-2.4979290970e-02	7.6040066529e-05	3.7528822441e-05
6.6600000000e+02	2.5624882798e-02	-2.5055359240e-02	7.6096459516e-05	3.7530229194e-05
6.6700000000e+02	2.5662413728e-02	-2.5131483862e-02	7.6152769999e-05	3.7531629697e-05
6.6800000000e+02	2.5699946055e-02	-2.5207664753e-02	7.6208998215e-05	3.7533023986e-05
6.6900000000e+02	2.5737479773e-02	-2.5283901831e-02	7.6265144401e-05	3.7534412098e-05
6.7000000000e+02	2.5775014877e-02	-2.5360195014e-02	7.6321208793e-05	3.7535794070e-05
6.7100000000e+02	2.5812551360e-02	-2.5436544221e-02	7.6377191626e-05	3.7537169936e-05
6.7200000000e+02	2.5850089215e-02	-2.5512949371e-02	7.6433093133e-05	3.7538539734e-05
6.7300000000e+02	2.5887628437e-02	-2.5589410381e-02	7.6488913548e-05	3.7539903498e-05
6.7400000000e+02	2.5925169020e-02	-2.5665927171e-02	7.6544653102e-05	3.7541261265e-05
6.7500000000e+02	2.5962710958e-02	-2.5742499660e-02	7.6600312026e-05	3.7542613068e-05
6.7600000000e+02	2.6000254244e-02	-2.5819127768e-02	7.6655890550e-05	3.7543958943e-05
6.7700000000e+02	2.6037798874e-02	-2.5895811414e-02	7.6711388904e-05	3.7545298925e-05
6.7800000000e+02	2.6075344840e-02	-2.5972550519e-02	7.6766807314e-05	3.7546633046e-05
6.7900000000e+02	2.6112892138e-02	-2.6049345002e-02	7.6822146009e-05	3.7547961343e-05
6.8000000000e+02	2.6150440761e-02	-2.6126194785e-02	7.6877405214e-05	3.7549283848e-05
6.8100000000e+02	2.6187990703e-02	-2.6203099786e-02	7.6932585154e-05	3.7550600594e-05
6.8200000000e+02	2.6225541960e-02	-2.6280059929e-02	7.6987686054e-05	3.7551911616e-05
6.8300000000e+02	2.6263094525e-02	-2.6357075132e-02	7.7042708136e-05	3.7553216946e-05
6.8400000000e+02	2.6300648392e-02	-2.6434145319e-02	7.7097651624e-05	3.7554516617e-05
6.8500000000e+02	2.6338203556e-02	-2.6511270409e-02	7.7152516738e-05	3.7555810661e-05
6.8600000000e+02	2.6375760011e-02	-2.6588450326e-02	7.7207303699e-05	3.7557099111e-05
6.8700000000e+02	2.6413317752e-02	-2.6665684991e-02	7.7262012727e-05	3.7558382000e-05
6.8800000000e+02	2.6450876774e-02	-2.6742974326e-02	7.7316644040e-05	3.7559659358e-05
6.8900000000e+02	2.6488437069e-02	-2.6820318253e-02	7.7371197855e-05	3.7560931218e-05
6.9000000000e+02	2.6525998634e-02	-2.6897716696e-02	7.7425674391e-05	3.7562197610e-05
6.9100000000e+02	2.6563561463e-02	-2.6975169576e-02	7.7480073862e-05	3.7563458567e-05
6.9200000000e+02	2.6601125550e-02	-2.7052676818e-02	7.7534396485e-05	3.7564714119e-05
6.9300000000e+02	2.6638690889e-02	-2.7130238344e-02	7.7588642472e-05	3.7565964297e-05
6.9400000000e+02	2.6676257476e-02	-2.7207854077e-02	7.7642812037e-05	3.7567209132e-05
6.9500000000e+02	2.6713825306e-02	-2.7285523942e-02	7.7696905393e-05	3.7568448653e-05
6.9600000000e+02	2.6751394372e-02	-2.7363247863e-02	7.7750922751e-05	3.7569682891e-05
6.9700000000e+02	2.6788964670e-02	-2.7441025762e-02	7.7804864322e-05	3.7570911876e-05
6.9800000000e+02	2.6826536194e-02	-2.7518857566e-02	7.7858730315e-05	3.7572135638e-05
6.9900000000e+02	2.6864108939e-02	-2.7596743198e-02	7.7912520940e-05	3.7573354205e-05
7.0000000000e+02	2.6901682901e-02	-2.7674682583e-02	7.7966236405e-05	3.7574567608e-05
7.0100000000e+02	2.6939258073e-02	-2.7752675646e-02	7.8019876917e-05	3.7575775875e-05
7.0200000000e+02	2.6976834451e-02	-2.7830722312e-02	7.8073442682e-05	3.7576979035e-05
7.0300000000e+02	2.7014412029e-02	-2.7908822506e-02	7.8126933905e-05	3.7578177117e-05
7.0400000000e+02	2.7051990803e-02	-2.7986976155e-02	7.8180350793e-05	3.7579370149e-05
7.0500000000e+02	2.7089570768e-02	-2.8065183183e-02	7.8233693548e-05	3.7580558160e-05
7.0600000000e+02	2.7127151918e-02	-2.8143443517e-02	7.8286962373e-05	3.7581741177e-05
7.0700000000e+02	2.7164734249e-02	-2.8221757083e-02	7.8340157471e-05	3.7582919230e-05
7.0800000000e+02	2.7202317755e-02	-2.8300123808e-02	7.8393279043e-05	3.7584092344e-05
7.0900000000e+02	2.7239902432e-02	-2.8378543617e-02	7.8446327290e-05	3.7585260548e-05
7.1000000000e+02	2.7277488274e-02	-2.8457016438e-02	7.8499302411e-05	3.7586423869e-05
7.1100000000e+02	2.7315075278e-02	-2.8535542198e-02	7.8552204606e-05	3.7587582334e-05
7.1200000000e+02	2.7352663437e-02	-2.8614120823e-02	7.8605034073e-05	3.7588735970e-05
7.1300000000e+02	2.7390252748e-02	-2.8692752241e-02	7.8657791009e-05	3.7589884803e-05
7.1400000000e+02	2.7427843205e-02	-2.8771436381e-02	7.8710475611e-05	3.7591028861e-05
7.1500000000e+02	2.7465434804e-02	-2.8850173169e-02	7.8763088074e-05	3.7592168170e-05
7.1600000000e+02	2.7503027540e-02	-2.8928962533e-02	7.8815628594e-05	3.7593302756e-05
7.1700000000e+02	2.7540621408e-02	-2.9007804402e-02	7.8868097364e-05	3.7594432644e-05
7.1800000000e+02	2.7578216404e-02	-2.9086698704e-02	7.8920494579e-05	3.7595557861e-05
7.1900000000e+02	2.7615812522e-02	-2.9165645367e-02	7.8972820431e-05	3.7596678432e-05
7.2000000000e+02	2.7653409759e-02	-2.9244644321e-02	7.9025075111e-05	3.7597794383e-05
7.2100000000e+02	2.7691008110e-02	-2.9323695494e-02	7.9077258812e-05	3.7598905740e-05
7.2200000000e+02	2.7728607569e-02	-2.9402798815e-02	7.9129371723e-05	3.7600012526e-05
7.2300000000e+02	2.7766208133e-02	-2.9481954214e-02	7.9181414034e-05	3.7601114768e-05
7.2400000000e+02	2.7803809797e-02	-2.9561161620e-02	7.9233385935e-05	3.7602212489e-05
7.2500000000e+02	2.7841412557e-02	-2.9640420962e-02	7.9285287612e-05	3.7603305716e-05
7.2600000000e+02	2.7879016407e-02	-2.9719732171e-02	7.9337119254e-05	3.7604394471e-05
7.2700000000e+02	2.7916621344e-02	-2.9799095177e-02	7.9388881047e-05	3.7605478780e-05
7.2800000000e+02	2.7954227363e-02	-2.9878509910e-02	7.9440573178e-05	3.7606558666e-05
7.2900000000e+02	2.7991834460e-02	-2.9957976301e-02	7.9492195831e-05	3.7607634153e-05
7.3000000000e+02	2.8029442630e-02	-3.0037494279e-02	7.9543749190e-05	3.7608705266e-05
7.3100000000e+02	2.8067051869e-02	-3.0117063776e-02	7.9595233440e-05	3.7609772027e-05
7.3200000000e+02	2.8104662173e-02	-3.0196684723e-02	7.9646648764e-05	3.7610834461e-05
7.3300000000e+02	2.8142273536e-02	-3.0276357051e-02	7.9697995344e-05	3.7611892591e-05
7.3400000000e+02	2.8179885956e-02	-3.0356080691e-02	7.9749273361e-05	3.7612946439e-05
7.3500000000e+02	2.8217499428e-02	-3.0435855575e-02	7.9800482996e-05	3.7613996029e-05
7.3600000000e+02	2.8255113947e-02	-3.0515681634e-02	7.9851624431e-05	3.7615041384e-05
7.3700000000e+02	2.8292729509e-02	-3.0595558801e-02	7.9902697843e-05	3.7616082527e-05
7.3800000000e+02	2.8330346111e-02	-3.0675487007e-02	7.9953703411e-05	3.7617119479e-05
7.3900000000e+02	2.8367963747e-02	-3.0755466185e-02	8.0004641315e-05	3.7618152263e-05
7.4000000000e+02	2.8405582414e-02	-3.0835496267e-02	8.0055511731e-05	3.7619180902e-05
7.4100000000e+02	2.8443202107e-02	-3.0915577186e-02	8.0106314836e-05	3.7620205418e-05
7.4200000000e+02	2.8480822823e-02	-3.0995708874e-02	8.0157050805e-05	3.7621225833e-05
7.4300000000e+02	2.8518444558e-02	-3.1075891265e-02	8.0207719815e-05	3.7622242168e-05
7.4400000000e+02	2.8556067306e-02	-3.1156124292e-02	8.0258322040e-05	3.7623254445e-05
7.4500000000e+02	2.8593691065e-02	-3.1236407887e-02	8.0308857654e-05	3.7624262685e-05
7.4600000000e+02	2.8631315830e-02	-3.1316741985e-02	8.0359326830e-05	3.7625266911e-05
7.4700000000e+02	2.8668941598e-02	-3.1397126519e-02	8.0409729741e-05	3.7626267143e-05
7.4800000000e+02	2.8706568363e-02	-3.1477561422e-02	8.0460066558e-05	3.7627263403e-05
7.4900000000e+02	2.8744196123e-02	-3.1558046630e-02	8.0510337454e-05	3.7628255710e-05
7.5000000000e+02	2.8781824873e-02	-3.1638582075e-02	8.0560542598e-05	3.7629244087e-05
7.5100000000e+02	2.8819454610e-02	-3.1719167693e-02	8.0610682161e-05	3.7630228554e-05
7.5200000000e+02	2.8857085329e-02	-3.1799803418e-02	8.0660756313e-05	3.7631209131e-05
7.5300000000e+02	2.8894717027e-02	-3.1880489184e-02	8.0710765220e-05	3.7632185839e-05
7.5400000000e+02	2.8932349699e-02	-3.1961224927e-02	8.0760709053e-05	3.7633158698e-05
7.5500000000e+02	2.8969983343e-02	-3.2042010581e-02	8.0810587978e-05	3.7634127728e-05
7.5600000000e+02	2.9007617954e-02	-3.2122846081e-02	8.0860402162e-05	3.7635092950e-05
7.5700000000e+02	2.9045253528e-02	-3.2203731363e-02	8.0910151772e-05	3.7636054382e-05
7.5800000000e+02	2.9082890061e-02	-3.2284666363e-02	8.0959836971e-05	3.7637012046e-05
7.5900000000e+02	2.9120527551e-02	-3.2365651016e-02	8.1009457927e-05	3.7637965960e-05
7.6000000000e+02	2.9158165992e-02	-3.2446685258e-02	8.1059014802e-05	3.7638916144e-05
7.6100000000e+02	2.9195805382e-02	-3.2527769024e-02	8.1108507761e-05	3.7639862618e-05
7.6200000000e+02	2.9233445716e-02	-3.2608902252e-02	8.1157936966e-05	3.7640805400e-05
7.6300000000e+02	2.9271086991e-02	-3.2690084877e-02	8.1207302579e-05	3.7641744510e-05
7.6400000000e+02	2.9308729204e-02	-3.2771316836e-02	8.1256604764e-05	3.7642679967e-05
7.6500000000e+02	2.9346372350e-02	-3.2852598065e-02	8.1305843680e-05	3.7643611790e-05
7.6600000000e+02	2.9384016426e-02	-3.2933928502e-02	8.1355019489e-05	3.7644539997e-05
7.6700000000e+02	2.9421661429e-02	-3.3015308083e-02	8.1404132349e-05	3.7645464607e-05
7.6800000000e+02	2.9459307354e-02	-3.3096736746e-02	8.1453182422e-05	3.7646385639e-05
7.6900000000e+02	2.9496954199e-02	-3.3178214427e-02	8.1502169865e-05	3.7647303111e-05
7.7000000000e+02	2.9534601959e-02	-3.3259741065e-02	8.1551094836e-05	3.7648217041e-05
7.7100000000e+02	2.9572250632e-02	-3.3341316596e-02	8.1599957494e-05	3.7649127447e-05
7.7200000000e+02	2.9609900213e-02	-3.3422940959e-02	8.1648757995e-05	3.7650034348e-05
7.7300000000e+02	2.9647550699e-02	-3.3504614092e-02	8.1697496495e-05	3.7650937762e-05
7.7400000000e+02	2.9685202087e-02	-3.3586335932e-02	8.1746173151e-05	3.7651837706e-05
7.7500000000e+02	2.9722854373e-02	-3.3668106417e-02	8.1794788117e-05	3.7652734197e-05
7.7600000000e+02	2.9760507554e-02	-3.3749925487e-02	8.1843341549e-05	3.7653627255e-05
7.7700000000e+02	2.9798161627e-02	-3.3831793080e-02	8.1891833599e-05	3.7654516895e-05
7.7800000000e+02	2.9835816587e-02	-3.3913709134e-02	8.1940264423e-05	3.7655403136e-05
7.7900000000e+02	2.9873472432e-02	-3.3995673588e-02	8.1988634173e-05	3.7656285995e-05
7.8000000000e+02	2.9911129158e-02	-3.4077686382e-02	8.2036943000e-05	3.7657165488e-05
7.8100000000e+02	2.9948786762e-02	-3.4159747454e-02	8.2085191058e-05	3.7658041633e-05
7.8200000000e+02	2.9986445240e-02	-3.4241856744e-02	8.2133378496e-05	3.7658914447e-05
7.8300000000e+02	3.0024104590e-02	-3.4324014191e-02	8.2181505467e-05	3.7659783947e-05
7.8400000000e+02	3.0061764807e-02	-3.4406219735e-02	8.2229572120e-05	3.7660650149e-05
7.8500000000e+02	3.0099425889e-02	-3.4488473315e-02	8.2277578604e-05	3.7661513070e-05
7.8600000000e+02	3.0137087832e-02	-3.4570774872e-02	8.2325525069e-05	3.7662372727e-05
7.8700000000e+02	3.0174750633e-02	-3.4653124345e-02	8.2373411663e-05	3.7663229136e-05
7.8800000000e+02	3.0212414289e-02	-3.4735521675e-02	8.2421238534e-05	3.7664082312e-05
7.8900000000e+02	3.0250078797e-02	-3.4817966803e-02	8.2469005829e-05	3.7664932274e-05
7.9000000000e+02	3.0287744153e-02	-3.4900459667e-02	8.2516713696e-05	3.7665779035e-05
7.9100000000e+02	3.0325410354e-02	-3.4983000210e-02	8.2564362281e-05	3.7666622614e-05
7.9200000000e+02	3.0363077397e-02	-3.5065588372e-02	8.2611951729e-05	3.7667463025e-05
7.9300000000e+02	3.0400745279e-02	-3.5148224094e-02	8.2659482185e-05	3.7668300284e-05
7.9400000000e+02	3.0438413996e-02	-3.5230907317e-02	8.2706953795e-05	3.7669134407e-05
7.9500000000e+02	3.0476083547e-02	-3.5313637982e-02	8.2754366703e-05	3.7669965409e-05
7.9600000000e+02	3.0513753926e-02	-3.5396416031e-02	8.2801721051e-05	3.7670793307e-05
7.9700000000e+02	3.0551425132e-02	-3.5479241405e-02	8.2849016985e-05	3.7671618115e-05
7.9800000000e+02	3.0589097161e-02	-3.5562114045e-02	8.2896254645e-05	3.7672439849e-05
7.9900000000e+02	3.0626770011e-02	-3.5645033895e-02	8.2943434174e-05	3.7673258525e-05
8.0000000000e+02	3.0664443677e-02	-3.5728000894e-02	8.2990555715e-05	3.7674074156e-05
8.0100000000e+02	3.0702118158e-02	-3.5811014987e-02	8.3037619407e-05	3.7674886759e-05
8.0200000000e+02	3.0739793450e-02	-3.5894076114e-02	8.3084625391e-05	3.7675696347e-05
8.0300000000e+02	3.0777469550e-02	-3.5977184218e-02	8.3131573808e-05	3.7676502937e-05
8.0400000000e+02	3.0815146455e-02	-3.6060339242e-02	8.3178464797e-05	3.7677306543e-05
8.0500000000e+02	3.0852824162e-02	-3.6143541129e-02	8.3225298498e-05	3.7678107179e-05
8.0600000000e+02	3.0890502668e-02	-3.6226789820e-02	8.3272075048e-05	3.7678904860e-05
8.0700000000e+02	3.0928181971e-02	-3.6310085260e-02	8.3318794586e-05	3.7679699601e-05
8.0800000000e+02	3.0965862066e-02	-3.6393427391e-02	8.3365457249e-05	3.7680491415e-05
8.0900000000e+02	3.1003542952e-02	-3.6476816155e-02	8.3412063174e-05	3.7681280318e-05
8.1000000000e+02	3.1041224626e-02	-3.6560251498e-02	8.3458612499e-05	3.7682066324e-05
8.1100000000e+02	3.1078907084e-02	-3.6643733362e-02	8.3505105359e-05	3.7682849446e-05
8.1200000000e+02	3.1116590324e-02	-3.6727261690e-02	8.3551541889e-05	3.7683629698e-05
8.1300000000e+02	3.1154274343e-02	-3.6810836427e-02	8.3597922226e-05	3.7684407096e-05
8.1400000000e+02	3.1191959137e-02	-3.6894457516e-02	8.3644246502e-05	3.7685181652e-05
8.1500000000e+02	3.1229644705e-02	-3.6978124901e-02	8.3690514854e-05	3.7685953380e-05
8.1600000000e+02	3.1267331043e-02	-3.7061838527e-02	8.3736727414e-05	3.7686722295e-05
8.1700000000e+02	3.1305018149e-02	-3.7145598337e-02	8.3782884316e-05	3.7687488409e-05
8.1800000000e+02	3.1342706019e-02	-3.7229404277e-02	8.3828985692e-05	3.7688251737e-05
8.1900000000e+02	3.1380394651e-02	-3.7313256290e-02	8.3875031675e-05	3.7689012291e-05
8.2000000000e+02	3.1418084043e-02	-3.7397154322e-02	8.3921022396e-05	3.7689770086e-05
8.2100000000e+02	3.1455774190e-02	-3.7481098317e-02	8.3966957987e-05	3.7690525134e-05
8.2200000000e+02	3.1493465092e-02	-3.7565088220e-02	8.4012838578e-05	3.7691277448e-05
8.2300000000e+02	3.1531156744e-02	-3.7649123976e-02	8.4058664301e-05	3.7692027043e-05
8.2400000000e+02	3.1568849145e-02	-3.7733205530e-02	8.4104435285e-05	3.7692773930e-05
8.2500000000e+02	3.1606542291e-02	-3.7817332828e-02	8.4150151660e-05	3.7693518124e-05
8.2600000000e+02	3.1644236180e-02	-3.7901505815e-02	8.4195813554e-05	3.7694259636e-05
8.2700000000e+02	3.1681930810e-02	-3.7985724437e-02	8.4241421096e-05	3.7694998480e-05
8.2800000000e+02	3.1719626177e-02	-3.8069988639e-02	8.4286974415e-05	3.7695734668e-05
8.2900000000e+02	3.1757322278e-02	-3.8154298368e-02	8.4332473638e-05	3.7696468213e-05
8.3000000000e+02	3.1795019112e-02	-3.8238653568e-02	8.4377918892e-05	3.7697199128e-05
8.3100000000e+02	3.1832716676e-02	-3.8323054188e-02	8.4423310305e-05	3.7697927426e-05
8.3200000000e+02	3.1870414966e-02	-3.8407500171e-02	8.4468648002e-05	3.7698653118e-05
8.3300000000e+02	3.1908113981e-02	-3.8491991466e-02	8.4513932109e-05	3.7699376217e-05
8.3400000000e+02	3.1945813718e-02	-3.8576528018e-02	8.4559162752e-05	3.7700096736e-05
8.3500000000e+02	3.1983514174e-02	-3.8661109773e-02	8.4604340056e-05	3.7700814686e-05
8.3600000000e+02	3.2021215346e-02	-3.8745736680e-02	8.4649464146e-05	3.7701530081e-05
8.3700000000e+02	3.2058917233e-02	-3.8830408684e-02	8.4694535146e-05	3.7702242931e-05
8.3800000000e+02	3.2096619831e-02	-3.8915125733e-02	8.4739553179e-05	3.7702953249e-05
8.3900000000e+02	3.2134323139e-02	-3.8999887773e-02	8.4784518369e-05	3.7703661047e-05
8.4000000000e+02	3.2172027152e-02	-3.9084694752e-02	8.4829430838e-05	3.7704366337e-05
8.4100000000e+02	3.2209731870e-02	-3.9169546617e-02	8.4874290710e-05	3.7705069131e-05
8.4200000000e+02	3.2247437290e-02	-3.9254443316e-02	8.4919098106e-05	3.7705769440e-05
8.4300000000e+02	3.2285143408e-02	-3.9339384796e-02	8.4963853148e-05	3.7706467276e-05
8.4400000000e+02	3.2322850224e-02	-3.9424371005e-02	8.5008555958e-05	3.7707162650e-05
8.4500000000e+02	3.2360557733e-02	-3.9509401890e-02	8.5053206655e-05	3.7707855575e-05
8.4600000000e+02	3.2398265934e-02	-3.9594477401e-02	8.5097805360e-05	3.7708546062e-05
8.4700000000e+02	3.2435974824e-02	-3.9679597484e-02	8.5142352194e-05	3.7709234121e-05
8.4800000000e+02	3.2473684401e-02	-3.9764762088e-02	8.5186847275e-05	3.7709919765e-05
8.4900000000e+02	3.2511394663e-02	-3.9849971161e-02	8.5231290723e-05	3.7710603005e-05
8.5000000000e+02	3.2549105607e-02	-3.9935224652e-02	8.5275682657e-05	3.7711283852e-05
8.5100000000e+02	3.2586817230e-02	-4.0020522509e-02	8.5320023195e-05	3.7711962316e-05
8.5200000000e+02	3.2624529530e-02	-4.0105864681e-02	8.5364312455e-05	3.7712638410e-05
8.5300000000e+02	3.2662242506e-02	-4.0191251117e-02	8.5408550554e-05	3.7713312144e-05
8.5400000000e+02	3.2699956154e-02	-4.0276681765e-02	8.5452737610e-05	3.7713983529e-05
8.5500000000e+02	3.2737670472e-02	-4.0362156575e-02	8.5496873740e-05	3.7714652576e-05
8.5600000000e+02	3.2775385458e-02	-4.0447675496e-02	8.5540959059e-05	3.7715319296e-05
8.5700000000e+02	3.2813101110e-02	-4.0533238476e-02	8.5584993683e-05	3.7715983699e-05
8.5800000000e+02	3.2850817425e-02	-4.0618845466e-02	8.5628977729e-05	3.7716645797e-05
8.5900000000e+02	3.2888534401e-02	-4.0704496415e-02	8.5672911311e-05	3.7717305599e-05
8.6000000000e+02	3.2926252035e-02	-4.0790191272e-02	8.5716794544e-05	3.7717963117e-05
8.6100000000e+02	3.2963970326e-02	-4.0875929987e-02	8.5760627542e-05	3.7718618361e-05
8.6200000000e+02	3.3001689271e-02	-4.0961712511e-02	8.5804410420e-05	3.7719271342e-05
8.6300000000e+02	3.3039408868e-02	-4.1047538792e-02	8.5848143291e-05	3.7719922069e-05
8.6400000000e+02	3.3077129115e-02	-4.1133408781e-02	8.5891826268e-05	3.7720570554e-05
8.6500000000e+02	3.3114850009e-02	-4.1219322428e-02	8.5935459464e-05	3.7721216806e-05
8.6600000000e+02	3.3152571548e-02	-4.1305279683e-02	8.5979042991e-05	3.7721860835e-05
8.6700000000e+02	3.3190293730e-02	-4.1391280497e-02	8.6022576963e-05	3.7722502653e-05
8.6800000000e+02	3.3228016552e-02	-4.1477324820e-02	8.6066061489e-05	3.7723142268e-05
8.6900000000e+02	3.3265740013e-02	-4.1563412604e-02	8.6109496682e-05	3.7723779692e-05
8.7000000000e+02	3.3303464111e-02	-4.1649543797e-02	8.6152882653e-05	3.7724414933e-05
8.7100000000e+02	3.3341188843e-02	-4.1735718353e-02	8.6196219512e-05	3.7725048002e-05
8.7200000000e+02	3.3378914206e-02	-4.1821936220e-02	8.6239507369e-05	3.7725678909e-05
8.7300000000e+02	3.3416640200e-02	-4.1908197351e-02	8.6282746335e-05	3.7726307664e-05
8.7400000000e+02	3.3454366821e-02	-4.1994501696e-02	8.6325936519e-05	3.7726934276e-05
8.7500000000e+02	3.3492094067e-02	-4.2080849208e-02	8.6369078029e-05	3.7727558755e-05
8.7600000000e+02	3.3529821938e-02	-4.2167239836e-02	8.6412170975e-05	3.7728181111e-05
8.7700000000e+02	3.3567550429e-02	-4.2253673534e-02	8.6455215465e-05	3.7728801353e-05
8.7800000000e+02	3.3605279540e-02	-4.2340150251e-02	8.6498211607e-05	3.7729419491e-05
8.7900000000e+02	3.3643009267e-02	-4.2426669941e-02	8.6541159508e-05	3.7730035535e-05
8.8000000000e+02	3.3680739610e-02	-4.2513232554e-02	8.6584059277e-05	3.7730649493e-05
8.8100000000e+02	3.3718470566e-02	-4.2599838043e-02	8.6626911020e-05	3.7731261375e-05
8.8200000000e+02	3.3756202132e-02	-4.2686486360e-02	8.6669714844e-05	3.7731871191e-05
8.8300000000e+02	3.3793934307e-02	-4.2773177457e-02	8.6712470854e-05	3.7732478950e-05
8.8400000000e+02	3.3831667089e-02	-4.2859911286e-02	8.6755179157e-05	3.7733084661e-05
8.8500000000e+02	3.3869400476e-02	-4.2946687799e-02	8.6797839859e-05	3.7733688332e-05
8.8600000000e+02	3.3907134465e-02	-4.3033506950e-02	8.6840453064e-05	3.7734289975e-05
8.8700000000e+02	3.3944869055e-02	-4.3120368690e-02	8.6883018878e-05	3.7734889596e-05
8.8800000000e+02	3.3982604244e-02	-4.3207272972e-02	8.6925537405e-05	3.7735487206e-05
8.8900000000e+02	3.4020340029e-02	-4.3294219749e-02	8.6968008749e-05	3.7736082814e-05
8.9000000000e+02	3.4058076409e-02	-4.3381208974e-02	8.7010433014e-05	3.7736676427e-05
8.9100000000e+02	3.4095813381e-02	-4.3468240599e-02	8.7052810303e-05	3.7737268056e-05
8.9200000000e+02	3.4133550944e-02	-4.3555314579e-02	8.7095140721e-05	3.7737857709e-05
8.9300000000e+02	3.4171289096e-02	-4.3642430865e-02	8.7137424368e-05	3.7738445395e-05
8.9400000000e+02	3.4209027834e-02	-4.3729589412e-02	8.7179661349e-05	3.7739031122e-05
8.9500000000e+02	3.4246767157e-02	-4.3816790172e-02	8.7221851765e-05	3.7739614900e-05
8.9600000000e+02	3.4284507063e-02	-4.3904033100e-02	8.7263995718e-05	3.7740196736e-05
8.9700000000e+02	3.4322247550e-02	-4.3991318148e-02	8.7306093309e-05	3.7740776640e-05
8.9800000000e+02	3.4359988616e-02	-4.4078645271e-02	8.7348144640e-05	3.7741354619e-05
8.9900000000e+02	3.4397730259e-02	-4.4166014422e-02	8.7390149812e-05	3.7741930683e-05
9.0000000000e+02	3.4435472477e-02	-4.4253425555e-02	8.7432108925e-05	3.7742504840e-05
9.0100000000e+02	3.4473215268e-02	-4.4340878625e-02	8.7474022078e-05	3.7743077098e-05
9.0200000000e+02	3.4510958630e-02	-4.4428373584e-02	8.7515889373e-05	3.7743647466e-05
9.0300000000e+02	3.4548702562e-02	-4.4515910388e-02	8.7557710909e-05	3.7744215952e-05
9.0400000000e+02	3.4586447062e-02	-4.4603488991e-02	8.7599486784e-05	3.7744782564e-05
9.0500000000e+02	3.4624192127e-02	-4.4691109347e-02	8.7641217098e-05	3.7745347310e-05
9.0600000000e+02	3.4661937756e-02	-4.4778771410e-02	8.7682901949e-05	3.7745910199e-05
9.0700000000e+02	3.4699683947e-02	-4.4866475135e-02	8.7724541435e-05	3.7746471239e-05
9.0800000000e+02	3.4737430698e-02	-4.4954220478e-02	8.7766135655e-05	3.7747030437e-05
9.0900000000e+02	3.4775178007e-02	-4.5042007392e-02	8.7807684707e-05	3.7747587802e-05
9.1000000000e+02	3.4812925873e-02	-4.5129835832e-02	8.7849188686e-05	3.7748143342e-05
9.1100000000e+02	3.4850674293e-02	-4.5217705754e-02	8.7890647691e-05	3.7748697065e-05
9.1200000000e+02	3.4888423266e-02	-4.5305617112e-02	8.7932061818e-05	3.7749248978e-05
9.1300000000e+02	3.4926172790e-02	-4.5393569863e-02	8.7973431164e-05	3.7749799090e-05
9.1400000000e+02	3.4963922864e-02	-4.5481563960e-02	8.8014755824e-05	3.7750347408e-05
9.1500000000e+02	3.5001673484e-02	-4.5569599359e-02	8.8056035895e-05	3.7750893941e-05
9.1600000000e+02	3.5039424651e-02	-4.5657676017e-02	8.8097271471e-05	3.7751438695e-05
9.1700000000e+02	3.5077176361e-02	-4.5745793888e-02	8.8138462649e-05	3.7751981678e-05
9.1800000000e+02	3.5114928614e-02	-4.5833952927e-02	8.8179609522e-05	3.7752522899e-05
9.1900000000e+02	3.5152681406e-02	-4.5922153092e-02	8.8220712185e-05	3.7753062365e-05
9.2000000000e+02	3.5190434738e-02	-4.6010394337e-02	8.8261770734e-05	3.7753600083e-05
9.2100000000e+02	3.5228188606e-02	-4.6098676619e-02	8.8302785260e-05	3.7754136061e-05
9.2200000000e+02	3.5265943009e-02	-4.6186999893e-02	8.8343755859e-05	3.7754670306e-05
9.2300000000e+02	3.5303697946e-02	-4.6275364116e-02	8.8384682624e-05	3.7755202826e-05
9.2400000000e+02	3.5341453414e-02	-4.6363769244e-02	8.8425565647e-05	3.7755733629e-05
9.2500000000e+02	3.5379209413e-02	-4.6452215233e-02	8.8466405022e-05	3.7756262721e-05
9.2600000000e+02	3.5416965939e-02	-4.6540702039e-02	8.8507200841e-05	3.7756790110e-05
9.2700000000e+02	3.5454722992e-02	-4.6629229620e-02	8.8547953195e-05	3.7757315803e-05
9.2800000000e+02	3.5492480570e-02	-4.6717797931e-02	8.8588662178e-05	3.7757839808e-05
9.2900000000e+02	3.5530238671e-02	-4.6806406930e-02	8.8629327881e-05	3.7758362131e-05
9.3000000000e+02	3.5567997294e-02	-4.6895056572e-02	8.8669950394e-05	3.7758882780e-05
9.3100000000e+02	3.5605756436e-02	-4.6983746816e-02	8.8710529809e-05	3.7759401763e-05
9.3200000000e+02	3.5643516097e-02	-4.7072477618e-02	8.8751066218e-05	3.7759919085e-05
9.3300000000e+02	3.5681276274e-02	-4.7161248934e-02	8.8791559709e-05	3.7760434754e-05
9.3400000000e+02	3.5719036966e-02	-4.7250060723e-02	8.8832010373e-05	3.7760948778e-05
9.3500000000e+02	3.5756798171e-02	-4.7338912941e-02	8.8872418301e-05	3.7761461163e-05
9.3600000000e+02	3.5794559888e-02	-4.7427805545e-02	8.8912783582e-05	3.7761971916e-05
9.3700000000e+02	3.5832322114e-02	-4.7516738494e-02	8.8953106305e-05	3.7762481044e-05
9.3800000000e+02	3.5870084849e-02	-4.7605711744e-02	8.8993386560e-05	3.7762988554e-05
9.3900000000e+02	3.5907848091e-02	-4.7694725253e-02	8.9033624434e-05	3.7763494453e-05
9.4000000000e+02	3.5945611838e-02	-4.7783778978e-02	8.9073820017e-05	3.7763998747e-05
9.4100000000e+02	3.5983376088e-02	-4.7872872879e-02	8.9113973397e-05	3.7764501444e-05
9.4200000000e+02	3.6021140840e-02	-4.7962006911e-02	8.9154084662e-05	3.7765002549e-05
9.4300000000e+02	3.6058906093e-02	-4.8051181034e-02	8.9194153899e-05	3.7765502071e-05
9.4400000000e+02	3.6096671844e-02	-4.8140395205e-02	8.9234181196e-05	3.7766000015e-05
9.4500000000e+02	3.6134438092e-02	-4.8229649382e-02	8.9274166640e-05	3.7766496388e-05
9.4600000000e+02	3.6172204836e-02	-4.8318943524e-02	8.9314110317e-05	3.7766991196e-05
9.4700000000e+02	3.6209972074e-02	-4.8408277589e-02	8.9354012316e-05	3.7767484447e-05
9.4800000000e+02	3.6247739804e-02	-4.8497651535e-02	8.9393872721e-05	3.7767976146e-05
9.4900000000e+02	3.6285508026e-02	-4.8587065321e-02	8.9433691619e-05	3.7768466301e-05
9.5000000000e+02	3.6323276736e-02	-4.8676518905e-02	8.9473469096e-05	3.7768954917e-05
9.5100000000e+02	3.6361045935e-02	-4.8766012245e-02	8.9513205237e-05	3.7769442002e-05
9.5200000000e+02	3.6398815620e-02	-4.8855545301e-02	8.9552900127e-05	3.7769927560e-05
9.5300000000e+02	3.6436585790e-02	-4.8945118032e-02	8.9592553852e-05	3.7770411600e-05
9.5400000000e+02	3.6474356443e-02	-4.9034730395e-02	8.9632166497e-05	3.7770894127e-05
9.5500000000e+02	3.6512127577e-02	-4.9124382351e-02	8.9671738145e-05	3.7771375147e-05
9.5600000000e+02	3.6549899192e-02	-4.9214073858e-02	8.9711268881e-05	3.7771854667e-05
9.5700000000e+02	3.6587671286e-02	-4.9303804875e-02	8.9750758789e-05	3.7772332693e-05
9.5800000000e+02	3.6625443857e-02	-4.9393575362e-02	8.9790207953e-05	3.7772809231e-05
9.5900000000e+02	3.6663216904e-02	-4.9483385278e-02	8.9829616456e-05	3.7773284287e-05
9.6000000000e+02	3.6700990425e-02	-4.9573234581e-02	8.9868984382e-05	3.7773757868e-05
9.6100000000e+02	3.6738764419e-02	-4.9663123233e-02	8.9908311813e-05	3.7774229979e-05
9.6200000000e+02	3.6776538885e-02	-4.9753051191e-02	8.9947598832e-05	3.7774700626e-05
9.6300000000e+02	3.6814313820e-02	-4.9843018417e-02	8.9986845521e-05	3.7775169817e-05
9.6400000000e+02	3.6852089224e-02	-4.9933024869e-02	9.0026051964e-05	3.7775637556e-05
9.6500000000e+02	3.6889865095e-02	-5.0023070508e-02	9.0065218241e-05	3.7776103849e-05
9.6600000000e+02	3.6927641431e-02	-5.0113155292e-02	9.0104344434e-05	3.7776568703e-05
9.6700000000e+02	3.6965418232e-02	-5.0203279183e-02	9.0143430625e-05	3.7777032123e-05
9.6800000000e+02	3.7003195495e-02	-5.0293442140e-02	9.0182476896e-05	3.7777494116e-05
9.6900000000e+02	3.7040973219e-02	-5.0383644124e-02	9.0221483326e-05	3.7777954687e-05
9.7000000000e+02	3.7078751404e-02	-5.0473885094e-02	9.0260449997e-05	3.7778413841e-05
9.7100000000e+02	3.7116530047e-02	-5.0564165010e-02	9.0299376990e-05	3.7778871586e-05
9.7200000000e+02	3.7154309147e-02	-5.0654483834e-02	9.0338264384e-05	3.7779327926e-05
9.7300000000e+02	3.7192088702e-02	-5.0744841526e-02	9.0377112259e-05	3.7779782867e-05
9.7400000000e+02	3.7229868712e-02	-5.0835238046e-02	9.0415920696e-05	3.7780236415e-05
9.7500000000e+02	3.7267649174e-02	-5.0925673354e-02	9.0454689773e-05	3.7780688576e-05
9.7600000000e+02	3.7305430089e-02	-5.1016147412e-02	9.0493419570e-05	3.7781139355e-05
9.7700000000e+02	3.7343211453e-02	-5.1106660180e-02	9.0532110167e-05	3.7781588758e-05
9.7800000000e+02	3.7380993266e-02	-5.1197211619e-02	9.0570761641e-05	3.7782036791e-05
9.7900000000e+02	3.7418775526e-02	-5.1287801691e-02	9.0609374072e-05	3.7782483458e-05
9.8000000000e+02	3.7456558232e-02	-5.1378430355e-02	9.0647947537e-05	3.7782928767e-05
9.8100000000e+02	3.7494341383e-02	-5.1469097573e-02	9.0686482116e-05	3.7783372721e-05
9.8200000000e+02	3.7532124977e-02	-5.1559803306e-02	9.0724977885e-05	3.7783815327e-05
9.8300000000e+02	3.7569909013e-02	-5.1650547516e-02	9.0763434922e-05	3.7784256589e-05
9.8400000000e+02	3.7607693490e-02	-5.1741330163e-02	9.0801853306e-05	3.7784696514e-05
9.8500000000e+02	3.7645478406e-02	-5.1832151209e-02	9.0840233112e-05	3.7785135107e-05
9.8600000000e+02	3.7683263760e-02	-5.1923010616e-02	9.0878574418e-05	3.7785572374e-05
9.8700000000e+02	3.7721049550e-02	-5.2013908345e-02	9.0916877300e-05	3.7786008318e-05
9.8800000000e+02	3.7758835776e-02	-5.2104844358e-02	9.0955141836e-05	3.7786442947e-05
9.8900000000e+02	3.7796622435e-02	-5.2195818616e-02	9.0993368101e-05	3.7786876264e-05
9.9000000000e+02	3.7834409528e-02	-5.2286831082e-02	9.1031556171e-05	3.7787308276e-05
9.9100000000e+02	3.7872197052e-02	-5.2377881716e-02	9.1069706123e-05	3.7787738988e-05
9.9200000000e+02	3.7909985005e-02	-5.2468970481e-02	9.1107818031e-05	3.7788168405e-05
9.9300000000e+02	3.7947773388e-02	-5.2560097339e-02	9.1145891971e-05	3.7788596531e-05
9.9400000000e+02	3.7985562198e-02	-5.2651262252e-02	9.1183928019e-05	3.7789023373e-05
9.9500000000e+02	3.8023351434e-02	-5.2742465183e-02	9.1221926248e-05	3.7789448934e-05
9.9600000000e+02	3.8061141095e-02	-5.2833706092e-02	9.1259886735e-05	3.7789873222e-05
9.9700000000e+02	3.8098931180e-02	-5.2924984944e-02	9.1297809553e-05	3.7790296239e-05
9.9800000000e+02	3.8136721688e-02	-5.3016301699e-02	9.1335694776e-05	3.7790717993e-05
9.9900000000e+02	3.8174512616e-02	-5.3107656321e-02	9.1373542479e-05	3.7791138486e-05
