# total modes from dos = 5.9999798563e+00
# ZPE = 3.7273846328e-03 Ry/cell
# Multiply by 13.6058 to have energies in eV/cell etc..
# Multiply by 13.6058 x 23060.35 = 313 754.5 to have energies in cal/(N mol).
# Multiply by 13.6058 x 96526.0 = 1 313 313 to have energies in J/(N mol).
# N is the number of formula units per cell.
#
# T (K) 	Evib (Ry/cell)	Fvib (Ry/cell)	Svib (Ry/cell/K)	Cvib (Ry/cell/K)
1.0000000000e+00	3.7273846529e-03	3.7273845497e-03	1.0318805077e-10	5.9952042897e-11
2.0000000000e+00	3.7273848350e-03	3.7273843995e-03	2.1777812945e-10	3.6537533865e-10
3.0000000000e+00	3.7273855466e-03	3.7273840598e-03	4.9560864623e-10	1.1596833596e-09
4.0000000000e+00	3.7273873995e-03	3.7273833267e-03	1.0182200990e-09	2.6896377612e-09
5.0000000000e+00	3.7273912552e-03	3.7273819142e-03	1.8682049260e-09	5.2082801534e-09
6.0000000000e+00	3.7273982357e-03	3.7273794529e-03	3.1304616281e-09	8.9870503334e-09
7.0000000000e+00	3.7274097540e-03	3.7273754858e-03	4.8954554093e-09	1.4342607652e-08
8.0000000000e+00	3.7274275784e-03	3.7273694608e-03	7.2646995386e-09	2.1674937678e-08
9.0000000000e+00	3.7274539379e-03	3.7273607154e-03	1.0358056590e-08	3.1515668529e-08
1.0000000000e+01	3.7274916851e-03	3.7273484545e-03	1.4323060804e-08	4.4591733682e-08
1.1000000000e+01	3.7275445278e-03	3.7273317170e-03	1.9346435704e-08	6.1898316948e-08
1.2000000000e+01	3.7276173288e-03	3.7273093301e-03	2.5666561489e-08	8.4757896825e-08
1.3000000000e+01	3.7277164474e-03	3.7272798522e-03	3.3584252665e-08	1.1483960771e-07
1.4000000000e+01	3.7278500737e-03	3.7272415067e-03	4.3469077430e-08	1.5412627579e-07
1.5000000000e+01	3.7280285055e-03	3.7271921128e-03	5.5759513462e-08	2.0483363440e-07
1.6000000000e+01	3.7282643267e-03	3.7271290193e-03	7.0956710987e-08	2.6929776467e-07
1.7000000000e+01	3.7285724653e-03	3.7270490468e-03	8.9612849649e-08	3.4985030772e-07
1.8000000000e+01	3.7289701284e-03	3.7269484449e-03	1.1231575284e-07	4.4869861281e-07
1.9000000000e+01	3.7294766246e-03	3.7268228644e-03	1.3967159192e-07	5.6782290407e-07
2.0000000000e+01	3.7301130949e-03	3.7266673482e-03	1.7228733493e-07	7.0889714226e-07
2.1000000000e+01	3.7309021780e-03	3.7264763390e-03	2.1075424100e-07	8.7323576011e-07
2.2000000000e+01	3.7318676345e-03	3.7262437019e-03	2.5563329955e-07	1.0617652500e-06
2.3000000000e+01	3.7330339538e-03	3.7259627615e-03	3.0744314060e-07	1.2750176173e-06
2.4000000000e+01	3.7344259643e-03	3.7256263491e-03	3.6665063406e-07	1.5131417320e-06
2.5000000000e+01	3.7360684616e-03	3.7252268575e-03	4.3366416443e-07	1.7759283376e-06
2.6000000000e+01	3.7379858673e-03	3.7247563028e-03	5.0882940640e-07	2.0628446592e-06
2.7000000000e+01	3.7402019250e-03	3.7242063871e-03	5.9242732810e-07	2.3730750052e-06
2.8000000000e+01	3.7427394392e-03	3.7235685645e-03	6.8467409699e-07	2.7055643341e-06
2.9000000000e+01	3.7456200582e-03	3.7228341043e-03	7.8572254762e-07	3.0590623674e-06
3.0000000000e+01	3.7488641005e-03	3.7219941541e-03	8.9566487956e-07	3.4321664140e-06
3.1000000000e+01	3.7524904223e-03	3.7210397976e-03	1.0145362781e-06	3.8233615910e-06
3.2000000000e+01	3.7565163244e-03	3.7199621105e-03	1.1423191843e-06	4.2310575739e-06
3.3000000000e+01	3.7609574935e-03	3.7187522102e-03	1.2789479798e-06	4.6536213676e-06
3.4000000000e+01	3.7658279739e-03	3.7174013017e-03	1.4243138875e-06	5.0894058809e-06
3.5000000000e+01	3.7711401662e-03	3.7159007186e-03	1.5782699307e-06	5.5367742999e-06
3.6000000000e+01	3.7769048479e-03	3.7142419583e-03	1.7406358224e-06	5.9941204116e-06
3.7000000000e+01	3.7831312126e-03	3.7124167131e-03	1.9112026892e-06	6.4598851392e-06
3.8000000000e+01	3.7898269240e-03	3.7104168967e-03	2.0897375601e-06	6.9325696120e-06
3.9000000000e+01	3.7969981813e-03	3.7082346661e-03	2.2759875698e-06	7.4107451316e-06
4.0000000000e+01	3.8046497932e-03	3.7058624393e-03	2.4696838479e-06	7.8930604073e-06
4.1000000000e+01	3.8127852581e-03	3.7032929099e-03	2.6705450760e-06	8.3782464265e-06
4.2000000000e+01	3.8214068474e-03	3.7005190576e-03	2.8782807092e-06	8.8651193133e-06
4.3000000000e+01	3.8305156922e-03	3.6975341560e-03	3.0925938648e-06	9.3525814987e-06
4.4000000000e+01	3.8401118687e-03	3.6943317776e-03	3.3131838898e-06	9.8396215006e-06
4.5000000000e+01	3.8501944846e-03	3.6909057966e-03	3.5397486216e-06	1.0325312581e-05
4.6000000000e+01	3.8607617620e-03	3.6872503894e-03	3.7719863608e-06	1.0808810510e-05
4.7000000000e+01	3.8718111189e-03	3.6833600328e-03	4.0095975757e-06	1.1289350652e-05
4.8000000000e+01	3.8833392470e-03	3.6792295018e-03	4.2522863603e-06	1.1766244528e-05
4.9000000000e+01	3.8953421864e-03	3.6748538646e-03	4.4997616679e-06	1.2238876036e-05
5.0000000000e+01	3.9078153950e-03	3.6702284780e-03	4.7517383399e-06	1.2706697414e-05
5.1000000000e+01	3.9207538160e-03	3.6653489804e-03	5.0079379523e-06	1.3169225090e-05
5.2000000000e+01	3.9341519388e-03	3.6602112849e-03	5.2680894983e-06	1.3626035465e-05
5.3000000000e+01	3.9480038579e-03	3.6548115719e-03	5.5319299261e-06	1.4076760730e-05
5.4000000000e+01	3.9623033260e-03	3.6491462804e-03	5.7992045478e-06	1.4521084748e-05
5.5000000000e+01	3.9770438037e-03	3.6432121001e-03	6.0696673377e-06	1.4958739051e-05
5.6000000000e+01	3.9922185055e-03	3.6370059622e-03	6.3430811314e-06	1.5389498985e-05
5.7000000000e+01	4.0078204416e-03	3.6305250304e-03	6.6192177416e-06	1.5813180021e-05
5.8000000000e+01	4.0238424563e-03	3.6237666922e-03	6.8978580005e-06	1.6229634253e-05
5.9000000000e+01	4.0402772627e-03	3.6167285500e-03	7.1787917407e-06	1.6638747083e-05
6.0000000000e+01	4.0571174749e-03	3.6094084114e-03	7.4618177237e-06	1.7040434111e-05
6.1000000000e+01	4.0743556363e-03	3.6018042814e-03	7.7467435241e-06	1.7434638222e-05
6.2000000000e+01	4.0919842459e-03	3.5939143525e-03	8.0333853780e-06	1.7821326863e-05
6.3000000000e+01	4.1099957812e-03	3.5857369971e-03	8.3215680011e-06	1.8200489527e-05
6.4000000000e+01	4.1283827192e-03	3.5772707586e-03	8.6111243833e-06	1.8572135411e-05
6.5000000000e+01	4.1471375551e-03	3.5685143435e-03	8.9018955639e-06	1.8936291261e-05
6.6000000000e+01	4.1662528190e-03	3.5594666130e-03	9.1937303927e-06	1.9292999384e-05
6.7000000000e+01	4.1857210899e-03	3.5501265761e-03	9.4864852804e-06	1.9642315823e-05
6.8000000000e+01	4.2055350093e-03	3.5404933813e-03	9.7800239412e-06	1.9984308689e-05
6.9000000000e+01	4.2256872922e-03	3.5305663101e-03	1.0074217131e-05	2.0319056635e-05
7.0000000000e+01	4.2461707368e-03	3.5203447698e-03	1.0368942386e-05	2.0646647457e-05
7.1000000000e+01	4.2669782332e-03	3.5098282867e-03	1.0664083754e-05	2.0967176836e-05
7.2000000000e+01	4.2881027707e-03	3.4990165002e-03	1.0959531535e-05	2.1280747183e-05
7.3000000000e+01	4.3095374439e-03	3.4879091561e-03	1.1255182024e-05	2.1587466595e-05
7.4000000000e+01	4.3312754578e-03	3.4765061013e-03	1.1550937251e-05	2.1887447921e-05
7.5000000000e+01	4.3533101326e-03	3.4648072776e-03	1.1846704733e-05	2.2180807903e-05
7.6000000000e+01	4.3756349065e-03	3.4528127169e-03	1.2142397231e-05	2.2467666415e-05
7.7000000000e+01	4.3982433390e-03	3.4405225356e-03	1.2437932512e-05	2.2748145779e-05
7.8000000000e+01	4.4211291130e-03	3.4279369301e-03	1.2733233114e-05	2.3022370143e-05
7.9000000000e+01	4.4442860361e-03	3.4150561719e-03	1.3028226128e-05	2.3290464935e-05
8.0000000000e+01	4.4677080417e-03	3.4018806033e-03	1.3322842981e-05	2.3552556369e-05
8.1000000000e+01	4.4913891899e-03	3.3884106329e-03	1.3617019222e-05	2.3808771013e-05
8.2000000000e+01	4.5153236670e-03	3.3746467319e-03	1.3910694330e-05	2.4059235397e-05
8.3000000000e+01	4.5395057860e-03	3.3605894303e-03	1.4203811515e-05	2.4304075677e-05
8.4000000000e+01	4.5639299855e-03	3.3462393127e-03	1.4496317534e-05	2.4543417327e-05
8.5000000000e+01	4.5885908293e-03	3.3315970156e-03	1.4788162514e-05	2.4777384884e-05
8.6000000000e+01	4.6134830050e-03	3.3166632236e-03	1.5079299785e-05	2.5006101710e-05
8.7000000000e+01	4.6386013232e-03	3.3014386665e-03	1.5369685709e-05	2.5229689801e-05
8.8000000000e+01	4.6639407152e-03	3.2859241162e-03	1.5659279534e-05	2.5448269605e-05
8.9000000000e+01	4.6894962325e-03	3.2701203841e-03	1.5948043240e-05	2.5661959883e-05
9.0000000000e+01	4.7152630442e-03	3.2540283183e-03	1.6235941399e-05	2.5870877581e-05
9.1000000000e+01	4.7412364352e-03	3.2376488009e-03	1.6522941037e-05	2.6075137725e-05
9.2000000000e+01	4.7674118048e-03	3.2209827460e-03	1.6809011509e-05	2.6274853332e-05
9.3000000000e+01	4.7937846640e-03	3.2040310971e-03	1.7094124376e-05	2.6470135346e-05
9.4000000000e+01	4.8203506339e-03	3.1867948252e-03	1.7378253284e-05	2.6661092572e-05
9.5000000000e+01	4.8471054432e-03	3.1692749267e-03	1.7661373858e-05	2.6847831643e-05
9.6000000000e+01	4.8740449260e-03	3.1514724211e-03	1.7943463592e-05	2.7030456981e-05
9.7000000000e+01	4.9011650200e-03	3.1333883500e-03	1.8224501752e-05	2.7209070775e-05
9.8000000000e+01	4.9284617637e-03	3.1150237745e-03	1.8504469277e-05	2.7383772975e-05
9.9000000000e+01	4.9559312946e-03	3.0963797742e-03	1.8783348691e-05	2.7554661280e-05
1.0000000000e+02	4.9835698468e-03	3.0774574452e-03	1.9061124016e-05	2.7721831146e-05
1.0100000000e+02	5.0113737485e-03	3.0582578990e-03	1.9337780688e-05	2.7885375790e-05
1.0200000000e+02	5.0393394203e-03	3.0387822611e-03	1.9613305482e-05	2.8045386208e-05
1.0300000000e+02	5.0674633725e-03	3.0190316694e-03	1.9887686438e-05	2.8201951192e-05
1.0400000000e+02	5.0957422031e-03	2.9990072731e-03	2.0160912789e-05	2.8355157355e-05
1.0500000000e+02	5.1241725958e-03	2.9787102319e-03	2.0432974894e-05	2.8505089153e-05
1.0600000000e+02	5.1527513174e-03	2.9581417143e-03	2.0703864181e-05	2.8651828920e-05
1.0700000000e+02	5.1814752164e-03	2.9373028970e-03	2.0973573078e-05	2.8795456896e-05
1.0800000000e+02	5.2103412201e-03	2.9161949638e-03	2.1242094965e-05	2.8936051265e-05
1.0900000000e+02	5.2393463331e-03	2.8948191047e-03	2.1509424114e-05	2.9073688189e-05
1.1000000000e+02	5.2684876354e-03	2.8731765148e-03	2.1775555642e-05	2.9208441844e-05
1.1100000000e+02	5.2977622798e-03	2.8512683940e-03	2.2040485458e-05	2.9340384463e-05
1.1200000000e+02	5.3271674907e-03	2.8290959456e-03	2.2304210225e-05	2.9469586374e-05
1.1300000000e+02	5.3567005618e-03	2.8066603761e-03	2.2566727308e-05	2.9596116038e-05
1.1400000000e+02	5.3863588543e-03	2.7839628942e-03	2.2828034738e-05	2.9720040095e-05
1.1500000000e+02	5.4161397951e-03	2.7610047103e-03	2.3088131173e-05	2.9841423399e-05
1.1600000000e+02	5.4460408752e-03	2.7377870358e-03	2.3347015858e-05	2.9960329066e-05
1.1700000000e+02	5.4760596479e-03	2.7143110825e-03	2.3604688593e-05	3.0076818511e-05
1.1800000000e+02	5.5061937268e-03	2.6905780625e-03	2.3861149698e-05	3.0190951490e-05
1.1900000000e+02	5.5364407848e-03	2.6665891868e-03	2.4116399983e-05	3.0302786142e-05
1.2000000000e+02	5.5667985518e-03	2.6423456657e-03	2.4370440718e-05	3.0412379031e-05
1.2100000000e+02	5.5972648139e-03	2.6178487079e-03	2.4623273603e-05	3.0519785182e-05
1.2200000000e+02	5.6278374112e-03	2.5930995204e-03	2.4874900744e-05	3.0625058127e-05
1.2300000000e+02	5.6585142365e-03	2.5680993075e-03	2.5125324625e-05	3.0728249937e-05
1.2400000000e+02	5.6892932342e-03	2.5428492713e-03	2.5374548088e-05	3.0829411267e-05
1.2500000000e+02	5.7201723986e-03	2.5173506105e-03	2.5622574305e-05	3.0928591392e-05
1.2600000000e+02	5.7511497726e-03	2.4916045206e-03	2.5869406762e-05	3.1025838242e-05
1.2700000000e+02	5.7822234462e-03	2.4656121936e-03	2.6115049233e-05	3.1121198444e-05
1.2800000000e+02	5.8133915557e-03	2.4393748174e-03	2.6359505768e-05	3.1214717352e-05
1.2900000000e+02	5.8446522819e-03	2.4128935759e-03	2.6602780666e-05	3.1306439085e-05
1.3000000000e+02	5.8760038492e-03	2.3861696485e-03	2.6844878467e-05	3.1396406562e-05
1.3100000000e+02	5.9074445242e-03	2.3592042098e-03	2.7085803927e-05	3.1484661536e-05
1.3200000000e+02	5.9389726149e-03	2.3319984298e-03	2.7325562009e-05	3.1571244625e-05
1.3300000000e+02	5.9705864693e-03	2.3045534732e-03	2.7564157866e-05	3.1656195344e-05
1.3400000000e+02	6.0022844743e-03	2.2768704997e-03	2.7801596826e-05	3.1739552138e-05
1.3500000000e+02	6.0340650548e-03	2.2489506633e-03	2.8037884381e-05	3.1821352414e-05
1.3600000000e+02	6.0659266725e-03	2.2207951128e-03	2.8273026174e-05	3.1901632565e-05
1.3700000000e+02	6.0978678250e-03	2.1924049910e-03	2.8507027986e-05	3.1980428005e-05
1.3800000000e+02	6.1298870451e-03	2.1637814349e-03	2.8739895726e-05	3.2057773193e-05
1.3900000000e+02	6.1619828992e-03	2.1349255755e-03	2.8971635422e-05	3.2133701664e-05
1.4000000000e+02	6.1941539870e-03	2.1058385380e-03	2.9202253207e-05	3.2208246052e-05
1.4100000000e+02	6.2263989405e-03	2.0765214410e-03	2.9431755316e-05	3.2281438120e-05
1.4200000000e+02	6.2587164228e-03	2.0469753972e-03	2.9660148068e-05	3.2353308781e-05
1.4300000000e+02	6.2911051277e-03	2.0172015125e-03	2.9887437868e-05	3.2423888126e-05
1.4400000000e+02	6.3235637784e-03	1.9872008869e-03	3.0113631191e-05	3.2493205447e-05
1.4500000000e+02	6.3560911274e-03	1.9569746135e-03	3.0338734579e-05	3.2561289258e-05
1.4600000000e+02	6.3886859550e-03	1.9265237789e-03	3.0562754631e-05	3.2628167319e-05
1.4700000000e+02	6.4213470691e-03	1.8958494631e-03	3.0785698000e-05	3.2693866661e-05
1.4800000000e+02	6.4540733042e-03	1.8649527395e-03	3.1007571383e-05	3.2758413601e-05
1.4900000000e+02	6.4868635207e-03	1.8338346748e-03	3.1228381517e-05	3.2821833767e-05
1.5000000000e+02	6.5197166045e-03	1.8024963287e-03	3.1448135172e-05	3.2884152116e-05
1.5100000000e+02	6.5526314658e-03	1.7709387543e-03	3.1666839149e-05	3.2945392957e-05
1.5200000000e+02	6.5856070391e-03	1.7391629980e-03	3.1884500271e-05	3.3005579963e-05
1.5300000000e+02	6.6186422822e-03	1.7071700991e-03	3.2101125379e-05	3.3064736196e-05
1.5400000000e+02	6.6517361754e-03	1.6749610903e-03	3.2316721332e-05	3.3122884120e-05
1.5500000000e+02	6.6848877216e-03	1.6425369972e-03	3.2531294996e-05	3.3180045622e-05
1.5600000000e+02	6.7180959450e-03	1.6098988387e-03	3.2744853245e-05	3.3236242026e-05
1.5700000000e+02	6.7513598909e-03	1.5770476269e-03	3.2957402955e-05	3.3291494109e-05
1.5800000000e+02	6.7846786252e-03	1.5439843667e-03	3.3168951003e-05	3.3345822118e-05
1.5900000000e+02	6.8180512337e-03	1.5107100565e-03	3.3379504259e-05	3.3399245786e-05
1.6000000000e+02	6.8514768217e-03	1.4772256875e-03	3.3589069589e-05	3.3451784344e-05
1.6100000000e+02	6.8849545136e-03	1.4435322443e-03	3.3797653846e-05	3.3503456537e-05
1.6200000000e+02	6.9184834521e-03	1.4096307046e-03	3.4005263874e-05	3.3554280638e-05
1.6300000000e+02	6.9520627981e-03	1.3755220390e-03	3.4211906497e-05	3.3604274462e-05
1.6400000000e+02	6.9856917301e-03	1.3412072118e-03	3.4417588526e-05	3.3653455374e-05
1.6500000000e+02	7.0193694435e-03	1.3066871799e-03	3.4622316749e-05	3.3701840312e-05
1.6600000000e+02	7.0530951509e-03	1.2719628939e-03	3.4826097933e-05	3.3749445787e-05
1.6700000000e+02	7.0868680807e-03	1.2370352975e-03	3.5028938821e-05	3.3796287905e-05
1.6800000000e+02	7.1206874775e-03	1.2019053275e-03	3.5230846131e-05	3.3842382371e-05
1.6900000000e+02	7.1545526013e-03	1.1665739142e-03	3.5431826551e-05	3.3887744506e-05
1.7000000000e+02	7.1884627273e-03	1.1310419811e-03	3.5631886742e-05	3.3932389255e-05
1.7100000000e+02	7.2224171455e-03	1.0953104452e-03	3.5831033335e-05	3.3976331196e-05
1.7200000000e+02	7.2564151602e-03	1.0593802168e-03	3.6029272927e-05	3.4019584552e-05
1.7300000000e+02	7.2904560897e-03	1.0232521995e-03	3.6226612082e-05	3.4062163204e-05
1.7400000000e+02	7.3245392662e-03	9.8692729061e-04	3.6423057331e-05	3.4104080694e-05
1.7500000000e+02	7.3586640352e-03	9.5040638067e-04	3.6618615168e-05	3.4145350238e-05
1.7600000000e+02	7.3928297550e-03	9.1369035392e-04	3.6813292052e-05	3.4185984737e-05
1.7700000000e+02	7.4270357971e-03	8.7678008808e-04	3.7007094402e-05	3.4225996780e-05
1.7800000000e+02	7.4612815452e-03	8.3967645450e-04	3.7200028599e-05	3.4265398658e-05
1.7900000000e+02	7.4955663951e-03	8.0238031815e-04	3.7392100988e-05	3.4304202369e-05
1.8000000000e+02	7.5298897545e-03	7.6489253769e-04	3.7583317871e-05	3.4342419629e-05
1.8100000000e+02	7.5642510427e-03	7.2721396549e-04	3.7773685509e-05	3.4380061874e-05
1.8200000000e+02	7.5986496903e-03	6.8934544768e-04	3.7963210124e-05	3.4417140275e-05
1.8300000000e+02	7.6330851389e-03	6.5128782419e-04	3.8151897895e-05	3.4453665738e-05
1.8400000000e+02	7.6675568410e-03	6.1304192879e-04	3.8339754958e-05	3.4489648916e-05
1.8500000000e+02	7.7020642594e-03	5.7460858915e-04	3.8526787407e-05	3.4525100217e-05
1.8600000000e+02	7.7366068675e-03	5.3598862683e-04	3.8713001294e-05	3.4560029802e-05
1.8700000000e+02	7.7711841485e-03	4.9718285741e-04	3.8898402626e-05	3.4594447603e-05
1.8800000000e+02	7.8057955954e-03	4.5819209044e-04	3.9082997367e-05	3.4628363320e-05
1.8900000000e+02	7.8404407109e-03	4.1901712957e-04	3.9266791436e-05	3.4661786433e-05
1.9000000000e+02	7.8751190071e-03	3.7965877250e-04	3.9449790708e-05	3.4694726204e-05
1.9100000000e+02	7.9098300052e-03	3.4011781114e-04	3.9632001016e-05	3.4727191685e-05
1.9200000000e+02	7.9445732353e-03	3.0039503153e-04	3.9813428145e-05	3.4759191722e-05
1.9300000000e+02	7.9793482364e-03	2.6049121399e-04	3.9994077836e-05	3.4790734962e-05
1.9400000000e+02	8.0141545558e-03	2.2040713311e-04	4.0173955787e-05	3.4821829859e-05
1.9500000000e+02	8.0489917494e-03	1.8014355778e-04	4.0353067649e-05	3.4852484673e-05
1.9600000000e+02	8.0838593812e-03	1.3970125130e-04	4.0531419030e-05	3.4882707484e-05
1.9700000000e+02	8.1187570230e-03	9.9080971360e-05	4.0709015491e-05	3.4912506189e-05
1.9800000000e+02	8.1536842548e-03	5.8283470119e-05	4.0885862549e-05	3.4941888513e-05
1.9900000000e+02	8.1886406638e-03	1.7309494239e-05	4.1061965676e-05	3.4970862006e-05
2.0000000000e+02	8.2236258450e-03	-2.3840215066e-05	4.1237330300e-05	3.4999434056e-05
2.0100000000e+02	8.2586394005e-03	-6.5164921988e-05	4.1411961803e-05	3.5027611886e-05
2.0200000000e+02	8.2936809397e-03	-1.0666389608e-04	4.1585865524e-05	3.5055402563e-05
2.0300000000e+02	8.3287500789e-03	-1.4833641221e-04	4.1759046754e-05	3.5082812999e-05
2.0400000000e+02	8.3638464412e-03	-1.9018175051e-04	4.1931510744e-05	3.5109849956e-05
2.0500000000e+02	8.3989696565e-03	-2.3219919635e-04	4.2103262697e-05	3.5136520051e-05
2.0600000000e+02	8.4341193612e-03	-2.7438804028e-04	4.2274307774e-05	3.5162829756e-05
2.0700000000e+02	8.4692951980e-03	-3.1674757798e-04	4.2444651092e-05	3.5188785406e-05
2.0800000000e+02	8.5044968160e-03	-3.5927711023e-04	4.2614297722e-05	3.5214393201e-05
2.0900000000e+02	8.5397238705e-03	-4.0197594287e-04	4.2783252695e-05	3.5239659207e-05
2.1000000000e+02	8.5749760225e-03	-4.4484338673e-04	4.2951520996e-05	3.5264589362e-05
2.1100000000e+02	8.6102529392e-03	-4.8787875762e-04	4.3119107568e-05	3.5289189478e-05
2.1200000000e+02	8.6455542933e-03	-5.3108137626e-04	4.3286017309e-05	3.5313465247e-05
2.1300000000e+02	8.6808797634e-03	-5.7445056825e-04	4.3452255078e-05	3.5337422236e-05
2.1400000000e+02	8.7162290334e-03	-6.1798566403e-04	4.3617825689e-05	3.5361065902e-05
2.1500000000e+02	8.7516017925e-03	-6.6168599883e-04	4.3782733913e-05	3.5384401583e-05
2.1600000000e+02	8.7869977356e-03	-7.0555091264e-04	4.3946984483e-05	3.5407434508e-05
2.1700000000e+02	8.8224165624e-03	-7.4957975014e-04	4.4110582085e-05	3.5430169798e-05
2.1800000000e+02	8.8578579777e-03	-7.9377186070e-04	4.4273531369e-05	3.5452612468e-05
2.1900000000e+02	8.8933216914e-03	-8.3812659831e-04	4.4435836939e-05	3.5474767430e-05
2.2000000000e+02	8.9288074182e-03	-8.8264332153e-04	4.4597503363e-05	3.5496639496e-05
2.2100000000e+02	8.9643148777e-03	-9.2732139349e-04	4.4758535164e-05	3.5518233377e-05
2.2200000000e+02	8.9998437938e-03	-9.7216018181e-04	4.4918936827e-05	3.5539553691e-05
2.2300000000e+02	9.0353938954e-03	-1.0171590586e-03	4.5078712798e-05	3.5560604961e-05
2.2400000000e+02	9.0709649155e-03	-1.0623174003e-03	4.5237867481e-05	3.5581391620e-05
2.2500000000e+02	9.1065565918e-03	-1.1076345879e-03	4.5396405243e-05	3.5601918011e-05
2.2600000000e+02	9.1421686662e-03	-1.1531100066e-03	4.5554330411e-05	3.5622188388e-05
2.2700000000e+02	9.1778008847e-03	-1.1987430460e-03	4.5711647271e-05	3.5642206924e-05
2.2800000000e+02	9.2134529975e-03	-1.2445330998e-03	4.5868360076e-05	3.5661977704e-05
2.2900000000e+02	9.2491247588e-03	-1.2904795662e-03	4.6024473035e-05	3.5681504736e-05
2.3000000000e+02	9.2848159270e-03	-1.3365818473e-03	4.6179990323e-05	3.5700791947e-05
2.3100000000e+02	9.3205262641e-03	-1.3828393496e-03	4.6334916077e-05	3.5719843187e-05
2.3200000000e+02	9.3562555360e-03	-1.4292514836e-03	4.6489254395e-05	3.5738662229e-05
2.3300000000e+02	9.3920035124e-03	-1.4758176640e-03	4.6643009340e-05	3.5757252773e-05
2.3400000000e+02	9.4277699666e-03	-1.5225373092e-03	4.6796184939e-05	3.5775618449e-05
2.3500000000e+02	9.4635546755e-03	-1.5694098421e-03	4.6948785181e-05	3.5793762812e-05
2.3600000000e+02	9.4993574196e-03	-1.6164346891e-03	4.7100814020e-05	3.5811689353e-05
2.3700000000e+02	9.5351779827e-03	-1.6636112809e-03	4.7252275374e-05	3.5829401491e-05
2.3800000000e+02	9.5710161522e-03	-1.7109390520e-03	4.7403173127e-05	3.5846902582e-05
2.3900000000e+02	9.6068717186e-03	-1.7584174406e-03	4.7553511127e-05	3.5864195918e-05
2.4000000000e+02	9.6427444759e-03	-1.8060458889e-03	4.7703293187e-05	3.5881284726e-05
2.4100000000e+02	9.6786342210e-03	-1.8538238429e-03	4.7852523087e-05	3.5898172173e-05
2.4200000000e+02	9.7145407541e-03	-1.9017507523e-03	4.8001204572e-05	3.5914861365e-05
2.4300000000e+02	9.7504638786e-03	-1.9498260705e-03	4.8149341354e-05	3.5931355351e-05
2.4400000000e+02	9.7864034008e-03	-1.9980492547e-03	4.8296937112e-05	3.5947657120e-05
2.4500000000e+02	9.8223591298e-03	-2.0464197656e-03	4.8443995491e-05	3.5963769606e-05
2.4600000000e+02	9.8583308778e-03	-2.0949370677e-03	4.8590520104e-05	3.5979695689e-05
2.4700000000e+02	9.8943184600e-03	-2.1436006291e-03	4.8736514531e-05	3.5995438194e-05
2.4800000000e+02	9.9303216940e-03	-2.1924099212e-03	4.8881982319e-05	3.6010999894e-05
2.4900000000e+02	9.9663404004e-03	-2.2413644193e-03	4.9026926987e-05	3.6026383510e-05
2.5000000000e+02	1.0002374403e-02	-2.2904636020e-03	4.9171352018e-05	3.6041591714e-05
2.5100000000e+02	1.0038423526e-02	-2.3397069513e-03	4.9315260867e-05	3.6056627126e-05
2.5200000000e+02	1.0074487600e-02	-2.3890939528e-03	4.9458656956e-05	3.6071492322e-05
2.5300000000e+02	1.0110566455e-02	-2.4386240954e-03	4.9601543678e-05	3.6086189828e-05
2.5400000000e+02	1.0146659925e-02	-2.4882968715e-03	4.9743924394e-05	3.6100722125e-05
2.5500000000e+02	1.0182767845e-02	-2.5381117767e-03	4.9885802438e-05	3.6115091648e-05
2.5600000000e+02	1.0218890054e-02	-2.5880683099e-03	5.0027181111e-05	3.6129300788e-05
2.5700000000e+02	1.0255026394e-02	-2.6381659735e-03	5.0168063686e-05	3.6143351895e-05
2.5800000000e+02	1.0291176706e-02	-2.6884042730e-03	5.0308453408e-05	3.6157247274e-05
2.5900000000e+02	1.0327340837e-02	-2.7387827171e-03	5.0448353492e-05	3.6170989189e-05
2.6000000000e+02	1.0363518634e-02	-2.7893008178e-03	5.0587767124e-05	3.6184579865e-05
2.6100000000e+02	1.0399709947e-02	-2.8399580903e-03	5.0726697462e-05	3.6198021487e-05
2.6200000000e+02	1.0435914628e-02	-2.8907540527e-03	5.0865147637e-05	3.6211316200e-05
2.6300000000e+02	1.0472132531e-02	-2.9416882265e-03	5.1003120753e-05	3.6224466112e-05
2.6400000000e+02	1.0508363513e-02	-2.9927601362e-03	5.1140619883e-05	3.6237473294e-05
2.6500000000e+02	1.0544607431e-02	-3.0439693093e-03	5.1277648077e-05	3.6250339780e-05
2.6600000000e+02	1.0580864146e-02	-3.0953152764e-03	5.1414208356e-05	3.6263067568e-05
2.6700000000e+02	1.0617133521e-02	-3.1467975711e-03	5.1550303714e-05	3.6275658622e-05
2.6800000000e+02	1.0653415419e-02	-3.1984157299e-03	5.1685937121e-05	3.6288114871e-05
2.6900000000e+02	1.0689709706e-02	-3.2501692923e-03	5.1821111518e-05	3.6300438212e-05
2.7000000000e+02	1.0726016251e-02	-3.3020578009e-03	5.1955829823e-05	3.6312630506e-05
2.7100000000e+02	1.0762334924e-02	-3.3540808009e-03	5.2090094926e-05	3.6324693586e-05
2.7200000000e+02	1.0798665596e-02	-3.4062378406e-03	5.2223909693e-05	3.6336629251e-05
2.7300000000e+02	1.0835008141e-02	-3.4585284711e-03	5.2357276966e-05	3.6348439268e-05
2.7400000000e+02	1.0871362433e-02	-3.5109522463e-03	5.2490199560e-05	3.6360125377e-05
2.7500000000e+02	1.0907728351e-02	-3.5635087229e-03	5.2622680268e-05	3.6371689286e-05
2.7600000000e+02	1.0944105772e-02	-3.6161974605e-03	5.2754721856e-05	3.6383132676e-05
2.7700000000e+02	1.0980494576e-02	-3.6690180212e-03	5.2886327067e-05	3.6394457196e-05
2.7800000000e+02	1.1016894647e-02	-3.7219699701e-03	5.3017498622e-05	3.6405664471e-05
2.7900000000e+02	1.1053305867e-02	-3.7750528748e-03	5.3148239217e-05	3.6416756096e-05
2.8000000000e+02	1.1089728121e-02	-3.8282663057e-03	5.3278551525e-05	3.6427733642e-05
2.8100000000e+02	1.1126161297e-02	-3.8816098359e-03	5.3408438194e-05	3.6438598651e-05
2.8200000000e+02	1.1162605281e-02	-3.9350830411e-03	5.3537901853e-05	3.6449352640e-05
2.8300000000e+02	1.1199059965e-02	-3.9886854995e-03	5.3666945106e-05	3.6459997101e-05
2.8400000000e+02	1.1235525240e-02	-4.0424167920e-03	5.3795570534e-05	3.6470533503e-05
2.8500000000e+02	1.1272000997e-02	-4.0962765022e-03	5.3923780698e-05	3.6480963287e-05
2.8600000000e+02	1.1308487131e-02	-4.1502642159e-03	5.4051578136e-05	3.6491287875e-05
2.8700000000e+02	1.1344983538e-02	-4.2043795217e-03	5.4178965365e-05	3.6501508661e-05
2.8800000000e+02	1.1381490114e-02	-4.2586220107e-03	5.4305944878e-05	3.6511627019e-05
2.8900000000e+02	1.1418006758e-02	-4.3129912764e-03	5.4432519151e-05	3.6521644300e-05
2.9000000000e+02	1.1454533370e-02	-4.3674869147e-03	5.4558690636e-05	3.6531561832e-05
2.9100000000e+02	1.1491069849e-02	-4.4221085242e-03	5.4684461764e-05	3.6541380924e-05
2.9200000000e+02	1.1527616099e-02	-4.4768557056e-03	5.4809834948e-05	3.6551102861e-05
2.9300000000e+02	1.1564172023e-02	-4.5317280622e-03	5.4934812577e-05	3.6560728909e-05
2.9400000000e+02	1.1600737525e-02	-4.5867251997e-03	5.5059397024e-05	3.6570260313e-05
2.9500000000e+02	1.1637312512e-02	-4.6418467260e-03	5.5183590639e-05	3.6579698299e-05
2.9600000000e+02	1.1673896891e-02	-4.6970922515e-03	5.5307395752e-05	3.6589044071e-05
2.9700000000e+02	1.1710490570e-02	-4.7524613888e-03	5.5430814677e-05	3.6598298816e-05
2.9800000000e+02	1.1747093459e-02	-4.8079537529e-03	5.5553849704e-05	3.6607463702e-05
2.9900000000e+02	1.1783705468e-02	-4.8635689610e-03	5.5676503107e-05	3.6616539878e-05
3.0000000000e+02	1.1820326509e-02	-4.9193066326e-03	5.5798777140e-05	3.6625528476e-05
3.0100000000e+02	1.1856956496e-02	-4.9751663896e-03	5.5920674039e-05	3.6634430607e-05
3.0200000000e+02	1.1893595342e-02	-5.0311478557e-03	5.6042196020e-05	3.6643247368e-05
3.0300000000e+02	1.1930242963e-02	-5.0872506574e-03	5.6163345281e-05	3.6651979838e-05
3.0400000000e+02	1.1966899274e-02	-5.1434744228e-03	5.6284124003e-05	3.6660629078e-05
3.0500000000e+02	1.2003564194e-02	-5.1998187826e-03	5.6404534348e-05	3.6669196133e-05
3.0600000000e+02	1.2040237639e-02	-5.2562833694e-03	5.6524578460e-05	3.6677682033e-05
3.0700000000e+02	1.2076919531e-02	-5.3128678181e-03	5.6644258466e-05	3.6686087790e-05
3.0800000000e+02	1.2113609789e-02	-5.3695717657e-03	5.6763576475e-05	3.6694414402e-05
3.0900000000e+02	1.2150308334e-02	-5.4263948511e-03	5.6882534579e-05	3.6702662851e-05
3.1000000000e+02	1.2187015089e-02	-5.4833367156e-03	5.7001134852e-05	3.6710834105e-05
3.1100000000e+02	1.2223729976e-02	-5.5403970022e-03	5.7119379353e-05	3.6718929115e-05
3.1200000000e+02	1.2260452922e-02	-5.5975753563e-03	5.7237270122e-05	3.6726948820e-05
3.1300000000e+02	1.2297183849e-02	-5.6548714252e-03	5.7354809184e-05	3.6734894143e-05
3.1400000000e+02	1.2333922685e-02	-5.7122848582e-03	5.7471998547e-05	3.6742765993e-05
3.1500000000e+02	1.2370669357e-02	-5.7698153064e-03	5.7588840202e-05	3.6750565266e-05
3.1600000000e+02	1.2407423792e-02	-5.8274624233e-03	5.7705336125e-05	3.6758292845e-05
3.1700000000e+02	1.2444185919e-02	-5.8852258641e-03	5.7821488275e-05	3.6765949599e-05
3.1800000000e+02	1.2480955668e-02	-5.9431052859e-03	5.7937298597e-05	3.6773536384e-05
3.1900000000e+02	1.2517732969e-02	-6.0011003480e-03	5.8052769019e-05	3.6781054043e-05
3.2000000000e+02	1.2554517753e-02	-6.0592107113e-03	5.8167901452e-05	3.6788503406e-05
3.2100000000e+02	1.2591309953e-02	-6.1174360388e-03	5.8282697795e-05	3.6795885292e-05
3.2200000000e+02	1.2628109502e-02	-6.1757759955e-03	5.8397159929e-05	3.6803200508e-05
3.2300000000e+02	1.2664916332e-02	-6.2342302479e-03	5.8511289722e-05	3.6810449847e-05
3.2400000000e+02	1.2701730380e-02	-6.2927984648e-03	5.8625089026e-05	3.6817634093e-05
3.2500000000e+02	1.2738551579e-02	-6.3514803164e-03	5.8738559678e-05	3.6824754016e-05
3.2600000000e+02	1.2775379867e-02	-6.4102754752e-03	5.8851703502e-05	3.6831810376e-05
3.2700000000e+02	1.2812215179e-02	-6.4691836151e-03	5.8964522306e-05	3.6838803922e-05
3.2800000000e+02	1.2849057454e-02	-6.5282044120e-03	5.9077017883e-05	3.6845735391e-05
3.2900000000e+02	1.2885906629e-02	-6.5873375437e-03	5.9189192015e-05	3.6852605512e-05
3.3000000000e+02	1.2922762644e-02	-6.6465826895e-03	5.9301046467e-05	3.6859415000e-05
3.3100000000e+02	1.2959625439e-02	-6.7059395307e-03	5.9412582991e-05	3.6866164562e-05
3.3200000000e+02	1.2996494954e-02	-6.7654077501e-03	5.9523803325e-05	3.6872854893e-05
3.3300000000e+02	1.3033371130e-02	-6.8249870325e-03	5.9634709195e-05	3.6879486680e-05
3.3400000000e+02	1.3070253908e-02	-6.8846770642e-03	5.9745302312e-05	3.6886060599e-05
3.3500000000e+02	1.3107143232e-02	-6.9444775334e-03	5.9855584373e-05	3.6892577316e-05
3.3600000000e+02	1.3144039044e-02	-7.0043881299e-03	5.9965557064e-05	3.6899037489e-05
3.3700000000e+02	1.3180941288e-02	-7.0644085450e-03	6.0075222056e-05	3.6905441765e-05
3.3800000000e+02	1.3217849909e-02	-7.1245384720e-03	6.0184581008e-05	3.6911790783e-05
3.3900000000e+02	1.3254764851e-02	-7.1847776055e-03	6.0293635566e-05	3.6918085172e-05
3.4000000000e+02	1.3291686061e-02	-7.2451256422e-03	6.0402387363e-05	3.6924325553e-05
3.4100000000e+02	1.3328613485e-02	-7.3055822799e-03	6.0510838019e-05	3.6930512538e-05
3.4200000000e+02	1.3365547069e-02	-7.3661472184e-03	6.0618989143e-05	3.6936646730e-05
3.4300000000e+02	1.3402486761e-02	-7.4268201589e-03	6.0726842331e-05	3.6942728724e-05
3.4400000000e+02	1.3439432509e-02	-7.4876008042e-03	6.0834399166e-05	3.6948759107e-05
3.4500000000e+02	1.3476384262e-02	-7.5484888589e-03	6.0941661220e-05	3.6954738456e-05
3.4600000000e+02	1.3513341969e-02	-7.6094840289e-03	6.1048630052e-05	3.6960667343e-05
3.4700000000e+02	1.3550305580e-02	-7.6705860218e-03	6.1155307210e-05	3.6966546330e-05
3.4800000000e+02	1.3587275045e-02	-7.7317945467e-03	6.1261694229e-05	3.6972375972e-05
3.4900000000e+02	1.3624250316e-02	-7.7931093141e-03	6.1367792635e-05	3.6978156815e-05
3.5000000000e+02	1.3661231343e-02	-7.8545300362e-03	6.1473603940e-05	3.6983889400e-05
3.5100000000e+02	1.3698218079e-02	-7.9160564268e-03	6.1579129645e-05	3.6989574258e-05
3.5200000000e+02	1.3735210476e-02	-7.9776882008e-03	6.1684371240e-05	3.6995211915e-05
3.5300000000e+02	1.3772208487e-02	-8.0394250750e-03	6.1789330203e-05	3.7000802889e-05
3.5400000000e+02	1.3809212066e-02	-8.1012667675e-03	6.1894008004e-05	3.7006347689e-05
3.5500000000e+02	1.3846221167e-02	-8.1632129978e-03	6.1998406098e-05	3.7011846820e-05
3.5600000000e+02	1.3883235744e-02	-8.2252634869e-03	6.2102525931e-05	3.7017300780e-05
3.5700000000e+02	1.3920255754e-02	-8.2874179574e-03	6.2206368938e-05	3.7022710057e-05
3.5800000000e+02	1.3957281150e-02	-8.3496761330e-03	6.2309936544e-05	3.7028075137e-05
3.5900000000e+02	1.3994311889e-02	-8.4120377391e-03	6.2413230163e-05	3.7033396496e-05
3.6000000000e+02	1.4031347928e-02	-8.4745025025e-03	6.2516251197e-05	3.7038674605e-05
3.6100000000e+02	1.4068389224e-02	-8.5370701511e-03	6.2619001040e-05	3.7043909929e-05
3.6200000000e+02	1.4105435734e-02	-8.5997404146e-03	6.2721481074e-05	3.7049102926e-05
3.6300000000e+02	1.4142487416e-02	-8.6625130238e-03	6.2823692672e-05	3.7054254048e-05
3.6400000000e+02	1.4179544228e-02	-8.7253877109e-03	6.2925637196e-05	3.7059363742e-05
3.6500000000e+02	1.4216606130e-02	-8.7883642096e-03	6.3027315999e-05	3.7064432448e-05
3.6600000000e+02	1.4253673080e-02	-8.8514422548e-03	6.3128730423e-05	3.7069460602e-05
3.6700000000e+02	1.4290745038e-02	-8.9146215828e-03	6.3229881800e-05	3.7074448631e-05
3.6800000000e+02	1.4327821964e-02	-8.9779019312e-03	6.3330771454e-05	3.7079396959e-05
3.6900000000e+02	1.4364903819e-02	-9.0412830389e-03	6.3431400698e-05	3.7084306004e-05
3.7000000000e+02	1.4401990563e-02	-9.1047646462e-03	6.3531770836e-05	3.7089176178e-05
3.7100000000e+02	1.4439082158e-02	-9.1683464946e-03	6.3631883161e-05	3.7094007888e-05
3.7200000000e+02	1.4476178566e-02	-9.2320283270e-03	6.3731738960e-05	3.7098801536e-05
3.7300000000e+02	1.4513279749e-02	-9.2958098875e-03	6.3831339507e-05	3.7103557518e-05
3.7400000000e+02	1.4550385669e-02	-9.3596909214e-03	6.3930686070e-05	3.7108276226e-05
3.7500000000e+02	1.4587496289e-02	-9.4236711754e-03	6.4029779905e-05	3.7112958046e-05
3.7600000000e+02	1.4624611573e-02	-9.4877503973e-03	6.4128622260e-05	3.7117603359e-05
3.7700000000e+02	1.4661731484e-02	-9.5519283365e-03	6.4227214377e-05	3.7122212542e-05
3.7800000000e+02	1.4698855986e-02	-9.6162047431e-03	6.4325557484e-05	3.7126785966e-05
3.7900000000e+02	1.4735985044e-02	-9.6805793688e-03	6.4423652803e-05	3.7131323998e-05
3.8000000000e+02	1.4773118622e-02	-9.7450519665e-03	6.4521501549e-05	3.7135827001e-05
3.8100000000e+02	1.4810256686e-02	-9.8096222901e-03	6.4619104925e-05	3.7140295333e-05
3.8200000000e+02	1.4847399201e-02	-9.8742900950e-03	6.4716464126e-05	3.7144729345e-05
3.8300000000e+02	1.4884546133e-02	-9.9390551374e-03	6.4813580342e-05	3.7149129388e-05
3.8400000000e+02	1.4921697449e-02	-1.0003917175e-02	6.4910454750e-05	3.7153495805e-05
3.8500000000e+02	1.4958853114e-02	-1.0068875967e-02	6.5007088521e-05	3.7157828936e-05
3.8600000000e+02	1.4996013096e-02	-1.0133931272e-02	6.5103482819e-05	3.7162129116e-05
3.8700000000e+02	1.5033177361e-02	-1.0199082853e-02	6.5199638796e-05	3.7166396679e-05
3.8800000000e+02	1.5070345878e-02	-1.0264330471e-02	6.5295557601e-05	3.7170631950e-05
3.8900000000e+02	1.5107518615e-02	-1.0329673889e-02	6.5391240370e-05	3.7174835253e-05
3.9000000000e+02	1.5144695538e-02	-1.0395112873e-02	6.5486688235e-05	3.7179006907e-05
3.9100000000e+02	1.5181876618e-02	-1.0460647188e-02	6.5581902317e-05	3.7183147228e-05
3.9200000000e+02	1.5219061822e-02	-1.0526276600e-02	6.5676883731e-05	3.7187256526e-05
3.9300000000e+02	1.5256251121e-02	-1.0592000878e-02	6.5771633585e-05	3.7191335111e-05
3.9400000000e+02	1.5293444482e-02	-1.0657819791e-02	6.5866152978e-05	3.7195383284e-05
3.9500000000e+02	1.5330641877e-02	-1.0723733108e-02	6.5960443000e-05	3.7199401347e-05
3.9600000000e+02	1.5367843275e-02	-1.0789740601e-02	6.6054504737e-05	3.7203389596e-05
3.9700000000e+02	1.5405048647e-02	-1.0855842041e-02	6.6148339265e-05	3.7207348323e-05
3.9800000000e+02	1.5442257962e-02	-1.0922037204e-02	6.6241947653e-05	3.7211277818e-05
3.9900000000e+02	1.5479471193e-02	-1.0988325862e-02	6.6335330963e-05	3.7215178367e-05
4.0000000000e+02	1.5516688309e-02	-1.1054707791e-02	6.6428490251e-05	3.7219050251e-05
4.0100000000e+02	1.5553909284e-02	-1.1121182768e-02	6.6521426563e-05	3.7222893749e-05
4.0200000000e+02	1.5591134087e-02	-1.1187750570e-02	6.6614140939e-05	3.7226709138e-05
4.0300000000e+02	1.5628362693e-02	-1.1254410976e-02	6.6706634414e-05	3.7230496688e-05
4.0400000000e+02	1.5665595072e-02	-1.1321163766e-02	6.6798908013e-05	3.7234256669e-05
4.0500000000e+02	1.5702831197e-02	-1.1388008719e-02	6.6890962756e-05	3.7237989347e-05
4.0600000000e+02	1.5740071041e-02	-1.1454945619e-02	6.6982799655e-05	3.7241694984e-05
4.0700000000e+02	1.5777314578e-02	-1.1521974246e-02	6.7074419716e-05	3.7245373839e-05
4.0800000000e+02	1.5814561780e-02	-1.1589094386e-02	6.7165823937e-05	3.7249026169e-05
4.0900000000e+02	1.5851812622e-02	-1.1656305823e-02	6.7257013311e-05	3.7252652226e-05
4.1000000000e+02	1.5889067076e-02	-1.1723608341e-02	6.7347988823e-05	3.7256252262e-05
4.1100000000e+02	1.5926325117e-02	-1.1791001729e-02	6.7438751452e-05	3.7259826523e-05
4.1200000000e+02	1.5963586720e-02	-1.1858485774e-02	6.7529302170e-05	3.7263375253e-05
4.1300000000e+02	1.6000851860e-02	-1.1926060263e-02	6.7619641944e-05	3.7266898694e-05
4.1400000000e+02	1.6038120510e-02	-1.1993724988e-02	6.7709771732e-05	3.7270397085e-05
4.1500000000e+02	1.6075392645e-02	-1.2061479737e-02	6.7799692488e-05	3.7273870661e-05
4.1600000000e+02	1.6112668243e-02	-1.2129324303e-02	6.7889405158e-05	3.7277319656e-05
4.1700000000e+02	1.6149947277e-02	-1.2197258478e-02	6.7978910683e-05	3.7280744299e-05
4.1800000000e+02	1.6187229723e-02	-1.2265282056e-02	6.8068209998e-05	3.7284144820e-05
4.1900000000e+02	1.6224515558e-02	-1.2333394830e-02	6.8157304029e-05	3.7287521441e-05
4.2000000000e+02	1.6261804758e-02	-1.2401596596e-02	6.8246193700e-05	3.7290874387e-05
4.2100000000e+02	1.6299097299e-02	-1.2469887149e-02	6.8334879926e-05	3.7294203877e-05
4.2200000000e+02	1.6336393158e-02	-1.2538266288e-02	6.8423363617e-05	3.7297510127e-05
4.2300000000e+02	1.6373692312e-02	-1.2606733809e-02	6.8511645677e-05	3.7300793354e-05
4.2400000000e+02	1.6410994737e-02	-1.2675289513e-02	6.8599727004e-05	3.7304053769e-05
4.2500000000e+02	1.6448300412e-02	-1.2743933197e-02	6.8687608491e-05	3.7307291582e-05
4.2600000000e+02	1.6485609313e-02	-1.2812664663e-02	6.8775291024e-05	3.7310507002e-05
4.2700000000e+02	1.6522921418e-02	-1.2881483713e-02	6.8862775483e-05	3.7313700232e-05
4.2800000000e+02	1.6560236706e-02	-1.2950390148e-02	6.8950062744e-05	3.7316871475e-05
4.2900000000e+02	1.6597555154e-02	-1.3019383773e-02	6.9037153676e-05	3.7320020934e-05
4.3000000000e+02	1.6634876741e-02	-1.3088464391e-02	6.9124049143e-05	3.7323148804e-05
4.3100000000e+02	1.6672201445e-02	-1.3157631806e-02	6.9210750002e-05	3.7326255283e-05
4.3200000000e+02	1.6709529244e-02	-1.3226885826e-02	6.9297257107e-05	3.7329340565e-05
4.3300000000e+02	1.6746860119e-02	-1.3296226256e-02	6.9383571305e-05	3.7332404840e-05
4.3400000000e+02	1.6784194047e-02	-1.3365652905e-02	6.9469693437e-05	3.7335448299e-05
4.3500000000e+02	1.6821531008e-02	-1.3435165579e-02	6.9555624340e-05	3.7338471129e-05
4.3600000000e+02	1.6858870982e-02	-1.3504764090e-02	6.9641364845e-05	3.7341473515e-05
4.3700000000e+02	1.6896213949e-02	-1.3574448246e-02	6.9726915777e-05	3.7344455640e-05
4.3800000000e+02	1.6933559887e-02	-1.3644217858e-02	6.9812277958e-05	3.7347417686e-05
4.3900000000e+02	1.6970908777e-02	-1.3714072739e-02	6.9897452202e-05	3.7350359831e-05
4.4000000000e+02	1.7008260600e-02	-1.3784012700e-02	6.9982439320e-05	3.7353282252e-05
4.4100000000e+02	1.7045615335e-02	-1.3854037556e-02	7.0067240116e-05	3.7356185126e-05
4.4200000000e+02	1.7082972964e-02	-1.3924147119e-02	7.0151855391e-05	3.7359068624e-05
4.4300000000e+02	1.7120333466e-02	-1.3994341205e-02	7.0236285940e-05	3.7361932920e-05
4.4400000000e+02	1.7157696823e-02	-1.4064619629e-02	7.0320532552e-05	3.7364778181e-05
4.4500000000e+02	1.7195063016e-02	-1.4134982209e-02	7.0404596012e-05	3.7367604575e-05
4.4600000000e+02	1.7232432026e-02	-1.4205428761e-02	7.0488477101e-05	3.7370412269e-05
4.4700000000e+02	1.7269803835e-02	-1.4275959103e-02	7.0572176594e-05	3.7373201426e-05
4.4800000000e+02	1.7307178423e-02	-1.4346573054e-02	7.0655695260e-05	3.7375972209e-05
4.4900000000e+02	1.7344555773e-02	-1.4417270433e-02	7.0739033867e-05	3.7378724778e-05
4.5000000000e+02	1.7381935867e-02	-1.4488051062e-02	7.0822193174e-05	3.7381459291e-05
4.5100000000e+02	1.7419318686e-02	-1.4558914760e-02	7.0905173937e-05	3.7384175906e-05
4.5200000000e+02	1.7456704213e-02	-1.4629861350e-02	7.0987976909e-05	3.7386874778e-05
4.5300000000e+02	1.7494092429e-02	-1.4700890655e-02	7.1070602835e-05	3.7389556060e-05
4.5400000000e+02	1.7531483319e-02	-1.4772002497e-02	7.1153052458e-05	3.7392219904e-05
4.5500000000e+02	1.7568876863e-02	-1.4843196701e-02	7.1235326516e-05	3.7394866461e-05
4.5600000000e+02	1.7606273046e-02	-1.4914473092e-02	7.1317425741e-05	3.7397495880e-05
4.5700000000e+02	1.7643671850e-02	-1.4985831495e-02	7.1399350862e-05	3.7400108307e-05
4.5800000000e+02	1.7681073257e-02	-1.5057271736e-02	7.1481102604e-05	3.7402703888e-05
4.5900000000e+02	1.7718477252e-02	-1.5128793642e-02	7.1562681686e-05	3.7405282767e-05
4.6000000000e+02	1.7755883817e-02	-1.5200397042e-02	7.1644088824e-05	3.7407845086e-05
4.6100000000e+02	1.7793292936e-02	-1.5272081763e-02	7.1725324727e-05	3.7410390987e-05
4.6200000000e+02	1.7830704594e-02	-1.5343847634e-02	7.1806390104e-05	3.7412920609e-05
4.6300000000e+02	1.7868118772e-02	-1.5415694486e-02	7.1887285656e-05	3.7415434090e-05
4.6400000000e+02	1.7905535456e-02	-1.5487622149e-02	7.1968012081e-05	3.7417931566e-05
4.6500000000e+02	1.7942954630e-02	-1.5559630454e-02	7.2048570074e-05	3.7420413172e-05
4.6600000000e+02	1.7980376278e-02	-1.5631719234e-02	7.2128960324e-05	3.7422879043e-05
4.6700000000e+02	1.8017800383e-02	-1.5703888319e-02	7.2209183517e-05	3.7425329311e-05
4.6800000000e+02	1.8055226931e-02	-1.5776137545e-02	7.2289240334e-05	3.7427764105e-05
4.6900000000e+02	1.8092655906e-02	-1.5848466745e-02	7.2369131452e-05	3.7430183557e-05
4.7000000000e+02	1.8130087293e-02	-1.5920875753e-02	7.2448857545e-05	3.7432587794e-05
4.7100000000e+02	1.8167521077e-02	-1.5993364405e-02	7.2528419282e-05	3.7434976943e-05
4.7200000000e+02	1.8204957242e-02	-1.6065932537e-02	7.2607817328e-05	3.7437351129e-05
4.7300000000e+02	1.8242395774e-02	-1.6138579985e-02	7.2687052346e-05	3.7439710477e-05
4.7400000000e+02	1.8279836658e-02	-1.6211306588e-02	7.2766124991e-05	3.7442055110e-05
4.7500000000e+02	1.8317279879e-02	-1.6284112182e-02	7.2845035918e-05	3.7444385150e-05
4.7600000000e+02	1.8354725423e-02	-1.6356996606e-02	7.2923785776e-05	3.7446700716e-05
4.7700000000e+02	1.8392173276e-02	-1.6429959700e-02	7.3002375211e-05	3.7449001928e-05
4.7800000000e+02	1.8429623423e-02	-1.6503001303e-02	7.3080804865e-05	3.7451288905e-05
4.7900000000e+02	1.8467075849e-02	-1.6576121256e-02	7.3159075377e-05	3.7453561762e-05
4.8000000000e+02	1.8504530541e-02	-1.6649319401e-02	7.3237187380e-05	3.7455820616e-05
4.8100000000e+02	1.8541987486e-02	-1.6722595578e-02	7.3315141505e-05	3.7458065580e-05
4.8200000000e+02	1.8579446668e-02	-1.6795949631e-02	7.3392938381e-05	3.7460296769e-05
4.8300000000e+02	1.8616908075e-02	-1.6869381403e-02	7.3470578629e-05	3.7462514294e-05
4.8400000000e+02	1.8654371692e-02	-1.6942890737e-02	7.3548062869e-05	3.7464718266e-05
4.8500000000e+02	1.8691837507e-02	-1.7016477477e-02	7.3625391719e-05	3.7466908796e-05
4.8600000000e+02	1.8729305505e-02	-1.7090141469e-02	7.3702565790e-05	3.7469085991e-05
4.8700000000e+02	1.8766775674e-02	-1.7163882557e-02	7.3779585691e-05	3.7471249959e-05
4.8800000000e+02	1.8804248001e-02	-1.7237700589e-02	7.3856452028e-05	3.7473400808e-05
4.8900000000e+02	1.8841722472e-02	-1.7311595410e-02	7.3933165402e-05	3.7475538642e-05
4.9000000000e+02	1.8879199074e-02	-1.7385566869e-02	7.4009726413e-05	3.7477663566e-05
4.9100000000e+02	1.8916677794e-02	-1.7459614812e-02	7.4086135656e-05	3.7479775683e-05
4.9200000000e+02	1.8954158621e-02	-1.7533739090e-02	7.4162393721e-05	3.7481875097e-05
4.9300000000e+02	1.8991641540e-02	-1.7607939550e-02	7.4238501197e-05	3.7483961907e-05
4.9400000000e+02	1.9029126541e-02	-1.7682216042e-02	7.4314458669e-05	3.7486036215e-05
4.9500000000e+02	1.9066613609e-02	-1.7756568417e-02	7.4390266719e-05	3.7488098119e-05
4.9600000000e+02	1.9104102733e-02	-1.7830996526e-02	7.4465925925e-05	3.7490147719e-05
4.9700000000e+02	1.9141593900e-02	-1.7905500220e-02	7.4541436861e-05	3.7492185111e-05
4.9800000000e+02	1.9179087099e-02	-1.7980079350e-02	7.4616800099e-05	3.7494210393e-05
4.9900000000e+02	1.9216582317e-02	-1.8054733771e-02	7.4692016208e-05	3.7496223659e-05
5.0000000000e+02	1.9254079542e-02	-1.8129463334e-02	7.4767085752e-05	3.7498225004e-05
5.0100000000e+02	1.9291578763e-02	-1.8204267894e-02	7.4842009295e-05	3.7500214522e-05
5.0200000000e+02	1.9329079967e-02	-1.8279147304e-02	7.4916787393e-05	3.7502192305e-05
5.0300000000e+02	1.9366583144e-02	-1.8354101420e-02	7.4991420604e-05	3.7504158446e-05
5.0400000000e+02	1.9404088280e-02	-1.8429130097e-02	7.5065909479e-05	3.7506113035e-05
5.0500000000e+02	1.9441595366e-02	-1.8504233191e-02	7.5140254568e-05	3.7508056162e-05
5.0600000000e+02	1.9479104389e-02	-1.8579410559e-02	7.5214456418e-05	3.7509987917e-05
5.0700000000e+02	1.9516615338e-02	-1.8654662056e-02	7.5288515571e-05	3.7511908387e-05
5.0800000000e+02	1.9554128202e-02	-1.8729987542e-02	7.5362432567e-05	3.7513817661e-05
5.0900000000e+02	1.9591642970e-02	-1.8805386874e-02	7.5436207945e-05	3.7515715824e-05
5.1000000000e+02	1.9629159630e-02	-1.8880859911e-02	7.5509842237e-05	3.7517602963e-05
5.1100000000e+02	1.9666678172e-02	-1.8956406512e-02	7.5583335976e-05	3.7519479162e-05
5.1200000000e+02	1.9704198585e-02	-1.9032026536e-02	7.5656689690e-05	3.7521344506e-05
5.1300000000e+02	1.9741720857e-02	-1.9107719845e-02	7.5729903903e-05	3.7523199079e-05
5.1400000000e+02	1.9779244979e-02	-1.9183486298e-02	7.5802979138e-05	3.7525042961e-05
5.1500000000e+02	1.9816770940e-02	-1.9259325757e-02	7.5875915916e-05	3.7526876236e-05
5.1600000000e+02	1.9854298728e-02	-1.9335238084e-02	7.5948714752e-05	3.7528698985e-05
5.1700000000e+02	1.9891828334e-02	-1.9411223141e-02	7.6021376160e-05	3.7530511286e-05
5.1800000000e+02	1.9929359747e-02	-1.9487280790e-02	7.6093900652e-05	3.7532313221e-05
5.1900000000e+02	1.9966892957e-02	-1.9563410896e-02	7.6166288735e-05	3.7534104867e-05
5.2000000000e+02	2.0004427954e-02	-1.9639613323e-02	7.6238540916e-05	3.7535886303e-05
5.2100000000e+02	2.0041964726e-02	-1.9715887933e-02	7.6310657696e-05	3.7537657606e-05
5.2200000000e+02	2.0079503265e-02	-1.9792234593e-02	7.6382639576e-05	3.7539418852e-05
5.2300000000e+02	2.0117043561e-02	-1.9868653168e-02	7.6454487052e-05	3.7541170117e-05
5.2400000000e+02	2.0154585602e-02	-1.9945143523e-02	7.6526200620e-05	3.7542911476e-05
5.2500000000e+02	2.0192129380e-02	-2.0021705524e-02	7.6597780771e-05	3.7544643004e-05
5.2600000000e+02	2.0229674885e-02	-2.0098339040e-02	7.6669227994e-05	3.7546364773e-05
5.2700000000e+02	2.0267222107e-02	-2.0175043936e-02	7.6740542776e-05	3.7548076858e-05
5.2800000000e+02	2.0304771036e-02	-2.0251820081e-02	7.6811725600e-05	3.7549779330e-05
5.2900000000e+02	2.0342321662e-02	-2.0328667344e-02	7.6882776949e-05	3.7551472262e-05
5.3000000000e+02	2.0379873977e-02	-2.0405585592e-02	7.6953697299e-05	3.7553155723e-05
5.3100000000e+02	2.0417427971e-02	-2.0482574695e-02	7.7024487128e-05	3.7554829784e-05
5.3200000000e+02	2.0454983634e-02	-2.0559634522e-02	7.7095146910e-05	3.7556494516e-05
5.3300000000e+02	2.0492540957e-02	-2.0636764945e-02	7.7165677114e-05	3.7558149987e-05
5.3400000000e+02	2.0530099930e-02	-2.0713965834e-02	7.7236078210e-05	3.7559796264e-05
5.3500000000e+02	2.0567660546e-02	-2.0791237059e-02	7.7306350663e-05	3.7561433417e-05
5.3600000000e+02	2.0605222794e-02	-2.0868578492e-02	7.7376494937e-05	3.7563061513e-05
5.3700000000e+02	2.0642786666e-02	-2.0945990006e-02	7.7446511494e-05	3.7564680617e-05
5.3800000000e+02	2.0680352153e-02	-2.1023471473e-02	7.7516400791e-05	3.7566290795e-05
5.3900000000e+02	2.0717919245e-02	-2.1101022765e-02	7.7586163284e-05	3.7567892114e-05
5.4000000000e+02	2.0755487934e-02	-2.1178643757e-02	7.7655799428e-05	3.7569484637e-05
5.4100000000e+02	2.0793058211e-02	-2.1256334322e-02	7.7725309673e-05	3.7571068429e-05
5.4200000000e+02	2.0830630068e-02	-2.1334094335e-02	7.7794694470e-05	3.7572643554e-05
5.4300000000e+02	2.0868203495e-02	-2.1411923670e-02	7.7863954263e-05	3.7574210073e-05
5.4400000000e+02	2.0905778485e-02	-2.1489822202e-02	7.7933089498e-05	3.7575768051e-05
5.4500000000e+02	2.0943355029e-02	-2.1567789807e-02	7.8002100616e-05	3.7577317548e-05
5.4600000000e+02	2.0980933117e-02	-2.1645826362e-02	7.8070988057e-05	3.7578858626e-05
5.4700000000e+02	2.1018512743e-02	-2.1723931742e-02	7.8139752258e-05	3.7580391345e-05
5.4800000000e+02	2.1056093897e-02	-2.1802105825e-02	7.8208393654e-05	3.7581915766e-05
5.4900000000e+02	2.1093676572e-02	-2.1880348489e-02	7.8276912679e-05	3.7583431949e-05
5.5000000000e+02	2.1131260758e-02	-2.1958659610e-02	7.8345309761e-05	3.7584939952e-05
5.5100000000e+02	2.1168846449e-02	-2.2037039068e-02	7.8413585330e-05	3.7586439834e-05
5.5200000000e+02	2.1206433635e-02	-2.2115486740e-02	7.8481739811e-05	3.7587931653e-05
5.5300000000e+02	2.1244022310e-02	-2.2194002507e-02	7.8549773629e-05	3.7589415466e-05
5.5400000000e+02	2.1281612464e-02	-2.2272586248e-02	7.8617687204e-05	3.7590891332e-05
5.5500000000e+02	2.1319204090e-02	-2.2351237842e-02	7.8685480957e-05	3.7592359306e-05
5.5600000000e+02	2.1356797180e-02	-2.2429957170e-02	7.8753155305e-05	3.7593819443e-05
5.5700000000e+02	2.1394391726e-02	-2.2508744113e-02	7.8820710662e-05	3.7595271801e-05
5.5800000000e+02	2.1431987721e-02	-2.2587598551e-02	7.8888147441e-05	3.7596716434e-05
5.5900000000e+02	2.1469585156e-02	-2.2666520368e-02	7.8955466054e-05	3.7598153396e-05
5.6000000000e+02	2.1507184025e-02	-2.2745509444e-02	7.9022666910e-05	3.7599582741e-05
5.6100000000e+02	2.1544784319e-02	-2.2824565663e-02	7.9089750414e-05	3.7601004523e-05
5.6200000000e+02	2.1582386032e-02	-2.2903688906e-02	7.9156716971e-05	3.7602418796e-05
5.6300000000e+02	2.1619989154e-02	-2.2982879058e-02	7.9223566984e-05	3.7603825611e-05
5.6400000000e+02	2.1657593680e-02	-2.3062136001e-02	7.9290300854e-05	3.7605225021e-05
5.6500000000e+02	2.1695199602e-02	-2.3141459621e-02	7.9356918979e-05	3.7606617079e-05
5.6600000000e+02	2.1732806912e-02	-2.3220849801e-02	7.9423421754e-05	3.7608001834e-05
5.6700000000e+02	2.1770415603e-02	-2.3300306426e-02	7.9489809576e-05	3.7609379338e-05
5.6800000000e+02	2.1808025668e-02	-2.3379829382e-02	7.9556082835e-05	3.7610749642e-05
5.6900000000e+02	2.1845637100e-02	-2.3459418554e-02	7.9622241922e-05	3.7612112795e-05
5.7000000000e+02	2.1883249892e-02	-2.3539073828e-02	7.9688287227e-05	3.7613468847e-05
5.7100000000e+02	2.1920864035e-02	-2.3618795090e-02	7.9754219135e-05	3.7614817847e-05
5.7200000000e+02	2.1958479525e-02	-2.3698582228e-02	7.9820038030e-05	3.7616159843e-05
5.7300000000e+02	2.1996096353e-02	-2.3778435129e-02	7.9885744296e-05	3.7617494885e-05
5.7400000000e+02	2.2033714512e-02	-2.3858353680e-02	7.9951338313e-05	3.7618823019e-05
5.7500000000e+02	2.2071333997e-02	-2.3938337768e-02	8.0016820461e-05	3.7620144294e-05
5.7600000000e+02	2.2108954799e-02	-2.4018387283e-02	8.0082191115e-05	3.7621458756e-05
5.7700000000e+02	2.2146576912e-02	-2.4098502113e-02	8.0147450650e-05	3.7622766452e-05
5.7800000000e+02	2.2184200329e-02	-2.4178682148e-02	8.0212599441e-05	3.7624067429e-05
5.7900000000e+02	2.2221825044e-02	-2.4258927276e-02	8.0277637858e-05	3.7625361731e-05
5.8000000000e+02	2.2259451051e-02	-2.4339237387e-02	8.0342566271e-05	3.7626649406e-05
5.8100000000e+02	2.2297078341e-02	-2.4419612372e-02	8.0407385048e-05	3.7627930496e-05
5.8200000000e+02	2.2334706909e-02	-2.4500052120e-02	8.0472094553e-05	3.7629205048e-05
5.8300000000e+02	2.2372336749e-02	-2.4580556524e-02	8.0536695152e-05	3.7630473106e-05
5.8400000000e+02	2.2409967853e-02	-2.4661125475e-02	8.0601187206e-05	3.7631734714e-05
5.8500000000e+02	2.2447600216e-02	-2.4741758863e-02	8.0665571075e-05	3.7632989914e-05
5.8600000000e+02	2.2485233831e-02	-2.4822456581e-02	8.0729847119e-05	3.7634238752e-05
5.8700000000e+02	2.2522868692e-02	-2.4903218521e-02	8.0794015695e-05	3.7635481268e-05
5.8800000000e+02	2.2560504792e-02	-2.4984044576e-02	8.0858077157e-05	3.7636717506e-05
5.8900000000e+02	2.2598142125e-02	-2.5064934640e-02	8.0922031858e-05	3.7637947508e-05
5.9000000000e+02	2.2635780685e-02	-2.5145888605e-02	8.0985880151e-05	3.7639171316e-05
5.9100000000e+02	2.2673420465e-02	-2.5226906365e-02	8.1049622386e-05	3.7640388970e-05
5.9200000000e+02	2.2711061460e-02	-2.5307987814e-02	8.1113258910e-05	3.7641600513e-05
5.9300000000e+02	2.2748703664e-02	-2.5389132848e-02	8.1176790070e-05	3.7642805985e-05
5.9400000000e+02	2.2786347070e-02	-2.5470341359e-02	8.1240216212e-05	3.7644005426e-05
5.9500000000e+02	2.2823991673e-02	-2.5551613245e-02	8.1303537677e-05	3.7645198877e-05
5.9600000000e+02	2.2861637466e-02	-2.5632948400e-02	8.1366754809e-05	3.7646386376e-05
5.9700000000e+02	2.2899284444e-02	-2.5714346720e-02	8.1429867946e-05	3.7647567965e-05
5.9800000000e+02	2.2936932600e-02	-2.5795808101e-02	8.1492877427e-05	3.7648743681e-05
5.9900000000e+02	2.2974581929e-02	-2.5877332440e-02	8.1555783589e-05	3.7649913563e-05
6.0000000000e+02	2.3012232425e-02	-2.5958919634e-02	8.1618586766e-05	3.7651077650e-05
6.0100000000e+02	2.3049884083e-02	-2.6040569580e-02	8.1681287292e-05	3.7652235980e-05
6.0200000000e+02	2.3087536895e-02	-2.6122282175e-02	8.1743885498e-05	3.7653388591e-05
6.0300000000e+02	2.3125190858e-02	-2.6204057317e-02	8.1806381716e-05	3.7654535520e-05
6.0400000000e+02	2.3162845965e-02	-2.6285894904e-02	8.1868776273e-05	3.7655676805e-05
6.0500000000e+02	2.3200502210e-02	-2.6367794835e-02	8.1931069496e-05	3.7656812482e-05
6.0600000000e+02	2.3238159588e-02	-2.6449757010e-02	8.1993261712e-05	3.7657942589e-05
6.0700000000e+02	2.3275818093e-02	-2.6531781325e-02	8.2055353243e-05	3.7659067160e-05
6.0800000000e+02	2.3313477720e-02	-2.6613867683e-02	8.2117344412e-05	3.7660186233e-05
6.0900000000e+02	2.3351138464e-02	-2.6696015981e-02	8.2179235541e-05	3.7661299843e-05
6.1000000000e+02	2.3388800318e-02	-2.6778226120e-02	8.2241026948e-05	3.7662408025e-05
6.1100000000e+02	2.3426463278e-02	-2.6860498002e-02	8.2302718952e-05	3.7663510815e-05
6.1200000000e+02	2.3464127338e-02	-2.6942831525e-02	8.2364311868e-05	3.7664608248e-05
6.1300000000e+02	2.3501792493e-02	-2.7025226592e-02	8.2425806011e-05	3.7665700357e-05
6.1400000000e+02	2.3539458737e-02	-2.7107683104e-02	8.2487201696e-05	3.7666787178e-05
6.1500000000e+02	2.3577126065e-02	-2.7190200963e-02	8.2548499233e-05	3.7667868744e-05
6.1600000000e+02	2.3614794473e-02	-2.7272780070e-02	8.2609698933e-05	3.7668945089e-05
6.1700000000e+02	2.3652463954e-02	-2.7355420328e-02	8.2670801106e-05	3.7670016247e-05
6.1800000000e+02	2.3690134503e-02	-2.7438121640e-02	8.2731806057e-05	3.7671082251e-05
6.1900000000e+02	2.3727806116e-02	-2.7520883908e-02	8.2792714095e-05	3.7672143133e-05
6.2000000000e+02	2.3765478788e-02	-2.7603707036e-02	8.2853525523e-05	3.7673198927e-05
6.2100000000e+02	2.3803152513e-02	-2.7686590927e-02	8.2914240644e-05	3.7674249665e-05
6.2200000000e+02	2.3840827286e-02	-2.7769535485e-02	8.2974859760e-05	3.7675295379e-05
6.2300000000e+02	2.3878503102e-02	-2.7852540615e-02	8.3035383173e-05	3.7676336100e-05
6.2400000000e+02	2.3916179956e-02	-2.7935606220e-02	8.3095811180e-05	3.7677371862e-05
6.2500000000e+02	2.3953857844e-02	-2.8018732205e-02	8.3156144079e-05	3.7678402694e-05
6.2600000000e+02	2.3991536760e-02	-2.8101918476e-02	8.3216382167e-05	3.7679428629e-05
6.2700000000e+02	2.4029216699e-02	-2.8185164938e-02	8.3276525738e-05	3.7680449696e-05
6.2800000000e+02	2.4066897658e-02	-2.8268471497e-02	8.3336575086e-05	3.7681465928e-05
6.2900000000e+02	2.4104579630e-02	-2.8351838057e-02	8.3396530504e-05	3.7682477353e-05
6.3000000000e+02	2.4142262611e-02	-2.8435264526e-02	8.3456392281e-05	3.7683484003e-05
6.3100000000e+02	2.4179946596e-02	-2.8518750811e-02	8.3516160708e-05	3.7684485908e-05
6.3200000000e+02	2.4217631581e-02	-2.8602296817e-02	8.3575836072e-05	3.7685483096e-05
6.3300000000e+02	2.4255317561e-02	-2.8685902452e-02	8.3635418661e-05	3.7686475598e-05
6.3400000000e+02	2.4293004531e-02	-2.8769567623e-02	8.3694908760e-05	3.7687463443e-05
6.3500000000e+02	2.4330692486e-02	-2.8853292239e-02	8.3754306653e-05	3.7688446660e-05
6.3600000000e+02	2.4368381422e-02	-2.8937076206e-02	8.3813612623e-05	3.7689425278e-05
6.3700000000e+02	2.4406071335e-02	-2.9020919433e-02	8.3872826952e-05	3.7690399325e-05
6.3800000000e+02	2.4443762220e-02	-2.9104821829e-02	8.3931949920e-05	3.7691368829e-05
6.3900000000e+02	2.4481454071e-02	-2.9188783303e-02	8.3990981806e-05	3.7692333819e-05
6.4000000000e+02	2.4519146886e-02	-2.9272803763e-02	8.4049922888e-05	3.7693294323e-05
6.4100000000e+02	2.4556840658e-02	-2.9356883118e-02	8.4108773443e-05	3.7694250369e-05
6.4200000000e+02	2.4594535385e-02	-2.9441021279e-02	8.4167533745e-05	3.7695201983e-05
6.4300000000e+02	2.4632231061e-02	-2.9525218156e-02	8.4226204070e-05	3.7696149194e-05
6.4400000000e+02	2.4669927682e-02	-2.9609473658e-02	8.4284784689e-05	3.7697092028e-05
6.4500000000e+02	2.4707625244e-02	-2.9693787695e-02	8.4343275874e-05	3.7698030512e-05
6.4600000000e+02	2.4745323742e-02	-2.9778160180e-02	8.4401677897e-05	3.7698964673e-05
6.4700000000e+02	2.4783023171e-02	-2.9862591022e-02	8.4459991025e-05	3.7699894537e-05
6.4800000000e+02	2.4820723529e-02	-2.9947080132e-02	8.4518215527e-05	3.7700820131e-05
6.4900000000e+02	2.4858424810e-02	-3.0031627423e-02	8.4576351670e-05	3.7701741480e-05
6.5000000000e+02	2.4896127011e-02	-3.0116232806e-02	8.4634399718e-05	3.7702658611e-05
6.5100000000e+02	2.4933830126e-02	-3.0200896193e-02	8.4692359938e-05	3.7703571550e-05
6.5200000000e+02	2.4971534152e-02	-3.0285617497e-02	8.4750232591e-05	3.7704480320e-05
6.5300000000e+02	2.5009239085e-02	-3.0370396629e-02	8.4808017940e-05	3.7705384949e-05
6.5400000000e+02	2.5046944921e-02	-3.0455233504e-02	8.4865716246e-05	3.7706285461e-05
6.5500000000e+02	2.5084651655e-02	-3.0540128033e-02	8.4923327768e-05	3.7707181880e-05
6.5600000000e+02	2.5122359283e-02	-3.0625080130e-02	8.4980852765e-05	3.7708074233e-05
6.5700000000e+02	2.5160067802e-02	-3.0710089710e-02	8.5038291494e-05	3.7708962542e-05
6.5800000000e+02	2.5197777207e-02	-3.0795156685e-02	8.5095644213e-05	3.7709846833e-05
6.5900000000e+02	2.5235487494e-02	-3.0880280970e-02	8.5152911175e-05	3.7710727130e-05
6.6000000000e+02	2.5273198660e-02	-3.0965462479e-02	8.5210092634e-05	3.7711603456e-05
6.6100000000e+02	2.5310910700e-02	-3.1050701126e-02	8.5267188845e-05	3.7712475835e-05
6.6200000000e+02	2.5348623610e-02	-3.1135996828e-02	8.5324200058e-05	3.7713344292e-05
6.6300000000e+02	2.5386337387e-02	-3.1221349498e-02	8.5381126524e-05	3.7714208849e-05
6.6400000000e+02	2.5424052027e-02	-3.1306759053e-02	8.5437968494e-05	3.7715069530e-05
6.6500000000e+02	2.5461767525e-02	-3.1392225407e-02	8.5494726214e-05	3.7715926358e-05
6.6600000000e+02	2.5499483878e-02	-3.1477748477e-02	8.5551399933e-05	3.7716779355e-05
6.6700000000e+02	2.5537201083e-02	-3.1563328179e-02	8.5607989898e-05	3.7717628545e-05
6.6800000000e+02	2.5574919134e-02	-3.1648964429e-02	8.5664496352e-05	3.7718473950e-05
6.6900000000e+02	2.5612638029e-02	-3.1734657144e-02	8.5720919542e-05	3.7719315593e-05
6.7000000000e+02	2.5650357764e-02	-3.1820406241e-02	8.5777259709e-05	3.7720153496e-05
6.7100000000e+02	2.5688078335e-02	-3.1906211636e-02	8.5833517095e-05	3.7720987680e-05
6.7200000000e+02	2.5725799738e-02	-3.1992073247e-02	8.5889691943e-05	3.7721818168e-05
6.7300000000e+02	2.5763521970e-02	-3.2077990992e-02	8.5945784491e-05	3.7722644982e-05
6.7400000000e+02	2.5801245027e-02	-3.2163964789e-02	8.6001794979e-05	3.7723468143e-05
6.7500000000e+02	2.5838968905e-02	-3.2249994555e-02	8.6057723645e-05	3.7724287673e-05
6.7600000000e+02	2.5876693601e-02	-3.2336080209e-02	8.6113570725e-05	3.7725103592e-05
6.7700000000e+02	2.5914419111e-02	-3.2422221669e-02	8.6169336456e-05	3.7725915923e-05
6.7800000000e+02	2.5952145432e-02	-3.2508418855e-02	8.6225021072e-05	3.7726724686e-05
6.7900000000e+02	2.5989872559e-02	-3.2594671685e-02	8.6280624807e-05	3.7727529901e-05
6.8000000000e+02	2.6027600490e-02	-3.2680980078e-02	8.6336147894e-05	3.7728331590e-05
6.8100000000e+02	2.6065329221e-02	-3.2767343954e-02	8.6391590565e-05	3.7729129774e-05
6.8200000000e+02	2.6103058749e-02	-3.2853763232e-02	8.6446953051e-05	3.7729924471e-05
6.8300000000e+02	2.6140789069e-02	-3.2940237833e-02	8.6502235581e-05	3.7730715704e-05
6.8400000000e+02	2.6178520179e-02	-3.3026767677e-02	8.6557438385e-05	3.7731503491e-05
6.8500000000e+02	2.6216252075e-02	-3.3113352683e-02	8.6612561691e-05	3.7732287853e-05
6.8600000000e+02	2.6253984754e-02	-3.3199992774e-02	8.6667605725e-05	3.7733068810e-05
6.8700000000e+02	2.6291718211e-02	-3.3286687868e-02	8.6722570713e-05	3.7733846380e-05
6.8800000000e+02	2.6329452445e-02	-3.3373437889e-02	8.6777456881e-05	3.7734620585e-05
6.8900000000e+02	2.6367187451e-02	-3.3460242756e-02	8.6832264452e-05	3.7735391442e-05
6.9000000000e+02	2.6404923227e-02	-3.3547102392e-02	8.6886993650e-05	3.7736158972e-05
6.9100000000e+02	2.6442659768e-02	-3.3634016717e-02	8.6941644697e-05	3.7736923193e-05
6.9200000000e+02	2.6480397072e-02	-3.3720985655e-02	8.6996217814e-05	3.7737684124e-05
6.9300000000e+02	2.6518135135e-02	-3.3808009127e-02	8.7050713221e-05	3.7738441785e-05
6.9400000000e+02	2.6555873955e-02	-3.3895087056e-02	8.7105131139e-05	3.7739196193e-05
6.9500000000e+02	2.6593613527e-02	-3.3982219363e-02	8.7159471785e-05	3.7739947368e-05
6.9600000000e+02	2.6631353848e-02	-3.4069405973e-02	8.7213735376e-05	3.7740695328e-05
6.9700000000e+02	2.6669094916e-02	-3.4156646809e-02	8.7267922131e-05	3.7741440091e-05
6.9800000000e+02	2.6706836727e-02	-3.4243941792e-02	8.7322032263e-05	3.7742181675e-05
6.9900000000e+02	2.6744579279e-02	-3.4331290848e-02	8.7376065989e-05	3.7742920098e-05
7.0000000000e+02	2.6782322567e-02	-3.4418693899e-02	8.7430023522e-05	3.7743655379e-05
7.0100000000e+02	2.6820066588e-02	-3.4506150869e-02	8.7483905075e-05	3.7744387535e-05
7.0200000000e+02	2.6857811341e-02	-3.4593661684e-02	8.7537710861e-05	3.7745116583e-05
7.0300000000e+02	2.6895556820e-02	-3.4681226266e-02	8.7591441090e-05	3.7745842542e-05
7.0400000000e+02	2.6933303025e-02	-3.4768844541e-02	8.7645095974e-05	3.7746565428e-05
7.0500000000e+02	2.6971049950e-02	-3.4856516433e-02	8.7698675721e-05	3.7747285259e-05
7.0600000000e+02	2.7008797594e-02	-3.4944241867e-02	8.7752180540e-05	3.7748002052e-05
7.0700000000e+02	2.7046545953e-02	-3.5032020769e-02	8.7805610640e-05	3.7748715825e-05
7.0800000000e+02	2.7084295025e-02	-3.5119853064e-02	8.7858966227e-05	3.7749426593e-05
7.0900000000e+02	2.7122044806e-02	-3.5207738677e-02	8.7912247507e-05	3.7750134374e-05
7.1000000000e+02	2.7159795293e-02	-3.5295677534e-02	8.7965454685e-05	3.7750839185e-05
7.1100000000e+02	2.7197546483e-02	-3.5383669561e-02	8.8018587967e-05	3.7751541042e-05
7.1200000000e+02	2.7235298374e-02	-3.5471714685e-02	8.8071647555e-05	3.7752239961e-05
7.1300000000e+02	2.7273050962e-02	-3.5559812832e-02	8.8124633652e-05	3.7752935959e-05
7.1400000000e+02	2.7310804245e-02	-3.5647963928e-02	8.8177546461e-05	3.7753629053e-05
7.1500000000e+02	2.7348558219e-02	-3.5736167901e-02	8.8230386181e-05	3.7754319258e-05
7.1600000000e+02	2.7386312882e-02	-3.5824424676e-02	8.8283153015e-05	3.7755006590e-05
7.1700000000e+02	2.7424068231e-02	-3.5912734182e-02	8.8335847160e-05	3.7755691065e-05
7.1800000000e+02	2.7461824263e-02	-3.6001096346e-02	8.8388468816e-05	3.7756372699e-05
7.1900000000e+02	2.7499580976e-02	-3.6089511096e-02	8.8441018180e-05	3.7757051508e-05
7.2000000000e+02	2.7537338366e-02	-3.6177978359e-02	8.8493495450e-05	3.7757727507e-05
7.2100000000e+02	2.7575096430e-02	-3.6266498063e-02	8.8545900822e-05	3.7758400711e-05
7.2200000000e+02	2.7612855166e-02	-3.6355070137e-02	8.8598234491e-05	3.7759071137e-05
7.2300000000e+02	2.7650614571e-02	-3.6443694508e-02	8.8650496652e-05	3.7759738799e-05
7.2400000000e+02	2.7688374643e-02	-3.6532371106e-02	8.8702687498e-05	3.7760403712e-05
7.2500000000e+02	2.7726135378e-02	-3.6621099859e-02	8.8754807224e-05	3.7761065892e-05
7.2600000000e+02	2.7763896774e-02	-3.6709880697e-02	8.8806856020e-05	3.7761725353e-05
7.2700000000e+02	2.7801658828e-02	-3.6798713548e-02	8.8858834079e-05	3.7762382110e-05
7.2800000000e+02	2.7839421537e-02	-3.6887598341e-02	8.8910741591e-05	3.7763036179e-05
7.2900000000e+02	2.7877184899e-02	-3.6976535008e-02	8.8962578747e-05	3.7763687573e-05
7.3000000000e+02	2.7914948911e-02	-3.7065523476e-02	8.9014345735e-05	3.7764336307e-05
7.3100000000e+02	2.7952713571e-02	-3.7154563676e-02	8.9066042745e-05	3.7764982396e-05
7.3200000000e+02	2.7990478875e-02	-3.7243655538e-02	8.9117669963e-05	3.7765625853e-05
7.3300000000e+02	2.8028244822e-02	-3.7332798992e-02	8.9169227577e-05	3.7766266694e-05
7.3400000000e+02	2.8066011408e-02	-3.7421993970e-02	8.9220715773e-05	3.7766904933e-05
7.3500000000e+02	2.8103778631e-02	-3.7511240401e-02	8.9272134737e-05	3.7767540582e-05
7.3600000000e+02	2.8141546488e-02	-3.7600538216e-02	8.9323484652e-05	3.7768173657e-05
7.3700000000e+02	2.8179314977e-02	-3.7689887347e-02	8.9374765705e-05	3.7768804171e-05
7.3800000000e+02	2.8217084095e-02	-3.7779287725e-02	8.9425978076e-05	3.7769432139e-05
7.3900000000e+02	2.8254853840e-02	-3.7868739281e-02	8.9477121950e-05	3.7770057573e-05
7.4000000000e+02	2.8292624210e-02	-3.7958241946e-02	8.9528197508e-05	3.7770680487e-05
7.4100000000e+02	2.8330395201e-02	-3.8047795653e-02	8.9579204930e-05	3.7771300895e-05
7.4200000000e+02	2.8368166811e-02	-3.8137400333e-02	8.9630144399e-05	3.7771918810e-05
7.4300000000e+02	2.8405939037e-02	-3.8227055919e-02	8.9681016092e-05	3.7772534245e-05
7.4400000000e+02	2.8443711878e-02	-3.8316762343e-02	8.9731820190e-05	3.7773147215e-05
7.4500000000e+02	2.8481485331e-02	-3.8406519537e-02	8.9782556870e-05	3.7773757731e-05
7.4600000000e+02	2.8519259393e-02	-3.8496327434e-02	8.9833226310e-05	3.7774365807e-05
7.4700000000e+02	2.8557034062e-02	-3.8586185967e-02	8.9883828687e-05	3.7774971456e-05
7.4800000000e+02	2.8594809335e-02	-3.8676095069e-02	8.9934364177e-05	3.7775574690e-05
7.4900000000e+02	2.8632585210e-02	-3.8766054673e-02	8.9984832956e-05	3.7776175524e-05
7.5000000000e+02	2.8670361685e-02	-3.8856064713e-02	9.0035235198e-05	3.7776773968e-05
7.5100000000e+02	2.8708138758e-02	-3.8946125122e-02	9.0085571077e-05	3.7777370037e-05
7.5200000000e+02	2.8745916425e-02	-3.9036235833e-02	9.0135840768e-05	3.7777963742e-05
7.5300000000e+02	2.8783694684e-02	-3.9126396781e-02	9.0186044443e-05	3.7778555095e-05
7.5400000000e+02	2.8821473534e-02	-3.9216607900e-02	9.0236182273e-05	3.7779144111e-05
7.5500000000e+02	2.8859252972e-02	-3.9306869124e-02	9.0286254431e-05	3.7779730799e-05
7.5600000000e+02	2.8897032995e-02	-3.9397180387e-02	9.0336261087e-05	3.7780315174e-05
7.5700000000e+02	2.8934813601e-02	-3.9487541624e-02	9.0386202411e-05	3.7780897246e-05
7.5800000000e+02	2.8972594789e-02	-3.9577952770e-02	9.0436078573e-05	3.7781477029e-05
7.5900000000e+02	2.9010376555e-02	-3.9668413760e-02	9.0485889742e-05	3.7782054533e-05
7.6000000000e+02	2.9048158897e-02	-3.9758924528e-02	9.0535636085e-05	3.7782629771e-05
7.6100000000e+02	2.9085941813e-02	-3.9849485010e-02	9.0585317771e-05	3.7783202755e-05
7.6200000000e+02	2.9123725302e-02	-3.9940095142e-02	9.0634934965e-05	3.7783773497e-05
7.6300000000e+02	2.9161509360e-02	-4.0030754859e-02	9.0684487835e-05	3.7784342008e-05
7.6400000000e+02	2.9199293985e-02	-4.0121464096e-02	9.0733976546e-05	3.7784908299e-05
7.6500000000e+02	2.9237079175e-02	-4.0212222791e-02	9.0783401263e-05	3.7785472383e-05
7.6600000000e+02	2.9274864929e-02	-4.0303030878e-02	9.0832762150e-05	3.7786034270e-05
7.6700000000e+02	2.9312651243e-02	-4.0393888294e-02	9.0882059370e-05	3.7786593972e-05
7.6800000000e+02	2.9350438116e-02	-4.0484794975e-02	9.0931293088e-05	3.7787151501e-05
7.6900000000e+02	2.9388225546e-02	-4.0575750859e-02	9.0980463465e-05	3.7787706868e-05
7.7000000000e+02	2.9426013529e-02	-4.0666755881e-02	9.1029570663e-05	3.7788260083e-05
7.7100000000e+02	2.9463802065e-02	-4.0757809979e-02	9.1078614843e-05	3.7788811158e-05
7.7200000000e+02	2.9501591151e-02	-4.0848913090e-02	9.1127596166e-05	3.7789360104e-05
7.7300000000e+02	2.9539380785e-02	-4.0940065150e-02	9.1176514793e-05	3.7789906931e-05
7.7400000000e+02	2.9577170964e-02	-4.1031266098e-02	9.1225370882e-05	3.7790451651e-05
7.7500000000e+02	2.9614961687e-02	-4.1122515871e-02	9.1274164592e-05	3.7790994275e-05
7.7600000000e+02	2.9652752952e-02	-4.1213814407e-02	9.1322896081e-05	3.7791534813e-05
7.7700000000e+02	2.9690544756e-02	-4.1305161643e-02	9.1371565507e-05	3.7792073276e-05
7.7800000000e+02	2.9728337098e-02	-4.1396557517e-02	9.1420173027e-05	3.7792609674e-05
7.7900000000e+02	2.9766129975e-02	-4.1488001968e-02	9.1468718797e-05	3.7793144018e-05
7.8000000000e+02	2.9803923385e-02	-4.1579494934e-02	9.1517202974e-05	3.7793676319e-05
7.8100000000e+02	2.9841717327e-02	-4.1671036354e-02	9.1565625711e-05	3.7794206586e-05
7.8200000000e+02	2.9879511798e-02	-4.1762626165e-02	9.1613987165e-05	3.7794734830e-05
7.8300000000e+02	2.9917306796e-02	-4.1854264308e-02	9.1662287488e-05	3.7795261062e-05
7.8400000000e+02	2.9955102319e-02	-4.1945950720e-02	9.1710526835e-05	3.7795785292e-05
7.8500000000e+02	2.9992898366e-02	-4.2037685341e-02	9.1758705359e-05	3.7796307529e-05
7.8600000000e+02	3.0030694933e-02	-4.2129468110e-02	9.1806823211e-05	3.7796827784e-05
7.8700000000e+02	3.0068492020e-02	-4.2221298967e-02	9.1854880544e-05	3.7797346067e-05
7.8800000000e+02	3.0106289625e-02	-4.2313177851e-02	9.1902877508e-05	3.7797862388e-05
7.8900000000e+02	3.0144087745e-02	-4.2405104702e-02	9.1950814255e-05	3.7798376757e-05
7.9000000000e+02	3.0181886378e-02	-4.2497079460e-02	9.1998690934e-05	3.7798889182e-05
7.9100000000e+02	3.0219685522e-02	-4.2589102064e-02	9.2046507695e-05	3.7799399676e-05
7.9200000000e+02	3.0257485176e-02	-4.2681172455e-02	9.2094264687e-05	3.7799908246e-05
7.9300000000e+02	3.0295285338e-02	-4.2773290574e-02	9.2141962058e-05	3.7800414902e-05
7.9400000000e+02	3.0333086006e-02	-4.2865456360e-02	9.2189599956e-05	3.7800919655e-05
7.9500000000e+02	3.0370887177e-02	-4.2957669754e-02	9.2237178529e-05	3.7801422513e-05
7.9600000000e+02	3.0408688850e-02	-4.3049930697e-02	9.2284697923e-05	3.7801923487e-05
7.9700000000e+02	3.0446491023e-02	-4.3142239130e-02	9.2332158285e-05	3.7802422585e-05
7.9800000000e+02	3.0484293695e-02	-4.3234594994e-02	9.2379559760e-05	3.7802919816e-05
7.9900000000e+02	3.0522096862e-02	-4.3326998230e-02	9.2426902493e-05	3.7803415191e-05
8.0000000000e+02	3.0559900524e-02	-4.3419448779e-02	9.2474186630e-05	3.7803908718e-05
8.0100000000e+02	3.0597704679e-02	-4.3511946584e-02	9.2521412313e-05	3.7804400407e-05
8.0200000000e+02	3.0635509325e-02	-4.3604491585e-02	9.2568579687e-05	3.7804890267e-05
8.0300000000e+02	3.0673314459e-02	-4.3697083724e-02	9.2615688895e-05	3.7805378306e-05
8.0400000000e+02	3.0711120081e-02	-4.3789722943e-02	9.2662740079e-05	3.7805864533e-05
8.0500000000e+02	3.0748926187e-02	-4.3882409185e-02	9.2709733381e-05	3.7806348959e-05
8.0600000000e+02	3.0786732778e-02	-4.3975142391e-02	9.2756668943e-05	3.7806831591e-05
8.0700000000e+02	3.0824539850e-02	-4.4067922503e-02	9.2803546906e-05	3.7807312438e-05
8.0800000000e+02	3.0862347402e-02	-4.4160749465e-02	9.2850367410e-05	3.7807791509e-05
8.0900000000e+02	3.0900155432e-02	-4.4253623219e-02	9.2897130595e-05	3.7808268813e-05
8.1000000000e+02	3.0937963939e-02	-4.4346543707e-02	9.2943836601e-05	3.7808744359e-05
8.1100000000e+02	3.0975772921e-02	-4.4439510873e-02	9.2990485566e-05	3.7809218154e-05
8.1200000000e+02	3.1013582375e-02	-4.4532524660e-02	9.3037077629e-05	3.7809690209e-05
8.1300000000e+02	3.1051392300e-02	-4.4625585010e-02	9.3083612927e-05	3.7810160530e-05
8.1400000000e+02	3.1089202695e-02	-4.4718691867e-02	9.3130091599e-05	3.7810629128e-05
8.1500000000e+02	3.1127013558e-02	-4.4811845174e-02	9.3176513782e-05	3.7811096009e-05
8.1600000000e+02	3.1164824887e-02	-4.4905044875e-02	9.3222879610e-05	3.7811561183e-05
8.1700000000e+02	3.1202636680e-02	-4.4998290914e-02	9.3269189222e-05	3.7812024657e-05
8.1800000000e+02	3.1240448936e-02	-4.5091583235e-02	9.3315442751e-05	3.7812486441e-05
8.1900000000e+02	3.1278261652e-02	-4.5184921781e-02	9.3361640334e-05	3.7812946541e-05
8.2000000000e+02	3.1316074828e-02	-4.5278306497e-02	9.3407782104e-05	3.7813404967e-05
8.2100000000e+02	3.1353888462e-02	-4.5371737327e-02	9.3453868195e-05	3.7813861727e-05
8.2200000000e+02	3.1391702551e-02	-4.5465214215e-02	9.3499898742e-05	3.7814316828e-05
8.2300000000e+02	3.1429517095e-02	-4.5558737106e-02	9.3545873877e-05	3.7814770278e-05
8.2400000000e+02	3.1467332091e-02	-4.5652305944e-02	9.3591793732e-05	3.7815222086e-05
8.2500000000e+02	3.1505147538e-02	-4.5745920675e-02	9.3637658440e-05	3.7815672260e-05
8.2600000000e+02	3.1542963435e-02	-4.5839581243e-02	9.3683468133e-05	3.7816120807e-05
8.2700000000e+02	3.1580779779e-02	-4.5933287593e-02	9.3729222941e-05	3.7816567734e-05
8.2800000000e+02	3.1618596570e-02	-4.6027039670e-02	9.3774922996e-05	3.7817013051e-05
8.2900000000e+02	3.1656413805e-02	-4.6120837421e-02	9.3820568427e-05	3.7817456764e-05
8.3000000000e+02	3.1694231483e-02	-4.6214680789e-02	9.3866159364e-05	3.7817898882e-05
8.3100000000e+02	3.1732049602e-02	-4.6308569721e-02	9.3911695937e-05	3.7818339411e-05
8.3200000000e+02	3.1769868161e-02	-4.6402504163e-02	9.3957178274e-05	3.7818778360e-05
8.3300000000e+02	3.1807687158e-02	-4.6496484060e-02	9.4002606505e-05	3.7819215736e-05
8.3400000000e+02	3.1845506592e-02	-4.6590509358e-02	9.4047980756e-05	3.7819651547e-05
8.3500000000e+02	3.1883326461e-02	-4.6684580003e-02	9.4093301155e-05	3.7820085799e-05
8.3600000000e+02	3.1921146763e-02	-4.6778695942e-02	9.4138567830e-05	3.7820518501e-05
8.3700000000e+02	3.1958967497e-02	-4.6872857121e-02	9.4183780906e-05	3.7820949660e-05
8.3800000000e+02	3.1996788662e-02	-4.6967063486e-02	9.4228940511e-05	3.7821379283e-05
8.3900000000e+02	3.2034610256e-02	-4.7061314984e-02	9.4274046770e-05	3.7821807377e-05
8.4000000000e+02	3.2072432276e-02	-4.7155611562e-02	9.4319099808e-05	3.7822233949e-05
8.4100000000e+02	3.2110254723e-02	-4.7249953166e-02	9.4364099749e-05	3.7822659008e-05
8.4200000000e+02	3.2148077594e-02	-4.7344339744e-02	9.4409046720e-05	3.7823082559e-05
8.4300000000e+02	3.2185900888e-02	-4.7438771242e-02	9.4453940842e-05	3.7823504611e-05
8.4400000000e+02	3.2223724603e-02	-4.7533247608e-02	9.4498782240e-05	3.7823925170e-05
8.4500000000e+02	3.2261548737e-02	-4.7627768789e-02	9.4543571037e-05	3.7824344242e-05
8.4600000000e+02	3.2299373291e-02	-4.7722334733e-02	9.4588307356e-05	3.7824761836e-05
8.4700000000e+02	3.2337198261e-02	-4.7816945386e-02	9.4632991319e-05	3.7825177958e-05
8.4800000000e+02	3.2375023646e-02	-4.7911600698e-02	9.4677623047e-05	3.7825592615e-05
8.4900000000e+02	3.2412849445e-02	-4.8006300615e-02	9.4722202662e-05	3.7826005814e-05
8.5000000000e+02	3.2450675657e-02	-4.8101045086e-02	9.4766730286e-05	3.7826417561e-05
8.5100000000e+02	3.2488502280e-02	-4.8195834058e-02	9.4811206038e-05	3.7826827864e-05
8.5200000000e+02	3.2526329312e-02	-4.8290667481e-02	9.4855630039e-05	3.7827236729e-05
8.5300000000e+02	3.2564156753e-02	-4.8385545301e-02	9.4900002408e-05	3.7827644163e-05
8.5400000000e+02	3.2601984600e-02	-4.8480467468e-02	9.4944323265e-05	3.7828050173e-05
8.5500000000e+02	3.2639812853e-02	-4.8575433931e-02	9.4988592729e-05	3.7828454765e-05
8.5600000000e+02	3.2677641509e-02	-4.8670444637e-02	9.5032810918e-05	3.7828857945e-05
8.5700000000e+02	3.2715470568e-02	-4.8765499535e-02	9.5076977951e-05	3.7829259721e-05
8.5800000000e+02	3.2753300028e-02	-4.8860598576e-02	9.5121093944e-05	3.7829660098e-05
8.5900000000e+02	3.2791129888e-02	-4.8955741706e-02	9.5165159016e-05	3.7830059084e-05
8.6000000000e+02	3.2828960146e-02	-4.9050928877e-02	9.5209173282e-05	3.7830456685e-05
8.6100000000e+02	3.2866790801e-02	-4.9146160036e-02	9.5253136861e-05	3.7830852906e-05
8.6200000000e+02	3.2904621851e-02	-4.9241435134e-02	9.5297049867e-05	3.7831247756e-05
8.6300000000e+02	3.2942453296e-02	-4.9336754119e-02	9.5340912416e-05	3.7831641239e-05
8.6400000000e+02	3.2980285133e-02	-4.9432116942e-02	9.5384724624e-05	3.7832033362e-05
8.6500000000e+02	3.3018117362e-02	-4.9527523551e-02	9.5428486605e-05	3.7832424131e-05
8.6600000000e+02	3.3055949981e-02	-4.9622973898e-02	9.5472198475e-05	3.7832813553e-05
8.6700000000e+02	3.3093782989e-02	-4.9718467932e-02	9.5515860347e-05	3.7833201634e-05
8.6800000000e+02	3.3131616384e-02	-4.9814005602e-02	9.5559472334e-05	3.7833588380e-05
8.6900000000e+02	3.3169450165e-02	-4.9909586860e-02	9.5603034551e-05	3.7833973797e-05
8.7000000000e+02	3.3207284331e-02	-5.0005211655e-02	9.5646547110e-05	3.7834357890e-05
8.7100000000e+02	3.3245118881e-02	-5.0100879938e-02	9.5690010124e-05	3.7834740667e-05
8.7200000000e+02	3.3282953812e-02	-5.0196591659e-02	9.5733423705e-05	3.7835122133e-05
8.7300000000e+02	3.3320789124e-02	-5.0292346768e-02	9.5776787964e-05	3.7835502295e-05
8.7400000000e+02	3.3358624816e-02	-5.0388145218e-02	9.5820103014e-05	3.7835881157e-05
8.7500000000e+02	3.3396460886e-02	-5.0483986958e-02	9.5863368965e-05	3.7836258726e-05
8.7600000000e+02	3.3434297333e-02	-5.0579871940e-02	9.5906585928e-05	3.7836635008e-05
8.7700000000e+02	3.3472134156e-02	-5.0675800114e-02	9.5949754013e-05	3.7837010009e-05
8.7800000000e+02	3.3509971353e-02	-5.0771771431e-02	9.5992873331e-05	3.7837383734e-05
8.7900000000e+02	3.3547808923e-02	-5.0867785844e-02	9.6035943990e-05	3.7837756189e-05
8.8000000000e+02	3.3585646865e-02	-5.0963843303e-02	9.6078966100e-05	3.7838127381e-05
8.8100000000e+02	3.3623485177e-02	-5.1059943760e-02	9.6121939770e-05	3.7838497314e-05
8.8200000000e+02	3.3661323859e-02	-5.1156087167e-02	9.6164865108e-05	3.7838865994e-05
8.8300000000e+02	3.3699162909e-02	-5.1252273474e-02	9.6207742223e-05	3.7839233428e-05
8.8400000000e+02	3.3737002325e-02	-5.1348502635e-02	9.6250571222e-05	3.7839599620e-05
8.8500000000e+02	3.3774842108e-02	-5.1444774601e-02	9.6293352213e-05	3.7839964576e-05
8.8600000000e+02	3.3812682254e-02	-5.1541089324e-02	9.6336085302e-05	3.7840328302e-05
8.8700000000e+02	3.3850522764e-02	-5.1637446755e-02	9.6378770597e-05	3.7840690803e-05
8.8800000000e+02	3.3888363635e-02	-5.1733846849e-02	9.6421408203e-05	3.7841052085e-05
8.8900000000e+02	3.3926204868e-02	-5.1830289556e-02	9.6463998227e-05	3.7841412153e-05
8.9000000000e+02	3.3964046459e-02	-5.1926774829e-02	9.6506540774e-05	3.7841771013e-05
8.9100000000e+02	3.4001888409e-02	-5.2023302622e-02	9.6549035949e-05	3.7842128670e-05
8.9200000000e+02	3.4039730716e-02	-5.2119872886e-02	9.6591483859e-05	3.7842485129e-05
8.9300000000e+02	3.4077573379e-02	-5.2216485574e-02	9.6633884606e-05	3.7842840396e-05
8.9400000000e+02	3.4115416397e-02	-5.2313140639e-02	9.6676238295e-05	3.7843194477e-05
8.9500000000e+02	3.4153259768e-02	-5.2409838035e-02	9.6718545031e-05	3.7843547375e-05
8.9600000000e+02	3.4191103491e-02	-5.2506577714e-02	9.6760804916e-05	3.7843899097e-05
8.9700000000e+02	3.4228947565e-02	-5.2603359629e-02	9.6803018054e-05	3.7844249648e-05
8.9800000000e+02	3.4266791990e-02	-5.2700183734e-02	9.6845184548e-05	3.7844599032e-05
8.9900000000e+02	3.4304636763e-02	-5.2797049983e-02	9.6887304500e-05	3.7844947256e-05
9.0000000000e+02	3.4342481884e-02	-5.2893958328e-02	9.6929378013e-05	3.7845294324e-05
9.0100000000e+02	3.4380327351e-02	-5.2990908723e-02	9.6971405188e-05	3.7845640242e-05
9.0200000000e+02	3.4418173164e-02	-5.3087901123e-02	9.7013386127e-05	3.7845985014e-05
9.0300000000e+02	3.4456019321e-02	-5.3184935480e-02	9.7055320931e-05	3.7846328645e-05
9.0400000000e+02	3.4493865821e-02	-5.3282011749e-02	9.7097209701e-05	3.7846671141e-05
9.0500000000e+02	3.4531712663e-02	-5.3379129884e-02	9.7139052538e-05	3.7847012506e-05
9.0600000000e+02	3.4569559846e-02	-5.3476289839e-02	9.7180849541e-05	3.7847352746e-05
9.0700000000e+02	3.4607407368e-02	-5.3573491568e-02	9.7222600811e-05	3.7847691865e-05
9.0800000000e+02	3.4645255229e-02	-5.3670735025e-02	9.7264306448e-05	3.7848029869e-05
9.0900000000e+02	3.4683103427e-02	-5.3768020166e-02	9.7305966549e-05	3.7848366762e-05
9.1000000000e+02	3.4720951962e-02	-5.3865346943e-02	9.7347581215e-05	3.7848702549e-05
9.1100000000e+02	3.4758800832e-02	-5.3962715313e-02	9.7389150543e-05	3.7849037235e-05
9.1200000000e+02	3.4796650036e-02	-5.4060125229e-02	9.7430674633e-05	3.7849370824e-05
9.1300000000e+02	3.4834499573e-02	-5.4157576647e-02	9.7472153582e-05	3.7849703322e-05
9.1400000000e+02	3.4872349443e-02	-5.4255069521e-02	9.7513587488e-05	3.7850034733e-05
9.1500000000e+02	3.4910199643e-02	-5.4352603807e-02	9.7554976448e-05	3.7850365062e-05
9.1600000000e+02	3.4948050172e-02	-5.4450179459e-02	9.7596320559e-05	3.7850694314e-05
9.1700000000e+02	3.4985901031e-02	-5.4547796433e-02	9.7637619917e-05	3.7851022493e-05
9.1800000000e+02	3.5023752217e-02	-5.4645454684e-02	9.7678874620e-05	3.7851349604e-05
9.1900000000e+02	3.5061603730e-02	-5.4743154168e-02	9.7720084763e-05	3.7851675652e-05
9.2000000000e+02	3.5099455568e-02	-5.4840894839e-02	9.7761250442e-05	3.7852000641e-05
9.2100000000e+02	3.5137307731e-02	-5.4938676654e-02	9.7802371753e-05	3.7852324575e-05
9.2200000000e+02	3.5175160217e-02	-5.5036499568e-02	9.7843448790e-05	3.7852647460e-05
9.2300000000e+02	3.5213013025e-02	-5.5134363537e-02	9.7884481649e-05	3.7852969300e-05
9.2400000000e+02	3.5250866155e-02	-5.5232268516e-02	9.7925470424e-05	3.7853290100e-05
9.2500000000e+02	3.5288719605e-02	-5.5330214463e-02	9.7966415209e-05	3.7853609863e-05
9.2600000000e+02	3.5326573374e-02	-5.5428201332e-02	9.8007316098e-05	3.7853928594e-05
9.2700000000e+02	3.5364427462e-02	-5.5526229080e-02	9.8048173185e-05	3.7854246298e-05
9.2800000000e+02	3.5402281867e-02	-5.5624297664e-02	9.8088986563e-05	3.7854562979e-05
9.2900000000e+02	3.5440136587e-02	-5.5722407039e-02	9.8129756326e-05	3.7854878642e-05
9.3000000000e+02	3.5477991624e-02	-5.5820557162e-02	9.8170482565e-05	3.7855193290e-05
9.3100000000e+02	3.5515846974e-02	-5.5918747990e-02	9.8211165374e-05	3.7855506929e-05
9.3200000000e+02	3.5553702637e-02	-5.6016979478e-02	9.8251804845e-05	3.7855819563e-05
9.3300000000e+02	3.5591558613e-02	-5.6115251585e-02	9.8292401069e-05	3.7856131195e-05
9.3400000000e+02	3.5629414899e-02	-5.6213564266e-02	9.8332954138e-05	3.7856441830e-05
9.3500000000e+02	3.5667271496e-02	-5.6311917479e-02	9.8373464144e-05	3.7856751472e-05
9.3600000000e+02	3.5705128402e-02	-5.6410311180e-02	9.8413931177e-05	3.7857060126e-05
9.3700000000e+02	3.5742985616e-02	-5.6508745327e-02	9.8454355328e-05	3.7857367796e-05
9.3800000000e+02	3.5780843137e-02	-5.6607219877e-02	9.8494736688e-05	3.7857674486e-05
9.3900000000e+02	3.5818700964e-02	-5.6705734786e-02	9.8535075347e-05	3.7857980199e-05
9.4000000000e+02	3.5856559097e-02	-5.6804290013e-02	9.8575371394e-05	3.7858284941e-05
9.4100000000e+02	3.5894417534e-02	-5.6902885515e-02	9.8615624919e-05	3.7858588716e-05
9.4200000000e+02	3.5932276274e-02	-5.7001521249e-02	9.8655836012e-05	3.7858891526e-05
9.4300000000e+02	3.5970135317e-02	-5.7100197173e-02	9.8696004761e-05	3.7859193377e-05
9.4400000000e+02	3.6007994661e-02	-5.7198913244e-02	9.8736131255e-05	3.7859494273e-05
9.4500000000e+02	3.6045854305e-02	-5.7297669421e-02	9.8776215583e-05	3.7859794217e-05
9.4600000000e+02	3.6083714249e-02	-5.7396465661e-02	9.8816257833e-05	3.7860093214e-05
9.4700000000e+02	3.6121574491e-02	-5.7495301923e-02	9.8856258093e-05	3.7860391267e-05
9.4800000000e+02	3.6159435031e-02	-5.7594178164e-02	9.8896216450e-05	3.7860688381e-05
9.4900000000e+02	3.6197295867e-02	-5.7693094342e-02	9.8936132992e-05	3.7860984559e-05
9.5000000000e+02	3.6235157000e-02	-5.7792050416e-02	9.8976007806e-05	3.7861279806e-05
9.5100000000e+02	3.6273018427e-02	-5.7891046343e-02	9.9015840978e-05	3.7861574124e-05
9.5200000000e+02	3.6310880148e-02	-5.7990082084e-02	9.9055632596e-05	3.7861867519e-05
9.5300000000e+02	3.6348742162e-02	-5.8089157595e-02	9.9095382745e-05	3.7862159994e-05
9.5400000000e+02	3.6386604467e-02	-5.8188272835e-02	9.9135091512e-05	3.7862451553e-05
9.5500000000e+02	3.6424467064e-02	-5.8287427764e-02	9.9174758983e-05	3.7862742199e-05
9.5600000000e+02	3.6462329951e-02	-5.8386622340e-02	9.9214385242e-05	3.7863031937e-05
9.5700000000e+02	3.6500193128e-02	-5.8485856521e-02	9.9253970375e-05	3.7863320770e-05
9.5800000000e+02	3.6538056593e-02	-5.8585130267e-02	9.9293514467e-05	3.7863608702e-05
9.5900000000e+02	3.6575920345e-02	-5.8684443536e-02	9.9333017603e-05	3.7863895737e-05
9.6000000000e+02	3.6613784384e-02	-5.8783796288e-02	9.9372479867e-05	3.7864181878e-05
9.6100000000e+02	3.6651648708e-02	-5.8883188482e-02	9.9411901343e-05	3.7864467129e-05
9.6200000000e+02	3.6689513318e-02	-5.8982620077e-02	9.9451282116e-05	3.7864751495e-05
9.6300000000e+02	3.6727378211e-02	-5.9082091033e-02	9.9490622268e-05	3.7865034977e-05
9.6400000000e+02	3.6765243388e-02	-5.9181601308e-02	9.9529921884e-05	3.7865317581e-05
9.6500000000e+02	3.6803108846e-02	-5.9281150863e-02	9.9569181046e-05	3.7865599310e-05
9.6600000000e+02	3.6840974586e-02	-5.9380739657e-02	9.9608399837e-05	3.7865880167e-05
9.6700000000e+02	3.6878840606e-02	-5.9480367650e-02	9.9647578341e-05	3.7866160155e-05
9.6800000000e+02	3.6916706906e-02	-5.9580034800e-02	9.9686716639e-05	3.7866439280e-05
9.6900000000e+02	3.6954573484e-02	-5.9679741069e-02	9.9725814813e-05	3.7866717544e-05
9.7000000000e+02	3.6992440341e-02	-5.9779486417e-02	9.9764872946e-05	3.7866994950e-05
9.7100000000e+02	3.7030307474e-02	-5.9879270802e-02	9.9803891118e-05	3.7867271502e-05
9.7200000000e+02	3.7068174883e-02	-5.9979094186e-02	9.9842869413e-05	3.7867547204e-05
9.7300000000e+02	3.7106042568e-02	-6.0078956528e-02	9.9881807909e-05	3.7867822059e-05
9.7400000000e+02	3.7143910527e-02	-6.0178857788e-02	9.9920706689e-05	3.7868096071e-05
9.7500000000e+02	3.7181778760e-02	-6.0278797928e-02	9.9959565833e-05	3.7868369242e-05
9.7600000000e+02	3.7219647265e-02	-6.0378776907e-02	9.9998385422e-05	3.7868641577e-05
9.7700000000e+02	3.7257516043e-02	-6.0478794685e-02	1.0003716554e-04	3.7868913079e-05
9.7800000000e+02	3.7295385091e-02	-6.0578851225e-02	1.0007590625e-04	3.7869183752e-05
9.7900000000e+02	3.7333254410e-02	-6.0678946485e-02	1.0011460766e-04	3.7869453597e-05
9.8000000000e+02	3.7371123998e-02	-6.0779080427e-02	1.0015326982e-04	3.7869722620e-05
9.8100000000e+02	3.7408993855e-02	-6.0879253011e-02	1.0019189283e-04	3.7869990823e-05
9.8200000000e+02	3.7446863980e-02	-6.0979464199e-02	1.0023047676e-04	3.7870258210e-05
9.8300000000e+02	3.7484734371e-02	-6.1079713952e-02	1.0026902169e-04	3.7870524784e-05
9.8400000000e+02	3.7522605029e-02	-6.1180002230e-02	1.0030752770e-04	3.7870790548e-05
9.8500000000e+02	3.7560475952e-02	-6.1280328994e-02	1.0034599487e-04	3.7871055506e-05
9.8600000000e+02	3.7598347140e-02	-6.1380694207e-02	1.0038442327e-04	3.7871319660e-05
9.8700000000e+02	3.7636218591e-02	-6.1481097828e-02	1.0042281299e-04	3.7871583014e-05
9.8800000000e+02	3.7674090305e-02	-6.1581539820e-02	1.0046116409e-04	3.7871845572e-05
9.8900000000e+02	3.7711962282e-02	-6.1682020143e-02	1.0049947667e-04	3.7872107336e-05
9.9000000000e+02	3.7749834520e-02	-6.1782538760e-02	1.0053775079e-04	3.7872368309e-05
9.9100000000e+02	3.7787707018e-02	-6.1883095632e-02	1.0057598653e-04	3.7872628496e-05
9.9200000000e+02	3.7825579777e-02	-6.1983690721e-02	1.0061418397e-04	3.7872887898e-05
9.9300000000e+02	3.7863452794e-02	-6.2084323987e-02	1.0065234318e-04	3.7873146520e-05
9.9400000000e+02	3.7901326069e-02	-6.2184995394e-02	1.0069046425e-04	3.7873404364e-05
9.9500000000e+02	3.7939199602e-02	-6.2285704903e-02	1.0072854724e-04	3.7873661433e-05
9.9600000000e+02	3.7977073392e-02	-6.2386452476e-02	1.0076659224e-04	3.7873917731e-05
9.9700000000e+02	3.8014947437e-02	-6.2487238075e-02	1.0080459931e-04	3.7874173260e-05
9.9800000000e+02	3.8052821738e-02	-6.2588061662e-02	1.0084256854e-04	3.7874428024e-05
9.9900000000e+02	3.8090696293e-02	-6.2688923199e-02	1.0088049999e-04	3.7874682025e-05
