# total modes from dos = 5.9999656872e+00
# ZPE = 4.0553809565e-03 Ry/cell
# Multiply by 13.6058 to have energies in eV/cell etc..
# Multiply by 13.6058 x 23060.35 = 313 754.5 to have energies in cal/(N mol).
# Multiply by 13.6058 x 96526.0 = 1 313 313 to have energies in J/(N mol).
# N is the number of formula units per cell.
#
# T (K) 	Evib (Ry/cell)	Fvib (Ry/cell)	Svib (Ry/cell/K)	Cvib (Ry/cell/K)
1.0000000000e+00	4.0553809743e-03	4.0553808796e-03	9.4727772089e-11	5.2881432152e-11
2.0000000000e+00	4.0553811348e-03	4.0553807433e-03	1.9575431170e-10	3.2206413707e-10
3.0000000000e+00	4.0553817619e-03	4.0553804401e-03	4.4059557473e-10	1.0217841989e-09
4.0000000000e+00	4.0553833940e-03	4.0553797903e-03	9.0091887433e-10	2.3683551541e-09
5.0000000000e+00	4.0553867873e-03	4.0553785424e-03	1.6489787349e-09	4.5810749481e-09
6.0000000000e+00	4.0553929197e-03	4.0553763721e-03	2.7579390779e-09	7.8848207932e-09
7.0000000000e+00	4.0554029987e-03	4.0553728813e-03	4.3024828359e-09	1.2514547629e-08
8.0000000000e+00	4.0554184749e-03	4.0553675962e-03	6.3598402355e-09	1.8723850775e-08
9.0000000000e+00	4.0554410691e-03	4.0553599636e-03	9.0117290368e-09	2.6803674592e-08
1.0000000000e+01	4.0554728261e-03	4.0553493447e-03	1.2348135772e-08	3.7119273735e-08
1.1000000000e+01	4.0555162161e-03	4.0553350045e-03	1.6473788342e-08	5.0166862508e-08
1.2000000000e+01	4.0555742983e-03	4.0553160916e-03	2.1517225788e-08	6.6638366834e-08
1.3000000000e+01	4.0556509446e-03	4.0552916104e-03	2.7641095768e-08	8.7474283169e-08
1.4000000000e+01	4.0557511029e-03	4.0552603811e-03	3.5051556517e-08	1.1388700172e-07
1.5000000000e+01	4.0558810653e-03	4.0552209936e-03	4.4004779291e-08	1.4734678140e-07
1.6000000000e+01	4.0560487038e-03	4.0551717550e-03	5.4809299291e-08	1.8953316225e-07
1.7000000000e+01	4.0562636451e-03	4.0551106388e-03	6.7823898256e-08	2.4226159036e-07
1.8000000000e+01	4.0565373633e-03	4.0550352366e-03	8.3451479011e-08	3.0739750956e-07
1.9000000000e+01	4.0568831867e-03	4.0549427192e-03	1.0212986935e-07	3.8676928521e-07
2.0000000000e+01	4.0573162198e-03	4.0548298062e-03	1.2432067678e-07	4.8208868636e-07
2.1000000000e+01	4.0578531921e-03	4.0546927492e-03	1.5049728322e-07	5.9488454802e-07
2.2000000000e+01	4.0585122492e-03	4.0545273252e-03	1.8113290861e-07	7.2645241715e-07
2.3000000000e+01	4.0593127003e-03	4.0543288428e-03	2.1668945633e-07	8.7782077871e-07
2.4000000000e+01	4.0602747419e-03	4.0540921587e-03	2.5760763158e-07	1.0497329191e-06
2.5000000000e+01	4.0614191685e-03	4.0538117029e-03	3.0429862338e-07	1.2426425387e-06
2.6000000000e+01	4.0627670861e-03	4.0534815117e-03	3.5713747676e-07	1.4567207466e-06
2.7000000000e+01	4.0643396370e-03	4.0530952668e-03	4.1645815494e-07	1.6918719375e-06
2.8000000000e+01	4.0661577434e-03	4.0526463378e-03	4.8255020164e-07	1.9477561400e-06
2.9000000000e+01	4.0682418765e-03	4.0521278277e-03	5.5565685501e-07	2.2238156619e-06
3.0000000000e+01	4.0706118529e-03	4.0515326199e-03	6.3597443090e-07	2.5193041627e-06
3.1000000000e+01	4.0732866609e-03	4.0508534248e-03	7.2365277932e-07	2.8333166160e-06
3.2000000000e+01	4.0762843172e-03	4.0500828254e-03	8.1879661779e-07	3.1648189482e-06
3.3000000000e+01	4.0796217514e-03	4.0492133220e-03	9.2146755506e-07	3.5126764446e-06
3.4000000000e+01	4.0833147194e-03	4.0482373738e-03	1.0316866342e-06	3.8756802706e-06
3.5000000000e+01	4.0873777414e-03	4.0471474379e-03	1.1494372436e-06	4.2525716876e-06
3.6000000000e+01	4.0918240631e-03	4.0459360055e-03	1.2746682652e-06	4.6420637185e-06
3.7000000000e+01	4.0966656369e-03	4.0445956350e-03	1.4072973481e-06	5.0428601665e-06
3.8000000000e+01	4.1019131216e-03	4.0431189813e-03	1.5472142194e-06	5.4536720008e-06
3.9000000000e+01	4.1075758963e-03	4.0414988220e-03	1.6942839557e-06	5.8732312020e-06
4.0000000000e+01	4.1136620875e-03	4.0397280810e-03	1.8483501622e-06	6.3003022196e-06
4.1000000000e+01	4.1201786062e-03	4.0377998477e-03	2.0092380132e-06	6.7336912278e-06
4.2000000000e+01	4.1271311937e-03	4.0357073944e-03	2.1767571264e-06	7.1722533874e-06
4.3000000000e+01	4.1345244733e-03	4.0334441906e-03	2.3507042472e-06	7.6148983301e-06
4.4000000000e+01	4.1423620066e-03	4.0310039144e-03	2.5308657333e-06	8.0605940819e-06
4.5000000000e+01	4.1506463540e-03	4.0283804616e-03	2.7170198319e-06	8.5083696311e-06
4.6000000000e+01	4.1593791356e-03	4.0255679531e-03	2.9089387507e-06	8.9573163396e-06
4.7000000000e+01	4.1685610944e-03	4.0225607397e-03	3.1063905251e-06	9.4065883784e-06
4.8000000000e+01	4.1781921590e-03	4.0193534059e-03	3.3091406898e-06	9.8554023516e-06
4.9000000000e+01	4.1882715051e-03	4.0159407707e-03	3.5169537627e-06	1.0303036259e-05
5.0000000000e+01	4.1987976168e-03	4.0123178891e-03	3.7295945531e-06	1.0748827929e-05
5.1000000000e+01	4.2097683448e-03	4.0084800503e-03	3.9468293037e-06	1.1192173030e-05
5.2000000000e+01	4.2211809638e-03	4.0044227763e-03	4.1684266818e-06	1.1632522781e-05
5.3000000000e+01	4.2330322261e-03	4.0001418188e-03	4.3941586282e-06	1.2069381415e-05
5.4000000000e+01	4.2453184139e-03	3.9956331556e-03	4.6238010792e-06	1.2502303499e-05
5.5000000000e+01	4.2580353878e-03	3.9908929864e-03	4.8571345716e-06	1.2930891157e-05
5.6000000000e+01	4.2711786332e-03	3.9859177277e-03	5.0939447425e-06	1.3354791244e-05
5.7000000000e+01	4.2847433036e-03	3.9807040077e-03	5.3340227354e-06	1.3773692527e-05
5.8000000000e+01	4.2987242609e-03	3.9752486607e-03	5.5771655216e-06	1.4187322885e-05
5.9000000000e+01	4.3131161134e-03	3.9695487208e-03	5.8231761471e-06	1.4595446586e-05
6.0000000000e+01	4.3279132508e-03	3.9636014161e-03	6.0718639132e-06	1.4997861623e-05
6.1000000000e+01	4.3431098765e-03	3.9574041621e-03	6.3230444995e-06	1.5394397165e-05
6.2000000000e+01	4.3587000377e-03	3.9509545555e-03	6.5765400356e-06	1.5784911101e-05
6.3000000000e+01	4.3746776527e-03	3.9442503676e-03	6.8321791293e-06	1.6169287711e-05
6.4000000000e+01	4.3910365366e-03	3.9372895377e-03	7.0897968566e-06	1.6547435444e-05
6.5000000000e+01	4.4077704239e-03	3.9300701672e-03	7.3492347187e-06	1.6919284833e-05
6.6000000000e+01	4.4248729901e-03	3.9225905124e-03	7.6103405720e-06	1.7284786526e-05
6.7000000000e+01	4.4423378705e-03	3.9148489788e-03	7.8729685339e-06	1.7643909439e-05
6.8000000000e+01	4.4601586777e-03	3.9068441146e-03	8.1369788698e-06	1.7996639032e-05
6.9000000000e+01	4.4783290175e-03	3.8985746049e-03	8.4022378638e-06	1.8342975703e-05
7.0000000000e+01	4.4968425026e-03	3.8900392653e-03	8.6686176761e-06	1.8682933290e-05
7.1000000000e+01	4.5156927662e-03	3.8812370367e-03	8.9359961905e-06	1.9016537686e-05
7.2000000000e+01	4.5348734724e-03	3.8721669789e-03	9.2042568536e-06	1.9343825557e-05
7.3000000000e+01	4.5543783271e-03	3.8628282660e-03	9.4732885082e-06	1.9664843155e-05
7.4000000000e+01	4.5742010868e-03	3.8532201803e-03	9.7429852228e-06	1.9979645229e-05
7.5000000000e+01	4.5943355664e-03	3.8433421076e-03	1.0013246118e-05	2.0288294019e-05
7.6000000000e+01	4.6147756466e-03	3.8331935321e-03	1.0283975191e-05	2.0590858333e-05
7.7000000000e+01	4.6355152797e-03	3.8227740316e-03	1.0555081144e-05	2.0887412707e-05
7.8000000000e+01	4.6565484952e-03	3.8120832731e-03	1.0826477206e-05	2.1178036626e-05
7.9000000000e+01	4.6778694040e-03	3.8011210080e-03	1.1098080962e-05	2.1462813825e-05
8.0000000000e+01	4.6994722030e-03	3.7898870681e-03	1.1369814186e-05	2.1741831641e-05
8.1000000000e+01	4.7213511776e-03	3.7783813613e-03	1.1641602671e-05	2.2015180434e-05
8.2000000000e+01	4.7435007051e-03	3.7666038678e-03	1.1913376064e-05	2.2282953048e-05
8.3000000000e+01	4.7659152566e-03	3.7545546364e-03	1.2185067713e-05	2.2545244338e-05
8.4000000000e+01	4.7885893988e-03	3.7422337807e-03	1.2456614501e-05	2.2802150727e-05
8.5000000000e+01	4.8115177956e-03	3.7296414757e-03	1.2727956705e-05	2.3053769819e-05
8.6000000000e+01	4.8346952088e-03	3.7167779544e-03	1.2999037842e-05	2.3300200042e-05
8.7000000000e+01	4.8581164990e-03	3.7036435048e-03	1.3269804531e-05	2.3541540328e-05
8.8000000000e+01	4.8817766259e-03	3.6902384669e-03	1.3540206351e-05	2.3777889830e-05
8.9000000000e+01	4.9056706481e-03	3.6765632296e-03	1.3810195713e-05	2.4009347667e-05
9.0000000000e+01	4.9297937236e-03	3.6626182280e-03	1.4079727729e-05	2.4236012695e-05
9.1000000000e+01	4.9541411087e-03	3.6484039408e-03	1.4348760087e-05	2.4457983304e-05
9.2000000000e+01	4.9787081580e-03	3.6339208877e-03	1.4617252938e-05	2.4675357239e-05
9.3000000000e+01	5.0034903233e-03	3.6191696272e-03	1.4885168775e-05	2.4888231445e-05
9.4000000000e+01	5.0284831530e-03	3.6041507543e-03	1.5152472327e-05	2.5096701923e-05
9.5000000000e+01	5.0536822909e-03	3.5888648978e-03	1.5419130454e-05	2.5300863611e-05
9.6000000000e+01	5.0790834752e-03	3.5733127189e-03	1.5685112045e-05	2.5500810280e-05
9.7000000000e+01	5.1046825373e-03	3.5574949089e-03	1.5950387921e-05	2.5696634439e-05
9.8000000000e+01	5.1304754003e-03	3.5414121874e-03	1.6214930744e-05	2.5888427261e-05
9.9000000000e+01	5.1564580780e-03	3.5250653003e-03	1.6478714926e-05	2.6076278513e-05
1.0000000000e+02	5.1826266729e-03	3.5084550184e-03	1.6741716545e-05	2.6260276505e-05
1.0100000000e+02	5.2089773755e-03	3.4915821356e-03	1.7003913267e-05	2.6440508041e-05
1.0200000000e+02	5.2355064620e-03	3.4744474672e-03	1.7265284263e-05	2.6617058382e-05
1.0300000000e+02	5.2622102931e-03	3.4570518488e-03	1.7525810140e-05	2.6790011220e-05
1.0400000000e+02	5.2890853126e-03	3.4393961346e-03	1.7785472866e-05	2.6959448654e-05
1.0500000000e+02	5.3161280455e-03	3.4214811963e-03	1.8044255706e-05	2.7125451173e-05
1.0600000000e+02	5.3433350963e-03	3.4033079217e-03	1.8302143157e-05	2.7288097652e-05
1.0700000000e+02	5.3707031479e-03	3.3848772133e-03	1.8559120884e-05	2.7447465338e-05
1.0800000000e+02	5.3982289593e-03	3.3661899876e-03	1.8815175664e-05	2.7603629860e-05
1.0900000000e+02	5.4259093646e-03	3.3472471737e-03	1.9070295329e-05	2.7756665225e-05
1.1000000000e+02	5.4537412708e-03	3.3280497123e-03	1.9324468714e-05	2.7906643829e-05
1.1100000000e+02	5.4817216569e-03	3.3085985551e-03	1.9577685602e-05	2.8053636469e-05
1.1200000000e+02	5.5098475715e-03	3.2888946631e-03	1.9829936683e-05	2.8197712352e-05
1.1300000000e+02	5.5381161319e-03	3.2689390065e-03	2.0081213500e-05	2.8338939116e-05
1.1400000000e+02	5.5665245221e-03	3.2487325634e-03	2.0331508410e-05	2.8477382842e-05
1.1500000000e+02	5.5950699915e-03	3.2282763192e-03	2.0580814541e-05	2.8613108081e-05
1.1600000000e+02	5.6237498531e-03	3.2075712660e-03	2.0829125752e-05	2.8746177869e-05
1.1700000000e+02	5.6525614826e-03	3.1866184012e-03	2.1076436593e-05	2.8876653753e-05
1.1800000000e+02	5.6815023161e-03	3.1654187278e-03	2.1322742273e-05	2.9004595815e-05
1.1900000000e+02	5.7105698492e-03	3.1439732531e-03	2.1568038622e-05	2.9130062695e-05
1.2000000000e+02	5.7397616355e-03	3.1222829882e-03	2.1812322060e-05	2.9253111617e-05
1.2100000000e+02	5.7690752850e-03	3.1003489476e-03	2.2055589565e-05	2.9373798419e-05
1.2200000000e+02	5.7985084631e-03	3.0781721486e-03	2.2297838644e-05	2.9492177574e-05
1.2300000000e+02	5.8280588887e-03	3.0557536105e-03	2.2539067303e-05	2.9608302221e-05
1.2400000000e+02	5.8577243333e-03	3.0330943546e-03	2.2779274022e-05	2.9722224191e-05
1.2500000000e+02	5.8875026197e-03	3.0101954035e-03	2.3018457730e-05	2.9833994034e-05
1.2600000000e+02	5.9173916205e-03	2.9870577804e-03	2.3256617779e-05	2.9943661048e-05
1.2700000000e+02	5.9473892569e-03	2.9636825092e-03	2.3493753919e-05	3.0051273306e-05
1.2800000000e+02	5.9774934978e-03	2.9400706138e-03	2.3729866281e-05	3.0156877683e-05
1.2900000000e+02	6.0077023582e-03	2.9162231178e-03	2.3964955353e-05	3.0260519884e-05
1.3000000000e+02	6.0380138984e-03	2.8921410439e-03	2.4199021957e-05	3.0362244471e-05
1.3100000000e+02	6.0684262225e-03	2.8678254143e-03	2.4432067238e-05	3.0462094889e-05
1.3200000000e+02	6.0989374776e-03	2.8432772494e-03	2.4664092638e-05	3.0560113494e-05
1.3300000000e+02	6.1295458526e-03	2.8184975684e-03	2.4895099881e-05	3.0656341579e-05
1.3400000000e+02	6.1602495773e-03	2.7934873884e-03	2.5125090962e-05	3.0750819399e-05
1.3500000000e+02	6.1910469211e-03	2.7682477244e-03	2.5354068123e-05	3.0843586197e-05
1.3600000000e+02	6.2219361921e-03	2.7427795893e-03	2.5582033845e-05	3.0934680231e-05
1.3700000000e+02	6.2529157364e-03	2.7170839930e-03	2.5808990828e-05	3.1024138794e-05
1.3800000000e+02	6.2839839367e-03	2.6911619429e-03	2.6034941984e-05	3.1111998245e-05
1.3900000000e+02	6.3151392117e-03	2.6650144433e-03	2.6259890420e-05	3.1198294027e-05
1.4000000000e+02	6.3463800151e-03	2.6386424952e-03	2.6483839428e-05	3.1283060693e-05
1.4100000000e+02	6.3777048346e-03	2.6120470964e-03	2.6706792469e-05	3.1366331929e-05
1.4200000000e+02	6.4091121914e-03	2.5852292411e-03	2.6928753171e-05	3.1448140575e-05
1.4300000000e+02	6.4406006389e-03	2.5581899196e-03	2.7149725310e-05	3.1528518649e-05
1.4400000000e+02	6.4721687623e-03	2.5309301187e-03	2.7369712803e-05	3.1607497367e-05
1.4500000000e+02	6.5038151773e-03	2.5034508209e-03	2.7588719700e-05	3.1685107163e-05
1.4600000000e+02	6.5355385302e-03	2.4757530047e-03	2.7806750174e-05	3.1761377714e-05
1.4700000000e+02	6.5673374960e-03	2.4478376446e-03	2.8023808513e-05	3.1836337953e-05
1.4800000000e+02	6.5992107787e-03	2.4197057103e-03	2.8239899111e-05	3.1910016097e-05
1.4900000000e+02	6.6311571100e-03	2.3913581674e-03	2.8455026460e-05	3.1982439657e-05
1.5000000000e+02	6.6631752488e-03	2.3627959769e-03	2.8669195146e-05	3.2053635464e-05
1.5100000000e+02	6.6952639804e-03	2.3340200951e-03	2.8882409836e-05	3.2123629684e-05
1.5200000000e+02	6.7274221161e-03	2.3050314737e-03	2.9094675280e-05	3.2192447835e-05
1.5300000000e+02	6.7596484924e-03	2.2758310594e-03	2.9305996294e-05	3.2260114806e-05
1.5400000000e+02	6.7919419701e-03	2.2464197943e-03	2.9516377765e-05	3.2326654872e-05
1.5500000000e+02	6.8243014344e-03	2.2167986154e-03	2.9725824639e-05	3.2392091714e-05
1.5600000000e+02	6.8567257935e-03	2.1869684548e-03	2.9934341915e-05	3.2456448430e-05
1.5700000000e+02	6.8892139787e-03	2.1569302397e-03	3.0141934643e-05	3.2519747553e-05
1.5800000000e+02	6.9217649434e-03	2.1266848920e-03	3.0348607920e-05	3.2582011068e-05
1.5900000000e+02	6.9543776628e-03	2.0962333287e-03	3.0554366881e-05	3.2643260421e-05
1.6000000000e+02	6.9870511332e-03	2.0655764613e-03	3.0759216699e-05	3.2703516541e-05
1.6100000000e+02	7.0197843716e-03	2.0347151966e-03	3.0963162578e-05	3.2762799847e-05
1.6200000000e+02	7.0525764153e-03	2.0036504357e-03	3.1166209750e-05	3.2821130267e-05
1.6300000000e+02	7.0854263210e-03	1.9723830749e-03	3.1368363473e-05	3.2878527246e-05
1.6400000000e+02	7.1183331649e-03	1.9409140049e-03	3.1569629025e-05	3.2935009764e-05
1.6500000000e+02	7.1512960419e-03	1.9092441111e-03	3.1770011702e-05	3.2990596344e-05
1.6600000000e+02	7.1843140650e-03	1.8773742740e-03	3.1969516814e-05	3.3045305067e-05
1.6700000000e+02	7.2173863653e-03	1.8453053683e-03	3.2168149683e-05	3.3099153582e-05
1.6800000000e+02	7.2505120912e-03	1.8130382636e-03	3.2365915641e-05	3.3152159120e-05
1.6900000000e+02	7.2836904082e-03	1.7805738242e-03	3.2562820024e-05	3.3204338501e-05
1.7000000000e+02	7.3169204983e-03	1.7479129089e-03	3.2758868173e-05	3.3255708150e-05
1.7100000000e+02	7.3502015599e-03	1.7150563715e-03	3.2954065430e-05	3.3306284103e-05
1.7200000000e+02	7.3835328072e-03	1.6820050599e-03	3.3148417135e-05	3.3356082019e-05
1.7300000000e+02	7.4169134697e-03	1.6487598173e-03	3.3341928627e-05	3.3405117192e-05
1.7400000000e+02	7.4503427923e-03	1.6153214810e-03	3.3534605237e-05	3.3453404555e-05
1.7500000000e+02	7.4838200344e-03	1.5816908833e-03	3.3726452292e-05	3.3500958696e-05
1.7600000000e+02	7.5173444700e-03	1.5478688511e-03	3.3917475107e-05	3.3547793864e-05
1.7700000000e+02	7.5509153871e-03	1.5138562061e-03	3.4107678989e-05	3.3593923978e-05
1.7800000000e+02	7.5845320875e-03	1.4796537644e-03	3.4297069231e-05	3.3639362633e-05
1.7900000000e+02	7.6181938863e-03	1.4452623371e-03	3.4485651113e-05	3.3684123116e-05
1.8000000000e+02	7.6519001120e-03	1.4106827298e-03	3.4673429901e-05	3.3728218404e-05
1.8100000000e+02	7.6856501056e-03	1.3759157432e-03	3.4860410842e-05	3.3771661182e-05
1.8200000000e+02	7.7194432210e-03	1.3409621724e-03	3.5046599168e-05	3.3814463843e-05
1.8300000000e+02	7.7532788240e-03	1.3058228073e-03	3.5232000091e-05	3.3856638499e-05
1.8400000000e+02	7.7871562926e-03	1.2704984329e-03	3.5416618803e-05	3.3898196986e-05
1.8500000000e+02	7.8210750164e-03	1.2349898287e-03	3.5600460474e-05	3.3939150877e-05
1.8600000000e+02	7.8550343966e-03	1.1992977693e-03	3.5783530254e-05	3.3979511481e-05
1.8700000000e+02	7.8890338453e-03	1.1634230238e-03	3.5965833270e-05	3.4019289854e-05
1.8800000000e+02	7.9230727858e-03	1.1273663566e-03	3.6147374624e-05	3.4058496805e-05
1.8900000000e+02	7.9571506520e-03	1.0911285268e-03	3.6328159393e-05	3.4097142902e-05
1.9000000000e+02	7.9912668881e-03	1.0547102883e-03	3.6508192631e-05	3.4135238480e-05
1.9100000000e+02	8.0254209488e-03	1.0181123903e-03	3.6687479364e-05	3.4172793641e-05
1.9200000000e+02	8.0596122986e-03	9.8133557677e-04	3.6866024593e-05	3.4209818268e-05
1.9300000000e+02	8.0938404117e-03	9.4438058666e-04	3.7043833290e-05	3.4246322025e-05
1.9400000000e+02	8.1281047722e-03	9.0724815405e-04	3.7220910403e-05	3.4282314364e-05
1.9500000000e+02	8.1624048731e-03	8.6993900808e-04	3.7397260846e-05	3.4317804531e-05
1.9600000000e+02	8.1967402168e-03	8.3245387295e-04	3.7572889510e-05	3.4352801571e-05
1.9700000000e+02	8.2311103148e-03	7.9479346803e-04	3.7747801253e-05	3.4387314330e-05
1.9800000000e+02	8.2655146870e-03	7.5695850781e-04	3.7922000905e-05	3.4421351467e-05
1.9900000000e+02	8.2999528620e-03	7.1894970199e-04	3.8095493266e-05	3.4454921450e-05
2.0000000000e+02	8.3344243769e-03	6.8076775545e-04	3.8268283107e-05	3.4488032567e-05
2.0100000000e+02	8.3689287769e-03	6.4241336836e-04	3.8440375167e-05	3.4520692929e-05
2.0200000000e+02	8.4034656152e-03	6.0388723614e-04	3.8611774154e-05	3.4552910473e-05
2.0300000000e+02	8.4380344528e-03	5.6519004952e-04	3.8782484745e-05	3.4584692967e-05
2.0400000000e+02	8.4726348586e-03	5.2632249457e-04	3.8952511588e-05	3.4616048014e-05
2.0500000000e+02	8.5072664088e-03	4.8728525272e-04	3.9121859298e-05	3.4646983058e-05
2.0600000000e+02	8.5419286872e-03	4.4807900082e-04	3.9290532458e-05	3.4677505385e-05
2.0700000000e+02	8.5766212844e-03	4.0870441114e-04	3.9458535620e-05	3.4707622126e-05
2.0800000000e+02	8.6113437985e-03	3.6916215141e-04	3.9625873304e-05	3.4737340267e-05
2.0900000000e+02	8.6460958344e-03	3.2945288486e-04	3.9792549998e-05	3.4766666645e-05
2.1000000000e+02	8.6808770035e-03	2.8957727026e-04	3.9958570158e-05	3.4795607955e-05
2.1100000000e+02	8.7156869241e-03	2.4953596191e-04	4.0123938209e-05	3.4824170757e-05
2.1200000000e+02	8.7505252210e-03	2.0932960974e-04	4.0288658544e-05	3.4852361470e-05
2.1300000000e+02	8.7853915251e-03	1.6895885928e-04	4.0452735520e-05	3.4880186386e-05
2.1400000000e+02	8.8202854739e-03	1.2842435171e-04	4.0616173468e-05	3.4907651664e-05
2.1500000000e+02	8.8552067106e-03	8.7726723921e-05	4.0778976682e-05	3.4934763340e-05
2.1600000000e+02	8.8901548846e-03	4.6866608504e-05	4.0941149427e-05	3.4961527325e-05
2.1700000000e+02	8.9251296513e-03	5.8446338137e-06	4.1102695933e-05	3.4987949411e-05
2.1800000000e+02	8.9601306714e-03	-3.5338576016e-05	4.1263620401e-05	3.5014035273e-05
2.1900000000e+02	8.9951576116e-03	-7.6682401032e-05	4.1423926998e-05	3.5039790470e-05
2.2000000000e+02	9.0302101439e-03	-1.1818622543e-04	4.1583619861e-05	3.5065220453e-05
2.2100000000e+02	9.0652879459e-03	-1.5984943754e-04	4.1742703092e-05	3.5090330558e-05
2.2200000000e+02	9.1003907002e-03	-2.0167142977e-04	4.1901180765e-05	3.5115126020e-05
2.2300000000e+02	9.1355180947e-03	-2.4365159857e-04	4.2059056921e-05	3.5139611967e-05
2.2400000000e+02	9.1706698226e-03	-2.8578934444e-04	4.2216335567e-05	3.5163793426e-05
2.2500000000e+02	9.2058455817e-03	-3.2808407186e-04	4.2373020683e-05	3.5187675323e-05
2.2600000000e+02	9.2410450750e-03	-3.7053518928e-04	4.2529116214e-05	3.5211262490e-05
2.2700000000e+02	9.2762680101e-03	-4.1314210906e-04	4.2684626075e-05	3.5234559662e-05
2.2800000000e+02	9.3115140992e-03	-4.5590424750e-04	4.2839554152e-05	3.5257571481e-05
2.2900000000e+02	9.3467830594e-03	-4.9882102473e-04	4.2993904298e-05	3.5280302500e-05
2.3000000000e+02	9.3820746121e-03	-5.4189186472e-04	4.3147680334e-05	3.5302757183e-05
2.3100000000e+02	9.4173884831e-03	-5.8511619529e-04	4.3300886054e-05	3.5324939906e-05
2.3200000000e+02	9.4527244027e-03	-6.2849344798e-04	4.3453525218e-05	3.5346854964e-05
2.3300000000e+02	9.4880821052e-03	-6.7202305812e-04	4.3605601559e-05	3.5368506564e-05
2.3400000000e+02	9.5234613294e-03	-7.1570446473e-04	4.3757118778e-05	3.5389898838e-05
2.3500000000e+02	9.5588618178e-03	-7.5953711052e-04	4.3908080546e-05	3.5411035834e-05
2.3600000000e+02	9.5942833173e-03	-8.0352044188e-04	4.4058490505e-05	3.5431921527e-05
2.3700000000e+02	9.6297255784e-03	-8.4765390880e-04	4.4208352267e-05	3.5452559814e-05
2.3800000000e+02	9.6651883557e-03	-8.9193696488e-04	4.4357669414e-05	3.5472954518e-05
2.3900000000e+02	9.7006714075e-03	-9.3636906728e-04	4.4506445501e-05	3.5493109391e-05
2.4000000000e+02	9.7361744958e-03	-9.8094967670e-04	4.4654684052e-05	3.5513028115e-05
2.4100000000e+02	9.7716973862e-03	-1.0256782574e-03	4.4802388563e-05	3.5532714301e-05
2.4200000000e+02	9.8072398481e-03	-1.0705542770e-03	4.4949562500e-05	3.5552171494e-05
2.4300000000e+02	9.8428016540e-03	-1.1155772067e-03	4.5096209303e-05	3.5571403171e-05
2.4400000000e+02	9.8783825804e-03	-1.1607465210e-03	4.5242332383e-05	3.5590412748e-05
2.4500000000e+02	9.9139824066e-03	-1.2060616980e-03	4.5387935121e-05	3.5609203575e-05
2.4600000000e+02	9.9496009157e-03	-1.2515222189e-03	4.5533020872e-05	3.5627778940e-05
2.4700000000e+02	9.9852378938e-03	-1.2971275685e-03	4.5677592965e-05	3.5646142072e-05
2.4800000000e+02	1.0020893130e-02	-1.3428772347e-03	4.5821654697e-05	3.5664296140e-05
2.4900000000e+02	1.0056566417e-02	-1.3887707089e-03	4.5965209342e-05	3.5682244256e-05
2.5000000000e+02	1.0092257551e-02	-1.4348074855e-03	4.6108260146e-05	3.5699989473e-05
2.5100000000e+02	1.0127966330e-02	-1.4809870623e-03	4.6250810327e-05	3.5717534792e-05
2.5200000000e+02	1.0163692555e-02	-1.5273089403e-03	4.6392863076e-05	3.5734883157e-05
2.5300000000e+02	1.0199436031e-02	-1.5737726237e-03	4.6534421561e-05	3.5752037459e-05
2.5400000000e+02	1.0235196566e-02	-1.6203776197e-03	4.6675488921e-05	3.5769000539e-05
2.5500000000e+02	1.0270973970e-02	-1.6671234389e-03	4.6816068268e-05	3.5785775185e-05
2.5600000000e+02	1.0306768055e-02	-1.7140095946e-03	4.6956162692e-05	3.5802364137e-05
2.5700000000e+02	1.0342578637e-02	-1.7610356036e-03	4.7095775255e-05	3.5818770084e-05
2.5800000000e+02	1.0378405535e-02	-1.8082009855e-03	4.7234908993e-05	3.5834995669e-05
2.5900000000e+02	1.0414248569e-02	-1.8555052630e-03	4.7373566919e-05	3.5851043488e-05
2.6000000000e+02	1.0450107563e-02	-1.9029479617e-03	4.7511752019e-05	3.5866916090e-05
2.6100000000e+02	1.0485982344e-02	-1.9505286104e-03	4.7649467257e-05	3.5882615981e-05
2.6200000000e+02	1.0521872738e-02	-1.9982467406e-03	4.7786715569e-05	3.5898145622e-05
2.6300000000e+02	1.0557778579e-02	-2.0461018869e-03	4.7923499870e-05	3.5913507431e-05
2.6400000000e+02	1.0593699698e-02	-2.0940935867e-03	4.8059823049e-05	3.5928703784e-05
2.6500000000e+02	1.0629635932e-02	-2.1422213802e-03	4.8195687971e-05	3.5943737015e-05
2.6600000000e+02	1.0665587119e-02	-2.1904848108e-03	4.8331097479e-05	3.5958609419e-05
2.6700000000e+02	1.0701553098e-02	-2.2388834243e-03	4.8466054391e-05	3.5973323251e-05
2.6800000000e+02	1.0737533713e-02	-2.2874167696e-03	4.8600561502e-05	3.5987880726e-05
2.6900000000e+02	1.0773528808e-02	-2.3360843983e-03	4.8734621585e-05	3.6002284022e-05
2.7000000000e+02	1.0809538230e-02	-2.3848858647e-03	4.8868237389e-05	3.6016535280e-05
2.7100000000e+02	1.0845561829e-02	-2.4338207259e-03	4.9001411641e-05	3.6030636605e-05
2.7200000000e+02	1.0881599454e-02	-2.4828885417e-03	4.9134147044e-05	3.6044590063e-05
2.7300000000e+02	1.0917650960e-02	-2.5320888746e-03	4.9266446281e-05	3.6058397690e-05
2.7400000000e+02	1.0953716202e-02	-2.5814212898e-03	4.9398312013e-05	3.6072061483e-05
2.7500000000e+02	1.0989795036e-02	-2.6308853550e-03	4.9529746876e-05	3.6085583408e-05
2.7600000000e+02	1.1025887322e-02	-2.6804806408e-03	4.9660753488e-05	3.6098965398e-05
2.7700000000e+02	1.1061992921e-02	-2.7302067201e-03	4.9791334443e-05	3.6112209352e-05
2.7800000000e+02	1.1098111695e-02	-2.7800631686e-03	4.9921492316e-05	3.6125317139e-05
2.7900000000e+02	1.1134243510e-02	-2.8300495646e-03	5.0051229658e-05	3.6138290595e-05
2.8000000000e+02	1.1170388232e-02	-2.8801654886e-03	5.0180549003e-05	3.6151131528e-05
2.8100000000e+02	1.1206545730e-02	-2.9304105241e-03	5.0309452860e-05	3.6163841715e-05
2.8200000000e+02	1.1242715873e-02	-2.9807842567e-03	5.0437943721e-05	3.6176422902e-05
2.8300000000e+02	1.1278898533e-02	-3.0312862747e-03	5.0566024055e-05	3.6188876809e-05
2.8400000000e+02	1.1315093584e-02	-3.0819161688e-03	5.0693696314e-05	3.6201205126e-05
2.8500000000e+02	1.1351300902e-02	-3.1326735321e-03	5.0820962926e-05	3.6213409517e-05
2.8600000000e+02	1.1387520363e-02	-3.1835579602e-03	5.0947826304e-05	3.6225491617e-05
2.8700000000e+02	1.1423751845e-02	-3.2345690511e-03	5.1074288836e-05	3.6237453036e-05
2.8800000000e+02	1.1459995229e-02	-3.2857064051e-03	5.1200352896e-05	3.6249295357e-05
2.8900000000e+02	1.1496250396e-02	-3.3369696248e-03	5.1326020835e-05	3.6261020138e-05
2.9000000000e+02	1.1532517231e-02	-3.3883583155e-03	5.1451294986e-05	3.6272628911e-05
2.9100000000e+02	1.1568795616e-02	-3.4398720843e-03	5.1576177665e-05	3.6284123184e-05
2.9200000000e+02	1.1605085439e-02	-3.4915105411e-03	5.1700671166e-05	3.6295504443e-05
2.9300000000e+02	1.1641386588e-02	-3.5432732977e-03	5.1824777766e-05	3.6306774146e-05
2.9400000000e+02	1.1677698951e-02	-3.5951599684e-03	5.1948499725e-05	3.6317933730e-05
2.9500000000e+02	1.1714022419e-02	-3.6471701697e-03	5.2071839284e-05	3.6328984611e-05
2.9600000000e+02	1.1750356884e-02	-3.6993035202e-03	5.2194798664e-05	3.6339928179e-05
2.9700000000e+02	1.1786702240e-02	-3.7515596410e-03	5.2317380071e-05	3.6350765805e-05
2.9800000000e+02	1.1823058381e-02	-3.8039381551e-03	5.2439585692e-05	3.6361498838e-05
2.9900000000e+02	1.1859425203e-02	-3.8564386878e-03	5.2561417696e-05	3.6372128604e-05
3.0000000000e+02	1.1895802604e-02	-3.9090608667e-03	5.2682878237e-05	3.6382656409e-05
3.0100000000e+02	1.1932190483e-02	-3.9618043212e-03	5.2803969448e-05	3.6393083541e-05
3.0200000000e+02	1.1968588738e-02	-4.0146686832e-03	5.2924693448e-05	3.6403411265e-05
3.0300000000e+02	1.2004997272e-02	-4.0676535864e-03	5.3045052339e-05	3.6413640827e-05
3.0400000000e+02	1.2041415988e-02	-4.1207586668e-03	5.3165048205e-05	3.6423773455e-05
3.0500000000e+02	1.2077844787e-02	-4.1739835625e-03	5.3284683115e-05	3.6433810358e-05
3.0600000000e+02	1.2114283577e-02	-4.2273279134e-03	5.3403959118e-05	3.6443752725e-05
3.0700000000e+02	1.2150732262e-02	-4.2807913618e-03	5.3522878253e-05	3.6453601727e-05
3.0800000000e+02	1.2187190750e-02	-4.3343735517e-03	5.3641442536e-05	3.6463358518e-05
3.0900000000e+02	1.2223658948e-02	-4.3880741292e-03	5.3759653973e-05	3.6473024234e-05
3.1000000000e+02	1.2260136768e-02	-4.4418927426e-03	5.3877514551e-05	3.6482599995e-05
3.1100000000e+02	1.2296624119e-02	-4.4958290420e-03	5.3995026241e-05	3.6492086901e-05
3.1200000000e+02	1.2333120913e-02	-4.5498826795e-03	5.4112191000e-05	3.6501486038e-05
3.1300000000e+02	1.2369627062e-02	-4.6040533090e-03	5.4229010770e-05	3.6510798476e-05
3.1400000000e+02	1.2406142481e-02	-4.6583405867e-03	5.4345487477e-05	3.6520025266e-05
3.1500000000e+02	1.2442667084e-02	-4.7127441703e-03	5.4461623030e-05	3.6529167446e-05
3.1600000000e+02	1.2479200788e-02	-4.7672637196e-03	5.4577419328e-05	3.6538226037e-05
3.1700000000e+02	1.2515743509e-02	-4.8218988965e-03	5.4692878250e-05	3.6547202046e-05
3.1800000000e+02	1.2552295165e-02	-4.8766493643e-03	5.4808001664e-05	3.6556096463e-05
3.1900000000e+02	1.2588855675e-02	-4.9315147886e-03	5.4922791422e-05	3.6564910267e-05
3.2000000000e+02	1.2625424959e-02	-4.9864948365e-03	5.5037249361e-05	3.6573644419e-05
3.2100000000e+02	1.2662002938e-02	-5.0415891773e-03	5.5151377305e-05	3.6582299866e-05
3.2200000000e+02	1.2698589533e-02	-5.0967974818e-03	5.5265177063e-05	3.6590877544e-05
3.2300000000e+02	1.2735184667e-02	-5.1521194226e-03	5.5378650432e-05	3.6599378373e-05
3.2400000000e+02	1.2771788264e-02	-5.2075546744e-03	5.5491799193e-05	3.6607803259e-05
3.2500000000e+02	1.2808400249e-02	-5.2631029134e-03	5.5604625114e-05	3.6616153097e-05
3.2600000000e+02	1.2845020546e-02	-5.3187638176e-03	5.5717129948e-05	3.6624428767e-05
3.2700000000e+02	1.2881649082e-02	-5.3745370669e-03	5.5829315439e-05	3.6632631137e-05
3.2800000000e+02	1.2918285784e-02	-5.4304223426e-03	5.5941183312e-05	3.6640761063e-05
3.2900000000e+02	1.2954930580e-02	-5.4864193282e-03	5.6052735283e-05	3.6648819389e-05
3.3000000000e+02	1.2991583399e-02	-5.5425277085e-03	5.6163973053e-05	3.6656806944e-05
3.3100000000e+02	1.3028244170e-02	-5.5987471701e-03	5.6274898310e-05	3.6664724549e-05
3.3200000000e+02	1.3064912825e-02	-5.6550774015e-03	5.6385512730e-05	3.6672573011e-05
3.3300000000e+02	1.3101589294e-02	-5.7115180925e-03	5.6495817977e-05	3.6680353125e-05
3.3400000000e+02	1.3138273509e-02	-5.7680689349e-03	5.6605815699e-05	3.6688065676e-05
3.3500000000e+02	1.3174965403e-02	-5.8247296220e-03	5.6715507536e-05	3.6695711438e-05
3.3600000000e+02	1.3211664910e-02	-5.8814998486e-03	5.6824895113e-05	3.6703291173e-05
3.3700000000e+02	1.3248371963e-02	-5.9383793113e-03	5.6933980043e-05	3.6710805634e-05
3.3800000000e+02	1.3285086499e-02	-5.9953677083e-03	5.7042763928e-05	3.6718255560e-05
3.3900000000e+02	1.3321808453e-02	-6.0524647393e-03	5.7151248356e-05	3.6725641683e-05
3.4000000000e+02	1.3358537762e-02	-6.1096701057e-03	5.7259434904e-05	3.6732964724e-05
3.4100000000e+02	1.3395274362e-02	-6.1669835104e-03	5.7367325139e-05	3.6740225393e-05
3.4200000000e+02	1.3432018192e-02	-6.2244046577e-03	5.7474920613e-05	3.6747424391e-05
3.4300000000e+02	1.3468769190e-02	-6.2819332539e-03	5.7582222869e-05	3.6754562408e-05
3.4400000000e+02	1.3505527297e-02	-6.3395690063e-03	5.7689233439e-05	3.6761640127e-05
3.4500000000e+02	1.3542292451e-02	-6.3973116240e-03	5.7795953840e-05	3.6768658218e-05
3.4600000000e+02	1.3579064593e-02	-6.4551608177e-03	5.7902385581e-05	3.6775617344e-05
3.4700000000e+02	1.3615843666e-02	-6.5131162995e-03	5.8008530160e-05	3.6782518160e-05
3.4800000000e+02	1.3652629610e-02	-6.5711777828e-03	5.8114389061e-05	3.6789361309e-05
3.4900000000e+02	1.3689422370e-02	-6.6293449828e-03	5.8219963760e-05	3.6796147428e-05
3.5000000000e+02	1.3726221887e-02	-6.6876176161e-03	5.8325255722e-05	3.6802877143e-05
3.5100000000e+02	1.3763028105e-02	-6.7459954005e-03	5.8430266398e-05	3.6809551074e-05
3.5200000000e+02	1.3799840970e-02	-6.8044780556e-03	5.8534997233e-05	3.6816169829e-05
3.5300000000e+02	1.3836660427e-02	-6.8630653022e-03	5.8639449657e-05	3.6822734012e-05
3.5400000000e+02	1.3873486420e-02	-6.9217568626e-03	5.8743625093e-05	3.6829244216e-05
3.5500000000e+02	1.3910318897e-02	-6.9805524605e-03	5.8847524952e-05	3.6835701027e-05
3.5600000000e+02	1.3947157805e-02	-7.0394518211e-03	5.8951150634e-05	3.6842105023e-05
3.5700000000e+02	1.3984003090e-02	-7.0984546709e-03	5.9054503532e-05	3.6848456775e-05
3.5800000000e+02	1.4020854701e-02	-7.1575607377e-03	5.9157585025e-05	3.6854756843e-05
3.5900000000e+02	1.4057712587e-02	-7.2167697509e-03	5.9260396483e-05	3.6861005785e-05
3.6000000000e+02	1.4094576696e-02	-7.2760814411e-03	5.9362939269e-05	3.6867204147e-05
3.6100000000e+02	1.4131446978e-02	-7.3354955403e-03	5.9465214733e-05	3.6873352471e-05
3.6200000000e+02	1.4168323384e-02	-7.3950117819e-03	5.9567224216e-05	3.6879451289e-05
3.6300000000e+02	1.4205205864e-02	-7.4546299005e-03	5.9668969050e-05	3.6885501127e-05
3.6400000000e+02	1.4242094370e-02	-7.5143496322e-03	5.9770450556e-05	3.6891502506e-05
3.6500000000e+02	1.4278988854e-02	-7.5741707143e-03	5.9871670049e-05	3.6897455937e-05
3.6600000000e+02	1.4315889266e-02	-7.6340928854e-03	5.9972628830e-05	3.6903361927e-05
3.6700000000e+02	1.4352795562e-02	-7.6941158855e-03	6.0073328194e-05	3.6909220974e-05
3.6800000000e+02	1.4389707693e-02	-7.7542394558e-03	6.0173769426e-05	3.6915033572e-05
3.6900000000e+02	1.4426625614e-02	-7.8144633387e-03	6.0273953800e-05	3.6920800206e-05
3.7000000000e+02	1.4463549278e-02	-7.8747872782e-03	6.0373882585e-05	3.6926521358e-05
3.7100000000e+02	1.4500478641e-02	-7.9352110191e-03	6.0473557036e-05	3.6932197500e-05
3.7200000000e+02	1.4537413658e-02	-7.9957343079e-03	6.0572978404e-05	3.6937829100e-05
3.7300000000e+02	1.4574354285e-02	-8.0563568920e-03	6.0672147927e-05	3.6943416621e-05
3.7400000000e+02	1.4611300477e-02	-8.1170785202e-03	6.0771066837e-05	3.6948960517e-05
3.7500000000e+02	1.4648252191e-02	-8.1778989425e-03	6.0869736357e-05	3.6954461240e-05
3.7600000000e+02	1.4685209385e-02	-8.2388179102e-03	6.0968157701e-05	3.6959919232e-05
3.7700000000e+02	1.4722172016e-02	-8.2998351756e-03	6.1066332073e-05	3.6965334932e-05
3.7800000000e+02	1.4759140041e-02	-8.3609504924e-03	6.1164260671e-05	3.6970708774e-05
3.7900000000e+02	1.4796113420e-02	-8.4221636154e-03	6.1261944683e-05	3.6976041185e-05
3.8000000000e+02	1.4833092110e-02	-8.4834743006e-03	6.1359385291e-05	3.6981332587e-05
3.8100000000e+02	1.4870076071e-02	-8.5448823053e-03	6.1456583665e-05	3.6986583397e-05
3.8200000000e+02	1.4907065263e-02	-8.6063873876e-03	6.1553540971e-05	3.6991794026e-05
3.8300000000e+02	1.4944059646e-02	-8.6679893072e-03	6.1650258363e-05	3.6996964880e-05
3.8400000000e+02	1.4981059180e-02	-8.7296878248e-03	6.1746736991e-05	3.7002096362e-05
3.8500000000e+02	1.5018063826e-02	-8.7914827020e-03	6.1842977994e-05	3.7007188866e-05
3.8600000000e+02	1.5055073545e-02	-8.8533737019e-03	6.1938982504e-05	3.7012242784e-05
3.8700000000e+02	1.5092088299e-02	-8.9153605886e-03	6.2034751646e-05	3.7017258504e-05
3.8800000000e+02	1.5129108049e-02	-8.9774431271e-03	6.2130286537e-05	3.7022236405e-05
3.8900000000e+02	1.5166132759e-02	-9.0396210839e-03	6.2225588285e-05	3.7027176866e-05
3.9000000000e+02	1.5203162390e-02	-9.1018942263e-03	6.2320657992e-05	3.7032080259e-05
3.9100000000e+02	1.5240196907e-02	-9.1642623229e-03	6.2415496752e-05	3.7036946950e-05
3.9200000000e+02	1.5277236272e-02	-9.2267251432e-03	6.2510105652e-05	3.7041777304e-05
3.9300000000e+02	1.5314280450e-02	-9.2892824580e-03	6.2604485770e-05	3.7046571678e-05
3.9400000000e+02	1.5351329404e-02	-9.3519340389e-03	6.2698638179e-05	3.7051330428e-05
3.9500000000e+02	1.5388383099e-02	-9.4146796588e-03	6.2792563943e-05	3.7056053904e-05
3.9600000000e+02	1.5425441500e-02	-9.4775190916e-03	6.2886264120e-05	3.7060742450e-05
3.9700000000e+02	1.5462504572e-02	-9.5404521122e-03	6.2979739759e-05	3.7065396409e-05
3.9800000000e+02	1.5499572281e-02	-9.6034784966e-03	6.3072991904e-05	3.7070016117e-05
3.9900000000e+02	1.5536644593e-02	-9.6665980218e-03	6.3166021591e-05	3.7074601909e-05
4.0000000000e+02	1.5573721474e-02	-9.7298104660e-03	6.3258829850e-05	3.7079154113e-05
4.0100000000e+02	1.5610802890e-02	-9.7931156081e-03	6.3351417702e-05	3.7083673055e-05
4.0200000000e+02	1.5647888809e-02	-9.8565132282e-03	6.3443786162e-05	3.7088159056e-05
4.0300000000e+02	1.5684979198e-02	-9.9200031076e-03	6.3535936241e-05	3.7092612434e-05
4.0400000000e+02	1.5722074023e-02	-9.9835850282e-03	6.3627868939e-05	3.7097033502e-05
4.0500000000e+02	1.5759173254e-02	-1.0047258773e-02	6.3719585252e-05	3.7101422571e-05
4.0600000000e+02	1.5796276858e-02	-1.0111024127e-02	6.3811086169e-05	3.7105779946e-05
4.0700000000e+02	1.5833384803e-02	-1.0174880874e-02	6.3902372672e-05	3.7110105932e-05
4.0800000000e+02	1.5870497059e-02	-1.0238828801e-02	6.3993445736e-05	3.7114400826e-05
4.0900000000e+02	1.5907613595e-02	-1.0302867695e-02	6.4084306331e-05	3.7118664924e-05
4.1000000000e+02	1.5944734379e-02	-1.0366997343e-02	6.4174955420e-05	3.7122898518e-05
4.1100000000e+02	1.5981859382e-02	-1.0431217536e-02	6.4265393959e-05	3.7127101898e-05
4.1200000000e+02	1.6018988573e-02	-1.0495528061e-02	6.4355622898e-05	3.7131275348e-05
4.1300000000e+02	1.6056121922e-02	-1.0559928712e-02	6.4445643182e-05	3.7135419150e-05
4.1400000000e+02	1.6093259401e-02	-1.0624419278e-02	6.4535455748e-05	3.7139533583e-05
4.1500000000e+02	1.6130400980e-02	-1.0688999554e-02	6.4625061528e-05	3.7143618922e-05
4.1600000000e+02	1.6167546630e-02	-1.0753669333e-02	6.4714461448e-05	3.7147675440e-05
4.1700000000e+02	1.6204696321e-02	-1.0818428409e-02	6.4803656427e-05	3.7151703405e-05
4.1800000000e+02	1.6241850027e-02	-1.0883276578e-02	6.4892647380e-05	3.7155703084e-05
4.1900000000e+02	1.6279007718e-02	-1.0948213636e-02	6.4981435213e-05	3.7159674738e-05
4.2000000000e+02	1.6316169367e-02	-1.1013239381e-02	6.5070020828e-05	3.7163618629e-05
4.2100000000e+02	1.6353334946e-02	-1.1078353611e-02	6.5158405123e-05	3.7167535013e-05
4.2200000000e+02	1.6390504428e-02	-1.1143556124e-02	6.5246588986e-05	3.7171424144e-05
4.2300000000e+02	1.6427677785e-02	-1.1208846722e-02	6.5334573304e-05	3.7175286272e-05
4.2400000000e+02	1.6464854992e-02	-1.1274225205e-02	6.5422358953e-05	3.7179121647e-05
4.2500000000e+02	1.6502036020e-02	-1.1339691374e-02	6.5509946809e-05	3.7182930512e-05
4.2600000000e+02	1.6539220844e-02	-1.1405245033e-02	6.5597337738e-05	3.7186713111e-05
4.2700000000e+02	1.6576409437e-02	-1.1470885984e-02	6.5684532603e-05	3.7190469684e-05
4.2800000000e+02	1.6613601775e-02	-1.1536614033e-02	6.5771532260e-05	3.7194200467e-05
4.2900000000e+02	1.6650797830e-02	-1.1602428984e-02	6.5858337561e-05	3.7197905694e-05
4.3000000000e+02	1.6687997578e-02	-1.1668330643e-02	6.5944949351e-05	3.7201585598e-05
4.3100000000e+02	1.6725200993e-02	-1.1734318818e-02	6.6031368471e-05	3.7205240408e-05
4.3200000000e+02	1.6762408050e-02	-1.1800393316e-02	6.6117595756e-05	3.7208870350e-05
4.3300000000e+02	1.6799618725e-02	-1.1866553946e-02	6.6203632035e-05	3.7212475648e-05
4.3400000000e+02	1.6836832993e-02	-1.1932800517e-02	6.6289478134e-05	3.7216056523e-05
4.3500000000e+02	1.6874050830e-02	-1.1999132839e-02	6.6375134872e-05	3.7219613195e-05
4.3600000000e+02	1.6911272212e-02	-1.2065550724e-02	6.6460603063e-05	3.7223145880e-05
4.3700000000e+02	1.6948497114e-02	-1.2132053983e-02	6.6545883517e-05	3.7226654792e-05
4.3800000000e+02	1.6985725513e-02	-1.2198642429e-02	6.6630977037e-05	3.7230140144e-05
4.3900000000e+02	1.7022957387e-02	-1.2265315875e-02	6.6715884422e-05	3.7233602144e-05
4.4000000000e+02	1.7060192710e-02	-1.2332074136e-02	6.6800606468e-05	3.7237041000e-05
4.4100000000e+02	1.7097431461e-02	-1.2398917026e-02	6.6885143962e-05	3.7240456916e-05
4.4200000000e+02	1.7134673616e-02	-1.2465844362e-02	6.6969497689e-05	3.7243850096e-05
4.4300000000e+02	1.7171919154e-02	-1.2532855961e-02	6.7053668429e-05	3.7247220739e-05
4.4400000000e+02	1.7209168050e-02	-1.2599951638e-02	6.7137656957e-05	3.7250569044e-05
4.4500000000e+02	1.7246420284e-02	-1.2667131214e-02	6.7221464041e-05	3.7253895206e-05
4.4600000000e+02	1.7283675833e-02	-1.2734394506e-02	6.7305090448e-05	3.7257199421e-05
4.4700000000e+02	1.7320934676e-02	-1.2801741335e-02	6.7388536937e-05	3.7260481879e-05
4.4800000000e+02	1.7358196790e-02	-1.2869171520e-02	6.7471804264e-05	3.7263742770e-05
4.4900000000e+02	1.7395462154e-02	-1.2936684884e-02	6.7554893181e-05	3.7266982282e-05
4.5000000000e+02	1.7432730747e-02	-1.3004281248e-02	6.7637804434e-05	3.7270200601e-05
4.5100000000e+02	1.7470002548e-02	-1.3071960434e-02	6.7720538764e-05	3.7273397910e-05
4.5200000000e+02	1.7507277536e-02	-1.3139722266e-02	6.7803096909e-05	3.7276574390e-05
4.5300000000e+02	1.7544555690e-02	-1.3207566569e-02	6.7885479602e-05	3.7279730222e-05
4.5400000000e+02	1.7581836990e-02	-1.3275493167e-02	6.7967687571e-05	3.7282865584e-05
4.5500000000e+02	1.7619121415e-02	-1.3343501886e-02	6.8049721541e-05	3.7285980650e-05
4.5600000000e+02	1.7656408945e-02	-1.3411592553e-02	6.8131582231e-05	3.7289075596e-05
4.5700000000e+02	1.7693699559e-02	-1.3479764993e-02	6.8213270356e-05	3.7292150593e-05
4.5800000000e+02	1.7730993239e-02	-1.3548019036e-02	6.8294786627e-05	3.7295205812e-05
4.5900000000e+02	1.7768289964e-02	-1.3616354510e-02	6.8376131752e-05	3.7298241421e-05
4.6000000000e+02	1.7805589716e-02	-1.3684771243e-02	6.8457306431e-05	3.7301257587e-05
4.6100000000e+02	1.7842892473e-02	-1.3753269066e-02	6.8538311364e-05	3.7304254474e-05
4.6200000000e+02	1.7880198218e-02	-1.3821847809e-02	6.8619147245e-05	3.7307232247e-05
4.6300000000e+02	1.7917506931e-02	-1.3890507304e-02	6.8699814764e-05	3.7310191067e-05
4.6400000000e+02	1.7954818594e-02	-1.3959247383e-02	6.8780314605e-05	3.7313131092e-05
4.6500000000e+02	1.7992133187e-02	-1.4028067878e-02	6.8860647452e-05	3.7316052483e-05
4.6600000000e+02	1.8029450693e-02	-1.4096968622e-02	6.8940813981e-05	3.7318955395e-05
4.6700000000e+02	1.8066771092e-02	-1.4165949451e-02	6.9020814866e-05	3.7321839982e-05
4.6800000000e+02	1.8104094367e-02	-1.4235010197e-02	6.9100650777e-05	3.7324706399e-05
4.6900000000e+02	1.8141420499e-02	-1.4304150697e-02	6.9180322380e-05	3.7327554796e-05
4.7000000000e+02	1.8178749470e-02	-1.4373370787e-02	6.9259830335e-05	3.7330385325e-05
4.7100000000e+02	1.8216081264e-02	-1.4442670304e-02	6.9339175302e-05	3.7333198133e-05
4.7200000000e+02	1.8253415861e-02	-1.4512049084e-02	6.9418357933e-05	3.7335993368e-05
4.7300000000e+02	1.8290753244e-02	-1.4581506966e-02	6.9497378880e-05	3.7338771174e-05
4.7400000000e+02	1.8328093397e-02	-1.4651043788e-02	6.9576238787e-05	3.7341531697e-05
4.7500000000e+02	1.8365436302e-02	-1.4720659390e-02	6.9654938299e-05	3.7344275078e-05
4.7600000000e+02	1.8402781942e-02	-1.4790353611e-02	6.9733478053e-05	3.7347001459e-05
4.7700000000e+02	1.8440130299e-02	-1.4860126293e-02	6.9811858684e-05	3.7349710978e-05
4.7800000000e+02	1.8477481358e-02	-1.4929977276e-02	6.9890080824e-05	3.7352403776e-05
4.7900000000e+02	1.8514835101e-02	-1.4999906402e-02	6.9968145101e-05	3.7355079987e-05
4.8000000000e+02	1.8552191513e-02	-1.5069913514e-02	7.0046052138e-05	3.7357739748e-05
4.8100000000e+02	1.8589550576e-02	-1.5139998454e-02	7.0123802556e-05	3.7360383192e-05
4.8200000000e+02	1.8626912274e-02	-1.5210161067e-02	7.0201396972e-05	3.7363010452e-05
4.8300000000e+02	1.8664276591e-02	-1.5280401196e-02	7.0278835998e-05	3.7365621660e-05
4.8400000000e+02	1.8701643512e-02	-1.5350718687e-02	7.0356120245e-05	3.7368216946e-05
4.8500000000e+02	1.8739013020e-02	-1.5421113385e-02	7.0433250319e-05	3.7370796438e-05
4.8600000000e+02	1.8776385099e-02	-1.5491585136e-02	7.0510226823e-05	3.7373360263e-05
4.8700000000e+02	1.8813759735e-02	-1.5562133788e-02	7.0587050355e-05	3.7375908548e-05
4.8800000000e+02	1.8851136911e-02	-1.5632759186e-02	7.0663721512e-05	3.7378441417e-05
4.8900000000e+02	1.8888516613e-02	-1.5703461180e-02	7.0740240885e-05	3.7380958995e-05
4.9000000000e+02	1.8925898824e-02	-1.5774239618e-02	7.0816609065e-05	3.7383461403e-05
4.9100000000e+02	1.8963283531e-02	-1.5845094348e-02	7.0892826637e-05	3.7385948764e-05
4.9200000000e+02	1.9000670717e-02	-1.5916025221e-02	7.0968894183e-05	3.7388421195e-05
4.9300000000e+02	1.9038060368e-02	-1.5987032087e-02	7.1044812281e-05	3.7390878817e-05
4.9400000000e+02	1.9075452470e-02	-1.6058114796e-02	7.1120581509e-05	3.7393321748e-05
4.9500000000e+02	1.9112847007e-02	-1.6129273200e-02	7.1196202438e-05	3.7395750102e-05
4.9600000000e+02	1.9150243965e-02	-1.6200507152e-02	7.1271675638e-05	3.7398163997e-05
4.9700000000e+02	1.9187643330e-02	-1.6271816502e-02	7.1347001675e-05	3.7400563545e-05
4.9800000000e+02	1.9225045087e-02	-1.6343201106e-02	7.1422181111e-05	3.7402948861e-05
4.9900000000e+02	1.9262449223e-02	-1.6414660816e-02	7.1497214507e-05	3.7405320055e-05
5.0000000000e+02	1.9299855723e-02	-1.6486195487e-02	7.1572102419e-05	3.7407677239e-05
5.0100000000e+02	1.9337264573e-02	-1.6557804973e-02	7.1646845400e-05	3.7410020523e-05
5.0200000000e+02	1.9374675759e-02	-1.6629489129e-02	7.1721444001e-05	3.7412350014e-05
5.0300000000e+02	1.9412089268e-02	-1.6701247813e-02	7.1795898769e-05	3.7414665822e-05
5.0400000000e+02	1.9449505086e-02	-1.6773080879e-02	7.1870210249e-05	3.7416968052e-05
5.0500000000e+02	1.9486923200e-02	-1.6844988186e-02	7.1944378981e-05	3.7419256810e-05
5.0600000000e+02	1.9524343595e-02	-1.6916969590e-02	7.2018405504e-05	3.7421532200e-05
5.0700000000e+02	1.9561766260e-02	-1.6989024949e-02	7.2092290353e-05	3.7423794326e-05
5.0800000000e+02	1.9599191180e-02	-1.7061154123e-02	7.2166034061e-05	3.7426043291e-05
5.0900000000e+02	1.9636618342e-02	-1.7133356971e-02	7.2239637156e-05	3.7428279196e-05
5.1000000000e+02	1.9674047734e-02	-1.7205633351e-02	7.2313100166e-05	3.7430502142e-05
5.1100000000e+02	1.9711479342e-02	-1.7277983124e-02	7.2386423613e-05	3.7432712228e-05
5.1200000000e+02	1.9748913154e-02	-1.7350406152e-02	7.2459608019e-05	3.7434909552e-05
5.1300000000e+02	1.9786349157e-02	-1.7422902294e-02	7.2532653901e-05	3.7437094214e-05
5.1400000000e+02	1.9823787338e-02	-1.7495471414e-02	7.2605561774e-05	3.7439266309e-05
5.1500000000e+02	1.9861227685e-02	-1.7568113372e-02	7.2678332150e-05	3.7441425933e-05
5.1600000000e+02	1.9898670186e-02	-1.7640828032e-02	7.2750965539e-05	3.7443573181e-05
5.1700000000e+02	1.9936114828e-02	-1.7713615258e-02	7.2823462447e-05	3.7445708148e-05
5.1800000000e+02	1.9973561598e-02	-1.7786474912e-02	7.2895823378e-05	3.7447830926e-05
5.1900000000e+02	2.0011010485e-02	-1.7859406859e-02	7.2968048834e-05	3.7449941607e-05
5.2000000000e+02	2.0048461477e-02	-1.7932410964e-02	7.3040139311e-05	3.7452040284e-05
5.2100000000e+02	2.0085914562e-02	-1.8005487093e-02	7.3112095307e-05	3.7454127047e-05
5.2200000000e+02	2.0123369728e-02	-1.8078635110e-02	7.3183917314e-05	3.7456201985e-05
5.2300000000e+02	2.0160826962e-02	-1.8151854883e-02	7.3255605823e-05	3.7458265187e-05
5.2400000000e+02	2.0198286254e-02	-1.8225146278e-02	7.3327161320e-05	3.7460316742e-05
5.2500000000e+02	2.0235747592e-02	-1.8298509162e-02	7.3398584292e-05	3.7462356736e-05
5.2600000000e+02	2.0273210964e-02	-1.8371943402e-02	7.3469875220e-05	3.7464385256e-05
5.2700000000e+02	2.0310676358e-02	-1.8445448868e-02	7.3541034586e-05	3.7466402388e-05
5.2800000000e+02	2.0348143765e-02	-1.8519025428e-02	7.3612062864e-05	3.7468408216e-05
5.2900000000e+02	2.0385613171e-02	-1.8592672950e-02	7.3682960532e-05	3.7470402825e-05
5.3000000000e+02	2.0423084567e-02	-1.8666391305e-02	7.3753728060e-05	3.7472386297e-05
5.3100000000e+02	2.0460557940e-02	-1.8740180363e-02	7.3824365920e-05	3.7474358716e-05
5.3200000000e+02	2.0498033280e-02	-1.8814039994e-02	7.3894874576e-05	3.7476320162e-05
5.3300000000e+02	2.0535510577e-02	-1.8887970069e-02	7.3965254496e-05	3.7478270717e-05
5.3400000000e+02	2.0572989818e-02	-1.8961970460e-02	7.4035506140e-05	3.7480210461e-05
5.3500000000e+02	2.0610470994e-02	-1.9036041039e-02	7.4105629969e-05	3.7482139474e-05
5.3600000000e+02	2.0647954094e-02	-1.9110181678e-02	7.4175626439e-05	3.7484057834e-05
5.3700000000e+02	2.0685439106e-02	-1.9184392250e-02	7.4245496007e-05	3.7485965619e-05
5.3800000000e+02	2.0722926021e-02	-1.9258672628e-02	7.4315239125e-05	3.7487862907e-05
5.3900000000e+02	2.0760414829e-02	-1.9333022686e-02	7.4384856242e-05	3.7489749774e-05
5.4000000000e+02	2.0797905517e-02	-1.9407442298e-02	7.4454347807e-05	3.7491626297e-05
5.4100000000e+02	2.0835398078e-02	-1.9481931340e-02	7.4523714265e-05	3.7493492550e-05
5.4200000000e+02	2.0872892499e-02	-1.9556489685e-02	7.4592956060e-05	3.7495348608e-05
5.4300000000e+02	2.0910388772e-02	-1.9631117211e-02	7.4662073632e-05	3.7497194545e-05
5.4400000000e+02	2.0947886885e-02	-1.9705813791e-02	7.4731067420e-05	3.7499030435e-05
5.4500000000e+02	2.0985386829e-02	-1.9780579304e-02	7.4799937860e-05	3.7500856349e-05
5.4600000000e+02	2.1022888594e-02	-1.9855413626e-02	7.4868685385e-05	3.7502672359e-05
5.4700000000e+02	2.1060392171e-02	-1.9930316634e-02	7.4937310429e-05	3.7504478538e-05
5.4800000000e+02	2.1097897548e-02	-2.0005288206e-02	7.5005813421e-05	3.7506274955e-05
5.4900000000e+02	2.1135404717e-02	-2.0080328221e-02	7.5074194787e-05	3.7508061681e-05
5.5000000000e+02	2.1172913668e-02	-2.0155436555e-02	7.5142454952e-05	3.7509838785e-05
5.5100000000e+02	2.1210424392e-02	-2.0230613090e-02	7.5210594341e-05	3.7511606335e-05
5.5200000000e+02	2.1247936878e-02	-2.0305857704e-02	7.5278613373e-05	3.7513364401e-05
5.5300000000e+02	2.1285451117e-02	-2.0381170277e-02	7.5346512467e-05	3.7515113048e-05
5.5400000000e+02	2.1322967101e-02	-2.0456550689e-02	7.5414292040e-05	3.7516852345e-05
5.5500000000e+02	2.1360484819e-02	-2.0531998821e-02	7.5481952505e-05	3.7518582358e-05
5.5600000000e+02	2.1398004262e-02	-2.0607514555e-02	7.5549494275e-05	3.7520303152e-05
5.5700000000e+02	2.1435525422e-02	-2.0683097770e-02	7.5616917761e-05	3.7522014793e-05
5.5800000000e+02	2.1473048289e-02	-2.0758748351e-02	7.5684223369e-05	3.7523717345e-05
5.5900000000e+02	2.1510572854e-02	-2.0834466178e-02	7.5751411506e-05	3.7525410872e-05
5.6000000000e+02	2.1548099108e-02	-2.0910251135e-02	7.5818482576e-05	3.7527095439e-05
5.6100000000e+02	2.1585627042e-02	-2.0986103104e-02	7.5885436980e-05	3.7528771107e-05
5.6200000000e+02	2.1623156647e-02	-2.1062021970e-02	7.5952275119e-05	3.7530437939e-05
5.6300000000e+02	2.1660687915e-02	-2.1138007616e-02	7.6018997390e-05	3.7532095997e-05
5.6400000000e+02	2.1698220836e-02	-2.1214059926e-02	7.6085604189e-05	3.7533745342e-05
5.6500000000e+02	2.1735755402e-02	-2.1290178786e-02	7.6152095909e-05	3.7535386035e-05
5.6600000000e+02	2.1773291605e-02	-2.1366364080e-02	7.6218472942e-05	3.7537018137e-05
5.6700000000e+02	2.1810829436e-02	-2.1442615694e-02	7.6284735678e-05	3.7538641706e-05
5.6800000000e+02	2.1848368886e-02	-2.1518933513e-02	7.6350884506e-05	3.7540256802e-05
5.6900000000e+02	2.1885909947e-02	-2.1595317425e-02	7.6416919810e-05	3.7541863485e-05
5.7000000000e+02	2.1923452610e-02	-2.1671767315e-02	7.6482841974e-05	3.7543461811e-05
5.7100000000e+02	2.1960996868e-02	-2.1748283071e-02	7.6548651381e-05	3.7545051839e-05
5.7200000000e+02	2.1998542711e-02	-2.1824864580e-02	7.6614348412e-05	3.7546633626e-05
5.7300000000e+02	2.2036090132e-02	-2.1901511731e-02	7.6679933443e-05	3.7548207229e-05
5.7400000000e+02	2.2073639123e-02	-2.1978224410e-02	7.6745406852e-05	3.7549772703e-05
5.7500000000e+02	2.2111189675e-02	-2.2055002507e-02	7.6810769012e-05	3.7551330105e-05
5.7600000000e+02	2.2148741780e-02	-2.2131845911e-02	7.6876020298e-05	3.7552879490e-05
5.7700000000e+02	2.2186295431e-02	-2.2208754511e-02	7.6941161078e-05	3.7554420912e-05
5.7800000000e+02	2.2223850619e-02	-2.2285728197e-02	7.7006191723e-05	3.7555954426e-05
5.7900000000e+02	2.2261407337e-02	-2.2362766858e-02	7.7071112600e-05	3.7557480086e-05
5.8000000000e+02	2.2298965577e-02	-2.2439870385e-02	7.7135924073e-05	3.7558997945e-05
5.8100000000e+02	2.2336525331e-02	-2.2517038670e-02	7.7200626507e-05	3.7560508056e-05
5.8200000000e+02	2.2374086591e-02	-2.2594271602e-02	7.7265220263e-05	3.7562010472e-05
5.8300000000e+02	2.2411649349e-02	-2.2671569074e-02	7.7329705700e-05	3.7563505244e-05
5.8400000000e+02	2.2449213599e-02	-2.2748930978e-02	7.7394083178e-05	3.7564992425e-05
5.8500000000e+02	2.2486779331e-02	-2.2826357205e-02	7.7458353053e-05	3.7566472065e-05
5.8600000000e+02	2.2524346540e-02	-2.2903847648e-02	7.7522515679e-05	3.7567944215e-05
5.8700000000e+02	2.2561915217e-02	-2.2981402200e-02	7.7586571410e-05	3.7569408926e-05
5.8800000000e+02	2.2599485356e-02	-2.3059020755e-02	7.7650520597e-05	3.7570866247e-05
5.8900000000e+02	2.2637056947e-02	-2.3136703206e-02	7.7714363589e-05	3.7572316229e-05
5.9000000000e+02	2.2674629986e-02	-2.3214449447e-02	7.7778100734e-05	3.7573758919e-05
5.9100000000e+02	2.2712204463e-02	-2.3292259373e-02	7.7841732378e-05	3.7575194367e-05
5.9200000000e+02	2.2749780372e-02	-2.3370132877e-02	7.7905258866e-05	3.7576622621e-05
5.9300000000e+02	2.2787357706e-02	-2.3448069855e-02	7.7968680541e-05	3.7578043728e-05
5.9400000000e+02	2.2824936457e-02	-2.3526070203e-02	7.8031997744e-05	3.7579457737e-05
5.9500000000e+02	2.2862516619e-02	-2.3604133816e-02	7.8095210815e-05	3.7580864695e-05
5.9600000000e+02	2.2900098184e-02	-2.3682260590e-02	7.8158320091e-05	3.7582264647e-05
5.9700000000e+02	2.2937681146e-02	-2.3760450422e-02	7.8221325909e-05	3.7583657641e-05
5.9800000000e+02	2.2975265497e-02	-2.3838703208e-02	7.8284228603e-05	3.7585043722e-05
5.9900000000e+02	2.3012851231e-02	-2.3917018845e-02	7.8347028507e-05	3.7586422936e-05
6.0000000000e+02	2.3050438341e-02	-2.3995397230e-02	7.8409725952e-05	3.7587795328e-05
6.0100000000e+02	2.3088026819e-02	-2.4073838263e-02	7.8472321268e-05	3.7589160943e-05
6.0200000000e+02	2.3125616660e-02	-2.4152341839e-02	7.8534814783e-05	3.7590519826e-05
6.0300000000e+02	2.3163207857e-02	-2.4230907858e-02	7.8597206824e-05	3.7591872019e-05
6.0400000000e+02	2.3200800402e-02	-2.4309536219e-02	7.8659497717e-05	3.7593217568e-05
6.0500000000e+02	2.3238394290e-02	-2.4388226820e-02	7.8721687785e-05	3.7594556515e-05
6.0600000000e+02	2.3275989513e-02	-2.4466979561e-02	7.8783777350e-05	3.7595888903e-05
6.0700000000e+02	2.3313586065e-02	-2.4545794341e-02	7.8845766733e-05	3.7597214776e-05
6.0800000000e+02	2.3351183940e-02	-2.4624671061e-02	7.8907656253e-05	3.7598534175e-05
6.0900000000e+02	2.3388783132e-02	-2.4703609621e-02	7.8969446227e-05	3.7599847142e-05
6.1000000000e+02	2.3426383633e-02	-2.4782609921e-02	7.9031136972e-05	3.7601153719e-05
6.1100000000e+02	2.3463985437e-02	-2.4861671862e-02	7.9092728803e-05	3.7602453948e-05
6.1200000000e+02	2.3501588538e-02	-2.4940795345e-02	7.9154222032e-05	3.7603747869e-05
6.1300000000e+02	2.3539192931e-02	-2.5019980273e-02	7.9215616972e-05	3.7605035522e-05
6.1400000000e+02	2.3576798607e-02	-2.5099226547e-02	7.9276913931e-05	3.7606316949e-05
6.1500000000e+02	2.3614405562e-02	-2.5178534068e-02	7.9338113221e-05	3.7607592190e-05
6.1600000000e+02	2.3652013790e-02	-2.5257902741e-02	7.9399215147e-05	3.7608861283e-05
6.1700000000e+02	2.3689623283e-02	-2.5337332466e-02	7.9460220015e-05	3.7610124268e-05
6.1800000000e+02	2.3727234036e-02	-2.5416823148e-02	7.9521128130e-05	3.7611381185e-05
6.1900000000e+02	2.3764846043e-02	-2.5496374690e-02	7.9581939796e-05	3.7612632071e-05
6.2000000000e+02	2.3802459298e-02	-2.5575986996e-02	7.9642655313e-05	3.7613876966e-05
6.2100000000e+02	2.3840073795e-02	-2.5655659969e-02	7.9703274983e-05	3.7615115907e-05
6.2200000000e+02	2.3877689528e-02	-2.5735393514e-02	7.9763799103e-05	3.7616348933e-05
6.2300000000e+02	2.3915306491e-02	-2.5815187536e-02	7.9824227972e-05	3.7617576081e-05
6.2400000000e+02	2.3952924678e-02	-2.5895041938e-02	7.9884561886e-05	3.7618797388e-05
6.2500000000e+02	2.3990544084e-02	-2.5974956628e-02	7.9944801139e-05	3.7620012890e-05
6.2600000000e+02	2.4028164702e-02	-2.6054931509e-02	8.0004946025e-05	3.7621222626e-05
6.2700000000e+02	2.4065786527e-02	-2.6134966488e-02	8.0064996835e-05	3.7622426630e-05
6.2800000000e+02	2.4103409554e-02	-2.6215061472e-02	8.0124953862e-05	3.7623624939e-05
6.2900000000e+02	2.4141033775e-02	-2.6295216365e-02	8.0184817393e-05	3.7624817589e-05
6.3000000000e+02	2.4178659187e-02	-2.6375431075e-02	8.0244587718e-05	3.7626004616e-05
6.3100000000e+02	2.4216285783e-02	-2.6455705509e-02	8.0304265122e-05	3.7627186054e-05
6.3200000000e+02	2.4253913557e-02	-2.6536039575e-02	8.0363849892e-05	3.7628361938e-05
6.3300000000e+02	2.4291542505e-02	-2.6616433178e-02	8.0423342311e-05	3.7629532303e-05
6.3400000000e+02	2.4329172620e-02	-2.6696886229e-02	8.0482742663e-05	3.7630697184e-05
6.3500000000e+02	2.4366803897e-02	-2.6777398633e-02	8.0542051229e-05	3.7631856615e-05
6.3600000000e+02	2.4404436331e-02	-2.6857970301e-02	8.0601268289e-05	3.7633010630e-05
6.3700000000e+02	2.4442069917e-02	-2.6938601139e-02	8.0660394123e-05	3.7634159261e-05
6.3800000000e+02	2.4479704648e-02	-2.7019291059e-02	8.0719429007e-05	3.7635302543e-05
6.3900000000e+02	2.4517340520e-02	-2.7100039967e-02	8.0778373219e-05	3.7636440509e-05
6.4000000000e+02	2.4554977527e-02	-2.7180847775e-02	8.0837227035e-05	3.7637573191e-05
6.4100000000e+02	2.4592615665e-02	-2.7261714391e-02	8.0895990727e-05	3.7638700622e-05
6.4200000000e+02	2.4630254927e-02	-2.7342639726e-02	8.0954664569e-05	3.7639822834e-05
6.4300000000e+02	2.4667895309e-02	-2.7423623690e-02	8.1013248832e-05	3.7640939860e-05
6.4400000000e+02	2.4705536805e-02	-2.7504666194e-02	8.1071743787e-05	3.7642051731e-05
6.4500000000e+02	2.4743179410e-02	-2.7585767148e-02	8.1130149703e-05	3.7643158479e-05
6.4600000000e+02	2.4780823120e-02	-2.7666926464e-02	8.1188466848e-05	3.7644260136e-05
6.4700000000e+02	2.4818467929e-02	-2.7748144053e-02	8.1246695489e-05	3.7645356731e-05
6.4800000000e+02	2.4856113832e-02	-2.7829419826e-02	8.1304835891e-05	3.7646448297e-05
6.4900000000e+02	2.4893760824e-02	-2.7910753695e-02	8.1362888319e-05	3.7647534864e-05
6.5000000000e+02	2.4931408900e-02	-2.7992145573e-02	8.1420853035e-05	3.7648616462e-05
6.5100000000e+02	2.4969058055e-02	-2.8073595372e-02	8.1478730303e-05	3.7649693122e-05
6.5200000000e+02	2.5006708285e-02	-2.8155103005e-02	8.1536520382e-05	3.7650764873e-05
6.5300000000e+02	2.5044359583e-02	-2.8236668384e-02	8.1594223533e-05	3.7651831746e-05
6.5400000000e+02	2.5082011946e-02	-2.8318291423e-02	8.1651840014e-05	3.7652893769e-05
6.5500000000e+02	2.5119665369e-02	-2.8399972035e-02	8.1709370083e-05	3.7653950972e-05
6.5600000000e+02	2.5157319847e-02	-2.8481710134e-02	8.1766813995e-05	3.7655003384e-05
6.5700000000e+02	2.5194975374e-02	-2.8563505634e-02	8.1824172007e-05	3.7656051033e-05
6.5800000000e+02	2.5232631947e-02	-2.8645358450e-02	8.1881444372e-05	3.7657093950e-05
6.5900000000e+02	2.5270289561e-02	-2.8727268495e-02	8.1938631343e-05	3.7658132161e-05
6.6000000000e+02	2.5307948210e-02	-2.8809235684e-02	8.1995733173e-05	3.7659165696e-05
6.6100000000e+02	2.5345607891e-02	-2.8891259933e-02	8.2052750111e-05	3.7660194581e-05
6.6200000000e+02	2.5383268598e-02	-2.8973341156e-02	8.2109682407e-05	3.7661218846e-05
6.6300000000e+02	2.5420930327e-02	-2.9055479269e-02	8.2166530311e-05	3.7662238516e-05
6.6400000000e+02	2.5458593073e-02	-2.9137674189e-02	8.2223294069e-05	3.7663253621e-05
6.6500000000e+02	2.5496256832e-02	-2.9219925829e-02	8.2279973928e-05	3.7664264187e-05
6.6600000000e+02	2.5533921600e-02	-2.9302234108e-02	8.2336570133e-05	3.7665270241e-05
6.6700000000e+02	2.5571587371e-02	-2.9384598942e-02	8.2393082929e-05	3.7666271809e-05
6.6800000000e+02	2.5609254142e-02	-2.9467020247e-02	8.2449512558e-05	3.7667268919e-05
6.6900000000e+02	2.5646921908e-02	-2.9549497939e-02	8.2505859263e-05	3.7668261596e-05
6.7000000000e+02	2.5684590664e-02	-2.9632031938e-02	8.2562123286e-05	3.7669249867e-05
6.7100000000e+02	2.5722260406e-02	-2.9714622159e-02	8.2618304865e-05	3.7670233759e-05
6.7200000000e+02	2.5759931130e-02	-2.9797268520e-02	8.2674404241e-05	3.7671213295e-05
6.7300000000e+02	2.5797602831e-02	-2.9879970940e-02	8.2730421651e-05	3.7672188503e-05
6.7400000000e+02	2.5835275506e-02	-2.9962729336e-02	8.2786357332e-05	3.7673159408e-05
6.7500000000e+02	2.5872949149e-02	-3.0045543627e-02	8.2842211520e-05	3.7674126035e-05
6.7600000000e+02	2.5910623756e-02	-3.0128413732e-02	8.2897984450e-05	3.7675088408e-05
6.7700000000e+02	2.5948299324e-02	-3.0211339569e-02	8.2953676356e-05	3.7676046553e-05
6.7800000000e+02	2.5985975848e-02	-3.0294321058e-02	8.3009287471e-05	3.7677000495e-05
6.7900000000e+02	2.6023653324e-02	-3.0377358117e-02	8.3064818028e-05	3.7677950258e-05
6.8000000000e+02	2.6061331747e-02	-3.0460450667e-02	8.3120268256e-05	3.7678895866e-05
6.8100000000e+02	2.6099011114e-02	-3.0543598627e-02	8.3175638386e-05	3.7679837343e-05
6.8200000000e+02	2.6136691420e-02	-3.0626801917e-02	8.3230928647e-05	3.7680774714e-05
6.8300000000e+02	2.6174372662e-02	-3.0710060458e-02	8.3286139268e-05	3.7681708003e-05
6.8400000000e+02	2.6212054835e-02	-3.0793374169e-02	8.3341270474e-05	3.7682637232e-05
6.8500000000e+02	2.6249737935e-02	-3.0876742972e-02	8.3396322493e-05	3.7683562425e-05
6.8600000000e+02	2.6287421958e-02	-3.0960166788e-02	8.3451295549e-05	3.7684483606e-05
6.8700000000e+02	2.6325106901e-02	-3.1043645537e-02	8.3506189866e-05	3.7685400798e-05
6.8800000000e+02	2.6362792759e-02	-3.1127179141e-02	8.3561005669e-05	3.7686314023e-05
6.8900000000e+02	2.6400479528e-02	-3.1210767522e-02	8.3615743179e-05	3.7687223305e-05
6.9000000000e+02	2.6438167204e-02	-3.1294410602e-02	8.3670402617e-05	3.7688128667e-05
6.9100000000e+02	2.6475855784e-02	-3.1378108302e-02	8.3724984205e-05	3.7689030129e-05
6.9200000000e+02	2.6513545263e-02	-3.1461860544e-02	8.3779488161e-05	3.7689927716e-05
6.9300000000e+02	2.6551235638e-02	-3.1545667252e-02	8.3833914704e-05	3.7690821449e-05
6.9400000000e+02	2.6588926905e-02	-3.1629528348e-02	8.3888264053e-05	3.7691711349e-05
6.9500000000e+02	2.6626619059e-02	-3.1713443755e-02	8.3942536423e-05	3.7692597440e-05
6.9600000000e+02	2.6664312098e-02	-3.1797413395e-02	8.3996732031e-05	3.7693479742e-05
6.9700000000e+02	2.6702006018e-02	-3.1881437193e-02	8.4050851091e-05	3.7694358277e-05
6.9800000000e+02	2.6739700814e-02	-3.1965515072e-02	8.4104893819e-05	3.7695233067e-05
6.9900000000e+02	2.6777396482e-02	-3.2049646955e-02	8.4158860426e-05	3.7696104132e-05
7.0000000000e+02	2.6815093021e-02	-3.2133832768e-02	8.4212751126e-05	3.7696971494e-05
7.0100000000e+02	2.6852790424e-02	-3.2218072432e-02	8.4266566129e-05	3.7697835174e-05
7.0200000000e+02	2.6890488690e-02	-3.2302365875e-02	8.4320305647e-05	3.7698695192e-05
7.0300000000e+02	2.6928187813e-02	-3.2386713019e-02	8.4373969889e-05	3.7699551570e-05
7.0400000000e+02	2.6965887792e-02	-3.2471113789e-02	8.4427559064e-05	3.7700404326e-05
7.0500000000e+02	2.7003588621e-02	-3.2555568112e-02	8.4481073380e-05	3.7701253483e-05
7.0600000000e+02	2.7041290297e-02	-3.2640075911e-02	8.4534513043e-05	3.7702099060e-05
7.0700000000e+02	2.7078992818e-02	-3.2724637113e-02	8.4587878261e-05	3.7702941077e-05
7.0800000000e+02	2.7116696178e-02	-3.2809251643e-02	8.4641169239e-05	3.7703779554e-05
7.0900000000e+02	2.7154400376e-02	-3.2893919427e-02	8.4694386181e-05	3.7704614511e-05
7.1000000000e+02	2.7192105406e-02	-3.2978640391e-02	8.4747529292e-05	3.7705445967e-05
7.1100000000e+02	2.7229811266e-02	-3.3063414461e-02	8.4800598773e-05	3.7706273943e-05
7.1200000000e+02	2.7267517953e-02	-3.3148241564e-02	8.4853594827e-05	3.7707098457e-05
7.1300000000e+02	2.7305225462e-02	-3.3233121626e-02	8.4906517656e-05	3.7707919528e-05
7.1400000000e+02	2.7342933791e-02	-3.3318054575e-02	8.4959367459e-05	3.7708737176e-05
7.1500000000e+02	2.7380642935e-02	-3.3403040337e-02	8.5012144437e-05	3.7709551420e-05
7.1600000000e+02	2.7418352893e-02	-3.3488078839e-02	8.5064848788e-05	3.7710362279e-05
7.1700000000e+02	2.7456063659e-02	-3.3573170010e-02	8.5117480710e-05	3.7711169770e-05
7.1800000000e+02	2.7493775231e-02	-3.3658313777e-02	8.5170040401e-05	3.7711973914e-05
7.1900000000e+02	2.7531487606e-02	-3.3743510067e-02	8.5222528057e-05	3.7712774727e-05
7.2000000000e+02	2.7569200779e-02	-3.3828758809e-02	8.5274943873e-05	3.7713572229e-05
7.2100000000e+02	2.7606914749e-02	-3.3914059931e-02	8.5327288044e-05	3.7714366439e-05
7.2200000000e+02	2.7644629511e-02	-3.3999413361e-02	8.5379560765e-05	3.7715157372e-05
7.2300000000e+02	2.7682345063e-02	-3.4084819029e-02	8.5431762229e-05	3.7715945049e-05
7.2400000000e+02	2.7720061400e-02	-3.4170276862e-02	8.5483892627e-05	3.7716729487e-05
7.2500000000e+02	2.7757778521e-02	-3.4255786790e-02	8.5535952153e-05	3.7717510702e-05
7.2600000000e+02	2.7795496421e-02	-3.4341348743e-02	8.5587940996e-05	3.7718288714e-05
7.2700000000e+02	2.7833215097e-02	-3.4426962649e-02	8.5639859348e-05	3.7719063539e-05
7.2800000000e+02	2.7870934547e-02	-3.4512628438e-02	8.5691707396e-05	3.7719835195e-05
7.2900000000e+02	2.7908654766e-02	-3.4598346040e-02	8.5743485331e-05	3.7720603699e-05
7.3000000000e+02	2.7946375753e-02	-3.4684115385e-02	8.5795193340e-05	3.7721369068e-05
7.3100000000e+02	2.7984097503e-02	-3.4769936404e-02	8.5846831610e-05	3.7722131319e-05
7.3200000000e+02	2.8021820015e-02	-3.4855809025e-02	8.5898400328e-05	3.7722890469e-05
7.3300000000e+02	2.8059543283e-02	-3.4941733181e-02	8.5949899679e-05	3.7723646535e-05
7.3400000000e+02	2.8097267307e-02	-3.5027708802e-02	8.6001329848e-05	3.7724399533e-05
7.3500000000e+02	2.8134992081e-02	-3.5113735818e-02	8.6052691019e-05	3.7725149480e-05
7.3600000000e+02	2.8172717605e-02	-3.5199814161e-02	8.6103983377e-05	3.7725896393e-05
7.3700000000e+02	2.8210443873e-02	-3.5285943762e-02	8.6155207103e-05	3.7726640287e-05
7.3800000000e+02	2.8248170884e-02	-3.5372124552e-02	8.6206362380e-05	3.7727381179e-05
7.3900000000e+02	2.8285898634e-02	-3.5458356464e-02	8.6257449389e-05	3.7728119085e-05
7.4000000000e+02	2.8323627121e-02	-3.5544639428e-02	8.6308468310e-05	3.7728854022e-05
7.4100000000e+02	2.8361356342e-02	-3.5630973378e-02	8.6359419324e-05	3.7729586004e-05
7.4200000000e+02	2.8399086292e-02	-3.5717358244e-02	8.6410302610e-05	3.7730315048e-05
7.4300000000e+02	2.8436816971e-02	-3.5803793960e-02	8.6461118346e-05	3.7731041169e-05
7.4400000000e+02	2.8474548374e-02	-3.5890280459e-02	8.6511866710e-05	3.7731764383e-05
7.4500000000e+02	2.8512280498e-02	-3.5976817671e-02	8.6562547879e-05	3.7732484706e-05
7.4600000000e+02	2.8550013342e-02	-3.6063405532e-02	8.6613162030e-05	3.7733202153e-05
7.4700000000e+02	2.8587746902e-02	-3.6150043973e-02	8.6663709337e-05	3.7733916738e-05
7.4800000000e+02	2.8625481175e-02	-3.6236732928e-02	8.6714189977e-05	3.7734628478e-05
7.4900000000e+02	2.8663216158e-02	-3.6323472331e-02	8.6764604124e-05	3.7735337387e-05
7.5000000000e+02	2.8700951848e-02	-3.6410262115e-02	8.6814951951e-05	3.7736043480e-05
7.5100000000e+02	2.8738688244e-02	-3.6497102213e-02	8.6865233631e-05	3.7736746773e-05
7.5200000000e+02	2.8776425341e-02	-3.6583992560e-02	8.6915449336e-05	3.7737447279e-05
7.5300000000e+02	2.8814163137e-02	-3.6670933090e-02	8.6965599239e-05	3.7738145014e-05
7.5400000000e+02	2.8851901630e-02	-3.6757923736e-02	8.7015683510e-05	3.7738839993e-05
7.5500000000e+02	2.8889640817e-02	-3.6844964435e-02	8.7065702320e-05	3.7739532228e-05
7.5600000000e+02	2.8927380694e-02	-3.6932055119e-02	8.7115655837e-05	3.7740221736e-05
7.5700000000e+02	2.8965121259e-02	-3.7019195725e-02	8.7165544232e-05	3.7740908530e-05
7.5800000000e+02	2.9002862510e-02	-3.7106386186e-02	8.7215367673e-05	3.7741592625e-05
7.5900000000e+02	2.9040604443e-02	-3.7193626439e-02	8.7265126327e-05	3.7742274034e-05
7.6000000000e+02	2.9078347057e-02	-3.7280916417e-02	8.7314820361e-05	3.7742952772e-05
7.6100000000e+02	2.9116090348e-02	-3.7368256058e-02	8.7364449942e-05	3.7743628853e-05
7.6200000000e+02	2.9153834314e-02	-3.7455645296e-02	8.7414015236e-05	3.7744302290e-05
7.6300000000e+02	2.9191578952e-02	-3.7543084067e-02	8.7463516407e-05	3.7744973097e-05
7.6400000000e+02	2.9229324259e-02	-3.7630572307e-02	8.7512953621e-05	3.7745641287e-05
7.6500000000e+02	2.9267070234e-02	-3.7718109953e-02	8.7562327041e-05	3.7746306876e-05
7.6600000000e+02	2.9304816872e-02	-3.7805696940e-02	8.7611636831e-05	3.7746969875e-05
7.6700000000e+02	2.9342564172e-02	-3.7893333205e-02	8.7660883152e-05	3.7747630298e-05
7.6800000000e+02	2.9380312132e-02	-3.7981018685e-02	8.7710066168e-05	3.7748288159e-05
7.6900000000e+02	2.9418060748e-02	-3.8068753317e-02	8.7759186040e-05	3.7748943470e-05
7.7000000000e+02	2.9455810018e-02	-3.8156537036e-02	8.7808242928e-05	3.7749596246e-05
7.7100000000e+02	2.9493559940e-02	-3.8244369782e-02	8.7857236992e-05	3.7750246498e-05
7.7200000000e+02	2.9531310510e-02	-3.8332251489e-02	8.7906168393e-05	3.7750894240e-05
7.7300000000e+02	2.9569061727e-02	-3.8420182098e-02	8.7955037289e-05	3.7751539485e-05
7.7400000000e+02	2.9606813588e-02	-3.8508161543e-02	8.8003843839e-05	3.7752182246e-05
7.7500000000e+02	2.9644566091e-02	-3.8596189764e-02	8.8052588200e-05	3.7752822535e-05
7.7600000000e+02	2.9682319233e-02	-3.8684266699e-02	8.8101270530e-05	3.7753460365e-05
7.7700000000e+02	2.9720073011e-02	-3.8772392285e-02	8.8149890985e-05	3.7754095748e-05
7.7800000000e+02	2.9757827423e-02	-3.8860566460e-02	8.8198449722e-05	3.7754728698e-05
7.7900000000e+02	2.9795582467e-02	-3.8948789164e-02	8.8246946895e-05	3.7755359225e-05
7.8000000000e+02	2.9833338141e-02	-3.9037060334e-02	8.8295382660e-05	3.7755987344e-05
7.8100000000e+02	2.9871094441e-02	-3.9125379909e-02	8.8343757170e-05	3.7756613065e-05
7.8200000000e+02	2.9908851366e-02	-3.9213747828e-02	8.8392070580e-05	3.7757236402e-05
7.8300000000e+02	2.9946608913e-02	-3.9302164030e-02	8.8440323043e-05	3.7757857365e-05
7.8400000000e+02	2.9984367080e-02	-3.9390628454e-02	8.8488514711e-05	3.7758475968e-05
7.8500000000e+02	3.0022125864e-02	-3.9479141039e-02	8.8536645737e-05	3.7759092222e-05
7.8600000000e+02	3.0059885264e-02	-3.9567701725e-02	8.8584716271e-05	3.7759706139e-05
7.8700000000e+02	3.0097645276e-02	-3.9656310451e-02	8.8632726464e-05	3.7760317731e-05
7.8800000000e+02	3.0135405898e-02	-3.9744967158e-02	8.8680676467e-05	3.7760927009e-05
7.8900000000e+02	3.0173167129e-02	-3.9833671784e-02	8.8728566430e-05	3.7761533986e-05
7.9000000000e+02	3.0210928966e-02	-3.9922424271e-02	8.8776396502e-05	3.7762138672e-05
7.9100000000e+02	3.0248691406e-02	-4.0011224557e-02	8.8824166831e-05	3.7762741079e-05
7.9200000000e+02	3.0286454447e-02	-4.0100072584e-02	8.8871877565e-05	3.7763341219e-05
7.9300000000e+02	3.0324218087e-02	-4.0188968293e-02	8.8919528852e-05	3.7763939103e-05
7.9400000000e+02	3.0361982325e-02	-4.0277911622e-02	8.8967120840e-05	3.7764534742e-05
7.9500000000e+02	3.0399747156e-02	-4.0366902515e-02	8.9014653674e-05	3.7765128147e-05
7.9600000000e+02	3.0437512580e-02	-4.0455940910e-02	8.9062127500e-05	3.7765719330e-05
7.9700000000e+02	3.0475278594e-02	-4.0545026750e-02	8.9109542464e-05	3.7766308302e-05
7.9800000000e+02	3.0513045196e-02	-4.0634159975e-02	8.9156898711e-05	3.7766895073e-05
7.9900000000e+02	3.0550812384e-02	-4.0723340528e-02	8.9204196385e-05	3.7767479655e-05
8.0000000000e+02	3.0588580155e-02	-4.0812568349e-02	8.9251435629e-05	3.7768062058e-05
8.0100000000e+02	3.0626348507e-02	-4.0901843380e-02	8.9298616587e-05	3.7768642294e-05
8.0200000000e+02	3.0664117438e-02	-4.0991165562e-02	8.9345739403e-05	3.7769220373e-05
8.0300000000e+02	3.0701886947e-02	-4.1080534839e-02	8.9392804217e-05	3.7769796305e-05
8.0400000000e+02	3.0739657030e-02	-4.1169951152e-02	8.9439811172e-05	3.7770370101e-05
8.0500000000e+02	3.0777427686e-02	-4.1259414442e-02	8.9486760408e-05	3.7770941772e-05
8.0600000000e+02	3.0815198913e-02	-4.1348924653e-02	8.9533652067e-05	3.7771511328e-05
8.0700000000e+02	3.0852970708e-02	-4.1438481727e-02	8.9580486289e-05	3.7772078780e-05
8.0800000000e+02	3.0890743070e-02	-4.1528085607e-02	8.9627263214e-05	3.7772644138e-05
8.0900000000e+02	3.0928515996e-02	-4.1617736235e-02	8.9673982980e-05	3.7773207412e-05
8.1000000000e+02	3.0966289484e-02	-4.1707433554e-02	8.9720645726e-05	3.7773768613e-05
8.1100000000e+02	3.1004063533e-02	-4.1797177507e-02	8.9767251590e-05	3.7774327750e-05
8.1200000000e+02	3.1041838139e-02	-4.1886968038e-02	8.9813800710e-05	3.7774884834e-05
8.1300000000e+02	3.1079613301e-02	-4.1976805090e-02	8.9860293224e-05	3.7775439875e-05
8.1400000000e+02	3.1117389018e-02	-4.2066688606e-02	8.9906729267e-05	3.7775992882e-05
8.1500000000e+02	3.1155165287e-02	-4.2156618529e-02	8.9953108977e-05	3.7776543866e-05
8.1600000000e+02	3.1192942105e-02	-4.2246594805e-02	8.9999432488e-05	3.7777092836e-05
8.1700000000e+02	3.1230719472e-02	-4.2336617376e-02	9.0045699935e-05	3.7777639803e-05
8.1800000000e+02	3.1268497384e-02	-4.2426686186e-02	9.0091911455e-05	3.7778184776e-05
8.1900000000e+02	3.1306275840e-02	-4.2516801180e-02	9.0138067180e-05	3.7778727764e-05
8.2000000000e+02	3.1344054839e-02	-4.2606962302e-02	9.0184167245e-05	3.7779268777e-05
8.2100000000e+02	3.1381834377e-02	-4.2697169496e-02	9.0230211782e-05	3.7779807825e-05
8.2200000000e+02	3.1419614454e-02	-4.2787422707e-02	9.0276200926e-05	3.7780344918e-05
8.2300000000e+02	3.1457395067e-02	-4.2877721879e-02	9.0322134807e-05	3.7780880064e-05
8.2400000000e+02	3.1495176213e-02	-4.2968066958e-02	9.0368013558e-05	3.7781413273e-05
8.2500000000e+02	3.1532957892e-02	-4.3058457888e-02	9.0413837310e-05	3.7781944555e-05
8.2600000000e+02	3.1570740102e-02	-4.3148894614e-02	9.0459606194e-05	3.7782473918e-05
8.2700000000e+02	3.1608522840e-02	-4.3239377082e-02	9.0505320341e-05	3.7783001373e-05
8.2800000000e+02	3.1646306104e-02	-4.3329905237e-02	9.0550979880e-05	3.7783526927e-05
8.2900000000e+02	3.1684089893e-02	-4.3420479024e-02	9.0596584942e-05	3.7784050591e-05
8.3000000000e+02	3.1721874205e-02	-4.3511098389e-02	9.0642135655e-05	3.7784572372e-05
8.3100000000e+02	3.1759659037e-02	-4.3601763277e-02	9.0687632147e-05	3.7785092281e-05
8.3200000000e+02	3.1797444388e-02	-4.3692473635e-02	9.0733074547e-05	3.7785610326e-05
8.3300000000e+02	3.1835230257e-02	-4.3783229408e-02	9.0778462984e-05	3.7786126516e-05
8.3400000000e+02	3.1873016641e-02	-4.3874030543e-02	9.0823797583e-05	3.7786640860e-05
8.3500000000e+02	3.1910803538e-02	-4.3964876985e-02	9.0869078471e-05	3.7787153367e-05
8.3600000000e+02	3.1948590947e-02	-4.4055768682e-02	9.0914305776e-05	3.7787664045e-05
8.3700000000e+02	3.1986378866e-02	-4.4146705579e-02	9.0959479623e-05	3.7788172903e-05
8.3800000000e+02	3.2024167292e-02	-4.4237687624e-02	9.1004600138e-05	3.7788679949e-05
8.3900000000e+02	3.2061956225e-02	-4.4328714762e-02	9.1049667445e-05	3.7789185193e-05
8.4000000000e+02	3.2099745662e-02	-4.4419786941e-02	9.1094681670e-05	3.7789688643e-05
8.4100000000e+02	3.2137535602e-02	-4.4510904107e-02	9.1139642936e-05	3.7790190307e-05
8.4200000000e+02	3.2175326042e-02	-4.4602066209e-02	9.1184551367e-05	3.7790690193e-05
8.4300000000e+02	3.2213116981e-02	-4.4693273193e-02	9.1229407087e-05	3.7791188311e-05
8.4400000000e+02	3.2250908418e-02	-4.4784525006e-02	9.1274210218e-05	3.7791684668e-05
8.4500000000e+02	3.2288700350e-02	-4.4875821596e-02	9.1318960883e-05	3.7792179273e-05
8.4600000000e+02	3.2326492776e-02	-4.4967162910e-02	9.1363659203e-05	3.7792672133e-05
8.4700000000e+02	3.2364285694e-02	-4.5058548897e-02	9.1408305302e-05	3.7793163258e-05
8.4800000000e+02	3.2402079102e-02	-4.5149979503e-02	9.1452899299e-05	3.7793652655e-05
8.4900000000e+02	3.2439872999e-02	-4.5241454678e-02	9.1497441315e-05	3.7794140332e-05
8.5000000000e+02	3.2477667382e-02	-4.5332974369e-02	9.1541931471e-05	3.7794626297e-05
8.5100000000e+02	3.2515462251e-02	-4.5424538524e-02	9.1586369887e-05	3.7795110559e-05
8.5200000000e+02	3.2553257603e-02	-4.5516147091e-02	9.1630756683e-05	3.7795593125e-05
8.5300000000e+02	3.2591053436e-02	-4.5607800020e-02	9.1675091977e-05	3.7796074003e-05
8.5400000000e+02	3.2628849750e-02	-4.5699497258e-02	9.1719375888e-05	3.7796553201e-05
8.5500000000e+02	3.2666646542e-02	-4.5791238754e-02	9.1763608534e-05	3.7797030727e-05
8.5600000000e+02	3.2704443811e-02	-4.5883024458e-02	9.1807790034e-05	3.7797506589e-05
8.5700000000e+02	3.2742241555e-02	-4.5974854317e-02	9.1851920504e-05	3.7797980794e-05
8.5800000000e+02	3.2780039772e-02	-4.6066728282e-02	9.1896000063e-05	3.7798453350e-05
8.5900000000e+02	3.2817838461e-02	-4.6158646301e-02	9.1940028826e-05	3.7798924264e-05
8.6000000000e+02	3.2855637620e-02	-4.6250608323e-02	9.1984006910e-05	3.7799393544e-05
8.6100000000e+02	3.2893437247e-02	-4.6342614298e-02	9.2027934431e-05	3.7799861199e-05
8.6200000000e+02	3.2931237342e-02	-4.6434664175e-02	9.2071811504e-05	3.7800327234e-05
8.6300000000e+02	3.2969037901e-02	-4.6526757904e-02	9.2115638245e-05	3.7800791658e-05
8.6400000000e+02	3.3006838925e-02	-4.6618895435e-02	9.2159414768e-05	3.7801254479e-05
8.6500000000e+02	3.3044640410e-02	-4.6711076717e-02	9.2203141187e-05	3.7801715702e-05
8.6600000000e+02	3.3082442355e-02	-4.6803301700e-02	9.2246817616e-05	3.7802175337e-05
8.6700000000e+02	3.3120244760e-02	-4.6895570335e-02	9.2290444170e-05	3.7802633389e-05
8.6800000000e+02	3.3158047622e-02	-4.6987882572e-02	9.2334020961e-05	3.7803089867e-05
8.6900000000e+02	3.3195850939e-02	-4.7080238361e-02	9.2377548101e-05	3.7803544777e-05
8.7000000000e+02	3.3233654711e-02	-4.7172637652e-02	9.2421025704e-05	3.7803998127e-05
8.7100000000e+02	3.3271458935e-02	-4.7265080396e-02	9.2464453881e-05	3.7804449924e-05
8.7200000000e+02	3.3309263610e-02	-4.7357566543e-02	9.2507832744e-05	3.7804900174e-05
8.7300000000e+02	3.3347068735e-02	-4.7450096045e-02	9.2551162405e-05	3.7805348886e-05
8.7400000000e+02	3.3384874307e-02	-4.7542668851e-02	9.2594442974e-05	3.7805796065e-05
8.7500000000e+02	3.3422680326e-02	-4.7635284914e-02	9.2637674561e-05	3.7806241719e-05
8.7600000000e+02	3.3460486790e-02	-4.7727944184e-02	9.2680857277e-05	3.7806685855e-05
8.7700000000e+02	3.3498293698e-02	-4.7820646613e-02	9.2723991232e-05	3.7807128480e-05
8.7800000000e+02	3.3536101047e-02	-4.7913392151e-02	9.2767076535e-05	3.7807569600e-05
8.7900000000e+02	3.3573908836e-02	-4.8006180750e-02	9.2810113294e-05	3.7808009223e-05
8.8000000000e+02	3.3611717065e-02	-4.8099012361e-02	9.2853101620e-05	3.7808447354e-05
8.8100000000e+02	3.3649525731e-02	-4.8191886937e-02	9.2896041620e-05	3.7808884001e-05
8.8200000000e+02	3.3687334832e-02	-4.8284804428e-02	9.2938933402e-05	3.7809319171e-05
8.8300000000e+02	3.3725144368e-02	-4.8377764787e-02	9.2981777073e-05	3.7809752870e-05
8.8400000000e+02	3.3762954337e-02	-4.8470767966e-02	9.3024572742e-05	3.7810185105e-05
8.8500000000e+02	3.3800764738e-02	-4.8563813917e-02	9.3067320514e-05	3.7810615881e-05
8.8600000000e+02	3.3838575569e-02	-4.8656902591e-02	9.3110020497e-05	3.7811045207e-05
8.8700000000e+02	3.3876386828e-02	-4.8750033942e-02	9.3152672796e-05	3.7811473088e-05
8.8800000000e+02	3.3914198514e-02	-4.8843207921e-02	9.3195277518e-05	3.7811899531e-05
8.8900000000e+02	3.3952010627e-02	-4.8936424481e-02	9.3237834767e-05	3.7812324543e-05
8.9000000000e+02	3.3989823163e-02	-4.9029683575e-02	9.3280344649e-05	3.7812748128e-05
8.9100000000e+02	3.4027636122e-02	-4.9122985155e-02	9.3322807270e-05	3.7813170295e-05
8.9200000000e+02	3.4065449503e-02	-4.9216329174e-02	9.3365222732e-05	3.7813591050e-05
8.9300000000e+02	3.4103263304e-02	-4.9309715585e-02	9.3407591141e-05	3.7814010397e-05
8.9400000000e+02	3.4141077524e-02	-4.9403144340e-02	9.3449912599e-05	3.7814428345e-05
8.9500000000e+02	3.4178892160e-02	-4.9496615394e-02	9.3492187212e-05	3.7814844899e-05
8.9600000000e+02	3.4216707213e-02	-4.9590128699e-02	9.3534415080e-05	3.7815260065e-05
8.9700000000e+02	3.4254522680e-02	-4.9683684209e-02	9.3576596308e-05	3.7815673850e-05
8.9800000000e+02	3.4292338560e-02	-4.9777281876e-02	9.3618730998e-05	3.7816086259e-05
8.9900000000e+02	3.4330154852e-02	-4.9870921655e-02	9.3660819252e-05	3.7816497298e-05
9.0000000000e+02	3.4367971554e-02	-4.9964603499e-02	9.3702861171e-05	3.7816906975e-05
9.0100000000e+02	3.4405788665e-02	-5.0058327362e-02	9.3744856856e-05	3.7817315294e-05
9.0200000000e+02	3.4443606184e-02	-5.0152093198e-02	9.3786806410e-05	3.7817722262e-05
9.0300000000e+02	3.4481424110e-02	-5.0245900960e-02	9.3828709933e-05	3.7818127884e-05
9.0400000000e+02	3.4519242440e-02	-5.0339750602e-02	9.3870567524e-05	3.7818532167e-05
9.0500000000e+02	3.4557061173e-02	-5.0433642079e-02	9.3912379285e-05	3.7818935116e-05
9.0600000000e+02	3.4594880309e-02	-5.0527575346e-02	9.3954145315e-05	3.7819336738e-05
9.0700000000e+02	3.4632699846e-02	-5.0621550355e-02	9.3995865713e-05	3.7819737038e-05
9.0800000000e+02	3.4670519783e-02	-5.0715567062e-02	9.4037540578e-05	3.7820136021e-05
9.0900000000e+02	3.4708340118e-02	-5.0809625421e-02	9.4079170010e-05	3.7820533694e-05
9.1000000000e+02	3.4746160850e-02	-5.0903725387e-02	9.4120754106e-05	3.7820930063e-05
9.1100000000e+02	3.4783981978e-02	-5.0997866914e-02	9.4162292966e-05	3.7821325133e-05
9.1200000000e+02	3.4821803500e-02	-5.1092049958e-02	9.4203786686e-05	3.7821718909e-05
9.1300000000e+02	3.4859625415e-02	-5.1186274472e-02	9.4245235364e-05	3.7822111398e-05
9.1400000000e+02	3.4897447722e-02	-5.1280540413e-02	9.4286639098e-05	3.7822502605e-05
9.1500000000e+02	3.4935270420e-02	-5.1374847736e-02	9.4327997984e-05	3.7822892535e-05
9.1600000000e+02	3.4973093507e-02	-5.1469196394e-02	9.4369312119e-05	3.7823281195e-05
9.1700000000e+02	3.5010916982e-02	-5.1563586345e-02	9.4410581600e-05	3.7823668589e-05
9.1800000000e+02	3.5048740844e-02	-5.1658017543e-02	9.4451806521e-05	3.7824054723e-05
9.1900000000e+02	3.5086565091e-02	-5.1752489943e-02	9.4492986979e-05	3.7824439602e-05
9.2000000000e+02	3.5124389722e-02	-5.1847003502e-02	9.4534123070e-05	3.7824823233e-05
9.2100000000e+02	3.5162214737e-02	-5.1941558175e-02	9.4575214888e-05	3.7825205620e-05
9.2200000000e+02	3.5200040133e-02	-5.2036153917e-02	9.4616262527e-05	3.7825586768e-05
9.2300000000e+02	3.5237865910e-02	-5.2130790685e-02	9.4657266083e-05	3.7825966684e-05
9.2400000000e+02	3.5275692066e-02	-5.2225468434e-02	9.4698225650e-05	3.7826345372e-05
9.2500000000e+02	3.5313518600e-02	-5.2320187122e-02	9.4739141321e-05	3.7826722837e-05
9.2600000000e+02	3.5351345512e-02	-5.2414946703e-02	9.4780013190e-05	3.7827099086e-05
9.2700000000e+02	3.5389172798e-02	-5.2509747133e-02	9.4820841350e-05	3.7827474122e-05
9.2800000000e+02	3.5427000459e-02	-5.2604588371e-02	9.4861625894e-05	3.7827847952e-05
9.2900000000e+02	3.5464828494e-02	-5.2699470371e-02	9.4902366915e-05	3.7828220580e-05
9.3000000000e+02	3.5502656900e-02	-5.2794393090e-02	9.4943064506e-05	3.7828592012e-05
9.3100000000e+02	3.5540485677e-02	-5.2889356485e-02	9.4983718757e-05	3.7828962253e-05
9.3200000000e+02	3.5578314824e-02	-5.2984360513e-02	9.5024329761e-05	3.7829331307e-05
9.3300000000e+02	3.5616144340e-02	-5.3079405130e-02	9.5064897610e-05	3.7829699180e-05
9.3400000000e+02	3.5653974222e-02	-5.3174490294e-02	9.5105422394e-05	3.7830065877e-05
9.3500000000e+02	3.5691804471e-02	-5.3269615961e-02	9.5145904205e-05	3.7830431403e-05
9.3600000000e+02	3.5729635085e-02	-5.3364782088e-02	9.5186343133e-05	3.7830795763e-05
9.3700000000e+02	3.5767466062e-02	-5.3459988633e-02	9.5226739269e-05	3.7831158961e-05
9.3800000000e+02	3.5805297402e-02	-5.3555235552e-02	9.5267092702e-05	3.7831521004e-05
9.3900000000e+02	3.5843129104e-02	-5.3650522804e-02	9.5307403523e-05	3.7831881895e-05
9.4000000000e+02	3.5880961166e-02	-5.3745850345e-02	9.5347671820e-05	3.7832241639e-05
9.4100000000e+02	3.5918793587e-02	-5.3841218134e-02	9.5387897683e-05	3.7832600242e-05
9.4200000000e+02	3.5956626366e-02	-5.3936626127e-02	9.5428081202e-05	3.7832957708e-05
9.4300000000e+02	3.5994459502e-02	-5.4032074282e-02	9.5468222464e-05	3.7833314042e-05
9.4400000000e+02	3.6032292993e-02	-5.4127562557e-02	9.5508321558e-05	3.7833669248e-05
9.4500000000e+02	3.6070126840e-02	-5.4223090911e-02	9.5548378572e-05	3.7834023332e-05
9.4600000000e+02	3.6107961040e-02	-5.4318659301e-02	9.5588393594e-05	3.7834376299e-05
9.4700000000e+02	3.6145795592e-02	-5.4414267684e-02	9.5628366712e-05	3.7834728152e-05
9.4800000000e+02	3.6183630496e-02	-5.4509916020e-02	9.5668298012e-05	3.7835078897e-05
9.4900000000e+02	3.6221465749e-02	-5.4605604266e-02	9.5708187582e-05	3.7835428538e-05
9.5000000000e+02	3.6259301352e-02	-5.4701332381e-02	9.5748035509e-05	3.7835777079e-05
9.5100000000e+02	3.6297137303e-02	-5.4797100323e-02	9.5787841879e-05	3.7836124527e-05
9.5200000000e+02	3.6334973601e-02	-5.4892908051e-02	9.5827606778e-05	3.7836470884e-05
9.5300000000e+02	3.6372810245e-02	-5.4988755523e-02	9.5867330292e-05	3.7836816156e-05
9.5400000000e+02	3.6410647233e-02	-5.5084642698e-02	9.5907012506e-05	3.7837160346e-05
9.5500000000e+02	3.6448484565e-02	-5.5180569535e-02	9.5946653507e-05	3.7837503461e-05
9.5600000000e+02	3.6486322240e-02	-5.5276535991e-02	9.5986253380e-05	3.7837845503e-05
9.5700000000e+02	3.6524160256e-02	-5.5372542028e-02	9.6025812208e-05	3.7838186478e-05
9.5800000000e+02	3.6561998612e-02	-5.5468587602e-02	9.6065330078e-05	3.7838526390e-05
9.5900000000e+02	3.6599837308e-02	-5.5564672674e-02	9.6104807072e-05	3.7838865243e-05
9.6000000000e+02	3.6637676342e-02	-5.5660797203e-02	9.6144243276e-05	3.7839203042e-05
9.6100000000e+02	3.6675515714e-02	-5.5756961147e-02	9.6183638773e-05	3.7839539792e-05
9.6200000000e+02	3.6713355421e-02	-5.5853164467e-02	9.6222993647e-05	3.7839875495e-05
9.6300000000e+02	3.6751195464e-02	-5.5949407121e-02	9.6262307981e-05	3.7840210158e-05
9.6400000000e+02	3.6789035841e-02	-5.6045689069e-02	9.6301581857e-05	3.7840543783e-05
9.6500000000e+02	3.6826876552e-02	-5.6142010271e-02	9.6340815360e-05	3.7840876376e-05
9.6600000000e+02	3.6864717594e-02	-5.6238370686e-02	9.6380008572e-05	3.7841207940e-05
9.6700000000e+02	3.6902558967e-02	-5.6334770275e-02	9.6419161574e-05	3.7841538480e-05
9.6800000000e+02	3.6940400670e-02	-5.6431208996e-02	9.6458274449e-05	3.7841868001e-05
9.6900000000e+02	3.6978242703e-02	-5.6527686810e-02	9.6497347279e-05	3.7842196505e-05
9.7000000000e+02	3.7016085063e-02	-5.6624203677e-02	9.6536380145e-05	3.7842523998e-05
9.7100000000e+02	3.7053927750e-02	-5.6720759557e-02	9.6575373129e-05	3.7842850483e-05
9.7200000000e+02	3.7091770764e-02	-5.6817354410e-02	9.6614326311e-05	3.7843175966e-05
9.7300000000e+02	3.7129614102e-02	-5.6913988197e-02	9.6653239773e-05	3.7843500448e-05
9.7400000000e+02	3.7167457764e-02	-5.7010660877e-02	9.6692113595e-05	3.7843823936e-05
9.7500000000e+02	3.7205301750e-02	-5.7107372411e-02	9.6730947857e-05	3.7844146433e-05
9.7600000000e+02	3.7243146057e-02	-5.7204122759e-02	9.6769742640e-05	3.7844467942e-05
9.7700000000e+02	3.7280990685e-02	-5.7300911883e-02	9.6808498023e-05	3.7844788469e-05
9.7800000000e+02	3.7318835634e-02	-5.7397739742e-02	9.6847214086e-05	3.7845108016e-05
9.7900000000e+02	3.7356680901e-02	-5.7494606298e-02	9.6885890908e-05	3.7845426589e-05
9.8000000000e+02	3.7394526486e-02	-5.7591511511e-02	9.6924528569e-05	3.7845744190e-05
9.8100000000e+02	3.7432372389e-02	-5.7688455342e-02	9.6963127147e-05	3.7846060824e-05
9.8200000000e+02	3.7470218608e-02	-5.7785437752e-02	9.7001686721e-05	3.7846376495e-05
9.8300000000e+02	3.7508065142e-02	-5.7882458703e-02	9.7040207370e-05	3.7846691207e-05
9.8400000000e+02	3.7545911990e-02	-5.7979518154e-02	9.7078689171e-05	3.7847004963e-05
9.8500000000e+02	3.7583759151e-02	-5.8076616068e-02	9.7117132202e-05	3.7847317768e-05
9.8600000000e+02	3.7621606625e-02	-5.8173752406e-02	9.7155536542e-05	3.7847629624e-05
9.8700000000e+02	3.7659454410e-02	-5.8270927128e-02	9.7193902268e-05	3.7847940537e-05
9.8800000000e+02	3.7697302506e-02	-5.8368140197e-02	9.7232229457e-05	3.7848250510e-05
9.8900000000e+02	3.7735150911e-02	-5.8465391574e-02	9.7270518185e-05	3.7848559547e-05
9.9000000000e+02	3.7772999625e-02	-5.8562681221e-02	9.7308768531e-05	3.7848867650e-05
9.9100000000e+02	3.7810848646e-02	-5.8660009099e-02	9.7346980570e-05	3.7849174825e-05
9.9200000000e+02	3.7848697974e-02	-5.8757375169e-02	9.7385154378e-05	3.7849481075e-05
9.9300000000e+02	3.7886547608e-02	-5.8854779395e-02	9.7423290033e-05	3.7849786404e-05
9.9400000000e+02	3.7924397546e-02	-5.8952221737e-02	9.7461387609e-05	3.7850090815e-05
9.9500000000e+02	3.7962247789e-02	-5.9049702157e-02	9.7499447182e-05	3.7850394311e-05
9.9600000000e+02	3.8000098335e-02	-5.9147220618e-02	9.7537468828e-05	3.7850696898e-05
9.9700000000e+02	3.8037949183e-02	-5.9244777082e-02	9.7575452623e-05	3.7850998577e-05
9.9800000000e+02	3.8075800332e-02	-5.9342371511e-02	9.7613398640e-05	3.7851299354e-05
9.9900000000e+02	3.8113651781e-02	-5.9440003867e-02	9.7651306955e-05	3.7851599231e-05
