# total modes from dos = 5.9999764586e+00
# ZPE = 4.2123391424e-03 Ry/cell
# Multiply by 13.6058 to have energies in eV/cell etc..
# Multiply by 13.6058 x 23060.35 = 313 754.5 to have energies in cal/(N mol).
# Multiply by 13.6058 x 96526.0 = 1 313 313 to have energies in J/(N mol).
# N is the number of formula units per cell.
#
# T (K) 	Evib (Ry/cell)	Fvib (Ry/cell)	Svib (Ry/cell/K)	Cvib (Ry/cell/K)
1.0000000000e+00	4.2123391592e-03	4.2123390667e-03	9.2584254417e-11	4.9853986337e-11
2.0000000000e+00	4.2123393105e-03	4.2123389350e-03	1.8778197916e-10	3.0344073399e-10
3.0000000000e+00	4.2123399013e-03	4.2123386459e-03	4.1845679409e-10	9.6265242794e-10
4.0000000000e+00	4.2123414389e-03	4.2123380304e-03	8.5214006172e-10	2.2312902413e-09
5.0000000000e+00	4.2123446358e-03	4.2123368513e-03	1.5569011498e-09	4.3158594624e-09
6.0000000000e+00	4.2123504130e-03	4.2123348033e-03	2.6016245797e-09	7.4277873670e-09
7.0000000000e+00	4.2123599071e-03	4.2123315114e-03	4.0565285768e-09	1.1787210034e-08
8.0000000000e+00	4.2123744816e-03	4.2123265294e-03	5.9940212130e-09	1.7629958733e-08
9.0000000000e+00	4.2123957496e-03	4.2123193371e-03	8.4902731794e-09	2.5222494443e-08
1.0000000000e+01	4.2124256175e-03	4.2123093351e-03	1.1628245684e-08	3.4891460031e-08
1.1000000000e+01	4.2124663672e-03	4.2122958353e-03	1.5502896678e-08	4.7069748058e-08
1.2000000000e+01	4.2125207889e-03	4.2122780459e-03	2.0228583236e-08	6.2350685425e-08
1.3000000000e+01	4.2125923669e-03	4.2122550474e-03	2.5947652858e-08	8.1534531861e-08
1.4000000000e+01	4.2126855001e-03	4.2122257605e-03	3.2838546457e-08	1.0565242611e-07
1.5000000000e+01	4.2128057329e-03	4.2121889067e-03	4.1121747177e-08	1.3596025256e-07
1.6000000000e+01	4.2129599643e-03	4.2121429650e-03	5.1062456612e-08	1.7390347474e-07
1.7000000000e+01	4.2131566103e-03	4.2120861268e-03	6.2969619228e-08	2.2106005168e-07
1.8000000000e+01	4.2134057026e-03	4.2120162545e-03	7.7191563133e-08	2.7907107289e-07
1.9000000000e+01	4.2137189154e-03	4.2119308454e-03	9.4108947367e-08	3.4956843537e-07
2.0000000000e+01	4.2141095214e-03	4.2118270036e-03	1.1412589278e-07	4.3410699000e-07
2.1000000000e+01	4.2145922850e-03	4.2117014212e-03	1.3766017852e-07	5.3410617075e-07
2.2000000000e+01	4.2151833023e-03	4.2115503702e-03	1.6513327837e-07	6.5080384659e-07
2.3000000000e+01	4.2158998026e-03	4.2113697030e-03	1.9696084948e-07	7.8522330837e-07
2.4000000000e+01	4.2167599217e-03	4.2111548630e-03	2.3354411292e-07	9.3815299337e-07
2.5000000000e+01	4.2177824629e-03	4.2109009028e-03	2.7526240495e-07	1.1101377119e-06
2.6000000000e+01	4.2189866522e-03	4.2106025091e-03	3.2246704279e-07	1.3014796809e-06
2.7000000000e+01	4.2203919000e-03	4.2102540334e-03	3.7547654235e-07	1.5122474876e-06
2.8000000000e+01	4.2220175747e-03	4.2098495265e-03	4.3457314748e-07	1.7422911188e-06
2.9000000000e+01	4.2238827931e-03	4.2093827763e-03	5.0000057651e-07	1.9912613194e-06
3.0000000000e+01	4.2260062324e-03	4.2088473466e-03	5.7196285885e-07	2.2586317497e-06
3.1000000000e+01	4.2284059648e-03	4.2082366172e-03	6.5062411685e-07	2.5437226400e-06
3.2000000000e+01	4.2310993160e-03	4.2075438234e-03	7.3610914316e-07	2.8457248784e-06
3.3000000000e+01	4.2341027477e-03	4.2067620950e-03	8.2850462635e-07	3.1637236980e-06
3.4000000000e+01	4.2374317637e-03	4.2058844935e-03	9.2786088705e-07	3.4967213329e-06
3.5000000000e+01	4.2411008372e-03	4.2049040473e-03	1.0341939988e-06	3.8436581920e-06
3.6000000000e+01	4.2451233594e-03	4.2038137848e-03	1.1474881824e-06	4.2034322557e-06
3.7000000000e+01	4.2495116052e-03	4.2026067653e-03	1.2676983776e-06	4.5749165209e-06
3.8000000000e+01	4.2542767169e-03	4.2012761064e-03	1.3947529099e-06	4.9569744238e-06
3.9000000000e+01	4.2594287009e-03	4.1998150096e-03	1.5285561860e-06	5.3484732449e-06
4.0000000000e+01	4.2649764376e-03	4.1982167831e-03	1.6689913624e-06	5.7482955597e-06
4.1000000000e+01	4.2709277020e-03	4.1964748613e-03	1.8159229440e-06	6.1553488384e-06
4.2000000000e+01	4.2772891919e-03	4.1945828222e-03	1.9691992802e-06	6.5685733280e-06
4.3000000000e+01	4.2840665650e-03	4.1925344028e-03	2.1286549344e-06	6.9869483628e-06
4.4000000000e+01	4.2912644794e-03	4.1903235114e-03	2.2941129090e-06	7.4094972621e-06
4.5000000000e+01	4.2988866406e-03	4.1879442383e-03	2.4653867169e-06	7.8352909707e-06
4.6000000000e+01	4.3069358494e-03	4.1853908640e-03	2.6422822918e-06	8.2634505972e-06
4.7000000000e+01	4.3154140541e-03	4.1826578664e-03	2.8245997386e-06	8.6931489977e-06
4.8000000000e+01	4.3243224016e-03	4.1797399253e-03	3.0121349230e-06	9.1236115413e-06
4.9000000000e+01	4.3336612906e-03	4.1766319262e-03	3.2046809057e-06	9.5541161856e-06
5.0000000000e+01	4.3434304241e-03	4.1733289627e-03	3.4020292283e-06	9.9839929774e-06
5.1000000000e+01	4.3536288605e-03	4.1698263366e-03	3.6039710556e-06	1.0412623081e-05
5.2000000000e+01	4.3642550645e-03	4.1661195588e-03	3.8102981857e-06	1.0839437430e-05
5.3000000000e+01	4.3753069559e-03	4.1622043474e-03	4.0208039340e-06	1.1263915076e-05
5.4000000000e+01	4.3867819570e-03	4.1580766262e-03	4.2352839029e-06	1.1685581316e-05
5.5000000000e+01	4.3986770374e-03	4.1537325220e-03	4.4535366434e-06	1.2104005650e-05
5.6000000000e+01	4.4109887577e-03	4.1491683614e-03	4.6753642205e-06	1.2518799623e-05
5.7000000000e+01	4.4237133099e-03	4.1443806667e-03	4.9005726884e-06	1.2929614600e-05
5.8000000000e+01	4.4368465565e-03	4.1393661523e-03	5.1289724868e-06	1.3336139509e-05
5.9000000000e+01	4.4503840666e-03	4.1341217196e-03	5.3603787630e-06	1.3738098572e-05
6.0000000000e+01	4.4643211504e-03	4.1286444526e-03	5.5946116307e-06	1.4135249072e-05
6.1000000000e+01	4.4786528910e-03	4.1229316125e-03	5.8314963694e-06	1.4527379155e-05
6.2000000000e+01	4.4933741739e-03	4.1169806324e-03	6.0708635727e-06	1.4914305687e-05
6.3000000000e+01	4.5084797154e-03	4.1107891125e-03	6.3125492518e-06	1.5295872193e-05
6.4000000000e+01	4.5239640875e-03	4.1043548140e-03	6.5563948978e-06	1.5671946864e-05
6.5000000000e+01	4.5398217419e-03	4.0976756538e-03	6.8022475096e-06	1.6042420661e-05
6.6000000000e+01	4.5560470323e-03	4.0907496992e-03	7.0499595914e-06	1.6407205500e-05
6.7000000000e+01	4.5726342335e-03	4.0835751622e-03	7.2993891234e-06	1.6766232543e-05
6.8000000000e+01	4.5895775608e-03	4.0761503941e-03	7.5503995108e-06	1.7119450566e-05
6.9000000000e+01	4.6068711864e-03	4.0684738800e-03	7.8028595125e-06	1.7466824444e-05
7.0000000000e+01	4.6245092547e-03	4.0605442339e-03	8.0566431541e-06	1.7808333707e-05
7.1000000000e+01	4.6424858964e-03	4.0523601929e-03	8.3116296279e-06	1.8143971199e-05
7.2000000000e+01	4.6607952413e-03	4.0439206123e-03	8.5677031806e-06	1.8473741827e-05
7.3000000000e+01	4.6794314296e-03	4.0352244611e-03	8.8247529931e-06	1.8797661388e-05
7.4000000000e+01	4.6983886222e-03	4.0262708163e-03	9.0826730524e-06	1.9115755481e-05
7.5000000000e+01	4.7176610101e-03	4.0170588588e-03	9.3413620183e-06	1.9428058501e-05
7.6000000000e+01	4.7372428229e-03	4.0075878683e-03	9.6007230861e-06	1.9734612701e-05
7.7000000000e+01	4.7571283356e-03	3.9978572194e-03	9.8606638468e-06	2.0035467329e-05
7.8000000000e+01	4.7773118761e-03	3.9878663768e-03	1.0121096144e-05	2.0330677831e-05
7.9000000000e+01	4.7977878301e-03	3.9776148913e-03	1.0381935934e-05	2.0620305113e-05
8.0000000000e+01	4.8185506471e-03	3.9671023958e-03	1.0643103140e-05	2.0904414870e-05
8.1000000000e+01	4.8395948440e-03	3.9563286014e-03	1.0904521513e-05	2.1183076962e-05
8.2000000000e+01	4.8609150096e-03	3.9452932933e-03	1.1166118491e-05	2.1456364844e-05
8.3000000000e+01	4.8825058077e-03	3.9339963279e-03	1.1427825058e-05	2.1724355051e-05
8.4000000000e+01	4.9043619801e-03	3.9224376286e-03	1.1689575614e-05	2.1987126715e-05
8.5000000000e+01	4.9264783487e-03	3.9106171828e-03	1.1951307834e-05	2.2244761135e-05
8.6000000000e+01	4.9488498177e-03	3.8985350388e-03	1.2212962545e-05	2.2497341383e-05
8.7000000000e+01	4.9714713749e-03	3.8861913023e-03	1.2474483593e-05	2.2744951941e-05
8.8000000000e+01	4.9943380935e-03	3.8735861339e-03	1.2735817722e-05	2.2987678379e-05
8.9000000000e+01	5.0174451324e-03	3.8607197460e-03	1.2996914454e-05	2.3225607055e-05
9.0000000000e+01	5.0407877373e-03	3.8475924001e-03	1.3257725969e-05	2.3458824854e-05
9.1000000000e+01	5.0643612409e-03	3.8342044043e-03	1.3518206996e-05	2.3687418944e-05
9.2000000000e+01	5.0881610630e-03	3.8205561106e-03	1.3778314700e-05	2.3911476560e-05
9.3000000000e+01	5.1121827109e-03	3.8066479129e-03	1.4038008581e-05	2.4131084809e-05
9.4000000000e+01	5.1364217785e-03	3.7924802442e-03	1.4297250365e-05	2.4346330499e-05
9.5000000000e+01	5.1608739465e-03	3.7780535749e-03	1.4556003912e-05	2.4557299982e-05
9.6000000000e+01	5.1855349816e-03	3.7633684105e-03	1.4814235116e-05	2.4764079015e-05
9.7000000000e+01	5.2104007361e-03	3.7484252895e-03	1.5071911820e-05	2.4966752639e-05
9.8000000000e+01	5.2354671465e-03	3.7332247818e-03	1.5329003722e-05	2.5165405075e-05
9.9000000000e+01	5.2607302336e-03	3.7177674865e-03	1.5585482294e-05	2.5360119621e-05
1.0000000000e+02	5.2861861006e-03	3.7020540306e-03	1.5841320700e-05	2.5550978577e-05
1.0100000000e+02	5.3118309326e-03	3.6860850669e-03	1.6096493720e-05	2.5738063171e-05
1.0200000000e+02	5.3376609955e-03	3.6698612729e-03	1.6350977673e-05	2.5921453495e-05
1.0300000000e+02	5.3636726345e-03	3.6533833487e-03	1.6604750348e-05	2.6101228456e-05
1.0400000000e+02	5.3898622732e-03	3.6366520162e-03	1.6857790933e-05	2.6277465730e-05
1.0500000000e+02	5.4162264122e-03	3.6196680174e-03	1.7110079951e-05	2.6450241725e-05
1.0600000000e+02	5.4427616280e-03	3.6024321129e-03	1.7361599198e-05	2.6619631551e-05
1.0700000000e+02	5.4694645712e-03	3.5849450812e-03	1.7612331682e-05	2.6785708997e-05
1.0800000000e+02	5.4963319660e-03	3.5672077171e-03	1.7862261564e-05	2.6948546512e-05
1.0900000000e+02	5.5233606080e-03	3.5492208306e-03	1.8111374105e-05	2.7108215191e-05
1.1000000000e+02	5.5505473633e-03	3.5309852459e-03	1.8359655613e-05	2.7264784769e-05
1.1100000000e+02	5.5778891673e-03	3.5125018006e-03	1.8607093394e-05	2.7418323612e-05
1.1200000000e+02	5.6053830227e-03	3.4937713443e-03	1.8853675700e-05	2.7568898718e-05
1.1300000000e+02	5.6330259987e-03	3.4747947380e-03	1.9099391688e-05	2.7716575720e-05
1.1400000000e+02	5.6608152295e-03	3.4555728530e-03	1.9344231373e-05	2.7861418889e-05
1.1500000000e+02	5.6887479129e-03	3.4361065704e-03	1.9588185587e-05	2.8003491145e-05
1.1600000000e+02	5.7168213087e-03	3.4163967798e-03	1.9831245939e-05	2.8142854060e-05
1.1700000000e+02	5.7450327380e-03	3.3964443790e-03	2.0073404777e-05	2.8279567878e-05
1.1800000000e+02	5.7733795811e-03	3.3762502731e-03	2.0314655152e-05	2.8413691524e-05
1.1900000000e+02	5.8018592768e-03	3.3558153737e-03	2.0554990783e-05	2.8545282618e-05
1.2000000000e+02	5.8304693209e-03	3.3351405983e-03	2.0794406022e-05	2.8674397496e-05
1.2100000000e+02	5.8592072648e-03	3.3142268701e-03	2.1032895824e-05	2.8801091222e-05
1.2200000000e+02	5.8880707143e-03	3.2930751167e-03	2.1270455718e-05	2.8925417614e-05
1.2300000000e+02	5.9170573285e-03	3.2716862700e-03	2.1507081776e-05	2.9047429254e-05
1.2400000000e+02	5.9461648183e-03	3.2500612655e-03	2.1742770587e-05	2.9167177518e-05
1.2500000000e+02	5.9753909458e-03	3.2282010422e-03	2.1977519229e-05	2.9284712590e-05
1.2600000000e+02	6.0047335221e-03	3.2061065413e-03	2.2211325245e-05	2.9400083485e-05
1.2700000000e+02	6.0341904073e-03	3.1837787066e-03	2.2444186620e-05	2.9513338072e-05
1.2800000000e+02	6.0637595084e-03	3.1612184835e-03	2.2676101758e-05	2.9624523095e-05
1.2900000000e+02	6.0934387789e-03	3.1384268189e-03	2.2907069457e-05	2.9733684193e-05
1.3000000000e+02	6.1232262171e-03	3.1154046606e-03	2.3137088895e-05	2.9840865928e-05
1.3100000000e+02	6.1531198655e-03	3.0921529573e-03	2.3366159604e-05	2.9946111800e-05
1.3200000000e+02	6.1831178095e-03	3.0686726577e-03	2.3594281453e-05	3.0049464274e-05
1.3300000000e+02	6.2132181767e-03	3.0449647106e-03	2.3821454632e-05	3.0150964802e-05
1.3400000000e+02	6.2434191353e-03	3.0210300645e-03	2.4047679633e-05	3.0250653842e-05
1.3500000000e+02	6.2737188937e-03	2.9968696672e-03	2.4272957234e-05	3.0348570885e-05
1.3600000000e+02	6.3041156993e-03	2.9724844655e-03	2.4497288484e-05	3.0444754470e-05
1.3700000000e+02	6.3346078374e-03	2.9478754052e-03	2.4720674687e-05	3.0539242212e-05
1.3800000000e+02	6.3651936307e-03	2.9230434306e-03	2.4943117392e-05	3.0632070822e-05
1.3900000000e+02	6.3958714380e-03	2.8979894844e-03	2.5164618371e-05	3.0723276124e-05
1.4000000000e+02	6.4266396535e-03	2.8727145071e-03	2.5385179617e-05	3.0812893079e-05
1.4100000000e+02	6.4574967060e-03	2.8472194376e-03	2.5604803322e-05	3.0900955807e-05
1.4200000000e+02	6.4884410581e-03	2.8215052122e-03	2.5823491873e-05	3.0987497605e-05
1.4300000000e+02	6.5194712051e-03	2.7955727648e-03	2.6041247835e-05	3.1072550965e-05
1.4400000000e+02	6.5505856745e-03	2.7694230265e-03	2.6258073944e-05	3.1156147597e-05
1.4500000000e+02	6.5817830251e-03	2.7430569259e-03	2.6473973098e-05	3.1238318448e-05
1.4600000000e+02	6.6130618462e-03	2.7164753883e-03	2.6688948342e-05	3.1319093718e-05
1.4700000000e+02	6.6444207571e-03	2.6896793361e-03	2.6903002864e-05	3.1398502879e-05
1.4800000000e+02	6.6758584062e-03	2.6626696884e-03	2.7116139985e-05	3.1476574697e-05
1.4900000000e+02	6.7073734701e-03	2.6354473608e-03	2.7328363150e-05	3.1553337244e-05
1.5000000000e+02	6.7389646534e-03	2.6080132655e-03	2.7539675919e-05	3.1628817919e-05
1.5100000000e+02	6.7706306876e-03	2.5803683112e-03	2.7750081963e-05	3.1703043464e-05
1.5200000000e+02	6.8023703306e-03	2.5525134026e-03	2.7959585053e-05	3.1776039980e-05
1.5300000000e+02	6.8341823664e-03	2.5244494408e-03	2.8168189056e-05	3.1847832944e-05
1.5400000000e+02	6.8660656036e-03	2.4961773228e-03	2.8375897927e-05	3.1918447224e-05
1.5500000000e+02	6.8980188760e-03	2.4676979419e-03	2.8582715704e-05	3.1987907096e-05
1.5600000000e+02	6.9300410409e-03	2.4390121871e-03	2.8788646499e-05	3.2056236257e-05
1.5700000000e+02	6.9621309793e-03	2.4101209432e-03	2.8993694498e-05	3.2123457841e-05
1.5800000000e+02	6.9942875950e-03	2.3810250910e-03	2.9197863949e-05	3.2189594433e-05
1.5900000000e+02	7.0265098139e-03	2.3517255067e-03	2.9401159165e-05	3.2254668083e-05
1.6000000000e+02	7.0587965840e-03	2.3222230626e-03	2.9603584509e-05	3.2318700320e-05
1.6100000000e+02	7.0911468744e-03	2.2925186262e-03	2.9805144399e-05	3.2381712165e-05
1.6200000000e+02	7.1235596751e-03	2.2626130608e-03	3.0005843298e-05	3.2443724145e-05
1.6300000000e+02	7.1560339961e-03	2.2325072251e-03	3.0205685712e-05	3.2504756304e-05
1.6400000000e+02	7.1885688676e-03	2.2022019733e-03	3.0404676184e-05	3.2564828215e-05
1.6500000000e+02	7.2211633388e-03	2.1716981552e-03	3.0602819295e-05	3.2623958996e-05
1.6600000000e+02	7.2538164781e-03	2.1409966157e-03	3.0800119653e-05	3.2682167317e-05
1.6700000000e+02	7.2865273721e-03	2.1100981952e-03	3.0996581897e-05	3.2739471414e-05
1.6800000000e+02	7.3192951255e-03	2.0790037297e-03	3.1192210689e-05	3.2795889100e-05
1.6900000000e+02	7.3521188606e-03	2.0477140501e-03	3.1387010713e-05	3.2851437773e-05
1.7000000000e+02	7.3849977170e-03	2.0162299830e-03	3.1580986671e-05	3.2906134433e-05
1.7100000000e+02	7.4179308510e-03	1.9845523499e-03	3.1774143281e-05	3.2959995685e-05
1.7200000000e+02	7.4509174353e-03	1.9526819679e-03	3.1966485276e-05	3.3013037754e-05
1.7300000000e+02	7.4839566587e-03	1.9206196493e-03	3.2158017396e-05	3.3065276492e-05
1.7400000000e+02	7.5170477257e-03	1.8883662015e-03	3.2348744392e-05	3.3116727388e-05
1.7500000000e+02	7.5501898559e-03	1.8559224273e-03	3.2538671021e-05	3.3167405579e-05
1.7600000000e+02	7.5833822842e-03	1.8232891247e-03	3.2727802043e-05	3.3217325858e-05
1.7700000000e+02	7.6166242598e-03	1.7904670868e-03	3.2916142220e-05	3.3266502682e-05
1.7800000000e+02	7.6499150465e-03	1.7574571023e-03	3.3103696316e-05	3.3314950179e-05
1.7900000000e+02	7.6832539217e-03	1.7242599546e-03	3.3290469090e-05	3.3362682162e-05
1.8000000000e+02	7.7166401768e-03	1.6908764229e-03	3.3476465299e-05	3.3409712131e-05
1.8100000000e+02	7.7500731164e-03	1.6573072813e-03	3.3661689696e-05	3.3456053283e-05
1.8200000000e+02	7.7835520581e-03	1.6235532992e-03	3.3846147027e-05	3.3501718522e-05
1.8300000000e+02	7.8170763323e-03	1.5896152414e-03	3.4029842027e-05	3.3546720461e-05
1.8400000000e+02	7.8506452820e-03	1.5554938677e-03	3.4212779425e-05	3.3591071436e-05
1.8500000000e+02	7.8842582622e-03	1.5211899335e-03	3.4394963939e-05	3.3634783506e-05
1.8600000000e+02	7.9179146400e-03	1.4867041892e-03	3.4576400273e-05	3.3677868468e-05
1.8700000000e+02	7.9516137940e-03	1.4520373808e-03	3.4757093119e-05	3.3720337855e-05
1.8800000000e+02	7.9853551143e-03	1.4171902493e-03	3.4937047154e-05	3.3762202948e-05
1.8900000000e+02	8.0191380021e-03	1.3821635312e-03	3.5116267042e-05	3.3803474782e-05
1.9000000000e+02	8.0529618697e-03	1.3469579583e-03	3.5294757428e-05	3.3844164149e-05
1.9100000000e+02	8.0868261398e-03	1.3115742579e-03	3.5472522942e-05	3.3884281608e-05
1.9200000000e+02	8.1207302457e-03	1.2760131525e-03	3.5649568193e-05	3.3923837488e-05
1.9300000000e+02	8.1546736309e-03	1.2402753601e-03	3.5825897776e-05	3.3962841893e-05
1.9400000000e+02	8.1886557490e-03	1.2043615940e-03	3.6001516263e-05	3.4001304712e-05
1.9500000000e+02	8.2226760630e-03	1.1682725631e-03	3.6176428205e-05	3.4039235619e-05
1.9600000000e+02	8.2567340460e-03	1.1320089716e-03	3.6350638135e-05	3.4076644083e-05
1.9700000000e+02	8.2908291802e-03	1.0955715193e-03	3.6524150563e-05	3.4113539367e-05
1.9800000000e+02	8.3249609567e-03	1.0589609015e-03	3.6696969976e-05	3.4149930540e-05
1.9900000000e+02	8.3591288762e-03	1.0221778089e-03	3.6869100841e-05	3.4185826476e-05
2.0000000000e+02	8.3933324475e-03	9.8522292785e-04	3.7040547598e-05	3.4221235864e-05
2.0100000000e+02	8.4275711885e-03	9.4809694026e-04	3.7211314668e-05	3.4256167208e-05
2.0200000000e+02	8.4618446254e-03	9.1080052361e-04	3.7381406444e-05	3.4290628831e-05
2.0300000000e+02	8.4961522923e-03	8.7333435101e-04	3.7550827297e-05	3.4324628885e-05
2.0400000000e+02	8.5304937319e-03	8.3569909121e-04	3.7719581572e-05	3.4358175350e-05
2.0500000000e+02	8.5648684945e-03	7.9789540862e-04	3.7887673589e-05	3.4391276039e-05
2.0600000000e+02	8.5992761380e-03	7.5992396335e-04	3.8055107644e-05	3.4423938605e-05
2.0700000000e+02	8.6337162281e-03	7.2178541123e-04	3.8221888004e-05	3.4456170540e-05
2.0800000000e+02	8.6681883380e-03	6.8348040383e-04	3.8388018914e-05	3.4487979182e-05
2.0900000000e+02	8.7026920478e-03	6.4500958848e-04	3.8553504590e-05	3.4519371720e-05
2.1000000000e+02	8.7372269450e-03	6.0637360833e-04	3.8718349222e-05	3.4550355192e-05
2.1100000000e+02	8.7717926241e-03	5.6757310233e-04	3.8882556975e-05	3.4580936496e-05
2.1200000000e+02	8.8063886862e-03	5.2860870529e-04	3.9046131986e-05	3.4611122387e-05
2.1300000000e+02	8.8410147393e-03	4.8948104790e-04	3.9209078363e-05	3.4640919483e-05
2.1400000000e+02	8.8756703978e-03	4.5019075675e-04	3.9371400192e-05	3.4670334268e-05
2.1500000000e+02	8.9103552825e-03	4.1073845435e-04	3.9533101526e-05	3.4699373097e-05
2.1600000000e+02	8.9450690207e-03	3.7112475918e-04	3.9694186396e-05	3.4728042194e-05
2.1700000000e+02	8.9798112457e-03	3.3135028571e-04	3.9854658802e-05	3.4756347661e-05
2.1800000000e+02	9.0145815968e-03	2.9141564441e-04	4.0014522717e-05	3.4784295477e-05
2.1900000000e+02	9.0493797194e-03	2.5132144179e-04	4.0173782089e-05	3.4811891502e-05
2.2000000000e+02	9.0842052645e-03	2.1106828044e-04	4.0332440837e-05	3.4839141478e-05
2.2100000000e+02	9.1190578889e-03	1.7065675903e-04	4.0490502850e-05	3.4866051036e-05
2.2200000000e+02	9.1539372549e-03	1.3008747236e-04	4.0647971993e-05	3.4892625693e-05
2.2300000000e+02	9.1888430304e-03	8.9361011386e-05	4.0804852103e-05	3.4918870862e-05
2.2400000000e+02	9.2237748886e-03	4.8477963230e-05	4.0961146988e-05	3.4944791844e-05
2.2500000000e+02	9.2587325078e-03	7.4389112244e-06	4.1116860429e-05	3.4970393841e-05
2.2600000000e+02	9.2937155716e-03	-3.3755565065e-05	4.1271996180e-05	3.4995681952e-05
2.2700000000e+02	9.3287237687e-03	-7.5104889815e-05	4.1426557967e-05	3.5020661177e-05
2.2800000000e+02	9.3637567927e-03	-1.1660849091e-04	4.1580549489e-05	3.5045336419e-05
2.2900000000e+02	9.3988143418e-03	-1.5826579993e-04	4.1733974418e-05	3.5069712486e-05
2.3000000000e+02	9.4338961195e-03	-2.0007625210e-04	4.1886836398e-05	3.5093794095e-05
2.3100000000e+02	9.4690018334e-03	-2.4203928628e-04	4.2039139046e-05	3.5117585871e-05
2.3200000000e+02	9.5041311961e-03	-2.8415434494e-04	4.2190885953e-05	3.5141092352e-05
2.3300000000e+02	9.5392839245e-03	-3.2642087413e-04	4.2342080681e-05	3.5164317989e-05
2.3400000000e+02	9.5744597399e-03	-3.6883832343e-04	4.2492726767e-05	3.5187267148e-05
2.3500000000e+02	9.6096583681e-03	-4.1140614595e-04	4.2642827719e-05	3.5209944113e-05
2.3600000000e+02	9.6448795388e-03	-4.5412379831e-04	4.2792387022e-05	3.5232353087e-05
2.3700000000e+02	9.6801229863e-03	-4.9699074060e-04	4.2941408130e-05	3.5254498193e-05
2.3800000000e+02	9.7153884486e-03	-5.4000643632e-04	4.3089894475e-05	3.5276383479e-05
2.3900000000e+02	9.7506756680e-03	-5.8317035243e-04	4.3237849458e-05	3.5298012915e-05
2.4000000000e+02	9.7859843905e-03	-6.2648195924e-04	4.3385276457e-05	3.5319390398e-05
2.4100000000e+02	9.8213143661e-03	-6.6994073046e-04	4.3532178824e-05	3.5340519753e-05
2.4200000000e+02	9.8566653485e-03	-7.1354614312e-04	4.3678559883e-05	3.5361404733e-05
2.4300000000e+02	9.8920370953e-03	-7.5729767756e-04	4.3824422934e-05	3.5382049023e-05
2.4400000000e+02	9.9274293675e-03	-8.0119481741e-04	4.3969771250e-05	3.5402456240e-05
2.4500000000e+02	9.9628419299e-03	-8.4523704956e-04	4.4114608080e-05	3.5422629935e-05
2.4600000000e+02	9.9982745507e-03	-8.8942386415e-04	4.4258936646e-05	3.5442573592e-05
2.4700000000e+02	1.0033727002e-02	-9.3375475450e-04	4.4402760146e-05	3.5462290634e-05
2.4800000000e+02	1.0069199058e-02	-9.7822921714e-04	4.4546081753e-05	3.5481784420e-05
2.4900000000e+02	1.0104690497e-02	-1.0228467518e-03	4.4688904614e-05	3.5501058250e-05
2.5000000000e+02	1.0140201102e-02	-1.0676068612e-03	4.4831231852e-05	3.5520115364e-05
2.5100000000e+02	1.0175730657e-02	-1.1125090513e-03	4.4973066566e-05	3.5538958941e-05
2.5200000000e+02	1.0211278950e-02	-1.1575528311e-03	4.5114411828e-05	3.5557592107e-05
2.5300000000e+02	1.0246845772e-02	-1.2027377128e-03	4.5255270690e-05	3.5576017930e-05
2.5400000000e+02	1.0282430917e-02	-1.2480632114e-03	4.5395646176e-05	3.5594239423e-05
2.5500000000e+02	1.0318034183e-02	-1.2935288450e-03	4.5535541288e-05	3.5612259546e-05
2.5600000000e+02	1.0353655370e-02	-1.3391341348e-03	4.5674959004e-05	3.5630081207e-05
2.5700000000e+02	1.0389294281e-02	-1.3848786049e-03	4.5813902279e-05	3.5647707262e-05
2.5800000000e+02	1.0424950721e-02	-1.4307617822e-03	4.5952374042e-05	3.5665140517e-05
2.5900000000e+02	1.0460624498e-02	-1.4767831968e-03	4.6090377201e-05	3.5682383728e-05
2.6000000000e+02	1.0496315426e-02	-1.5229423814e-03	4.6227914642e-05	3.5699439604e-05
2.6100000000e+02	1.0532023316e-02	-1.5692388718e-03	4.6364989225e-05	3.5716310806e-05
2.6200000000e+02	1.0567747986e-02	-1.6156722065e-03	4.6501603790e-05	3.5732999950e-05
2.6300000000e+02	1.0603489256e-02	-1.6622419270e-03	4.6637761152e-05	3.5749509604e-05
2.6400000000e+02	1.0639246947e-02	-1.7089475773e-03	4.6773464106e-05	3.5765842293e-05
2.6500000000e+02	1.0675020883e-02	-1.7557887046e-03	4.6908715423e-05	3.5782000500e-05
2.6600000000e+02	1.0710810890e-02	-1.8027648586e-03	4.7043517853e-05	3.5797986663e-05
2.6700000000e+02	1.0746616799e-02	-1.8498755916e-03	4.7177874123e-05	3.5813803180e-05
2.6800000000e+02	1.0782438441e-02	-1.8971204590e-03	4.7311786940e-05	3.5829452406e-05
2.6900000000e+02	1.0818275649e-02	-1.9444990186e-03	4.7445258988e-05	3.5844936659e-05
2.7000000000e+02	1.0854128260e-02	-1.9920108309e-03	4.7578292929e-05	3.5860258214e-05
2.7100000000e+02	1.0889996112e-02	-2.0396554593e-03	4.7710891407e-05	3.5875419310e-05
2.7200000000e+02	1.0925879046e-02	-2.0874324695e-03	4.7843057042e-05	3.5890422148e-05
2.7300000000e+02	1.0961776904e-02	-2.1353414299e-03	4.7974792433e-05	3.5905268891e-05
2.7400000000e+02	1.0997689532e-02	-2.1833819118e-03	4.8106100161e-05	3.5919961667e-05
2.7500000000e+02	1.1033616777e-02	-2.2315534886e-03	4.8236982784e-05	3.5934502568e-05
2.7600000000e+02	1.1069558488e-02	-2.2798557365e-03	4.8367442841e-05	3.5948893649e-05
2.7700000000e+02	1.1105514515e-02	-2.3282882342e-03	4.8497482850e-05	3.5963136934e-05
2.7800000000e+02	1.1141484713e-02	-2.3768505630e-03	4.8627105309e-05	3.5977234412e-05
2.7900000000e+02	1.1177468936e-02	-2.4255423065e-03	4.8756312697e-05	3.5991188039e-05
2.8000000000e+02	1.1213467042e-02	-2.4743630509e-03	4.8885107473e-05	3.6004999740e-05
2.8100000000e+02	1.1249478889e-02	-2.5233123847e-03	4.9013492076e-05	3.6018671406e-05
2.8200000000e+02	1.1285504338e-02	-2.5723898991e-03	4.9141468927e-05	3.6032204899e-05
2.8300000000e+02	1.1321543253e-02	-2.6215951875e-03	4.9269040426e-05	3.6045602051e-05
2.8400000000e+02	1.1357595498e-02	-2.6709278456e-03	4.9396208955e-05	3.6058864663e-05
2.8500000000e+02	1.1393660938e-02	-2.7203874718e-03	4.9522976877e-05	3.6071994506e-05
2.8600000000e+02	1.1429739443e-02	-2.7699736666e-03	4.9649346537e-05	3.6084993324e-05
2.8700000000e+02	1.1465830882e-02	-2.8196860329e-03	4.9775320260e-05	3.6097862833e-05
2.8800000000e+02	1.1501935126e-02	-2.8695241759e-03	4.9900900354e-05	3.6110604720e-05
2.8900000000e+02	1.1538052049e-02	-2.9194877032e-03	5.0026089109e-05	3.6123220645e-05
2.9000000000e+02	1.1574181526e-02	-2.9695762245e-03	5.0150888794e-05	3.6135712243e-05
2.9100000000e+02	1.1610323433e-02	-3.0197893518e-03	5.0275301665e-05	3.6148081121e-05
2.9200000000e+02	1.1646477648e-02	-3.0701266996e-03	5.0399329957e-05	3.6160328863e-05
2.9300000000e+02	1.1682644051e-02	-3.1205878843e-03	5.0522975887e-05	3.6172457025e-05
2.9400000000e+02	1.1718822522e-02	-3.1711725247e-03	5.0646241657e-05	3.6184467139e-05
2.9500000000e+02	1.1755012946e-02	-3.2218802416e-03	5.0769129450e-05	3.6196360716e-05
2.9600000000e+02	1.1791215206e-02	-3.2727106583e-03	5.0891641432e-05	3.6208139239e-05
2.9700000000e+02	1.1827429187e-02	-3.3236633999e-03	5.1013779753e-05	3.6219804170e-05
2.9800000000e+02	1.1863654777e-02	-3.3747380939e-03	5.1135546545e-05	3.6231356947e-05
2.9900000000e+02	1.1899891864e-02	-3.4259343699e-03	5.1256943925e-05	3.6242798987e-05
3.0000000000e+02	1.1936140338e-02	-3.4772518594e-03	5.1377973991e-05	3.6254131685e-05
3.0100000000e+02	1.1972400091e-02	-3.5286901961e-03	5.1498638828e-05	3.6265356413e-05
3.0200000000e+02	1.2008671015e-02	-3.5802490160e-03	5.1618940501e-05	3.6276474521e-05
3.0300000000e+02	1.2044953005e-02	-3.6319279568e-03	5.1738881062e-05	3.6287487342e-05
3.0400000000e+02	1.2081245955e-02	-3.6837266584e-03	5.1858462545e-05	3.6298396186e-05
3.0500000000e+02	1.2117549763e-02	-3.7356447628e-03	5.1977686970e-05	3.6309202341e-05
3.0600000000e+02	1.2153864326e-02	-3.7876819140e-03	5.2096556341e-05	3.6319907080e-05
3.0700000000e+02	1.2190189544e-02	-3.8398377578e-03	5.2215072644e-05	3.6330511652e-05
3.0800000000e+02	1.2226525317e-02	-3.8921119422e-03	5.2333237853e-05	3.6341017290e-05
3.0900000000e+02	1.2262871546e-02	-3.9445041171e-03	5.2451053926e-05	3.6351425207e-05
3.1000000000e+02	1.2299228135e-02	-3.9970139344e-03	5.2568522804e-05	3.6361736599e-05
3.1100000000e+02	1.2335594987e-02	-4.0496410477e-03	5.2685646415e-05	3.6371952642e-05
3.1200000000e+02	1.2371972009e-02	-4.1023851127e-03	5.2802426671e-05	3.6382074496e-05
3.1300000000e+02	1.2408359105e-02	-4.1552457872e-03	5.2918865471e-05	3.6392103303e-05
3.1400000000e+02	1.2444756185e-02	-4.2082227305e-03	5.3034964698e-05	3.6402040188e-05
3.1500000000e+02	1.2481163155e-02	-4.2613156040e-03	5.3150726220e-05	3.6411886258e-05
3.1600000000e+02	1.2517579927e-02	-4.3145240710e-03	5.3266151893e-05	3.6421642606e-05
3.1700000000e+02	1.2554006411e-02	-4.3678477965e-03	5.3381243557e-05	3.6431310308e-05
3.1800000000e+02	1.2590442519e-02	-4.4212864474e-03	5.3496003038e-05	3.6440890422e-05
3.1900000000e+02	1.2626888163e-02	-4.4748396924e-03	5.3610432149e-05	3.6450383993e-05
3.2000000000e+02	1.2663343258e-02	-4.5285072021e-03	5.3724532688e-05	3.6459792050e-05
3.2100000000e+02	1.2699807719e-02	-4.5822886489e-03	5.3838306442e-05	3.6469115606e-05
3.2200000000e+02	1.2736281462e-02	-4.6361837067e-03	5.3951755181e-05	3.6478355660e-05
3.2300000000e+02	1.2772764403e-02	-4.6901920515e-03	5.4064880663e-05	3.6487513196e-05
3.2400000000e+02	1.2809256461e-02	-4.7443133608e-03	5.4177684635e-05	3.6496589184e-05
3.2500000000e+02	1.2845757554e-02	-4.7985473141e-03	5.4290168826e-05	3.6505584581e-05
3.2600000000e+02	1.2882267603e-02	-4.8528935925e-03	5.4402334957e-05	3.6514500327e-05
3.2700000000e+02	1.2918786529e-02	-4.9073518786e-03	5.4514184732e-05	3.6523337352e-05
3.2800000000e+02	1.2955314252e-02	-4.9619218570e-03	5.4625719845e-05	3.6532096571e-05
3.2900000000e+02	1.2991850696e-02	-5.0166032140e-03	5.4736941976e-05	3.6540778886e-05
3.3000000000e+02	1.3028395785e-02	-5.0713956372e-03	5.4847852793e-05	3.6549385185e-05
3.3100000000e+02	1.3064949442e-02	-5.1262988163e-03	5.4958453951e-05	3.6557916345e-05
3.3200000000e+02	1.3101511592e-02	-5.1813124425e-03	5.5068747093e-05	3.6566373231e-05
3.3300000000e+02	1.3138082164e-02	-5.2364362084e-03	5.5178733850e-05	3.6574756694e-05
3.3400000000e+02	1.3174661082e-02	-5.2916698086e-03	5.5288415839e-05	3.6583067573e-05
3.3500000000e+02	1.3211248275e-02	-5.3470129390e-03	5.5397794668e-05	3.6591306696e-05
3.3600000000e+02	1.3247843671e-02	-5.4024652974e-03	5.5506871931e-05	3.6599474879e-05
3.3700000000e+02	1.3284447201e-02	-5.4580265829e-03	5.5615649211e-05	3.6607572928e-05
3.3800000000e+02	1.3321058794e-02	-5.5136964963e-03	5.5724128078e-05	3.6615601635e-05
3.3900000000e+02	1.3357678382e-02	-5.5694747401e-03	5.5832310093e-05	3.6623561782e-05
3.4000000000e+02	1.3394305895e-02	-5.6253610181e-03	5.5940196804e-05	3.6631454142e-05
3.4100000000e+02	1.3430941267e-02	-5.6813550358e-03	5.6047789746e-05	3.6639279475e-05
3.4200000000e+02	1.3467584432e-02	-5.7374565002e-03	5.6155090445e-05	3.6647038530e-05
3.4300000000e+02	1.3504235323e-02	-5.7936651198e-03	5.6262100415e-05	3.6654732048e-05
3.4400000000e+02	1.3540893874e-02	-5.8499806046e-03	5.6368821160e-05	3.6662360759e-05
3.4500000000e+02	1.3577560023e-02	-5.9064026662e-03	5.6475254171e-05	3.6669925382e-05
3.4600000000e+02	1.3614233704e-02	-5.9629310175e-03	5.6581400930e-05	3.6677426626e-05
3.4700000000e+02	1.3650914855e-02	-6.0195653731e-03	5.6687262906e-05	3.6684865192e-05
3.4800000000e+02	1.3687603414e-02	-6.0763054489e-03	5.6792841560e-05	3.6692241770e-05
3.4900000000e+02	1.3724299318e-02	-6.1331509623e-03	5.6898138340e-05	3.6699557040e-05
3.5000000000e+02	1.3761002508e-02	-6.1901016321e-03	5.7003154685e-05	3.6706811676e-05
3.5100000000e+02	1.3797712922e-02	-6.2471571786e-03	5.7107892024e-05	3.6714006339e-05
3.5200000000e+02	1.3834430501e-02	-6.3043173236e-03	5.7212351773e-05	3.6721141684e-05
3.5300000000e+02	1.3871155186e-02	-6.3615817901e-03	5.7316535342e-05	3.6728218354e-05
3.5400000000e+02	1.3907886918e-02	-6.4189503027e-03	5.7420444126e-05	3.6735236987e-05
3.5500000000e+02	1.3944625640e-02	-6.4764225872e-03	5.7524079514e-05	3.6742198210e-05
3.5600000000e+02	1.3981371295e-02	-6.5339983710e-03	5.7627442883e-05	3.6749102643e-05
3.5700000000e+02	1.4018123827e-02	-6.5916773828e-03	5.7730535601e-05	3.6755950897e-05
3.5800000000e+02	1.4054883179e-02	-6.6494593525e-03	5.7833359026e-05	3.6762743574e-05
3.5900000000e+02	1.4091649296e-02	-6.7073440115e-03	5.7935914505e-05	3.6769481269e-05
3.6000000000e+02	1.4128422123e-02	-6.7653310926e-03	5.8038203377e-05	3.6776164571e-05
3.6100000000e+02	1.4165201607e-02	-6.8234203299e-03	5.8140226972e-05	3.6782794057e-05
3.6200000000e+02	1.4201987694e-02	-6.8816114586e-03	5.8241986608e-05	3.6789370300e-05
3.6300000000e+02	1.4238780330e-02	-6.9399042155e-03	5.8343483596e-05	3.6795893863e-05
3.6400000000e+02	1.4275579464e-02	-6.9982983387e-03	5.8444719238e-05	3.6802365305e-05
3.6500000000e+02	1.4312385043e-02	-7.0567935673e-03	5.8545694824e-05	3.6808785173e-05
3.6600000000e+02	1.4349197017e-02	-7.1153896421e-03	5.8646411637e-05	3.6815154012e-05
3.6700000000e+02	1.4386015335e-02	-7.1740863048e-03	5.8746870952e-05	3.6821472355e-05
3.6800000000e+02	1.4422839945e-02	-7.2328832985e-03	5.8847074032e-05	3.6827740731e-05
3.6900000000e+02	1.4459670800e-02	-7.2917803678e-03	5.8947022134e-05	3.6833959662e-05
3.7000000000e+02	1.4496507848e-02	-7.3507772582e-03	5.9046716504e-05	3.6840129663e-05
3.7100000000e+02	1.4533351043e-02	-7.4098737167e-03	5.9146158381e-05	3.6846251241e-05
3.7200000000e+02	1.4570200335e-02	-7.4690694912e-03	5.9245348995e-05	3.6852324898e-05
3.7300000000e+02	1.4607055677e-02	-7.5283643313e-03	5.9344289566e-05	3.6858351131e-05
3.7400000000e+02	1.4643917021e-02	-7.5877579874e-03	5.9442981307e-05	3.6864330426e-05
3.7500000000e+02	1.4680784322e-02	-7.6472502114e-03	5.9541425423e-05	3.6870263268e-05
3.7600000000e+02	1.4717657533e-02	-7.7068407561e-03	5.9639623108e-05	3.6876150132e-05
3.7700000000e+02	1.4754536607e-02	-7.7665293759e-03	5.9737575552e-05	3.6881991489e-05
3.7800000000e+02	1.4791421501e-02	-7.8263158259e-03	5.9835283932e-05	3.6887787803e-05
3.7900000000e+02	1.4828312168e-02	-7.8861998628e-03	5.9932749421e-05	3.6893539533e-05
3.8000000000e+02	1.4865208565e-02	-7.9461812442e-03	6.0029973182e-05	3.6899247133e-05
3.8100000000e+02	1.4902110648e-02	-8.0062597289e-03	6.0126956369e-05	3.6904911048e-05
3.8200000000e+02	1.4939018373e-02	-8.0664350771e-03	6.0223700130e-05	3.6910531721e-05
3.8300000000e+02	1.4975931697e-02	-8.1267070498e-03	6.0320205605e-05	3.6916109588e-05
3.8400000000e+02	1.5012850578e-02	-8.1870754092e-03	6.0416473924e-05	3.6921645078e-05
3.8500000000e+02	1.5049774973e-02	-8.2475399189e-03	6.0512506213e-05	3.6927138619e-05
3.8600000000e+02	1.5086704841e-02	-8.3081003434e-03	6.0608303587e-05	3.6932590628e-05
3.8700000000e+02	1.5123640141e-02	-8.3687564482e-03	6.0703867154e-05	3.6938001521e-05
3.8800000000e+02	1.5160580831e-02	-8.4295080001e-03	6.0799198017e-05	3.6943371709e-05
3.8900000000e+02	1.5197526871e-02	-8.4903547670e-03	6.0894297269e-05	3.6948701594e-05
3.9000000000e+02	1.5234478220e-02	-8.5512965178e-03	6.0989165995e-05	3.6953991577e-05
3.9100000000e+02	1.5271434841e-02	-8.6123330225e-03	6.1083805276e-05	3.6959242052e-05
3.9200000000e+02	1.5308396691e-02	-8.6734640522e-03	6.1178216183e-05	3.6964453410e-05
3.9300000000e+02	1.5345363734e-02	-8.7346893791e-03	6.1272399780e-05	3.6969626035e-05
3.9400000000e+02	1.5382335931e-02	-8.7960087764e-03	6.1366357125e-05	3.6974760308e-05
3.9500000000e+02	1.5419313242e-02	-8.8574220183e-03	6.1460089267e-05	3.6979856604e-05
3.9600000000e+02	1.5456295631e-02	-8.9189288802e-03	6.1553597252e-05	3.6984915295e-05
3.9700000000e+02	1.5493283061e-02	-8.9805291384e-03	6.1646882113e-05	3.6989936747e-05
3.9800000000e+02	1.5530275493e-02	-9.0422225704e-03	6.1739944882e-05	3.6994921322e-05
3.9900000000e+02	1.5567272891e-02	-9.1040089545e-03	6.1832786580e-05	3.6999869379e-05
4.0000000000e+02	1.5604275219e-02	-9.1658880702e-03	6.1925408224e-05	3.7004781271e-05
4.0100000000e+02	1.5641282442e-02	-9.2278596979e-03	6.2017810822e-05	3.7009657348e-05
4.0200000000e+02	1.5678294522e-02	-9.2899236191e-03	6.2109995377e-05	3.7014497954e-05
4.0300000000e+02	1.5715311426e-02	-9.3520796163e-03	6.2201962884e-05	3.7019303431e-05
4.0400000000e+02	1.5752333117e-02	-9.4143274729e-03	6.2293714333e-05	3.7024074115e-05
4.0500000000e+02	1.5789359563e-02	-9.4766669733e-03	6.2385250706e-05	3.7028810340e-05
4.0600000000e+02	1.5826390727e-02	-9.5390979029e-03	6.2476572980e-05	3.7033512434e-05
4.0700000000e+02	1.5863426576e-02	-9.6016200482e-03	6.2567682124e-05	3.7038180724e-05
4.0800000000e+02	1.5900467077e-02	-9.6642331965e-03	6.2658579102e-05	3.7042815529e-05
4.0900000000e+02	1.5937512196e-02	-9.7269371360e-03	6.2749264871e-05	3.7047417168e-05
4.1000000000e+02	1.5974561900e-02	-9.7897316561e-03	6.2839740382e-05	3.7051985954e-05
4.1100000000e+02	1.6011616157e-02	-9.8526165470e-03	6.2930006580e-05	3.7056522198e-05
4.1200000000e+02	1.6048674934e-02	-9.9155915998e-03	6.3020064403e-05	3.7061026206e-05
4.1300000000e+02	1.6085738199e-02	-9.9786566067e-03	6.3109914784e-05	3.7065498281e-05
4.1400000000e+02	1.6122805920e-02	-1.0041811361e-02	6.3199558649e-05	3.7069938722e-05
4.1500000000e+02	1.6159878066e-02	-1.0105055655e-02	6.3288996919e-05	3.7074347825e-05
4.1600000000e+02	1.6196954605e-02	-1.0168389286e-02	6.3378230509e-05	3.7078725882e-05
4.1700000000e+02	1.6234035508e-02	-1.0231812049e-02	6.3467260326e-05	3.7083073184e-05
4.1800000000e+02	1.6271120742e-02	-1.0295323739e-02	6.3556087275e-05	3.7087390015e-05
4.1900000000e+02	1.6308210277e-02	-1.0358924156e-02	6.3644712251e-05	3.7091676657e-05
4.2000000000e+02	1.6345304085e-02	-1.0422613097e-02	6.3733136147e-05	3.7095933391e-05
4.2100000000e+02	1.6382402134e-02	-1.0486390361e-02	6.3821359847e-05	3.7100160492e-05
4.2200000000e+02	1.6419504396e-02	-1.0550255750e-02	6.3909384232e-05	3.7104358233e-05
4.2300000000e+02	1.6456610841e-02	-1.0614209064e-02	6.3997210177e-05	3.7108526884e-05
4.2400000000e+02	1.6493721440e-02	-1.0678250104e-02	6.4084838549e-05	3.7112666711e-05
4.2500000000e+02	1.6530836165e-02	-1.0742378675e-02	6.4172270212e-05	3.7116777978e-05
4.2600000000e+02	1.6567954987e-02	-1.0806594580e-02	6.4259506024e-05	3.7120860945e-05
4.2700000000e+02	1.6605077878e-02	-1.0870897622e-02	6.4346546838e-05	3.7124915871e-05
4.2800000000e+02	1.6642204809e-02	-1.0935287609e-02	6.4433393500e-05	3.7128943010e-05
4.2900000000e+02	1.6679335754e-02	-1.0999764345e-02	6.4520046851e-05	3.7132942614e-05
4.3000000000e+02	1.6716470685e-02	-1.1064327638e-02	6.4606507729e-05	3.7136914932e-05
4.3100000000e+02	1.6753609575e-02	-1.1128977296e-02	6.4692776964e-05	3.7140860211e-05
4.3200000000e+02	1.6790752397e-02	-1.1193713128e-02	6.4778855383e-05	3.7144778693e-05
4.3300000000e+02	1.6827899124e-02	-1.1258534944e-02	6.4864743805e-05	3.7148670620e-05
4.3400000000e+02	1.6865049729e-02	-1.1323442553e-02	6.4950443047e-05	3.7152536230e-05
4.3500000000e+02	1.6902204188e-02	-1.1388435767e-02	6.5035953919e-05	3.7156375759e-05
4.3600000000e+02	1.6939362472e-02	-1.1453514398e-02	6.5121277226e-05	3.7160189438e-05
4.3700000000e+02	1.6976524558e-02	-1.1518678259e-02	6.5206413769e-05	3.7163977499e-05
4.3800000000e+02	1.7013690419e-02	-1.1583927164e-02	6.5291364344e-05	3.7167740169e-05
4.3900000000e+02	1.7050860030e-02	-1.1649260926e-02	6.5376129741e-05	3.7171477674e-05
4.4000000000e+02	1.7088033366e-02	-1.1714679362e-02	6.5460710745e-05	3.7175190236e-05
4.4100000000e+02	1.7125210402e-02	-1.1780182287e-02	6.5545108137e-05	3.7178878075e-05
4.4200000000e+02	1.7162391114e-02	-1.1845769517e-02	6.5629322695e-05	3.7182541410e-05
4.4300000000e+02	1.7199575477e-02	-1.1911440871e-02	6.5713355187e-05	3.7186180455e-05
4.4400000000e+02	1.7236763467e-02	-1.1977196167e-02	6.5797206383e-05	3.7189795424e-05
4.4500000000e+02	1.7273955060e-02	-1.2043035224e-02	6.5880877042e-05	3.7193386529e-05
4.4600000000e+02	1.7311150232e-02	-1.2108957861e-02	6.5964367922e-05	3.7196953977e-05
4.4700000000e+02	1.7348348960e-02	-1.2174963900e-02	6.6047679776e-05	3.7200497974e-05
4.4800000000e+02	1.7385551220e-02	-1.2241053161e-02	6.6130813352e-05	3.7204018725e-05
4.4900000000e+02	1.7422756990e-02	-1.2307225468e-02	6.6213769392e-05	3.7207516432e-05
4.5000000000e+02	1.7459966245e-02	-1.2373480641e-02	6.6296548637e-05	3.7210991294e-05
4.5100000000e+02	1.7497178965e-02	-1.2439818506e-02	6.6379151820e-05	3.7214443509e-05
4.5200000000e+02	1.7534395125e-02	-1.2506238886e-02	6.6461579671e-05	3.7217873272e-05
4.5300000000e+02	1.7571614704e-02	-1.2572741607e-02	6.6543832916e-05	3.7221280776e-05
4.5400000000e+02	1.7608837679e-02	-1.2639326494e-02	6.6625912276e-05	3.7224666214e-05
4.5500000000e+02	1.7646064029e-02	-1.2705993374e-02	6.6707818468e-05	3.7228029773e-05
4.5600000000e+02	1.7683293731e-02	-1.2772742074e-02	6.6789552204e-05	3.7231371641e-05
4.5700000000e+02	1.7720526765e-02	-1.2839572421e-02	6.6871114193e-05	3.7234692004e-05
4.5800000000e+02	1.7757763108e-02	-1.2906484245e-02	6.6952505139e-05	3.7237991044e-05
4.5900000000e+02	1.7795002740e-02	-1.2973477375e-02	6.7033725740e-05	3.7241268943e-05
4.6000000000e+02	1.7832245639e-02	-1.3040551640e-02	6.7114776694e-05	3.7244525881e-05
4.6100000000e+02	1.7869491785e-02	-1.3107706872e-02	6.7195658691e-05	3.7247762034e-05
4.6200000000e+02	1.7906741156e-02	-1.3174942901e-02	6.7276372419e-05	3.7250977579e-05
4.6300000000e+02	1.7943993733e-02	-1.3242259561e-02	6.7356918562e-05	3.7254172689e-05
4.6400000000e+02	1.7981249495e-02	-1.3309656683e-02	6.7437297797e-05	3.7257347536e-05
4.6500000000e+02	1.8018508422e-02	-1.3377134101e-02	6.7517510801e-05	3.7260502291e-05
4.6600000000e+02	1.8055770493e-02	-1.3444691649e-02	6.7597558245e-05	3.7263637121e-05
4.6700000000e+02	1.8093035689e-02	-1.3512329162e-02	6.7677440796e-05	3.7266752194e-05
4.6800000000e+02	1.8130303991e-02	-1.3580046476e-02	6.7757159117e-05	3.7269847674e-05
4.6900000000e+02	1.8167575378e-02	-1.3647843426e-02	6.7836713869e-05	3.7272923725e-05
4.7000000000e+02	1.8204849832e-02	-1.3715719850e-02	6.7916105705e-05	3.7275980508e-05
4.7100000000e+02	1.8242127333e-02	-1.3783675584e-02	6.7995335279e-05	3.7279018183e-05
4.7200000000e+02	1.8279407862e-02	-1.3851710466e-02	6.8074403238e-05	3.7282036908e-05
4.7300000000e+02	1.8316691400e-02	-1.3919824336e-02	6.8153310226e-05	3.7285036840e-05
4.7400000000e+02	1.8353977929e-02	-1.3988017033e-02	6.8232056883e-05	3.7288018133e-05
4.7500000000e+02	1.8391267430e-02	-1.4056288397e-02	6.8310643847e-05	3.7290980942e-05
4.7600000000e+02	1.8428559885e-02	-1.4124638268e-02	6.8389071750e-05	3.7293925417e-05
4.7700000000e+02	1.8465855275e-02	-1.4193066488e-02	6.8467341222e-05	3.7296851710e-05
4.7800000000e+02	1.8503153583e-02	-1.4261572898e-02	6.8545452888e-05	3.7299759969e-05
4.7900000000e+02	1.8540454789e-02	-1.4330157341e-02	6.8623407370e-05	3.7302650341e-05
4.8000000000e+02	1.8577758877e-02	-1.4398819660e-02	6.8701205287e-05	3.7305522972e-05
4.8100000000e+02	1.8615065829e-02	-1.4467559700e-02	6.8778847253e-05	3.7308378006e-05
4.8200000000e+02	1.8652375628e-02	-1.4536377303e-02	6.8856333881e-05	3.7311215586e-05
4.8300000000e+02	1.8689688255e-02	-1.4605272316e-02	6.8933665777e-05	3.7314035854e-05
4.8400000000e+02	1.8727003694e-02	-1.4674244583e-02	6.9010843547e-05	3.7316838948e-05
4.8500000000e+02	1.8764321927e-02	-1.4743293952e-02	6.9087867791e-05	3.7319625009e-05
4.8600000000e+02	1.8801642938e-02	-1.4812420268e-02	6.9164739106e-05	3.7322394173e-05
4.8700000000e+02	1.8838966710e-02	-1.4881623379e-02	6.9241458088e-05	3.7325146576e-05
4.8800000000e+02	1.8876293226e-02	-1.4950903133e-02	6.9318025326e-05	3.7327882351e-05
4.8900000000e+02	1.8913622469e-02	-1.5020259379e-02	6.9394441407e-05	3.7330601634e-05
4.9000000000e+02	1.8950954423e-02	-1.5089691966e-02	6.9470706917e-05	3.7333304554e-05
4.9100000000e+02	1.8988289073e-02	-1.5159200743e-02	6.9546822435e-05	3.7335991243e-05
4.9200000000e+02	1.9025626400e-02	-1.5228785561e-02	6.9622788540e-05	3.7338661829e-05
4.9300000000e+02	1.9062966391e-02	-1.5298446271e-02	6.9698605804e-05	3.7341316441e-05
4.9400000000e+02	1.9100309028e-02	-1.5368182723e-02	6.9774274800e-05	3.7343955206e-05
4.9500000000e+02	1.9137654296e-02	-1.5437994771e-02	6.9849796095e-05	3.7346578248e-05
4.9600000000e+02	1.9175002179e-02	-1.5507882266e-02	6.9925170254e-05	3.7349185691e-05
4.9700000000e+02	1.9212352662e-02	-1.5577845063e-02	7.0000397837e-05	3.7351777660e-05
4.9800000000e+02	1.9249705730e-02	-1.5647883013e-02	7.0075479404e-05	3.7354354274e-05
4.9900000000e+02	1.9287061366e-02	-1.5717995973e-02	7.0150415508e-05	3.7356915656e-05
5.0000000000e+02	1.9324419556e-02	-1.5788183796e-02	7.0225206704e-05	3.7359461924e-05
5.0100000000e+02	1.9361780285e-02	-1.5858446338e-02	7.0299853539e-05	3.7361993197e-05
5.0200000000e+02	1.9399143537e-02	-1.5928783455e-02	7.0374356559e-05	3.7364509591e-05
5.0300000000e+02	1.9436509299e-02	-1.5999195004e-02	7.0448716307e-05	3.7367011223e-05
5.0400000000e+02	1.9473877555e-02	-1.6069680840e-02	7.0522933324e-05	3.7369498207e-05
5.0500000000e+02	1.9511248290e-02	-1.6140240823e-02	7.0597008145e-05	3.7371970656e-05
5.0600000000e+02	1.9548621491e-02	-1.6210874809e-02	7.0670941306e-05	3.7374428685e-05
5.0700000000e+02	1.9585997143e-02	-1.6281582658e-02	7.0744733336e-05	3.7376872403e-05
5.0800000000e+02	1.9623375231e-02	-1.6352364229e-02	7.0818384765e-05	3.7379301922e-05
5.0900000000e+02	1.9660755742e-02	-1.6423219381e-02	7.0891896117e-05	3.7381717351e-05
5.1000000000e+02	1.9698138661e-02	-1.6494147975e-02	7.0965267914e-05	3.7384118798e-05
5.1100000000e+02	1.9735523975e-02	-1.6565149871e-02	7.1038500677e-05	3.7386506370e-05
5.1200000000e+02	1.9772911670e-02	-1.6636224930e-02	7.1111594921e-05	3.7388880174e-05
5.1300000000e+02	1.9810301731e-02	-1.6707373015e-02	7.1184551161e-05	3.7391240315e-05
5.1400000000e+02	1.9847694146e-02	-1.6778593987e-02	7.1257369907e-05	3.7393586897e-05
5.1500000000e+02	1.9885088900e-02	-1.6849887709e-02	7.1330051668e-05	3.7395920024e-05
5.1600000000e+02	1.9922485981e-02	-1.6921254044e-02	7.1402596949e-05	3.7398239798e-05
5.1700000000e+02	1.9959885375e-02	-1.6992692857e-02	7.1475006253e-05	3.7400546320e-05
5.1800000000e+02	1.9997287070e-02	-1.7064204012e-02	7.1547280080e-05	3.7402839690e-05
5.1900000000e+02	2.0034691050e-02	-1.7135787372e-02	7.1619418927e-05	3.7405120008e-05
5.2000000000e+02	2.0072097305e-02	-1.7207442805e-02	7.1691423289e-05	3.7407387373e-05
5.2100000000e+02	2.0109505821e-02	-1.7279170174e-02	7.1763293657e-05	3.7409641881e-05
5.2200000000e+02	2.0146916585e-02	-1.7350969348e-02	7.1835030522e-05	3.7411883630e-05
5.2300000000e+02	2.0184329584e-02	-1.7422840191e-02	7.1906634369e-05	3.7414112716e-05
5.2400000000e+02	2.0221744806e-02	-1.7494782572e-02	7.1978105683e-05	3.7416329233e-05
5.2500000000e+02	2.0259162238e-02	-1.7566796358e-02	7.2049444946e-05	3.7418533275e-05
5.2600000000e+02	2.0296581868e-02	-1.7638881418e-02	7.2120652636e-05	3.7420724935e-05
5.2700000000e+02	2.0334003684e-02	-1.7711037620e-02	7.2191729230e-05	3.7422904306e-05
5.2800000000e+02	2.0371427673e-02	-1.7783264833e-02	7.2262675201e-05	3.7425071479e-05
5.2900000000e+02	2.0408853823e-02	-1.7855562927e-02	7.2333491021e-05	3.7427226544e-05
5.3000000000e+02	2.0446282122e-02	-1.7927931772e-02	7.2404177158e-05	3.7429369591e-05
5.3100000000e+02	2.0483712558e-02	-1.8000371238e-02	7.2474734080e-05	3.7431500710e-05
5.3200000000e+02	2.0521145120e-02	-1.8072881197e-02	7.2545162249e-05	3.7433619987e-05
5.3300000000e+02	2.0558579794e-02	-1.8145461520e-02	7.2615462128e-05	3.7435727511e-05
5.3400000000e+02	2.0596016571e-02	-1.8218112079e-02	7.2685634175e-05	3.7437823367e-05
5.3500000000e+02	2.0633455437e-02	-1.8290832746e-02	7.2755678847e-05	3.7439907642e-05
5.3600000000e+02	2.0670896382e-02	-1.8363623394e-02	7.2825596598e-05	3.7441980421e-05
5.3700000000e+02	2.0708339394e-02	-1.8436483897e-02	7.2895387879e-05	3.7444041787e-05
5.3800000000e+02	2.0745784462e-02	-1.8509414128e-02	7.2965053141e-05	3.7446091823e-05
5.3900000000e+02	2.0783231574e-02	-1.8582413961e-02	7.3034592830e-05	3.7448130613e-05
5.4000000000e+02	2.0820680719e-02	-1.8655483272e-02	7.3104007391e-05	3.7450158238e-05
5.4100000000e+02	2.0858131887e-02	-1.8728621935e-02	7.3173297267e-05	3.7452174780e-05
5.4200000000e+02	2.0895585065e-02	-1.8801829825e-02	7.3242462897e-05	3.7454180318e-05
5.4300000000e+02	2.0933040244e-02	-1.8875106819e-02	7.3311504720e-05	3.7456174932e-05
5.4400000000e+02	2.0970497412e-02	-1.8948452793e-02	7.3380423171e-05	3.7458158702e-05
5.4500000000e+02	2.1007956558e-02	-1.9021867624e-02	7.3449218683e-05	3.7460131705e-05
5.4600000000e+02	2.1045417671e-02	-1.9095351190e-02	7.3517891687e-05	3.7462094019e-05
5.4700000000e+02	2.1082880742e-02	-1.9168903367e-02	7.3586442613e-05	3.7464045720e-05
5.4800000000e+02	2.1120345759e-02	-1.9242524035e-02	7.3654871887e-05	3.7465986886e-05
5.4900000000e+02	2.1157812712e-02	-1.9316213071e-02	7.3723179933e-05	3.7467917591e-05
5.5000000000e+02	2.1195281591e-02	-1.9389970354e-02	7.3791367173e-05	3.7469837910e-05
5.5100000000e+02	2.1232752385e-02	-1.9463795765e-02	7.3859434028e-05	3.7471747917e-05
5.5200000000e+02	2.1270225083e-02	-1.9537689182e-02	7.3927380916e-05	3.7473647686e-05
5.5300000000e+02	2.1307699677e-02	-1.9611650487e-02	7.3995208252e-05	3.7475537289e-05
5.5400000000e+02	2.1345176155e-02	-1.9685679559e-02	7.4062916451e-05	3.7477416799e-05
5.5500000000e+02	2.1382654507e-02	-1.9759776280e-02	7.4130505923e-05	3.7479286287e-05
5.5600000000e+02	2.1420134724e-02	-1.9833940531e-02	7.4197977078e-05	3.7481145824e-05
5.5700000000e+02	2.1457616795e-02	-1.9908172195e-02	7.4265330324e-05	3.7482995481e-05
5.5800000000e+02	2.1495100712e-02	-1.9982471153e-02	7.4332566065e-05	3.7484835326e-05
5.5900000000e+02	2.1532586463e-02	-2.0056837288e-02	7.4399684706e-05	3.7486665430e-05
5.6000000000e+02	2.1570074039e-02	-2.0131270483e-02	7.4466686648e-05	3.7488485860e-05
5.6100000000e+02	2.1607563431e-02	-2.0205770623e-02	7.4533572289e-05	3.7490296684e-05
5.6200000000e+02	2.1645054629e-02	-2.0280337589e-02	7.4600342026e-05	3.7492097970e-05
5.6300000000e+02	2.1682547624e-02	-2.0354971268e-02	7.4666996256e-05	3.7493889784e-05
5.6400000000e+02	2.1720042406e-02	-2.0429671543e-02	7.4733535371e-05	3.7495672193e-05
5.6500000000e+02	2.1757538965e-02	-2.0504438301e-02	7.4799959763e-05	3.7497445261e-05
5.6600000000e+02	2.1795037293e-02	-2.0579271425e-02	7.4866269820e-05	3.7499209054e-05
5.6700000000e+02	2.1832537380e-02	-2.0654170802e-02	7.4932465931e-05	3.7500963636e-05
5.6800000000e+02	2.1870039218e-02	-2.0729136319e-02	7.4998548480e-05	3.7502709071e-05
5.6900000000e+02	2.1907542796e-02	-2.0804167861e-02	7.5064517851e-05	3.7504445422e-05
5.7000000000e+02	2.1945048105e-02	-2.0879265317e-02	7.5130374425e-05	3.7506172752e-05
5.7100000000e+02	2.1982555138e-02	-2.0954428573e-02	7.5196118583e-05	3.7507891124e-05
5.7200000000e+02	2.2020063885e-02	-2.1029657517e-02	7.5261750702e-05	3.7509600598e-05
5.7300000000e+02	2.2057574336e-02	-2.1104952037e-02	7.5327271158e-05	3.7511301236e-05
5.7400000000e+02	2.2095086484e-02	-2.1180312022e-02	7.5392680324e-05	3.7512993099e-05
5.7500000000e+02	2.2132600320e-02	-2.1255737361e-02	7.5457978574e-05	3.7514676246e-05
5.7600000000e+02	2.2170115834e-02	-2.1331227942e-02	7.5523166278e-05	3.7516350738e-05
5.7700000000e+02	2.2207633018e-02	-2.1406783657e-02	7.5588243804e-05	3.7518016633e-05
5.7800000000e+02	2.2245151864e-02	-2.1482404393e-02	7.5653211518e-05	3.7519673989e-05
5.7900000000e+02	2.2282672363e-02	-2.1558090043e-02	7.5718069787e-05	3.7521322866e-05
5.8000000000e+02	2.2320194507e-02	-2.1633840497e-02	7.5782818972e-05	3.7522963320e-05
5.8100000000e+02	2.2357718287e-02	-2.1709655645e-02	7.5847459435e-05	3.7524595409e-05
5.8200000000e+02	2.2395243695e-02	-2.1785535379e-02	7.5911991537e-05	3.7526219189e-05
5.8300000000e+02	2.2432770723e-02	-2.1861479592e-02	7.5976415634e-05	3.7527834717e-05
5.8400000000e+02	2.2470299362e-02	-2.1937488175e-02	7.6040732083e-05	3.7529442047e-05
5.8500000000e+02	2.2507829604e-02	-2.2013561020e-02	7.6104941238e-05	3.7531041236e-05
5.8600000000e+02	2.2545361442e-02	-2.2089698022e-02	7.6169043453e-05	3.7532632338e-05
5.8700000000e+02	2.2582894866e-02	-2.2165899072e-02	7.6233039076e-05	3.7534215406e-05
5.8800000000e+02	2.2620429870e-02	-2.2242164064e-02	7.6296928459e-05	3.7535790496e-05
5.8900000000e+02	2.2657966445e-02	-2.2318492893e-02	7.6360711949e-05	3.7537357661e-05
5.9000000000e+02	2.2695504583e-02	-2.2394885453e-02	7.6424389891e-05	3.7538916953e-05
5.9100000000e+02	2.2733044276e-02	-2.2471341638e-02	7.6487962629e-05	3.7540468424e-05
5.9200000000e+02	2.2770585517e-02	-2.2547861343e-02	7.6551430507e-05	3.7542012128e-05
5.9300000000e+02	2.2808128298e-02	-2.2624444464e-02	7.6614793865e-05	3.7543548115e-05
5.9400000000e+02	2.2845672610e-02	-2.2701090896e-02	7.6678053042e-05	3.7545076437e-05
5.9500000000e+02	2.2883218448e-02	-2.2777800536e-02	7.6741208376e-05	3.7546597145e-05
5.9600000000e+02	2.2920765802e-02	-2.2854573279e-02	7.6804260203e-05	3.7548110288e-05
5.9700000000e+02	2.2958314666e-02	-2.2931409022e-02	7.6867208857e-05	3.7549615917e-05
5.9800000000e+02	2.2995865032e-02	-2.3008307662e-02	7.6930054671e-05	3.7551114082e-05
5.9900000000e+02	2.3033416892e-02	-2.3085269097e-02	7.6992797977e-05	3.7552604831e-05
6.0000000000e+02	2.3070970239e-02	-2.3162293224e-02	7.7055439104e-05	3.7554088213e-05
6.0100000000e+02	2.3108525066e-02	-2.3239379941e-02	7.7117978381e-05	3.7555564277e-05
6.0200000000e+02	2.3146081365e-02	-2.3316529147e-02	7.7180416132e-05	3.7557033070e-05
6.0300000000e+02	2.3183639129e-02	-2.3393740740e-02	7.7242752685e-05	3.7558494641e-05
6.0400000000e+02	2.3221198352e-02	-2.3471014619e-02	7.7304988361e-05	3.7559949035e-05
6.0500000000e+02	2.3258759025e-02	-2.3548350683e-02	7.7367123484e-05	3.7561396301e-05
6.0600000000e+02	2.3296321142e-02	-2.3625748832e-02	7.7429158373e-05	3.7562836483e-05
6.0700000000e+02	2.3333884696e-02	-2.3703208966e-02	7.7491093348e-05	3.7564269629e-05
6.0800000000e+02	2.3371449679e-02	-2.3780730986e-02	7.7552928725e-05	3.7565695785e-05
6.0900000000e+02	2.3409016085e-02	-2.3858314791e-02	7.7614664820e-05	3.7567114994e-05
6.1000000000e+02	2.3446583907e-02	-2.3935960282e-02	7.7676301949e-05	3.7568527302e-05
6.1100000000e+02	2.3484153137e-02	-2.4013667362e-02	7.7737840424e-05	3.7569932755e-05
6.1200000000e+02	2.3521723770e-02	-2.4091435930e-02	7.7799280556e-05	3.7571331395e-05
6.1300000000e+02	2.3559295798e-02	-2.4169265890e-02	7.7860622656e-05	3.7572723267e-05
6.1400000000e+02	2.3596869214e-02	-2.4247157143e-02	7.7921867031e-05	3.7574108414e-05
6.1500000000e+02	2.3634444012e-02	-2.4325109592e-02	7.7983013990e-05	3.7575486879e-05
6.1600000000e+02	2.3672020186e-02	-2.4403123139e-02	7.8044063838e-05	3.7576858706e-05
6.1700000000e+02	2.3709597728e-02	-2.4481197687e-02	7.8105016880e-05	3.7578223936e-05
6.1800000000e+02	2.3747176631e-02	-2.4559333140e-02	7.8165873417e-05	3.7579582612e-05
6.1900000000e+02	2.3784756891e-02	-2.4637529402e-02	7.8226633752e-05	3.7580934775e-05
6.2000000000e+02	2.3822338499e-02	-2.4715786376e-02	7.8287298185e-05	3.7582280468e-05
6.2100000000e+02	2.3859921449e-02	-2.4794103966e-02	7.8347867014e-05	3.7583619730e-05
6.2200000000e+02	2.3897505736e-02	-2.4872482078e-02	7.8408340537e-05	3.7584952604e-05
6.2300000000e+02	2.3935091353e-02	-2.4950920616e-02	7.8468719050e-05	3.7586279128e-05
6.2400000000e+02	2.3972678292e-02	-2.5029419485e-02	7.8529002848e-05	3.7587599344e-05
6.2500000000e+02	2.4010266549e-02	-2.5107978590e-02	7.8589192223e-05	3.7588913292e-05
6.2600000000e+02	2.4047856117e-02	-2.5186597838e-02	7.8649287467e-05	3.7590221010e-05
6.2700000000e+02	2.4085446989e-02	-2.5265277134e-02	7.8709288872e-05	3.7591522539e-05
6.2800000000e+02	2.4123039160e-02	-2.5344016384e-02	7.8769196726e-05	3.7592817916e-05
6.2900000000e+02	2.4160632623e-02	-2.5422815496e-02	7.8829011318e-05	3.7594107181e-05
6.3000000000e+02	2.4198227372e-02	-2.5501674376e-02	7.8888732933e-05	3.7595390372e-05
6.3100000000e+02	2.4235823402e-02	-2.5580592931e-02	7.8948361858e-05	3.7596667526e-05
6.3200000000e+02	2.4273420705e-02	-2.5659571069e-02	7.9007898377e-05	3.7597938683e-05
6.3300000000e+02	2.4311019277e-02	-2.5738608697e-02	7.9067342771e-05	3.7599203878e-05
6.3400000000e+02	2.4348619111e-02	-2.5817705724e-02	7.9126695323e-05	3.7600463149e-05
6.3500000000e+02	2.4386220201e-02	-2.5896862057e-02	7.9185956313e-05	3.7601716534e-05
6.3600000000e+02	2.4423822542e-02	-2.5976077606e-02	7.9245126019e-05	3.7602964067e-05
6.3700000000e+02	2.4461426128e-02	-2.6055352279e-02	7.9304204720e-05	3.7604205787e-05
6.3800000000e+02	2.4499030952e-02	-2.6134685985e-02	7.9363192691e-05	3.7605441728e-05
6.3900000000e+02	2.4536637009e-02	-2.6214078634e-02	7.9422090208e-05	3.7606671927e-05
6.4000000000e+02	2.4574244294e-02	-2.6293530135e-02	7.9480897546e-05	3.7607896419e-05
6.4100000000e+02	2.4611852800e-02	-2.6373040399e-02	7.9539614975e-05	3.7609115238e-05
6.4200000000e+02	2.4649462522e-02	-2.6452609335e-02	7.9598242769e-05	3.7610328421e-05
6.4300000000e+02	2.4687073455e-02	-2.6532236855e-02	7.9656781197e-05	3.7611536001e-05
6.4400000000e+02	2.4724685592e-02	-2.6611922868e-02	7.9715230529e-05	3.7612738013e-05
6.4500000000e+02	2.4762298929e-02	-2.6691667286e-02	7.9773591032e-05	3.7613934491e-05
6.4600000000e+02	2.4799913460e-02	-2.6771470021e-02	7.9831862973e-05	3.7615125469e-05
6.4700000000e+02	2.4837529178e-02	-2.6851330983e-02	7.9890046617e-05	3.7616310981e-05
6.4800000000e+02	2.4875146080e-02	-2.6931250085e-02	7.9948142229e-05	3.7617491059e-05
6.4900000000e+02	2.4912764159e-02	-2.7011227238e-02	8.0006150072e-05	3.7618665737e-05
6.5000000000e+02	2.4950383409e-02	-2.7091262356e-02	8.0064070408e-05	3.7619835048e-05
6.5100000000e+02	2.4988003827e-02	-2.7171355350e-02	8.0121903497e-05	3.7620999024e-05
6.5200000000e+02	2.5025625406e-02	-2.7251506134e-02	8.0179649600e-05	3.7622157697e-05
6.5300000000e+02	2.5063248141e-02	-2.7331714620e-02	8.0237308975e-05	3.7623311100e-05
6.5400000000e+02	2.5100872026e-02	-2.7411980723e-02	8.0294881879e-05	3.7624459265e-05
6.5500000000e+02	2.5138497057e-02	-2.7492304355e-02	8.0352368569e-05	3.7625602223e-05
6.5600000000e+02	2.5176123229e-02	-2.7572685431e-02	8.0409769299e-05	3.7626740005e-05
6.5700000000e+02	2.5213750536e-02	-2.7653123865e-02	8.0467084324e-05	3.7627872643e-05
6.5800000000e+02	2.5251378972e-02	-2.7733619571e-02	8.0524313896e-05	3.7629000167e-05
6.5900000000e+02	2.5289008534e-02	-2.7814172465e-02	8.0581458268e-05	3.7630122608e-05
6.6000000000e+02	2.5326639216e-02	-2.7894782460e-02	8.0638517690e-05	3.7631239997e-05
6.6100000000e+02	2.5364271013e-02	-2.7975449472e-02	8.0695492412e-05	3.7632352364e-05
6.6200000000e+02	2.5401903919e-02	-2.8056173416e-02	8.0752382682e-05	3.7633459739e-05
6.6300000000e+02	2.5439537930e-02	-2.8136954209e-02	8.0809188747e-05	3.7634562151e-05
6.6400000000e+02	2.5477173042e-02	-2.8217791766e-02	8.0865910855e-05	3.7635659630e-05
6.6500000000e+02	2.5514809248e-02	-2.8298686003e-02	8.0922549249e-05	3.7636752205e-05
6.6600000000e+02	2.5552446545e-02	-2.8379636836e-02	8.0979104176e-05	3.7637839906e-05
6.6700000000e+02	2.5590084926e-02	-2.8460644183e-02	8.1035575877e-05	3.7638922762e-05
6.6800000000e+02	2.5627724388e-02	-2.8541707961e-02	8.1091964594e-05	3.7640000800e-05
6.6900000000e+02	2.5665364926e-02	-2.8622828085e-02	8.1148270570e-05	3.7641074050e-05
6.7000000000e+02	2.5703006535e-02	-2.8704004474e-02	8.1204494043e-05	3.7642142540e-05
6.7100000000e+02	2.5740649210e-02	-2.8785237046e-02	8.1260635254e-05	3.7643206297e-05
6.7200000000e+02	2.5778292946e-02	-2.8866525717e-02	8.1316694439e-05	3.7644265351e-05
6.7300000000e+02	2.5815937739e-02	-2.8947870407e-02	8.1372671837e-05	3.7645319727e-05
6.7400000000e+02	2.5853583584e-02	-2.9029271034e-02	8.1428567682e-05	3.7646369454e-05
6.7500000000e+02	2.5891230476e-02	-2.9110727516e-02	8.1484382210e-05	3.7647414560e-05
6.7600000000e+02	2.5928878411e-02	-2.9192239771e-02	8.1540115655e-05	3.7648455070e-05
6.7700000000e+02	2.5966527385e-02	-2.9273807720e-02	8.1595768249e-05	3.7649491012e-05
6.7800000000e+02	2.6004177392e-02	-2.9355431281e-02	8.1651340225e-05	3.7650522413e-05
6.7900000000e+02	2.6041828428e-02	-2.9437110374e-02	8.1706831814e-05	3.7651549298e-05
6.8000000000e+02	2.6079480489e-02	-2.9518844918e-02	8.1762243245e-05	3.7652571695e-05
6.8100000000e+02	2.6117133570e-02	-2.9600634833e-02	8.1817574748e-05	3.7653589629e-05
6.8200000000e+02	2.6154787667e-02	-2.9682480041e-02	8.1872826551e-05	3.7654603126e-05
6.8300000000e+02	2.6192442775e-02	-2.9764380460e-02	8.1927998880e-05	3.7655612212e-05
6.8400000000e+02	2.6230098890e-02	-2.9846336012e-02	8.1983091962e-05	3.7656616913e-05
6.8500000000e+02	2.6267756007e-02	-2.9928346618e-02	8.2038106022e-05	3.7657617253e-05
6.8600000000e+02	2.6305414123e-02	-3.0010412198e-02	8.2093041284e-05	3.7658613258e-05
6.8700000000e+02	2.6343073232e-02	-3.0092532674e-02	8.2147897971e-05	3.7659604953e-05
6.8800000000e+02	2.6380733331e-02	-3.0174707968e-02	8.2202676307e-05	3.7660592362e-05
6.8900000000e+02	2.6418394416e-02	-3.0256938001e-02	8.2257376511e-05	3.7661575510e-05
6.9000000000e+02	2.6456056481e-02	-3.0339222695e-02	8.2311998805e-05	3.7662554422e-05
6.9100000000e+02	2.6493719523e-02	-3.0421561972e-02	8.2366543409e-05	3.7663529122e-05
6.9200000000e+02	2.6531383538e-02	-3.0503955756e-02	8.2421010540e-05	3.7664499634e-05
6.9300000000e+02	2.6569048521e-02	-3.0586403968e-02	8.2475400416e-05	3.7665465982e-05
6.9400000000e+02	2.6606714468e-02	-3.0668906531e-02	8.2529713255e-05	3.7666428189e-05
6.9500000000e+02	2.6644381376e-02	-3.0751463369e-02	8.2583949273e-05	3.7667386279e-05
6.9600000000e+02	2.6682049240e-02	-3.0834074404e-02	8.2638108683e-05	3.7668340276e-05
6.9700000000e+02	2.6719718055e-02	-3.0916739560e-02	8.2692191701e-05	3.7669290203e-05
6.9800000000e+02	2.6757387819e-02	-3.0999458762e-02	8.2746198539e-05	3.7670236082e-05
6.9900000000e+02	2.6795058526e-02	-3.1082231932e-02	8.2800129411e-05	3.7671177938e-05
7.0000000000e+02	2.6832730173e-02	-3.1165058995e-02	8.2853984527e-05	3.7672115792e-05
7.0100000000e+02	2.6870402756e-02	-3.1247939876e-02	8.2907764097e-05	3.7673049667e-05
7.0200000000e+02	2.6908076271e-02	-3.1330874499e-02	8.2961468333e-05	3.7673979585e-05
7.0300000000e+02	2.6945750714e-02	-3.1413862788e-02	8.3015097442e-05	3.7674905570e-05
7.0400000000e+02	2.6983426081e-02	-3.1496904668e-02	8.3068651633e-05	3.7675827642e-05
7.0500000000e+02	2.7021102368e-02	-3.1580000066e-02	8.3122131112e-05	3.7676745824e-05
7.0600000000e+02	2.7058779571e-02	-3.1663148906e-02	8.3175536087e-05	3.7677660138e-05
7.0700000000e+02	2.7096457687e-02	-3.1746351113e-02	8.3228866762e-05	3.7678570606e-05
7.0800000000e+02	2.7134136711e-02	-3.1829606615e-02	8.3282123342e-05	3.7679477248e-05
7.0900000000e+02	2.7171816640e-02	-3.1912915335e-02	8.3335306031e-05	3.7680380086e-05
7.1000000000e+02	2.7209497470e-02	-3.1996277202e-02	8.3388415032e-05	3.7681279142e-05
7.1100000000e+02	2.7247179197e-02	-3.2079692141e-02	8.3441450546e-05	3.7682174436e-05
7.1200000000e+02	2.7284861818e-02	-3.2163160079e-02	8.3494412776e-05	3.7683065990e-05
7.1300000000e+02	2.7322545328e-02	-3.2246680942e-02	8.3547301922e-05	3.7683953824e-05
7.1400000000e+02	2.7360229724e-02	-3.2330254658e-02	8.3600118183e-05	3.7684837959e-05
7.1500000000e+02	2.7397915003e-02	-3.2413881154e-02	8.3652861758e-05	3.7685718415e-05
7.1600000000e+02	2.7435601160e-02	-3.2497560358e-02	8.3705532846e-05	3.7686595212e-05
7.1700000000e+02	2.7473288192e-02	-3.2581292196e-02	8.3758131643e-05	3.7687468372e-05
7.1800000000e+02	2.7510976095e-02	-3.2665076597e-02	8.3810658346e-05	3.7688337913e-05
7.1900000000e+02	2.7548664867e-02	-3.2748913489e-02	8.3863113151e-05	3.7689203856e-05
7.2000000000e+02	2.7586354502e-02	-3.2832802799e-02	8.3915496252e-05	3.7690066221e-05
7.2100000000e+02	2.7624044998e-02	-3.2916744457e-02	8.3967807844e-05	3.7690925027e-05
7.2200000000e+02	2.7661736351e-02	-3.3000738391e-02	8.4020048119e-05	3.7691780293e-05
7.2300000000e+02	2.7699428557e-02	-3.3084784530e-02	8.4072217271e-05	3.7692632040e-05
7.2400000000e+02	2.7737121614e-02	-3.3168882802e-02	8.4124315492e-05	3.7693480286e-05
7.2500000000e+02	2.7774815517e-02	-3.3253033137e-02	8.4176342971e-05	3.7694325051e-05
7.2600000000e+02	2.7812510263e-02	-3.3337235465e-02	8.4228299900e-05	3.7695166354e-05
7.2700000000e+02	2.7850205848e-02	-3.3421489714e-02	8.4280186468e-05	3.7696004212e-05
7.2800000000e+02	2.7887902270e-02	-3.3505795814e-02	8.4332002863e-05	3.7696838646e-05
7.2900000000e+02	2.7925599524e-02	-3.3590153696e-02	8.4383749274e-05	3.7697669673e-05
7.3000000000e+02	2.7963297608e-02	-3.3674563289e-02	8.4435425887e-05	3.7698497313e-05
7.3100000000e+02	2.8000996518e-02	-3.3759024525e-02	8.4487032890e-05	3.7699321583e-05
7.3200000000e+02	2.8038696250e-02	-3.3843537332e-02	8.4538570468e-05	3.7700142502e-05
7.3300000000e+02	2.8076396802e-02	-3.3928101642e-02	8.4590038805e-05	3.7700960088e-05
7.3400000000e+02	2.8114098169e-02	-3.4012717387e-02	8.4641438087e-05	3.7701774359e-05
7.3500000000e+02	2.8151800349e-02	-3.4097384496e-02	8.4692768497e-05	3.7702585332e-05
7.3600000000e+02	2.8189503339e-02	-3.4182102901e-02	8.4744030217e-05	3.7703393026e-05
7.3700000000e+02	2.8227207134e-02	-3.4266872533e-02	8.4795223430e-05	3.7704197458e-05
7.3800000000e+02	2.8264911733e-02	-3.4351693325e-02	8.4846348316e-05	3.7704998646e-05
7.3900000000e+02	2.8302617131e-02	-3.4436565207e-02	8.4897405058e-05	3.7705796607e-05
7.4000000000e+02	2.8340323325e-02	-3.4521488112e-02	8.4948393834e-05	3.7706591358e-05
7.4100000000e+02	2.8378030312e-02	-3.4606461972e-02	8.4999314824e-05	3.7707382916e-05
7.4200000000e+02	2.8415738090e-02	-3.4691486719e-02	8.5050168206e-05	3.7708171299e-05
7.4300000000e+02	2.8453446654e-02	-3.4776562286e-02	8.5100954159e-05	3.7708956524e-05
7.4400000000e+02	2.8491156002e-02	-3.4861688605e-02	8.5151672859e-05	3.7709738606e-05
7.4500000000e+02	2.8528866130e-02	-3.4946865610e-02	8.5202324483e-05	3.7710517564e-05
7.4600000000e+02	2.8566577036e-02	-3.5032093232e-02	8.5252909206e-05	3.7711293413e-05
7.4700000000e+02	2.8604288716e-02	-3.5117371406e-02	8.5303427204e-05	3.7712066170e-05
7.4800000000e+02	2.8642001167e-02	-3.5202700064e-02	8.5353878651e-05	3.7712835852e-05
7.4900000000e+02	2.8679714386e-02	-3.5288079141e-02	8.5404263721e-05	3.7713602474e-05
7.5000000000e+02	2.8717428371e-02	-3.5373508570e-02	8.5454582587e-05	3.7714366053e-05
7.5100000000e+02	2.8755143118e-02	-3.5458988284e-02	8.5504835422e-05	3.7715126605e-05
7.5200000000e+02	2.8792858623e-02	-3.5544518218e-02	8.5555022396e-05	3.7715884146e-05
7.5300000000e+02	2.8830574885e-02	-3.5630098307e-02	8.5605143681e-05	3.7716638692e-05
7.5400000000e+02	2.8868291900e-02	-3.5715728484e-02	8.5655199448e-05	3.7717390258e-05
7.5500000000e+02	2.8906009664e-02	-3.5801408684e-02	8.5705189866e-05	3.7718138860e-05
7.5600000000e+02	2.8943728176e-02	-3.5887138842e-02	8.5755115104e-05	3.7718884514e-05
7.5700000000e+02	2.8981447432e-02	-3.5972918893e-02	8.5804975330e-05	3.7719627235e-05
7.5800000000e+02	2.9019167430e-02	-3.6058748771e-02	8.5854770714e-05	3.7720367038e-05
7.5900000000e+02	2.9056888166e-02	-3.6144628412e-02	8.5904501420e-05	3.7721103939e-05
7.6000000000e+02	2.9094609637e-02	-3.6230557752e-02	8.5954167617e-05	3.7721837952e-05
7.6100000000e+02	2.9132331840e-02	-3.6316536726e-02	8.6003769470e-05	3.7722569094e-05
7.6200000000e+02	2.9170054774e-02	-3.6402565270e-02	8.6053307144e-05	3.7723297378e-05
7.6300000000e+02	2.9207778434e-02	-3.6488643319e-02	8.6102780804e-05	3.7724022820e-05
7.6400000000e+02	2.9245502819e-02	-3.6574770810e-02	8.6152190614e-05	3.7724745434e-05
7.6500000000e+02	2.9283227924e-02	-3.6660947679e-02	8.6201536737e-05	3.7725465235e-05
7.6600000000e+02	2.9320953748e-02	-3.6747173863e-02	8.6250819335e-05	3.7726182238e-05
7.6700000000e+02	2.9358680288e-02	-3.6833449297e-02	8.6300038572e-05	3.7726896457e-05
7.6800000000e+02	2.9396407540e-02	-3.6919773919e-02	8.6349194608e-05	3.7727607906e-05
7.6900000000e+02	2.9434135503e-02	-3.7006147665e-02	8.6398287604e-05	3.7728316600e-05
7.7000000000e+02	2.9471864172e-02	-3.7092570473e-02	8.6447317721e-05	3.7729022552e-05
7.7100000000e+02	2.9509593547e-02	-3.7179042280e-02	8.6496285119e-05	3.7729725778e-05
7.7200000000e+02	2.9547323623e-02	-3.7265563022e-02	8.6545189955e-05	3.7730426290e-05
7.7300000000e+02	2.9585054399e-02	-3.7352132639e-02	8.6594032390e-05	3.7731124103e-05
7.7400000000e+02	2.9622785870e-02	-3.7438751066e-02	8.6642812580e-05	3.7731819231e-05
7.7500000000e+02	2.9660518036e-02	-3.7525418243e-02	8.6691530683e-05	3.7732511688e-05
7.7600000000e+02	2.9698250893e-02	-3.7612134107e-02	8.6740186856e-05	3.7733201486e-05
7.7700000000e+02	2.9735984438e-02	-3.7698898596e-02	8.6788781254e-05	3.7733888641e-05
7.7800000000e+02	2.9773718669e-02	-3.7785711649e-02	8.6837314034e-05	3.7734573164e-05
7.7900000000e+02	2.9811453584e-02	-3.7872573204e-02	8.6885785350e-05	3.7735255070e-05
7.8000000000e+02	2.9849189179e-02	-3.7959483199e-02	8.6934195356e-05	3.7735934371e-05
7.8100000000e+02	2.9886925452e-02	-3.8046441574e-02	8.6982544207e-05	3.7736611082e-05
7.8200000000e+02	2.9924662400e-02	-3.8133448267e-02	8.7030832055e-05	3.7737285215e-05
7.8300000000e+02	2.9962400021e-02	-3.8220503218e-02	8.7079059054e-05	3.7737956783e-05
7.8400000000e+02	3.0000138313e-02	-3.8307606365e-02	8.7127225354e-05	3.7738625799e-05
7.8500000000e+02	3.0037877272e-02	-3.8394757648e-02	8.7175331109e-05	3.7739292276e-05
7.8600000000e+02	3.0075616896e-02	-3.8481957007e-02	8.7223376468e-05	3.7739956228e-05
7.8700000000e+02	3.0113357183e-02	-3.8569204381e-02	8.7271361582e-05	3.7740617665e-05
7.8800000000e+02	3.0151098131e-02	-3.8656499710e-02	8.7319286601e-05	3.7741276603e-05
7.8900000000e+02	3.0188839736e-02	-3.8743842935e-02	8.7367151674e-05	3.7741933052e-05
7.9000000000e+02	3.0226581996e-02	-3.8831233994e-02	8.7414956949e-05	3.7742587025e-05
7.9100000000e+02	3.0264324909e-02	-3.8918672829e-02	8.7462702576e-05	3.7743238535e-05
7.9200000000e+02	3.0302068472e-02	-3.9006159379e-02	8.7510388701e-05	3.7743887594e-05
7.9300000000e+02	3.0339812683e-02	-3.9093693586e-02	8.7558015472e-05	3.7744534215e-05
7.9400000000e+02	3.0377557540e-02	-3.9181275390e-02	8.7605583036e-05	3.7745178409e-05
7.9500000000e+02	3.0415303039e-02	-3.9268904733e-02	8.7653091537e-05	3.7745820188e-05
7.9600000000e+02	3.0453049180e-02	-3.9356581554e-02	8.7700541122e-05	3.7746459566e-05
7.9700000000e+02	3.0490795958e-02	-3.9444305795e-02	8.7747931936e-05	3.7747096553e-05
7.9800000000e+02	3.0528543372e-02	-3.9532077398e-02	8.7795264123e-05	3.7747731161e-05
7.9900000000e+02	3.0566291419e-02	-3.9619896304e-02	8.7842537826e-05	3.7748363403e-05
8.0000000000e+02	3.0604040098e-02	-3.9707762454e-02	8.7889753190e-05	3.7748993290e-05
8.0100000000e+02	3.0641789405e-02	-3.9795675791e-02	8.7936910357e-05	3.7749620834e-05
8.0200000000e+02	3.0679539339e-02	-3.9883636256e-02	8.7984009469e-05	3.7750246046e-05
8.0300000000e+02	3.0717289896e-02	-3.9971643791e-02	8.8031050669e-05	3.7750868937e-05
8.0400000000e+02	3.0755041076e-02	-4.0059698338e-02	8.8078034097e-05	3.7751489520e-05
8.0500000000e+02	3.0792792875e-02	-4.0147799840e-02	8.8124959894e-05	3.7752107806e-05
8.0600000000e+02	3.0830545291e-02	-4.0235948238e-02	8.8171828200e-05	3.7752723806e-05
8.0700000000e+02	3.0868298322e-02	-4.0324143477e-02	8.8218639155e-05	3.7753337531e-05
8.0800000000e+02	3.0906051965e-02	-4.0412385498e-02	8.8265392899e-05	3.7753948992e-05
8.0900000000e+02	3.0943806219e-02	-4.0500674244e-02	8.8312089570e-05	3.7754558200e-05
8.1000000000e+02	3.0981561081e-02	-4.0589009658e-02	8.8358729307e-05	3.7755165168e-05
8.1100000000e+02	3.1019316548e-02	-4.0677391683e-02	8.8405312246e-05	3.7755769904e-05
8.1200000000e+02	3.1057072620e-02	-4.0765820263e-02	8.8451838526e-05	3.7756372421e-05
8.1300000000e+02	3.1094829293e-02	-4.0854295342e-02	8.8498308283e-05	3.7756972730e-05
8.1400000000e+02	3.1132586564e-02	-4.0942816861e-02	8.8544721653e-05	3.7757570840e-05
8.1500000000e+02	3.1170344433e-02	-4.1031384766e-02	8.8591078772e-05	3.7758166763e-05
8.1600000000e+02	3.1208102897e-02	-4.1119999000e-02	8.8637379776e-05	3.7758760509e-05
8.1700000000e+02	3.1245861954e-02	-4.1208659507e-02	8.8683624799e-05	3.7759352089e-05
8.1800000000e+02	3.1283621601e-02	-4.1297366231e-02	8.8729813975e-05	3.7759941513e-05
8.1900000000e+02	3.1321381836e-02	-4.1386119116e-02	8.8775947439e-05	3.7760528793e-05
8.2000000000e+02	3.1359142658e-02	-4.1474918107e-02	8.8822025323e-05	3.7761113937e-05
8.2100000000e+02	3.1396904063e-02	-4.1563763149e-02	8.8868047761e-05	3.7761696957e-05
8.2200000000e+02	3.1434666051e-02	-4.1652654184e-02	8.8914014885e-05	3.7762277863e-05
8.2300000000e+02	3.1472428618e-02	-4.1741591160e-02	8.8959926826e-05	3.7762856665e-05
8.2400000000e+02	3.1510191763e-02	-4.1830574020e-02	8.9005783717e-05	3.7763433373e-05
8.2500000000e+02	3.1547955484e-02	-4.1919602709e-02	8.9051585689e-05	3.7764007997e-05
8.2600000000e+02	3.1585719779e-02	-4.2008677173e-02	8.9097332871e-05	3.7764580547e-05
8.2700000000e+02	3.1623484645e-02	-4.2097797357e-02	8.9143025395e-05	3.7765151034e-05
8.2800000000e+02	3.1661250080e-02	-4.2186963205e-02	8.9188663388e-05	3.7765719466e-05
8.2900000000e+02	3.1699016083e-02	-4.2276174665e-02	8.9234246982e-05	3.7766285855e-05
8.3000000000e+02	3.1736782651e-02	-4.2365431681e-02	8.9279776304e-05	3.7766850209e-05
8.3100000000e+02	3.1774549783e-02	-4.2454734200e-02	8.9325251483e-05	3.7767412539e-05
8.3200000000e+02	3.1812317476e-02	-4.2544082166e-02	8.9370672646e-05	3.7767972853e-05
8.3300000000e+02	3.1850085728e-02	-4.2633475527e-02	8.9416039922e-05	3.7768531162e-05
8.3400000000e+02	3.1887854537e-02	-4.2722914228e-02	8.9461353436e-05	3.7769087476e-05
8.3500000000e+02	3.1925623902e-02	-4.2812398216e-02	8.9506613315e-05	3.7769641803e-05
8.3600000000e+02	3.1963393820e-02	-4.2901927437e-02	8.9551819686e-05	3.7770194153e-05
8.3700000000e+02	3.2001164290e-02	-4.2991501838e-02	8.9596972673e-05	3.7770744536e-05
8.3800000000e+02	3.2038935309e-02	-4.3081121365e-02	8.9642072402e-05	3.7771292960e-05
8.3900000000e+02	3.2076706875e-02	-4.3170785965e-02	8.9687118998e-05	3.7771839435e-05
8.4000000000e+02	3.2114478987e-02	-4.3260495585e-02	8.9732112585e-05	3.7772383971e-05
8.4100000000e+02	3.2152251642e-02	-4.3350250172e-02	8.9777053287e-05	3.7772926576e-05
8.4200000000e+02	3.2190024839e-02	-4.3440049674e-02	8.9821941227e-05	3.7773467260e-05
8.4300000000e+02	3.2227798576e-02	-4.3529894037e-02	8.9866776528e-05	3.7774006031e-05
8.4400000000e+02	3.2265572851e-02	-4.3619783209e-02	8.9911559313e-05	3.7774542899e-05
8.4500000000e+02	3.2303347661e-02	-4.3709717138e-02	8.9956289704e-05	3.7775077873e-05
8.4600000000e+02	3.2341123006e-02	-4.3799695771e-02	9.0000967822e-05	3.7775610961e-05
8.4700000000e+02	3.2378898883e-02	-4.3889719057e-02	9.0045593789e-05	3.7776142172e-05
8.4800000000e+02	3.2416675290e-02	-4.3979786942e-02	9.0090167726e-05	3.7776671515e-05
8.4900000000e+02	3.2454452225e-02	-4.4069899375e-02	9.0134689752e-05	3.7777198999e-05
8.5000000000e+02	3.2492229687e-02	-4.4160056304e-02	9.0179159989e-05	3.7777724632e-05
8.5100000000e+02	3.2530007674e-02	-4.4250257678e-02	9.0223578556e-05	3.7778248424e-05
8.5200000000e+02	3.2567786183e-02	-4.4340503444e-02	9.0267945572e-05	3.7778770382e-05
8.5300000000e+02	3.2605565214e-02	-4.4430793552e-02	9.0312261155e-05	3.7779290515e-05
8.5400000000e+02	3.2643344764e-02	-4.4521127949e-02	9.0356525425e-05	3.7779808832e-05
8.5500000000e+02	3.2681124831e-02	-4.4611506585e-02	9.0400738498e-05	3.7780325341e-05
8.5600000000e+02	3.2718905414e-02	-4.4701929409e-02	9.0444900494e-05	3.7780840051e-05
8.5700000000e+02	3.2756686510e-02	-4.4792396369e-02	9.0489011528e-05	3.7781352970e-05
8.5800000000e+02	3.2794468119e-02	-4.4882907415e-02	9.0533071718e-05	3.7781864106e-05
8.5900000000e+02	3.2832250238e-02	-4.4973462496e-02	9.0577081180e-05	3.7782373467e-05
8.6000000000e+02	3.2870032865e-02	-4.5064061561e-02	9.0621040030e-05	3.7782881061e-05
8.6100000000e+02	3.2907816000e-02	-4.5154704559e-02	9.0664948384e-05	3.7783386898e-05
8.6200000000e+02	3.2945599639e-02	-4.5245391441e-02	9.0708806356e-05	3.7783890984e-05
8.6300000000e+02	3.2983383781e-02	-4.5336122155e-02	9.0752614063e-05	3.7784393328e-05
8.6400000000e+02	3.3021168425e-02	-4.5426896652e-02	9.0796371617e-05	3.7784893938e-05
8.6500000000e+02	3.3058953568e-02	-4.5517714882e-02	9.0840079133e-05	3.7785392822e-05
8.6600000000e+02	3.3096739210e-02	-4.5608576794e-02	9.0883736725e-05	3.7785889988e-05
8.6700000000e+02	3.3134525348e-02	-4.5699482338e-02	9.0927344505e-05	3.7786385443e-05
8.6800000000e+02	3.3172311980e-02	-4.5790431466e-02	9.0970902588e-05	3.7786879196e-05
8.6900000000e+02	3.3210099105e-02	-4.5881424127e-02	9.1014411085e-05	3.7787371254e-05
8.7000000000e+02	3.3247886722e-02	-4.5972460272e-02	9.1057870108e-05	3.7787861625e-05
8.7100000000e+02	3.3285674828e-02	-4.6063539851e-02	9.1101279769e-05	3.7788350317e-05
8.7200000000e+02	3.3323463422e-02	-4.6154662815e-02	9.1144640180e-05	3.7788837337e-05
8.7300000000e+02	3.3361252502e-02	-4.6245829115e-02	9.1187951451e-05	3.7789322693e-05
8.7400000000e+02	3.3399042067e-02	-4.6337038701e-02	9.1231213694e-05	3.7789806392e-05
8.7500000000e+02	3.3436832115e-02	-4.6428291526e-02	9.1274427018e-05	3.7790288443e-05
8.7600000000e+02	3.3474622643e-02	-4.6519587539e-02	9.1317591533e-05	3.7790768852e-05
8.7700000000e+02	3.3512413652e-02	-4.6610926693e-02	9.1360707348e-05	3.7791247627e-05
8.7800000000e+02	3.3550205138e-02	-4.6702308938e-02	9.1403774574e-05	3.7791724775e-05
8.7900000000e+02	3.3587997101e-02	-4.6793734226e-02	9.1446793318e-05	3.7792200304e-05
8.8000000000e+02	3.3625789538e-02	-4.6885202508e-02	9.1489763689e-05	3.7792674221e-05
8.8100000000e+02	3.3663582449e-02	-4.6976713737e-02	9.1532685795e-05	3.7793146533e-05
8.8200000000e+02	3.3701375831e-02	-4.7068267864e-02	9.1575559744e-05	3.7793617248e-05
8.8300000000e+02	3.3739169683e-02	-4.7159864840e-02	9.1618385643e-05	3.7794086372e-05
8.8400000000e+02	3.3776964003e-02	-4.7251504619e-02	9.1661163599e-05	3.7794553913e-05
8.8500000000e+02	3.3814758790e-02	-4.7343187152e-02	9.1703893719e-05	3.7795019878e-05
8.8600000000e+02	3.3852554042e-02	-4.7434912391e-02	9.1746576109e-05	3.7795484274e-05
8.8700000000e+02	3.3890349758e-02	-4.7526680288e-02	9.1789210875e-05	3.7795947108e-05
8.8800000000e+02	3.3928145936e-02	-4.7618490796e-02	9.1831798122e-05	3.7796408387e-05
8.8900000000e+02	3.3965942574e-02	-4.7710343868e-02	9.1874337956e-05	3.7796868118e-05
8.9000000000e+02	3.4003739671e-02	-4.7802239457e-02	9.1916830481e-05	3.7797326308e-05
8.9100000000e+02	3.4041537226e-02	-4.7894177514e-02	9.1959275802e-05	3.7797782964e-05
8.9200000000e+02	3.4079335237e-02	-4.7986157993e-02	9.2001674024e-05	3.7798238092e-05
8.9300000000e+02	3.4117133702e-02	-4.8078180846e-02	9.2044025250e-05	3.7798691700e-05
8.9400000000e+02	3.4154932620e-02	-4.8170246027e-02	9.2086329583e-05	3.7799143793e-05
8.9500000000e+02	3.4192731989e-02	-4.8262353490e-02	9.2128587127e-05	3.7799594380e-05
8.9600000000e+02	3.4230531808e-02	-4.8354503186e-02	9.2170797985e-05	3.7800043466e-05
8.9700000000e+02	3.4268332075e-02	-4.8446695070e-02	9.2212962258e-05	3.7800491058e-05
8.9800000000e+02	3.4306132790e-02	-4.8538929095e-02	9.2255080050e-05	3.7800937163e-05
8.9900000000e+02	3.4343933949e-02	-4.8631205215e-02	9.2297151462e-05	3.7801381788e-05
9.0000000000e+02	3.4381735553e-02	-4.8723523383e-02	9.2339176595e-05	3.7801824938e-05
9.0100000000e+02	3.4419537599e-02	-4.8815883553e-02	9.2381155551e-05	3.7802266621e-05
9.0200000000e+02	3.4457340086e-02	-4.8908285678e-02	9.2423088430e-05	3.7802706842e-05
9.0300000000e+02	3.4495143012e-02	-4.9000729714e-02	9.2464975333e-05	3.7803145609e-05
9.0400000000e+02	3.4532946376e-02	-4.9093215614e-02	9.2506816361e-05	3.7803582927e-05
9.0500000000e+02	3.4570750177e-02	-4.9185743332e-02	9.2548611612e-05	3.7804018804e-05
9.0600000000e+02	3.4608554413e-02	-4.9278312822e-02	9.2590361187e-05	3.7804453245e-05
9.0700000000e+02	3.4646359083e-02	-4.9370924039e-02	9.2632065184e-05	3.7804886257e-05
9.0800000000e+02	3.4684164185e-02	-4.9463576937e-02	9.2673723703e-05	3.7805317845e-05
9.0900000000e+02	3.4721969718e-02	-4.9556271471e-02	9.2715336842e-05	3.7805748017e-05
9.1000000000e+02	3.4759775681e-02	-4.9649007596e-02	9.2756904699e-05	3.7806176778e-05
9.1100000000e+02	3.4797582072e-02	-4.9741785265e-02	9.2798427373e-05	3.7806604134e-05
9.1200000000e+02	3.4835388889e-02	-4.9834604435e-02	9.2839904961e-05	3.7807030092e-05
9.1300000000e+02	3.4873196131e-02	-4.9927465060e-02	9.2881337559e-05	3.7807454658e-05
9.1400000000e+02	3.4911003798e-02	-5.0020367095e-02	9.2922725266e-05	3.7807877838e-05
9.1500000000e+02	3.4948811886e-02	-5.0113310496e-02	9.2964068177e-05	3.7808299637e-05
9.1600000000e+02	3.4986620396e-02	-5.0206295217e-02	9.3005366390e-05	3.7808720062e-05
9.1700000000e+02	3.5024429326e-02	-5.0299321214e-02	9.3046620000e-05	3.7809139119e-05
9.1800000000e+02	3.5062238674e-02	-5.0392388442e-02	9.3087829103e-05	3.7809556813e-05
9.1900000000e+02	3.5100048439e-02	-5.0485496857e-02	9.3128993794e-05	3.7809973151e-05
9.2000000000e+02	3.5137858620e-02	-5.0578646415e-02	9.3170114168e-05	3.7810388139e-05
9.2100000000e+02	3.5175669215e-02	-5.0671837071e-02	9.3211190321e-05	3.7810801781e-05
9.2200000000e+02	3.5213480223e-02	-5.0765068781e-02	9.3252222347e-05	3.7811214085e-05
9.2300000000e+02	3.5251291643e-02	-5.0858341501e-02	9.3293210340e-05	3.7811625055e-05
9.2400000000e+02	3.5289103473e-02	-5.0951655187e-02	9.3334154394e-05	3.7812034698e-05
9.2500000000e+02	3.5326915712e-02	-5.1045009795e-02	9.3375054602e-05	3.7812443019e-05
9.2600000000e+02	3.5364728358e-02	-5.1138405281e-02	9.3415911058e-05	3.7812850024e-05
9.2700000000e+02	3.5402541411e-02	-5.1231841603e-02	9.3456723855e-05	3.7813255718e-05
9.2800000000e+02	3.5440354869e-02	-5.1325318715e-02	9.3497493086e-05	3.7813660108e-05
9.2900000000e+02	3.5478168731e-02	-5.1418836574e-02	9.3538218843e-05	3.7814063198e-05
9.3000000000e+02	3.5515982995e-02	-5.1512395138e-02	9.3578901219e-05	3.7814464995e-05
9.3100000000e+02	3.5553797661e-02	-5.1605994362e-02	9.3619540304e-05	3.7814865503e-05
9.3200000000e+02	3.5591612726e-02	-5.1699634204e-02	9.3660136191e-05	3.7815264729e-05
9.3300000000e+02	3.5629428190e-02	-5.1793314620e-02	9.3700688971e-05	3.7815662678e-05
9.3400000000e+02	3.5667244051e-02	-5.1887035568e-02	9.3741198735e-05	3.7816059354e-05
9.3500000000e+02	3.5705060308e-02	-5.1980797003e-02	9.3781665574e-05	3.7816454765e-05
9.3600000000e+02	3.5742876960e-02	-5.2074598885e-02	9.3822089578e-05	3.7816848914e-05
9.3700000000e+02	3.5780694006e-02	-5.2168441168e-02	9.3862470837e-05	3.7817241808e-05
9.3800000000e+02	3.5818511443e-02	-5.2262323812e-02	9.3902809441e-05	3.7817633451e-05
9.3900000000e+02	3.5856329272e-02	-5.2356246773e-02	9.3943105479e-05	3.7818023850e-05
9.4000000000e+02	3.5894147491e-02	-5.2450210009e-02	9.3983359042e-05	3.7818413008e-05
9.4100000000e+02	3.5931966098e-02	-5.2544213477e-02	9.4023570217e-05	3.7818800932e-05
9.4200000000e+02	3.5969785092e-02	-5.2638257135e-02	9.4063739095e-05	3.7819187627e-05
9.4300000000e+02	3.6007604472e-02	-5.2732340941e-02	9.4103865762e-05	3.7819573097e-05
9.4400000000e+02	3.6045424238e-02	-5.2826464853e-02	9.4143950308e-05	3.7819957349e-05
9.4500000000e+02	3.6083244387e-02	-5.2920628828e-02	9.4183992820e-05	3.7820340387e-05
9.4600000000e+02	3.6121064918e-02	-5.3014832824e-02	9.4223993385e-05	3.7820722216e-05
9.4700000000e+02	3.6158885831e-02	-5.3109076800e-02	9.4263952092e-05	3.7821102841e-05
9.4800000000e+02	3.6196707123e-02	-5.3203360715e-02	9.4303869027e-05	3.7821482268e-05
9.4900000000e+02	3.6234528795e-02	-5.3297684525e-02	9.4343744278e-05	3.7821860501e-05
9.5000000000e+02	3.6272350844e-02	-5.3392048189e-02	9.4383577930e-05	3.7822237545e-05
9.5100000000e+02	3.6310173270e-02	-5.3486451667e-02	9.4423370070e-05	3.7822613406e-05
9.5200000000e+02	3.6347996070e-02	-5.3580894916e-02	9.4463120784e-05	3.7822988088e-05
9.5300000000e+02	3.6385819245e-02	-5.3675377894e-02	9.4502830157e-05	3.7823361596e-05
9.5400000000e+02	3.6423642793e-02	-5.3769900562e-02	9.4542498276e-05	3.7823733936e-05
9.5500000000e+02	3.6461466713e-02	-5.3864462877e-02	9.4582125225e-05	3.7824105111e-05
9.5600000000e+02	3.6499291003e-02	-5.3959064799e-02	9.4621711090e-05	3.7824475127e-05
9.5700000000e+02	3.6537115663e-02	-5.4053706286e-02	9.4661255955e-05	3.7824843989e-05
9.5800000000e+02	3.6574940691e-02	-5.4148387297e-02	9.4700759904e-05	3.7825211701e-05
9.5900000000e+02	3.6612766086e-02	-5.4243107792e-02	9.4740223022e-05	3.7825578269e-05
9.6000000000e+02	3.6650591847e-02	-5.4337867730e-02	9.4779645392e-05	3.7825943696e-05
9.6100000000e+02	3.6688417973e-02	-5.4432667069e-02	9.4819027099e-05	3.7826307988e-05
9.6200000000e+02	3.6726244462e-02	-5.4527505770e-02	9.4858368225e-05	3.7826671149e-05
9.6300000000e+02	3.6764071315e-02	-5.4622383792e-02	9.4897668855e-05	3.7827033185e-05
9.6400000000e+02	3.6801898528e-02	-5.4717301095e-02	9.4936929069e-05	3.7827394099e-05
9.6500000000e+02	3.6839726103e-02	-5.4812257637e-02	9.4976148953e-05	3.7827753896e-05
9.6600000000e+02	3.6877554036e-02	-5.4907253379e-02	9.5015328587e-05	3.7828112581e-05
9.6700000000e+02	3.6915382327e-02	-5.5002288281e-02	9.5054468054e-05	3.7828470159e-05
9.6800000000e+02	3.6953210976e-02	-5.5097362302e-02	9.5093567435e-05	3.7828826634e-05
9.6900000000e+02	3.6991039980e-02	-5.5192475402e-02	9.5132626814e-05	3.7829182010e-05
9.7000000000e+02	3.7028869339e-02	-5.5287627542e-02	9.5171646270e-05	3.7829536292e-05
9.7100000000e+02	3.7066699052e-02	-5.5382818681e-02	9.5210625885e-05	3.7829889485e-05
9.7200000000e+02	3.7104529118e-02	-5.5478048781e-02	9.5249565739e-05	3.7830241593e-05
9.7300000000e+02	3.7142359535e-02	-5.5573317800e-02	9.5288465915e-05	3.7830592620e-05
9.7400000000e+02	3.7180190303e-02	-5.5668625699e-02	9.5327326491e-05	3.7830942571e-05
9.7500000000e+02	3.7218021420e-02	-5.5763972440e-02	9.5366147548e-05	3.7831291450e-05
9.7600000000e+02	3.7255852886e-02	-5.5859357981e-02	9.5404929167e-05	3.7831639262e-05
9.7700000000e+02	3.7293684698e-02	-5.5954782285e-02	9.5443671426e-05	3.7831986010e-05
9.7800000000e+02	3.7331516857e-02	-5.6050245311e-02	9.5482374405e-05	3.7832331700e-05
9.7900000000e+02	3.7369349361e-02	-5.6145747020e-02	9.5521038184e-05	3.7832676336e-05
9.8000000000e+02	3.7407182210e-02	-5.6241287374e-02	9.5559662841e-05	3.7833019921e-05
9.8100000000e+02	3.7445015401e-02	-5.6336866333e-02	9.5598248455e-05	3.7833362460e-05
9.8200000000e+02	3.7482848934e-02	-5.6432483858e-02	9.5636795104e-05	3.7833703958e-05
9.8300000000e+02	3.7520682808e-02	-5.6528139910e-02	9.5675302867e-05	3.7834044418e-05
9.8400000000e+02	3.7558517023e-02	-5.6623834451e-02	9.5713771823e-05	3.7834383845e-05
9.8500000000e+02	3.7596351576e-02	-5.6719567441e-02	9.5752202048e-05	3.7834722243e-05
9.8600000000e+02	3.7634186467e-02	-5.6815338842e-02	9.5790593620e-05	3.7835059616e-05
9.8700000000e+02	3.7672021695e-02	-5.6911148615e-02	9.5828946616e-05	3.7835395968e-05
9.8800000000e+02	3.7709857258e-02	-5.7006996723e-02	9.5867261114e-05	3.7835731304e-05
9.8900000000e+02	3.7747693157e-02	-5.7102883125e-02	9.5905537191e-05	3.7836065627e-05
9.9000000000e+02	3.7785529389e-02	-5.7198807784e-02	9.5943774923e-05	3.7836398941e-05
9.9100000000e+02	3.7823365954e-02	-5.7294770662e-02	9.5981974386e-05	3.7836731251e-05
9.9200000000e+02	3.7861202851e-02	-5.7390771720e-02	9.6020135657e-05	3.7837062560e-05
9.9300000000e+02	3.7899040079e-02	-5.7486810921e-02	9.6058258811e-05	3.7837392873e-05
9.9400000000e+02	3.7936877637e-02	-5.7582888225e-02	9.6096343926e-05	3.7837722193e-05
9.9500000000e+02	3.7974715523e-02	-5.7679003596e-02	9.6134391074e-05	3.7838050525e-05
9.9600000000e+02	3.8012553738e-02	-5.7775156995e-02	9.6172400334e-05	3.7838377872e-05
9.9700000000e+02	3.8050392279e-02	-5.7871348384e-02	9.6210371778e-05	3.7838704239e-05
9.9800000000e+02	3.8088231146e-02	-5.7967577726e-02	9.6248305482e-05	3.7839029629e-05
9.9900000000e+02	3.8126070338e-02	-5.8063844982e-02	9.6286201521e-05	3.7839354046e-05
